39 41 48
14 94 97
45 56 139
12 76 128
11 61 87
31 71 124
43 70 96
21 88 98
3 14 94
21 96 98
65 88 98
16 89 104
40 72 142
39 72 82
66 137 146
33 46 131
40 104 142
79 80 94
33 119 131
45 121 139
9 80 112
15 18 56
54 64 130
11 143 148
11 78 105
8 57 108
13 58 133
13 58 147
50 76 128
19 106 125
8 61 87
4 74 127
51 71 124
4 7 127
21 88 101
70 111 140
4 74 123
74 75 132
65 96 100
43 96 100
65 96 98
21 70 96
51 60 75
5 68 93
68 75 100
60 68 75
51 60 116
30 66 91
51 71 109
51 109 116
30 71 109
66 91 135
81 86 107
5 32 135
32 137 146
32 86 107
5 32 86
33 62 129
104 142 146
16 104 129
49 62 129
33 40 129
89 104 146
40 104 129
39 82 95
33 82 95
33 46 62
49 62 114
34 122 145
10 131 145
39 41 119
41 119 131
10 84 149
23 84 92
10 145 149
52 79 85
114 122 136
0 65 81
3 79 94
34 52 79
21 36 101
53 101 121
9 73 126
79 80 85
23 85 126
44 73 92
9 112 141
44 55 92
17 44 64
17 44 55
54 77 130
17 24 64
1 20 105
78 102 143
22 26 56
1 22 118
22 56 118
1 22 26
28 102 115
1 78 105
11 78 143
61 83 148
11 61 148
8 57 83
35 57 83
35 57 108
27 35 47
97 101 121
12 25 76
120 138 140
27 47 59
90 103 147
12 25 29
25 103 147
12 120 138
13 76 147
25 76 147
58 90 147
47 58 90
8 61 83
2 69 110
19 125 128
60 116 135
91 116 135
63 115 139
49 114 129
16 114 129
50 113 128
80 112 121
69 110 134
87 110 134
32 107 146
107 114 136
7 106 127
30 91 109
91 109 116
8 87 108
81 93 100
34 79 122
77 99 118
50 76 133
74 75 124
75 111 132
75 100 111
45 112 121
74 111 132
27 67 148
67 115 139
67 121 139
24 64 117
84 145 149
59 90 103
47 59 90
15 56 112
56 63 139
26 56 63
20 54 105
54 105 117
37 53 59
52 84 145
34 52 145
21 70 140
18 44 141
18 77 118
45 56 112
18 44 77
14 97 101
36 59 103
16 89 107
16 107 114
20 54 77
31 74 124
33 72 82
14 88 101
7 106 144
65 81 100
15 18 112
1 20 118
74 111 127
2 58 133
27 53 67
20 77 99
12 36 120
20 99 118
51 75 124
46 122 145
3 14 88
13 76 133
68 93 100
26 63 115
4 7 31
35 108 110
1 26 102
4 31 123
7 38 71
0 107 136
0 81 107
5 81 86
21 120 140
5 81 93
0 3 88
9 44 73
64 77 130
89 107 146
0 65 88
7 31 71
2 50 113
19 113 128
80 97 121
12 29 36
33 40 72
9 44 141
2 50 133
2 69 134
2 113 134
79 122 136
54 64 117
12 42 128
7 38 144
32 66 137
87 108 110
12 42 138
46 62 114
2 58 110
10 84 92
42 138 140
30 38 66
9 85 126
10 48 55
31 74 123
17 39 55
10 55 92
33 39 95
41 48 131
23 84 85
5 68 135
23 73 92
23 73 126
25 29 36
25 36 103
42 125 128
6 111 127
52 84 85
26 102 115
28 143 148
27 53 59
27 83 148
27 35 83
1 78 102
28 67 115
18 56 118
28 67 148
28 102 143
36 37 53
53 67 121
30 38 71
43 70 111
0 3 79
21 36 120
106 125 127
32 66 135
33 39 119
35 47 110
36 53 101
36 37 59
9 80 85
38 66 144
18 112 141
43 100 111
39 48 55
10 48 131
42 125 127
6 42 127
6 42 140
60 68 135
44 64 77
6 111 140
46 114 122
46 131 145
47 58 110
80 94 97
0 79 136
