32 89 107
45 56 139
11 61 87
43 70 96
6 42 125
111 127 132
62 114 122
75 100 132
16 89 104
40 72 142
66 135 137
39 72 82
66 137 146
33 40 82
45 121 139
9 80 112
15 18 56
11 78 105
13 58 133
50 76 128
19 106 125
58 108 110
8 61 87
31 38 71
111 127 140
7 106 125
21 88 101
74 75 132
100 111 132
43 70 100
43 96 100
12 29 120
81 86 93
30 109 116
60 68 75
51 60 116
51 109 116
30 91 116
81 86 107
32 135 137
5 86 93
33 62 129
104 142 146
16 104 129
49 62 129
33 40 129
89 104 146
16 49 129
39 82 95
40 72 82
33 82 95
16 49 114
49 62 114
17 48 55
39 41 119
10 41 48
34 145 149
23 52 84
23 52 85
114 122 136
122 131 145
46 62 122
46 122 131
0 65 81
3 79 94
0 3 65
34 52 79
21 36 101
53 101 121
94 97 121
14 88 97
45 80 112
23 85 126
9 112 141
17 44 64
44 64 141
24 54 117
20 54 117
17 24 64
20 105 117
22 56 118
35 83 148
28 102 115
1 78 105
11 78 143
61 83 148
11 61 148
35 57 83
69 87 110
35 57 108
35 58 108
35 47 58
37 59 67
97 101 121
88 97 101
21 29 36
12 25 76
25 59 103
70 120 140
120 138 140
12 25 29
21 29 120
6 42 138
21 70 120
12 120 138
42 128 138
13 50 76
25 76 147
2 113 133
58 90 147
47 58 90
8 61 83
2 69 110
8 87 110
69 87 134
131 145 149
6 127 138
19 125 128
50 113 128
107 114 136
32 107 135
77 99 130
89 137 146
10 131 149
57 83 110
77 99 118
76 128 138
70 96 98
21 70 88
65 68 81
68 81 93
67 90 103
15 64 112
18 64 77
63 121 139
100 111 140
46 62 119
33 62 119
60 68 93
15 56 112
56 63 139
48 55 149
55 84 149
55 73 92
34 52 149
64 112 141
22 56 63
20 105 118
20 54 130
13 58 76
25 90 103
4 6 127
18 77 118
45 56 112
1 22 78
5 107 135
51 60 74
104 129 142
17 39 41
17 41 48
16 89 107
16 107 114
22 26 63
29 36 59
9 73 92
70 88 98
7 106 144
14 88 98
75 96 100
13 50 113
2 58 133
20 99 130
11 28 102
10 41 119
20 99 118
127 138 140
11 26 143
27 67 90
11 26 102
31 51 124
5 91 116
3 14 97
17 55 73
122 136 145
5 86 107
34 136 145
26 63 115
7 31 144
60 74 75
31 71 109
27 28 148
65 68 98
3 94 97
3 65 98
45 94 121
9 44 73
64 77 130
4 7 74
4 7 125
3 14 98
59 67 103
7 74 123
5 60 93
25 29 59
4 127 132
19 113 128
13 113 133
23 55 84
15 18 64
9 44 141
58 76 147
53 115 121
2 69 134
30 91 135
0 34 136
2 113 134
22 105 118
52 80 94
24 54 130
9 23 92
9 23 126
2 58 110
7 123 124
46 119 131
10 48 149
30 38 66
9 85 126
5 60 116
0 81 136
31 51 109
30 66 135
68 75 98
10 119 131
33 39 95
1 22 105
63 115 121
22 26 143
7 31 124
8 83 110
23 55 92
4 6 125
40 129 142
24 64 130
75 96 98
70 100 140
42 125 128
26 102 115
27 47 148
27 47 90
57 108 110
28 67 115
27 28 67
18 56 118
52 84 149
36 37 53
0 3 79
25 90 147
0 34 79
31 38 144
33 39 119
36 53 101
36 37 59
5 91 135
45 80 94
9 80 85
12 76 138
37 53 115
38 66 144
30 38 109
38 71 109
52 79 94
17 44 73
32 89 137
4 74 132
11 28 148
35 47 148
37 67 115
81 107 136
22 78 143
52 80 85
51 74 123
51 123 124
