32 89 107
39 41 48
14 94 97
45 56 139
11 61 87
31 71 124
43 70 96
3 14 94
21 96 98
75 100 132
3 14 65
40 72 142
39 72 82
66 137 146
10 41 131
45 121 139
9 80 112
15 45 56
37 53 67
15 18 56
54 64 130
26 63 139
53 121 139
11 78 105
13 58 133
13 58 147
50 76 128
19 106 125
8 61 87
6 138 140
30 66 71
4 74 127
31 38 71
51 71 124
31 123 124
7 31 123
7 106 125
6 127 140
51 74 75
74 75 132
100 111 132
43 70 100
43 96 100
12 29 120
21 70 96
30 109 116
60 68 75
30 71 109
30 91 116
81 86 107
32 86 107
104 142 146
49 62 129
16 49 129
39 82 95
33 82 95
34 122 136
16 49 114
34 122 145
17 48 55
39 41 119
41 119 131
17 39 48
10 41 48
52 79 85
114 122 136
0 65 81
3 79 94
0 3 65
34 52 79
53 101 121
94 97 121
45 80 112
15 18 130
15 45 112
80 94 121
45 80 121
80 85 126
9 112 141
23 92 126
17 44 64
9 73 141
15 64 130
44 64 141
44 73 141
18 77 130
17 24 64
78 102 143
1 22 26
35 83 148
28 102 115
1 26 78
26 78 102
1 78 105
11 78 143
61 83 148
11 61 148
8 57 83
35 57 83
35 57 108
27 35 148
27 35 47
27 67 115
97 101 121
37 53 101
21 70 120
12 120 138
13 76 147
25 76 147
2 69 113
58 90 147
47 58 90
8 61 83
69 87 134
69 113 134
131 145 149
19 125 128
50 113 128
107 114 136
89 137 146
16 89 129
10 131 149
79 85 94
80 85 94
77 99 118
76 128 138
50 76 133
74 127 140
74 132 140
71 109 116
80 92 126
70 138 140
70 120 138
65 68 81
68 81 93
53 67 139
65 68 75
24 64 117
15 64 112
100 111 140
63 67 115
46 62 119
33 62 119
60 68 93
8 57 87
20 54 105
54 105 117
34 52 145
64 112 141
56 118 139
20 105 118
23 48 84
20 54 130
25 90 103
4 6 127
18 77 118
14 97 101
23 84 126
104 129 142
17 73 92
104 129 146
5 86 135
16 89 107
16 107 114
29 36 101
52 85 145
25 29 103
63 67 139
57 87 108
9 73 92
33 72 82
14 88 101
7 106 144
14 88 98
75 96 100
2 58 133
20 77 99
2 87 110
11 28 102
20 99 118
46 122 145
13 76 133
65 75 98
89 129 146
5 91 116
51 75 116
26 63 115
35 108 110
4 6 42
6 128 138
4 42 125
85 126 149
27 28 148
5 81 86
48 55 92
5 81 93
11 102 143
4 7 74
4 7 125
7 74 123
5 60 93
20 77 130
2 50 113
19 113 128
33 40 72
2 50 133
30 91 135
0 34 136
54 64 117
22 105 118
7 38 144
32 66 137
87 108 110
2 58 110
7 31 38
46 119 131
10 48 149
38 66 71
9 80 92
5 60 116
27 37 59
0 81 136
30 66 135
29 37 103
33 39 95
60 75 116
1 22 105
22 26 139
21 36 98
17 55 92
23 48 92
36 88 101
40 129 142
75 96 98
70 100 140
42 125 128
26 102 115
85 145 149
27 37 67
27 47 90
32 86 135
29 37 101
27 90 103
40 62 129
27 59 103
18 56 118
25 29 76
12 29 76
37 59 103
0 3 79
25 90 147
21 36 120
0 34 79
32 66 135
33 39 119
35 47 110
51 71 116
27 28 115
5 91 135
29 36 120
6 42 128
12 76 138
38 66 144
111 132 140
17 44 73
14 65 98
33 40 62
22 118 139
46 49 114
32 89 137
46 49 62
46 114 122
46 131 145
2 69 87
84 126 149
11 28 148
47 58 110
48 84 149
81 107 136
51 74 123
36 88 98
51 123 124
