0 1 2
0 1 36
0 36 40
1 2 3
1 3 26
1 26 35
1 35 36
2 3 8
3 4 5
3 4 26
3 5 8
4 5 21
4 21 26
5 6 7
5 6 21
5 7 8
6 7 21
7 8 16
7 16 18
7 18 19
7 19 21
8 9 10
8 10 11
8 11 16
11 12 13
11 12 16
11 13 14
12 13 16
13 14 15
13 15 18
13 16 18
14 15 24
15 17 19
15 17 24
15 18 19
17 19 21
17 20 21
17 20 22
17 22 23
17 23 24
20 21 22
21 22 25
21 25 26
22 23 24
22 24 25
24 25 26
24 26 29
26 27 28
26 27 35
26 28 29
27 28 35
28 29 35
29 30 34
29 34 36
29 35 36
30 31 33
30 31 34
30 32 33
31 33 37
31 34 37
32 33 39
33 37 39
34 36 37
36 37 40
37 38 39
37 38 40
38 39 40
