0 1 2
0 1 40
1 2 3
1 3 36
1 36 40
2 3 5
2 5 8
3 4 5
3 4 36
4 5 21
4 21 26
4 26 35
4 35 36
5 6 7
5 6 19
5 7 13
5 8 13
5 19 21
6 7 19
7 13 16
7 16 18
7 18 19
8 9 10
8 10 12
8 12 13
10 11 12
11 12 13
11 13 14
13 14 17
13 15 17
13 15 18
13 16 18
14 17 23
14 23 24
15 17 18
17 18 19
17 19 21
17 20 21
17 20 22
17 22 23
20 21 22
21 22 26
22 23 24
22 24 25
22 25 26
24 25 26
24 26 29
26 27 28
26 27 35
26 28 29
27 28 35
28 29 30
28 30 31
28 31 33
28 33 34
28 34 35
30 31 33
30 32 33
32 33 39
33 34 37
33 37 38
33 38 39
34 35 36
34 36 37
36 37 40
37 38 40
38 39 40
