0 1 2
0 1 36
0 36 37
0 37 40
1 2 3
1 3 36
2 3 5
2 5 8
3 4 5
3 4 35
3 35 36
4 5 21
4 21 35
5 6 7
5 6 21
5 7 13
5 8 13
6 7 18
6 18 19
6 19 21
7 13 16
7 16 18
8 9 12
8 12 13
9 10 12
10 11 12
11 12 13
11 13 14
13 14 17
13 15 17
13 15 18
13 16 18
14 17 23
14 23 24
15 17 18
17 18 19
17 19 20
17 20 23
19 20 21
20 21 22
20 22 23
21 22 25
21 25 26
21 26 35
22 23 24
22 24 25
24 25 29
25 26 29
26 27 28
26 27 35
26 28 29
27 28 35
28 29 35
29 30 34
29 34 35
30 31 33
30 31 34
30 32 33
31 33 37
31 34 37
32 33 38
32 38 39
33 37 38
34 35 36
34 36 37
37 38 40
38 39 40
