0 1 3
0 1 40
0 2 3
1 3 4
1 4 21
1 21 36
1 36 37
1 37 40
2 3 8
3 4 5
3 5 8
4 5 21
5 6 8
5 6 19
5 19 21
6 7 8
6 7 18
6 18 19
7 8 9
7 9 12
7 12 16
7 16 18
9 10 12
10 11 12
11 12 13
11 13 14
12 13 16
13 14 16
14 15 16
14 15 17
14 17 24
15 16 17
16 17 20
16 18 20
17 20 22
17 22 23
17 23 24
18 19 20
19 20 21
20 21 25
20 22 25
21 25 26
21 26 35
21 35 36
22 23 25
23 24 25
24 25 26
24 26 28
24 28 29
26 27 28
26 27 35
27 28 35
28 29 35
29 30 34
29 34 35
30 31 33
30 31 34
30 32 33
31 33 34
32 33 37
32 37 38
32 38 39
33 34 36
33 36 37
34 35 36
37 38 40
38 39 40
