0 1 2
0 1 40
1 2 3
1 3 4
1 4 21
1 21 36
1 36 37
1 37 40
2 3 5
2 5 8
3 4 5
4 5 21
5 6 8
5 6 21
6 7 8
6 7 21
7 8 9
7 9 12
7 12 13
7 13 16
7 16 18
7 18 19
7 19 21
9 10 12
10 11 12
11 12 13
11 13 14
13 14 15
13 15 18
13 16 18
14 15 17
14 17 23
14 23 24
15 17 18
17 18 23
18 19 23
19 20 21
19 20 23
20 21 23
21 22 23
21 22 26
21 26 35
21 35 36
22 23 24
22 24 25
22 25 26
24 25 26
24 26 28
24 28 29
26 27 28
26 27 35
27 28 34
27 34 35
28 29 34
29 30 31
29 31 34
30 31 33
30 32 33
31 33 37
31 34 37
32 33 38
32 38 39
33 37 38
34 35 36
34 36 37
37 38 40
38 39 40
