0 1 3
0 1 40
0 2 3
1 3 4
1 4 21
1 21 26
1 26 35
1 35 36
1 36 40
2 3 5
2 5 8
3 4 5
4 5 19
4 19 21
5 6 8
5 6 19
6 7 11
6 7 19
6 8 11
7 11 12
7 12 16
7 16 18
7 18 19
8 9 10
8 10 11
11 12 13
11 13 14
12 13 16
13 14 16
14 15 16
14 15 17
14 17 23
14 23 24
15 16 18
15 17 19
15 18 19
17 19 20
17 20 22
17 22 23
19 20 21
20 21 22
21 22 26
22 23 24
22 24 25
22 25 26
24 25 26
24 26 28
24 28 29
26 27 28
26 27 35
27 28 35
28 29 35
29 30 31
29 31 34
29 34 35
30 31 33
30 32 33
31 33 37
31 34 37
32 33 37
32 37 39
34 35 36
34 36 37
36 37 40
37 38 39
37 38 40
38 39 40
