0 1 2
0 1 40
1 2 3
1 3 36
1 36 40
2 3 8
3 4 5
3 4 26
3 5 8
3 26 27
3 27 35
3 35 36
4 5 19
4 19 21
4 21 26
5 6 7
5 6 19
5 7 8
6 7 19
7 8 9
7 9 10
7 10 16
7 16 18
7 18 19
10 11 12
10 12 16
11 12 13
11 13 14
12 13 16
13 14 16
14 15 16
14 15 17
14 17 23
14 23 24
15 16 17
16 17 18
17 18 19
17 19 20
17 20 22
17 22 23
19 20 21
20 21 22
21 22 25
21 25 26
22 23 25
23 24 25
24 25 26
24 26 29
26 27 28
26 28 29
27 28 35
28 29 35
29 30 35
30 31 33
30 31 34
30 32 33
30 34 35
31 33 37
31 34 37
32 33 39
33 37 39
34 35 36
34 36 37
36 37 40
37 38 39
37 38 40
38 39 40
