0 1 3
0 1 40
0 2 3
1 3 4
1 4 35
1 35 36
1 36 37
1 37 40
2 3 8
3 4 5
3 5 8
4 5 19
4 19 21
4 21 35
5 6 7
5 6 19
5 7 8
6 7 18
6 18 19
7 8 11
7 11 12
7 12 16
7 16 18
8 9 10
8 10 11
11 12 13
11 13 14
12 13 16
13 14 16
14 15 16
14 15 17
14 17 23
14 23 24
15 16 17
16 17 18
17 18 23
18 19 23
19 20 21
19 20 23
20 21 25
20 22 23
20 22 25
21 25 26
21 26 35
22 23 24
22 24 25
24 25 26
24 26 29
26 27 28
26 27 35
26 28 29
27 28 35
28 29 35
29 30 34
29 34 36
29 35 36
30 31 33
30 31 34
30 32 33
31 33 37
31 34 37
32 33 39
33 37 39
34 36 37
37 38 39
37 38 40
38 39 40
