0 1 3
0 1 36
0 2 3
0 36 40
1 3 4
1 4 36
2 3 5
2 5 8
3 4 5
4 5 19
4 19 21
4 21 36
5 6 7
5 6 19
5 7 8
6 7 19
7 8 9
7 9 12
7 12 13
7 13 16
7 16 18
7 18 19
9 10 12
10 11 12
11 12 13
11 13 14
13 14 17
13 15 17
13 15 18
13 16 18
14 17 23
14 23 24
15 17 19
15 18 19
17 19 21
17 20 21
17 20 23
20 21 23
21 22 23
21 22 26
21 26 35
21 35 36
22 23 24
22 24 25
22 25 26
24 25 29
25 26 29
26 27 28
26 27 35
26 28 29
27 28 31
27 31 34
27 34 35
28 29 30
28 30 31
30 31 33
30 32 33
31 33 37
31 34 37
32 33 39
33 37 38
33 38 39
34 35 36
34 36 37
36 37 40
37 38 40
38 39 40
