0 1 3
0 1 40
0 2 3
1 3 4
1 4 35
1 35 36
1 36 37
1 37 40
2 3 5
2 5 8
3 4 5
4 5 6
4 6 19
4 19 21
4 21 26
4 26 27
4 27 35
5 6 8
6 7 8
6 7 19
7 8 9
7 9 10
7 10 12
7 12 16
7 16 18
7 18 19
10 11 12
11 12 13
11 13 14
12 13 16
13 14 15
13 15 18
13 16 18
14 15 24
15 17 18
15 17 24
17 18 20
17 20 22
17 22 23
17 23 24
18 19 20
19 20 21
20 21 26
20 22 25
20 25 26
22 23 25
23 24 25
24 25 29
25 26 29
26 27 28
26 28 29
27 28 35
28 29 35
29 30 34
29 34 36
29 35 36
30 31 33
30 31 34
30 32 33
31 33 37
31 34 37
32 33 38
32 38 39
33 37 38
34 36 37
37 38 40
38 39 40
