0 1 3
0 1 36
0 2 3
0 36 37
0 37 40
1 3 36
2 3 8
3 4 5
3 4 35
3 5 8
3 35 36
4 5 19
4 19 21
4 21 35
5 6 7
5 6 19
5 7 8
6 7 19
7 8 11
7 11 16
7 16 18
7 18 19
8 9 10
8 10 11
11 12 13
11 12 16
11 13 14
12 13 16
13 14 16
14 15 16
14 15 17
14 17 24
15 16 17
16 17 18
17 18 23
17 23 24
18 19 20
18 20 23
19 20 21
20 21 25
20 22 23
20 22 25
21 25 26
21 26 35
22 23 24
22 24 25
24 25 29
25 26 28
25 28 29
26 27 28
26 27 35
27 28 35
28 29 31
28 31 35
29 30 31
30 31 33
30 32 33
31 33 34
31 34 35
32 33 39
33 34 39
34 35 36
34 36 37
34 37 39
37 38 39
37 38 40
38 39 40
