0 1 2
0 1 40
1 2 3
1 3 36
1 36 37
1 37 40
2 3 5
2 5 8
3 4 5
3 4 35
3 35 36
4 5 6
4 6 21
4 21 35
5 6 8
6 7 10
6 7 21
6 8 10
7 10 16
7 16 18
7 18 19
7 19 21
8 9 10
10 11 12
10 12 16
11 12 13
11 13 14
12 13 16
13 14 15
13 15 18
13 16 18
14 15 24
15 17 19
15 17 24
15 18 19
17 19 20
17 20 23
17 23 24
19 20 21
20 21 22
20 22 23
21 22 26
21 26 35
22 23 24
22 24 25
22 25 26
24 25 26
24 26 28
24 28 29
26 27 28
26 27 35
27 28 35
28 29 35
29 30 34
29 34 36
29 35 36
30 31 33
30 31 34
30 32 33
31 33 37
31 34 37
32 33 37
32 37 39
34 36 37
37 38 39
37 38 40
38 39 40
