0 1 2
0 1 40
1 2 3
1 3 4
1 4 21
1 21 35
1 35 36
1 36 37
1 37 40
2 3 5
2 5 8
3 4 5
4 5 21
5 6 8
5 6 21
6 7 8
6 7 19
6 19 21
7 8 13
7 13 16
7 16 18
7 18 19
8 9 12
8 12 13
9 10 12
10 11 12
11 12 13
11 13 14
13 14 15
13 15 18
13 16 18
14 15 24
15 17 18
15 17 24
17 18 23
17 23 24
18 19 23
19 20 21
19 20 23
20 21 26
20 22 23
20 22 25
20 25 26
21 26 35
22 23 25
23 24 25
24 25 26
24 26 29
26 27 28
26 27 35
26 28 29
27 28 35
28 29 30
28 30 35
30 31 33
30 31 34
30 32 33
30 34 35
31 33 37
31 34 37
32 33 39
33 37 39
34 35 36
34 36 37
37 38 39
37 38 40
38 39 40
