0 1 2
0 1 36
0 36 40
1 2 3
1 3 4
1 4 21
1 21 26
1 26 35
1 35 36
2 3 5
2 5 8
3 4 5
4 5 21
5 6 7
5 6 19
5 7 8
5 19 21
6 7 18
6 18 19
7 8 16
7 16 18
8 9 12
8 12 16
9 10 12
10 11 12
11 12 13
11 13 14
12 13 16
13 14 16
14 15 16
14 15 17
14 17 24
15 16 17
16 17 20
16 18 20
17 20 23
17 23 24
18 19 20
19 20 21
20 21 23
21 22 23
21 22 25
21 25 26
22 23 25
23 24 25
24 25 29
25 26 28
25 28 29
26 27 28
26 27 35
27 28 35
28 29 30
28 30 35
30 31 33
30 31 34
30 32 33
30 34 35
31 33 34
32 33 36
32 36 37
32 37 38
32 38 39
33 34 36
34 35 36
36 37 40
37 38 40
38 39 40
