0 1 2
0 1 36
0 36 37
0 37 40
1 2 3
1 3 4
1 4 21
1 21 36
2 3 8
3 4 5
3 5 8
4 5 6
4 6 19
4 19 21
5 6 7
5 7 13
5 8 13
6 7 18
6 18 19
7 13 16
7 16 18
8 9 12
8 12 13
9 10 12
10 11 12
11 12 13
11 13 14
13 14 16
14 15 16
14 15 24
15 16 18
15 17 18
15 17 24
17 18 20
17 20 23
17 23 24
18 19 20
19 20 21
20 21 26
20 22 23
20 22 26
21 26 35
21 35 36
22 23 26
23 24 25
23 25 26
24 25 26
24 26 28
24 28 29
26 27 28
26 27 35
27 28 35
28 29 35
29 30 35
30 31 33
30 31 34
30 32 33
30 34 35
31 33 37
31 34 37
32 33 39
33 37 38
33 38 39
34 35 36
34 36 37
37 38 40
38 39 40
