0 1 2
0 1 40
1 2 3
1 3 4
1 4 21
1 21 26
1 26 35
1 35 36
1 36 40
2 3 5
2 5 8
3 4 5
4 5 21
5 6 8
5 6 19
5 19 21
6 7 10
6 7 18
6 8 10
6 18 19
7 10 16
7 16 18
8 9 10
10 11 12
10 12 16
11 12 13
11 13 14
12 13 16
13 14 15
13 15 18
13 16 18
14 15 24
15 17 19
15 17 24
15 18 19
17 19 23
17 23 24
19 20 21
19 20 23
20 21 22
20 22 23
21 22 26
22 23 26
23 24 25
23 25 26
24 25 26
24 26 29
26 27 28
26 27 35
26 28 29
27 28 35
28 29 35
29 30 34
29 34 36
29 35 36
30 31 33
30 31 34
30 32 33
31 33 34
32 33 34
32 34 38
32 38 39
34 36 37
34 37 38
36 37 40
37 38 40
38 39 40
