0 1 2
0 1 40
1 2 3
1 3 4
1 4 21
1 21 36
1 36 40
2 3 8
3 4 5
3 5 8
4 5 21
5 6 8
5 6 19
5 19 21
6 7 8
6 7 19
7 8 9
7 9 16
7 16 18
7 18 19
9 10 12
9 12 16
10 11 12
11 12 13
11 13 14
12 13 16
13 14 16
14 15 16
14 15 17
14 17 23
14 23 24
15 16 18
15 17 19
15 18 19
17 19 23
19 20 21
19 20 23
20 21 22
20 22 23
21 22 26
21 26 35
21 35 36
22 23 24
22 24 25
22 25 26
24 25 29
25 26 28
25 28 29
26 27 28
26 27 35
27 28 35
28 29 35
29 30 35
30 31 33
30 31 35
30 32 33
31 33 37
31 34 35
31 34 37
32 33 39
33 37 39
34 35 36
34 36 37
36 37 40
37 38 39
37 38 40
38 39 40
