0 1 3
0 1 40
0 2 3
1 3 4
1 4 21
1 21 35
1 35 36
1 36 37
1 37 40
2 3 5
2 5 8
3 4 5
4 5 21
5 6 7
5 6 21
5 7 8
6 7 18
6 18 19
6 19 21
7 8 9
7 9 10
7 10 12
7 12 16
7 16 18
10 11 12
11 12 13
11 13 14
12 13 16
13 14 16
14 15 16
14 15 17
14 17 23
14 23 24
15 16 17
16 17 18
17 18 19
17 19 21
17 20 21
17 20 23
20 21 25
20 22 23
20 22 25
21 25 26
21 26 35
22 23 25
23 24 25
24 25 26
24 26 29
26 27 28
26 27 35
26 28 29
27 28 35
28 29 35
29 30 35
30 31 33
30 31 35
30 32 33
31 33 37
31 34 35
31 34 37
32 33 39
33 37 38
33 38 39
34 35 36
34 36 37
37 38 40
38 39 40
