53 305 365
23 240 373
53 84 435
8 82 161
345 358 427
75 117 306
72 102 392
37 308 406
13 14 194
13 305 419
110 427 439
202 366 404
9 55 291
116 232 388
200 254 277
205 366 387
34 294 425
353 375 418
123 201 297
101 261 307
90 97 229
171 225 324
49 253 309
33 328 413
33 175 328
72 104 392
236 288 381
94 145 356
57 204 413
2 148 327
33 378 432
70 222 382
266 296 341
10 127 222
70 327 382
10 41 224
166 207 408
32 274 289
198 274 303
146 287 402
253 309 347
42 99 271
26 199 263
128 244 354
24 64 149
244 354 402
53 268 435
13 14 419
168 213 423
190 210 268
43 210 213
13 120 365
349 358 427
87 116 335
38 315 358
212 291 315
334 348 437
79 191 213
79 191 410
75 339 386
95 360 437
8 160 390
78 334 361
164 361 398
95 334 437
6 284 396
87 232 360
69 164 230
250 254 301
9 87 335
69 254 343
6 63 396
259 366 404
55 134 211
85 124 416
143 183 276
25 28 251
88 236 278
31 104 114
88 107 278
31 97 114
28 251 424
220 228 376
0 187 447
90 209 337
49 139 309
49 83 253
204 216 351
158 224 272
57 328 413
57 216 328
83 216 351
17 298 359
57 204 216
350 426 444
22 125 318
23 136 240
338 351 359
17 139 221
72 104 221
17 72 221
76 114 293
80 102 392
102 163 329
163 329 353
163 353 418
80 102 163
80 186 307
80 163 186
31 104 307
65 261 381
257 288 381
101 261 381
101 257 381
21 201 374
112 201 297
21 112 201
125 145 426
226 316 414
141 145 356
125 141 145
94 203 368
37 60 308
40 203 406
40 203 368
123 297 340
60 297 420
112 297 308
60 342 443
60 297 308
202 393 420
60 420 443
122 183 422
38 176 291
4 265 442
387 420 443
4 205 366
226 234 414
342 387 443
205 270 295
45 322 382
226 296 444
144 226 234
37 234 279
144 193 234
132 193 368
132 350 368
341 426 444
144 226 444
132 144 193
140 266 296
296 341 444
33 175 321
140 142 296
175 224 321
41 224 272
33 321 432
45 316 322
2 327 382
2 148 433
70 127 222
30 195 407
70 148 327
70 127 195
52 323 399
32 274 303
237 274 289
158 287 397
56 115 214
158 224 347
92 126 314
42 59 231
106 146 287
18 354 402
18 128 354
18 99 402
146 244 402
128 146 244
92 126 313
59 231 263
59 199 263
126 313 330
54 313 330
149 196 282
13 305 365
156 192 391
14 73 194
43 61 394
26 53 84
53 190 268
43 210 268
26 84 263
61 84 435
44 61 394
44 61 84
210 213 419
43 168 394
161 245 423
43 168 213
8 99 161
99 161 271
5 191 410
238 242 311
192 194 391
39 46 218
74 246 379
246 379 434
47 138 155
96 120 289
19 399 417
198 412 417
19 52 399
174 207 408
52 185 408
52 323 408
174 323 408
249 265 442
86 239 292
86 249 442
217 239 292
239 258 434
38 358 442
74 358 442
4 259 366
176 211 383
38 291 315
55 211 291
176 211 291
134 259 383
55 333 335
250 254 343
78 116 388
9 212 291
9 55 335
87 116 232
95 232 360
95 232 388
66 172 299
103 339 377
100 131 363
100 218 380
208 349 439
87 208 256
315 349 358
349 427 439
131 360 363
1 100 380
100 110 131
1 111 238
100 110 218
135 238 410
12 135 410
12 79 410
111 135 306
1 111 133
111 135 238
39 238 242
1 103 133
1 103 377
7 117 312
12 117 161
75 117 312
75 339 372
103 339 386
1 100 377
98 100 363
66 98 172
165 227 286
173 188 403
275 280 415
7 82 117
8 82 390
82 117 161
165 275 280
109 160 281
8 395 441
27 150 441
150 441 446
352 395 441
91 355 446
91 130 336
16 355 398
219 348 357
91 355 409
119 172 264
264 348 437
182 334 361
16 182 357
182 361 398
16 182 398
157 164 230
15 153 367
16 178 355
304 436 446
15 367 371
69 200 254
171 225 301
162 254 277
15 170 304
15 304 371
15 167 235
15 235 405
71 220 319
147 317 405
147 228 405
25 159 251
189 346 438
151 384 400
143 159 276
34 262 294
147 162 424
34 262 324
55 58 333
134 211 383
259 401 404
85 124 369
134 259 369
259 369 401
300 325 416
300 401 416
118 300 325
262 294 331
108 121 124
121 325 425
34 108 284
108 124 310
262 320 331
143 151 400
269 384 400
35 113 189
236 389 440
107 151 278
25 143 159
122 183 411
151 278 389
236 278 389
29 364 440
29 389 411
29 389 440
31 65 252
31 252 260
154 229 255
97 229 255
90 97 209
77 114 209
97 114 209
187 447 448
215 290 337
90 215 337
3 346 438
35 189 346
187 247 448
71 220 235
15 167 170
67 170 304
167 170 319
67 81 170
0 77 447
0 77 293
77 114 293
67 76 81
323 399 412
161 394 423
300 393 401
74 379 442
166 370 433
40 368 406
367 371 436
355 409 428
178 355 428
297 340 420
240 338 373
338 351 373
116 335 343
78 334 388
106 330 397
314 330 397
320 331 422
220 319 376
304 371 436
62 314 430
126 314 330
238 311 410
283 310 333
58 310 333
80 307 392
104 307 392
19 303 417
198 303 417
379 434 442
54 302 330
225 301 396
300 393 449
157 367 436
298 351 359
108 284 310
50 281 415
281 385 415
281 362 385
204 351 373
241 277 317
275 385 415
198 274 412
45 273 316
41 272 407
270 279 342
270 342 387
270 292 295
257 375 418
208 256 349
256 315 349
212 256 315
154 255 344
169 255 344
254 301 424
236 252 285
171 251 301
251 276 320
159 251 276
48 249 292
243 248 322
166 370 408
243 316 322
243 316 414
241 317 405
355 436 446
240 318 356
86 239 442
68 234 406
193 234 368
177 234 270
233 440 445
233 340 393
89 257 418
228 346 376
220 228 235
228 235 405
27 227 336
53 190 419
94 353 356
94 353 375
62 92 314
91 267 336
90 229 326
76 187 293
89 186 307
89 101 307
138 155 179
3 147 228
44 84 271
10 224 321
51 84 271
85 369 401
81 170 187
12 79 161
54 302 421
77 429 447
77 209 429
36 316 378
93 299 339
93 172 403
171 262 320
73 192 194
399 412 417
168 394 423
91 409 428
93 165 286
72 240 338
71 167 235
69 157 200
5 73 179
69 78 361
233 393 449
50 160 281
27 105 362
184 331 422
177 207 292
207 248 433
31 65 307
147 277 317
196 282 313
64 96 289
11 56 214
217 239 412
105 109 160
63 250 396
87 131 208
43 61 268
29 184 233
8 197 395
11 32 64
1 238 380
334 348 357
24 96 120
58 124 181
58 124 310
95 334 388
138 156 192
61 268 435
55 134 181
55 58 181
79 161 245
53 305 419
52 185 332
63 335 343
113 189 290
7 50 312
120 194 391
50 312 415
31 169 344
119 219 348
56 158 431
75 111 133
47 155 179
63 250 343
46 345 427
45 222 382
148 370 433
44 161 394
44 161 271
42 263 271
42 128 206
102 240 356
162 254 424
39 46 345
66 299 339
26 302 421
20 74 223
69 78 343
22 266 341
30 115 370
75 111 306
42 59 206
33 36 140
16 357 428
65 236 381
16 178 428
17 49 139
42 231 263
202 393 401
27 352 441
60 279 342
15 241 405
219 357 428
27 105 152
175 216 328
3 147 424
122 184 411
215 269 326
14 191 213
129 252 260
222 273 378
11 56 158
140 142 180
35 247 376
31 169 255
205 249 265
35 113 247
11 32 214
11 158 430
247 319 376
93 173 286
8 304 446
30 148 370
22 125 426
156 274 412
239 258 412
10 41 407
83 216 253
151 229 384
91 130 446
11 62 196
283 284 310
24 26 421
4 38 442
2 248 382
21 236 288
3 228 346
2 248 433
30 148 195
93 173 403
27 150 336
26 53 365
173 286 336
8 441 446
24 64 96
50 82 390
29 233 364
17 83 298
14 213 419
105 152 352
24 54 421
15 153 241
24 120 137
22 266 373
105 197 395
125 318 356
11 62 430
88 236 285
227 286 336
25 269 438
30 115 407
48 205 292
156 289 391
248 322 382
76 81 187
39 218 238
20 242 311
9 87 256
183 276 320
225 324 396
120 289 391
6 63 335
3 28 424
110 208 439
4 38 176
21 374 445
72 338 359
6 283 333
172 173 188
88 107 154
24 26 137
5 179 311
90 215 326
45 222 273
11 149 196
56 115 431
233 364 440
51 263 271
34 121 425
34 284 396
19 303 332
172 188 403
66 339 377
21 236 440
177 243 414
106 287 397
69 164 361
65 261 307
20 179 311
22 23 318
23 136 318
9 212 256
6 333 335
17 49 83
17 72 359
34 108 121
71 167 319
185 370 408
273 316 378
24 282 313
14 73 191
229 269 384
182 334 357
102 329 353
340 393 420
93 339 372
65 236 252
142 180 226
119 264 348
69 157 230
112 203 375
46 218 427
234 270 279
26 199 302
26 137 365
163 186 418
37 60 279
22 23 373
251 301 424
62 92 313
184 300 449
222 378 432
136 240 318
29 184 411
177 234 414
113 247 448
75 280 415
102 353 356
89 101 257
275 362 385
165 280 372
3 25 438
124 134 369
109 281 362
20 74 246
51 84 263
189 215 290
31 129 344
200 241 277
124 325 416
20 179 246
113 290 337
123 233 445
202 366 387
34 324 396
39 223 345
35 346 376
21 440 445
88 154 285
36 180 316
5 73 191
75 133 386
138 156 412
118 184 331
170 187 319
32 64 289
129 154 344
98 360 437
98 360 363
98 100 377
66 98 377
123 233 340
119 172 173
42 99 128
85 401 416
172 264 437
110 131 208
72 102 240
105 160 197
130 150 336
91 267 428
176 259 383
105 352 395
106 128 146
106 128 206
156 237 274
62 196 313
129 252 285
106 206 330
105 109 362
7 50 82
112 257 375
21 112 288
171 251 320
112 257 288
113 337 429
239 434 442
113 447 448
115 214 370
115 407 431
78 116 343
93 172 299
117 135 306
12 117 135
125 141 356
118 294 331
118 325 425
118 294 425
119 173 336
39 223 242
120 137 365
13 120 194
204 266 373
138 179 246
132 350 444
124 134 181
121 124 325
37 234 406
129 154 285
113 429 447
189 215 438
130 150 446
209 337 429
31 97 255
132 144 444
185 214 332
68 234 368
103 133 386
174 217 323
47 138 192
138 258 412
138 246 434
215 269 438
138 258 434
33 36 378
140 266 413
68 368 406
33 140 413
165 275 362
142 226 296
177 207 248
25 143 269
143 269 400
27 152 352
83 298 351
145 368 426
94 145 368
147 162 277
8 160 197
217 323 412
174 207 217
151 154 229
70 148 195
107 151 154
143 151 183
164 355 436
151 389 411
151 183 411
153 157 200
205 292 295
19 52 332
156 237 289
153 157 367
59 199 206
158 314 397
158 314 430
158 407 431
158 272 407
119 219 336
27 227 362
164 355 398
157 164 436
165 227 362
98 172 437
93 165 372
118 184 300
222 321 432
229 269 326
171 262 324
22 341 426
50 160 390
11 64 149
24 149 282
24 54 313
75 280 372
4 176 259
199 206 330
6 283 284
177 243 248
250 301 396
177 270 292
5 311 410
47 179 192
73 179 192
180 226 316
350 368 426
122 184 422
184 233 449
185 214 370
0 187 293
187 247 319
202 387 420
18 99 128
89 186 418
110 218 427
183 320 422
190 210 419
175 216 224
153 200 241
75 312 415
199 302 330
123 201 445
201 374 445
202 401 404
203 308 406
112 203 308
94 203 375
204 266 413
48 205 249
4 205 265
86 249 292
10 127 407
207 217 292
166 207 433
127 195 407
31 129 260
213 245 423
79 213 245
214 303 332
216 224 347
216 253 347
36 140 180
218 238 380
205 270 387
219 267 336
219 267 428
104 221 309
139 221 309
10 222 321
20 223 242
223 345 358
32 214 303
74 223 358
87 131 360
3 25 28
