161 271 394
53 305 365
7 312 415
104 139 309
72 102 392
37 308 406
22 23 136
118 122 184
177 234 248
199 302 421
13 14 194
106 126 314
202 366 404
13 194 391
7 50 415
9 55 291
236 288 440
101 261 307
21 288 440
90 97 229
17 338 359
33 175 328
72 104 392
243 248 414
177 207 270
156 237 391
207 292 295
2 148 327
175 224 347
273 378 432
62 196 430
198 274 303
146 287 402
253 309 347
44 271 394
24 64 149
244 354 402
44 51 271
14 191 419
168 213 423
43 210 213
191 213 419
73 155 179
138 246 258
13 120 391
48 292 295
87 116 335
202 366 420
74 223 345
1 39 380
98 363 437
79 191 213
79 191 410
103 133 306
5 238 311
131 208 360
8 160 390
78 334 361
164 361 398
95 334 437
6 284 396
219 267 357
91 336 409
157 304 436
267 336 409
147 162 317
159 262 320
250 254 301
9 87 335
63 78 343
55 134 211
85 124 416
250 343 396
88 260 285
88 107 278
25 269 400
28 251 424
170 247 319
3 346 376
220 228 376
90 209 337
49 139 309
204 216 351
83 216 347
83 253 347
57 328 413
83 298 359
57 216 328
17 298 359
22 136 318
57 204 216
22 23 341
22 125 318
23 136 240
338 351 359
17 139 221
72 104 221
104 139 221
80 102 392
102 163 329
80 186 307
65 261 381
101 186 307
101 261 381
89 101 186
89 375 418
21 257 288
21 374 440
21 201 374
112 201 297
21 112 201
141 145 356
141 318 356
125 141 145
125 141 318
37 60 342
37 60 308
60 297 308
202 393 420
122 183 422
369 401 416
4 265 442
387 420 443
74 434 442
207 270 295
37 279 342
37 68 406
166 177 207
177 248 433
148 166 370
45 322 382
243 322 414
316 322 414
226 296 444
68 193 368
144 226 234
37 234 279
144 193 234
132 193 368
132 350 368
22 125 341
180 296 316
144 226 444
132 144 193
140 266 296
296 341 444
33 175 321
140 142 296
142 180 296
175 224 321
41 224 272
33 321 432
36 273 378
45 316 322
30 195 407
70 148 327
70 127 195
166 177 433
52 323 399
166 185 370
32 214 332
120 237 391
62 196 282
158 287 397
56 115 214
11 196 430
158 272 431
92 314 397
92 126 314
54 282 313
106 146 206
18 354 402
18 99 402
54 206 330
92 126 313
44 51 263
51 231 263
64 96 137
26 199 421
126 313 330
54 313 330
149 196 282
24 64 137
14 73 194
43 61 394
26 53 84
53 190 268
44 84 263
44 61 394
161 168 423
210 213 419
43 168 394
43 168 213
161 168 394
8 99 161
99 161 271
5 191 410
1 39 238
47 192 194
5 14 191
238 242 311
39 46 218
74 345 358
74 246 379
74 379 434
47 138 155
156 258 412
323 412 417
19 52 399
323 399 417
52 185 408
52 323 408
174 217 258
174 323 408
217 239 258
174 217 292
249 265 442
86 239 434
239 258 434
74 358 442
55 58 134
4 259 366
4 259 383
55 211 291
4 176 383
55 333 335
63 78 116
63 343 396
78 343 361
63 116 335
78 116 388
9 212 291
9 55 335
95 232 388
66 172 299
100 218 380
46 110 345
87 208 360
131 208 439
87 208 256
110 345 427
100 110 131
1 111 238
100 110 218
39 218 380
46 110 218
20 39 223
12 135 410
111 135 306
1 111 133
111 133 306
111 135 238
39 238 242
1 103 133
7 117 312
12 117 161
75 117 312
103 339 386
98 100 363
66 98 172
119 219 267
93 280 372
7 82 390
7 50 390
109 160 281
8 160 395
160 197 395
152 352 441
197 352 395
105 362 385
105 152 441
27 150 441
91 130 150
27 130 150
91 130 336
178 409 428
91 355 409
267 409 428
119 172 264
182 334 348
157 436 446
182 334 361
16 182 357
15 153 367
157 355 446
304 436 446
15 367 371
171 225 301
162 254 277
220 235 405
15 170 304
15 304 371
151 384 400
159 276 320
159 251 262
251 262 324
147 162 424
85 369 416
55 58 333
58 283 333
121 124 416
134 181 369
58 283 310
58 134 181
134 259 369
259 369 401
121 325 416
300 401 416
262 294 331
262 320 331
294 331 422
25 143 400
269 384 400
35 113 189
107 151 278
122 183 411
374 440 445
151 278 389
29 364 440
29 389 411
129 260 285
129 169 344
154 229 255
154 169 255
97 229 255
154 169 344
90 97 209
0 81 293
215 290 337
90 215 337
429 447 448
189 290 438
269 326 438
187 247 448
113 429 448
170 187 247
3 228 376
71 235 319
71 220 235
15 167 170
167 235 319
67 170 304
167 170 319
67 81 170
0 77 447
0 77 293
77 114 293
67 76 81
355 398 409
178 398 409
151 389 400
143 389 400
1 377 380
75 372 386
40 368 406
259 366 401
105 362 441
355 441 446
352 441 446
349 358 442
345 349 358
340 440 445
123 340 374
340 374 445
63 335 396
78 334 388
345 349 427
329 375 418
284 324 396
320 331 422
276 320 422
38 315 442
108 310 425
108 310 324
80 307 392
104 307 392
8 304 395
304 352 395
198 303 417
303 399 417
225 301 396
202 300 393
300 393 449
315 349 442
297 308 406
201 297 374
123 297 374
297 342 420
226 296 414
296 316 414
174 292 408
207 292 408
176 291 383
211 291 383
54 282 302
50 281 415
281 385 415
93 280 403
165 280 403
280 362 385
279 342 443
34 294 324
241 277 317
27 275 441
275 362 441
32 274 332
274 303 332
180 273 316
45 273 316
41 272 407
272 407 431
158 272 347
224 272 347
270 279 443
269 346 438
3 269 346
4 265 366
264 334 437
258 379 434
246 258 379
208 256 349
256 315 349
212 256 315
254 301 424
233 340 440
171 251 301
250 343 361
249 434 442
86 249 434
249 265 366
48 249 292
100 377 380
243 248 322
153 241 367
280 385 415
200 241 367
240 329 356
240 318 356
177 234 270
233 340 393
42 231 244
128 231 244
164 230 398
147 228 424
147 228 317
165 227 403
227 286 403
53 190 419
94 353 375
106 146 397
92 158 397
54 199 206
90 229 326
57 204 266
89 329 418
89 163 329
88 278 389
167 235 405
138 155 179
87 116 388
87 95 232
86 217 292
89 257 375
101 288 381
10 224 321
53 84 268
81 170 187
77 429 447
77 209 429
93 299 339
93 172 403
34 108 324
73 242 311
31 129 169
105 109 385
157 230 355
72 240 338
89 102 186
69 254 277
200 367 371
69 157 200
233 393 449
50 160 281
71 247 319
31 65 307
65 288 381
64 96 289
33 140 432
11 56 214
105 109 160
230 355 398
96 237 289
62 282 313
43 61 268
165 227 280
145 350 426
8 161 390
29 184 233
11 32 64
121 294 325
69 200 277
58 124 181
58 124 310
95 334 388
29 88 236
61 268 435
54 199 302
120 305 365
79 161 245
53 305 419
25 143 422
52 185 332
113 189 290
13 120 305
48 205 366
329 353 356
119 219 348
56 158 431
48 249 366
7 82 161
59 146 206
47 192 258
43 190 210
16 267 428
57 266 413
103 117 306
45 222 382
73 179 242
44 84 435
44 61 435
29 88 389
40 203 297
162 254 424
26 84 199
130 286 336
40 297 406
49 83 309
39 46 345
39 179 242
66 299 339
6 335 396
27 227 275
130 227 286
20 74 223
88 252 260
13 14 305
28 159 251
18 42 271
0 447 448
85 181 369
91 355 441
30 115 370
87 95 360
83 253 309
119 267 336
236 252 288
16 178 428
17 49 139
143 183 411
140 142 378
5 14 311
175 216 328
122 184 411
84 268 435
11 56 158
262 294 324
31 169 255
35 113 247
11 32 214
11 158 430
11 64 196
91 150 441
100 131 360
264 334 348
2 166 433
34 108 294
31 77 209
151 229 384
341 350 444
2 322 327
23 204 240
283 284 310
24 26 421
4 38 442
123 340 393
23 266 296
2 248 433
122 294 422
26 53 365
128 244 402
173 286 336
42 244 354
1 103 339
122 294 325
29 233 364
17 83 298
10 70 327
105 152 352
65 252 288
145 353 356
10 273 432
15 153 241
62 92 430
18 42 354
88 236 252
20 39 179
25 159 276
31 114 307
30 115 407
124 310 425
65 252 260
16 182 361
9 87 256
16 361 398
225 324 396
109 281 385
3 28 424
31 65 260
4 38 176
43 190 268
6 283 333
172 173 188
88 107 154
31 77 114
5 135 410
24 26 137
90 215 326
100 360 363
45 222 273
15 241 317
56 115 431
233 364 440
42 51 231
185 207 408
5 135 238
3 228 424
19 303 332
172 188 403
157 200 304
7 117 161
86 217 239
66 339 377
73 155 194
220 228 317
69 250 254
35 220 247
23 266 373
3 25 269
65 261 307
10 321 432
103 117 386
142 180 273
40 94 203
2 248 322
131 427 439
9 212 256
6 333 335
166 185 207
17 49 83
35 346 438
112 203 297
59 199 231
85 124 181
143 183 422
174 258 412
229 269 384
25 276 422
35 220 376
148 195 370
59 128 231
93 339 372
119 264 348
64 149 196
69 157 230
112 203 375
234 270 279
76 81 114
15 317 405
270 387 443
26 137 365
251 301 424
62 92 313
184 300 449
84 199 263
25 28 159
136 240 318
29 184 411
1 339 377
59 128 146
113 247 448
175 216 347
75 280 415
48 205 270
121 294 425
89 101 257
81 114 293
79 161 410
341 350 426
0 187 448
29 236 440
202 300 401
304 352 446
156 198 417
20 74 246
41 127 224
149 302 421
200 241 277
10 222 273
32 237 289
20 179 246
113 290 337
10 222 327
10 70 127
89 102 163
39 223 345
35 346 376
88 154 285
47 138 258
23 296 341
38 212 315
37 68 193
60 297 342
95 360 363
37 193 234
32 64 289
35 189 438
129 154 344
95 363 437
96 120 237
98 100 377
66 98 377
119 172 173
172 264 437
101 257 288
215 290 326
48 270 295
80 102 186
72 102 240
102 240 329
322 327 382
12 161 410
162 277 317
226 234 248
156 237 274
19 303 399
211 259 383
106 206 330
290 326 438
106 126 330
106 314 397
108 294 425
156 412 417
21 112 257
112 257 375
113 337 429
104 114 307
156 192 258
164 230 250
115 214 370
115 407 431
93 172 299
117 135 306
222 327 382
12 117 135
75 117 386
32 237 274
40 94 368
118 300 416
182 219 348
118 325 416
119 173 336
227 275 280
96 120 137
164 250 361
120 137 365
118 122 325
204 266 373
42 51 271
134 211 259
138 179 246
123 297 420
132 350 444
121 124 425
41 127 407
128 146 402
129 154 285
209 337 429
31 97 255
14 73 311
110 131 427
132 144 444
185 214 332
140 328 413
33 140 328
140 266 413
68 368 406
140 378 432
16 267 357
36 142 273
36 142 378
149 282 302
216 351 359
143 389 411
125 145 341
145 341 426
94 145 353
145 350 368
123 393 420
94 145 368
146 287 397
17 221 338
16 178 398
329 353 375
366 401 404
24 149 421
199 231 263
151 154 229
70 148 195
107 151 154
27 130 227
161 213 245
47 155 194
156 194 391
156 192 194
156 198 274
19 52 332
87 232 388
59 199 206
14 305 419
38 176 212
71 220 247
160 197 352
161 213 423
105 160 352
275 280 362
176 212 291
98 172 437
15 167 405
118 184 300
2 148 166
229 269 326
174 323 412
339 372 386
50 160 390
75 280 372
6 283 284
250 301 396
182 219 357
342 420 443
184 233 449
185 214 370
188 286 403
173 188 286
10 127 224
284 310 324
190 210 419
92 158 430
23 204 373
30 195 370
75 312 415
0 81 187
82 161 390
69 230 250
202 401 404
94 203 375
204 240 338
204 338 351
18 99 271
86 249 292
208 349 427
208 427 439
31 97 209
127 195 407
31 129 260
79 213 245
205 366 420
83 216 359
200 304 371
205 270 387
220 317 405
72 221 338
3 25 28
171 225 251
225 251 324
205 387 420
226 248 414
