53 305 365
32 96 289
23 240 373
345 358 427
29 122 184
7 312 415
104 139 309
48 205 295
32 64 96
182 348 357
22 23 136
177 234 248
32 149 196
199 302 421
13 14 194
13 305 419
110 427 439
120 237 289
202 366 404
13 194 391
93 165 280
9 55 291
171 301 424
205 366 387
34 294 425
353 375 418
123 201 297
101 261 307
266 373 413
2 322 433
33 175 328
21 257 375
94 112 375
94 112 203
68 193 234
243 248 414
177 207 270
2 148 327
41 407 431
222 273 382
266 296 341
10 41 127
273 378 432
222 273 432
166 207 408
32 274 289
32 64 149
253 309 347
44 271 394
128 244 354
24 64 149
13 14 419
44 51 271
168 213 423
190 210 268
43 210 213
210 305 419
73 155 179
5 73 311
53 137 365
198 237 274
48 292 295
349 358 427
202 366 420
38 315 358
95 360 437
66 100 377
50 385 415
78 334 361
95 334 437
63 333 335
69 164 230
162 254 301
250 254 301
69 254 343
6 63 396
63 78 343
250 343 396
88 236 278
31 104 114
88 260 285
88 107 278
31 97 114
107 151 384
170 247 319
3 346 376
35 247 448
220 228 376
0 187 447
31 261 307
17 139 298
204 216 351
49 139 298
83 216 347
83 253 347
57 328 413
57 216 328
17 298 359
350 426 444
240 338 356
23 136 240
338 351 359
17 72 221
76 114 293
80 102 392
31 65 261
72 102 329
80 186 307
80 104 392
80 104 307
31 104 307
65 261 381
101 261 381
21 257 288
233 340 445
21 112 375
94 350 426
94 145 426
136 240 356
136 318 356
94 350 368
37 68 234
40 203 406
112 203 406
29 184 364
123 340 445
60 297 308
4 265 442
4 205 366
226 234 414
37 68 406
234 248 414
205 270 295
177 270 279
177 248 433
148 166 370
243 322 414
36 140 142
226 296 444
22 125 341
144 226 444
132 144 193
140 266 296
296 341 444
33 175 321
140 142 296
175 224 321
36 273 378
2 148 433
45 273 382
30 70 195
41 272 431
41 127 195
30 195 407
41 195 407
70 127 195
148 166 433
52 323 399
214 332 370
19 185 303
32 274 303
237 274 289
11 32 196
158 287 397
56 115 214
92 126 314
42 59 231
158 397 430
106 146 206
18 354 402
18 128 354
18 99 402
128 146 244
54 206 330
54 59 206
26 199 421
54 313 330
149 196 282
24 64 137
53 190 305
13 305 365
156 192 391
14 73 194
190 210 305
43 61 394
26 53 84
26 53 137
43 210 268
26 84 263
44 61 394
44 61 84
43 268 435
210 213 419
8 99 161
99 161 271
12 161 245
5 191 410
47 192 194
73 179 311
238 242 311
192 194 391
20 138 155
47 156 192
20 155 179
74 345 358
156 258 412
156 198 412
96 120 365
96 120 289
19 52 185
198 412 417
174 207 292
174 217 292
249 265 442
86 239 434
74 358 442
4 176 442
4 259 366
176 211 383
55 333 335
63 343 396
250 254 343
78 116 388
9 212 291
9 55 335
66 172 299
103 339 377
100 218 380
87 208 256
208 212 256
212 315 349
315 349 358
46 223 345
1 100 380
1 111 238
100 110 218
39 218 380
20 39 242
135 238 410
111 135 306
1 111 133
111 133 306
111 135 238
39 238 242
12 117 161
103 339 386
27 105 227
119 219 264
1 100 377
66 98 172
275 280 415
275 362 415
93 280 372
227 275 362
82 117 161
50 281 385
362 385 415
165 275 280
165 227 275
109 160 281
8 160 395
27 227 286
197 352 395
105 362 385
105 227 362
27 150 441
150 441 446
27 130 150
91 355 446
91 130 336
178 409 428
91 355 409
173 267 336
173 286 403
219 264 348
182 334 348
182 334 361
16 182 357
157 164 230
157 367 371
304 436 446
171 225 301
153 317 405
153 241 317
15 304 371
147 317 405
229 326 384
183 389 411
151 384 400
159 276 320
276 320 331
34 284 324
108 283 310
171 251 424
147 162 424
225 250 301
162 301 424
85 369 416
55 58 333
58 283 333
108 283 284
58 283 310
58 134 181
134 211 383
85 124 369
300 325 416
300 401 416
34 108 425
121 325 425
34 108 284
108 124 310
276 331 422
183 276 422
269 384 400
35 113 189
88 107 285
154 285 344
107 151 278
25 143 159
143 183 389
151 278 389
236 278 389
364 440 445
29 364 440
129 260 285
31 65 252
31 252 260
97 169 255
129 285 344
154 169 255
31 97 169
154 169 344
90 97 209
290 337 429
77 114 209
97 114 209
215 290 337
189 290 438
189 290 429
35 247 346
187 247 448
35 113 448
170 187 247
3 228 376
71 220 235
15 167 170
167 170 319
0 170 187
0 81 170
67 81 170
0 77 447
0 77 293
77 114 293
183 411 422
122 411 422
355 398 446
157 398 436
398 436 446
355 398 409
178 398 409
202 393 404
300 393 401
393 401 404
50 390 415
151 389 400
143 389 400
326 384 438
74 379 442
75 372 386
157 371 436
15 371 405
134 369 383
259 369 383
40 368 406
366 387 443
259 366 401
352 441 446
352 395 446
240 338 373
204 338 373
338 353 356
267 336 428
78 334 388
106 330 397
329 353 418
329 338 353
72 329 338
321 378 432
247 319 346
304 371 436
238 311 410
379 434 442
303 332 370
54 302 313
302 313 421
300 393 449
297 420 443
297 308 406
294 320 331
262 294 320
244 287 354
287 354 402
107 285 384
279 342 443
279 387 443
314 397 430
297 342 443
34 294 324
269 384 438
180 273 316
45 273 316
158 272 347
224 272 347
270 279 387
270 292 295
269 346 438
3 269 346
264 334 437
259 401 416
259 369 416
258 399 412
258 379 434
257 375 418
367 371 405
83 253 298
251 262 320
250 324 396
225 250 324
249 434 442
86 249 434
48 249 292
243 248 322
166 370 408
223 246 345
79 245 410
146 244 287
153 241 367
39 238 380
300 325 449
233 340 393
232 334 388
95 232 334
89 257 418
229 285 384
154 229 285
220 228 235
227 286 403
94 353 356
94 353 375
163 329 418
93 165 227
106 146 397
92 313 330
180 316 414
118 184 449
90 229 326
108 124 425
89 101 307
167 235 405
184 393 449
87 116 388
105 109 352
87 95 232
86 217 292
85 325 416
3 147 228
101 288 381
10 224 321
7 82 415
82 117 312
187 429 448
78 116 335
77 429 447
93 299 339
93 172 403
77 209 215
399 412 417
105 109 385
91 409 428
267 348 357
71 319 346
71 167 235
93 227 403
90 97 255
50 160 281
68 350 368
184 331 422
65 288 381
172 188 264
196 282 313
11 56 214
63 283 333
87 131 208
37 60 406
60 308 406
94 141 145
282 313 421
1 238 380
185 303 370
80 102 329
64 96 365
58 134 211
58 124 181
58 124 310
157 241 277
64 137 365
29 236 389
55 176 291
9 87 116
55 176 211
54 199 302
54 59 199
201 297 406
109 197 352
77 337 429
19 52 198
92 314 430
62 92 196
68 132 193
216 298 359
31 169 344
156 246 379
59 146 206
174 207 323
16 267 428
15 67 304
207 323 408
49 139 253
45 316 414
45 322 414
45 327 382
43 61 84
43 84 435
42 263 271
130 286 336
77 215 337
120 198 237
66 299 339
147 241 277
69 78 343
88 252 260
2 45 322
112 201 374
19 274 303
18 42 271
22 266 341
15 67 170
17 104 221
87 95 360
33 36 140
225 262 324
69 78 164
16 178 428
42 231 263
27 352 441
60 279 342
63 78 335
27 105 152
94 141 356
175 216 328
14 191 213
262 294 324
22 23 266
11 158 272
205 249 265
90 154 255
11 272 431
11 32 214
11 158 430
8 304 446
53 84 190
17 104 139
162 200 254
264 334 348
91 130 446
46 218 223
6 324 396
44 51 84
20 138 223
89 307 418
3 28 147
11 62 196
0 67 81
119 188 403
24 26 421
57 216 373
21 236 288
123 340 393
20 218 223
103 133 377
173 286 336
10 70 327
14 213 419
36 321 378
105 152 352
0 67 76
62 92 430
11 56 431
156 258 379
84 190 435
88 236 252
52 198 417
125 318 356
11 62 430
16 182 361
20 242 311
9 87 256
66 100 363
16 361 398
0 76 293
189 429 448
109 281 385
110 208 439
184 233 393
21 374 445
72 338 359
37 177 279
68 132 350
24 26 137
79 213 410
1 133 377
90 215 326
74 345 379
18 42 59
56 115 431
28 159 320
204 216 373
6 284 324
51 263 271
20 39 218
172 188 403
52 185 323
9 116 335
86 217 239
66 339 377
73 155 194
72 102 221
21 236 440
246 345 379
110 131 360
23 266 373
3 25 269
20 179 311
142 180 273
40 94 203
9 212 256
118 325 449
17 72 359
35 346 438
75 133 312
59 199 231
71 167 319
185 370 408
160 161 390
2 45 327
6 63 284
71 220 346
92 126 330
14 73 191
63 283 284
33 36 321
93 339 372
65 236 252
142 180 226
37 177 234
10 224 272
69 157 230
26 231 263
157 200 254
144 193 226
163 186 418
37 60 279
126 314 397
52 399 417
25 28 159
59 128 146
75 280 415
28 251 320
78 164 361
89 101 257
92 196 313
29 236 440
219 267 348
24 282 421
124 134 369
30 70 327
51 84 263
31 129 344
10 222 327
30 115 431
10 70 127
66 98 363
157 241 367
57 373 413
21 440 445
38 212 315
5 73 191
60 297 342
75 133 386
22 125 136
118 184 331
10 41 272
19 198 274
35 189 438
186 307 418
258 323 434
98 360 437
98 360 363
180 226 414
112 201 406
172 264 437
101 257 288
215 290 326
102 221 392
110 131 208
184 233 445
248 322 433
30 407 431
176 259 383
106 206 330
290 326 438
91 336 428
207 270 292
138 223 246
109 160 395
109 197 395
110 360 363
100 110 363
43 213 394
122 389 411
115 148 327
30 115 327
115 214 370
115 148 370
93 172 299
90 154 229
117 135 306
222 327 382
12 117 135
8 395 446
125 141 356
118 294 331
40 94 368
55 58 211
18 59 128
118 325 425
118 294 425
65 236 288
119 173 403
38 176 358
120 198 391
29 122 389
125 426 444
123 297 393
132 350 444
124 134 181
121 124 325
121 124 425
125 136 318
126 330 397
161 271 423
139 253 309
177 207 433
82 390 415
27 130 286
130 150 446
132 144 444
133 306 312
103 133 386
135 245 410
12 135 245
171 251 262
21 112 374
8 160 161
140 328 413
33 140 328
140 266 413
68 368 406
125 141 426
163 186 329
142 226 296
16 267 357
36 142 273
25 143 269
208 212 427
143 269 400
217 239 434
202 297 393
216 351 359
125 341 444
27 152 352
146 287 397
147 235 405
147 228 235
16 178 398
147 251 424
147 162 277
366 401 404
190 268 435
258 323 399
120 365 391
157 361 398
161 213 245
218 345 427
138 155 156
47 155 156
47 155 194
153 367 405
87 232 388
69 157 254
157 200 277
157 164 361
143 159 183
159 183 276
38 176 212
161 213 423
85 124 325
162 200 277
176 212 291
98 172 437
15 167 405
168 271 394
168 271 423
222 321 432
138 156 246
173 219 267
119 173 219
339 372 386
50 160 390
24 149 282
174 323 434
75 280 372
174 217 434
4 176 259
176 358 442
5 311 410
13 365 391
122 184 422
184 364 445
185 323 408
366 420 443
80 186 329
117 306 312
187 429 447
119 188 264
147 241 317
113 189 448
110 218 427
141 145 426
7 82 312
193 226 234
83 216 298
175 216 224
26 199 231
75 312 415
156 198 391
82 161 390
123 201 445
201 374 445
204 338 351
48 205 249
18 99 271
4 205 265
86 249 292
166 207 433
208 427 439
90 209 215
49 253 298
202 297 420
212 349 427
31 129 260
79 213 245
168 213 394
191 213 410
214 303 332
216 224 347
28 147 251
46 218 345
205 270 387
220 346 376
104 221 392
10 222 321
32 214 303
87 131 360
3 25 28
171 225 262
