142 192 280
200 311 380
328 354 446
136 201 205
286 309 460
66 312 415
16 54 175
11 69 447
192 280 294
13 332 446
257 336 478
22 182 243
190 340 386
108 172 243
195 228 365
114 336 431
38 373 374
94 342 417
79 318 494
154 181 388
19 38 215
157 373 374
26 240 449
136 206 463
181 388 482
14 184 191
149 241 273
127 206 463
99 166 292
63 372 498
156 175 312
179 429 483
411 469 471
115 184 367
170 285 428
76 81 354
81 208 285
190 380 419
217 479 485
186 347 437
81 242 285
156 312 452
179 339 429
87 329 360
369 468 473
56 266 421
126 437 496
287 355 485
153 320 457
56 420 496
226 336 409
226 409 468
280 294 422
226 384 473
221 223 467
57 327 453
245 327 453
328 330 354
88 163 467
12 279 317
12 88 163
190 194 424
71 311 380
157 344 374
32 294 455
34 442 493
306 368 480
67 69 157
9 200 249
157 413 449
26 157 344
69 373 447
103 207 447
69 157 373
30 94 417
21 164 212
30 94 492
3 213 487
3 33 236
116 213 487
48 146 198
33 236 252
44 236 252
6 222 336
226 468 473
124 333 396
168 269 431
5 114 442
257 361 478
254 399 439
442 458 493
20 80 93
20 80 282
80 93 398
95 233 378
230 348 464
256 288 319
95 229 288
18 111 284
23 98 362
288 319 454
74 254 326
101 296 300
49 305 454
8 176 349
23 267 456
31 99 151
75 216 315
166 292 461
166 267 461
31 151 427
73 341 472
187 341 461
259 376 434
62 191 407
62 82 191
189 477 495
96 237 259
73 298 472
241 393 445
154 253 274
130 165 346
154 274 388
2 435 459
177 224 429
119 148 459
119 211 459
64 289 436
102 120 273
55 141 436
289 436 438
63 64 372
235 304 409
66 175 312
39 53 202
117 276 366
225 232 272
28 186 238
123 272 353
92 113 134
84 324 401
214 232 444
197 242 285
28 242 385
28 385 428
139 481 485
197 285 428
197 242 385
197 385 428
10 81 242
76 81 208
78 81 354
161 328 330
10 78 81
13 170 332
72 161 330
60 76 208
13 60 208
13 60 446
287 328 355
328 332 446
161 287 328
57 72 287
65 402 479
139 217 485
65 217 479
170 238 489
170 332 489
328 332 355
29 186 437
188 355 465
186 238 489
347 465 489
186 347 489
173 437 450
173 347 437
29 117 276
35 276 366
29 117 186
35 272 356
35 77 276
35 132 356
177 204 483
162 389 421
177 429 483
177 204 266
50 179 210
126 308 496
50 179 483
56 359 371
179 312 452
308 420 496
50 56 483
50 56 210
204 266 483
56 266 483
421 437 496
188 450 481
126 139 481
56 421 496
369 384 473
65 243 402
287 379 402
172 369 384
172 369 474
108 172 474
121 156 323
56 420 474
56 210 359
56 371 474
210 359 452
179 210 452
156 323 452
226 301 384
121 156 167
336 409 478
167 235 304
304 409 468
235 409 478
22 280 422
32 294 422
22 301 384
182 379 453
142 192 297
142 297 317
192 297 390
249 297 390
190 275 424
194 279 424
12 142 317
88 221 467
182 245 453
163 245 467
163 245 457
78 330 354
72 161 287
57 72 153
245 320 327
135 392 457
78 330 392
245 320 457
135 194 412
135 163 457
72 153 330
10 78 392
10 313 392
313 340 386
313 340 412
279 317 424
190 275 380
249 275 424
71 380 419
200 249 275
71 343 419
190 386 419
311 343 423
343 386 419
109 200 311
71 311 343
218 306 368
265 306 365
109 171 200
200 275 380
249 368 390
4 32 112
32 293 422
90 293 499
110 218 306
265 306 480
9 218 240
110 344 374
110 228 374
207 215 487
26 157 449
145 219 413
145 219 239
171 219 413
171 219 239
109 171 239
343 386 423
281 375 486
97 239 281
239 281 423
97 281 375
11 68 491
67 68 400
68 400 491
97 375 425
70 358 414
281 423 486
86 314 486
70 394 414
59 394 414
24 70 394
24 70 358
24 86 394
24 86 314
59 255 405
116 212 470
394 405 492
59 394 405
43 133 338
43 133 207
133 207 487
52 414 491
52 59 103
52 59 414
11 103 447
38 215 373
19 215 487
3 146 213
48 116 213
164 203 212
3 19 487
48 146 213
203 212 470
133 203 470
94 342 492
260 284 342
174 284 342
21 41 47
18 36 47
21 41 290
21 164 174
15 318 494
41 155 290
41 155 378
15 233 382
15 233 378
15 155 378
15 155 494
155 290 494
198 318 396
79 198 318
79 290 494
61 318 396
15 318 382
20 318 382
34 333 396
20 61 93
127 270 463
34 61 93
114 152 443
124 168 333
44 236 408
20 61 318
34 61 396
3 33 146
38 374 387
3 227 236
38 227 387
195 228 374
377 387 408
118 195 377
44 377 408
44 168 377
5 114 269
168 269 333
114 269 431
4 118 265
4 112 293
32 112 293
6 90 499
6 293 499
90 118 431
114 257 336
91 283 361
114 152 257
5 34 333
5 269 333
270 458 463
5 34 442
136 302 363
152 257 443
363 442 443
114 442 443
201 257 302
136 201 302
136 458 463
8 315 398
17 309 416
234 286 460
136 205 206
127 206 286
241 310 393
241 273 416
17 102 416
149 241 445
309 310 460
310 393 460
125 234 460
144 220 426
187 298 464
349 370 441
349 370 488
234 270 432
127 234 270
8 398 432
127 234 286
234 432 488
270 398 432
270 458 493
34 93 493
93 398 493
270 398 493
8 263 315
80 282 315
80 315 398
8 75 263
8 75 176
75 263 315
20 282 382
216 282 315
95 216 282
95 229 378
288 305 454
229 256 288
111 256 319
74 326 454
74 260 319
74 319 454
49 326 454
49 246 326
246 326 399
254 300 439
101 260 300
300 439 456
399 439 456
254 326 399
1 264 348
46 230 244
46 230 246
49 246 305
176 230 464
264 348 464
73 220 298
341 448 461
1 187 461
292 448 461
267 399 456
99 166 440
99 151 440
98 151 440
166 267 440
98 267 440
23 98 267
147 316 357
98 296 362
23 362 456
98 296 357
147 151 316
98 316 357
98 151 316
101 296 357
62 101 291
101 291 357
14 82 191
62 143 407
7 143 407
89 258 292
31 89 99
292 322 448
89 99 292
89 258 407
258 407 490
100 191 407
100 407 490
100 383 490
130 477 495
45 130 165
37 130 495
189 322 448
37 322 495
160 189 250
189 322 495
160 341 448
160 189 448
73 160 341
96 237 426
96 259 445
160 237 250
250 268 325
130 346 477
149 274 388
253 274 434
149 274 434
262 325 376
45 253 295
45 253 262
268 346 477
45 130 191
45 262 381
45 165 381
45 184 295
154 253 295
321 367 476
0 154 181
154 295 476
27 321 367
0 141 277
141 277 436
0 154 476
115 295 476
184 261 367
115 367 476
45 184 191
115 184 295
27 350 367
148 248 459
27 42 321
261 299 350
261 350 367
211 299 459
119 148 352
138 364 404
54 131 137
64 128 372
27 42 350
0 181 277
0 321 476
277 436 438
181 277 438
149 388 482
149 273 482
102 273 416
17 159 205
53 278 283
120 199 289
102 120 278
53 63 199
17 102 159
159 278 361
102 159 278
201 257 361
278 283 361
180 235 478
91 180 283
180 235 433
58 180 433
58 202 433
39 53 63
54 169 175
105 131 169
105 106 169
66 169 175
66 106 169
54 131 169
247 410 498
137 247 498
107 345 498
345 372 498
107 231 498
137 231 404
137 231 498
40 122 158
134 214 444
113 406 418
122 129 364
40 106 303
87 303 415
87 339 415
40 303 329
87 339 360
87 303 329
132 271 411
329 360 411
329 411 469
271 360 411
123 335 475
214 335 469
132 411 471
335 469 471
335 471 475
132 471 475
117 225 366
123 232 272
272 353 356
132 356 475
117 225 232
85 193 403
123 214 232
123 214 335
134 214 469
196 484 497
113 134 406
92 134 469
196 307 484
85 397 462
85 104 391
82 209 324
85 104 193
403 406 462
85 403 462
113 158 418
403 406 418
196 352 497
196 403 418
119 129 352
248 251 466
395 484 497
334 401 430
185 395 466
299 435 459
14 82 435
2 209 251
324 401 430
83 334 451
104 334 451
140 331 397
84 140 331
82 84 324
375 486 491
32 455 480
126 437 481
437 450 481
149 434 445
358 414 486
135 392 412
313 392 412
118 377 431
168 377 431
374 377 387
359 371 452
370 393 441
339 360 429
414 486 491
55 351 436
64 351 436
8 349 432
1 348 461
267 348 399
173 347 450
178 346 381
165 346 381
25 35 77
131 137 404
195 374 377
123 353 356
121 323 371
43 59 338
135 194 279
205 206 286
118 195 365
118 265 365
104 391 401
104 193 307
182 223 467
97 145 425
28 117 186
287 379 453
100 130 383
352 395 497
121 337 371
40 92 329
92 113 158
55 138 404
363 442 458
167 202 235
88 142 221
17 205 286
37 292 322
167 304 337
83 334 430
9 218 249
241 309 310
83 185 430
123 356 475
83 185 395
287 402 479
120 273 482
26 218 344
12 88 142
75 216 244
75 176 230
331 391 401
225 272 366
26 218 240
73 220 426
192 368 455
67 145 413
63 410 498
76 354 446
63 64 289
91 361 478
11 67 68
59 255 338
43 59 207
172 243 384
55 119 211
121 167 337
116 212 290
57 287 453
53 180 283
145 400 425
53 58 202
37 130 383
51 291 357
22 222 422
31 407 427
18 47 256
184 261 435
83 395 484
41 47 378
304 337 369
4 90 293
108 217 308
18 174 284
2 82 209
31 89 407
48 116 290
21 36 174
242 313 386
105 106 122
18 36 174
25 35 132
51 62 291
16 156 175
17 286 309
66 106 303
11 52 491
142 221 223
171 200 413
64 128 351
40 92 158
128 351 404
16 137 247
75 230 244
129 196 418
53 58 180
47 229 256
60 76 446
117 232 397
42 211 299
13 170 285
236 387 408
122 131 364
21 36 47
29 389 421
39 63 410
29 77 389
57 320 327
66 303 415
164 174 417
55 119 138
6 336 431
150 203 417
16 54 137
9 413 449
85 331 397
67 157 413
97 145 239
2 82 435
129 138 364
46 244 305
185 251 466
29 77 276
144 298 464
375 425 491
116 133 487
55 351 404
11 52 103
271 360 429
207 215 373
30 150 417
16 156 202
3 38 227
232 444 462
4 90 118
59 103 207
6 222 422
181 289 438
42 141 321
193 196 307
11 67 69
1 264 464
174 342 417
28 117 242
259 434 445
183 441 445
261 299 435
46 246 305
24 314 486
349 432 488
188 481 485
2 248 251
6 293 422
250 325 376
227 236 387
116 133 470
57 153 320
7 407 427
120 289 482
6 90 431
53 120 199
2 248 459
85 331 391
44 124 252
25 132 271
37 383 490
47 229 378
111 284 319
24 358 486
42 299 350
224 271 429
25 77 389
105 122 131
304 369 468
4 32 265
108 308 420
22 222 301
185 209 430
30 150 338
13 208 285
40 106 122
12 135 163
28 170 238
92 329 469
133 203 338
104 334 401
65 217 243
33 146 198
181 289 482
33 198 396
122 129 418
9 240 449
0 141 321
18 111 256
42 55 141
307 451 484
178 268 325
337 369 371
188 347 465
51 62 143
25 162 389
182 245 467
122 158 418
37 258 292
332 465 489
37 258 490
104 307 451
91 180 478
73 160 426
100 130 191
95 282 382
44 124 168
95 233 382
239 311 423
136 363 458
400 425 491
156 167 202
131 364 404
25 162 271
188 355 485
125 370 393
192 368 390
125 393 460
28 170 428
109 239 311
126 139 217
126 217 308
260 284 319
107 128 231
128 345 372
128 231 404
119 129 138
129 196 352
297 317 424
142 223 280
51 147 357
95 216 288
29 421 437
187 298 341
7 143 147
162 266 421
144 176 349
393 441 445
144 176 464
39 202 410
144 220 298
144 183 441
3 19 38
144 349 441
323 371 452
67 145 400
7 147 427
147 151 427
153 330 392
153 392 457
74 254 260
241 309 416
162 177 266
30 255 492
22 182 280
148 248 395
84 331 401
178 262 381
296 362 456
177 224 271
178 262 325
178 268 346
63 199 289
179 312 415
179 339 415
222 226 301
182 223 280
182 379 402
14 184 435
144 183 426
30 255 338
96 183 426
51 143 147
96 183 445
185 209 251
188 347 450
12 135 279
189 268 477
237 250 376
189 250 268
53 120 278
192 294 455
193 196 403
21 212 290
194 340 412
134 406 444
190 194 340
33 252 396
42 55 211
79 198 290
9 200 413
267 348 461
202 235 433
202 247 410
16 202 247
255 405 492
150 203 338
117 140 397
164 203 417
22 243 384
124 252 396
159 205 361
201 205 361
162 177 271
207 373 447
332 355 465
32 265 480
209 324 430
232 397 462
10 242 313
216 244 288
108 217 243
218 249 368
110 218 344
222 226 336
148 352 395
228 306 365
83 451 484
110 228 306
287 479 485
234 370 488
125 234 370
1 187 464
237 259 376
406 444 462
242 423 486
242 386 423
244 288 305
246 348 399
230 246 348
248 395 466
253 376 434
108 420 474
253 262 376
254 260 300
48 198 290
35 272 366
369 371 474
160 237 426
182 243 402
296 300 456
249 297 424
298 341 472
257 302 443
302 363 443
368 455 480
107 128 345
