286 309 460
244 246 288
22 301 422
11 69 447
257 336 478
22 182 243
108 172 243
195 228 365
145 157 413
79 318 494
154 181 388
19 38 215
26 240 449
136 206 463
181 388 482
48 116 212
14 184 191
127 206 463
99 166 292
63 372 498
156 175 312
179 429 483
411 469 471
13 170 208
81 208 285
173 347 465
55 64 128
369 468 473
162 224 271
56 266 421
323 359 452
56 420 496
226 336 409
226 409 468
280 294 422
226 384 473
221 223 467
57 327 453
88 163 467
12 88 163
190 194 424
71 311 380
386 423 486
32 368 480
32 294 455
306 368 480
67 69 157
9 200 249
11 68 69
157 413 449
109 311 423
11 103 491
103 207 447
195 374 387
150 338 417
30 94 417
21 164 212
30 94 492
36 174 284
3 213 487
3 33 236
116 213 487
125 370 488
48 146 198
33 236 252
195 377 387
44 236 252
6 222 336
226 468 473
124 333 396
168 269 431
5 114 442
254 399 439
20 80 93
20 80 282
233 282 382
80 93 398
230 348 464
256 288 319
95 229 288
18 111 284
23 98 362
288 319 454
101 296 300
49 305 454
166 292 461
31 151 427
259 376 434
62 191 407
189 477 495
144 183 349
73 298 472
181 438 482
241 393 445
154 253 274
130 165 346
55 141 211
154 274 388
2 435 459
177 224 429
2 251 459
119 148 459
119 211 459
64 289 436
55 64 436
102 120 273
55 141 436
289 436 438
39 410 498
159 201 205
235 304 409
66 175 312
39 53 202
119 129 364
196 352 418
77 162 389
28 186 238
123 272 353
196 307 403
148 395 466
148 248 466
248 251 459
84 324 401
117 186 242
28 242 385
139 481 485
197 285 428
197 242 385
10 81 242
76 81 208
161 328 330
10 78 81
13 170 332
72 161 330
60 76 208
13 60 208
173 450 465
328 332 446
57 153 327
57 72 287
65 402 479
65 217 479
402 479 485
355 481 485
170 238 489
188 355 481
328 332 355
28 186 242
355 465 489
188 355 465
347 465 489
173 437 450
173 347 437
29 117 276
29 389 437
29 117 186
117 140 232
35 77 132
25 77 162
35 77 276
132 162 271
25 77 132
25 132 162
177 266 421
177 204 266
162 177 224
50 179 210
50 179 483
56 359 371
308 420 496
50 56 210
204 266 483
389 421 437
421 437 496
188 450 481
188 450 465
126 139 481
56 421 496
65 243 402
287 379 402
172 369 474
108 172 474
56 420 474
56 210 359
56 371 474
210 359 452
323 359 371
121 304 337
222 301 336
226 301 384
121 156 167
336 409 478
121 167 304
167 235 304
91 180 361
304 409 468
226 301 336
222 301 422
22 280 422
22 223 280
32 294 422
22 301 384
182 223 245
182 379 453
223 245 467
22 182 223
142 192 297
142 297 317
192 297 390
190 275 424
194 279 424
88 221 467
182 245 453
163 245 467
163 245 457
78 330 354
72 161 287
57 72 153
153 320 327
78 330 392
245 320 457
135 194 412
135 163 457
72 153 330
10 78 392
330 392 457
10 313 392
135 313 412
242 386 486
313 340 386
313 340 412
279 317 424
190 275 380
249 275 424
9 249 368
311 343 423
343 386 419
109 200 311
218 306 368
109 171 200
249 368 390
32 368 455
4 32 112
118 195 265
32 293 422
90 293 499
118 168 431
265 306 480
9 218 240
9 218 368
110 344 374
110 228 374
110 228 365
207 215 487
67 145 425
67 145 157
145 239 425
145 219 239
171 219 239
109 171 239
343 386 423
97 239 281
97 281 375
97 239 425
67 400 425
97 375 425
358 375 486
86 314 486
70 394 414
314 358 486
59 394 414
24 314 358
24 70 394
24 86 394
24 86 314
59 255 405
116 212 470
43 59 255
394 405 492
59 394 405
30 405 492
30 255 417
30 255 405
255 338 417
43 255 338
43 133 338
43 133 207
133 207 487
52 59 414
11 103 447
19 215 487
146 198 252
48 116 213
33 146 252
21 48 290
21 48 212
164 203 212
3 19 487
48 146 213
203 212 470
150 164 417
133 203 470
150 164 203
94 342 492
260 284 342
174 284 342
21 41 47
21 41 290
41 47 229
15 318 494
41 155 290
41 155 378
111 229 256
41 229 378
15 233 382
15 233 378
15 155 378
15 155 494
198 318 396
79 198 318
61 318 396
15 318 382
20 318 382
34 333 396
20 61 93
114 152 443
124 168 333
44 236 408
20 61 318
34 61 396
38 374 387
3 227 236
38 227 387
195 228 374
195 265 365
377 387 408
118 195 377
44 377 408
168 269 333
4 118 265
4 112 293
4 118 293
32 112 293
6 90 499
6 293 499
90 118 431
90 118 293
114 257 336
114 152 257
5 34 333
5 34 442
136 302 363
363 442 443
114 442 443
201 257 302
159 201 361
136 201 302
136 458 463
125 234 488
8 315 398
17 309 416
234 286 460
127 206 286
241 310 416
241 310 393
289 438 482
241 273 416
17 102 416
149 241 445
309 310 416
309 310 460
310 393 460
125 234 460
144 220 426
183 349 441
187 298 472
187 298 464
349 370 441
349 370 488
234 270 432
8 432 488
127 234 270
8 398 432
127 234 286
234 432 488
270 398 432
93 398 493
8 263 315
80 282 315
75 176 216
80 315 398
216 230 244
8 75 263
8 75 176
20 282 382
216 282 315
246 288 305
288 305 454
229 256 288
111 256 319
74 326 454
74 260 319
74 319 454
176 216 230
46 244 246
49 326 454
49 246 326
246 326 399
254 300 439
74 260 300
101 260 300
300 439 456
254 326 399
1 264 348
187 341 472
46 230 244
46 230 246
49 246 305
1 187 264
176 230 464
73 220 298
341 448 461
292 448 461
99 166 440
98 151 440
1 267 348
166 267 440
147 316 357
98 296 362
23 362 456
98 296 357
147 151 316
98 316 357
98 151 316
101 296 357
62 101 291
101 291 357
31 89 427
51 143 291
62 143 291
62 143 407
7 147 151
7 143 407
89 258 292
31 89 99
89 99 292
258 407 490
100 191 407
100 407 490
100 191 383
100 383 490
130 477 495
189 322 495
160 341 448
160 189 448
220 237 426
73 220 237
268 325 346
250 268 325
178 325 346
237 250 259
130 346 477
149 274 388
253 274 434
149 259 445
149 259 434
149 274 434
45 253 295
268 346 477
165 178 346
165 178 381
45 165 381
154 253 295
321 367 476
0 154 181
211 299 350
141 277 436
0 154 476
184 261 367
115 184 295
148 248 459
27 42 321
0 42 321
261 299 350
211 299 459
119 148 352
54 131 137
55 128 351
42 141 211
0 42 141
0 321 476
277 436 438
181 277 438
149 388 482
102 273 416
17 159 205
53 278 283
120 199 289
58 180 283
53 63 199
17 102 159
159 278 361
180 361 478
91 180 283
167 235 433
58 180 433
167 202 433
58 202 433
39 63 498
39 53 63
106 303 415
105 106 169
66 169 175
40 105 106
105 131 364
131 137 364
247 410 498
16 247 410
137 247 498
345 372 498
137 231 404
137 231 498
137 364 404
105 122 364
40 122 158
134 214 444
122 129 158
113 406 418
122 129 364
40 106 303
87 303 415
40 105 122
87 339 415
40 303 329
87 339 360
132 271 411
329 360 411
329 411 469
271 360 411
132 411 471
335 469 471
335 471 475
117 225 366
272 353 356
85 391 397
117 225 232
232 397 444
196 484 497
92 134 469
397 444 462
196 307 484
140 232 397
331 391 397
85 397 462
85 104 391
82 209 324
193 307 403
85 104 193
403 406 462
113 158 418
196 352 497
119 129 352
248 251 466
395 484 497
83 185 484
185 395 484
185 395 466
299 435 459
2 209 435
2 209 251
185 209 324
84 391 401
324 401 430
83 334 451
104 334 451
104 334 391
140 331 397
82 84 324
96 441 445
126 437 481
437 450 481
235 409 433
398 458 493
270 398 458
334 391 430
262 376 381
375 423 486
358 375 414
339 360 429
132 356 471
355 402 485
287 355 402
344 373 374
157 344 373
123 232 444
123 134 469
23 267 399
121 323 371
250 259 376
119 138 404
119 364 404
205 206 286
317 390 424
245 320 453
5 114 333
107 128 404
115 154 295
29 347 437
123 225 272
104 193 307
14 209 435
96 183 441
125 393 441
287 379 453
24 358 414
92 134 406
352 395 497
121 337 371
40 92 329
92 113 158
55 138 404
269 336 431
91 278 361
106 169 415
363 442 458
88 142 221
89 258 427
152 363 443
37 292 322
83 334 430
28 197 385
83 324 430
157 344 449
83 185 324
115 154 476
123 335 353
79 155 290
120 273 482
79 155 494
12 88 142
76 78 81
225 272 366
26 218 240
73 160 250
68 69 400
96 237 445
26 344 449
152 302 363
249 390 424
76 354 446
63 64 289
29 186 347
94 164 417
63 128 372
61 93 493
241 273 482
253 262 381
43 59 207
114 269 336
120 159 278
172 243 384
55 119 211
57 287 453
153 320 330
54 105 169
16 202 410
54 105 131
201 257 478
53 58 283
53 58 202
37 130 383
52 103 207
52 59 207
51 291 357
50 56 266
184 261 435
184 367 476
50 266 483
1 187 341
320 327 453
308 437 496
304 337 369
7 151 427
125 370 441
108 217 308
21 174 342
114 269 333
31 151 440
21 36 174
160 189 477
123 225 232
180 409 433
242 313 386
26 218 306
91 278 283
27 42 211
16 156 175
142 221 223
18 47 111
171 200 413
127 270 458
142 279 317
16 156 167
40 92 158
128 351 404
16 137 247
92 113 406
14 82 209
34 61 493
60 76 446
63 64 128
44 118 377
13 60 332
236 387 408
21 36 47
12 194 279
36 47 284
29 77 389
109 281 423
28 197 428
73 160 472
27 261 350
67 69 400
94 164 342
55 119 138
6 336 431
320 330 457
16 54 137
9 413 449
47 111 229
21 164 342
23 98 440
185 251 466
29 77 276
144 298 464
130 322 495
123 214 444
375 425 491
116 133 487
71 190 380
55 351 404
95 216 233
33 146 213
271 360 429
207 215 373
26 306 344
3 38 227
391 401 430
356 471 475
6 222 422
107 231 404
1 341 461
136 201 206
177 204 429
38 215 374
172 384 473
375 414 491
11 68 400
340 386 419
16 167 202
261 299 435
216 233 282
237 259 445
6 293 422
250 325 376
227 236 387
116 133 470
7 407 427
37 130 322
27 211 350
120 289 482
6 90 431
53 120 199
44 124 252
37 383 490
23 399 439
103 414 491
96 183 237
8 176 488
24 70 414
111 284 319
85 193 462
23 267 440
224 271 429
35 117 276
304 369 468
60 332 446
16 169 175
4 32 265
45 191 295
108 308 420
34 458 493
102 120 159
66 312 339
123 335 469
81 197 285
12 135 163
28 170 238
92 329 469
189 292 322
133 203 338
81 197 242
205 286 309
281 375 423
178 376 381
65 217 243
66 339 415
3 33 213
158 352 418
9 240 449
34 442 458
307 451 484
337 369 371
84 140 391
12 135 194
37 258 292
37 258 490
156 179 312
303 329 360
104 307 451
229 233 378
110 265 306
31 99 440
35 117 366
23 439 456
44 118 168
14 62 191
44 124 168
136 363 458
400 425 491
110 265 365
192 368 390
125 393 460
28 170 428
126 139 217
75 216 263
126 217 308
260 284 319
128 345 372
130 191 383
132 272 356
35 132 272
139 217 479
246 267 348
140 331 391
73 237 250
141 181 277
0 141 181
142 223 280
11 400 491
51 147 357
12 142 279
95 216 288
142 192 294
142 280 294
7 143 147
144 176 349
393 441 445
144 176 464
52 103 414
39 202 410
144 220 298
3 19 38
177 389 421
145 171 219
261 321 367
313 392 457
145 171 413
162 177 389
156 179 210
14 62 82
156 210 452
69 157 447
160 250 268
129 158 352
160 268 477
196 406 418
109 239 281
1 166 267
160 341 472
161 287 355
157 373 447
161 328 355
130 165 191
45 165 191
71 190 419
66 169 415
170 332 355
170 355 489
139 479 485
335 356 475
172 369 473
296 362 456
176 349 488
178 325 376
63 199 289
180 409 478
182 379 402
183 237 426
14 184 435
144 183 426
51 143 147
115 184 476
185 209 251
187 348 464
187 264 348
1 166 461
18 47 284
189 292 448
184 191 295
53 120 278
16 54 169
192 294 368
193 403 462
194 340 412
134 406 444
76 78 354
190 194 340
196 403 406
79 198 290
312 339 429
9 200 413
201 205 206
201 361 478
216 263 315
150 203 338
204 429 483
22 243 384
124 252 396
17 205 309
207 373 447
170 208 428
32 265 480
208 285 428
10 242 313
152 257 302
215 373 374
216 244 288
108 217 243
246 267 399
121 156 452
148 352 395
83 451 484
95 229 233
127 458 463
190 340 419
231 345 498
107 231 345
238 347 489
406 444 462
186 238 347
149 241 482
330 354 446
230 246 348
121 323 452
249 311 380
200 249 311
249 275 380
198 252 396
253 376 434
108 420 474
253 262 376
45 253 381
258 407 427
27 261 321
48 198 290
123 134 214
35 272 366
369 371 474
182 243 402
294 368 455
311 343 419
296 300 456
126 308 437
254 300 326
74 300 326
87 303 360
110 306 344
71 311 419
179 312 429
135 313 457
297 317 390
328 330 446
335 353 356
107 128 345
