60 76 354
200 311 380
66 312 415
16 54 175
249 297 317
257 336 478
16 175 202
22 182 243
108 172 243
9 171 413
195 228 365
114 336 431
94 342 417
133 150 203
19 38 215
26 240 449
227 236 408
273 289 482
136 206 463
181 388 482
144 220 464
14 184 191
149 241 273
96 183 393
127 206 463
63 372 498
156 175 312
162 177 421
179 429 483
411 469 471
81 208 285
217 479 485
186 347 437
81 242 285
179 339 429
162 224 271
56 266 421
126 437 496
108 139 217
287 355 485
153 320 457
56 420 496
226 336 409
280 294 422
226 384 473
221 223 467
57 327 453
88 163 467
12 279 317
71 311 380
386 423 486
32 294 455
6 90 336
306 368 480
67 69 157
9 200 249
11 68 69
26 157 344
69 373 447
67 68 69
109 311 423
11 103 491
103 207 447
69 157 373
207 215 447
150 338 417
30 94 417
21 164 212
30 94 492
164 342 417
36 174 284
3 213 487
3 33 236
116 213 487
48 146 198
44 168 252
33 236 252
227 387 408
124 198 396
195 377 387
44 236 252
90 336 431
124 333 396
168 269 431
257 361 478
370 441 460
254 399 439
233 282 382
80 93 398
230 348 464
95 229 288
18 111 284
23 98 362
288 319 454
95 244 288
49 305 454
31 99 151
75 216 315
166 292 461
31 151 427
187 341 461
259 376 434
62 191 407
189 477 495
96 237 259
241 393 445
154 253 274
250 259 325
130 165 346
55 141 211
2 435 459
177 224 429
2 251 459
119 148 459
119 211 459
55 64 436
64 199 289
63 64 372
120 199 278
66 175 312
16 39 202
39 53 202
119 129 364
107 128 351
196 352 418
224 339 429
123 353 475
77 162 389
148 395 497
123 272 353
196 307 403
193 307 451
92 113 134
214 232 444
117 186 242
197 242 285
28 242 385
28 385 428
139 481 485
197 285 428
197 242 385
197 385 428
10 81 242
76 81 208
161 328 330
10 78 81
13 170 332
72 161 330
60 76 208
60 354 446
13 60 208
328 332 446
57 153 327
57 72 287
65 402 479
139 217 485
65 217 479
108 126 139
355 481 485
170 238 489
188 355 481
328 332 355
126 437 450
188 355 465
186 238 489
347 465 489
186 347 489
173 437 450
173 347 437
29 117 276
29 389 437
77 276 389
35 77 132
25 77 162
35 225 272
35 77 276
35 132 356
132 162 271
25 77 132
25 132 162
29 276 389
177 266 421
162 389 421
177 204 266
162 177 224
50 179 210
126 308 496
50 179 483
56 359 371
308 420 496
50 56 210
204 266 483
389 421 437
421 437 496
188 450 481
108 126 308
56 421 496
65 243 402
287 379 402
337 371 474
121 323 337
172 369 474
108 172 474
56 210 359
210 359 452
58 202 283
337 369 474
323 337 371
226 301 384
121 156 167
336 409 478
121 167 304
167 235 304
91 180 361
226 301 336
22 280 422
22 223 280
32 294 422
22 301 384
182 223 245
182 379 453
223 245 467
22 182 223
294 390 455
142 192 297
192 294 390
142 297 317
192 297 390
249 297 390
190 275 424
368 390 455
249 317 424
12 142 317
88 221 467
182 245 453
163 245 467
163 245 457
78 330 354
72 161 287
57 72 153
135 392 457
153 320 327
78 330 392
245 320 457
135 194 412
135 163 457
135 163 194
72 153 330
153 330 457
10 78 392
330 392 457
10 313 392
242 386 486
313 340 386
313 340 412
279 317 424
190 275 380
249 275 424
200 249 275
311 343 423
343 386 419
109 200 311
218 306 368
265 306 365
9 240 413
200 275 380
249 368 390
118 195 265
90 293 499
4 265 480
118 168 431
110 218 306
265 306 480
9 218 240
26 240 344
110 344 374
110 306 365
110 228 374
110 228 365
240 413 449
26 157 449
67 145 425
67 145 157
145 219 413
145 219 239
171 219 413
171 219 239
109 171 239
343 386 423
281 375 486
97 239 281
97 281 375
67 400 425
11 68 491
67 68 400
68 400 491
97 375 425
70 358 414
281 423 486
86 314 486
70 394 414
314 358 486
24 314 358
24 70 394
24 70 358
24 86 394
24 86 314
59 255 405
116 212 470
43 59 255
394 405 492
59 394 405
30 255 417
255 338 417
43 255 338
43 133 207
133 207 487
215 373 447
38 215 373
146 198 252
33 146 252
21 48 290
21 48 212
3 19 487
48 146 213
133 203 470
94 342 492
260 284 342
174 284 342
21 41 290
41 47 229
41 155 290
41 155 378
36 47 174
41 229 378
15 155 378
15 155 494
155 290 494
198 318 396
48 79 198
79 198 318
61 318 396
15 318 382
34 333 396
20 61 93
114 152 443
124 168 252
124 168 333
44 236 408
124 198 252
34 61 396
3 227 236
38 227 387
195 265 365
377 387 408
118 195 377
44 377 408
5 114 269
136 363 442
168 269 333
114 269 431
4 118 265
4 112 293
4 118 293
6 90 499
90 118 431
90 118 293
114 257 336
114 152 257
5 34 333
5 269 333
5 34 442
136 302 363
152 257 443
363 442 443
201 257 302
8 315 398
17 309 416
234 286 460
127 206 286
241 310 416
63 64 199
241 310 393
241 273 416
17 102 416
149 241 445
96 393 445
393 441 460
309 310 416
206 286 309
310 393 460
125 234 460
183 393 441
125 370 460
144 220 426
73 160 237
187 298 464
349 370 441
349 370 488
127 234 270
8 398 432
127 234 286
270 398 432
93 398 493
8 263 315
80 282 315
75 176 216
80 315 398
216 230 244
8 75 263
8 75 176
75 263 315
20 282 382
216 282 315
95 216 244
288 305 454
111 256 319
74 326 454
74 260 319
74 319 454
176 216 230
46 244 246
49 326 454
49 246 326
246 326 399
254 300 439
300 439 456
254 326 399
187 341 472
46 230 244
46 230 246
49 246 305
176 230 464
264 348 464
341 448 461
1 187 461
292 448 461
99 151 440
98 151 440
166 267 440
147 316 357
98 296 362
23 362 456
147 151 316
98 151 316
62 101 291
51 143 291
62 143 291
62 143 407
7 143 407
89 258 292
31 89 99
89 99 292
258 292 490
89 258 407
258 407 490
100 191 407
100 407 490
100 383 490
130 477 495
189 322 495
160 189 448
220 237 426
96 237 426
73 220 237
96 259 445
160 237 250
250 268 325
237 250 259
130 346 477
259 325 376
262 376 434
253 274 434
149 259 445
253 262 434
149 259 434
268 346 477
165 178 346
165 178 381
178 325 381
45 165 381
45 184 295
321 367 476
27 321 367
0 154 476
115 367 476
45 184 191
115 184 295
14 184 261
27 350 367
27 42 321
261 299 350
261 350 367
55 138 211
119 148 352
119 138 211
54 131 137
64 128 372
42 141 211
0 181 277
0 321 476
277 436 438
181 277 438
149 388 482
149 273 482
17 159 205
53 278 283
102 120 278
53 63 199
53 199 278
17 102 159
159 278 361
102 159 278
201 257 361
180 361 478
58 180 433
53 202 283
58 202 433
39 53 63
54 169 175
105 131 169
105 106 169
66 169 175
66 106 169
105 131 364
40 113 158
131 137 364
54 131 169
247 410 498
16 247 410
16 39 410
137 247 498
345 372 498
137 231 498
148 352 497
105 122 364
40 122 158
134 214 444
113 406 418
122 129 364
40 106 303
87 303 415
40 303 329
132 271 411
329 360 411
329 411 469
271 360 411
40 329 469
40 92 469
123 335 475
132 411 471
335 469 471
335 471 475
117 225 366
35 225 366
353 356 475
85 391 397
117 225 232
123 214 232
40 92 113
134 214 469
196 484 497
113 134 406
92 134 469
196 307 484
331 391 397
85 397 462
104 193 451
85 104 391
82 209 324
193 307 403
85 104 193
403 406 462
113 158 418
403 406 418
196 352 497
196 403 418
119 129 352
129 352 418
395 484 497
334 401 430
185 209 466
299 435 459
2 209 435
14 82 435
82 209 435
2 209 251
324 401 430
83 334 451
104 334 451
140 331 397
84 140 331
375 486 491
32 455 480
160 448 472
136 442 463
358 414 486
409 468 473
235 409 433
398 458 493
270 398 458
135 392 412
313 392 412
149 388 434
262 376 381
325 376 381
359 371 452
56 371 420
87 360 415
339 360 415
132 356 471
414 486 491
371 420 474
211 350 459
267 348 399
173 347 450
344 373 374
157 344 373
231 364 404
73 187 298
23 267 399
145 157 449
244 246 305
121 337 468
141 277 321
119 138 404
119 364 404
0 277 321
29 117 437
245 320 453
115 261 367
14 261 435
112 293 422
115 154 295
293 422 499
123 225 272
104 391 401
97 145 425
287 379 453
100 130 383
55 138 404
91 278 361
147 407 427
167 202 235
88 142 221
209 248 251
83 185 466
37 292 322
83 334 430
9 218 249
83 185 430
287 402 479
115 154 476
12 88 142
76 78 81
331 391 401
63 410 498
120 199 273
83 395 466
201 206 302
61 93 493
253 262 381
8 176 432
32 112 422
58 91 283
55 141 277
224 271 360
20 93 282
172 243 384
55 277 436
57 287 453
136 206 302
260 296 300
88 163 194
341 448 472
64 436 438
37 130 383
52 59 394
52 394 414
442 458 463
52 103 207
107 351 404
51 291 357
22 222 422
31 407 427
18 47 256
50 56 266
50 266 483
48 290 494
83 395 484
121 304 468
320 327 453
21 174 342
98 296 316
31 89 407
123 225 232
38 373 387
180 409 433
242 313 386
19 207 215
105 106 122
80 93 282
91 278 283
15 79 318
235 409 468
27 42 211
291 296 357
11 69 103
66 106 303
142 221 223
127 270 458
28 238 242
64 128 351
228 374 387
16 137 247
34 61 493
47 229 256
117 232 397
44 118 377
13 60 332
12 194 279
55 64 351
36 47 284
20 61 382
39 63 410
218 240 344
109 281 423
19 207 487
66 303 415
73 160 472
0 154 274
150 203 417
16 54 137
299 350 459
15 378 382
97 145 239
64 289 438
21 164 342
23 98 440
61 318 382
130 322 495
375 425 491
120 273 416
21 41 174
43 52 207
116 133 487
71 190 380
55 351 404
209 248 466
95 216 233
33 146 213
148 248 251
48 79 494
3 38 227
232 444 462
82 324 401
13 170 428
45 154 295
356 471 475
6 222 422
0 181 388
107 231 404
181 289 438
190 194 279
41 47 174
42 141 321
139 450 481
177 204 429
37 292 490
12 88 194
172 384 473
73 298 464
340 386 419
1 264 464
254 260 326
6 422 499
170 465 489
261 299 435
0 274 388
216 233 282
15 79 494
116 133 470
37 130 322
27 211 350
9 109 171
37 383 490
23 399 439
103 414 491
117 186 437
111 284 319
85 193 462
23 267 440
35 117 276
60 332 446
108 308 420
34 458 493
22 222 301
185 209 430
123 335 469
40 106 122
116 212 213
28 170 238
189 292 322
373 374 387
123 214 469
104 334 401
9 109 200
43 150 338
234 270 488
65 217 243
181 289 482
3 33 213
122 129 418
286 310 460
34 442 458
18 111 256
307 451 484
4 112 480
178 268 325
188 347 465
226 409 473
101 260 296
99 292 440
122 158 418
35 272 353
156 179 312
303 329 360
43 52 59
233 378 382
101 291 296
32 112 480
229 233 378
35 117 366
23 439 456
43 133 150
100 130 191
44 118 168
14 62 191
58 91 180
7 147 407
115 184 261
400 425 491
156 167 202
28 170 428
260 284 319
128 345 372
6 301 336
126 139 450
142 223 280
51 147 357
142 192 294
142 280 294
7 143 147
144 176 349
144 176 464
52 103 414
144 183 441
3 19 38
144 349 441
323 371 452
145 413 449
147 151 427
148 251 459
73 187 472
205 206 309
156 175 202
156 179 210
14 62 82
156 210 452
160 250 268
160 189 268
109 239 281
1 166 267
161 287 355
161 328 355
30 255 492
73 220 464
164 212 470
130 165 191
45 165 191
71 190 419
82 84 401
148 248 395
84 331 401
170 332 355
170 355 465
137 231 364
172 369 473
176 432 488
296 362 456
176 349 488
5 114 443
178 268 346
186 238 242
179 312 415
179 339 415
180 409 478
182 379 402
144 183 426
96 183 426
51 143 147
188 347 450
1 166 461
189 268 477
195 228 387
18 47 284
189 292 448
190 279 424
102 120 416
193 403 462
194 340 412
134 406 444
76 78 354
190 194 340
199 273 289
164 203 470
201 205 206
202 235 433
255 405 492
117 140 397
164 203 417
204 429 483
22 243 384
5 442 443
17 205 309
69 103 447
159 205 361
201 205 361
6 222 301
13 208 428
208 285 428
209 324 430
232 397 462
48 212 213
10 242 313
108 217 243
218 249 368
110 218 344
121 156 452
224 339 360
83 451 484
95 229 233
229 256 319
229 288 319
127 458 463
287 479 485
190 340 419
231 345 498
107 231 345
45 154 253
234 370 488
125 234 370
235 304 468
1 187 464
35 353 356
406 444 462
244 288 305
246 348 399
330 354 446
230 246 348
248 395 466
121 323 452
108 420 474
45 253 381
254 260 300
270 432 488
74 260 326
264 267 348
274 388 434
286 309 310
182 243 402
166 292 440
311 343 419
1 264 267
296 316 357
296 300 456
257 302 443
302 363 443
87 303 360
71 311 419
368 455 480
328 330 446
107 128 345
337 369 473
337 468 473
