17 206 372
123 398 421
90 274 289
177 333 376
193 224 396
49 210 217
14 295 407
73 125 143
31 375 432
243 339 415
65 260 319
49 210 285
95 146 327
190 248 306
286 320 411
214 310 316
151 312 348
163 199 395
66 112 386
154 291 331
3 330 352
272 396 430
93 99 321
85 211 295
90 274 366
224 396 430
274 289 417
174 183 227
14 164 295
41 162 246
45 403 432
170 314 376
231 234 407
34 36 64
48 211 268
170 353 376
165 297 322
125 143 148
314 333 376
125 198 257
75 99 324
18 142 436
89 105 198
89 93 198
222 271 370
132 307 369
332 400 404
65 319 413
17 127 372
398 419 421
201 243 244
19 92 175
61 121 221
113 243 391
155 210 285
8 134 348
29 217 339
207 230 373
42 124 184
38 58 279
107 111 151
8 209 254
155 358 412
157 284 431
25 51 319
186 365 418
52 306 329
248 338 385
248 306 385
57 232 263
157 190 248
43 55 248
118 190 418
157 248 424
88 144 349
270 282 443
131 144 349
88 160 377
88 191 349
263 284 424
150 278 399
26 94 256
196 308 440
87 116 209
8 145 254
225 371 382
182 299 395
67 138 379
5 311 378
220 226 331
12 30 200
204 317 384
94 226 331
47 94 226
317 323 384
16 44 169
168 301 345
180 224 430
168 180 224
193 224 367
109 272 324
99 272 324
75 99 425
75 266 425
234 309 448
40 56 435
33 56 448
40 78 355
40 355 435
355 363 435
168 345 435
305 357 423
305 363 423
168 269 447
41 162 269
33 56 351
68 120 246
168 180 447
7 180 447
68 180 289
5 274 366
68 90 289
223 246 366
41 120 269
41 120 246
48 300 362
192 268 288
177 240 333
234 252 407
79 353 376
139 177 376
1 219 314
28 170 353
139 177 309
234 252 344
85 192 211
192 211 268
117 320 411
91 328 343
31 368 434
31 368 432
152 219 394
356 375 410
170 219 314
28 170 219
152 267 318
152 251 267
36 64 208
53 165 297
79 165 322
40 56 448
148 257 425
125 148 257
99 321 425
93 198 321
89 105 222
53 84 402
73 98 125
63 98 105
73 98 297
63 105 250
105 250 370
105 222 370
70 208 334
32 250 370
36 208 334
13 34 36
108 335 381
34 380 406
19 380 426
13 34 380
13 19 380
347 380 426
19 92 426
159 389 391
0 126 387
27 142 436
142 175 404
23 119 271
222 340 372
167 340 372
115 206 372
115 167 372
62 127 372
61 121 195
121 185 195
159 243 391
113 126 293
113 243 415
159 260 389
121 185 221
207 230 325
201 277 422
113 126 415
126 293 387
201 359 422
25 319 413
255 281 341
255 277 294
181 201 236
201 244 359
236 281 428
255 294 341
25 281 341
398 419 428
166 181 194
130 166 374
181 201 210
166 181 210
210 217 339
155 210 412
106 242 390
74 155 285
9 74 155
74 103 285
290 335 381
203 228 307
103 106 132
9 74 103
20 149 161
108 335 347
20 161 290
380 405 406
203 228 405
152 251 442
230 369 444
203 287 307
230 307 356
132 369 444
230 307 369
230 325 444
132 325 444
103 106 242
124 207 325
106 132 325
42 373 439
66 239 302
95 116 209
80 225 386
112 225 386
66 95 112
87 111 264
87 116 264
95 116 327
116 279 327
116 264 279
8 209 348
59 312 348
4 59 218
87 209 348
8 42 184
106 184 390
4 134 390
9 103 242
172 218 358
316 358 412
101 214 316
123 229 421
281 398 428
96 123 281
123 281 398
130 296 446
96 123 346
123 229 346
130 229 296
55 338 427
122 315 420
310 420 446
188 310 420
188 298 310
43 57 443
157 284 424
306 329 385
55 248 338
122 338 427
118 190 306
52 118 306
96 365 408
52 96 408
118 365 418
160 253 284
88 144 262
144 253 262
253 284 431
57 263 424
88 191 377
191 265 377
261 308 349
110 261 349
58 270 279
58 197 270
35 270 279
43 270 443
197 245 270
35 97 270
196 280 440
35 146 395
35 199 395
225 299 382
163 182 395
182 187 299
39 100 140
140 233 445
196 308 360
131 215 349
215 237 437
258 336 399
104 213 258
104 233 258
131 215 278
82 317 323
114 150 399
47 82 323
47 86 392
26 94 433
39 67 173
100 140 445
140 233 258
182 187 416
137 216 382
137 189 216
216 371 382
189 216 291
37 141 178
192 238 283
83 117 411
83 117 352
117 320 328
117 328 352
91 288 343
320 328 343
37 91 133
37 91 328
3 37 328
3 328 352
83 330 352
154 189 291
189 256 379
94 154 331
76 364 441
156 227 414
37 133 178
178 183 313
133 300 313
5 274 378
300 311 362
133 178 313
102 141 178
54 303 378
30 180 200
12 30 171
54 303 438
30 54 409
30 171 409
174 183 342
183 342 438
102 178 183
69 304 342
156 174 227
156 174 304
69 136 342
174 304 342
21 171 409
60 179 292
158 179 292
16 292 441
235 364 441
129 331 383
129 220 331
47 226 323
129 220 226
235 364 384
202 337 392
11 202 392
153 202 337
11 131 202
153 241 337
131 153 202
169 200 276
153 241 276
16 44 204
16 158 169
16 158 292
153 200 276
419 421 428
194 421 428
72 420 427
122 420 427
135 418 431
1 410 434
45 403 439
373 403 439
26 399 433
302 393 439
45 393 439
80 386 393
381 388 449
31 375 434
101 374 446
301 367 435
363 367 435
14 366 407
25 365 413
363 367 423
14 362 366
356 403 432
308 349 360
176 349 360
335 347 380
335 380 405
141 330 383
291 330 383
323 364 384
10 322 394
316 374 412
315 338 385
1 314 434
303 313 378
311 313 378
300 311 313
287 307 442
76 304 429
304 414 429
302 386 393
66 302 386
301 345 435
297 318 322
64 297 318
296 420 446
296 315 329
229 296 329
277 294 422
228 290 405
288 320 343
283 288 320
203 287 405
286 368 434
79 322 353
192 283 288
280 282 440
92 275 426
186 273 418
135 273 418
97 270 280
270 280 282
56 269 435
110 265 349
287 405 406
191 265 349
265 284 377
263 265 284
375 410 434
40 259 448
128 259 448
51 244 319
215 349 437
243 244 260
159 243 260
241 337 392
238 240 434
240 333 434
238 283 320
238 320 434
232 263 265
212 231 366
33 223 351
77 401 436
79 139 376
77 206 221
77 185 401
76 292 441
73 143 402
82 204 317
138 189 379
24 225 395
71 187 299
176 349 437
71 137 299
67 71 100
66 145 239
314 333 434
102 183 249
64 267 318
63 98 297
63 64 297
52 96 346
155 172 358
86 114 399
213 360 361
60 76 304
59 188 312
61 206 221
42 124 373
81 309 448
57 205 232
59 218 358
56 162 269
9 172 242
10 28 394
59 188 298
183 227 249
53 128 402
32 271 370
53 79 165
259 266 350
63 64 208
51 359 422
25 51 341
69 136 409
50 249 383
50 227 249
119 222 271
44 82 241
275 387 426
50 76 147
2 46 65
20 49 228
66 145 254
81 139 309
51 341 422
39 67 100
34 287 442
52 229 329
17 61 206
48 211 295
48 268 288
67 71 137
32 63 70
47 86 433
47 94 433
119 222 340
47 241 392
140 173 336
185 293 397
310 316 358
101 214 310
122 315 338
160 284 377
76 147 364
45 286 411
51 244 359
45 286 368
161 290 381
177 234 344
144 273 326
43 55 245
43 245 270
136 409 438
21 69 179
275 293 387
40 259 266
55 245 427
40 78 266
50 227 429
38 107 420
2 17 62
15 38 197
79 81 448
177 240 344
16 204 384
161 381 449
27 275 397
15 38 420
176 237 360
16 235 441
67 256 379
8 184 390
23 70 334
26 67 173
53 79 128
15 72 245
14 48 362
14 48 164
192 238 240
15 197 245
52 229 346
22 75 266
79 128 448
23 119 332
12 158 169
18 115 167
4 134 348
22 109 324
8 134 390
49 103 228
133 288 300
182 361 445
4 172 242
11 86 392
85 252 344
129 147 226
143 148 350
57 282 443
3 141 330
19 334 354
46 61 195
290 335 405
47 82 241
30 274 417
83 216 371
11 86 131
4 172 218
91 133 288
16 235 384
1 356 410
119 332 400
2 65 413
22 78 266
46 65 195
157 418 431
18 77 115
0 381 388
44 169 241
147 226 364
6 83 393
29 49 149
26 67 256
29 49 217
13 36 334
63 70 208
6 83 371
0 108 381
22 305 357
210 243 339
169 241 276
149 161 449
286 320 434
52 365 408
201 236 281
3 37 141
130 374 446
158 171 179
135 326 431
73 84 402
201 255 281
79 81 139
65 185 195
48 164 295
50 76 429
18 142 400
5 311 362
52 118 365
17 62 127
13 19 334
129 147 383
128 259 350
56 162 351
205 282 440
113 185 293
101 316 374
30 289 417
57 248 424
27 142 175
19 175 354
21 171 179
22 75 324
71 100 187
67 137 138
54 274 378
9 155 172
86 399 433
30 54 274
22 193 357
43 57 248
24 95 225
23 334 354
22 78 355
205 261 308
22 272 396
22 109 272
244 260 319
22 355 363
6 80 393
212 231 448
22 193 396
223 246 351
27 397 436
68 246 366
107 151 188
23 70 271
108 347 426
120 269 447
28 322 353
60 76 292
100 182 416
23 332 354
38 58 197
103 228 307
25 96 365
89 93 372
25 96 281
26 173 247
83 216 291
34 251 267
107 188 420
26 247 399
42 145 439
168 301 367
77 115 206
73 84 297
356 373 403
110 205 232
212 223 366
49 103 285
4 242 390
157 190 418
28 219 394
2 62 365
29 149 388
29 126 415
59 298 358
15 72 420
6 80 225
32 70 271
137 138 189
21 69 409
33 212 223
34 251 442
34 64 267
30 180 289
4 59 348
77 185 221
72 245 427
20 49 149
2 46 61
213 215 237
44 82 204
0 126 388
83 393 411
53 84 297
85 240 344
85 252 407
50 147 383
213 258 399
88 160 253
88 253 262
2 365 413
213 361 445
89 222 372
104 233 445
110 205 261
57 205 282
163 182 361
12 169 200
93 99 372
175 332 354
94 154 189
94 189 256
86 114 131
20 228 290
95 112 225
66 95 254
114 131 150
24 95 395
35 97 199
98 125 198
98 105 198
12 158 171
296 315 420
100 182 445
113 389 391
100 187 416
162 246 351
176 237 437
102 141 383
102 249 383
103 132 307
104 213 445
107 111 264
38 107 279
226 323 364
0 108 387
108 387 426
231 234 448
87 111 348
315 329 385
113 185 389
8 42 145
173 336 399
194 236 428
29 339 415
119 167 340
68 120 180
7 120 180
5 362 366
7 120 447
45 393 411
145 239 302
95 146 395
168 224 367
124 207 373
356 375 432
298 310 358
29 126 388
128 350 402
131 150 278
135 273 326
201 255 277
275 293 397
136 342 438
137 299 382
95 209 254
110 232 265
39 140 173
22 305 363
140 258 336
119 167 400
142 400 404
18 77 436
69 179 304
143 350 402
144 186 273
144 253 431
85 192 240
144 326 431
145 302 439
18 167 400
146 279 327
35 146 279
152 307 356
196 199 360
148 266 350
6 225 371
148 266 425
294 341 422
210 374 412
151 188 312
152 307 442
10 28 322
185 260 389
107 264 279
163 199 361
291 331 383
45 368 432
48 288 300
183 303 313
156 304 414
213 215 278
173 247 399
27 175 275
92 175 275
175 332 404
183 303 438
152 322 394
177 234 309
213 237 360
60 179 304
124 184 325
106 184 325
32 63 250
185 401 436
152 318 322
231 366 407
230 356 373
193 357 423
54 409 438
193 367 423
111 151 348
194 229 421
33 212 448
181 194 236
130 166 229
198 257 425
198 321 425
97 199 280
196 199 280
2 17 61
199 360 361
149 388 449
85 295 407
101 310 446
205 308 440
34 287 406
201 210 243
166 210 374
227 414 429
68 90 366
166 194 229
83 291 330
213 278 399
65 185 260
152 219 356
185 397 436
225 299 395
168 269 435
1 219 356
