13 175 354
72 107 188
10 28 353
42 207 373
49 210 217
14 295 407
73 125 143
23 119 400
81 139 376
38 107 111
107 151 312
65 260 319
49 210 285
286 320 411
214 310 316
163 199 395
154 291 331
66 80 393
54 342 438
3 330 352
82 241 337
47 86 94
272 396 430
93 99 321
90 274 366
249 414 429
30 180 417
14 164 295
6 330 371
162 269 351
231 234 407
48 211 268
152 356 410
170 353 376
75 99 324
222 271 370
13 19 175
332 334 354
332 400 404
65 319 413
19 92 175
61 121 221
0 29 126
229 296 315
201 210 339
8 134 348
29 217 339
161 388 449
34 267 406
10 318 394
203 287 406
66 302 393
59 298 312
107 111 151
155 358 412
157 284 431
25 51 319
186 365 418
248 338 385
248 306 385
157 190 248
43 55 248
157 248 424
160 253 262
88 144 349
270 282 443
131 144 349
163 196 199
150 278 399
39 258 336
173 247 336
100 416 445
39 173 336
225 371 382
182 299 395
67 138 379
249 383 429
156 414 429
220 226 331
12 171 179
12 30 200
94 226 331
60 292 441
204 384 441
168 301 345
180 224 430
168 180 224
75 109 324
109 272 324
99 272 324
75 99 425
75 266 425
301 367 423
40 56 435
40 78 355
168 345 435
305 355 363
301 363 423
305 357 423
193 305 357
305 363 423
168 269 447
41 162 269
33 56 351
68 120 246
168 180 447
180 289 417
68 180 289
5 274 366
68 90 289
223 246 366
41 120 246
7 68 120
48 300 362
192 268 288
238 240 333
212 231 407
252 295 407
14 212 407
162 223 351
33 212 231
79 353 376
28 170 353
85 240 252
192 211 268
117 320 411
238 333 434
85 238 240
31 368 434
31 368 432
230 373 403
356 375 403
31 375 410
356 375 410
170 219 314
28 170 219
152 267 318
152 251 267
152 318 394
34 267 318
36 64 208
53 165 297
10 318 322
79 81 376
148 257 425
148 350 402
257 321 425
99 321 425
143 148 402
84 143 402
53 84 402
73 84 143
73 98 125
73 98 297
63 105 250
105 250 370
175 354 404
70 208 334
36 208 334
251 267 406
13 34 36
108 335 381
0 29 388
19 92 426
0 126 387
27 142 436
142 175 404
332 354 404
23 332 400
23 119 271
18 401 436
167 340 372
77 115 221
115 206 372
115 167 372
62 127 372
46 61 65
115 206 221
61 121 195
61 65 195
185 389 397
121 185 195
159 260 389
18 77 401
113 293 391
201 277 422
244 359 422
159 244 260
201 359 422
51 260 319
25 319 413
25 281 365
255 277 294
236 281 428
96 281 365
25 281 341
181 236 428
194 419 428
166 210 412
166 181 210
210 217 339
9 155 358
106 242 390
74 103 285
290 335 381
203 228 307
103 106 132
161 290 449
290 381 449
108 335 347
203 405 406
20 228 335
20 290 335
380 405 406
152 251 442
230 369 444
203 287 307
230 307 369
172 242 390
106 132 325
45 302 393
8 42 439
8 145 439
42 373 439
66 239 302
24 299 395
87 111 264
111 264 279
87 111 151
87 209 348
66 209 254
8 42 184
172 218 390
4 134 390
9 242 358
172 242 358
172 218 358
188 298 312
166 374 412
194 419 421
130 194 421
96 123 281
123 281 398
101 130 374
96 123 346
72 188 420
122 315 420
298 310 316
188 298 310
107 188 312
15 38 58
245 270 427
55 248 338
122 338 427
52 118 408
52 96 329
118 365 408
52 118 306
96 365 408
52 96 408
160 253 284
135 186 273
135 186 418
273 326 431
88 144 262
144 253 262
57 263 424
263 265 377
110 191 265
110 263 265
261 308 349
110 261 349
43 55 270
58 270 279
35 270 279
15 58 197
43 270 443
35 196 199
35 97 270
163 361 445
24 146 395
225 299 382
163 182 395
182 187 299
163 360 361
163 196 360
213 237 258
237 361 445
176 308 437
176 360 361
131 215 349
215 237 437
213 237 445
104 213 258
104 233 258
247 336 399
131 215 278
11 131 392
86 114 247
26 86 247
26 86 433
47 86 392
86 94 433
39 71 100
39 67 173
71 137 138
67 173 379
104 213 233
182 187 416
137 138 379
6 83 330
6 80 371
192 238 283
83 117 411
117 320 328
91 288 343
37 91 133
50 129 147
83 330 352
189 256 379
154 189 256
50 383 429
183 313 438
156 227 414
37 133 178
141 249 383
133 300 313
300 311 362
102 141 249
303 313 438
300 303 313
300 303 378
30 180 200
12 30 171
54 303 438
30 54 409
183 342 438
69 304 342
69 136 342
235 384 441
60 179 292
158 179 292
76 156 429
76 226 364
50 129 383
76 129 147
76 129 226
129 220 226
235 364 384
202 337 392
82 241 276
11 202 392
11 131 202
131 153 202
169 200 276
12 158 179
16 44 204
16 158 292
153 200 276
130 421 446
72 420 427
122 420 427
1 410 434
31 410 434
45 403 439
373 403 439
142 400 436
113 391 415
243 391 415
381 388 449
256 379 433
263 377 424
230 373 444
225 371 386
80 371 386
193 367 430
25 365 413
14 362 366
308 349 437
123 346 421
234 344 407
252 344 407
3 343 352
54 342 409
136 342 409
335 347 380
335 380 405
141 330 383
291 330 383
106 325 390
132 325 369
323 364 384
10 322 353
286 320 432
320 368 432
229 315 346
315 338 385
1 314 434
219 314 410
311 362 366
5 311 366
139 309 376
287 307 442
307 356 403
301 345 435
301 363 435
24 299 386
225 299 386
298 316 412
296 420 446
277 294 422
289 303 417
210 285 412
284 326 431
283 328 343
283 320 328
192 283 288
283 288 343
280 282 440
281 294 341
255 281 294
258 278 336
255 277 281
92 275 426
5 274 311
274 300 378
55 270 338
270 338 427
97 270 280
270 280 282
116 264 327
88 262 377
205 261 282
261 282 440
244 260 422
154 256 331
94 256 331
209 254 348
251 287 406
32 250 332
250 332 370
43 248 443
57 248 443
113 293 415
215 349 437
240 333 376
238 283 320
238 320 434
215 237 278
232 282 443
231 234 309
33 231 309
59 87 348
66 80 112
33 223 351
44 82 169
76 235 364
159 389 397
76 174 304
75 109 193
74 103 106
154 216 291
82 204 317
71 187 299
26 379 433
71 137 299
70 332 334
21 69 171
7 68 447
56 128 448
66 145 239
188 310 446
66 95 116
314 333 434
320 368 434
63 98 297
63 64 297
230 307 403
60 76 441
60 76 304
61 206 221
49 161 217
59 87 151
81 309 448
57 110 263
59 218 358
56 309 448
29 161 217
10 28 394
47 337 392
19 347 426
36 64 318
38 58 111
56 351 435
80 112 386
53 128 350
201 243 359
53 79 165
19 380 406
63 64 208
153 202 276
25 51 341
69 136 409
119 222 271
63 105 125
241 276 337
275 387 426
50 76 147
2 46 65
93 257 321
69 171 179
219 394 410
251 287 442
20 49 228
66 145 254
170 314 333
58 245 270
81 139 309
51 341 422
17 61 206
34 36 318
48 268 288
48 164 252
7 41 447
119 222 340
47 82 337
214 316 412
101 214 310
122 315 338
160 284 377
68 180 447
45 286 411
146 199 327
45 239 302
45 145 439
177 234 344
144 273 326
41 223 246
41 162 223
40 355 363
40 259 266
40 78 266
39 140 233
160 262 377
39 67 138
124 184 207
24 95 116
79 81 448
38 72 107
47 317 323
22 75 193
27 275 397
8 184 390
159 293 391
53 79 128
94 256 433
135 157 273
15 72 245
66 116 209
148 198 257
157 273 431
58 111 279
14 48 362
14 48 164
13 34 406
15 197 245
22 75 266
135 157 418
23 332 370
47 82 317
79 128 448
27 185 397
152 394 410
205 232 282
49 149 161
157 377 424
12 158 169
18 115 167
4 134 348
8 134 390
102 249 414
103 307 369
130 310 446
49 103 228
133 288 300
3 141 330
183 304 342
53 350 402
31 375 403
16 44 158
207 373 444
123 419 421
89 198 257
35 264 327
91 133 288
3 37 91
114 150 247
2 65 413
22 78 266
32 70 332
45 145 239
18 77 115
33 56 309
170 333 376
0 381 388
76 235 441
23 271 370
269 351 435
6 83 393
13 36 334
63 70 208
0 108 381
32 70 250
159 293 397
13 334 354
9 74 285
39 100 445
201 236 281
3 37 141
176 196 360
35 280 440
65 185 195
328 343 352
202 276 337
63 98 125
140 213 233
50 76 429
96 315 346
17 62 127
52 329 385
2 61 62
128 259 350
39 233 258
4 59 390
15 38 72
24 66 112
57 248 424
26 173 379
19 347 380
229 346 421
274 300 311
13 19 406
103 132 369
58 197 245
71 100 187
40 363 435
17 61 62
31 403 432
181 210 236
22 78 355
196 261 308
118 190 248
83 117 328
0 108 426
6 80 393
30 303 417
7 41 120
68 246 366
176 237 361
52 306 385
27 185 436
159 244 391
108 347 426
103 228 307
24 66 95
24 116 327
24 146 327
26 173 247
48 211 252
94 226 364
278 336 399
168 301 367
73 84 297
77 121 401
110 205 232
212 223 366
49 103 285
157 190 418
281 419 428
28 219 394
2 62 365
39 71 138
165 322 353
22 193 355
29 161 388
29 126 415
30 69 409
201 339 415
59 298 358
0 387 426
24 112 386
286 403 432
33 212 223
35 264 279
224 367 430
35 97 280
9 155 285
21 30 171
4 59 348
72 245 427
20 49 149
148 259 266
37 102 141
155 285 412
126 293 415
2 46 61
37 102 178
118 248 306
76 156 174
82 169 276
44 82 204
83 328 352
83 393 411
53 84 297
86 131 392
88 110 349
88 110 191
216 330 371
88 191 265
89 105 125
89 125 198
89 93 257
2 365 413
89 105 370
188 420 446
40 56 128
90 303 378
90 274 378
64 165 297
110 205 261
17 127 206
12 169 200
90 289 303
93 340 372
93 222 340
93 222 370
93 99 372
229 296 446
21 30 69
86 114 131
88 265 377
94 323 364
123 398 419
9 106 242
114 131 150
96 315 329
296 315 420
100 187 416
163 416 445
9 74 106
176 237 437
102 178 227
102 227 414
3 91 343
109 272 396
110 232 443
57 110 443
315 329 385
59 218 390
35 196 440
29 339 415
166 194 428
101 130 310
1 314 410
137 216 379
64 165 318
119 340 400
121 185 401
177 240 376
45 393 411
125 143 198
177 309 376
168 224 367
133 183 313
124 207 444
126 275 387
126 275 397
133 178 183
126 293 397
127 206 372
18 400 436
131 150 278
204 317 323
20 149 290
89 93 370
137 299 382
137 216 371
137 371 382
237 258 278
140 213 445
27 142 275
142 175 275
142 400 404
143 148 198
69 179 304
144 186 273
144 253 284
144 284 326
243 244 359
8 145 348
40 128 259
201 210 236
18 167 400
146 199 395
152 307 356
148 259 350
148 266 425
149 161 290
166 181 428
298 358 412
294 341 422
178 183 227
150 247 399
152 307 442
185 260 389
154 189 216
63 70 250
156 174 183
156 183 227
164 252 295
157 284 377
51 260 422
203 228 335
190 365 418
291 331 383
163 182 416
165 318 322
79 165 353
45 286 403
16 204 292
193 305 355
48 288 300
167 340 400
204 292 441
41 269 447
243 244 391
92 175 275
176 196 308
214 374 412
177 234 309
177 240 252
177 252 344
60 179 304
42 184 207
124 184 325
184 325 390
124 325 369
185 401 436
30 54 303
118 190 365
193 357 423
193 367 423
193 396 430
59 151 312
130 194 374
166 194 374
196 261 440
39 140 445
44 158 169
77 121 221
124 369 444
281 398 419
35 199 327
201 277 281
201 243 415
203 335 405
174 183 304
204 323 384
87 209 264
116 209 264
85 211 238
192 211 238
85 211 252
47 94 323
68 90 366
145 254 348
14 212 366
216 291 330
65 185 260
101 214 374
109 193 396
189 216 379
129 220 383
220 331 383
168 269 435
229 421 446
