26 70 137
6 62 118
13 23 153
131 139 180
7 131 139
16 54 58
58 59 167
41 65 113
22 96 197
65 72 177
89 122 185
109 164 170
74 94 177
26 125 137
13 26 125
65 74 177
65 74 113
30 92 187
7 40 136
7 40 131
7 63 136
60 66 115
6 63 136
63 138 150
7 83 139
3 36 175
29 35 142
32 179 199
52 55 139
77 134 149
123 176 191
8 142 180
83 138 139
52 142 180
123 176 188
10 106 190
1 51 81
25 62 85
64 81 169
1 37 51
81 111 170
56 95 161
77 88 149
111 143 168
8 89 185
4 14 42
53 96 114
105 151 184
11 28 165
11 47 165
84 116 164
76 146 177
41 65 72
19 74 94
11 28 49
49 80 166
14 42 99
4 14 94
14 126 146
11 47 99
108 126 146
76 90 108
76 108 146
47 90 99
39 76 90
39 155 156
53 114 135
61 68 88
11 49 166
4 42 166
33 88 133
103 133 174
88 129 133
129 133 174
77 88 129
22 140 197
22 140 147
77 129 147
129 147 174
122 161 197
22 53 96
44 53 135
44 147 174
30 114 199
69 98 160
9 98 127
19 94 127
9 80 127
80 94 127
21 69 98
19 21 127
21 98 127
41 113 128
69 113 128
69 128 187
26 70 97
20 70 137
20 110 175
20 70 110
36 79 131
36 79 175
27 125 136
20 137 175
23 38 57
13 26 153
62 85 118
38 57 118
13 125 136
71 79 132
25 60 66
25 112 162
40 82 136
82 132 136
50 52 55
52 139 180
63 83 138
7 63 83
66 115 150
5 60 162
5 162 167
25 60 162
5 60 115
55 115 139
5 55 115
50 55 183
50 52 121
117 121 192
8 35 142
3 32 179
45 96 185
8 45 180
96 114 199
30 110 179
30 179 199
96 122 185
8 45 185
29 34 35
96 122 197
100 181 196
29 34 124
73 181 191
16 152 159
124 176 192
34 73 124
159 176 192
12 16 152
152 159 176
12 48 152
16 183 192
16 159 192
59 162 167
59 162 198
5 55 167
55 167 183
31 148 158
148 194 198
10 91 168
12 16 54
31 78 158
37 91 106
59 194 198
18 162 198
31 190 195
104 190 195
31 78 190
10 91 106
78 106 190
102 120 145
102 123 188
51 67 102
51 81 169
67 102 120
43 67 120
10 93 190
0 91 168
109 143 144
143 144 168
10 144 168
64 81 170
105 164 170
64 170 171
0 111 168
51 102 169
17 64 169
73 176 191
100 171 181
73 181 196
73 124 176
73 172 196
34 73 172
89 122 161
34 89 172
56 95 100
95 100 196
95 161 196
105 170 171
64 171 181
68 163 184
56 134 173
68 88 149
149 154 173
75 77 134
134 149 173
39 156 189
68 149 154
154 173 193
61 68 155
39 61 155
68 155 156
68 154 193
68 184 193
68 163 186
39 119 189
46 157 182
15 119 157
86 182 184
109 116 164
109 116 144
24 116 144
15 157 182
2 15 119
2 15 24
110 175 179
3 175 179
105 164 184
89 161 172
130 145 188
102 145 188
111 143 170
109 143 170
124 141 192
117 141 192
9 135 174
40 131 132
48 130 148
86 164 184
52 121 142
117 121 142
120 130 158
30 114 160
114 135 160
6 118 136
104 195 198
102 123 191
100 105 151
42 99 166
98 135 160
80 94 166
56 100 173
14 94 146
26 92 97
90 108 126
61 88 165
87 148 178
87 148 194
115 138 139
84 86 164
24 86 116
25 85 112
49 80 174
9 80 174
71 79 137
79 137 175
78 120 158
75 161 197
75 140 197
43 78 120
26 72 128
4 94 166
68 186 189
117 141 142
27 71 136
30 101 110
30 92 101
29 124 141
9 98 135
29 141 142
69 74 113
41 72 128
62 66 150
97 101 110
130 148 158
23 112 153
54 87 178
3 32 180
22 53 147
30 69 160
28 33 133
11 99 166
75 140 147
19 69 74
18 104 190
161 172 196
14 90 99
75 77 147
84 86 116
17 102 169
24 86 182
100 105 171
33 88 165
100 151 173
31 195 198
92 97 101
3 131 180
94 146 177
26 128 187
119 157 186
59 87 194
130 176 188
15 24 182
57 85 107
23 57 107
23 107 112
6 63 150
13 38 118
6 62 150
3 36 131
85 107 112
8 34 35
26 92 187
54 58 87
27 125 137
14 90 126
173 184 193
0 1 81
151 173 184
46 182 184
13 23 38
28 33 165
68 156 189
64 181 191
8 34 89
32 96 199
28 49 103
0 81 111
43 51 67
27 71 137
37 43 51
71 132 136
58 167 183
79 131 132
19 21 69
0 1 37
12 148 178
37 78 106
31 148 198
32 45 96
32 45 180
50 183 192
0 37 91
37 43 78
30 69 187
39 47 90
48 130 176
12 48 148
57 85 118
39 47 165
39 61 165
40 82 132
28 103 133
120 130 145
46 157 186
119 186 189
46 163 184
17 102 191
46 163 186
18 104 198
48 152 176
49 103 174
13 118 136
70 97 110
50 121 192
18 93 190
44 135 174
44 53 147
12 54 178
56 75 134
56 75 161
58 59 87
115 138 150
16 58 183
25 62 66
17 64 191
