71 137 175
6 62 118
6 13 136
13 23 153
29 124 142
131 139 180
57 107 112
16 54 58
58 59 167
57 112 153
41 65 113
22 96 197
19 21 74
65 72 177
89 122 185
109 164 170
26 125 137
13 26 125
71 79 175
92 101 110
30 114 135
65 74 113
30 92 187
7 40 136
7 40 131
25 107 112
25 85 107
6 63 136
63 138 150
3 36 175
29 35 142
52 55 139
123 176 191
83 138 139
52 142 180
123 176 188
10 106 190
87 178 194
25 62 85
64 81 169
81 111 170
56 95 161
77 88 149
111 143 168
4 14 42
32 45 199
53 96 114
105 151 184
9 44 174
11 28 165
11 47 165
156 186 189
46 157 163
86 105 184
76 146 177
41 65 72
19 74 94
49 80 166
14 42 99
4 14 94
11 47 99
76 90 108
76 108 146
11 42 166
68 156 186
47 90 99
39 76 90
39 155 156
28 33 103
22 44 53
11 42 99
4 42 166
28 103 174
28 49 174
103 133 174
88 129 133
77 88 129
22 140 197
77 129 147
122 161 197
22 53 96
22 44 147
9 44 135
44 147 174
30 114 199
69 98 160
9 98 127
19 94 127
9 80 127
30 160 187
19 21 127
21 98 127
41 113 128
69 160 187
69 113 128
69 128 187
26 70 97
70 97 101
36 131 180
30 135 160
3 36 180
36 79 131
36 79 175
23 38 57
13 26 153
6 13 118
23 57 153
38 57 118
13 125 136
71 79 132
25 112 162
40 82 136
27 71 132
50 52 55
52 139 180
63 83 138
66 115 150
5 60 162
5 162 167
25 60 162
5 60 115
55 115 139
5 55 115
50 55 183
50 52 121
52 117 121
117 124 141
8 35 142
3 32 179
45 96 185
45 96 199
96 114 199
30 110 179
30 92 110
8 45 185
29 34 35
124 141 142
89 172 196
29 34 124
73 181 191
17 169 191
16 152 159
48 130 158
124 176 192
159 176 192
152 159 176
12 48 152
16 183 192
16 159 192
5 55 167
55 167 183
12 87 178
31 148 158
148 194 198
12 54 87
10 91 168
120 145 158
48 148 158
31 78 158
148 178 194
59 194 198
18 162 198
18 93 104
93 104 190
104 190 195
78 106 190
130 145 158
102 123 188
48 130 152
123 169 191
51 67 102
102 123 169
51 81 169
67 102 120
43 67 120
10 93 190
0 91 168
1 81 111
109 143 144
143 144 168
10 144 168
64 81 170
105 164 170
64 170 171
0 1 91
1 37 91
51 102 169
17 64 169
73 176 191
100 171 181
73 124 176
34 89 172
56 95 100
75 134 161
75 77 140
105 170 171
56 134 161
64 171 181
68 163 184
46 163 182
56 134 173
39 156 189
154 173 193
61 68 155
39 61 155
68 155 156
68 154 193
68 184 193
157 163 186
68 163 186
39 119 189
46 157 182
163 182 184
86 182 184
109 116 144
24 116 144
15 157 182
2 15 24
96 185 197
110 175 179
3 175 179
73 172 181
130 145 188
111 143 170
109 143 170
133 147 174
40 131 132
130 152 176
94 127 166
34 124 172
73 124 172
117 121 124
121 124 192
52 117 142
104 195 198
100 105 151
98 135 160
120 145 188
95 100 181
129 133 147
95 122 161
56 100 173
14 94 146
26 92 97
90 108 126
61 88 165
115 138 139
84 86 164
24 86 116
95 181 196
84 109 116
84 109 164
63 83 136
7 83 136
7 83 131
49 80 174
9 80 174
89 95 196
78 120 158
75 161 197
75 140 197
69 74 98
82 125 136
43 78 120
26 72 128
4 94 166
28 88 165
86 105 164
134 154 173
117 141 142
75 134 149
61 149 154
134 149 154
9 98 135
33 88 103
28 49 166
11 28 166
69 74 113
28 33 88
41 72 128
62 66 150
25 66 115
3 32 180
89 95 122
22 77 147
22 77 140
45 142 180
30 32 199
20 101 110
27 82 125
20 26 70
25 60 115
83 131 139
14 90 99
162 167 198
2 15 157
84 86 116
31 78 195
24 86 182
100 105 171
100 151 173
31 195 198
92 97 101
94 146 177
26 128 187
119 157 186
21 74 98
20 70 101
14 108 126
130 176 188
15 24 182
57 85 107
65 74 94
6 63 150
2 119 157
61 68 154
110 137 175
13 38 118
6 62 150
14 108 146
8 34 35
78 190 195
26 92 187
54 58 87
44 53 114
1 111 168
122 185 197
27 125 137
14 90 126
173 184 193
65 94 177
151 173 184
13 23 38
10 37 106
102 120 188
64 181 191
43 51 67
27 71 137
37 43 51
20 26 137
30 32 179
8 34 185
58 167 183
0 1 168
79 131 132
88 103 133
12 148 178
37 78 106
75 77 149
31 148 198
32 45 180
50 183 192
27 82 132
47 61 165
57 62 85
37 43 78
1 37 81
44 114 135
39 47 90
12 48 148
40 82 132
80 127 166
12 54 152
61 88 149
10 37 91
8 45 142
119 186 189
18 104 198
172 181 196
50 121 192
37 51 81
16 54 152
59 167 198
57 62 118
58 87 194
58 59 194
115 138 150
20 110 137
39 47 61
16 58 183
25 62 66
34 89 185
17 64 191
