71 137 175
4 80 94
6 62 118
13 23 153
57 107 112
16 54 58
58 59 167
57 112 153
17 181 191
152 176 188
22 96 197
65 72 177
89 122 185
39 61 90
13 26 125
71 79 175
65 74 113
30 92 187
26 41 72
7 40 136
7 40 131
6 62 63
25 107 112
85 107 118
25 85 107
6 63 136
25 66 150
63 138 150
7 83 139
3 36 175
29 35 142
52 55 139
123 176 191
83 138 139
123 176 188
10 106 190
87 178 194
25 62 85
1 37 51
81 111 170
56 95 161
109 111 143
77 88 149
111 143 168
4 14 42
53 96 114
105 151 184
11 28 165
157 186 189
11 47 165
156 186 189
46 157 163
14 94 177
76 146 177
26 41 128
41 65 72
19 74 94
49 80 166
14 42 99
4 80 166
4 14 94
14 126 146
11 47 99
76 90 108
14 146 177
47 90 99
39 76 90
47 90 165
61 90 165
4 42 166
33 88 133
103 133 174
88 129 133
77 88 129
22 140 147
77 129 147
122 161 197
22 53 96
44 147 174
30 114 199
9 49 174
69 98 160
9 49 80
19 94 127
80 94 127
21 69 98
19 21 127
21 98 127
26 70 97
20 70 137
70 97 101
20 110 175
36 79 175
40 79 82
27 125 136
20 137 175
23 38 57
13 26 153
62 85 118
57 107 118
23 57 153
38 57 118
13 125 136
71 79 132
25 112 162
79 82 132
40 82 136
27 71 132
50 52 55
52 139 180
63 83 138
66 115 150
5 60 162
5 162 167
25 60 162
5 60 115
55 115 139
5 55 115
50 55 183
50 52 121
52 117 121
117 124 141
8 35 142
3 32 179
45 96 185
8 45 180
96 114 199
30 110 179
96 122 185
8 45 185
29 34 35
96 122 197
89 172 196
37 43 106
17 169 191
16 152 159
124 176 192
159 176 192
12 16 152
152 159 176
12 48 152
16 183 192
16 159 192
59 162 167
54 58 59
59 162 198
5 55 167
55 167 183
148 194 198
12 16 54
130 152 188
31 78 158
37 91 106
148 178 194
59 194 198
18 104 195
18 162 198
18 195 198
104 190 195
43 78 106
10 91 106
78 106 190
102 120 145
102 123 188
48 130 152
123 169 191
51 67 102
102 123 169
10 93 190
143 144 168
24 84 116
10 144 168
105 164 170
64 170 171
0 111 168
51 102 169
17 64 169
17 64 181
100 171 181
73 181 196
73 124 176
73 172 196
34 89 172
56 95 100
75 134 161
75 140 161
95 161 196
105 170 171
56 134 161
64 171 181
56 134 173
151 173 193
39 156 189
154 173 193
61 68 155
68 154 193
151 184 193
157 163 186
68 163 186
39 119 189
119 157 189
46 157 182
15 119 157
86 182 184
24 84 86
24 116 144
15 157 182
2 15 119
2 15 24
176 181 191
110 175 179
3 175 179
81 169 170
105 164 184
155 156 186
130 145 188
102 145 188
9 135 174
133 147 174
48 130 148
73 124 172
86 164 184
122 161 196
117 121 124
121 124 192
120 130 158
52 117 142
116 143 144
109 116 143
30 114 160
114 135 160
6 118 136
100 105 151
42 99 166
98 135 160
95 100 181
129 133 147
56 100 173
26 92 97
90 108 126
61 88 165
163 184 193
115 138 139
84 86 164
95 181 196
84 109 116
84 109 164
63 83 136
7 83 136
9 80 98
80 98 127
78 120 158
76 108 126
43 78 120
70 125 137
26 70 125
28 88 165
134 154 173
117 141 142
65 113 128
30 101 110
30 92 101
75 134 149
61 149 154
29 124 141
134 149 154
9 98 135
28 49 166
11 28 166
29 141 142
29 124 172
7 139 180
68 155 186
69 74 113
41 65 128
28 33 88
27 82 136
25 66 115
25 63 150
73 176 181
54 87 178
22 140 161
3 32 180
69 113 187
22 53 147
30 69 160
28 33 133
76 126 146
30 32 199
11 99 166
75 140 147
20 101 110
25 60 115
19 69 74
109 111 164
18 104 190
14 90 99
75 77 147
31 130 158
31 78 195
24 86 182
61 155 156
0 10 168
100 105 171
29 34 172
100 151 173
31 195 198
92 97 101
3 131 180
22 161 197
26 128 187
20 70 101
59 87 194
0 10 91
43 102 120
15 24 182
65 74 94
61 68 154
68 163 193
13 38 118
3 36 131
8 34 35
78 190 195
26 92 187
113 128 187
44 53 114
7 131 180
89 122 196
27 125 137
14 90 126
0 1 81
65 94 177
1 81 169
46 182 184
13 23 38
43 67 102
32 96 199
28 49 103
0 81 111
43 51 67
8 52 180
1 51 169
8 52 142
27 71 137
37 43 51
30 32 179
8 34 185
58 167 183
19 21 69
0 1 37
12 148 178
31 130 148
75 77 149
31 148 198
32 45 96
32 45 180
50 183 192
27 82 132
36 40 79
0 37 91
36 40 131
30 69 187
44 114 135
12 48 148
25 62 63
111 164 170
28 103 133
120 130 145
61 88 149
46 163 184
49 103 174
13 118 136
50 121 192
18 93 190
44 135 174
44 53 147
12 54 178
115 138 150
54 59 87
64 169 170
39 61 156
16 58 183
34 89 185
