1871.59 986.307
469.217 -1730.15
-1151.56 -1034.24
-862.562 851.141
-1804.35 1455.45
1188.65 -1153.91
1225.88 -1271.09
29.8253 898.4
-882.757 161.351
1616.52 -599.51
-824.702 -1456.23
1311.88 1993.48
-1384.92 936.919
477.284 -997.464
-584.443 -36.9249
740.639 -712.852
-1050.62 -790.144
-443.001 -202.181
175.617 694.437
-1351.04 371.269
149.888 1837.61
1217.36 -624.228
-1433.49 -752.817
-1725.83 -316.242
1408.53 1890.69
1084.25 -1416.17
-1565.55 396.123
-1422.69 -950.47
-666.958 1054.6
52.0661 748.599
-982.328 -1207.29
-1964.25 -32.9465
2.56079 -407.254
1764.87 -1821.82
-1712.82 -1586.17
549.447 437.071
-1748.56 -233.195
1812.84 -1182.05
1013.99 -1912.99
501.712 422.522
1977.7 -414.041
1006.36 -1587.84
1982.08 1583.67
-538.312 -684.875
638.264 1513.75
-1936.28 1655.94
-1693.54 -1900.53
-377.011 309.02
-307.783 -612.138
487.198 -20.6007
-198.305 -963.355
-1583.53 53.1344
803.45 -1770.69
871.089 -182.562
-1683.67 -627.2
-1760.04 -1705.97
958.76 1246.32
-1293.81 940.842
829.982 167.877
-1744.03 -531.754
-318.369 -1680.31
-875.818 -11.909
-1580.84 747.171
-1702.89 111.378
-1864.97 784.309
-1909.22 -63.2719
1820.95 -1492.75
1989.86 624.404
-1263.44 860.951
-1558.16 -947.112
-1766.25 -1318.2
-653.082 1192.51
1928.12 53.1069
133.353 758.1
-1779.02 389.319
-1773.65 -97.3847
709.01 -649.472
1890.71 1128.17
-1902.3 -1812.18
-760.451 -1767.27
972.127 -669.674
169.461 793.081
-162.426 159.323
-582.514 574.134
-979.726 -140.672
1627.02 -745.974
541.13 -1026.06
-1553.46 469.248
1027.05 579.89
-772.653 1248.03
-1030.79 -546.307
-849.354 1678.22
804.221 -958.648
806.39 901.921
-770.83 -1954.06
1134.65 -1798.7
-623.735 -695.886
994.378 1213.84
1463.44 -1588.14
-212.028 -1516.29
271.192 -585.006
-262.263 -1187.68
388.934 184.274
1281.57 -584.019
-1235.84 -1491.08
-1335.99 -266.628
-37.3889 -185.342
-588.409 -1233.17
856.01 -1782.02
1668.75 -1914.82
-1736.08 803.406
-1713.52 -359.816
-1892.48 1280.86
-1145.98 1570.96
1692.72 641.995
-1945.33 -36.0878
-1943.01 -207.596
776.235 445.923
1976.68 57.8052
1861.9 -1259.16
566.723 -1474.08
474.213 -1470.67
340.574 1885.8
-703.834 -803.416
-1896.21 -1035.08
-718.236 -1632.3
1768.33 -431.758
7.88896 1875.84
-1150.9 861.911
1446.8 -1458.18
-496.094 1501.47
505.729 -439.105
-706.128 -718.036
-1993.18 -729.451
1339.77 1868.72
11.3897 -93.5075
-1605.36 -1514.4
435.827 735.21
-1628.59 1731.99
1931.79 -1524.81
-1303.09 -786.441
-1157.1 -1534.76
781.801 850.786
-1658.92 1630.9
-287.303 1787.88
-1827.28 1216.6
1289.35 678.445
-1222.5 -1416.78
1960.41 -1215.69
-146.228 1300.18
-1346.96 1865.16
-793.329 -952.327
-1649.24 1642.5
1782.88 -1277.83
1374.49 1714.68
-802.636 -1928.6
-1071.76 40.261
-1463.36 1710.04
-1108.95 -1122.28
1340.94 603.744
-1334.39 1513.65
-179.653 1954.96
192.096 597.845
-1461.82 152.505
1382.16 391.955
-547.317 -1964.8
257.117 659.354
-917.131 607.881
301.852 -1134.25
1330.05 -323.657
-1419.57 -1472.58
-252.254 -491.334
567.678 284.387
-781.296 1458.73
1162.11 -1440.36
62.4695 1827.72
-1926.71 1882.82
1782.68 265.386
480.662 -1679.14
-1582.11 -137.178
712.813 -129.426
-101.982 -1030.07
-1470.07 980.887
1577.81 831.78
1846.64 907.864
-1491.88 -1572.93
1435.28 255.869
-64.2651 2.95954
-1459.74 1154.44
-538.315 1702.37
1714.08 1524.15
1530.08 1787.37
1406.97 1312.76
52.7539 -112.367
1633.62 470.645
1750.46 346.43
-1658.78 -351.526
1316.36 -1128.85
-1370.64 894.171
1702.93 -1524
-197.965 -1788.95
-1096.93 -762.684
466.919 838.803
1240.28 1007.17
-6.75826 -1298.04
709.54 -292.68
-1773.89 239.623
-505.313 1633.09
-447.618 1547.44
-479.281 -814.001
18.086 -728.826
1532.43 359.305
919.648 848.789
1230.45 1549.01
-257.04 933.38
-1974.99 1544.99
1144.43 -1071.92
-1217.69 -388.65
1766.88 -1977.41
-1381.48 -239.878
-1275.45 1328.06
1467.44 -1049.34
-432.313 -1037.87
-1416.25 1120.07
-1490.43 104.467
-1693.93 527.656
1375.64 1838.5
-1113.04 295.29
687.286 -1882.59
-155.702 -1569.75
1050.79 -130.694
1975.24 195.222
797.383 -1242.45
1806.57 564.263
-1219.86 -1574.9
-1675.62 -495.314
1753.16 1791.83
455.349 -679.151
-1246.05 1039.1
-1559.08 -736.476
-856.436 -1253.01
1791.18 -1480.79
-1414.52 -1321.86
814.495 1272.77
-1204.45 -1341.21
1703.02 1846.34
528.1 1678.26
41.5673 -674.517
-1564.19 -151.861
1889.75 -784.052
273.236 -1785.87
720.634 26.3973
-1994.04 -824.017
1347.25 -1240.09
-1784.92 1788.16
23.433 -641.357
-1464.85 -185.387
-122.151 -879.366
492.753 -1307.66
-1606.6 1288.31
-648.863 -1903.58
1134.65 1879.24
1774.68 -823.782
-795.28 -1789.51
1024.36 -905.535
-573.567 -702.406
-691.405 -1852.93
1323.99 -685.45
-676.95 671.237
74.4594 -461.871
459.401 -1902.11
896.773 994.551
-87.4949 -1225.38
-1884.82 -1594.74
-533.034 -1491.41
1693.56 818.103
-1394.99 828.215
697.34 -1620.32
-1995.57 1902.06
-1409.83 1028.79
-1003.47 16.6026
-1673.62 305.12
163.67 1650.38
1619.67 1486.72
321.613 -305.87
-975.151 -1218.99
-207.978 1921.62
1775.56 1704.53
-1303.76 1890.75
-1890.21 163.21
-1600.66 1803.35
-1018.69 -995.655
631.565 1678.65
-615.971 635.999
1580.71 -25.8018
-335.21 -1422.76
1990.8 -8.82544
882.359 154.471
-358.45 502.03
-358.809 1963.16
-1803.84 666.04
-1255.82 -11.8183
587.662 -1480.26
-307.291 1283.91
-1589.51 -197.505
-552.884 -1190.17
-394.155 428.429
-185.827 -1762.59
107.083 1198.2
873.408 -312.204
-827.6 -1461.8
265.035 -836.799
529.373 -852.606
1317.67 -1829.08
1649.42 -1041.14
-1865.91 1845.58
1624.9 -1121.74
-166.235 212.564
-601.995 1526.47
-503.529 -191.504
-671.031 943.587
618.324 934.813
-627.984 -1567.5
1172.22 1479.1
1630.7 45.631
-833.105 -1196.9
583.829 1431.93
-33.6997 -886.799
-1420.68 -716.028
-715.876 -1771.25
242.834 -581.789
-1925.67 -132.263
296.474 -91.9033
-1919.7 1694.48
-565.429 -423.228
-497.025 763.539
-1479.64 -1878.7
-301.648 -107.626
-1446.2 -1129.42
-628.527 -1815.5
916.206 538.368
-1012.4 -499.965
-29.7014 953.896
613.237 549.623
-1762.13 1897.36
778.372 480.703
-684.428 852.704
-1651.56 1612.05
-1239.2 -1571.26
1306.52 195.371
