41 63 70
20 73 80
37 91 94
19 59 71
18 68 77
34 45 72
66 73 77
54 78 91
18 19 77
20 73 84
48 78 91
32 62 98
36 39 98
32 39 98
32 39 83
32 65 83
58 65 83
15 32 65
46 64 92
26 57 75
11 33 49
16 69 88
16 51 96
11 33 43
61 70 86
23 88 89
18 22 27
20 28 82
40 54 60
18 19 22
4 20 28
24 29 97
18 27 82
18 68 82
66 81 95
30 42 80
19 66 77
23 86 88
13 19 22
9 15 59
13 19 71
6 10 40
40 60 90
40 90 95
6 44 54
3 6 44
44 54 94
0 48 78
0 60 78
3 44 94
3 6 10
6 40 54
54 60 78
0 47 50
2 14 35
2 47 50
48 85 91
37 53 91
36 37 53
38 50 85
35 38 53
14 35 98
36 37 39
54 91 94
26 41 62
26 62 98
9 15 63
15 32 63
10 81 87
3 10 87
19 59 87
9 59 71
58 59 87
9 46 71
43 74 79
23 70 86
41 61 70
74 79 86
11 57 75
26 41 75
26 31 57
61 74 86
12 31 57
8 25 93
25 33 99
33 43 99
25 93 99
79 86 88
43 93 99
1 8 93
1 43 93
1 8 69
51 56 76
16 51 88
21 56 76
5 51 88
5 7 89
23 70 89
7 64 92
9 89 92
9 46 92
13 46 71
7 89 92
5 51 76
5 88 89
5 21 76
22 27 64
27 64 97
21 64 97
28 29 55
28 52 55
34 56 96
51 56 96
8 52 72
66 73 90
73 80 90
69 79 88
68 73 77
68 73 84
32 62 63
41 62 63
42 60 80
58 59 65
60 80 90
52 55 72
35 53 98
21 45 97
24 45 97
11 43 75
43 74 75
43 69 79
1 43 69
37 39 94
39 83 94
38 53 91
41 61 75
2 35 50
14 26 98
13 46 64
14 26 31
11 12 49
10 40 95
12 25 49
0 48 85
66 90 95
12 17 25
10 81 95
21 34 56
3 83 94
4 20 80
61 74 75
20 68 84
28 29 82
5 7 64
38 85 91
45 55 72
12 17 67
4 42 60
8 16 96
3 58 87
36 53 98
8 34 96
3 58 83
29 45 55
0 50 85
5 21 64
4 30 80
29 82 97
9 63 70
14 31 67
8 16 69
13 22 64
8 34 72
9 70 89
15 59 65
4 30 42
19 66 81
19 81 87
20 68 82
11 12 57
21 34 45
27 82 97
25 33 49
35 38 50
24 29 45
12 31 67
