41 63 70
37 91 94
19 59 71
34 45 72
66 73 77
15 58 65
13 22 46
15 58 59
54 78 91
18 19 77
30 42 60
36 39 98
58 65 83
15 32 65
16 69 88
41 61 74
16 51 96
61 70 86
23 88 89
18 22 27
24 45 55
4 20 30
40 54 60
4 30 60
42 80 90
18 19 22
24 29 97
18 27 82
18 68 82
66 81 95
19 66 77
13 19 22
13 19 71
10 40 81
6 10 40
6 44 54
44 54 94
0 60 78
6 40 54
54 60 78
2 38 50
0 47 50
2 14 35
2 47 50
48 85 91
37 53 91
38 50 85
35 38 53
2 35 38
26 31 98
14 35 98
36 37 39
35 36 98
54 91 94
26 41 62
26 62 98
9 15 63
10 81 87
3 10 87
19 59 87
58 59 87
43 74 79
5 7 21
23 70 86
11 74 75
41 61 70
11 57 75
26 41 75
14 31 98
41 74 75
12 49 57
12 31 57
1 43 79
17 25 33
8 25 93
25 33 99
33 43 99
25 93 99
1 79 88
1 8 93
16 69 96
1 69 88
1 8 69
51 56 76
16 51 88
21 56 76
5 51 88
5 7 89
7 64 92
9 89 92
9 46 92
7 21 64
7 89 92
5 51 76
5 88 89
5 21 76
24 29 55
21 64 97
28 29 97
28 29 55
28 52 55
34 72 96
8 69 96
34 56 96
51 56 96
8 52 72
8 72 96
73 80 84
66 73 90
28 82 97
73 80 90
68 73 84
52 55 72
61 74 79
21 45 97
24 45 97
44 83 94
3 44 83
40 42 90
37 39 94
39 83 94
39 65 83
32 39 65
32 39 62
40 81 90
39 62 98
38 53 91
61 79 86
15 41 62
23 79 86
35 37 53
0 48 85
66 90 95
15 32 62
21 34 56
3 10 44
15 41 63
20 68 84
81 90 95
11 33 74
9 13 46
38 85 91
9 23 70
45 55 72
12 17 67
20 80 84
0 78 91
20 30 42
0 48 91
3 58 87
3 58 83
0 50 85
22 64 97
35 36 37
1 43 99
15 59 71
20 42 80
9 63 70
14 31 67
12 17 49
9 13 71
6 10 44
9 15 71
17 33 49
9 23 89
18 68 73
18 73 77
19 66 81
19 81 87
31 57 75
20 68 82
21 34 45
22 46 92
1 93 99
22 64 92
22 27 97
23 79 88
27 82 97
4 28 82
26 31 75
4 20 82
11 33 57
33 49 57
40 42 60
12 31 67
33 43 74
