41 63 70
19 59 71
34 45 72
66 73 77
27 28 97
54 78 91
18 19 77
30 42 60
48 78 91
36 39 98
32 39 83
32 65 83
58 65 83
35 36 53
15 32 65
26 57 75
11 33 49
41 61 74
16 51 96
11 33 43
23 88 89
18 22 27
24 45 55
27 28 82
4 20 30
40 54 60
4 30 60
20 82 84
18 19 22
24 29 97
18 27 82
68 82 84
18 68 82
66 81 95
19 66 77
13 19 22
13 19 71
66 73 80
40 60 90
6 44 54
3 6 44
0 48 78
0 60 78
3 6 10
54 60 78
2 38 50
0 48 50
0 47 50
2 14 35
48 50 85
2 47 50
48 85 91
37 53 91
36 37 53
38 50 85
35 38 53
2 35 38
14 35 98
36 37 39
35 36 98
26 41 62
9 15 63
15 32 63
19 59 87
58 59 87
43 74 79
41 61 70
74 79 86
11 57 75
26 41 75
12 14 31
26 31 57
41 74 75
61 74 86
12 31 57
12 14 67
1 43 79
8 25 93
25 33 99
33 43 99
25 93 99
1 8 93
16 69 96
1 8 69
51 56 76
16 51 88
21 56 76
5 51 88
5 7 89
9 89 92
9 46 92
7 89 92
5 51 76
5 88 89
21 24 45
5 21 76
24 29 55
21 24 97
21 64 97
28 29 97
28 29 55
28 52 55
34 72 96
8 69 96
34 56 96
51 56 96
8 52 72
8 72 96
73 80 84
1 69 79
68 73 84
32 62 63
41 62 63
42 60 80
58 59 65
60 80 90
52 55 72
44 54 91
44 83 94
3 44 83
11 43 75
43 74 75
39 83 94
39 91 94
32 39 62
38 53 91
23 79 86
14 26 98
13 46 64
14 26 31
11 12 49
66 90 95
6 10 54
21 34 56
7 46 64
3 81 87
81 90 95
9 13 46
5 7 64
38 85 91
9 23 70
16 79 88
45 55 72
12 17 67
23 61 70
20 80 84
10 40 90
20 30 42
10 40 54
3 58 87
26 39 62
3 58 83
7 46 92
22 64 97
1 43 99
5 21 64
15 59 71
20 42 80
9 63 70
12 17 49
9 13 71
10 81 90
13 22 64
15 59 65
16 69 79
3 10 81
9 15 71
9 23 89
17 25 49
66 80 90
18 68 73
37 39 91
18 73 77
19 66 81
19 81 87
26 39 98
11 12 57
21 34 45
1 93 99
22 27 97
23 61 86
23 79 88
25 33 49
4 28 82
4 20 82
44 91 94
