24 82 108
27 170 187
30 72 171
13 182 189
151 153 183
6 140 176
88 114 139
22 31 167
27 62 116
70 79 94
63 96 130
27 116 119
97 107 130
22 104 167
14 33 78
25 26 178
0 34 48
0 60 102
6 10 133
49 80 92
137 160 177
6 10 140
77 84 113
40 50 173
15 70 94
88 131 148
85 94 117
82 88 138
58 172 193
13 30 168
121 171 173
22 31 96
11 105 167
22 104 172
104 105 167
24 36 82
36 45 139
58 132 193
8 24 108
81 82 108
8 108 168
108 112 168
81 108 112
13 30 182
131 147 148
88 138 148
36 82 139
81 82 138
82 88 139
89 155 170
15 64 123
123 126 131
70 79 80
15 86 117
18 41 195
15 64 70
15 86 123
49 64 99
27 97 119
9 46 187
27 89 97
27 89 170
9 170 187
11 167 169
31 96 107
89 97 146
97 119 130
63 119 130
96 107 130
116 144 174
4 116 144
34 48 90
53 83 164
0 128 192
53 106 163
106 135 163
22 74 101
74 95 184
32 33 78
57 78 95
32 57 78
57 110 186
34 83 90
34 83 175
0 34 102
60 102 175
34 102 175
60 73 100
60 73 128
57 162 186
68 128 192
73 128 161
68 128 161
28 29 176
118 192 196
68 118 192
48 54 157
0 157 192
0 48 157
0 60 128
27 62 99
49 92 99
49 64 70
49 70 80
59 115 190
29 152 176
28 29 38
6 176 180
115 176 180
140 152 176
39 59 190
39 178 194
19 25 91
19 66 178
19 25 178
156 179 180
51 127 177
137 160 183
151 160 183
109 151 153
109 150 188
17 69 127
69 129 199
69 122 150
17 69 129
69 122 199
17 129 156
43 76 133
43 156 180
76 93 181
43 76 156
122 136 150
122 136 199
2 93 111
2 20 93
20 93 181
1 85 198
124 142 181
37 56 142
23 124 142
10 133 198
5 124 181
10 47 198
47 85 94
47 85 198
15 94 117
44 86 98
44 86 123
40 50 98
40 41 98
18 41 75
23 71 124
67 77 149
41 143 195
41 75 98
50 147 189
8 30 168
50 121 173
50 121 189
30 121 171
16 40 173
67 72 77
35 154 159
56 142 145
84 113 158
91 183 197
137 183 197
39 176 194
28 176 194
66 166 179
134 166 179
52 157 196
154 159 165
16 149 173
67 149 173
149 154 165
147 148 189
20 145 181
142 145 181
145 150 158
137 166 197
127 151 177
2 136 145
77 149 165
136 145 150
134 166 177
5 133 181
76 133 181
7 77 84
30 58 72
4 21 116
32 60 175
3 26 161
19 66 91
104 105 193
16 40 149
39 66 179
71 124 198
35 149 154
26 68 161
33 65 184
12 129 136
32 33 175
157 192 196
33 83 175
33 42 65
33 42 53
33 53 164
9 169 170
7 120 145
8 30 58
76 93 111
114 126 185
32 100 162
28 68 194
55 57 95
28 68 118
45 114 139
27 64 187
27 64 99
40 41 149
36 45 132
63 106 135
129 136 199
25 110 141
21 62 116
39 115 176
7 120 159
6 43 180
28 118 196
3 73 141
3 25 141
4 90 163
12 61 129
31 155 169
76 129 156
8 36 58
79 94 140
17 134 179
73 110 141
4 103 163
137 166 177
11 45 169
68 178 194
63 119 174
35 87 149
46 125 185
115 180 190
39 179 190
37 87 191
41 143 149
120 159 191
44 98 147
30 121 189
116 119 174
22 101 106
6 43 133
87 143 149
39 59 115
2 20 145
37 120 191
61 111 136
7 84 158
88 114 126
65 101 184
29 38 152
32 60 100
112 148 189
7 159 165
37 56 120
45 169 185
4 21 54
4 144 174
3 25 26
3 73 161
105 132 193
38 80 196
125 126 185
38 80 152
123 125 126
13 112 168
39 66 178
11 105 132
83 90 163
11 45 132
21 62 99
7 145 158
31 167 169
28 38 196
18 71 75
89 146 155
22 96 106
23 87 143
23 143 195
8 24 36
7 77 165
10 47 140
88 126 131
151 160 177
23 71 195
4 103 174
18 71 195
73 162 186
17 156 179
21 52 54
52 54 157
53 65 106
67 72 171
123 131 147
52 92 99
21 52 99
42 53 65
4 54 90
17 127 134
155 169 170
48 54 90
31 146 155
85 98 117
55 91 183
25 55 91
12 61 136
65 101 106
26 68 178
32 57 162
63 103 135
63 103 174
63 96 106
13 112 189
30 182 189
66 91 197
9 46 169
5 133 198
14 33 184
66 166 197
56 120 145
109 150 151
67 171 173
51 134 177
69 127 151
14 78 184
69 150 151
1 71 75
1 71 198
46 169 185
73 100 162
179 180 190
1 75 85
78 95 184
46 123 125
33 83 164
80 140 152
79 80 140
80 92 196
53 83 163
75 85 98
50 98 147
37 87 142
87 159 191
35 87 159
52 92 196
86 98 117
61 76 111
45 114 185
61 76 129
74 101 184
47 94 140
23 87 142
103 135 163
55 57 110
104 172 193
97 107 146
31 107 146
2 111 136
81 112 138
112 138 148
25 55 110
64 123 187
36 58 132
44 123 147
46 123 187
5 124 198
51 127 134
73 110 186
