301 416 429
205 218 419
84 153 173
6 59 93
20 206 354
82 167 323
43 61 111
124 345 409
66 335 385
91 314 347
156 425 441
103 387 414
56 255 350
40 94 96
290 331 430
125 226 307
130 186 258
94 261 365
192 219 241
6 147 374
134 251 294
8 88 224
14 68 400
19 275 283
59 93 167
170 234 424
6 59 374
69 295 298
27 278 344
184 202 411
91 314 348
63 182 385
23 33 121
54 107 363
191 211 342
51 78 233
63 127 213
207 359 397
19 142 283
37 125 269
11 37 125
23 151 446
113 146 226
17 307 384
125 160 307
22 167 323
17 22 214
91 329 399
25 38 115
33 151 225
47 329 442
62 159 447
106 138 414
87 138 358
29 290 430
23 33 151
260 325 446
153 427 433
25 115 315
48 373 414
153 179 413
133 279 301
52 144 368
99 143 368
13 128 415
40 94 236
31 149 155
21 199 279
108 152 320
317 324 346
86 258 380
84 153 427
1 153 413
153 179 433
55 427 433
67 126 399
129 157 374
26 327 390
276 334 370
276 402 436
35 376 390
73 82 163
187 317 346
26 30 32
130 186 306
100 240 438
18 250 423
35 376 393
26 30 402
44 137 250
5 286 320
70 71 284
241 251 294
71 134 251
241 243 251
141 148 243
68 192 219
71 148 243
24 398 435
14 175 222
14 68 112
224 278 333
224 278 294
218 322 419
208 304 424
0 24 435
129 162 412
245 322 419
208 289 295
46 270 428
139 157 177
69 289 295
69 136 336
46 295 298
10 150 408
336 408 431
308 341 349
39 302 349
39 302 401
210 229 340
64 194 396
72 218 252
39 64 77
39 77 326
218 252 449
8 83 333
278 333 383
72 333 383
278 344 439
206 353 354
353 354 425
342 388 434
169 183 386
156 255 350
29 255 290
255 290 311
191 331 411
20 247 354
92 425 441
191 211 411
92 197 211
211 342 434
151 159 274
92 197 425
197 211 434
197 247 425
131 247 434
131 361 437
197 247 434
247 354 425
20 131 247
20 169 361
20 206 386
20 169 386
20 131 361
169 237 361
131 178 440
131 178 437
51 178 233
51 388 440
178 233 437
3 28 363
237 361 437
233 237 437
169 237 267
28 229 340
90 302 349
116 207 359
3 28 229
54 271 318
78 267 340
210 267 340
28 78 340
3 54 318
66 182 190
4 268 372
63 127 182
66 190 200
53 66 335
117 190 200
3 54 363
51 117 190
51 78 117
79 107 200
79 117 200
127 182 190
51 178 440
151 159 442
62 127 213
151 225 442
213 244 442
63 213 244
66 182 385
160 272 347
37 269 272
160 214 347
125 160 269
4 37 268
4 11 37
37 272 385
160 269 272
47 50 348
50 272 347
50 314 348
50 314 347
33 121 126
45 232 355
67 378 399
91 329 348
47 329 348
47 244 442
33 126 329
126 329 399
23 121 242
67 121 126
325 330 446
151 260 446
62 159 213
80 266 331
260 316 377
151 260 274
159 213 442
159 266 447
342 388 447
191 266 331
135 221 274
80 331 430
29 263 430
80 262 430
184 290 311
29 138 255
138 368 414
87 135 263
135 221 263
260 325 377
325 377 448
106 325 366
106 373 414
106 325 448
106 366 373
48 103 414
174 230 366
325 330 366
48 366 373
174 330 366
23 248 337
55 381 433
299 381 433
48 103 145
230 232 381
145 299 381
230 232 355
145 230 381
38 115 145
179 209 313
133 315 429
38 145 313
25 122 158
21 115 315
99 115 143
115 387 432
115 143 432
115 145 387
103 145 387
143 387 432
99 144 368
21 99 144
185 356 415
21 99 115
21 144 328
52 185 328
52 144 328
185 328 356
52 185 368
105 185 415
13 356 415
13 75 356
75 328 356
13 75 215
75 215 328
40 128 415
16 105 249
236 249 261
94 236 261
94 240 365
40 236 415
40 96 128
94 220 240
96 155 277
149 155 277
96 155 389
133 301 429
31 199 279
2 9 305
2 188 305
9 305 416
9 158 288
301 382 416
100 220 240
240 365 438
296 365 438
104 154 256
16 104 296
152 297 443
104 256 392
297 321 443
256 286 392
154 186 256
34 130 187
154 186 188
186 188 258
2 120 188
60 188 305
120 188 258
2 120 300
114 163 164
258 324 380
114 164 223
2 223 300
82 280 410
57 153 420
189 352 410
84 173 265
57 309 420
2 223 351
223 309 351
55 84 427
1 153 420
179 209 433
209 299 433
173 189 265
173 189 410
55 232 381
45 81 242
23 242 248
81 242 378
7 172 352
189 265 281
81 378 422
81 281 422
7 280 352
280 352 410
82 280 323
7 91 280
17 93 167
73 238 285
177 238 418
177 238 327
73 238 418
73 82 418
139 157 239
129 157 239
129 147 374
26 32 327
32 181 338
177 217 338
216 259 285
109 238 327
42 109 327
180 276 402
35 327 390
42 109 393
35 42 327
35 42 393
12 259 285
216 259 346
86 98 406
12 259 380
258 317 324
168 291 376
123 291 376
168 291 371
123 187 346
34 201 228
5 108 320
286 320 392
130 201 306
102 108 152
201 228 371
34 130 201
102 201 293
152 423 443
152 320 392
152 297 392
152 303 403
104 297 392
152 303 423
293 303 407
293 303 403
102 293 403
201 293 371
102 152 403
228 291 371
15 168 371
41 137 287
30 180 402
15 41 436
141 241 292
273 287 421
137 250 445
18 250 445
44 321 443
44 235 321
43 284 310
111 395 417
61 111 204
71 284 417
71 243 251
219 241 294
141 241 243
61 134 294
112 224 294
176 292 404
14 166 400
68 192 400
176 192 292
192 241 292
171 231 404
41 287 421
30 32 180
36 276 436
101 176 246
36 231 246
36 101 246
101 257 400
180 276 282
36 276 334
32 180 282
32 97 282
276 282 370
49 97 332
49 332 362
36 101 257
166 257 400
166 222 257
14 166 222
14 112 224
8 224 333
14 89 254
14 89 224
24 89 254
0 24 89
8 88 435
0 88 435
72 205 333
27 65 339
72 383 391
118 205 419
118 245 419
72 205 218
245 253 322
10 150 198
208 218 322
58 170 431
208 218 234
270 405 428
253 322 405
195 253 405
132 195 362
162 196 428
195 196 362
129 162 428
129 147 428
147 298 367
46 147 428
46 147 298
6 113 367
113 146 203
6 147 367
113 203 367
59 374 418
17 93 384
59 167 418
82 167 418
22 214 323
17 22 167
226 307 384
6 93 113
93 113 226
93 226 384
4 372 379
11 125 226
119 289 304
119 136 289
58 119 431
69 136 289
208 289 304
58 119 304
208 234 424
58 304 424
150 170 234
58 170 424
308 341 409
74 90 349
19 345 357
283 372 379
19 124 345
95 212 275
275 283 379
11 95 212
212 275 379
53 268 335
19 124 142
140 142 369
142 283 369
140 142 227
165 369 394
140 165 369
3 229 360
229 359 360
210 229 359
116 210 359
165 360 394
3 360 394
359 360 397
124 142 227
140 227 375
267 401 439
39 64 401
77 110 396
198 343 449
64 77 396
77 110 326
10 319 326
193 396 426
10 198 264
10 319 408
85 193 264
252 426 449
85 110 264
85 110 396
65 396 426
85 193 396
193 426 449
76 194 396
252 391 426
72 252 391
27 278 339
278 294 439
161 194 401
65 76 396
76 161 194
64 194 401
76 161 364
344 364 439
388 434 440
36 421 436
15 407 445
18 407 445
69 298 367
111 312 395
43 111 284
109 238 285
108 186 306
79 107 117
74 116 207
107 117 363
27 344 364
116 302 401
284 310 321
216 346 393
101 176 192
100 220 382
96 128 389
107 200 271
15 293 407
101 192 400
86 98 258
119 336 431
98 120 258
98 223 300
98 163 406
123 346 376
97 282 370
67 242 378
146 203 336
60 154 438
95 357 408
71 395 417
91 172 399
44 137 444
97 334 370
189 281 352
87 316 358
46 270 295
5 108 186
8 83 435
83 398 435
83 205 333
104 154 438
202 211 411
74 140 375
74 90 116
94 96 220
68 219 294
104 296 438
67 121 242
319 345 409
53 66 271
193 198 264
12 163 406
78 117 363
50 63 272
81 265 281
12 380 406
62 388 447
68 112 294
140 207 397
96 220 277
24 253 254
51 62 190
24 118 245
98 120 300
10 110 326
11 95 226
156 183 353
54 107 271
111 284 417
45 55 232
378 399 422
63 272 385
74 140 207
29 138 263
19 95 357
168 376 390
25 122 179
18 303 423
18 303 407
57 163 164
44 235 444
102 108 306
49 196 362
81 84 265
36 332 334
95 336 408
7 91 172
70 284 321
62 127 190
17 160 214
90 116 302
15 41 137
15 137 445
21 199 328
60 100 438
13 199 215
5 186 256
97 332 334
175 257 332
262 263 430
111 204 312
21 133 279
13 128 389
41 421 436
171 292 404
98 114 223
19 95 275
95 146 336
297 310 321
70 71 444
44 250 423
95 146 226
227 341 409
0 88 224
139 177 239
92 202 211
11 212 379
210 267 401
26 168 402
132 253 254
10 110 264
278 339 391
38 179 313
4 11 379
106 138 448
172 399 422
15 168 402
1 351 420
71 273 444
150 408 431
319 357 408
324 346 380
102 201 306
181 217 412
71 134 312
143 368 387
0 89 224
346 376 393
12 73 285
24 118 398
283 318 369
278 383 391
25 158 429
60 154 188
33 225 442
32 49 181
53 268 372
14 175 254
175 332 362
57 82 410
208 270 295
214 280 323
330 337 446
122 158 179
24 245 253
98 114 163
36 171 231
156 255 441
187 258 317
45 55 81
172 281 352
71 312 395
33 329 442
150 198 343
21 133 315
92 202 441
129 217 412
25 38 179
231 246 404
80 262 266
109 216 285
199 215 328
36 171 421
57 223 309
15 293 371
209 299 313
124 227 409
44 423 443
15 402 436
116 210 401
27 76 364
71 148 273
83 118 398
214 280 347
135 260 316
28 78 363
233 237 267
316 377 448
69 203 367
60 100 382
184 202 255
53 283 372
308 319 409
105 249 415
159 221 274
25 315 429
57 82 163
87 135 316
150 234 343
48 230 366
270 322 405
57 164 223
2 9 351
13 199 389
9 288 351
162 181 412
55 81 84
129 217 239
135 260 274
273 287 444
174 248 330
191 342 447
119 136 336
134 204 312
61 134 204
159 221 262
87 138 263
202 255 441
49 181 196
339 391 426
131 434 440
141 148 421
148 273 421
149 279 301
65 339 426
31 149 279
150 170 431
57 153 410
153 173 410
31 155 199
155 199 389
156 169 183
156 353 425
174 230 248
248 330 337
158 179 413
193 198 449
70 235 321
162 181 196
48 145 230
234 343 449
149 277 301
165 360 397
181 217 338
172 281 422
56 169 350
132 175 254
175 222 257
177 217 239
319 326 349
157 177 374
242 248 355
177 374 418
141 292 421
183 206 386
184 255 311
218 234 449
34 187 228
187 228 291
3 318 394
130 187 258
32 49 97
123 187 291
158 288 413
109 216 393
191 266 447
195 196 428
341 349 375
319 345 357
69 203 336
138 358 448
66 200 271
227 341 375
230 248 355
45 242 355
208 270 322
78 233 267
159 262 266
220 301 382
70 235 444
158 416 429
17 160 307
176 246 404
23 337 446
9 158 416
47 50 244
16 249 296
249 296 365
249 261 365
236 249 415
27 65 76
5 256 286
183 206 353
221 262 263
268 335 385
51 62 388
37 268 385
74 349 375
83 118 205
53 271 283
137 287 444
220 277 301
91 280 347
271 283 318
290 331 411
184 290 411
171 292 421
145 299 313
50 63 244
156 169 350
26 168 390
305 382 416
60 305 382
36 257 332
132 195 253
32 327 338
140 165 397
132 175 362
316 358 448
318 369 394
12 73 163
308 319 349
39 326 349
195 405 428
177 327 338
259 346 380
1 351 413
161 364 401
288 351 413
309 351 420
364 401 439
368 387 414
86 380 406
