184 202 311
211 411 441
84 153 173
26 390 402
20 206 354
82 167 323
43 61 111
124 345 409
66 335 385
91 314 347
156 425 441
156 183 425
103 387 414
56 255 350
123 376 393
1 309 351
290 331 430
36 41 421
130 186 258
376 390 402
94 261 365
6 147 374
8 88 224
14 68 400
18 407 423
170 234 424
6 59 374
69 295 298
196 405 428
27 278 344
183 353 425
184 202 411
92 211 441
91 314 348
23 33 121
191 211 342
63 127 213
207 359 397
336 357 408
4 11 212
4 212 379
271 318 369
50 272 385
23 151 446
113 146 226
91 214 347
17 307 384
22 167 323
17 22 214
91 329 399
25 38 115
221 262 274
62 159 447
106 138 414
87 138 358
29 290 430
159 262 274
260 325 446
153 427 433
25 115 315
48 373 414
153 179 413
52 144 368
99 143 368
199 215 389
133 279 315
34 228 291
40 94 236
31 149 155
149 220 301
16 249 261
5 186 306
108 152 320
317 324 346
86 258 380
1 153 413
153 179 433
174 230 355
55 427 433
67 126 399
164 223 309
172 378 422
129 157 374
26 327 390
36 97 334
276 334 370
49 97 181
73 82 163
187 317 346
26 30 32
130 186 306
18 250 423
293 371 407
26 30 402
141 273 421
5 286 320
176 231 404
241 243 251
36 231 421
70 137 444
36 97 332
171 231 421
24 398 435
14 175 222
0 88 89
195 196 405
208 304 424
129 162 412
208 289 295
46 270 428
139 157 177
162 196 412
11 95 336
69 289 295
69 136 336
46 295 298
150 170 408
119 136 431
10 150 408
74 341 375
336 408 431
308 341 349
39 302 349
39 308 349
39 302 401
39 77 326
8 83 333
278 333 383
65 339 391
339 383 391
278 344 439
156 183 350
206 353 354
353 354 425
342 388 434
56 169 183
156 255 350
56 183 350
29 255 290
202 255 311
255 290 311
191 331 411
87 135 358
156 202 255
156 202 441
202 411 441
20 247 354
92 425 441
191 211 411
92 197 211
211 342 434
151 159 274
92 197 425
197 211 434
197 247 425
131 247 434
131 361 437
197 247 434
247 354 425
206 353 386
20 131 247
20 206 386
20 131 361
131 178 437
51 388 440
178 233 437
3 28 363
237 361 437
233 237 437
169 237 267
28 229 340
90 302 349
116 207 359
3 28 229
54 271 318
28 78 340
3 54 318
66 182 190
4 268 372
66 190 200
53 66 335
79 107 200
127 182 190
51 178 440
51 62 447
62 127 213
63 213 244
51 62 127
51 127 190
66 182 385
160 272 347
37 269 272
160 214 347
125 160 269
4 37 268
160 269 272
50 272 347
50 63 385
50 314 347
7 91 399
33 121 126
172 189 352
45 232 355
67 378 399
172 189 422
91 329 348
47 329 348
47 244 442
33 126 329
126 329 399
23 121 242
67 121 126
325 330 446
151 260 446
174 330 337
135 316 358
174 248 337
62 159 213
80 266 331
266 342 447
151 260 274
80 159 266
159 266 447
184 331 411
80 159 262
191 266 331
191 266 342
135 221 274
80 331 430
184 290 331
80 262 430
184 290 311
106 358 448
29 87 138
29 138 255
138 368 414
87 135 263
135 221 263
135 274 316
106 325 366
106 373 414
106 138 358
106 325 448
106 366 373
48 103 414
174 230 366
325 330 366
48 366 373
174 248 355
174 330 366
23 248 337
145 299 381
145 230 381
145 209 313
179 209 313
145 209 299
133 315 429
38 145 313
25 122 158
25 38 313
21 279 315
21 115 315
99 115 143
115 387 432
115 143 432
103 145 387
143 387 432
99 144 368
185 356 415
21 99 115
52 144 328
52 185 368
105 185 415
105 236 415
104 154 296
13 75 356
75 328 356
13 75 215
75 215 328
40 128 415
13 96 128
16 261 365
236 249 261
94 236 261
94 240 365
60 220 301
40 236 415
94 220 240
149 220 277
96 155 277
31 279 301
149 155 277
13 215 389
60 301 382
31 149 301
9 305 416
9 158 288
60 100 220
130 187 317
100 220 240
16 296 365
296 365 438
154 296 438
100 154 438
104 154 256
16 104 296
104 256 392
34 130 187
154 186 188
60 188 305
2 120 300
114 163 164
114 164 223
2 223 300
57 153 420
189 352 410
57 164 309
1 309 420
57 309 420
1 153 420
179 209 433
209 299 433
173 189 410
121 242 378
55 232 381
45 81 242
23 242 248
67 121 378
172 378 399
81 242 378
7 172 352
189 265 281
189 281 422
81 378 422
81 281 422
7 280 352
82 280 323
7 172 399
7 91 280
17 93 167
157 177 418
73 238 285
109 216 238
177 238 418
177 238 327
73 238 418
157 374 418
73 82 418
217 338 412
129 147 374
32 177 338
129 239 412
177 217 338
216 259 285
109 238 327
42 109 327
180 276 402
168 376 402
42 109 393
35 42 393
259 324 346
109 216 346
12 259 285
216 259 346
216 238 285
12 285 406
86 120 258
12 86 380
168 291 376
123 291 376
168 291 371
108 201 306
34 123 291
123 187 346
34 123 187
34 201 228
130 201 306
102 108 152
201 228 371
303 407 423
130 258 317
34 130 201
152 320 392
152 297 392
104 297 392
102 293 403
102 152 403
102 108 201
228 291 371
41 137 287
30 180 402
15 41 436
36 41 436
141 241 292
141 148 273
235 284 321
273 287 421
44 321 443
44 235 321
44 137 235
70 235 284
70 137 235
43 284 417
43 284 310
61 134 312
61 204 312
61 111 204
111 204 395
204 312 395
61 134 294
176 292 404
14 166 400
68 192 400
176 192 292
171 231 404
41 287 421
30 32 180
36 231 246
180 276 282
36 276 334
32 180 282
181 338 412
217 239 412
276 282 370
282 334 370
181 196 412
49 97 332
46 208 270
49 181 362
49 332 362
175 222 332
166 222 257
14 166 222
8 88 435
8 398 435
83 118 333
8 83 398
27 65 339
72 383 391
118 205 419
118 205 333
118 245 419
208 270 405
46 208 295
72 205 218
10 150 198
58 170 431
208 218 234
270 405 428
208 322 405
253 322 405
181 196 362
132 195 254
162 196 428
195 196 362
129 162 428
129 147 428
147 298 367
46 147 428
46 147 298
6 113 367
113 146 203
6 147 367
113 203 367
59 374 418
17 93 384
59 167 418
82 167 418
22 214 323
17 22 167
226 307 384
6 93 113
93 113 226
93 226 384
146 226 336
37 268 335
4 372 379
95 336 357
11 226 336
119 289 304
170 408 431
119 136 289
58 119 431
69 136 289
136 336 431
208 289 304
208 234 424
150 170 234
58 170 424
19 275 357
319 345 408
124 227 375
308 341 409
74 90 349
19 345 357
283 372 379
19 124 345
11 95 212
53 268 335
53 268 283
19 124 142
268 283 372
165 369 394
140 165 369
3 229 360
229 359 360
210 229 359
116 210 359
165 360 394
3 360 394
359 360 397
90 302 401
90 116 401
124 142 227
124 341 409
74 341 349
124 341 375
74 207 375
267 401 439
39 308 319
39 319 326
110 264 326
77 110 326
10 319 326
10 264 326
193 396 426
10 198 264
345 357 408
10 319 408
85 193 264
193 264 449
252 426 449
85 110 264
85 110 396
65 396 426
65 391 426
85 193 396
193 426 449
76 194 396
252 391 426
72 252 391
278 294 439
65 76 396
76 161 194
76 161 364
344 364 439
161 401 439
161 364 439
388 434 440
15 407 445
18 407 445
303 403 443
152 403 443
293 403 407
303 403 407
69 298 367
127 182 385
63 127 385
2 120 305
51 117 178
110 194 396
79 107 117
74 116 207
107 117 363
71 134 148
112 224 278
51 342 388
159 225 442
103 145 230
102 201 371
27 344 364
4 125 269
101 176 231
24 88 435
284 310 321
101 231 246
101 176 192
102 293 371
101 166 400
21 99 328
99 144 328
107 200 271
101 192 400
0 24 254
98 223 300
98 163 406
86 98 120
13 128 356
146 203 336
100 240 365
71 395 417
117 178 233
169 183 353
134 243 251
48 103 230
21 31 199
89 132 254
29 87 430
25 179 313
6 93 167
84 173 189
159 244 442
64 77 401
74 90 116
72 218 449
23 151 225
72 252 449
94 96 220
109 123 393
319 345 409
53 66 271
64 161 401
12 86 98
260 377 448
78 117 363
245 253 419
81 265 281
68 112 294
96 220 277
24 253 254
98 120 300
54 107 271
0 24 88
64 161 194
256 320 392
45 55 232
13 96 155
195 254 405
25 122 179
57 163 164
208 322 419
16 105 236
82 352 410
81 84 265
14 89 175
8 224 278
4 11 125
18 44 250
17 160 214
12 98 406
14 88 89
47 50 314
97 181 338
169 237 386
15 41 137
71 134 395
18 44 445
15 137 445
33 47 329
23 33 225
21 199 328
16 236 249
43 395 417
55 84 153
79 190 200
0 89 254
212 275 357
262 263 430
32 97 334
94 96 128
70 71 417
14 68 224
5 154 256
17 125 160
27 278 383
171 292 404
39 77 401
98 114 223
297 310 321
70 71 444
44 250 423
14 88 224
274 316 377
64 110 194
119 304 424
2 223 309
118 245 398
169 353 386
139 177 239
210 267 401
205 333 383
51 79 117
15 168 402
3 107 363
71 273 444
12 324 380
260 274 377
2 309 351
8 278 333
11 125 307
89 132 175
120 188 305
11 226 307
143 368 387
25 158 429
60 154 188
72 205 383
33 225 442
73 163 406
100 365 438
175 332 362
17 125 307
57 82 410
120 186 258
214 280 323
330 337 446
205 208 419
122 158 179
26 177 327
258 317 380
98 114 163
26 32 177
134 219 294
35 42 390
27 65 364
45 55 81
27 339 383
109 123 346
51 79 190
64 77 110
36 402 436
150 198 343
36 276 402
43 111 395
42 327 390
199 215 328
142 271 283
38 145 387
112 278 294
20 361 386
65 76 364
192 219 292
44 423 443
207 227 375
15 402 436
116 210 401
71 148 273
47 314 348
84 189 265
83 118 398
28 78 363
233 237 267
316 377 448
69 203 367
51 342 447
4 37 269
52 185 356
52 328 356
308 319 409
5 154 186
55 153 427
3 54 107
25 315 429
57 82 163
150 234 343
264 343 449
219 241 251
38 115 387
48 230 366
21 31 279
60 100 154
129 139 157
55 81 84
129 139 239
273 287 444
36 246 257
73 285 406
134 148 243
142 271 369
134 219 251
134 312 395
12 259 324
128 356 415
140 227 369
253 322 419
35 390 393
55 299 433
142 275 283
19 142 275
58 119 424
222 257 332
148 241 243
141 148 241
32 282 334
152 297 321
152 321 443
78 117 233
57 153 410
133 279 429
153 173 410
303 423 443
31 155 199
155 199 389
158 179 413
70 284 417
120 186 188
151 159 225
210 229 267
234 343 449
165 360 397
168 371 407
132 175 195
175 195 362
177 217 239
242 248 355
141 292 421
131 178 434
178 434 440
218 234 449
44 137 445
301 382 429
3 318 394
159 213 244
158 288 413
192 219 294
68 192 294
82 280 352
68 112 224
6 59 167
69 203 336
205 208 218
207 227 397
212 275 283
212 283 379
91 214 280
55 299 381
66 200 271
233 267 340
142 227 369
140 227 397
229 267 340
13 155 389
45 242 355
78 233 340
33 47 442
219 241 292
87 263 430
237 361 386
158 416 429
101 246 257
23 337 446
9 158 416
47 50 244
95 212 357
245 253 398
253 254 405
24 253 398
256 286 320
5 256 286
101 166 257
260 325 448
221 262 263
198 264 343
53 271 283
40 94 128
376 390 393
37 272 335
137 287 444
272 335 385
279 301 429
32 97 338
9 288 305
171 292 421
50 63 244
2 305 351
288 305 351
305 382 416
60 305 382
36 257 332
5 306 320
108 306 320
140 165 397
316 358 448
317 324 380
318 369 394
15 168 407
1 351 413
288 351 413
230 355 381
232 355 381
368 387 414
382 416 429
