184 202 311
301 416 429
205 218 419
94 220 277
84 153 173
6 59 93
20 206 354
53 200 271
66 335 385
91 314 347
140 165 360
156 425 441
103 387 414
56 255 350
40 94 96
57 164 410
123 376 393
290 331 430
125 226 307
123 346 393
36 41 421
130 186 258
134 251 294
8 88 224
14 68 400
59 93 167
6 59 374
69 146 203
69 295 298
27 278 344
184 202 411
91 314 348
63 182 385
23 33 121
54 107 363
191 211 342
51 78 233
63 127 213
53 66 200
23 151 446
91 214 347
17 307 384
69 203 298
125 160 307
17 22 214
25 38 115
62 159 447
106 138 414
87 138 358
29 290 430
25 115 315
48 373 414
31 155 389
52 144 368
40 94 236
94 96 277
31 199 389
31 149 155
21 199 279
149 220 301
108 152 320
317 324 346
86 258 380
25 122 313
98 114 300
1 153 413
174 230 355
55 427 433
26 327 390
276 334 370
276 402 436
73 82 163
26 30 32
130 186 306
18 250 423
26 30 402
141 273 421
70 71 148
44 137 250
5 286 320
112 219 294
176 231 404
141 148 243
68 192 219
101 176 400
14 175 222
0 88 89
195 196 405
224 278 294
218 322 419
208 304 424
24 245 398
129 162 412
208 289 295
139 157 177
162 196 412
69 289 295
69 136 336
150 170 408
119 136 431
308 319 345
10 150 408
74 341 375
336 408 431
308 345 409
39 302 401
210 229 340
64 194 396
39 64 77
39 77 326
8 83 333
278 333 383
72 333 383
278 344 439
156 183 350
353 354 425
342 388 434
56 169 183
156 255 350
56 183 350
29 255 290
202 255 311
255 290 311
191 331 411
92 425 441
191 211 411
92 197 211
211 342 434
92 197 425
197 211 434
197 247 425
197 247 434
247 354 425
20 169 361
20 206 386
20 169 386
20 131 361
169 237 361
131 178 440
28 78 117
51 178 233
51 388 440
178 233 437
3 28 363
237 361 437
233 237 437
169 237 267
28 229 340
90 302 349
3 28 229
210 267 340
78 233 237
28 78 340
3 54 318
66 182 190
4 268 372
63 127 182
66 190 200
53 66 335
3 54 363
28 117 363
51 78 117
127 182 190
51 178 440
51 62 447
62 127 213
47 63 244
47 50 63
63 213 244
66 182 385
37 269 272
160 214 347
125 160 269
4 37 268
37 272 385
47 50 348
50 272 347
50 314 348
50 314 347
7 91 399
33 121 126
67 378 399
47 329 348
47 244 442
33 126 329
23 121 242
67 121 126
151 260 446
174 330 337
174 248 337
221 263 430
62 159 213
80 266 331
260 316 377
80 159 266
159 266 447
184 331 411
80 159 262
191 266 331
135 221 274
80 331 430
29 263 430
221 262 430
184 290 331
80 262 430
184 290 311
106 358 448
29 138 255
138 368 414
87 135 263
135 221 263
260 325 377
325 377 448
106 373 414
106 138 358
106 366 373
145 230 366
48 103 414
174 230 366
325 330 366
48 366 373
174 248 355
48 145 366
23 330 446
174 330 366
23 330 337
45 81 232
48 103 145
230 232 381
145 299 381
230 232 355
145 230 381
38 115 145
179 209 313
133 315 429
122 179 313
38 145 313
25 122 158
25 38 313
21 115 315
99 115 143
115 387 432
115 143 432
115 145 387
103 145 387
143 387 432
143 387 414
143 368 414
21 99 144
185 356 415
21 199 215
21 99 115
21 144 328
52 185 328
52 144 328
185 328 356
52 185 368
105 185 415
13 356 415
105 236 415
70 148 444
13 75 356
75 328 356
13 75 215
13 96 128
16 105 249
94 236 261
40 96 128
94 220 240
149 220 277
96 155 277
31 279 301
149 155 277
31 199 279
31 149 301
9 305 416
9 158 288
301 382 416
60 100 220
100 220 240
2 288 351
296 365 438
60 100 188
104 154 256
16 104 296
154 186 256
34 130 187
154 186 188
2 120 188
114 223 300
2 120 300
114 163 164
114 163 406
114 164 223
2 223 300
82 280 410
57 153 420
189 352 410
84 173 265
1 153 420
179 209 433
209 299 433
55 84 265
173 189 265
55 81 232
173 189 410
121 242 378
55 81 281
55 232 381
45 242 248
45 81 242
67 121 378
7 172 352
189 265 281
55 265 281
81 281 422
7 280 352
280 352 410
82 280 323
7 172 399
157 177 418
109 216 238
177 238 418
177 238 327
73 82 418
217 338 412
139 157 239
129 147 374
26 32 327
32 181 338
129 239 412
177 217 338
216 259 285
109 346 393
180 276 402
42 109 393
35 42 393
259 324 346
109 216 346
12 259 285
216 259 346
216 238 285
98 114 406
86 120 258
12 86 380
12 259 380
259 324 380
168 291 376
123 291 376
34 201 228
5 108 320
102 108 152
201 228 371
34 130 201
152 320 392
152 297 392
104 297 392
293 303 407
102 152 403
15 168 371
41 137 287
30 180 402
15 41 436
36 41 436
141 148 273
137 273 444
273 287 421
148 273 444
41 137 445
137 273 287
137 250 445
15 18 407
18 250 445
44 321 443
44 235 321
43 284 417
43 284 310
111 204 395
204 312 395
61 134 294
112 224 294
176 292 404
68 112 219
14 166 400
68 192 400
176 192 400
176 192 292
171 231 404
41 287 421
30 32 180
36 276 436
36 231 246
36 101 246
180 276 282
36 276 334
32 180 282
32 97 282
181 338 412
217 239 412
276 282 370
181 196 412
49 97 332
132 332 362
46 208 270
132 175 332
49 332 362
175 222 332
36 101 257
166 222 257
14 166 222
88 89 224
14 89 254
14 89 224
8 88 435
8 398 435
0 88 435
83 118 333
8 83 398
72 205 333
27 65 339
218 343 449
118 205 419
118 205 333
46 208 295
198 234 343
72 205 218
245 253 322
208 218 322
58 170 431
208 218 234
270 405 428
253 322 405
24 245 254
195 253 254
132 195 254
245 253 254
195 253 405
132 195 362
195 196 362
129 162 428
129 147 428
147 298 367
6 113 367
203 298 367
113 203 367
59 167 418
82 167 418
22 214 323
17 22 167
226 307 384
6 93 113
69 146 336
93 226 384
11 125 226
170 408 431
58 119 431
69 136 289
136 336 431
208 289 304
208 234 424
58 170 424
124 227 375
19 345 357
283 372 379
19 124 345
95 212 275
11 95 212
53 268 335
19 124 142
142 283 369
165 369 394
140 165 369
229 359 360
210 229 359
116 210 359
165 360 394
140 360 397
359 360 397
124 142 227
124 341 375
140 227 375
267 401 439
39 64 401
39 319 326
77 110 326
10 319 326
10 198 264
218 234 343
10 319 408
85 193 264
252 426 449
85 110 264
65 396 426
193 426 449
76 194 396
252 391 426
27 278 339
278 294 439
65 76 396
76 161 194
76 161 364
344 364 439
161 401 439
161 364 439
152 403 443
303 403 423
40 128 236
43 61 204
118 245 322
118 322 419
238 285 418
108 186 306
79 107 117
74 116 207
107 117 363
71 134 148
51 342 388
159 225 442
102 201 371
27 344 364
403 423 443
4 125 269
42 238 327
101 176 231
116 302 401
284 310 321
101 231 246
102 293 371
101 166 400
141 219 241
4 11 372
15 293 407
0 24 254
86 98 120
240 261 365
97 282 370
93 167 384
100 240 365
95 357 408
71 395 417
92 202 411
90 341 349
169 183 353
134 243 251
44 137 444
97 334 370
123 317 346
189 281 352
87 316 358
85 396 426
85 193 426
5 108 186
82 163 164
82 164 410
159 244 442
104 154 438
104 256 286
74 140 375
74 90 116
72 218 449
23 151 225
72 252 449
20 131 354
104 296 438
67 329 348
67 126 329
116 207 397
64 161 401
12 86 98
64 85 110
50 63 272
102 293 303
140 207 397
54 79 107
51 62 190
154 188 438
98 120 300
10 110 326
11 95 226
156 183 353
73 285 418
64 161 194
13 96 155
378 399 422
102 130 306
63 272 385
74 140 207
353 354 386
29 138 263
162 196 405
19 95 357
168 376 390
18 303 423
18 303 407
102 108 306
49 196 362
36 332 334
95 336 408
8 224 278
4 11 125
70 284 321
62 127 190
17 160 214
0 398 435
44 70 444
90 116 302
12 98 406
104 320 392
116 359 397
71 134 395
33 47 329
23 33 225
92 211 411
105 249 261
43 395 417
13 199 215
5 186 256
78 237 340
67 348 399
55 84 153
141 241 251
79 190 200
105 236 261
97 332 334
0 89 254
21 133 279
70 71 417
129 239 374
7 91 214
14 68 224
102 303 403
123 187 317
171 292 404
13 128 236
19 95 275
10 150 234
95 146 336
297 310 321
22 82 167
44 250 423
95 146 226
119 304 424
23 242 337
2 223 309
46 147 270
118 245 398
13 236 415
193 343 449
169 353 386
139 177 239
11 212 379
210 267 401
26 168 402
2 60 305
10 110 264
159 260 274
278 339 391
51 79 117
0 24 398
172 399 422
15 168 402
1 351 420
319 357 408
46 147 295
2 309 351
18 41 445
93 113 203
8 278 333
104 286 320
22 82 323
17 167 384
12 73 285
283 318 369
278 383 391
25 158 429
33 225 442
32 49 181
73 163 406
53 268 372
100 365 438
14 175 254
219 251 294
120 186 258
214 280 323
44 70 235
122 158 179
258 317 380
12 73 406
36 171 231
156 255 441
21 75 215
35 42 390
187 258 317
74 90 341
172 281 352
51 79 190
64 77 110
325 366 448
21 133 315
92 202 441
143 144 368
43 111 395
102 130 201
42 327 390
36 171 421
150 234 424
42 109 238
15 293 371
209 299 313
59 157 374
11 372 379
192 219 292
44 423 443
15 402 436
116 210 401
27 76 364
131 247 440
83 118 398
135 260 316
316 377 448
51 342 447
4 37 269
53 283 372
55 153 427
159 221 274
25 315 429
87 135 316
219 241 251
15 18 41
270 322 405
13 199 389
59 157 418
147 270 428
157 239 374
135 260 274
2 60 188
134 148 243
191 342 447
134 204 312
61 134 204
131 178 361
134 312 395
119 136 304
159 221 262
93 203 226
87 138 263
140 227 369
141 219 292
202 255 441
141 243 251
49 181 196
35 390 393
55 299 433
339 391 426
142 275 283
19 142 275
99 143 144
58 119 424
222 257 332
147 295 298
242 378 422
65 339 426
247 388 440
150 170 424
152 297 321
152 321 443
162 405 428
57 153 410
43 111 204
133 279 429
153 173 410
156 353 425
158 179 413
252 383 391
70 284 417
120 186 188
151 159 225
70 235 321
151 159 260
341 349 409
7 214 280
57 164 420
3 229 394
168 228 291
168 228 371
21 75 328
172 281 422
132 175 254
341 345 409
136 289 304
64 85 396
177 217 239
141 292 421
178 361 437
179 427 433
34 187 228
187 228 291
3 318 394
130 187 258
32 49 97
2 288 305
159 213 244
123 187 291
158 288 413
100 188 438
191 266 447
193 264 343
200 271 318
54 200 318
68 112 224
146 203 226
319 345 357
212 275 283
212 283 379
54 79 200
55 299 381
60 220 382
164 223 420
223 309 420
142 227 369
179 413 427
229 360 394
13 155 389
45 232 248
232 248 355
208 270 322
33 47 442
220 301 382
237 267 340
94 240 261
158 416 429
242 248 337
81 242 422
17 160 307
153 413 427
247 388 434
9 158 416
16 249 296
249 296 365
249 261 365
72 252 383
27 65 76
5 256 286
260 330 446
302 319 349
101 166 257
198 264 343
268 335 385
37 268 385
269 272 347
147 367 374
160 269 347
53 271 283
376 390 393
279 301 429
9 288 305
271 283 318
171 292 421
145 299 313
39 302 319
26 168 390
305 382 416
60 305 382
36 257 332
32 327 338
316 358 448
317 324 380
318 369 394
308 319 349
177 327 338
124 341 345
91 348 399
308 349 409
1 351 413
288 351 413
10 198 234
309 351 420
131 247 354
206 354 386
260 325 330
106 366 448
6 367 374
