84 153 173
20 206 354
124 345 409
82 163 410
66 335 385
91 314 347
156 425 441
103 387 414
56 255 350
123 376 393
1 309 351
123 346 393
36 41 421
134 251 294
8 88 224
14 68 400
170 234 424
6 59 374
69 146 203
69 295 298
196 405 428
14 132 175
27 278 344
184 202 411
91 314 348
63 182 385
23 33 121
54 107 363
191 211 342
63 127 213
207 359 397
131 388 440
336 357 408
19 142 283
37 125 269
271 318 369
11 37 125
23 151 446
113 146 226
125 160 307
17 22 214
25 38 115
47 329 442
62 159 447
106 138 414
87 138 358
29 290 430
260 325 446
25 115 315
48 373 414
31 155 389
153 179 413
133 279 301
25 158 315
99 143 368
13 128 415
34 228 291
40 94 236
31 199 389
31 149 155
21 199 279
16 249 261
5 186 306
108 152 320
1 153 413
1 288 413
122 179 413
174 230 355
55 427 433
67 126 399
26 327 390
276 334 370
276 402 436
49 97 181
73 82 163
26 30 32
100 240 438
18 250 423
26 30 402
5 286 320
241 251 294
112 219 294
176 231 404
141 148 243
68 192 219
70 137 444
24 398 435
14 175 222
14 68 112
224 278 333
195 196 405
224 278 294
208 304 424
24 245 398
0 24 435
129 162 412
208 289 295
139 157 177
69 136 336
150 170 408
119 136 431
10 150 408
74 341 375
336 408 431
39 302 349
39 302 401
210 229 340
64 194 396
72 218 252
39 64 77
39 77 326
218 252 449
8 83 333
278 333 383
65 339 391
72 333 383
339 383 391
278 344 439
156 183 350
206 353 354
353 354 425
342 388 434
169 183 386
156 255 350
29 255 290
255 290 311
191 331 411
87 135 358
156 202 255
156 202 441
92 425 441
191 211 411
92 197 211
211 342 434
51 388 447
92 197 425
197 211 434
197 247 425
197 247 434
247 354 425
20 169 361
20 206 386
20 169 386
20 131 361
169 237 361
131 178 440
51 388 440
178 233 437
3 28 363
237 361 437
233 237 437
169 237 267
28 229 340
90 302 349
116 207 359
54 271 318
210 267 340
28 78 340
3 369 394
53 283 369
53 271 369
66 182 190
4 268 372
63 127 182
66 190 200
53 66 335
54 200 271
79 107 363
3 54 363
79 117 363
51 117 190
127 182 190
51 178 440
51 62 447
62 127 213
63 213 244
66 182 385
160 272 347
37 269 272
160 214 347
125 160 269
4 37 268
4 11 37
37 272 385
160 269 272
47 50 348
50 272 347
50 314 348
50 314 347
7 91 399
33 121 126
45 232 355
67 378 399
91 329 348
47 329 348
47 244 442
33 126 329
23 121 242
67 121 126
325 330 446
174 330 337
135 316 358
174 248 337
358 377 448
62 159 213
80 266 331
159 266 447
342 388 447
184 331 411
191 266 331
135 221 274
29 263 430
184 290 331
184 290 311
106 358 448
29 138 255
138 368 414
87 135 263
135 274 316
260 325 377
325 377 448
316 358 377
106 325 366
106 373 414
106 138 358
106 325 448
106 366 373
145 230 366
48 103 414
174 230 366
325 330 366
48 366 373
174 248 355
48 145 366
174 330 366
45 81 232
55 381 433
299 381 433
48 103 145
145 299 381
145 230 381
179 209 313
133 315 429
25 122 158
25 38 313
99 115 143
115 143 432
103 145 387
143 387 432
143 387 414
143 368 414
21 99 144
185 356 415
21 199 215
21 144 328
52 144 328
52 185 368
105 185 415
21 215 328
13 356 415
13 75 356
75 328 356
13 75 215
75 215 328
16 105 249
16 261 365
236 249 261
94 236 261
94 220 240
96 155 277
149 155 277
96 155 389
133 301 429
31 199 279
60 301 382
158 315 429
9 305 416
9 158 288
9 158 429
9 416 429
100 220 240
2 288 351
16 296 365
154 296 438
16 104 296
152 297 443
297 321 443
154 186 256
34 130 187
154 186 188
186 188 258
2 120 188
120 188 258
2 120 300
114 163 164
114 163 406
114 164 223
2 223 300
82 280 410
189 352 410
84 173 265
1 309 420
1 288 351
1 153 420
179 209 433
209 299 433
55 84 265
55 81 232
57 173 410
55 232 381
45 81 242
81 242 378
7 172 352
189 265 281
81 378 422
81 281 422
7 280 352
280 352 410
82 280 323
7 172 399
7 91 280
157 177 418
73 163 285
109 216 238
177 238 418
177 238 327
73 82 418
217 338 412
139 157 239
129 147 374
32 97 181
32 181 338
32 177 338
177 217 338
216 259 285
109 238 327
42 109 327
109 346 393
180 276 402
42 109 393
35 42 393
109 216 346
12 259 285
216 259 346
216 238 285
98 114 406
86 98 406
12 259 380
259 324 380
168 291 376
123 291 376
34 201 228
130 201 306
102 108 152
201 228 371
34 130 201
152 423 443
152 320 392
152 297 392
152 303 403
104 297 392
152 303 423
293 303 407
293 303 403
102 293 403
102 152 403
41 137 287
30 180 402
15 41 436
141 241 292
141 148 273
137 273 444
41 137 445
137 273 287
15 18 407
18 250 445
44 321 443
44 235 321
43 284 417
43 284 310
43 111 417
61 204 312
111 395 417
111 204 395
204 312 395
219 241 294
112 224 294
176 292 404
68 112 219
14 166 400
68 192 400
176 231 246
176 192 292
171 231 404
41 287 421
30 32 180
101 176 246
36 231 246
36 101 246
101 257 400
36 276 334
32 180 282
181 338 412
282 334 370
49 97 332
46 208 270
49 332 362
175 222 332
36 101 257
166 257 400
14 166 222
14 112 224
8 224 333
83 245 398
8 88 435
83 118 333
72 205 333
27 65 339
218 343 449
72 383 391
118 205 419
118 205 333
83 118 245
46 208 295
72 205 218
245 253 322
10 150 198
270 405 428
253 322 405
195 253 254
132 195 254
195 253 405
132 195 362
162 196 428
195 196 362
129 162 428
129 147 428
147 298 367
6 113 367
113 146 203
113 203 367
59 167 418
82 167 418
22 214 323
17 22 167
226 307 384
6 93 113
93 113 226
69 146 336
93 226 384
95 275 357
95 336 357
58 119 431
136 336 431
208 289 304
150 170 234
58 170 424
19 275 357
74 90 349
19 345 357
283 372 379
19 124 345
95 212 275
11 95 212
212 275 379
53 268 335
53 268 283
19 124 142
268 283 372
140 142 369
142 283 369
140 142 227
165 369 394
140 165 369
229 359 360
210 229 359
116 210 359
165 360 394
3 360 394
359 360 397
90 302 401
90 116 207
90 116 401
124 142 227
74 341 349
74 207 375
74 90 207
267 401 439
39 64 401
39 319 326
77 110 326
10 319 326
10 198 264
218 234 343
10 319 408
85 193 264
193 264 449
85 110 264
65 391 426
76 194 396
252 391 426
72 252 391
278 294 439
161 194 401
76 161 194
64 194 401
76 161 364
344 364 439
40 128 236
69 298 367
43 61 204
118 245 322
118 322 419
51 117 178
238 285 418
71 134 148
26 168 376
159 225 442
102 201 371
27 344 364
284 310 321
101 176 192
128 236 415
80 221 430
102 293 371
100 220 301
60 100 301
96 128 389
4 11 372
21 99 315
101 192 400
0 24 254
98 223 300
38 115 313
86 98 120
240 261 365
67 242 378
93 167 384
71 395 417
117 178 233
86 120 380
0 89 435
88 89 435
134 243 251
153 179 427
14 89 132
89 132 254
123 317 346
25 179 313
6 93 167
189 281 352
85 396 426
85 193 426
91 126 329
153 173 420
8 83 435
83 398 435
159 244 442
80 290 430
79 117 190
104 256 286
76 396 426
202 211 411
36 41 276
23 151 225
115 145 313
208 218 424
94 96 220
20 131 354
169 183 350
67 121 242
319 345 409
180 276 370
53 66 271
12 163 406
64 85 110
78 117 363
50 63 272
81 265 281
12 380 406
280 323 347
120 258 380
96 220 277
54 79 107
24 253 254
51 62 190
154 188 438
98 120 300
10 110 326
11 95 226
156 183 353
73 285 418
378 399 422
63 272 385
29 138 263
260 274 446
3 54 369
25 122 179
18 303 423
18 303 407
57 163 164
208 322 419
102 108 306
49 196 362
36 332 334
70 284 321
62 127 190
17 160 214
14 88 89
104 320 392
23 33 225
60 100 438
13 199 215
44 250 445
5 186 256
55 84 153
141 241 251
79 190 200
41 276 436
97 332 334
0 89 254
32 97 334
94 96 128
21 133 279
70 71 417
12 163 285
13 128 389
129 239 374
27 278 383
123 187 317
171 292 404
98 114 223
57 163 410
95 146 336
297 310 321
22 82 167
70 71 444
44 250 423
14 88 224
95 146 226
227 341 409
274 316 377
119 304 424
23 242 337
2 223 309
46 147 270
26 376 390
139 177 239
92 202 211
11 212 379
210 267 401
26 168 402
259 317 324
2 60 305
10 110 264
80 290 331
122 158 413
172 399 422
15 168 402
71 273 444
167 307 384
260 274 377
319 357 408
46 147 295
2 309 351
18 41 445
102 201 306
11 125 307
104 286 320
11 226 307
71 134 312
193 252 426
22 82 323
193 252 449
173 265 410
61 294 312
33 225 442
175 332 362
214 323 347
330 337 446
91 126 399
80 221 262
65 76 426
205 208 419
44 70 235
26 177 327
258 317 380
24 245 253
36 171 231
26 32 177
35 42 390
27 65 364
187 258 317
19 283 379
27 339 383
172 281 352
64 77 110
71 312 395
33 329 442
259 317 346
150 198 343
21 133 315
92 202 441
151 221 274
129 217 412
42 327 390
80 262 266
28 229 360
36 171 421
52 99 144
44 70 137
65 76 364
209 299 313
59 157 374
124 227 409
11 372 379
54 318 369
55 81 265
192 219 292
44 423 443
166 222 332
207 227 375
15 402 436
116 210 401
99 115 315
71 148 273
28 78 363
69 203 367
184 202 255
52 185 356
52 328 356
308 319 409
55 153 427
105 249 415
150 234 343
264 343 449
15 18 41
151 159 221
270 322 405
13 199 389
59 157 418
147 270 428
60 188 438
162 181 412
129 217 239
157 239 374
2 60 188
134 148 243
191 342 447
131 178 361
136 289 295
119 136 304
159 221 262
180 282 370
135 263 430
69 136 295
87 138 263
141 243 251
49 181 196
141 287 421
35 390 393
141 273 287
58 119 424
145 387 432
115 145 432
147 295 298
149 279 301
31 149 279
32 282 334
78 117 233
43 111 204
156 353 425
70 284 417
151 159 225
70 235 321
162 181 196
134 294 312
341 349 409
57 164 420
149 277 301
165 360 397
166 257 332
39 319 349
17 167 307
168 228 291
168 228 371
168 293 371
168 293 407
172 281 422
57 173 420
56 169 350
58 170 408
3 28 360
136 289 304
64 85 396
177 217 239
242 248 355
141 292 421
178 361 437
179 427 433
183 206 386
184 255 311
44 137 445
301 382 429
130 187 258
34 187 291
2 288 305
159 213 244
123 187 291
158 288 413
191 266 447
151 274 446
6 59 167
319 345 357
205 208 218
207 227 397
54 79 200
218 234 424
164 223 420
223 309 420
66 200 271
58 408 431
227 341 375
140 227 397
45 242 355
208 270 322
52 99 368
159 262 266
78 233 340
233 237 340
219 241 292
237 267 340
94 240 261
240 296 365
240 296 438
242 248 337
19 275 379
17 160 307
23 337 446
247 388 434
131 247 388
47 50 244
236 249 415
135 221 430
154 256 296
104 256 296
186 258 306
5 256 286
130 258 306
183 206 353
198 264 343
189 265 410
268 335 385
37 268 385
147 367 374
40 94 128
376 390 393
220 277 301
91 280 347
9 288 305
171 292 421
145 299 313
50 63 244
305 382 416
60 305 382
36 257 332
5 306 320
108 306 320
140 165 397
132 175 362
317 324 380
308 319 349
15 168 407
308 349 409
161 364 401
131 247 354
230 355 381
232 355 381
364 401 439
6 367 374
86 380 406
382 416 429
