205 218 419
84 153 173
26 390 402
20 206 354
124 345 409
91 314 347
156 425 441
156 183 425
56 255 350
57 164 410
123 376 393
1 309 351
123 346 393
36 41 421
376 390 402
134 251 294
8 88 224
14 68 400
6 59 374
69 146 203
27 278 344
183 353 425
184 202 411
91 314 348
63 182 385
23 33 121
54 107 363
191 211 342
63 127 213
131 388 440
37 125 269
271 318 369
23 151 446
113 146 226
91 214 347
125 160 307
22 167 323
17 22 214
25 38 115
221 262 274
47 329 442
62 159 447
106 138 414
87 138 358
29 290 430
159 262 274
260 325 446
25 115 315
48 373 414
133 279 301
52 144 368
99 143 368
40 94 236
60 382 416
31 149 155
149 220 301
108 152 320
139 217 239
317 324 346
174 230 355
67 126 399
164 223 309
129 157 374
36 97 334
139 177 217
276 334 370
73 82 163
187 317 346
18 250 423
26 30 402
141 273 421
5 286 320
241 251 294
112 219 294
71 134 251
176 231 404
241 243 251
68 192 219
71 148 243
36 97 332
24 398 435
101 176 400
14 175 222
0 88 89
224 278 333
195 196 405
218 322 419
208 304 424
24 245 398
0 24 435
129 162 412
46 270 428
139 157 177
162 196 412
11 95 336
69 289 295
69 136 336
150 170 408
119 136 431
336 408 431
308 341 349
39 302 401
64 194 396
207 375 397
39 64 77
39 77 326
8 83 333
278 333 383
65 339 391
72 333 383
156 183 350
206 353 354
353 354 425
342 388 434
56 169 183
156 255 350
56 183 350
29 255 290
255 290 311
191 331 411
87 135 358
92 425 441
191 211 411
92 197 211
211 342 434
151 159 274
92 197 425
197 211 434
197 247 425
131 247 434
131 388 434
197 247 434
247 354 425
206 353 386
20 206 386
20 131 361
131 178 440
28 78 117
51 388 440
178 233 437
3 28 363
237 361 437
233 237 437
169 237 267
28 229 340
90 302 349
28 78 340
3 369 394
66 182 190
4 268 372
66 190 200
53 66 335
3 54 363
28 117 363
51 117 190
51 178 440
51 62 447
62 127 213
213 244 442
63 213 244
51 62 127
51 127 190
37 269 272
160 214 347
37 335 385
125 160 269
4 37 268
37 272 385
47 50 348
50 272 347
50 314 348
50 314 347
33 121 126
172 189 352
45 232 355
67 378 399
172 189 422
91 329 348
47 329 348
47 244 442
23 121 242
67 121 126
325 330 446
151 260 446
174 330 337
135 316 358
174 248 337
221 263 430
62 159 213
80 266 331
151 260 274
159 213 442
191 266 331
135 221 274
221 262 430
80 262 430
184 290 311
106 358 448
29 87 138
29 138 255
138 368 414
87 135 263
135 221 263
135 274 316
260 325 377
325 377 448
106 373 414
106 138 358
106 366 373
48 103 414
174 230 366
325 330 366
48 366 373
174 248 355
23 330 446
174 330 366
23 330 337
23 248 337
145 299 381
145 230 381
179 209 313
25 38 313
99 115 143
115 143 432
103 145 387
143 387 432
99 144 368
143 368 414
185 356 415
21 199 215
52 144 328
52 185 368
105 185 415
105 236 415
105 236 249
13 75 356
75 328 356
13 75 215
13 96 128
16 105 249
236 249 261
94 240 365
94 220 240
149 220 277
31 279 301
31 149 301
2 188 305
9 305 416
9 158 288
60 305 416
9 158 429
9 416 429
100 220 240
16 296 365
296 365 438
44 250 443
104 154 256
16 104 296
152 297 443
104 256 392
297 321 443
154 186 256
34 130 187
186 256 286
154 186 188
2 120 188
60 188 305
2 120 300
114 163 164
114 163 406
114 164 223
2 223 300
57 153 420
189 352 410
1 309 420
2 223 351
1 288 351
223 309 351
1 153 420
179 209 433
209 299 433
55 84 265
173 189 410
121 242 378
55 81 281
45 248 355
55 232 381
45 242 248
45 81 242
23 242 248
67 121 378
81 242 378
7 172 352
189 265 281
189 281 422
81 378 422
55 265 281
81 281 422
7 280 352
82 280 323
73 238 285
177 238 418
177 238 327
73 238 418
73 82 418
217 338 412
129 147 374
32 181 338
129 239 412
177 217 338
216 259 285
109 346 393
180 276 402
168 376 402
35 327 390
42 109 393
35 42 327
35 42 393
259 324 346
109 216 346
12 259 285
216 259 346
98 114 406
86 98 406
12 259 380
259 324 380
168 291 376
123 291 376
123 187 346
5 186 286
5 108 320
102 108 152
201 228 371
102 201 293
152 320 392
152 297 392
152 303 403
104 297 392
250 423 443
102 293 403
201 293 371
102 152 403
41 137 287
30 180 402
168 402 436
36 41 436
141 148 273
273 287 421
148 273 444
41 137 445
15 41 445
18 250 445
44 321 443
44 235 321
43 284 310
61 134 312
61 204 312
111 395 417
71 243 251
71 134 417
219 241 294
61 134 294
176 292 404
68 112 219
68 192 400
176 192 400
176 192 292
171 231 404
141 171 421
41 287 421
36 231 246
36 101 246
36 276 334
181 338 412
217 239 412
282 334 370
49 97 332
49 181 362
49 332 362
36 101 257
166 222 257
8 224 333
88 89 224
14 89 224
24 89 254
0 24 89
8 88 435
0 88 435
72 205 333
27 65 339
72 383 391
118 205 419
118 245 419
208 270 405
72 205 218
10 150 198
208 218 322
58 170 431
208 322 405
253 322 405
24 245 254
245 253 254
195 253 405
162 196 428
195 196 362
129 162 428
129 147 428
147 298 367
46 147 428
46 147 298
6 113 367
113 146 203
113 203 367
59 374 418
59 167 418
22 214 323
17 22 167
17 214 307
160 214 307
226 307 384
6 93 113
93 113 226
69 146 336
93 226 384
146 226 336
37 268 335
4 372 379
11 226 336
119 289 304
170 408 431
119 136 289
58 119 431
69 136 289
136 336 431
208 289 304
58 119 304
58 304 424
58 170 424
308 341 409
74 90 349
19 345 357
283 372 379
19 124 345
95 212 275
275 283 379
11 95 212
212 275 379
53 268 335
19 124 142
140 142 369
140 142 227
165 369 394
140 165 369
229 359 360
210 229 359
116 210 359
165 360 394
3 360 394
359 360 397
90 302 401
90 116 207
90 116 401
124 142 227
140 375 397
140 227 375
74 207 375
74 90 207
267 401 439
39 64 401
198 343 449
39 319 326
110 264 326
77 110 326
10 319 326
10 264 326
193 396 426
10 198 264
198 264 449
85 193 264
193 264 449
85 110 264
65 396 426
65 391 426
85 193 396
76 194 396
252 391 426
72 252 391
27 278 339
65 76 396
76 161 194
76 161 364
344 364 439
15 407 445
18 407 445
293 403 407
303 403 407
40 128 236
69 298 367
126 329 442
43 61 204
123 228 291
123 187 228
51 117 178
103 143 414
112 294 344
111 312 395
43 111 284
109 238 285
108 186 306
71 148 444
79 107 117
107 117 363
112 224 278
51 342 388
159 225 442
103 145 230
103 143 387
27 344 364
42 238 327
101 176 231
133 158 429
284 310 321
101 231 246
128 236 415
101 166 400
141 219 241
100 220 301
21 99 328
99 144 328
21 99 315
98 223 300
38 115 313
86 98 120
13 128 356
96 149 155
96 149 277
93 167 384
100 240 365
95 357 408
92 202 411
91 172 399
86 120 380
169 183 353
48 103 230
89 175 254
21 31 199
25 122 315
44 137 444
29 87 430
25 179 313
6 93 167
91 126 329
46 270 295
84 173 189
5 108 186
8 83 435
83 398 435
83 205 333
82 163 164
82 164 410
104 154 438
80 290 430
79 117 190
134 395 417
78 178 233
26 32 390
196 270 428
72 218 449
23 151 225
72 252 449
208 218 424
33 126 442
94 96 220
20 131 354
104 296 438
141 171 292
116 207 397
319 345 409
180 276 370
53 66 271
64 161 401
12 163 406
64 85 110
50 63 272
196 362 412
245 253 419
63 182 190
12 380 406
120 258 380
96 220 277
54 79 107
154 188 438
98 120 300
63 127 190
112 278 344
64 161 194
256 320 392
111 284 417
45 55 232
13 96 155
378 399 422
102 130 306
63 272 385
19 95 357
3 54 369
25 122 179
18 303 423
18 303 407
44 235 444
102 108 306
82 352 410
14 89 175
95 336 408
7 91 172
4 11 125
70 284 321
122 158 315
116 359 397
169 237 386
23 33 225
92 211 411
60 100 438
13 199 215
44 250 445
78 117 178
55 84 153
79 190 200
175 257 332
32 97 334
94 96 128
111 204 312
21 133 279
70 71 417
7 91 214
133 158 315
14 68 224
171 292 404
98 114 223
19 95 275
297 310 321
70 71 444
227 341 409
274 316 377
118 245 398
169 353 386
4 37 125
11 212 379
210 267 401
132 253 254
80 290 331
278 339 391
4 11 379
172 399 422
167 307 384
100 301 382
260 274 377
166 222 400
319 357 408
11 125 307
11 226 307
193 252 426
10 150 319
193 252 449
12 73 285
278 383 391
33 225 442
32 49 181
41 168 436
53 268 372
100 365 438
175 332 362
120 186 258
214 280 323
91 126 399
122 158 179
258 317 380
26 30 282
36 171 231
46 69 295
156 255 441
152 303 443
21 75 215
27 65 364
187 258 317
45 55 81
64 77 110
325 366 448
32 327 390
36 402 436
150 198 343
21 133 315
36 276 402
92 202 441
102 130 201
80 262 266
109 216 285
142 271 283
294 344 439
28 229 360
36 171 421
150 234 424
42 109 238
20 361 386
159 191 447
65 76 364
209 299 313
124 227 409
55 299 427
1 153 288
54 318 369
192 219 292
46 69 298
116 210 401
99 115 315
84 189 265
83 118 398
316 377 448
69 203 367
60 100 382
51 342 447
184 202 255
52 185 356
52 328 356
53 283 372
308 319 409
55 153 427
150 234 343
48 230 366
13 199 389
21 31 279
133 382 429
60 188 438
129 139 157
129 139 239
34 130 228
273 287 444
133 301 382
191 342 447
142 271 369
131 178 361
134 312 395
180 282 370
128 356 415
141 219 292
15 41 168
202 255 441
253 322 419
35 390 393
142 275 283
19 142 275
145 387 432
148 241 243
141 148 241
26 32 282
32 282 334
150 170 424
153 288 413
57 153 410
43 111 204
153 173 410
303 423 443
31 155 199
155 199 389
158 179 413
70 284 417
120 186 188
159 191 266
151 159 225
70 235 321
210 229 267
7 214 280
57 164 420
234 343 449
164 309 420
236 261 365
165 360 397
17 167 307
168 228 291
168 228 371
168 293 371
21 75 328
168 293 407
132 175 195
175 195 362
182 335 385
132 175 254
3 28 360
130 201 228
64 85 396
175 222 257
157 177 374
177 374 418
178 361 437
179 427 433
184 255 311
218 234 449
34 187 228
44 137 445
130 187 258
66 182 335
32 49 97
158 288 413
82 280 352
196 270 405
200 271 318
341 349 375
54 200 318
68 112 224
6 59 167
319 345 357
54 79 200
218 234 424
55 299 381
14 222 400
66 200 271
227 341 375
179 413 427
229 267 340
13 155 389
159 262 266
270 289 295
78 233 340
233 237 340
70 235 444
94 236 365
237 267 340
87 263 430
237 361 386
181 362 412
153 413 427
47 50 244
16 249 365
249 261 365
256 286 320
167 323 418
186 258 306
150 319 408
130 258 306
302 319 349
101 166 257
30 180 282
269 272 347
147 367 374
74 349 375
160 269 347
83 118 205
208 270 289
53 271 283
40 94 128
376 390 393
137 287 444
9 288 305
290 331 411
184 290 411
145 299 313
299 427 433
50 63 244
39 302 319
2 305 351
288 305 351
36 257 332
132 195 253
32 327 338
140 165 397
145 313 432
115 313 432
316 358 448
317 324 380
12 73 163
308 319 349
15 168 407
82 323 418
177 327 338
161 364 401
131 247 354
230 355 381
232 355 381
364 401 439
106 366 448
6 367 374
86 380 406
382 416 429
