-950.372 -1919.85
1878.74 831.785
-1580.18 -1960.61
-267.209 49.4627
-1816.98 -1951.48
133.809 -145.59
-233.278 -1999.54
-1892.82 -693.994
482.185 896.694
-117.52 -442.376
-395.739 -1025.16
1109.99 -922.111
-171.354 -1931.95
1402.31 609.097
309.906 -283.914
-660.232 1359.53
-203.764 -781.496
191.319 216.059
-742.107 1924.11
-1734.48 -559.087
1972.63 399.33
1295.32 -260.649
399.785 1402.5
1045.36 -1118.03
299.195 -1072.16
439.594 1903.46
-97.3254 -450.42
-1018.66 1731.32
-382.372 -1616.34
340.418 1927.53
99.7414 1680.19
1287.07 1895.98
-1101.31 -521.614
112.036 156.582
-597.504 377.558
1597.5 -624.875
-1223.11 892.819
1114.48 1176.67
295.32 159.832
-1941.36 -1405.48
1087.67 498.236
-1502.03 -1009.66
-1952.18 -520.685
-1278.34 -334.556
-137.03 1062.08
-407.022 1962.71
742.267 -1119.95
1858.69 1640.96
358.431 -29.2743
-202.461 1760.93
-1651.72 -604.965
-863.948 -874.83
-1712.15 -1749.47
-1698.16 583.175
410.36 -1639.52
1177.69 -501.971
858.721 1675.66
488.373 906.537
-845.024 1210.04
-1428.02 1017.95
272.118 164.959
980.657 -985.615
1045 839.347
-1344.66 -596.565
-1189.93 452.881
-835.637 -841.645
1847.92 300.415
283.526 -1864.23
550.943 585.368
718.945 -1038.7
945.853 -103.365
459.333 -195.427
-427.705 -1052.29
-1288.89 727.271
-1842.26 -716.909
-254.783 429.861
1448.05 -1274.13
1444.25 493.053
1565.22 -1900.41
1896.49 -1624.71
552.469 -939.149
-466.352 400.385
1361.27 1817.17
536.155 -87.7903
402.543 -744.901
873.513 -651.604
1151.73 -667.154
1152.97 -1275.97
280.553 1864.08
1451.3 438.295
-852.83 -803.484
-1131.84 -1404.78
-77.6097 -1687.6
1088.27 -512.389
-1588.01 984.761
-137.097 964.459
-1954.39 1396.55
-635.156 1406.88
1213.73 1901
-680.912 -383.732
-843.902 -1807.4
964.664 -1692.17
-474.552 117.633
-968.139 1806
-18.288 -1516.84
244.296 1128.88
-320.323 1112.45
1724.1 1602.07
1424.85 812.374
-910.322 1836.85
-202.866 952.581
801.305 -157.254
349.133 -1833.85
-750.375 -437.141
-1932.85 568.713
1179.13 -776.755
761.314 143.791
-468.923 -1713.24
-1738.58 562.938
-1907.24 243.136
1046.1 337.059
-627.982 -1274.23
-550.489 -903.881
-1672.16 -1125.63
1908.49 -582.48
-1288.79 -294.373
-1629.9 1512.52
1548.37 719.234
1678.67 -1202
-1717.91 1745.81
1366.71 1461.22
-1030.94 128.025
-394.989 500.135
414.788 -133.565
-936.927 507.55
-1890.43 -1890.83
-1155.39 -518.41
-1165.05 294.12
577.709 -837.212
1168.49 486.202
580.307 1879.7
-1808.17 950.408
1392.21 1740.2
-330.358 1070.88
-1461.8 -48.2652
816.693 1904.91
-587.045 1785.75
32.9371 1017.97
285.887 -1552.28
-1115.6 1348.96
