-564.415 900.622
-952.574 1172.22
-108.394 -341.722
-1087.01 -698.744
1505.48 1916.07
1272.02 1690.29
1986.59 681.177
-1090.28 1393.51
1346.49 -516.124
-284.741 1971.54
333.156 -997.349
1121.3 -1809.52
780.716 856.479
1413.5 -1521.05
1308.19 1276.45
1861.32 -1256.23
177.071 -1091.25
1915.99 -1931.32
567.023 -1171.02
-630.067 72.5037
-1254.95 -1358.05
-237.203 -1268.36
1323.13 672.514
-1874.85 669.616
-1843.61 -159.59
641.153 489.546
843.061 -237.543
680.027 -376.223
-1381.06 93.5291
102.731 1927.13
-630.022 -35.9497
-1329.1 1547.05
872.796 -1413.11
1615.73 -560.182
-584.13 -1014.34
1512.32 160.92
-372.39 -724.881
892.563 -1049.26
1947.63 1017.71
1620.35 -1895.98
-1141.88 261.508
593.569 1701.18
-1976.04 -726.404
-675.038 -1357.1
1367.13 1427.69
-1429.97 -1262.9
-608.257 -759.071
-1715.85 -1735.46
-172.179 1899.88
-295.643 1243.69
-1114.47 -783.32
-595.389 513.144
491.798 -1702.83
1463.88 439.43
1314.89 1084.24
543.453 -1826.99
-654.255 -862.979
1874.2 -630.291
410.617 -800.841
12.6105 -222.258
-1373.15 582.638
514.845 18.5953
1823.57 798.996
283.134 -348.612
698.872 1987.49
-1104.92 1584.41
-795.829 299.689
97.5495 1695.97
596.864 -438.568
135.4 -88.2481
-1354.33 -1321.15
84.7638 -8.58669
-184.126 -41.0396
1361.12 -1773.51
1158.12 -626.267
4.23339 1784.97
1956.37 -1480.92
-196.434 1779.94
1318.07 -1913.3
-568.675 16.9458
-1925.81 326.404
-398.648 -721.636
-1373.91 1698.9
-1025.67 1222.96
-739.667 1109.73
-865.291 -93.9981
1788.59 1219.47
1897.42 -395.541
-821.567 1258.54
-169.05 -1663.45
-1367.73 1835.18
-1878.48 -1411.36
-1645.74 -74.9103
-1631.42 1672.34
11.7903 -200.094
-310.718 85.9827
-1873.69 1290.63
1364.35 -1247.6
989.535 -1661.32
1975.36 -1750.13
1448.41 -889.931
155.87 1237
-1670.46 53.2849
-1158.54 -492.025
-688.177 672.407
-155.473 -55.9058
507.591 -33.9493
532.737 861.853
1891.14 901.317
534.189 -97.0694
-1298.78 -1776.53
1988.91 -1172.47
1514.11 1353.26
-420.065 503.64
1691.94 -444.705
753.508 1140.35
665.364 -1090.62
377.348 994.906
962.662 1218.8
-1497.12 -1725.51
-108.788 347.409
218.579 -1601.2
-1686.54 -1248.68
1260.66 -1795.4
1652.63 -205.154
107.53 -1646.14
18.3173 96.4437
-818.612 -467.578
-550.297 761.323
-1963.94 -858.358
-1683.38 789.57
-1718.01 981.983
1698.95 659.341
-23.111 661.609
-121.854 479.77
936.094 1769.36
-1172.82 -845.326
-1831.84 -859.362
-94.0102 1428.82
-654.762 -441.377
-776.336 1452.77
-87.5215 1241.98
-450.788 1093.87
-1225.6 998.915
-144.811 -1189.53
-1859.44 171.808
1600.04 -1577.45
-846.209 1298.98
1081.89 1130.68
-39.4083 -1039.96
-389.55 -1103.31
-1270.6 437.629
51.3598 -1102.44
1578.27 1957.35
-1673.62 -1076.49
-484.028 -449.96
-1623.73 1428.45
-1207.98 -74.5141
522.317 -433.575
-1075.6 -1622.49
376.891 -935.041
549.315 -23.074
-512.491 1703.11
-724.092 -1430.6
833.785 1236.5
-470.561 -1555.77
-1866.81 258.836
881.863 184.546
1156.39 460.13
141.896 1482.77
1383.64 1657.87
-967.19 1759.91
1086.32 -175.169
-314.605 -391.364
1391.26 609.797
-13.8569 -231.854
1674.76 -1464.54
1745.07 -837.735
-1761.44 -979.02
-268.334 1072.35
-1742.52 1261.11
1516.58 -1609.33
-480.059 398.445
575.213 -1323.67
-1141.42 -1282.89
-1840.9 -1757.79
-1625.02 -808.086
-1997.88 1461.3
1016.74 -312.484
-930.069 408
-1702.69 1056.07
-1823.85 1972.07
1591.53 1921.22
-865.667 1830.09
-1057.8 865.999
902.442 -800.32
127.105 419.024
-409.654 1647.05
-1182.53 -1834.44
-1676.62 -323.955
