6 200 238
82 105 116
108 223 242
40 195 215
20 35 244
7 194 207
172 199 229
13 39 196
29 66 197
115 203 246
17 43 103
17 172 229
40 121 123
30 79 215
35 145 244
117 149 190
6 189 225
168 200 238
32 63 244
8 11 227
8 117 202
117 139 202
139 177 202
26 52 101
32 145 244
105 116 124
113 183 237
92 114 155
114 140 220
38 146 189
114 181 220
114 125 155
22 56 178
91 134 207
74 164 169
70 85 170
10 37 131
13 129 212
163 184 214
49 100 157
2 144 161
54 144 164
144 161 164
72 74 164
72 161 164
54 144 180
24 102 115
37 158 209
43 115 246
42 43 137
14 179 191
27 29 184
30 51 79
100 157 201
44 150 219
26 63 187
30 49 157
54 58 176
4 36 104
51 83 219
26 63 248
63 104 130
78 153 192
119 123 133
6 38 238
6 38 189
7 147 194
189 225 237
0 185 232
117 124 149
139 145 249
117 124 139
73 94 227
177 202 218
8 202 227
35 145 228
35 154 211
105 124 249
55 101 243
82 105 249
124 139 249
116 124 149
82 116 245
76 87 106
120 186 248
27 99 162
41 82 245
26 186 248
26 101 186
9 53 152
55 101 186
23 45 197
52 89 101
52 89 231
23 45 198
23 53 198
25 53 143
68 106 183
25 68 182
92 166 175
60 135 166
25 135 166
25 68 135
76 113 183
68 106 182
76 106 183
0 60 241
225 237 241
48 59 107
12 48 107
60 71 135
0 140 175
92 114 140
92 140 175
25 92 166
9 23 53
181 206 220
0 140 185
181 194 206
147 185 232
15 181 194
7 147 232
15 134 207
7 91 207
7 91 232
88 91 204
15 194 207
16 171 188
88 91 134
15 70 85
67 88 134
67 88 204
67 136 148
31 93 148
67 148 204
85 136 178
67 85 136
70 81 170
22 81 170
85 170 178
22 170 178
109 152 222
3 110 173
22 56 125
56 109 125
16 93 178
16 56 178
31 188 196
16 93 188
31 93 188
31 148 204
80 110 173
3 112 173
66 69 80
66 69 214
29 66 214
29 75 226
29 184 214
9 66 80
45 101 198
9 66 197
9 152 222
9 112 222
109 112 222
53 152 155
9 23 197
53 143 198
143 198 243
101 198 243
45 89 101
45 75 89
45 75 197
89 226 231
29 75 197
75 89 226
27 29 99
29 99 226
27 162 184
47 226 231
162 184 201
34 47 77
47 157 201
49 96 210
49 100 176
10 14 142
142 180 210
30 49 96
54 176 180
58 100 176
2 144 224
10 144 224
122 212 224
13 129 196
31 129 196
31 132 172
31 129 132
128 132 208
90 122 224
128 132 151
10 90 224
122 132 151
128 151 213
102 115 203
14 24 179
24 115 179
65 102 203
128 208 247
128 158 247
132 172 208
158 209 235
43 103 115
42 46 199
46 137 203
42 46 137
43 137 246
102 195 230
30 96 215
46 65 203
137 203 246
24 102 230
14 21 142
14 24 230
21 96 215
21 195 215
40 102 123
40 102 195
236 240 242
65 102 123
98 121 240
65 119 123
46 65 119
98 133 236
119 236 242
46 119 242
33 205 223
119 133 236
159 165 240
108 159 242
33 50 111
165 174 234
174 205 223
150 165 234
150 160 219
50 64 86
18 57 216
44 121 240
159 240 242
98 236 240
51 79 219
83 160 219
4 5 19
34 77 233
47 77 157
47 162 201
34 47 231
26 187 233
32 63 248
32 120 248
4 19 130
63 104 244
4 104 130
18 36 216
1 84 156
57 64 127
18 36 221
78 153 156
20 36 221
18 78 221
35 211 228
73 84 94
73 154 221
1 84 94
86 174 205
1 28 94
61 126 193
28 94 227
97 111 141
61 97 193
127 174 234
57 127 234
108 174 223
97 141 193
33 126 223
46 223 242
118 193 223
118 126 223
33 61 111
33 61 126
61 97 111
118 126 193
28 141 193
158 235 247
225 232 241
0 232 241
26 231 233
34 231 233
211 227 228
202 218 227
69 214 239
185 194 206
147 185 194
179 191 209
171 188 196
163 169 184
58 169 184
2 161 212
13 161 212
159 165 174
108 159 174
73 156 221
59 107 183
57 150 216
18 57 78
40 121 215
57 64 78
41 87 167
56 109 112
80 110 239
20 35 221
39 171 196
41 55 120
36 104 244
15 67 134
25 53 155
55 167 243
33 50 205
41 87 245
38 146 190
38 168 238
37 128 213
10 142 144
36 160 216
13 72 161
35 154 221
58 100 184
39 56 171
12 59 241
51 83 157
39 74 239
32 120 249
32 145 249
21 96 210
12 68 135
3 56 112
13 72 74
87 116 245
12 107 183
1 28 141
17 138 208
30 51 157
21 195 230
9 80 173
20 36 244
8 11 217
183 237 241
13 39 74
4 36 160
95 145 218
12 71 135
12 48 59
47 99 226
8 117 217
11 168 200
17 172 208
5 19 77
163 169 214
10 37 213
0 166 175
54 58 164
100 184 201
57 150 234
5 83 160
26 52 231
3 39 56
14 131 191
3 39 110
62 87 143
17 103 209
2 212 224
17 42 43
15 81 181
136 148 178
37 128 158
17 42 199
1 111 141
17 199 229
121 123 133
21 142 210
74 169 214
87 143 243
12 71 241
12 68 183
0 60 166
69 80 239
55 120 186
39 110 239
9 112 173
14 21 230
122 129 212
15 70 81
176 180 210
109 125 155
17 138 235
16 56 171
150 160 216
25 62 143
4 5 160
58 164 169
59 183 241
64 78 192
95 218 227
138 208 247
64 111 192
64 127 174
64 86 174
73 211 227
60 71 241
15 67 85
73 84 156
113 189 237
49 176 210
76 116 149
77 187 233
78 156 221
76 113 149
19 77 187
17 209 235
77 83 157
142 144 180
5 77 83
22 81 125
87 106 182
25 62 182
140 206 220
19 63 187
76 87 116
74 214 239
62 87 182
90 122 151
90 151 213
41 120 249
95 227 228
41 82 249
131 191 209
95 145 228
111 153 192
103 115 179
47 99 162
10 90 213
109 152 155
37 131 209
1 111 156
111 153 156
113 146 189
10 14 131
117 168 217
117 168 190
103 179 209
11 168 217
98 121 133
79 121 215
79 121 219
140 185 206
150 165 240
122 129 132
114 125 181
81 125 181
41 55 167
50 64 111
50 86 205
139 145 218
25 92 155
138 235 247
139 177 218
87 167 243
44 121 219
19 63 130
73 154 211
113 146 149
146 149 190
93 148 178
44 150 240
38 168 190
