47 185 198
58 68 195
25 61 167
8 172 188
21 144 150
37 100 195
21 43 150
40 66 189
144 149 150
21 43 165
43 163 184
28 40 151
103 136 186
65 140 171
103 186 199
9 64 191
51 104 128
140 162 197
40 151 189
113 133 134
22 132 174
12 22 148
14 54 148
53 132 174
6 62 108
54 62 86
36 155 173
73 78 123
74 100 195
47 119 122
91 129 185
3 50 56
20 159 184
21 89 165
55 78 198
159 163 184
34 43 150
43 163 165
159 163 165
55 89 198
58 63 158
34 46 56
36 81 150
2 58 149
71 105 126
30 79 173
19 30 79
3 103 127
24 92 199
42 137 186
154 178 186
136 154 186
137 178 186
42 80 187
102 145 166
28 92 102
131 143 190
60 151 194
60 143 194
23 130 131
23 80 166
93 156 187
29 41 64
93 187 191
140 171 193
90 93 191
7 83 147
140 162 193
90 171 193
9 162 193
9 48 77
9 162 197
9 77 197
49 142 179
19 66 182
84 88 142
0 84 142
51 66 189
51 113 128
51 104 189
19 79 95
19 95 182
113 128 133
69 106 109
25 107 196
25 61 196
128 133 179
95 120 126
101 138 141
41 101 169
41 67 169
67 138 169
101 115 117
101 138 169
115 118 164
12 22 168
41 64 135
41 135 164
4 64 135
4 5 135
4 64 153
38 153 192
112 170 192
4 5 170
14 44 112
38 86 108
86 112 192
6 38 108
62 86 108
38 86 192
115 118 148
22 54 148
12 115 148
12 25 107
8 74 188
22 168 174
6 62 132
53 168 174
35 53 132
57 87 111
87 114 124
13 146 181
8 33 100
2 58 63
8 74 100
8 33 114
26 172 188
26 27 188
58 68 158
27 68 158
36 149 150
18 116 183
52 121 183
144 149 152
125 144 152
11 55 78
52 55 98
11 55 98
11 78 123
17 39 78
39 73 78
37 97 100
32 37 97
6 87 111
15 76 111
76 99 111
156 180 187
96 180 187
2 173 175
4 153 170
2 149 173
49 142 197
140 142 197
140 142 147
127 139 157
49 138 179
91 129 154
128 142 179
103 127 157
120 126 133
35 124 167
73 123 146
45 122 136
117 133 196
107 117 196
117 133 179
110 119 198
101 117 141
114 124 172
7 83 180
43 136 184
42 129 178
42 145 166
120 133 134
42 137 178
41 67 75
83 88 147
37 58 160
37 58 195
24 42 145
143 180 190
91 122 185
85 139 157
29 75 77
28 40 85
27 109 161
7 156 180
27 63 158
59 105 175
37 116 183
16 58 152
76 99 146
110 119 122
47 119 198
126 133 196
24 186 199
80 96 187
33 57 87
29 41 75
3 50 103
90 93 156
35 87 124
22 54 62
31 82 156
34 43 50
19 30 40
123 146 181
20 136 184
10 16 121
28 85 157
9 90 193
5 135 164
15 76 146
10 121 183
50 103 136
28 103 199
23 180 190
43 50 136
9 48 64
7 31 156
79 95 173
36 139 155
28 103 157
5 118 164
5 118 148
5 44 112
129 154 178
7 31 82
19 40 66
8 114 172
35 53 167
60 102 130
0 128 142
7 65 82
16 58 160
17 99 146
72 173 175
23 102 130
10 18 116
27 69 109
59 63 175
5 112 170
83 143 180
39 73 146
60 102 151
3 56 127
82 90 171
72 95 173
20 159 198
14 44 148
12 107 117
10 116 160
37 116 160
45 70 136
61 109 161
22 62 132
20 70 136
13 123 181
12 115 117
14 54 86
28 92 199
100 146 176
51 66 113
12 25 167
36 81 139
11 97 98
46 56 139
14 86 112
85 155 173
21 89 144
30 40 85
15 146 176
16 125 152
10 16 160
17 39 146
15 57 111
20 110 198
12 167 168
95 120 134
23 96 180
15 57 177
26 27 161
32 37 183
61 126 196
20 70 110
2 63 175
104 128 194
122 136 154
45 70 110
46 81 150
34 46 150
101 115 164
58 149 152
27 68 188
65 140 147
29 48 64
32 97 98
49 77 197
49 77 138
138 141 179
89 159 165
34 50 56
52 55 89
52 89 125
47 122 185
45 110 122
52 121 125
53 167 168
153 170 192
89 125 144
124 167 172
24 42 186
26 161 172
24 92 145
41 101 164
56 127 139
5 44 148
29 48 77
23 102 166
68 74 188
57 100 177
60 130 131
61 106 109
61 167 172
61 161 172
66 113 182
59 63 94
117 141 179
63 69 94
10 18 183
7 65 147
23 131 190
92 102 145
59 94 105
67 75 77
6 87 132
9 90 191
68 74 195
69 71 105
52 98 183
67 77 138
72 105 175
13 97 146
100 176 177
27 63 69
95 113 134
71 106 126
72 95 105
69 71 106
36 149 173
35 87 132
23 80 96
46 81 139
28 102 151
1 83 88
104 151 189
1 83 194
83 143 194
0 84 128
85 139 155
30 85 173
88 142 147
84 88 194
33 87 114
1 88 194
89 159 198
82 90 156
84 128 194
91 122 154
60 131 143
42 80 166
33 57 100
16 121 125
95 105 126
95 113 182
11 97 123
13 97 123
32 98 183
69 94 105
65 82 171
97 100 146
15 176 177
104 151 194
61 106 126
