47 185 198
58 68 195
25 61 167
15 100 177
32 52 183
34 81 150
43 163 184
45 136 154
72 79 95
28 40 151
7 31 65
103 186 199
96 156 180
7 140 147
9 64 191
51 104 128
84 104 194
4 153 192
29 67 75
14 54 148
53 132 174
14 54 112
6 62 108
72 79 173
63 69 109
36 155 173
72 105 173
47 110 119
35 124 172
91 129 185
47 110 198
47 91 185
3 50 56
20 159 184
45 122 154
20 70 184
55 89 125
21 89 165
55 78 198
159 165 198
159 163 184
34 43 150
43 163 165
159 163 165
21 89 125
89 165 198
55 89 198
16 121 152
21 125 144
58 63 158
34 46 56
34 46 81
34 43 184
85 127 139
36 81 150
2 36 173
69 71 94
36 81 155
30 85 139
30 139 155
19 30 79
24 92 199
154 178 186
136 154 186
137 178 186
42 129 137
42 80 187
24 42 80
24 80 145
80 145 166
28 92 102
60 151 194
23 80 187
96 156 187
93 156 187
29 41 64
93 187 191
1 83 143
9 48 77
77 138 197
49 138 197
19 66 182
0 84 142
51 104 189
59 69 94
61 161 167
12 25 168
25 61 196
128 133 179
120 126 196
75 77 138
101 138 141
41 101 169
49 138 141
48 75 77
9 29 48
29 48 75
29 41 67
9 29 64
41 67 169
101 115 117
101 138 169
14 118 148
44 112 170
41 64 135
4 64 153
38 153 192
4 5 170
5 44 170
14 44 112
38 86 108
86 112 192
6 38 108
62 86 108
38 86 192
22 54 148
12 25 107
26 167 172
25 167 168
35 167 172
8 74 188
22 168 174
6 62 132
53 168 174
35 53 132
57 87 111
33 57 114
8 114 124
2 58 63
8 33 114
26 27 109
26 172 188
58 68 158
27 68 158
59 63 69
121 125 152
18 116 183
32 116 183
32 37 116
55 121 125
52 121 183
144 149 152
125 144 152
11 55 78
32 52 98
52 55 121
52 55 98
11 55 98
11 78 123
17 39 78
17 39 99
6 87 111
39 99 146
76 99 111
66 182 189
146 176 181
2 173 175
162 171 193
140 162 171
58 160 195
60 151 166
43 150 165
21 150 165
12 148 168
49 141 142
143 156 180
141 142 179
131 180 190
60 130 194
130 143 194
96 130 187
113 128 182
128 142 179
85 127 157
103 127 157
128 133 134
8 124 188
73 123 146
117 133 196
117 133 179
101 117 141
62 112 132
15 111 176
76 111 176
5 44 135
120 133 134
39 78 123
22 148 168
36 58 149
91 129 137
77 162 197
34 50 184
97 100 176
32 37 100
143 180 190
31 82 171
10 16 58
23 80 130
28 40 85
27 63 158
59 105 175
51 182 189
16 58 152
76 99 146
36 144 149
96 130 131
24 186 199
3 50 186
35 87 124
69 71 109
31 82 156
21 36 144
21 36 150
19 30 40
123 146 181
49 88 147
10 16 121
28 85 157
92 103 199
9 90 193
10 58 160
27 63 109
70 110 119
26 74 188
7 140 171
7 31 156
28 103 157
3 56 103
7 88 147
41 118 164
80 130 166
4 5 64
3 103 186
25 117 196
7 65 171
76 146 176
12 118 148
37 160 195
124 172 188
19 40 66
91 137 178
77 162 193
35 53 167
49 84 88
0 128 142
7 84 88
10 18 121
32 97 100
5 64 135
26 27 74
10 18 116
59 63 175
37 74 100
39 73 146
2 36 58
1 7 83
31 65 171
12 107 117
10 116 160
84 104 128
37 116 160
130 131 190
45 70 136
61 109 161
37 74 195
13 123 181
12 115 117
8 33 74
28 92 103
12 115 164
12 118 164
11 97 98
46 56 139
7 83 156
14 41 118
14 41 135
84 143 194
18 121 183
145 151 166
4 112 170
30 40 85
14 44 135
67 75 169
57 114 124
28 102 145
15 57 111
4 112 192
105 173 175
82 93 156
95 120 134
1 7 84
96 131 180
15 57 177
97 176 181
61 126 196
2 63 175
45 91 122
130 143 190
82 93 191
101 115 164
58 149 152
70 159 198
45 70 91
32 97 98
49 84 142
57 87 124
20 70 159
23 130 187
49 140 147
49 140 162
49 162 197
34 50 56
53 167 168
82 90 193
54 132 174
22 54 174
24 92 145
41 101 164
50 136 184
56 127 139
57 100 177
47 91 119
82 90 191
50 136 186
61 106 109
62 86 112
117 141 179
72 95 120
120 133 196
39 73 123
92 102 145
66 151 189
59 94 105
30 79 155
6 87 132
60 130 166
40 66 151
56 103 127
28 145 151
9 90 191
27 68 74
68 74 195
70 91 119
72 105 120
83 143 156
70 136 184
70 110 198
71 106 109
95 113 134
24 42 137
71 106 126
25 107 117
79 155 173
19 79 182
33 74 100
35 87 132
46 81 139
81 139 155
9 77 193
82 171 193
79 95 182
71 94 126
104 151 189
0 84 128
75 138 169
91 154 178
91 122 154
33 57 100
94 105 126
95 113 182
1 84 143
113 128 134
11 97 123
51 128 182
13 97 123
54 112 132
13 97 181
24 137 186
15 100 176
104 151 194
105 120 126
61 106 126
109 161 167
26 109 167
