21 144 150
21 43 150
32 52 183
15 97 176
16 121 183
34 81 150
21 43 165
103 136 186
65 140 171
7 31 65
103 186 199
130 131 143
5 118 135
9 64 191
40 151 189
113 133 134
2 59 175
22 132 174
72 105 126
12 22 148
14 54 148
14 44 118
53 132 174
54 86 112
6 62 108
120 134 196
63 69 109
36 155 173
73 78 123
47 119 122
91 129 185
47 91 185
47 91 122
3 50 56
45 122 154
21 89 165
55 78 198
34 43 150
43 163 165
21 89 125
89 165 198
55 89 198
16 121 152
2 59 63
58 63 158
34 46 56
34 46 81
46 127 139
36 81 150
2 36 173
69 71 94
36 81 155
30 85 139
19 66 85
50 56 136
3 103 136
154 178 186
3 50 136
129 137 178
42 129 137
42 80 187
24 42 80
28 60 151
102 145 166
28 92 102
131 143 190
60 130 143
23 80 166
156 180 190
29 41 64
93 187 191
7 83 147
7 83 143
1 83 147
1 88 147
88 140 147
90 191 193
90 171 193
9 162 193
9 191 193
49 140 142
49 142 179
19 66 182
0 84 142
1 84 88
151 189 194
104 189 194
19 79 95
19 95 182
133 134 196
59 69 94
61 69 71
61 69 106
69 106 109
63 109 158
61 106 161
25 61 196
120 126 196
75 77 138
101 138 141
41 101 169
48 75 77
9 29 48
29 48 75
9 29 64
41 67 169
101 138 169
107 117 133
41 115 164
14 118 148
12 22 168
5 44 118
41 64 135
4 64 135
4 5 135
38 153 192
4 5 170
38 86 108
6 38 108
62 86 108
38 86 192
22 54 148
12 115 148
12 25 107
8 74 188
22 168 174
6 62 132
53 168 174
57 87 111
6 35 124
87 114 124
6 87 124
57 87 114
13 146 181
33 57 114
8 33 100
8 74 100
8 33 114
74 188 195
26 27 109
26 172 188
27 68 195
59 63 69
2 36 149
37 116 195
18 116 183
32 116 183
13 32 98
32 37 116
52 121 183
144 149 152
11 55 78
32 52 98
52 55 98
11 55 98
11 78 123
17 39 78
13 73 123
13 73 181
37 97 100
6 87 111
76 99 111
96 180 187
137 178 199
159 163 198
163 165 198
162 171 193
140 162 171
58 160 195
58 158 195
68 158 195
154 184 186
16 152 160
118 148 164
24 145 199
92 145 199
143 151 194
127 139 157
49 138 179
43 136 163
113 134 182
131 180 190
23 130 166
91 129 154
103 127 157
35 124 167
121 144 152
47 119 185
117 133 179
101 117 141
114 172 188
8 114 188
114 124 172
15 111 176
76 111 146
110 119 185
110 185 198
41 101 117
41 115 117
41 67 75
72 120 126
113 133 179
36 144 150
97 100 177
6 35 53
31 82 171
34 43 136
111 146 176
85 139 157
84 140 142
115 148 164
59 105 175
26 27 195
26 106 161
25 61 161
76 99 146
110 119 122
36 144 149
96 130 131
80 96 187
24 145 166
28 60 166
29 41 75
31 82 156
21 121 144
66 85 157
20 163 184
39 78 181
92 103 199
26 106 109
24 80 166
20 45 184
79 95 173
28 103 157
3 56 103
41 118 164
13 32 37
5 44 112
34 56 136
25 107 133
129 154 178
11 13 123
60 143 151
26 188 195
45 154 184
35 53 167
6 53 132
1 128 194
0 128 142
7 143 190
7 31 190
46 56 127
10 16 183
2 72 173
10 18 116
5 112 170
79 139 155
37 74 100
82 90 171
4 86 192
72 95 173
51 104 113
31 65 171
1 84 128
30 79 139
20 159 198
12 107 117
17 99 181
10 116 195
41 118 135
37 74 195
22 62 132
14 44 54
12 115 117
28 92 103
63 149 152
31 156 190
104 113 128
51 66 113
12 25 167
21 121 125
4 112 170
66 104 189
67 75 169
24 137 199
10 16 160
161 167 172
15 57 111
12 167 168
113 128 142
17 39 181
82 93 156
95 120 134
22 54 86
96 131 180
15 57 177
25 133 196
61 126 196
28 102 166
13 37 97
10 160 195
20 45 70
48 162 197
104 128 194
113 142 179
20 159 163
45 70 110
15 97 177
82 93 191
136 163 184
30 79 85
65 140 147
9 48 162
48 77 197
49 77 197
49 77 138
44 54 112
11 13 98
138 141 179
49 140 162
49 162 197
97 146 176
52 55 89
52 89 125
45 110 122
52 121 125
53 167 168
124 167 172
26 161 172
57 100 177
58 152 160
82 90 191
61 71 126
66 113 182
117 141 179
72 95 120
2 63 149
58 63 152
40 151 157
99 146 181
10 18 183
64 153 192
4 64 192
7 65 147
51 66 104
92 102 145
59 94 105
60 130 166
56 103 127
68 109 158
136 184 186
27 68 109
66 157 189
70 110 198
40 157 189
72 105 175
2 72 175
28 151 157
13 97 146
73 78 181
24 42 137
79 155 173
23 80 96
46 81 139
22 62 86
19 79 85
81 139 155
71 94 126
1 83 194
83 143 194
20 70 198
0 84 128
84 88 140
75 138 169
25 161 167
4 86 112
91 122 154
33 57 100
93 156 180
93 180 187
94 105 126
95 134 182
23 96 130
178 186 199
