85 103 157
25 61 167
35 167 168
21 43 150
15 100 177
46 139 155
34 81 150
19 30 85
72 79 95
28 40 151
103 136 186
40 85 157
28 92 157
96 131 190
7 31 65
103 186 199
5 118 135
9 64 191
31 65 82
51 104 128
140 162 197
0 142 179
2 59 175
61 71 196
72 105 126
4 153 192
14 54 148
53 132 174
54 86 112
6 62 108
120 134 196
30 155 173
110 159 198
20 110 159
35 124 172
47 119 122
91 129 185
91 122 178
122 154 178
45 122 154
20 70 184
55 89 125
21 89 165
55 78 198
34 43 150
89 165 198
55 89 198
2 59 63
58 63 158
34 46 56
34 46 81
92 157 199
85 103 127
46 81 155
46 127 139
36 81 150
69 71 94
30 139 155
19 66 85
19 30 79
103 157 199
154 178 186
137 178 186
42 129 137
42 80 187
24 92 102
24 102 145
80 145 166
28 92 102
28 40 157
96 180 190
23 80 187
140 171 193
65 90 171
65 82 90
1 143 194
7 83 143
1 83 147
1 83 143
1 88 147
88 140 147
140 162 193
90 191 193
90 171 193
9 162 193
9 191 193
49 140 197
49 142 179
19 66 182
84 88 142
1 84 194
0 84 142
1 84 88
104 189 194
51 113 128
51 104 189
19 79 95
51 113 182
113 120 134
19 95 182
133 134 196
69 106 109
12 25 168
25 61 196
72 95 126
71 126 196
95 120 126
120 126 196
101 138 141
118 135 164
41 67 169
67 138 169
101 138 169
14 118 148
107 115 117
41 64 135
41 135 164
4 64 153
38 153 192
4 5 170
6 38 108
38 86 192
35 53 168
22 54 148
12 25 107
25 167 168
35 167 172
8 74 188
6 62 132
57 87 111
87 114 124
2 58 63
8 33 114
26 172 188
26 27 188
58 68 158
27 68 195
27 68 158
10 16 149
58 116 160
16 149 152
37 116 195
10 18 160
18 116 160
13 32 98
55 121 125
52 121 183
144 149 152
11 55 78
52 55 121
11 55 98
11 78 123
17 39 78
39 73 181
39 146 181
15 97 100
6 87 111
76 99 111
66 182 189
13 176 181
146 176 181
41 164 169
115 164 169
159 163 198
163 165 198
121 152 183
16 152 183
2 149 173
12 148 168
118 148 164
102 145 151
143 151 194
49 138 179
42 137 199
43 136 163
96 130 187
73 123 181
121 144 152
121 125 144
47 119 185
117 133 196
117 133 179
115 117 169
101 117 141
114 124 188
8 114 188
15 111 176
76 111 146
110 119 185
110 185 198
43 56 136
60 143 190
11 13 181
68 116 195
40 151 194
39 78 123
22 148 168
91 129 137
24 42 145
77 162 197
6 35 53
101 117 169
30 85 127
111 146 176
30 72 173
91 122 185
29 75 77
23 80 130
27 109 161
7 156 180
95 113 120
38 54 108
115 148 164
27 63 158
59 105 175
66 85 189
24 42 92
51 182 189
76 99 146
110 119 122
36 144 149
96 130 131
33 57 87
5 14 44
3 50 103
90 93 156
35 87 124
22 53 168
22 53 174
21 43 163
31 82 156
21 36 144
21 36 150
20 163 184
10 58 160
12 107 148
50 103 136
7 140 171
11 123 181
9 48 64
7 31 156
54 62 174
13 32 37
80 130 166
5 44 112
4 5 64
25 117 196
7 65 171
5 14 118
124 172 188
2 10 58
91 137 178
60 143 151
6 53 132
7 143 190
17 99 146
30 72 79
27 74 195
10 16 183
5 64 135
0 133 134
2 72 173
27 69 109
5 112 170
0 128 134
2 10 149
4 86 192
3 46 103
107 115 148
130 131 190
45 70 136
61 109 161
37 74 195
45 136 186
14 44 54
93 96 180
8 33 74
38 54 86
6 35 87
13 15 97
13 15 176
64 67 75
42 92 199
4 112 170
21 89 144
17 39 146
15 57 111
37 74 97
18 37 116
18 37 183
15 57 177
26 27 161
32 37 183
13 37 97
20 70 110
21 163 165
104 128 194
20 159 163
45 70 110
34 43 56
45 154 186
3 46 50
46 103 127
46 56 136
136 163 184
29 48 64
48 77 162
9 48 162
49 77 197
49 77 138
23 130 187
44 54 112
11 13 98
29 64 75
138 141 179
49 88 142
49 88 140
0 133 179
47 122 185
45 110 122
40 189 194
89 125 144
54 62 108
83 140 147
22 54 174
52 55 183
26 161 172
55 98 183
30 127 139
29 48 77
74 97 100
57 100 177
36 81 173
60 145 166
60 145 151
60 130 190
61 106 109
61 167 172
27 74 188
61 161 172
62 132 174
59 63 94
117 141 179
63 69 94
10 18 183
41 64 67
39 73 123
59 94 105
67 75 77
60 130 166
90 187 191
58 68 116
70 136 184
61 71 106
137 186 199
67 77 138
72 105 175
2 72 175
7 180 190
27 63 69
25 107 117
69 71 106
36 149 173
33 74 100
46 50 136
28 102 151
81 155 173
42 80 145
71 94 126
0 84 128
40 85 189
4 86 112
33 87 114
82 90 156
90 93 187
84 128 194
33 57 100
93 96 187
93 156 180
94 105 126
95 113 182
113 128 134
32 98 183
7 83 140
