18 295 399
79 150 169
15 271 352
122 245 299
280 326 386
69 112 377
15 222 352
97 111 374
295 366 382
102 143 225
214 215 311
198 339 371
6 59 190
193 262 387
46 252 270
159 249 381
5 229 376
238 309 372
102 327 399
17 25 369
222 309 352
44 73 308
34 223 277
39 146 201
11 13 180
207 266 397
112 249 381
31 88 310
23 207 397
6 190 380
26 143 188
59 181 270
38 102 225
15 69 154
18 188 307
251 295 366
327 374 395
38 327 395
15 154 231
185 298 329
157 231 251
251 295 327
15 157 271
198 202 371
86 184 300
99 198 269
72 252 373
144 156 250
141 181 340
68 83 228
171 209 250
71 262 291
82 237 250
29 63 317
152 237 300
86 96 244
82 250 383
96 244 349
237 300 302
47 300 302
107 145 333
54 125 193
152 184 375
54 76 256
152 224 388
224 262 375
99 198 339
339 372 384
4 226 331
25 323 351
125 193 328
70 92 263
70 284 292
4 204 261
280 333 355
73 245 299
55 142 353
73 173 308
108 162 168
73 173 204
93 108 261
4 319 361
65 122 378
92 268 335
31 253 354
162 168 303
10 160 247
19 234 281
74 88 203
105 174 235
27 205 312
232 310 367
147 201 263
56 117 253
88 205 310
84 288 342
240 325 337
31 88 272
240 325 332
35 61 311
7 130 389
154 307 382
32 172 213
26 188 293
172 219 397
90 170 380
42 121 225
8 119 274
0 37 219
109 132 134
179 195 391
206 235 359
182 248 316
196 197 346
6 68 380
6 68 83
6 59 200
103 171 250
59 97 270
46 141 270
97 270 373
59 181 200
97 190 380
59 97 190
52 374 395
52 97 374
111 327 374
42 121 363
68 178 228
121 155 257
155 178 257
41 170 178
121 257 363
41 257 363
41 178 257
102 143 379
121 143 225
49 197 346
123 183 221
80 115 155
26 115 293
21 80 346
143 188 379
21 188 293
248 278 316
21 36 98
98 187 343
21 188 316
21 278 316
182 213 377
248 278 343
18 188 379
18 379 399
38 102 327
295 327 399
102 379 399
231 251 366
182 307 377
15 157 231
69 154 377
154 307 377
207 266 381
112 213 377
32 172 219
172 266 397
139 207 381
69 112 249
112 266 381
139 369 381
159 347 381
239 241 345
17 45 369
23 45 227
24 114 163
23 45 369
17 45 351
25 369 381
17 25 351
25 347 381
291 339 384
54 125 289
60 273 360
63 269 388
185 199 298
99 116 269
71 116 291
71 116 269
224 269 388
202 352 371
339 352 371
202 271 352
252 270 373
46 87 141
157 252 271
202 252 271
298 329 341
202 252 341
46 87 329
141 181 270
171 181 340
87 185 329
144 209 250
63 220 298
199 220 298
63 152 388
86 96 184
47 302 396
152 224 375
164 184 375
262 291 384
193 233 262
238 323 360
54 76 289
76 96 349
175 285 334
167 244 287
12 349 357
167 244 349
86 244 287
47 344 396
152 184 300
20 86 300
101 344 396
20 101 344
101 265 396
255 265 396
110 246 255
33 246 255
191 282 314
110 246 314
9 383 394
9 131 150
82 383 394
82 282 394
33 82 282
67 106 236
9 304 394
149 175 191
55 67 113
67 106 304
78 334 357
34 107 313
78 236 334
106 149 304
149 191 304
175 191 285
110 161 314
280 355 357
285 334 357
78 353 355
12 357 386
107 333 355
78 355 357
261 306 362
113 131 217
34 107 385
9 113 131
131 150 223
113 217 313
55 107 113
34 319 385
107 113 313
34 319 331
319 361 385
34 131 223
4 319 331
226 277 301
4 226 301
107 145 385
330 348 361
145 361 385
165 192 283
145 330 361
165 280 333
299 330 348
145 299 330
165 280 326
145 165 299
44 73 245
65 122 299
145 165 333
280 357 386
125 326 328
60 360 387
165 192 326
60 158 387
238 262 387
238 360 387
273 323 360
163 273 275
60 273 275
60 85 275
51 163 351
24 51 163
100 114 378
58 284 292
58 100 214
11 14 216
31 354 367
5 64 376
5 64 117
70 229 263
70 229 376
70 92 292
147 229 263
70 215 284
70 215 376
92 268 292
39 92 335
44 100 245
44 208 308
208 268 292
118 208 308
124 350 370
118 173 308
73 204 348
73 299 348
118 124 173
204 261 362
173 204 362
79 168 390
93 150 223
79 93 150
93 261 301
4 261 301
168 303 390
66 169 276
79 169 390
39 335 350
305 306 350
162 305 350
118 140 370
124 306 350
118 124 370
140 335 370
335 350 370
140 268 335
135 138 146
232 290 367
174 235 243
153 169 276
138 153 174
174 243 259
138 174 259
160 297 337
160 247 337
19 234 259
10 19 281
234 281 358
240 247 337
135 318 324
312 318 324
5 147 229
31 310 367
28 64 117
28 56 117
117 253 354
53 272 356
31 253 272
53 272 398
53 288 398
27 62 120
120 267 398
62 120 267
88 203 398
120 203 398
88 272 398
267 325 332
189 212 322
286 336 342
75 134 148
75 148 195
75 195 391
30 137 179
134 137 148
119 176 389
176 254 389
258 274 296
30 260 286
7 119 389
8 14 119
254 260 389
260 286 336
53 336 356
28 56 356
260 336 356
3 28 35
7 14 130
126 214 311
3 35 364
61 126 311
126 214 345
45 133 227
13 211 241
227 230 241
23 227 230
230 338 397
219 338 397
23 230 397
0 8 37
8 37 180
14 130 216
11 13 151
11 151 364
7 14 119
274 296 365
22 194 258
186 368 393
16 40 81
194 258 279
98 278 343
21 98 278
40 194 279
77 104 315
43 196 320
36 48 196
43 196 197
48 196 320
81 186 393
81 186 315
16 264 315
1 104 264
104 264 315
16 81 315
43 186 368
43 320 368
77 127 242
43 77 127
1 22 321
2 22 258
2 22 321
2 258 296
176 218 365
109 134 218
2 218 321
127 136 294
132 136 322
75 134 189
57 95 212
50 212 322
50 123 322
123 183 322
43 95 197
183 221 294
42 363 395
260 356 389
179 342 391
222 323 347
309 339 352
222 309 323
238 309 323
162 303 350
18 295 307
183 294 322
136 294 322
232 290 312
290 312 318
161 285 314
34 277 331
273 323 351
163 273 351
269 298 341
267 325 337
267 288 398
238 262 372
261 305 306
237 255 302
255 302 396
252 329 341
46 252 329
237 250 317
33 246 282
78 236 353
206 235 240
176 218 254
214 239 345
112 213 266
91 212 391
189 212 391
211 241 345
23 207 369
205 232 312
147 201 290
139 207 369
201 290 318
198 269 341
191 282 394
75 189 391
129 185 209
182 248 343
182 188 307
182 188 316
180 219 338
37 180 219
30 179 286
177 230 338
177 338 392
175 236 334
171 181 200
41 170 363
90 170 363
166 320 368
164 233 262
164 233 256
224 262 269
76 164 256
108 162 261
276 303 350
162 261 305
110 161 255
226 277 331
160 281 297
191 285 314
158 193 328
158 193 387
29 156 317
156 250 317
156 199 220
144 156 185
156 185 199
154 366 382
172 213 266
13 151 211
149 175 236
5 147 367
147 290 367
146 276 350
39 146 350
135 146 318
129 141 209
138 153 276
138 146 276
137 148 195
137 179 195
191 304 394
135 324 358
135 234 259
142 236 353
50 123 221
267 337 358
44 100 208
49 178 228
49 80 155
49 155 178
126 211 345
10 240 247
205 232 310
262 372 384
180 338 392
36 48 320
0 258 274
281 297 358
36 166 320
67 113 304
144 185 209
80 115 293
91 212 240
235 240 243
13 177 392
85 192 283
34 131 217
34 217 313
24 100 214
66 276 390
6 103 200
30 254 260
42 225 395
101 265 287
89 161 287
27 74 203
27 120 203
105 210 359
64 215 311
32 182 343
28 130 389
27 88 205
26 121 143
51 133 239
24 100 114
95 127 294
3 28 216
62 324 358
114 163 275
1 22 264
33 82 237
3 11 216
57 212 221
68 170 380
1 128 321
198 202 341
167 285 349
24 214 239
93 223 277
154 231 366
3 11 364
5 354 367
15 159 347
50 212 221
55 67 236
24 51 239
81 94 393
5 117 354
60 158 328
20 101 287
1 128 242
36 166 393
128 132 136
27 74 88
15 159 249
12 326 386
0 8 274
84 91 288
10 240 243
4 204 348
27 312 324
10 243 259
134 137 254
10 19 259
60 192 326
79 93 168
77 104 242
0 258 279
20 47 300
2 218 365
33 237 255
56 272 356
57 95 294
12 289 326
103 171 200
22 194 264
4 348 361
10 160 281
109 128 218
51 133 351
6 83 103
146 201 318
105 153 174
13 180 392
36 98 187
12 76 289
45 133 351
15 222 347
25 323 347
132 134 322
13 177 230
72 97 111
13 230 241
8 14 180
118 140 268
16 40 194
58 215 284
16 194 264
179 286 342
26 115 121
246 282 314
99 116 339
2 296 365
27 62 324
90 363 395
87 129 185
28 64 311
63 269 298
21 36 196
32 182 213
49 80 346
12 76 349
68 170 178
89 265 287
72 111 327
295 307 382
100 122 245
53 288 342
53 336 342
54 193 233
54 233 256
105 169 210
55 142 236
56 253 272
57 221 294
60 326 328
58 100 208
58 208 292
58 214 215
0 187 279
28 35 311
60 85 192
76 96 164
87 129 141
35 61 364
309 339 372
38 225 395
62 267 358
15 69 249
63 156 220
285 349 357
90 97 380
0 32 343
63 237 317
30 137 254
63 152 237
166 368 393
64 215 376
89 161 255
65 114 378
65 85 114
65 165 283
11 14 180
141 209 340
124 306 362
267 288 332
81 187 279
134 218 254
72 97 373
119 176 365
276 303 390
21 196 346
171 209 340
72 157 251
116 291 339
151 211 364
135 138 259
43 77 186
0 32 219
28 130 216
65 165 299
77 186 315
161 285 287
61 126 364
21 80 293
81 94 187
36 94 393
40 81 279
84 91 391
71 262 269
85 114 275
126 211 364
0 187 343
89 255 265
52 90 97
133 227 241
52 90 395
65 85 283
91 240 332
91 288 332
92 201 263
93 108 168
93 277 301
43 95 127
29 63 156
84 342 391
72 251 327
167 285 287
96 164 184
28 356 389
105 153 169
100 122 378
20 86 287
36 94 187
1 104 242
164 262 375
105 235 359
107 353 355
55 107 353
106 149 236
9 113 304
115 121 155
118 208 268
72 157 252
66 169 390
39 92 201
297 337 358
119 274 365
124 173 362
135 234 358
127 128 242
127 128 136
109 128 132
128 218 321
20 47 344
133 239 241
125 289 326
134 189 322
