18 295 399
79 150 169
15 271 352
122 245 299
280 326 386
69 112 377
187 279 343
15 222 352
97 111 374
295 366 382
214 215 311
198 339 371
72 111 251
193 262 387
5 229 376
238 309 372
222 309 352
44 73 308
65 85 192
34 223 277
39 146 201
85 114 378
8 11 180
3 130 216
32 219 343
207 266 397
112 249 381
41 90 363
31 88 310
6 190 380
103 171 181
26 143 188
59 181 270
38 42 395
182 307 316
251 295 366
38 327 395
15 154 231
251 295 327
15 157 271
198 202 371
202 269 341
72 252 373
144 156 250
141 181 340
29 156 250
171 209 250
71 262 291
82 237 250
152 237 300
86 96 244
82 250 383
82 237 255
96 244 349
237 300 302
47 300 302
161 191 314
107 145 333
9 67 304
167 285 357
152 184 375
54 76 256
224 262 375
46 252 341
99 116 291
339 372 384
135 201 318
4 226 331
25 323 351
58 214 284
70 92 263
70 284 292
280 333 355
73 245 299
55 142 353
73 173 308
108 162 168
73 173 204
93 108 261
4 319 361
65 122 378
92 268 335
31 253 354
44 208 292
162 168 303
10 160 247
19 234 281
74 88 203
105 174 235
27 205 312
205 310 312
232 310 367
147 201 263
88 205 310
84 288 342
240 325 337
31 88 272
240 325 332
30 179 342
288 336 342
35 61 311
7 130 389
13 151 364
65 85 378
222 238 323
154 307 382
32 172 213
177 230 392
16 40 264
26 188 293
172 219 397
90 170 380
42 121 225
8 11 14
8 119 274
0 37 219
109 132 134
179 195 391
128 242 321
166 320 393
206 235 359
182 248 316
196 197 346
6 68 380
103 181 200
103 171 250
59 97 270
97 270 373
59 181 200
97 190 380
59 97 190
38 42 225
52 374 395
42 52 395
52 97 374
111 251 327
42 52 363
68 178 228
52 90 363
121 155 257
155 178 257
41 170 178
41 90 170
41 257 363
41 178 257
121 143 155
26 143 155
102 143 379
121 143 225
49 197 346
123 183 221
80 115 155
26 115 293
21 80 346
26 115 155
21 80 115
143 188 379
21 188 293
21 115 293
248 278 316
21 36 98
98 187 343
21 188 316
21 278 316
182 213 377
248 278 343
188 307 316
18 379 399
38 102 327
102 379 399
231 366 382
231 251 366
154 231 382
182 307 377
15 157 231
69 154 377
154 307 377
69 159 249
112 213 377
0 219 343
32 172 219
172 266 397
69 112 249
112 266 381
139 369 381
239 241 345
23 45 227
24 114 163
163 323 351
17 45 351
17 25 351
25 347 381
291 339 384
222 238 309
54 125 289
63 269 388
99 116 269
71 116 291
71 116 269
164 233 375
224 269 388
339 352 371
157 252 271
202 252 271
298 329 341
202 252 341
46 329 341
46 87 329
141 181 270
129 171 209
129 171 340
171 181 340
87 185 329
144 199 220
144 209 250
144 185 199
144 156 220
29 156 220
86 96 184
47 302 396
152 224 375
164 184 375
76 233 256
262 291 384
233 262 375
193 233 262
238 323 360
76 164 233
54 76 289
76 96 349
175 285 334
12 349 357
86 244 287
47 344 396
20 86 300
101 344 396
20 101 344
110 255 265
101 265 396
33 246 314
255 265 396
89 110 265
110 246 255
33 246 255
33 82 255
191 282 314
110 246 314
282 304 394
55 107 355
9 131 150
82 383 394
191 282 304
82 282 394
67 106 236
78 334 357
34 107 313
78 236 334
167 349 357
285 334 357
55 353 355
78 353 355
12 357 386
107 333 355
261 306 362
34 107 385
131 150 223
113 217 313
34 319 385
34 319 331
319 361 385
34 226 331
34 131 223
223 277 301
4 319 331
34 226 277
330 348 361
165 192 283
165 280 333
299 330 348
65 192 283
24 114 214
44 73 245
100 245 378
165 283 299
145 165 333
125 326 328
158 326 328
60 158 326
238 262 387
238 360 387
163 273 323
273 323 360
163 273 275
60 85 275
51 133 214
24 51 214
100 114 378
100 114 214
58 284 292
58 100 214
11 14 216
214 215 284
5 64 376
5 64 117
147 290 318
64 311 376
70 229 263
215 311 376
70 92 292
147 229 263
39 92 263
70 215 284
92 268 292
39 92 335
122 245 378
44 100 245
44 208 308
208 268 292
118 208 308
124 350 370
73 204 348
73 299 348
173 306 362
173 204 362
79 168 390
79 93 108
79 93 150
79 108 168
168 303 390
79 169 390
153 169 210
305 306 350
162 305 350
118 140 370
118 124 370
140 335 370
335 350 370
140 268 335
135 146 201
135 138 146
39 146 276
39 201 263
19 243 259
153 174 210
105 174 210
105 210 235
210 235 359
206 235 243
206 240 243
160 297 337
160 247 337
10 19 243
234 281 358
10 160 297
240 247 337
281 297 337
135 318 324
84 288 332
267 325 358
312 318 324
147 201 318
232 310 312
28 64 117
28 56 117
53 272 356
31 253 272
53 272 398
27 62 120
120 267 398
62 120 267
88 203 398
120 203 398
88 272 398
288 332 398
91 179 391
84 91 179
84 91 332
189 212 322
84 179 342
75 134 148
75 148 195
75 195 391
30 137 179
134 137 148
30 286 342
176 274 365
258 274 296
137 176 254
7 119 389
8 14 119
254 260 389
28 56 356
3 28 35
7 14 130
61 126 211
126 214 311
126 241 345
3 28 130
3 35 364
61 126 311
126 214 345
45 133 227
13 211 241
133 227 239
227 239 241
126 211 241
13 211 364
13 177 241
177 230 241
230 338 392
0 279 343
0 8 37
8 37 180
14 130 216
11 151 364
119 176 274
7 14 119
274 296 365
22 194 258
186 368 393
16 40 81
98 278 343
21 98 278
40 194 264
320 368 393
36 48 196
57 95 221
43 196 197
48 196 320
81 186 393
43 186 315
81 186 315
16 264 315
1 104 264
104 264 315
16 81 315
43 186 368
43 95 294
77 127 242
43 77 127
57 123 221
1 242 321
1 22 321
176 218 365
109 134 218
109 218 321
109 128 321
127 136 294
132 136 322
75 134 189
57 95 212
50 212 322
50 123 322
123 183 322
136 183 322
136 183 294
43 127 294
43 95 197
325 337 358
288 336 398
53 336 398
267 325 398
222 323 347
309 339 352
18 307 379
188 307 379
162 303 350
18 295 307
232 290 312
290 312 318
244 287 349
39 276 335
60 275 360
273 275 360
269 298 341
238 262 372
271 352 371
261 305 306
237 255 302
255 302 396
254 260 286
29 250 317
237 250 317
159 249 347
78 236 353
235 243 259
5 229 232
63 220 317
219 230 397
215 229 376
70 215 229
133 214 239
214 239 345
32 213 343
112 213 266
91 212 391
189 212 391
23 207 369
23 207 230
139 207 369
185 199 329
198 291 339
99 198 291
165 192 280
59 190 200
75 189 391
129 185 209
182 248 343
182 213 343
180 219 338
37 180 219
149 175 304
173 306 350
224 262 269
260 336 342
108 162 261
276 303 350
202 271 371
162 261 305
167 287 349
158 360 387
260 286 342
158 193 328
158 193 387
172 213 266
69 154 159
15 154 159
147 229 290
153 174 259
93 150 301
138 153 259
139 266 381
139 207 266
138 153 276
138 146 276
30 137 286
137 176 218
134 137 218
137 148 195
137 179 195
135 324 358
17 25 381
111 374 395
229 232 290
142 236 353
9 304 383
49 178 228
49 80 155
49 155 178
10 240 247
262 372 384
180 338 392
325 332 398
150 223 301
38 102 143
107 145 330
36 48 320
0 258 274
219 230 338
43 77 104
36 166 320
304 383 394
46 270 373
144 185 209
91 212 240
13 177 392
34 131 217
34 217 313
55 107 313
40 194 258
95 183 221
66 276 390
175 191 304
6 103 200
99 202 269
9 131 217
129 141 340
101 265 287
4 261 362
89 161 287
28 260 389
58 100 292
28 260 356
13 151 180
27 74 203
99 198 202
27 120 203
28 130 389
27 88 205
24 163 351
24 51 351
23 230 241
2 22 296
62 324 358
22 258 296
114 163 275
1 22 264
3 11 216
6 68 228
65 122 283
165 299 330
78 280 386
68 170 380
60 158 360
43 196 368
3 11 364
145 165 330
5 354 367
15 159 347
43 104 315
55 67 236
17 369 381
9 55 113
81 94 393
5 117 354
20 101 287
161 175 285
36 166 393
128 132 136
27 74 88
2 22 218
12 326 386
118 124 308
4 226 277
0 8 274
10 240 243
4 204 348
27 312 324
157 231 252
60 192 326
77 104 242
0 258 279
11 151 180
20 47 300
67 106 149
2 218 365
56 272 356
63 199 220
54 125 328
57 123 212
4 204 362
12 289 326
22 194 264
6 83 228
66 153 169
4 348 361
63 199 298
51 133 351
6 83 103
13 180 392
36 98 187
9 113 217
12 76 289
45 133 351
38 143 225
19 135 259
15 222 347
25 323 347
9 55 67
46 252 373
132 134 322
72 97 111
23 227 241
118 140 268
17 23 45
72 231 252
40 258 279
17 23 369
19 135 234
2 296 365
196 320 368
27 62 324
10 19 297
19 281 297
207 230 397
87 129 185
28 64 311
63 269 298
21 36 196
22 218 321
49 80 346
42 121 257
12 76 349
68 170 178
89 265 287
295 307 382
119 254 389
276 335 350
53 260 356
330 361 385
54 193 233
54 233 256
54 193 328
55 142 236
56 253 272
56 117 354
78 357 386
56 253 354
281 337 358
4 93 301
28 35 311
60 85 192
76 96 164
87 129 141
35 61 364
309 339 372
87 141 270
62 267 358
78 280 355
90 97 380
63 152 224
63 224 388
63 237 317
63 152 237
61 211 364
66 153 276
149 236 334
192 280 326
53 260 336
67 149 304
81 187 279
72 97 373
276 303 390
21 196 346
137 254 286
135 138 259
72 231 251
174 235 259
161 285 287
4 277 301
89 110 314
44 100 292
81 94 187
55 113 313
36 94 393
40 81 279
82 282 314
33 82 314
310 354 367
86 152 184
86 152 300
71 262 269
85 114 275
46 87 270
42 257 363
89 161 314
52 90 97
249 347 381
50 123 212
91 240 332
161 175 191
124 173 350
95 183 294
167 285 287
96 164 184
29 220 317
124 173 308
102 295 327
20 86 287
102 295 399
36 94 187
1 104 242
199 298 329
107 330 385
122 283 299
111 327 395
106 149 236
149 175 334
118 208 268
66 169 390
119 176 254
31 310 354
135 234 358
127 128 242
127 128 136
109 128 132
4 93 261
20 47 344
5 232 367
125 289 326
6 190 200
134 189 322
