117 354 367
79 150 169
152 237 317
15 271 352
122 245 299
280 326 386
137 148 179
45 51 133
69 112 377
97 111 374
295 366 382
102 143 225
198 339 371
72 111 251
6 59 190
193 262 387
46 252 270
5 229 376
112 172 266
17 25 369
222 309 352
44 73 308
65 85 192
39 146 201
85 114 378
3 130 216
11 13 180
32 219 343
207 266 397
41 90 363
31 88 310
0 8 279
23 207 397
6 190 380
52 97 380
59 181 270
38 102 225
38 42 395
182 307 316
251 295 366
185 298 329
251 295 327
15 157 271
238 262 384
198 202 371
202 269 341
72 252 373
144 156 250
141 181 340
68 83 228
29 156 250
171 209 250
129 144 209
71 262 291
82 237 250
29 63 317
29 63 220
86 96 244
82 250 383
96 244 349
89 101 287
89 101 265
47 300 302
161 191 314
107 145 333
167 285 357
125 326 386
152 184 375
152 224 388
46 252 341
99 198 339
309 352 372
339 372 384
135 201 318
4 226 331
25 323 351
70 92 263
70 284 292
4 204 261
280 333 355
55 142 353
73 173 308
108 162 168
93 108 261
65 122 378
92 268 335
31 253 354
162 168 303
10 160 247
19 234 281
74 88 203
267 324 358
105 174 235
27 205 312
232 310 367
147 201 263
56 117 253
27 74 205
88 205 310
84 288 342
240 325 337
31 88 272
148 179 195
240 325 332
35 61 311
7 130 389
65 85 378
154 307 382
159 222 347
32 172 213
177 230 392
26 188 293
94 98 187
94 187 393
90 170 380
42 121 225
2 218 296
8 119 274
0 37 219
109 132 134
179 195 391
128 242 321
127 136 242
206 235 359
182 248 316
52 90 380
196 197 346
6 68 380
6 68 83
6 59 200
103 171 250
59 181 200
97 190 380
59 97 190
38 42 225
52 97 374
111 327 374
111 251 327
42 121 363
68 178 228
52 90 363
121 155 257
155 178 257
41 170 178
41 90 170
41 178 257
121 143 155
26 143 155
102 143 379
121 143 225
49 197 346
123 183 221
80 115 155
26 115 293
26 115 155
21 188 293
248 278 316
21 36 98
98 187 343
21 188 316
182 213 377
248 278 343
188 307 316
18 307 382
18 379 399
102 379 399
231 251 366
182 307 377
69 154 377
154 307 377
69 159 249
112 213 377
0 219 343
112 172 213
172 266 397
69 112 249
239 241 345
17 45 369
23 45 227
24 114 163
23 45 369
17 45 351
17 25 351
25 347 381
339 352 372
291 339 384
54 125 289
193 233 256
185 199 298
99 116 269
71 116 291
71 116 269
164 233 375
224 269 388
202 352 371
339 352 371
202 271 352
252 270 373
157 252 271
298 329 341
46 329 341
141 181 270
129 171 209
129 171 340
171 181 340
144 199 220
144 209 250
144 185 199
63 298 341
144 156 220
29 237 317
29 156 220
63 152 317
63 152 388
47 302 396
29 237 250
237 302 396
152 224 375
164 184 375
76 233 256
262 291 384
193 233 262
238 323 360
76 164 233
54 76 289
76 96 349
20 300 344
175 285 334
167 244 287
12 349 357
167 244 349
86 244 287
47 344 396
152 184 300
20 86 300
47 300 344
101 265 396
33 246 314
255 265 396
110 246 255
33 246 255
33 82 255
191 282 314
110 246 314
9 131 150
82 383 394
82 282 394
67 106 236
149 175 191
55 67 113
78 334 357
78 236 334
149 191 304
167 349 357
110 161 314
285 334 357
78 142 236
78 353 355
78 142 353
12 357 386
107 333 355
261 306 362
113 131 217
9 113 131
131 150 223
113 217 313
34 319 331
34 226 331
223 277 301
4 319 331
226 277 301
34 226 277
4 226 301
108 305 306
107 145 385
330 348 361
145 361 385
165 192 283
145 330 361
165 280 333
299 330 348
65 192 283
65 283 299
44 73 245
65 122 299
165 283 299
145 165 333
125 326 328
12 289 386
125 289 386
158 326 328
60 158 326
193 328 387
158 328 387
238 262 387
238 360 387
273 323 360
163 273 275
60 273 275
60 85 275
51 163 351
24 51 163
24 51 214
45 51 351
100 114 378
58 284 292
58 100 214
11 14 216
35 64 311
5 64 376
5 64 117
147 290 318
70 229 263
70 229 376
70 92 292
147 229 263
39 92 263
70 215 284
70 215 376
92 268 292
39 92 335
44 100 245
208 268 292
124 350 370
173 306 362
79 168 390
79 93 150
108 261 306
93 261 301
4 261 301
108 162 305
168 303 390
66 169 276
79 169 390
66 276 303
124 173 306
39 335 350
305 306 350
162 305 350
118 140 370
124 306 350
140 268 335
135 146 201
135 138 146
39 201 263
135 234 324
153 169 276
105 174 210
206 235 243
206 240 243
212 240 332
10 19 281
234 281 358
240 247 337
281 297 337
135 318 324
84 288 332
91 189 212
267 332 398
62 267 324
234 324 358
312 318 324
147 201 318
74 88 205
5 117 367
28 56 117
117 253 354
53 272 356
31 253 272
53 288 398
27 62 120
120 267 398
62 120 267
88 203 398
120 203 398
288 332 398
91 179 391
84 91 179
267 325 332
91 212 332
84 91 332
84 179 342
75 134 148
75 148 195
75 91 391
75 195 391
30 137 179
50 57 212
137 254 260
134 137 148
134 137 176
218 296 365
258 274 296
137 176 254
7 119 389
8 14 119
254 260 389
28 56 356
3 28 35
61 126 211
126 214 311
126 241 345
3 28 130
3 35 364
35 211 364
35 61 211
61 126 311
126 214 345
45 133 227
13 211 241
23 227 230
126 211 241
13 177 241
230 338 397
219 338 397
23 230 397
37 219 338
230 338 392
0 8 37
8 37 180
11 13 151
7 14 119
1 77 104
274 296 365
1 194 264
186 368 393
40 81 187
98 278 343
36 94 98
81 187 393
40 187 279
320 368 393
36 48 196
43 196 197
36 48 166
48 196 320
81 186 393
43 186 315
81 186 315
16 264 315
1 104 264
16 81 315
43 186 368
43 95 294
77 127 242
43 77 127
128 136 242
1 77 242
2 22 258
2 258 296
134 176 218
176 218 365
109 134 218
127 136 294
132 136 322
75 91 189
75 134 189
57 95 212
50 123 322
123 183 322
43 127 294
43 95 197
183 221 294
42 363 395
52 363 395
260 356 389
269 341 388
63 341 388
222 323 347
107 313 319
222 309 323
238 309 323
118 308 370
124 308 370
18 307 379
188 307 379
162 303 350
183 294 322
136 294 322
232 290 312
290 312 318
273 323 351
163 273 351
252 271 341
267 325 337
159 249 347
112 249 266
249 266 381
247 297 337
245 299 348
235 243 259
5 229 232
214 239 345
32 213 343
23 207 369
205 232 312
139 207 369
165 192 280
191 282 394
182 248 343
182 213 343
30 179 286
177 227 241
177 227 230
173 204 261
171 181 200
153 169 174
34 313 319
169 174 210
224 262 269
260 336 342
276 303 350
110 161 255
160 281 297
15 159 352
158 360 387
158 273 360
60 158 273
260 286 342
154 366 382
69 154 159
15 154 159
15 154 157
147 229 290
154 157 231
153 174 259
152 300 302
13 151 211
93 150 301
160 247 297
146 276 350
39 146 350
138 153 259
11 151 216
140 350 370
139 266 381
139 207 266
138 153 276
138 146 276
30 137 286
191 304 394
229 232 290
50 123 221
267 337 358
44 100 208
46 87 185
9 304 383
49 178 228
49 80 155
49 155 178
48 320 393
48 166 393
4 361 385
238 309 384
21 98 316
10 240 247
82 237 396
205 232 310
43 104 264
180 338 392
150 223 301
41 121 363
309 372 384
43 77 104
173 261 362
304 383 394
67 113 304
41 121 257
80 115 293
28 35 117
13 177 392
34 131 217
34 217 313
55 107 313
24 100 214
1 22 258
40 194 258
32 172 397
35 64 117
6 103 200
99 202 269
129 141 340
89 161 287
25 139 369
27 74 203
99 198 202
27 120 203
105 210 359
64 215 311
28 130 389
26 143 379
51 133 239
26 188 379
25 139 381
24 100 114
114 163 275
18 382 399
165 299 330
78 280 386
68 170 380
131 223 277
76 193 256
44 118 308
43 196 368
154 231 366
145 165 330
55 67 236
53 88 398
20 101 396
20 101 287
8 258 279
161 175 285
36 166 393
4 319 385
128 132 136
2 22 218
7 130 216
140 335 350
10 240 243
59 270 373
4 204 348
27 312 324
10 243 259
10 19 259
202 271 341
43 264 315
157 231 252
60 192 326
79 93 168
67 106 149
56 272 356
63 199 220
57 95 294
53 88 272
54 125 328
103 171 200
1 22 242
4 348 361
10 160 281
51 214 239
8 258 274
63 199 298
109 128 218
152 237 302
6 83 103
102 327 395
13 180 392
129 144 185
12 76 289
25 323 347
73 245 348
132 134 322
72 97 111
8 14 180
7 14 216
22 242 321
107 319 385
59 97 373
3 151 216
32 219 397
73 173 348
118 140 268
58 215 284
16 194 264
179 286 342
72 231 252
40 258 279
19 135 234
46 185 329
99 116 339
196 320 368
50 57 221
27 62 324
19 138 259
87 129 185
21 36 196
22 218 321
49 80 346
12 76 349
68 170 178
52 327 374
52 327 395
119 254 389
100 122 245
53 288 342
53 260 356
53 336 342
37 180 338
54 193 328
50 189 322
58 215 311
55 142 236
56 253 272
78 357 386
96 184 300
57 221 294
281 337 358
137 260 286
58 100 208
58 208 292
0 187 279
1 194 258
58 214 311
82 255 396
60 85 192
76 96 164
87 129 141
19 135 138
87 141 270
78 280 355
64 215 376
89 161 255
11 14 180
149 236 334
66 303 390
192 280 326
53 260 336
67 149 304
295 382 399
38 102 395
72 97 373
119 176 365
116 291 339
151 211 364
72 231 251
174 235 259
50 189 212
54 76 193
161 285 287
21 80 196
80 196 346
21 80 293
55 113 313
40 81 194
159 222 352
20 344 396
16 81 194
36 94 393
82 282 314
33 82 314
310 354 367
224 233 262
71 262 269
85 114 275
0 187 343
46 87 270
89 255 265
249 347 381
133 227 241
161 175 191
93 108 168
167 285 287
96 164 184
86 96 300
28 356 389
124 173 308
98 278 316
100 122 378
173 204 348
102 295 327
20 86 287
102 295 399
224 233 375
105 235 359
107 353 355
55 107 353
106 149 236
9 113 304
149 175 334
118 208 268
66 169 390
119 176 254
119 274 365
44 118 208
31 310 354
109 128 132
128 218 321
34 131 277
5 232 367
3 151 364
133 239 241
134 189 322
