14 246 350
57 324 352
160 363 374
4 39 391
57 162 234
65 125 303
146 208 241
35 170 288
16 126 157
33 208 256
94 99 250
14 201 246
156 229 341
144 149 306
53 240 395
103 291 389
291 334 396
94 99 357
58 317 371
123 191 295
38 266 289
9 126 256
6 72 280
33 256 280
93 251 331
90 199 301
43 50 166
84 175 321
208 213 241
57 130 324
255 276 287
77 327 344
8 283 365
12 217 254
110 198 219
248 344 372
102 200 399
283 347 365
16 100 145
9 125 256
41 271 315
16 26 105
6 55 253
18 32 59
1 6 55
26 225 284
32 59 302
14 261 358
11 281 370
49 195 263
36 61 352
18 59 154
25 154 235
52 148 299
80 160 363
202 246 362
48 115 265
120 348 378
118 193 378
64 91 322
48 115 360
94 118 250
115 285 304
248 344 349
16 100 259
248 349 373
124 138 254
46 266 289
76 273 290
19 325 390
64 322 335
110 198 314
34 215 274
23 380 388
209 325 398
219 289 311
46 51 244
51 69 244
325 390 398
47 184 320
132 156 229
24 191 305
58 164 212
104 338 364
260 295 319
260 295 375
108 139 260
10 355 397
12 194 242
134 212 317
119 243 254
13 119 272
267 334 355
28 119 121
97 232 278
230 275 278
217 254 379
159 186 359
223 359 391
96 176 369
96 217 228
228 249 379
3 166 231
12 197 217
28 119 254
89 135 176
89 135 381
127 321 385
79 128 333
140 226 296
187 238 310
168 275 279
63 168 282
56 122 330
21 188 205
74 205 224
97 232 334
205 296 396
234 328 336
111 163 308
36 183 352
162 234 336
36 162 183
57 130 234
203 241 324
61 72 190
112 146 190
45 72 190
61 190 203
155 203 324
61 155 203
130 143 386
143 308 331
143 308 386
125 208 256
20 213 386
130 241 324
130 234 328
93 196 251
150 328 336
130 251 328
150 336 394
150 251 328
150 251 394
196 318 336
93 255 269
79 276 287
175 255 268
255 268 276
79 84 276
90 127 301
79 84 321
127 301 385
101 175 255
83 101 269
43 114 127
68 90 167
88 142 372
88 199 392
101 345 385
199 301 392
88 283 347
83 101 345
93 163 269
101 255 269
81 283 326
78 100 259
78 259 347
145 225 373
100 145 373
90 167 199
290 344 349
290 327 344
107 290 349
225 349 373
76 186 270
102 219 289
290 327 359
159 186 270
76 270 273
76 186 290
107 273 290
107 178 273
42 281 316
214 284 316
227 240 281
214 281 316
107 284 316
16 158 365
271 315 351
148 299 302
52 148 286
8 158 365
16 157 158
259 347 365
16 259 365
283 303 326
20 65 326
81 111 326
65 303 326
8 283 303
9 126 157
125 208 213
112 146 241
33 45 208
45 146 190
45 146 208
6 49 72
49 61 72
16 105 126
105 126 182
1 17 182
55 286 300
52 286 300
52 151 300
52 151 299
151 216 315
151 216 299
315 351 370
11 216 370
216 315 370
235 240 395
281 351 370
214 281 351
59 227 302
165 204 206
235 356 395
59 154 235
25 356 363
25 80 154
18 71 206
70 165 206
32 35 170
148 170 288
55 253 286
70 95 165
35 253 288
201 204 261
180 201 204
147 195 263
147 195 358
14 201 261
14 147 358
14 147 263
195 261 358
165 204 261
201 202 246
180 201 202
54 202 362
54 180 202
54 306 312
160 309 374
71 206 312
185 257 306
160 257 309
257 306 309
180 204 206
18 80 154
25 80 363
48 87 360
115 307 357
144 149 297
149 306 309
149 309 374
171 277 353
171 353 362
144 277 306
29 193 265
29 144 297
332 339 341
27 120 348
27 193 348
27 193 350
118 250 378
118 193 265
115 304 360
115 118 265
115 215 307
115 118 357
177 285 304
285 314 343
34 210 274
2 177 395
2 363 395
356 363 395
25 235 356
30 245 395
30 245 264
30 177 395
15 245 264
264 285 343
15 222 264
53 245 395
15 53 222
15 53 245
222 239 298
136 159 270
222 264 343
102 200 289
136 200 399
38 136 159
109 359 391
113 159 233
186 290 359
220 293 366
266 294 387
220 366 376
164 376 387
51 164 294
51 58 164
164 294 387
34 210 218
64 91 209
210 274 311
219 274 311
38 159 233
102 110 219
34 116 357
34 116 215
23 99 322
34 335 357
116 215 307
94 118 357
116 307 357
193 348 378
27 120 350
332 339 361
339 380 388
99 237 250
262 339 361
262 361 377
262 339 380
91 361 377
332 354 361
91 209 398
19 106 184
34 218 335
152 218 335
19 184 244
19 152 325
69 244 320
24 123 207
19 152 244
46 152 244
47 106 184
174 341 354
332 341 354
156 174 323
156 174 341
211 221 337
106 221 337
44 132 229
156 189 323
44 66 132
44 117 389
66 73 103
24 189 337
24 189 305
62 189 305
104 131 364
139 260 384
181 252 291
37 181 305
37 338 367
37 252 291
37 181 252
184 244 320
24 47 207
69 319 320
47 207 320
24 123 191
123 207 295
338 364 367
191 295 375
37 305 367
364 367 375
108 131 364
108 364 375
58 260 319
108 260 375
22 164 212
134 138 379
58 212 317
37 104 338
108 131 139
104 267 329
267 291 334
267 291 329
97 230 334
230 334 397
10 13 272
85 119 272
10 272 355
334 355 397
97 230 278
188 232 334
188 205 396
161 188 232
161 232 278
168 275 278
13 230 275
13 275 279
63 242 381
12 28 194
12 242 340
63 194 242
63 121 194
28 121 194
12 28 254
124 317 371
85 119 243
85 153 243
85 272 371
124 138 317
134 138 317
138 254 379
22 220 293
22 134 212
249 293 366
133 228 369
172 249 366
4 133 228
172 228 249
109 172 391
109 172 346
109 346 359
223 327 359
159 346 359
7 75 223
7 223 391
7 39 391
75 77 342
60 167 292
142 167 292
3 89 137
96 228 369
7 39 133
4 39 133
217 228 379
96 197 217
96 176 197
12 197 340
89 176 369
135 176 197
98 292 342
3 137 166
89 137 368
60 98 292
98 342 368
60 68 167
5 43 68
98 192 368
0 137 166
0 5 192
114 127 321
43 50 236
43 114 236
86 247 330
79 128 236
50 128 236
50 128 258
128 238 258
82 231 258
92 129 169
82 129 258
129 238 258
129 238 310
89 169 381
92 129 310
56 63 381
86 187 310
296 383 396
3 89 169
82 129 169
135 242 340
86 310 330
135 242 381
135 197 340
74 247 330
56 63 330
74 224 330
74 205 226
21 205 224
63 224 330
63 224 282
21 161 282
21 224 282
21 161 188
188 334 396
140 179 226
141 333 383
205 226 296
140 296 383
31 346 387
211 323 337
91 322 377
111 308 326
191 305 375
301 345 392
41 300 315
151 300 315
148 286 288
253 286 288
322 335 357
88 283 392
168 278 282
161 278 282
272 355 384
272 371 384
58 260 371
260 371 384
246 350 353
130 241 386
99 322 357
239 343 382
120 237 339
114 236 321
79 236 321
233 266 313
74 226 247
179 226 247
248 372 373
174 211 390
46 210 289
198 219 274
86 187 247
180 206 312
178 270 273
136 178 270
78 372 373
84 175 276
174 354 398
174 211 323
173 304 360
2 173 177
172 366 376
148 170 302
82 169 231
32 170 302
165 195 261
49 165 195
162 318 336
125 158 303
46 152 210
152 209 325
40 149 393
237 339 388
173 177 304
142 344 372
142 167 199
67 141 247
67 140 141
64 209 335
140 141 383
38 136 289
136 200 289
3 169 231
134 249 293
134 249 379
54 277 306
172 346 376
54 171 277
42 53 298
93 255 287
59 227 240
51 266 294
301 345 385
0 137 368
50 231 258
102 382 399
101 321 385
24 47 337
54 180 312
33 45 280
44 229 341
305 367 375
111 163 269
40 48 393
44 103 389
42 240 281
42 107 316
42 107 298
216 299 302
56 92 381
18 80 160
40 48 87
32 35 70
2 363 374
44 117 341
32 70 206
48 265 297
31 233 313
23 322 377
56 92 122
26 214 284
46 51 266
10 13 230
26 271 351
53 222 298
29 265 297
26 214 351
38 233 266
7 133 342
91 354 361
6 126 256
14 117 350
6 49 165
8 158 303
17 26 182
6 256 280
13 121 279
22 164 376
1 6 126
140 179 247
1 41 55
1 17 41
107 225 349
178 382 399
149 297 393
196 251 336
95 165 253
10 230 397
2 173 374
11 281 302
213 241 386
17 26 41
71 160 257
29 193 350
23 262 380
71 185 306
40 87 149
107 239 298
251 336 394
48 297 393
16 26 225
121 168 279
85 124 371
18 71 160
110 314 343
5 68 192
13 119 121
19 221 390
57 162 183
103 181 291
87 149 374
43 90 127
4 172 228
26 105 182
47 106 337
120 250 378
43 68 90
125 157 158
35 70 95
267 355 384
60 98 192
23 237 388
63 121 168
207 295 319
152 210 218
20 308 326
20 308 386
22 134 293
0 5 166
92 122 330
88 142 199
29 144 277
1 126 182
22 220 376
139 267 384
45 72 280
141 187 247
30 264 285
51 58 69
31 113 233
29 350 353
37 104 291
29 277 353
19 106 221
4 172 391
18 32 206
23 262 377
93 287 318
207 319 320
31 266 313
26 41 271
42 53 240
83 111 345
124 153 243
190 203 241
44 66 103
61 155 324
62 66 132
93 163 308
62 66 73
75 77 223
62 156 189
136 178 399
62 132 156
62 73 181
62 181 305
173 360 374
20 65 213
65 125 213
93 196 318
61 324 352
117 341 350
222 239 343
78 88 347
50 166 231
77 142 292
152 209 335
54 171 362
60 68 192
175 268 276
78 88 372
81 283 392
71 185 257
102 110 382
131 139 267
57 183 352
112 190 241
101 175 321
67 140 247
77 292 342
78 100 373
81 345 392
85 124 153
346 376 387
5 43 166
246 353 362
89 133 342
227 281 302
198 215 274
120 341 350
89 133 369
89 342 368
189 323 337
91 354 398
92 310 330
128 141 187
87 360 374
92 169 381
58 69 319
93 308 331
77 142 344
211 221 390
120 237 250
41 55 300
210 289 311
31 113 346
35 95 253
11 216 302
115 285 314
0 192 368
73 103 181
104 291 329
115 198 215
107 225 284
59 235 240
23 99 237
107 178 239
31 266 387
30 177 285
174 390 398
6 165 253
36 162 318
178 239 382
77 223 327
110 343 382
83 111 269
81 111 345
113 159 346
7 75 342
115 198 314
16 145 225
120 339 341
124 243 254
9 125 157
128 141 333
71 306 312
128 187 238
130 143 331
130 251 331
104 131 267
