14 246 350
46 289 311
19 106 390
57 324 352
163 308 331
160 363 374
44 117 229
13 230 397
345 385 392
17 26 271
4 39 391
57 162 234
155 324 352
130 143 251
171 306 362
146 208 241
54 306 362
32 148 170
6 126 280
35 170 288
16 126 157
171 277 306
14 201 246
174 354 390
14 117 341
156 229 341
38 266 313
53 240 395
103 291 389
291 334 396
94 99 357
50 166 258
58 317 371
123 191 295
38 266 289
36 162 336
9 126 256
6 72 280
33 256 280
93 251 331
90 199 301
36 318 336
43 50 166
175 321 385
111 308 386
57 130 324
77 327 344
88 167 199
110 198 219
102 200 399
110 314 382
283 347 365
41 271 315
16 26 105
6 55 253
6 49 253
17 41 300
18 32 59
1 6 55
26 225 284
148 253 288
14 261 358
148 253 286
18 59 154
42 53 222
202 246 362
48 115 265
120 348 378
64 91 322
94 118 250
11 227 281
115 285 304
214 271 284
26 271 284
16 100 259
248 349 373
42 222 298
225 284 349
46 266 289
76 273 290
19 325 390
64 322 335
110 198 314
46 152 218
34 215 274
23 380 388
237 250 378
99 335 357
219 289 311
51 69 244
47 184 320
132 156 229
191 367 375
174 221 390
58 164 212
104 338 364
260 295 319
108 139 260
10 355 397
12 194 242
134 212 317
119 243 254
13 119 272
28 119 121
97 232 278
230 275 278
217 254 379
159 186 359
223 359 391
5 98 192
96 176 369
96 217 228
228 249 379
3 166 231
28 119 254
89 135 176
89 135 381
79 128 333
67 141 187
140 226 296
63 168 282
56 122 330
67 141 383
21 188 205
67 179 247
97 232 334
205 296 396
111 163 308
36 162 183
57 130 234
61 72 190
112 146 190
155 203 324
130 143 386
143 308 331
143 308 386
20 213 386
130 213 386
130 234 328
143 251 331
130 251 328
150 336 394
150 251 328
150 251 394
196 318 336
93 163 331
101 175 385
93 255 269
84 268 276
79 276 287
175 255 268
79 84 276
90 127 301
79 84 321
127 301 385
301 385 392
83 101 269
43 114 127
88 199 392
101 345 385
199 301 392
88 345 392
83 101 345
93 163 269
81 283 326
81 88 345
26 145 225
100 145 373
90 167 199
77 344 372
290 327 344
107 290 349
107 284 349
76 186 270
290 327 359
159 186 270
76 270 273
136 270 273
107 273 290
42 298 316
107 178 273
42 281 316
214 284 316
227 240 281
214 281 316
214 271 351
16 158 365
271 315 351
148 299 302
17 41 271
52 148 286
8 158 365
16 157 158
259 347 365
16 259 365
81 111 326
9 126 157
125 208 213
112 146 241
33 45 208
45 146 190
45 146 208
6 49 72
49 61 72
33 72 280
126 256 280
16 105 126
41 151 315
1 6 182
41 151 300
55 286 300
52 286 300
52 151 300
151 216 315
151 216 299
315 351 370
216 315 370
227 235 240
235 240 395
11 227 302
281 351 370
214 281 351
59 227 235
59 227 302
165 204 206
235 356 395
25 80 154
70 165 206
32 35 170
148 170 288
55 253 286
49 165 253
70 95 165
35 253 288
32 35 95
201 204 261
180 201 204
32 70 95
35 165 253
35 95 165
147 195 358
14 201 261
339 341 350
14 147 358
14 147 263
165 204 261
201 202 246
180 201 202
54 202 362
54 180 202
54 306 312
160 309 374
185 257 306
160 257 309
257 306 309
180 204 206
71 80 160
48 87 360
173 363 374
40 87 393
144 149 297
149 306 309
149 309 374
171 277 353
171 353 362
29 193 353
29 297 393
29 193 265
29 144 297
332 339 341
27 120 348
193 350 353
27 193 348
27 193 350
118 250 378
48 87 393
118 193 265
29 48 393
29 48 265
2 173 360
30 177 264
115 215 285
115 118 265
115 215 307
215 285 314
177 285 304
198 215 314
285 314 343
34 210 274
177 264 285
2 304 360
2 177 395
2 177 304
2 363 395
2 173 363
356 363 395
25 235 356
30 245 395
30 245 264
30 177 395
15 245 264
264 285 343
15 222 264
53 245 395
15 53 222
15 53 245
222 239 298
107 178 298
136 178 273
178 239 298
136 159 270
222 264 343
314 343 382
110 382 399
38 200 289
136 200 399
38 136 200
38 233 313
38 136 159
109 359 391
113 159 233
172 228 391
22 164 220
220 366 376
31 346 376
164 220 376
31 376 387
164 376 387
51 164 294
46 266 294
51 58 164
164 294 387
46 51 294
34 210 218
64 91 209
210 274 311
46 210 218
46 210 311
219 274 311
38 159 233
102 110 219
102 110 399
34 116 357
34 116 215
23 99 322
34 335 357
116 215 307
94 118 357
116 307 357
120 237 378
27 120 350
120 339 350
262 339 361
262 361 377
91 361 377
91 209 398
354 390 398
19 106 184
99 322 335
34 218 335
152 218 335
19 184 244
24 106 337
24 123 207
19 152 244
47 106 184
117 229 341
14 341 350
332 341 354
156 174 323
211 221 337
106 221 390
106 221 337
44 117 389
44 66 389
66 73 103
66 103 389
73 103 291
66 73 132
24 189 337
62 132 189
62 73 132
191 305 367
73 181 291
104 131 364
139 260 384
181 252 291
37 338 367
139 355 384
37 252 291
69 319 320
47 207 320
123 207 295
338 364 367
108 131 364
58 260 319
108 260 375
22 164 212
134 138 379
58 212 317
139 267 355
37 104 338
108 131 139
37 104 329
37 291 329
267 291 334
267 291 329
10 13 272
85 119 272
10 272 355
10 13 397
97 230 278
188 232 334
188 205 396
161 188 232
161 168 278
161 232 278
13 230 275
13 275 279
12 28 194
12 242 340
63 121 194
28 121 194
12 28 254
124 317 371
85 119 243
85 153 243
85 272 371
22 134 212
249 293 366
172 249 366
4 133 228
172 228 249
109 172 391
109 172 346
109 346 359
223 327 359
159 346 359
7 223 391
4 228 391
7 39 391
75 77 327
75 77 342
77 142 372
142 167 292
75 133 342
4 39 133
217 228 379
96 197 217
96 176 197
12 197 340
89 176 369
3 82 169
3 82 231
89 368 369
5 60 98
89 137 368
5 60 68
5 43 68
98 192 368
0 137 166
0 5 192
79 114 236
79 114 321
166 231 258
50 128 258
128 238 258
82 231 258
92 129 169
129 238 310
92 129 310
296 383 396
82 129 169
135 242 340
86 310 330
74 224 330
63 224 330
161 168 282
63 224 282
21 161 282
21 224 282
21 161 188
188 334 396
74 179 226
74 179 247
141 333 383
205 226 296
339 354 361
332 339 354
63 330 381
211 323 337
91 322 377
283 303 365
98 292 368
284 298 316
275 278 279
272 355 384
272 371 384
84 268 321
175 268 321
255 268 287
262 380 388
58 260 371
260 371 384
37 252 367
248 290 344
246 350 353
239 343 382
120 237 339
237 262 388
216 281 370
209 325 390
209 390 398
200 219 289
198 219 274
197 217 254
196 287 318
63 194 381
191 260 295
191 260 375
67 187 247
86 187 247
17 182 300
55 182 300
180 206 312
176 197 340
101 175 269
175 255 269
174 211 221
174 211 323
172 366 376
142 167 372
165 261 358
165 195 358
49 165 195
80 160 356
156 341 354
155 183 352
150 162 336
40 149 393
144 149 277
12 197 254
149 277 306
145 349 373
237 262 339
64 209 335
135 176 340
135 194 242
134 249 293
134 249 379
32 59 148
60 68 90
145 225 349
172 346 376
11 216 281
93 255 287
267 355 397
49 147 195
0 137 368
124 134 317
133 342 368
148 151 299
46 51 152
100 259 347
54 180 312
114 321 385
124 254 379
6 105 182
111 163 269
50 79 236
61 155 183
42 240 281
216 299 302
130 208 241
150 162 328
56 92 381
33 45 190
131 267 329
162 234 328
32 70 206
31 266 294
31 233 313
23 322 377
268 276 287
56 92 122
48 115 304
9 125 208
24 62 305
33 72 190
16 26 100
8 303 365
91 354 361
9 33 256
51 152 244
8 158 303
17 26 182
13 121 279
130 203 241
267 334 397
248 290 349
178 382 399
149 297 393
60 90 167
209 325 335
71 160 257
23 262 380
96 133 228
25 59 154
48 304 360
71 185 306
26 100 145
115 118 307
40 87 149
251 336 394
18 71 154
25 59 235
121 168 279
85 124 371
7 75 327
50 114 236
3 89 381
24 62 189
13 119 121
57 162 183
132 156 323
20 65 283
87 149 374
43 90 127
82 238 258
6 105 126
26 105 182
43 68 90
114 127 385
125 157 158
21 74 226
93 196 287
104 131 329
18 206 312
23 237 388
63 121 168
3 169 381
207 295 319
9 33 208
20 111 326
20 111 386
18 71 312
22 134 293
0 5 166
21 74 224
155 190 203
92 122 330
31 294 387
29 144 277
43 50 114
88 167 372
51 58 69
82 129 238
47 106 207
21 205 226
31 113 233
22 293 366
29 277 353
18 32 206
67 296 383
292 342 368
44 66 229
19 325 335
7 223 327
23 262 377
56 330 381
207 319 320
31 266 313
108 364 367
42 53 240
94 99 237
83 111 345
124 153 243
190 203 241
59 148 302
20 283 326
36 61 183
22 220 366
136 178 399
62 73 181
25 80 356
62 181 305
173 360 374
65 125 158
20 65 213
39 75 133
65 125 213
94 237 250
65 283 303
222 239 343
61 155 190
78 88 347
66 132 229
102 200 219
67 140 226
77 142 292
78 248 373
71 80 154
252 305 367
67 140 296
96 133 369
78 88 372
69 184 244
7 39 75
69 184 320
107 284 298
71 185 257
49 147 263
131 139 267
74 86 247
57 183 352
74 86 330
112 190 241
76 186 359
135 194 381
77 292 342
78 344 372
78 100 373
168 278 279
97 334 397
81 283 347
81 88 347
108 367 375
85 124 153
181 252 305
24 123 305
5 43 166
160 356 363
86 187 238
246 353 362
156 174 354
198 215 274
78 248 344
3 89 166
89 137 166
19 152 335
65 158 303
189 323 337
91 354 398
92 310 330
128 141 187
87 360 374
92 169 381
58 69 319
93 196 336
93 251 336
52 148 151
31 113 346
118 193 348
11 216 302
97 230 397
60 98 167
98 167 292
0 192 368
78 100 347
133 368 369
67 179 226
23 99 237
86 238 310
118 307 357
178 239 382
83 111 269
81 111 345
113 159 346
118 348 378
76 290 359
123 191 305
124 134 138
124 243 254
50 79 128
124 138 379
9 125 157
1 55 182
128 141 333
71 306 312
128 187 238
130 203 324
130 208 213
24 106 207
132 189 323
