14 246 350
19 106 390
57 324 352
163 308 331
160 363 374
99 237 388
44 117 229
4 39 391
57 162 234
65 125 303
8 125 158
130 143 251
171 306 362
146 208 241
54 306 362
32 148 170
35 170 288
16 126 157
33 208 256
94 99 250
171 277 306
14 117 341
156 229 341
144 149 306
103 291 389
291 334 396
189 211 323
94 99 357
31 113 159
58 317 371
36 162 336
9 126 256
6 72 280
33 256 280
93 251 331
90 199 301
36 318 336
43 50 166
84 175 321
175 321 385
208 213 241
57 130 324
255 276 287
77 327 344
8 125 303
248 344 372
102 200 399
110 314 382
283 347 365
16 100 145
41 271 315
9 157 158
16 26 105
6 55 253
17 41 300
18 32 59
1 6 55
26 225 284
32 59 302
11 281 370
49 195 263
185 306 312
40 297 393
18 59 154
25 154 235
32 148 302
52 148 299
80 160 363
29 144 353
202 246 362
120 348 378
64 91 322
48 115 360
94 118 250
11 227 281
115 285 304
248 344 349
16 100 259
248 349 373
346 366 376
295 319 320
76 273 290
19 325 390
64 322 335
46 152 218
34 215 274
99 335 357
219 289 311
46 51 244
51 69 244
47 184 320
132 156 229
58 164 212
260 295 319
260 295 375
207 295 320
108 139 260
355 371 384
10 355 397
134 212 317
13 119 272
267 334 355
28 119 121
230 275 278
159 186 359
223 359 391
96 176 369
96 217 228
3 166 231
12 197 217
89 135 176
89 135 381
67 141 187
140 226 296
168 275 279
141 187 238
63 168 282
56 122 330
67 179 247
97 232 334
205 296 396
111 163 308
36 162 183
57 130 234
203 241 324
61 72 190
112 146 190
130 213 241
61 190 203
155 203 324
61 155 203
143 308 331
143 308 386
20 213 386
130 241 324
130 234 328
143 251 331
130 251 328
150 251 328
150 251 394
196 318 336
93 163 331
101 175 385
93 255 269
79 276 287
175 255 268
255 268 276
79 84 276
90 127 301
79 84 321
127 301 385
83 101 269
43 114 127
68 90 167
88 142 372
68 90 127
88 199 392
199 301 392
88 345 392
83 163 269
93 163 269
81 283 326
81 88 345
145 225 373
100 145 373
78 248 372
90 167 199
290 344 349
77 344 372
290 327 344
107 290 349
225 349 373
76 186 270
76 270 273
107 273 290
42 298 316
107 178 273
214 284 316
227 240 281
214 281 316
16 158 365
17 26 105
148 299 302
52 148 286
8 158 365
16 157 158
259 347 365
16 259 365
81 111 326
9 125 158
9 126 157
125 208 213
112 146 241
33 45 208
45 146 208
33 45 72
6 49 72
49 61 72
33 72 280
16 105 126
17 105 182
17 55 300
41 151 315
1 6 182
41 151 300
11 299 302
55 286 300
52 286 300
52 151 300
11 216 299
52 151 299
151 216 315
151 216 299
11 216 370
216 315 370
11 227 302
281 351 370
214 281 351
59 227 302
235 356 395
59 154 235
25 80 154
18 71 206
148 170 288
55 253 286
70 95 165
35 253 288
201 204 261
180 201 204
18 32 70
35 165 253
35 95 165
339 341 350
14 147 263
165 204 261
54 180 206
201 202 246
54 202 362
54 306 312
71 185 312
160 309 374
71 206 312
185 257 306
160 257 309
257 306 309
160 185 257
54 206 312
180 204 206
18 70 206
48 87 360
115 307 357
87 173 374
87 173 360
144 149 297
149 306 309
171 277 353
350 353 362
171 353 362
144 277 353
144 277 306
40 149 297
29 193 265
29 144 297
246 350 362
332 339 341
27 120 348
27 193 348
118 193 265
115 304 360
2 173 360
30 177 264
115 215 307
115 118 357
285 314 343
34 210 274
2 304 360
2 177 304
356 363 395
25 235 356
222 343 382
30 245 395
30 245 264
264 285 343
53 245 395
15 53 222
15 53 245
222 239 298
222 264 343
314 343 382
38 200 289
136 200 399
38 136 200
38 233 313
31 313 387
109 359 391
113 159 233
31 159 346
249 293 379
22 164 220
266 294 387
220 366 376
31 346 376
164 220 376
31 376 387
164 376 387
266 313 387
51 164 294
51 58 164
164 294 387
34 210 218
64 91 209
210 274 311
46 210 218
46 210 311
219 274 311
38 159 233
102 110 219
34 116 357
34 116 215
23 99 322
34 335 357
116 215 307
94 118 357
116 307 357
23 99 388
193 348 378
27 120 350
120 339 350
339 380 388
99 237 250
262 377 380
262 361 377
262 339 380
91 361 377
332 354 361
91 209 398
354 390 398
152 325 335
19 106 184
99 322 335
64 209 325
64 325 335
34 218 335
152 218 335
19 184 244
19 152 325
62 73 305
24 106 337
24 123 207
19 152 244
46 152 244
47 106 184
117 229 341
14 341 350
332 341 354
156 174 323
156 174 341
211 221 337
189 211 337
106 221 390
106 221 337
156 189 323
44 117 389
44 66 389
66 73 103
66 103 389
66 73 132
132 156 189
62 132 189
62 73 132
73 181 305
139 260 384
37 181 305
37 338 367
139 355 384
37 252 291
37 181 252
69 319 320
47 207 320
123 207 295
338 364 367
37 305 367
364 367 375
108 131 364
108 364 375
58 260 319
108 260 375
22 164 212
134 138 379
58 212 317
139 267 355
108 131 139
37 291 329
267 291 334
267 291 329
97 230 334
230 334 397
10 13 272
10 272 355
10 13 397
334 355 397
188 232 334
188 205 396
161 188 232
161 168 278
161 232 278
168 275 278
13 275 279
12 242 340
63 121 194
28 121 194
12 28 254
153 243 254
124 153 254
134 138 317
22 134 212
249 293 366
172 249 366
172 228 249
109 172 391
109 346 359
223 327 359
159 346 359
7 75 223
7 223 391
7 39 391
75 77 342
77 142 372
60 167 292
142 167 292
75 133 342
133 342 369
4 39 133
96 197 217
96 176 197
12 197 340
89 176 369
3 82 169
98 292 342
3 82 231
89 137 368
60 98 292
98 342 368
60 68 167
137 192 368
98 192 368
0 5 192
43 50 236
43 114 236
141 238 333
50 128 258
128 238 258
82 231 258
129 238 310
128 238 333
92 129 310
296 383 396
135 242 340
86 310 330
135 242 381
74 224 330
74 205 226
63 224 330
63 224 282
21 224 282
21 161 188
188 334 396
141 333 383
205 226 296
140 296 383
377 380 388
63 330 381
150 328 394
91 322 377
111 308 326
191 305 375
283 303 365
301 345 392
148 286 288
253 286 288
284 298 316
230 275 397
13 275 397
271 351 370
46 266 311
266 289 311
264 285 304
262 332 339
266 289 313
58 260 371
260 371 384
240 281 316
42 240 316
222 239 382
120 237 339
114 236 321
79 236 321
230 232 278
74 226 247
179 226 247
222 245 264
15 222 245
198 219 314
217 249 379
217 228 249
211 323 390
209 325 390
209 390 398
200 219 289
198 219 274
63 194 381
118 193 250
67 187 247
271 315 370
86 187 247
186 327 359
178 270 273
136 178 270
176 197 340
84 175 276
101 175 269
175 255 269
165 261 358
49 165 358
83 163 345
193 250 378
2 177 363
177 264 304
97 230 232
85 153 272
0 166 192
237 339 388
194 242 381
143 213 386
147 261 358
142 167 199
67 140 141
140 141 383
135 176 340
138 317 371
35 70 170
328 336 394
17 55 182
147 263 358
54 180 201
42 53 298
162 328 336
53 235 395
93 255 287
53 235 240
59 227 240
51 266 294
9 208 256
301 345 385
134 293 379
5 43 127
50 231 258
341 354 390
102 382 399
48 115 118
100 259 347
114 321 385
305 367 375
124 254 379
6 105 182
40 48 393
50 79 236
110 219 314
45 72 146
21 188 224
40 149 309
12 217 379
56 92 381
40 87 309
50 128 333
40 48 87
28 243 254
30 363 395
131 267 329
162 234 328
2 363 374
61 183 352
37 329 338
48 265 297
4 96 133
31 233 313
23 322 377
30 177 363
83 101 385
76 186 327
56 92 122
26 214 284
46 51 266
26 271 351
9 125 208
53 222 298
24 62 337
29 265 297
24 62 305
26 214 351
27 29 350
38 136 270
8 303 365
91 354 361
6 126 256
174 341 390
6 49 165
104 329 338
6 256 280
13 121 279
21 168 282
107 225 349
178 382 399
2 173 374
17 26 41
130 143 213
12 254 379
111 163 345
107 239 298
251 336 394
48 297 393
16 26 225
18 71 154
76 290 327
121 168 279
85 124 371
3 89 381
5 68 192
13 119 121
57 162 183
5 68 127
20 65 283
82 238 258
6 105 126
4 172 228
120 250 378
14 246 261
114 127 385
21 161 168
35 70 95
38 186 270
104 131 329
60 98 192
109 172 366
63 121 168
3 169 381
74 188 205
119 153 243
49 195 358
20 308 326
20 308 386
22 134 293
38 289 313
0 5 166
28 119 243
92 122 330
88 142 199
28 194 242
51 58 69
82 129 238
47 106 207
48 118 265
31 113 233
29 350 353
22 293 366
4 172 391
44 66 229
54 201 202
93 287 318
56 330 381
26 41 271
42 53 240
123 295 375
4 96 228
190 203 241
20 283 326
12 28 242
36 61 183
61 155 324
22 220 366
75 77 223
136 178 399
25 80 356
62 189 337
85 355 371
83 345 385
20 65 213
39 75 133
65 125 213
93 196 318
61 324 352
65 283 303
78 88 347
137 166 192
66 132 229
102 200 219
50 166 231
67 140 226
77 142 292
78 248 373
71 80 154
60 68 192
96 133 369
175 268 276
78 88 372
69 184 244
7 39 75
69 184 320
32 70 170
70 165 204
70 204 206
107 284 298
71 80 185
102 110 382
85 272 355
124 138 371
131 139 267
72 146 190
74 86 247
57 183 352
74 86 330
112 190 241
74 188 224
77 292 342
78 100 373
80 356 363
81 283 347
131 338 364
80 160 185
81 88 347
85 124 153
82 92 169
24 123 305
82 92 129
5 43 166
86 187 238
87 309 374
198 215 274
3 89 166
89 137 166
89 342 368
89 342 369
91 354 398
92 310 330
92 169 381
14 147 261
58 69 319
211 221 390
93 196 336
93 251 336
50 79 333
120 237 250
115 285 314
78 100 347
73 103 181
103 252 291
38 159 186
103 181 252
27 29 193
115 198 215
67 179 226
107 225 284
59 235 240
107 178 239
23 377 388
6 165 253
86 238 310
109 346 366
178 239 382
77 223 327
81 111 345
115 198 314
16 145 225
262 332 361
119 153 272
201 246 261
123 191 305
123 191 375
195 263 358
124 138 379
1 55 182
174 323 390
24 106 207
104 131 338
