14 246 350
57 324 352
160 363 374
99 237 388
13 230 397
4 39 391
20 125 213
57 162 234
65 125 303
155 324 352
8 125 158
146 208 241
61 155 352
32 148 170
111 326 386
16 126 157
94 99 250
14 201 246
14 117 341
156 229 341
38 266 313
53 240 395
103 291 389
291 334 396
189 211 323
94 99 357
31 113 159
38 266 289
9 126 256
6 72 280
33 256 280
93 251 331
43 50 166
111 308 386
208 213 241
77 327 344
8 125 303
88 167 199
12 217 254
248 344 372
102 200 399
100 248 373
283 347 365
41 271 315
16 26 105
6 55 253
17 41 300
1 6 55
26 225 284
32 59 302
49 195 263
40 297 393
52 148 299
80 160 363
42 53 222
202 246 362
120 348 378
64 91 322
48 115 360
215 219 274
94 118 250
26 271 284
248 344 349
16 100 259
248 349 373
42 222 298
124 138 254
51 69 319
19 325 390
64 322 335
46 152 218
34 215 274
23 380 388
237 250 378
209 325 398
219 289 311
51 69 244
325 390 398
47 184 320
132 156 229
191 367 375
58 164 212
260 295 319
260 295 375
58 260 384
355 371 384
10 355 397
12 194 242
134 212 317
119 243 254
13 119 272
267 334 355
28 119 121
217 254 379
159 186 359
223 359 391
5 98 192
96 176 369
96 217 228
228 249 379
3 166 231
12 197 217
28 119 254
89 135 176
13 119 279
89 135 381
187 238 310
168 275 279
63 168 282
56 122 330
67 179 247
97 232 334
205 296 396
111 163 308
36 162 183
203 241 324
61 72 190
45 72 190
130 213 241
112 203 241
155 203 324
130 143 386
143 308 331
143 308 386
20 213 386
130 213 386
130 241 324
130 234 328
143 251 331
150 328 336
150 336 394
150 251 328
196 336 394
150 251 394
196 318 336
93 255 269
84 268 276
79 276 287
175 255 268
79 84 276
79 84 321
127 301 385
101 175 255
83 101 269
68 90 127
77 142 342
88 199 392
199 301 392
88 345 392
83 163 269
93 163 269
101 255 269
81 283 326
81 88 345
88 347 372
78 100 248
78 100 259
26 145 225
78 259 347
100 145 373
78 347 372
78 248 372
290 344 349
290 327 344
107 290 349
76 186 270
102 219 289
290 327 359
159 186 270
76 270 273
136 270 273
42 298 316
107 178 273
42 281 316
214 284 316
227 240 281
214 281 316
42 53 281
271 315 351
52 148 286
8 158 365
16 157 158
259 347 365
81 111 326
20 65 125
20 326 386
9 126 157
125 208 213
112 146 241
33 45 208
45 146 208
6 49 72
49 61 72
16 105 126
105 126 182
17 55 300
41 151 315
41 151 300
55 286 300
52 286 300
52 151 300
52 151 299
151 216 315
151 216 299
315 351 370
216 315 370
53 240 281
235 240 395
281 351 370
214 281 351
59 227 302
165 204 206
235 356 395
25 356 363
25 80 154
18 71 206
70 165 206
148 170 288
55 253 286
70 95 165
201 204 261
180 201 204
339 341 350
14 147 263
165 204 261
54 180 206
201 202 246
54 202 362
54 306 312
160 309 374
71 206 312
185 257 306
160 257 309
257 306 309
54 206 312
180 204 206
25 80 363
71 80 160
48 87 360
115 307 357
87 173 374
173 363 374
87 173 360
149 306 309
171 277 353
350 353 362
171 353 362
29 193 353
29 193 265
29 144 297
246 350 362
332 339 341
27 120 348
193 350 353
27 193 348
27 193 350
118 193 265
2 173 360
115 215 285
115 215 307
115 118 357
215 285 314
177 285 304
198 215 314
285 314 343
198 215 219
34 210 274
2 304 360
2 177 304
2 173 363
356 363 395
25 235 356
30 245 395
30 245 264
30 177 395
15 245 264
264 285 343
15 222 264
53 245 395
15 53 222
15 53 245
222 239 298
136 178 273
136 178 382
222 264 343
136 382 399
102 200 289
110 382 399
38 200 289
136 200 399
38 136 200
38 233 313
109 359 391
113 159 233
31 159 346
249 293 379
220 293 366
22 293 379
220 366 376
31 346 376
31 376 387
51 164 294
164 294 387
34 210 218
64 91 209
210 274 311
46 210 218
46 210 311
219 274 311
38 159 233
102 110 219
102 110 399
34 116 357
34 116 215
91 361 398
23 99 322
34 335 357
116 215 307
94 118 357
116 307 357
23 91 322
23 99 388
120 237 378
193 348 378
27 120 350
332 339 361
120 339 350
23 377 380
99 237 250
262 339 361
262 377 380
262 361 377
91 361 377
332 354 361
23 91 377
91 209 398
354 390 398
354 361 398
19 106 184
34 218 335
152 218 335
19 184 244
69 244 320
62 73 305
24 106 337
24 123 207
19 152 244
47 106 184
14 341 350
332 341 354
156 174 323
156 174 341
211 221 337
189 211 337
106 221 337
44 132 229
156 189 323
44 66 132
44 117 389
66 73 103
66 73 132
132 156 189
62 132 189
62 73 132
191 305 367
73 181 305
37 338 367
37 252 291
184 244 320
69 319 320
47 207 320
123 207 295
338 364 367
37 305 367
364 367 375
108 131 364
58 260 319
22 164 212
134 138 379
58 212 317
104 139 267
108 131 139
104 131 139
104 267 329
37 291 329
267 291 334
267 291 329
119 121 279
10 13 272
10 272 355
10 13 397
334 355 397
188 205 396
161 168 278
161 232 278
168 275 278
13 230 275
13 275 279
12 28 194
12 242 340
63 194 242
63 121 194
28 121 194
12 28 254
153 243 254
124 153 254
134 138 317
138 254 379
22 220 293
22 134 212
22 134 379
249 293 366
172 249 366
4 133 228
172 228 249
109 172 391
109 172 346
109 346 359
223 327 359
159 346 359
7 223 391
7 39 391
75 77 327
142 292 342
60 167 292
142 167 292
3 89 137
4 39 133
217 228 379
96 197 217
96 176 197
12 197 340
89 176 369
135 176 197
3 82 169
98 292 342
3 82 231
3 137 166
5 60 98
89 137 368
60 98 292
98 342 368
60 68 167
5 60 68
5 43 68
0 137 192
137 192 368
98 192 368
0 137 166
0 5 192
79 114 236
79 114 321
86 247 330
50 128 236
50 128 258
128 238 258
82 231 258
129 238 310
89 169 381
92 129 310
56 63 381
86 187 310
296 383 396
3 89 169
135 242 340
86 310 330
135 197 340
56 169 381
74 247 330
56 63 330
74 224 330
74 205 226
63 224 330
161 168 282
63 224 282
21 161 282
21 224 282
21 161 188
188 334 396
74 179 226
74 179 247
67 140 179
141 333 383
205 226 296
140 296 383
317 371 384
283 303 365
301 345 392
148 286 288
253 286 288
322 335 357
284 298 316
84 268 321
175 268 321
255 268 287
46 266 311
266 289 311
262 380 388
119 243 272
99 322 357
178 239 343
120 237 339
237 262 388
260 364 375
128 236 333
232 275 278
198 219 314
216 281 370
174 211 390
118 193 250
86 187 247
271 284 351
140 179 296
214 284 351
179 226 296
178 343 382
230 232 275
177 363 395
174 211 323
172 366 376
170 253 288
142 167 372
165 261 358
165 195 358
49 165 195
83 163 345
285 304 360
193 250 378
162 318 336
161 188 334
2 177 363
97 230 232
153 243 272
85 153 272
144 149 277
149 277 306
145 349 373
237 262 339
147 261 358
142 344 372
67 141 247
67 140 141
64 209 335
140 141 383
138 317 371
35 170 253
17 55 182
54 277 306
145 225 349
147 263 358
172 346 376
11 216 281
54 171 277
54 180 201
162 328 336
93 255 287
59 227 240
51 266 294
301 345 385
40 144 149
63 135 381
50 231 258
158 259 365
133 342 368
341 354 390
48 115 118
46 51 152
101 321 385
90 127 199
114 321 385
33 45 280
45 112 190
44 229 341
40 48 393
44 103 389
110 219 314
216 299 302
40 149 309
40 87 309
40 144 297
40 48 87
220 376 387
33 125 208
32 148 299
162 234 328
44 117 341
61 183 352
32 70 206
18 32 154
37 329 338
31 266 294
48 265 297
31 233 313
39 77 133
83 101 385
268 276 287
56 92 122
46 51 266
147 201 261
14 147 201
24 62 337
9 33 125
29 265 297
24 62 305
16 26 100
38 136 270
8 303 365
9 33 256
6 126 256
174 341 390
51 152 244
6 49 165
104 329 338
17 26 182
6 256 280
1 6 126
107 225 349
108 260 364
95 165 253
11 281 302
209 325 335
17 26 41
71 160 257
96 133 228
25 59 154
71 185 306
26 100 145
112 155 190
111 163 345
143 251 328
107 239 298
32 59 154
56 92 169
48 297 393
18 71 154
25 59 235
115 285 360
130 143 328
121 168 279
85 124 371
7 75 327
50 114 236
110 314 343
19 221 390
57 162 183
20 65 283
82 238 258
4 172 228
26 105 182
114 127 385
125 157 158
267 355 384
16 158 259
63 121 168
207 295 319
43 68 114
74 188 205
21 74 188
0 5 166
38 159 270
21 74 224
92 122 330
31 294 387
29 144 277
43 50 114
1 126 182
139 267 384
88 167 372
45 72 280
141 187 247
30 264 285
82 129 238
47 106 207
58 164 319
48 118 265
31 113 233
63 135 242
29 277 353
19 106 221
4 172 391
18 32 206
22 220 387
19 325 335
22 164 387
54 201 202
7 223 327
93 287 318
76 107 273
207 319 320
31 266 313
26 41 271
123 295 375
20 283 326
51 164 319
44 66 103
36 61 183
130 234 324
93 163 308
93 196 394
45 112 146
62 189 337
85 355 371
83 345 385
79 236 333
93 196 318
65 283 303
222 239 343
61 155 190
50 166 231
54 171 362
71 80 154
57 234 324
68 114 127
96 133 369
68 90 199
68 167 199
127 199 301
7 39 75
32 70 170
58 317 384
70 95 170
107 284 298
71 185 257
85 272 355
124 138 371
57 183 352
76 186 359
77 133 342
101 175 321
97 334 397
81 283 347
131 338 364
81 88 347
85 124 153
181 252 305
82 92 169
24 123 305
82 92 129
5 43 166
89 133 368
87 309 374
227 281 302
89 133 369
19 152 335
76 107 290
92 310 330
128 141 187
93 308 331
77 142 344
211 221 390
93 251 394
39 75 77
35 95 170
35 95 253
11 216 302
97 230 397
161 232 334
73 103 181
103 252 291
103 181 252
37 252 305
107 225 284
59 235 240
107 178 239
108 139 384
30 177 285
108 260 384
6 165 253
36 162 318
110 343 382
81 111 345
112 155 203
76 290 359
123 191 305
123 191 375
195 263 358
9 125 157
1 55 182
128 141 333
32 299 302
71 306 312
128 187 238
24 106 207
104 131 338
