1028.16 -1745.31
-1696.5 631.612
-962.232 1603.06
-1041.47 1962.19
-675.674 1614.54
1924.09 -1995.36
1992.44 1640.75
1504.46 428.128
-1765.8 -653.34
-163.108 1778.35
543.657 -937.88
-1465.35 367.34
566.593 -1291.56
1094.59 395.726
1488.65 -617.835
190.314 516.817
-363.141 493.812
-851.571 674.627
96.8753 106.955
636.813 1421.2
-278.5 560.906
1425.84 -286.058
201.66 930.297
-1857.93 435.858
-1723.04 -21.0383
214.209 820.614
1041.08 748.855
-812.045 -392.325
1457.3 -1717.46
-1996.6 945.95
-335.291 193.715
-537.233 1301.57
-1312.47 611.196
-23.8048 784.403
-1281.85 -1386.99
205.604 439.651
1173.91 -368.555
-1846.41 -624.427
-1438.26 -1704.34
1811.43 -1161.3
274.625 25.6405
1659.31 -684.293
-1225.5 -1152.73
923.382 -1768.21
-870.188 926.783
1177.74 794.52
-879.502 -1359.49
96.0884 -191.974
1251.7 -1927.72
-1407.57 1969.85
