186 373 384
27 146 354
18 75 379
109 129 351
116 292 413
82 385 472
69 307 315
315 440 474
45 213 417
200 349 378
139 233 496
25 39 497
146 227 232
40 268 469
133 197 376
59 190 462
158 170 234
0 163 293
323 327 348
6 393 467
262 295 326
19 212 229
11 296 371
314 411 469
53 181 468
218 281 396
81 128 317
208 302 379
98 336 342
171 251 365
147 175 436
68 219 489
28 261 388
160 341 444
207 307 341
373 384 479
284 306 440
271 296 371
19 108 123
175 180 425
21 417 436
21 213 321
180 306 321
26 69 307
26 69 147
306 349 440
143 372 408
205 372 419
200 349 410
46 54 464
229 278 374
46 185 316
309 372 408
142 145 461
54 285 316
32 51 83
117 140 283
117 323 348
84 114 144
140 282 283
136 176 471
136 333 387
89 291 333
51 117 323
146 244 427
52 327 456
194 244 427
133 473 484
253 323 356
141 311 334
66 233 386
290 334 400
268 453 469
276 339 418
29 85 295
154 197 376
188 396 438
154 202 483
414 473 484
133 158 376
113 157 302
103 346 416
113 356 382
382 414 473
97 144 456
113 157 382
74 121 127
189 278 422
90 155 255
221 362 426
48 98 116
42 317 437
90 148 155
362 426 475
71 118 367
23 93 248
25 430 438
38 112 466
164 294 466
58 96 118
59 112 190
17 115 198
128 137 370
53 391 468
16 391 420
78 181 468
53 181 258
128 459 498
31 187 392
33 73 148
78 174 335
80 319 329
149 187 215
55 80 329
22 47 255
14 280 353
222 319 329
201 280 353
41 48 91
289 338 454
153 388 442
35 169 429
107 481 489
36 325 467
6 230 292
22 255 465
304 413 424
219 345 499
153 236 442
28 388 442
36 467 485
68 481 489
102 162 250
200 213 410
45 213 487
94 340 431
45 79 452
166 340 390
273 385 407
246 345 491
220 246 330
28 429 439
254 289 338
88 105 495
88 429 439
105 134 495
34 134 463
289 454 472
122 273 340
57 64 275
57 275 341
60 109 444
231 341 444
60 132 471
129 231 341
109 129 231
109 231 444
57 66 351
57 129 351
60 109 351
60 66 351
44 136 373
136 373 471
132 176 471
0 44 136
67 214 224
13 67 214
13 24 67
13 24 186
186 359 384
57 129 341
160 341 479
384 455 479
69 284 440
69 147 425
69 284 425
147 175 425
21 175 436
147 259 436
45 110 259
45 407 452
271 288 487
45 79 487
271 407 431
271 288 371
213 288 487
21 213 417
70 288 371
200 213 288
108 343 481
309 378 403
86 172 403
87 260 308
349 378 408
309 378 408
46 309 403
143 349 408
213 321 410
306 321 410
306 349 410
69 315 440
13 186 474
145 350 361
205 350 372
185 350 372
46 54 316
46 403 464
212 403 464
178 229 464
127 142 285
178 189 308
54 260 464
142 145 285
125 127 142
74 127 375
74 75 379
87 189 308
74 121 379
37 121 125
1 37 121
97 361 461
145 361 461
20 97 461
20 97 344
323 327 356
1 138 344
52 97 344
327 348 456
52 327 356
253 323 445
117 140 348
144 348 456
52 97 456
140 282 348
84 114 224
114 205 419
114 224 419
143 372 419
84 293 451
84 144 282
144 282 348
32 228 244
83 117 291
51 83 117
291 333 387
32 83 228
117 291 387
89 179 333
146 232 244
32 51 184
228 232 244
51 184 445
51 323 445
32 184 244
184 194 244
7 184 445
146 386 427
139 233 386
165 233 493
66 233 493
210 257 272
210 257 446
2 7 253
7 184 194
7 253 445
2 210 406
2 253 406
49 299 435
8 177 299
124 177 182
130 192 301
170 414 484
124 170 414
177 192 301
124 170 177
65 364 435
130 192 270
130 210 446
270 305 364
141 311 493
305 428 493
141 397 492
12 173 245
12 397 428
12 173 397
366 400 423
40 131 268
290 366 400
290 477 492
49 65 435
151 263 423
263 347 453
263 268 453
263 268 423
131 477 486
8 106 486
40 131 486
56 156 476
40 56 476
40 56 486
49 65 433
56 106 486
8 106 177
156 443 469
120 369 480
276 277 339
120 314 411
314 443 469
328 411 469
328 453 469
328 347 453
17 294 347
120 310 411
310 480 497
120 310 480
25 248 432
217 369 480
39 328 347
39 310 497
17 347 460
39 347 460
25 39 460
25 432 460
25 248 438
154 217 483
188 249 396
191 249 396
29 191 281
191 249 326
262 298 326
355 363 402
216 298 326
262 295 362
262 298 402
277 376 441
154 197 202
133 363 473
133 197 363
193 332 355
1 113 121
121 125 127
62 104 208
104 193 475
18 208 379
193 362 475
221 295 362
104 426 475
252 346 447
241 252 422
167 242 448
62 346 447
103 209 241
75 252 422
75 87 189
100 304 313
100 304 389
100 209 389
313 413 465
76 374 389
159 251 255
47 90 255
33 148 405
9 90 148
71 167 242
148 264 405
167 237 405
167 264 405
43 73 149
71 167 237
43 149 215
33 237 405
43 71 237
103 264 416
167 264 448
242 416 448
9 148 264
264 416 448
71 242 416
62 346 416
104 221 426
71 221 416
29 85 281
85 281 297
281 297 367
23 218 240
111 204 352
191 281 396
23 218 396
23 111 462
93 198 274
93 196 198
17 198 274
17 274 303
248 303 432
111 352 462
38 126 352
23 93 196
23 111 196
38 190 352
111 115 204
17 115 204
38 50 126
126 204 352
190 352 462
187 370 488
4 59 462
112 437 466
96 240 367
23 240 462
96 118 367
4 187 215
42 247 391
174 391 468
4 59 81
81 128 370
112 320 437
38 112 190
286 437 466
164 294 395
164 360 395
16 360 395
286 360 437
16 42 391
294 395 420
16 395 420
258 294 420
247 337 459
78 201 312
152 174 468
174 247 391
128 317 498
247 459 498
206 226 459
78 152 174
78 152 468
92 335 337
92 226 337
78 201 335
72 201 243
3 55 399
31 150 211
211 329 399
31 72 211
226 337 459
206 377 488
199 222 266
73 148 155
222 266 319
14 55 324
300 324 365
55 324 368
55 80 368
80 266 319
155 159 255
159 251 300
251 300 365
300 324 368
322 324 450
95 195 470
3 14 55
55 329 399
201 353 399
201 280 312
280 312 322
322 450 470
95 168 450
95 450 470
95 168 195
195 318 412
61 168 365
168 195 318
61 168 318
256 318 412
195 412 470
380 415 470
380 412 470
238 380 415
119 394 490
34 134 239
63 463 495
134 463 495
63 169 495
256 318 358
225 358 482
28 35 429
135 358 482
261 279 458
261 279 331
28 35 442
35 442 482
35 135 482
48 91 267
236 434 442
61 91 318
91 318 358
41 48 171
41 61 365
41 171 365
91 225 358
41 61 91
48 116 465
48 98 267
265 292 325
76 304 424
6 292 325
116 413 465
22 47 100
48 255 465
22 313 465
22 100 313
47 100 209
76 304 389
304 313 413
75 189 422
178 229 278
178 189 278
223 230 424
292 413 424
76 374 424
230 292 424
223 374 424
6 230 393
19 172 212
212 229 464
19 108 172
172 212 403
19 102 162
153 261 388
250 458 467
6 325 467
36 153 485
265 292 342
153 265 325
153 236 265
36 153 325
458 467 485
101 246 491
345 491 499
19 123 162
70 108 343
107 343 481
68 123 481
108 123 481
86 108 172
11 343 371
70 86 108
70 343 371
15 390 401
15 107 390
107 390 489
11 15 401
94 390 401
94 183 401
11 183 401
271 296 431
11 183 296
273 340 431
94 340 390
273 407 431
122 166 340
10 122 273
219 345 489
82 220 235
220 235 357
82 289 472
246 330 383
220 246 357
338 421 454
5 254 289
105 134 239
5 289 330
5 30 383
246 345 357
101 279 331
219 279 458
28 331 439
28 261 331
254 338 494
161 338 494
101 246 383
5 330 383
30 101 383
77 119 494
119 161 494
77 105 119
105 239 490
119 161 394
105 119 490
239 394 490
161 394 404
269 385 457
381 404 457
269 421 457
381 385 457
49 433 486
99 421 472
314 418 443
339 418 443
271 407 487
79 407 487
404 421 457
141 397 493
397 428 493
397 433 477
397 477 492
187 392 488
166 390 478
381 385 394
278 374 422
131 366 477
363 382 473
157 363 382
164 360 466
315 359 474
186 359 474
146 354 386
205 350 409
349 440 474
345 357 478
20 344 449
1 344 449
161 338 404
141 334 492
290 334 492
338 404 421
114 144 409
350 361 409
26 110 307
3 14 399
58 71 118
106 170 234
168 324 365
97 144 409
65 245 305
8 299 486
43 58 71
238 256 412
130 177 301
89 227 232
218 240 367
188 287 398
88 169 429
197 298 363
75 252 447
17 303 460
93 248 303
84 163 283
0 136 387
102 223 229
225 267 434
81 317 437
82 235 478
10 82 478
115 196 198
12 305 428
82 220 330
82 273 385
81 112 320
59 81 112
53 258 391
81 187 370
80 155 159
80 159 368
143 214 224
276 369 418
77 254 439
23 248 396
104 221 416
78 415 470
77 254 494
88 169 495
29 295 326
40 469 476
84 282 283
74 87 375
73 80 155
73 80 266
18 62 447
182 210 406
71 295 367
71 221 295
16 42 437
68 219 458
185 316 350
68 250 458
67 84 224
65 305 364
206 226 392
74 75 87
265 342 434
92 226 392
16 360 437
156 277 441
25 203 430
157 355 363
27 146 179
60 160 471
31 92 392
82 289 330
132 176 179
56 106 441
277 339 443
54 87 285
203 217 483
377 392 488
102 250 467
25 203 497
4 43 215
13 143 474
18 75 447
182 382 406
88 105 439
92 201 243
89 146 227
37 125 142
81 320 437
30 254 439
239 394 415
203 217 497
165 257 446
30 331 439
19 102 229
12 245 305
7 139 496
13 143 214
77 105 439
60 66 132
4 58 96
62 104 416
130 165 446
11 15 107
11 107 343
145 316 350
4 96 240
92 201 335
99 269 472
86 200 288
7 139 194
165 233 257
2 210 496
9 47 209
102 223 230
1 142 449
177 192 435
106 234 441
202 216 326
113 138 356
34 239 415
9 103 209
4 43 58
66 132 354
20 142 449
98 336 434
64 207 341
66 354 386
79 407 452
183 296 431
14 353 399
33 43 73
159 300 368
30 101 331
10 166 478
4 240 462
38 50 294
307 315 479
84 163 293
133 158 170
35 63 169
86 200 403
236 265 434
381 394 404
194 386 427
102 393 467
1 37 142
2 7 496
188 398 483
31 149 150
257 272 496
0 44 293
24 44 373
9 47 90
241 252 346
97 361 409
99 269 421
9 103 264
98 267 434
177 299 435
311 334 400
26 147 259
1 113 138
31 92 243
54 87 260
10 82 273
26 110 259
24 186 373
27 132 354
56 156 441
24 44 67
63 238 256
160 373 471
158 234 441
10 122 166
209 241 422
130 177 182
154 217 276
225 442 482
101 279 491
286 360 466
5 30 254
206 377 392
336 342 434
52 138 356
70 86 288
203 287 430
31 149 187
63 238 463
73 149 266
65 245 433
31 72 243
174 335 337
38 294 466
315 359 384
18 62 208
45 207 407
33 43 237
390 478 489
34 238 463
35 63 135
85 295 367
20 142 461
150 222 329
64 275 341
279 491 499
60 160 444
89 146 179
44 67 451
290 366 477
260 308 464
102 230 393
4 81 187
156 469 476
78 312 470
121 302 379
45 259 436
45 417 436
171 251 255
50 126 204
72 211 399
52 138 344
116 292 342
193 355 402
298 363 402
123 162 250
68 123 250
124 382 414
225 434 442
131 366 423
14 280 324
131 268 423
124 182 382
50 204 294
27 132 179
133 170 484
89 232 291
149 199 222
135 256 358
433 477 486
128 137 459
137 206 459
48 171 255
163 283 387
200 378 403
149 199 266
150 211 329
151 400 423
151 311 400
143 224 419
153 261 458
203 287 398
153 458 485
154 277 376
154 276 277
29 191 326
120 314 369
143 349 474
156 277 443
157 193 332
157 193 302
106 170 177
157 332 355
197 216 298
130 165 270
158 376 441
218 281 367
0 163 387
160 373 479
168 324 450
130 182 210
174 247 337
63 135 256
104 208 302
175 180 321
21 175 321
192 364 435
176 179 333
136 176 333
315 384 455
94 183 431
46 185 309
93 274 303
185 309 372
188 202 483
188 287 430
188 430 438
192 270 364
193 262 402
193 262 362
139 194 386
111 115 196
219 279 499
104 193 302
197 202 216
98 116 342
247 317 498
87 285 375
202 249 326
203 398 483
17 204 294
206 370 488
137 206 370
44 293 451
248 396 438
209 389 422
210 272 496
217 276 369
217 480 497
303 432 460
223 229 374
91 225 267
188 202 249
83 228 291
228 232 291
374 389 422
235 357 478
238 380 412
110 207 307
103 241 346
312 322 470
314 369 418
173 245 433
42 247 317
114 205 409
253 382 406
117 283 387
233 257 496
258 391 420
67 84 451
173 397 433
269 385 472
165 270 493
270 305 493
85 297 367
72 201 399
34 238 415
280 322 324
127 285 375
145 285 316
39 310 328
49 299 486
180 306 425
253 356 382
284 306 425
307 341 479
421 454 472
178 308 464
45 110 207
310 328 411
149 150 222
315 455 479
113 121 302
345 478 489
