186 373 384
339 441 443
27 146 354
78 312 415
109 129 351
116 292 413
82 385 472
69 307 315
315 440 474
144 205 409
97 144 361
67 224 451
139 386 427
25 39 497
146 227 232
40 268 469
133 197 376
59 190 462
158 170 234
0 163 293
323 327 348
262 295 326
19 212 229
314 411 469
218 281 396
81 128 317
208 302 379
137 206 488
34 394 415
254 439 494
168 365 450
68 219 489
28 261 388
312 322 415
207 307 341
373 384 479
284 306 440
271 296 371
175 180 425
259 417 436
94 183 296
21 213 321
166 390 489
180 306 321
26 69 307
26 69 147
306 349 440
145 285 350
200 349 410
229 278 374
46 185 316
142 145 461
54 285 316
32 51 83
117 140 283
117 323 348
60 132 354
84 114 144
140 282 283
136 176 471
136 176 179
136 333 387
89 291 333
233 257 446
66 146 354
51 117 323
52 327 456
194 244 427
133 473 484
253 323 356
173 397 492
141 311 334
141 397 428
131 268 366
433 477 492
268 453 469
276 339 418
29 85 295
154 276 369
203 217 480
23 396 438
154 197 376
188 396 438
154 202 483
414 473 484
216 249 326
113 157 302
103 346 416
157 382 473
113 356 382
382 414 473
97 144 456
1 138 356
113 157 382
189 278 422
90 155 255
48 98 116
42 317 437
43 71 118
71 118 367
23 248 438
23 93 248
25 430 438
17 432 460
248 274 303
38 112 466
93 248 274
58 96 118
42 360 437
16 391 420
78 181 468
31 187 392
33 73 148
149 187 215
22 47 255
14 280 353
222 319 329
201 280 353
72 201 211
324 365 450
236 336 434
434 442 482
289 338 454
35 135 169
107 481 489
267 336 434
6 230 292
98 116 292
219 345 499
30 101 439
28 388 442
36 467 485
68 481 489
200 213 410
45 79 452
166 340 390
273 385 407
10 273 385
45 110 407
246 345 491
220 246 330
28 429 439
254 289 338
88 429 439
105 134 495
34 134 463
289 454 472
99 454 472
122 273 340
57 64 275
57 275 341
60 132 471
60 66 354
109 129 231
109 231 444
57 66 351
57 129 351
160 444 471
60 66 351
44 136 373
60 444 471
136 373 471
132 176 471
0 44 451
136 163 387
0 44 136
136 179 333
67 214 224
0 136 163
0 293 451
143 214 419
44 186 373
24 67 451
13 24 186
186 359 384
57 129 341
69 284 440
69 147 425
69 284 425
147 175 425
45 407 452
110 207 407
45 79 487
79 271 487
213 288 487
70 288 371
200 213 288
108 343 481
309 378 403
46 309 372
87 260 308
86 200 378
309 378 408
46 309 403
143 440 474
143 349 408
213 321 410
306 321 410
306 349 410
143 349 440
69 315 440
144 361 409
142 449 461
145 350 361
37 125 449
46 185 372
185 285 350
185 350 372
185 285 316
46 54 316
212 403 464
127 142 285
178 189 308
54 260 464
142 145 285
125 127 142
74 127 375
87 189 308
1 37 449
37 121 125
1 37 121
125 142 449
97 361 461
145 361 461
20 97 461
20 449 461
20 97 344
323 327 356
1 138 344
1 113 356
52 97 344
138 344 356
327 348 456
52 327 356
253 323 445
139 194 427
117 140 348
144 348 456
52 97 456
140 282 348
84 114 224
214 224 419
114 224 419
143 372 419
84 144 282
144 282 348
32 228 244
83 117 291
51 83 117
291 333 387
32 83 228
117 291 387
89 179 333
66 146 386
51 323 445
32 184 244
184 194 244
146 386 427
139 233 386
165 233 493
210 257 272
210 257 446
2 7 253
7 253 445
253 356 406
2 210 406
2 253 406
49 299 435
130 270 446
130 182 301
8 177 299
124 177 182
130 192 301
177 182 301
170 414 484
124 170 414
177 192 301
124 170 177
65 364 435
8 49 299
245 305 364
130 192 270
130 210 446
270 305 364
165 233 446
165 270 446
165 270 305
141 311 493
141 397 492
65 245 364
245 305 428
12 245 428
12 173 245
173 433 492
12 397 428
12 173 397
141 428 493
311 334 423
151 311 423
366 400 423
334 400 423
40 131 268
49 65 435
131 290 366
151 263 423
263 347 453
263 268 453
131 477 486
40 131 486
56 156 476
40 56 476
40 56 486
49 65 433
56 106 486
8 106 177
234 376 441
156 443 469
156 441 443
120 369 480
276 277 339
314 339 443
314 339 418
120 314 411
314 443 469
328 411 469
328 453 469
328 347 453
154 217 369
217 369 480
39 310 497
39 347 460
25 248 438
154 217 483
287 398 483
188 287 483
188 249 396
191 249 396
29 191 281
191 249 326
262 298 326
355 363 402
216 298 326
262 362 402
262 295 362
262 298 402
202 216 249
277 376 441
277 339 441
157 363 473
154 197 202
193 208 302
157 332 363
332 355 363
193 332 355
356 382 406
52 344 356
1 113 121
121 125 127
18 208 379
104 426 475
62 104 221
18 208 447
167 242 448
62 208 447
62 346 447
103 241 252
103 209 241
75 87 189
100 304 313
100 304 389
47 90 209
76 374 389
159 251 255
47 90 255
33 148 405
9 90 148
9 90 209
148 264 405
167 237 405
167 264 405
4 58 215
33 237 405
43 71 237
103 264 416
167 264 448
242 416 448
9 148 264
264 416 448
71 242 416
104 221 426
71 221 416
29 85 281
85 281 297
58 96 462
281 297 367
111 204 352
218 240 281
191 281 396
240 281 367
23 111 462
111 115 198
111 352 462
111 196 198
23 93 196
23 111 196
96 240 462
38 190 352
111 115 204
17 50 294
126 204 352
190 352 462
187 370 488
4 59 462
96 240 367
23 240 462
43 58 215
96 118 367
43 58 118
4 58 462
149 150 187
4 187 215
42 247 391
174 391 468
128 137 206
137 370 488
4 59 81
59 81 320
112 320 437
38 112 190
164 360 395
16 360 395
286 360 437
16 42 391
16 42 360
294 395 420
16 395 420
258 294 420
53 258 420
247 337 459
78 201 312
152 174 468
174 247 391
128 317 498
247 459 498
206 226 459
78 152 468
92 335 337
92 226 337
72 92 243
78 201 335
72 201 243
226 337 459
206 377 488
199 222 266
31 150 187
222 266 319
14 55 324
300 324 365
55 80 368
80 266 319
155 159 255
159 251 300
322 324 450
3 14 55
201 353 399
201 280 312
280 312 322
322 415 470
95 168 450
95 168 195
195 318 412
61 168 365
256 318 412
380 412 470
256 380 412
119 394 490
34 239 394
34 134 239
63 463 495
134 463 495
63 169 495
256 318 358
238 256 380
63 256 358
225 358 482
63 135 169
28 35 442
225 434 482
35 442 482
236 434 442
63 135 358
61 91 318
91 318 358
41 61 365
91 225 358
41 61 91
48 116 465
48 98 267
98 292 342
265 292 325
76 304 424
6 292 325
22 313 465
76 304 389
304 313 413
75 189 422
178 229 278
178 189 278
223 230 424
230 292 424
19 172 212
172 212 403
19 102 162
19 102 223
153 261 388
250 458 467
153 261 485
265 292 342
261 458 485
458 467 485
101 491 499
345 491 499
101 219 499
219 250 458
68 219 250
68 123 162
19 123 162
70 108 343
68 123 481
108 123 481
86 108 172
70 86 108
11 15 343
107 390 489
11 15 401
94 390 401
94 183 401
11 183 401
11 183 296
273 340 431
273 407 431
166 478 489
10 82 385
10 122 273
10 122 478
219 345 489
82 220 235
220 235 357
82 289 472
10 82 235
246 330 383
220 246 357
338 421 454
77 439 494
5 254 289
105 134 239
5 289 330
5 30 383
246 345 357
101 279 331
101 219 279
219 279 458
101 331 439
5 330 383
30 101 383
77 119 494
77 88 439
119 161 494
77 88 105
105 239 490
161 338 421
239 394 490
161 404 457
161 421 457
269 385 457
381 404 457
269 421 457
381 385 457
341 444 479
49 433 486
391 420 468
120 411 480
310 411 480
294 395 466
164 395 466
187 392 488
94 390 431
340 390 431
233 386 493
101 383 491
246 383 491
381 385 394
278 374 422
288 371 487
164 360 466
359 384 479
60 351 444
205 350 409
345 357 478
20 344 449
1 344 449
166 340 478
141 334 492
290 334 492
279 331 458
307 455 479
350 361 409
112 286 466
26 110 307
15 107 401
3 14 399
119 161 404
106 170 234
261 331 439
206 459 498
99 421 454
95 322 450
72 92 211
104 362 475
89 227 232
66 386 493
74 127 379
88 169 429
197 298 363
75 252 447
104 193 362
84 163 283
225 267 434
45 110 417
81 317 437
110 259 417
165 428 493
200 349 408
82 220 330
81 137 370
81 187 370
80 155 159
80 159 368
48 171 267
276 369 418
55 300 368
178 212 229
29 295 326
40 469 476
84 282 283
81 128 137
76 223 374
76 223 424
28 261 439
74 87 375
73 149 215
73 90 148
73 80 155
73 80 266
46 54 403
18 74 75
44 186 451
182 210 406
71 295 367
71 221 295
70 296 371
206 226 392
74 75 87
79 407 431
62 104 193
92 226 392
25 203 430
50 115 204
59 190 320
27 146 179
61 168 195
7 194 445
31 92 392
94 271 296
82 289 330
31 150 222
56 234 441
132 176 179
21 175 417
47 100 389
50 126 352
54 87 285
203 217 483
377 392 488
102 250 467
25 203 497
271 371 487
49 106 486
147 175 259
13 143 474
18 75 447
182 382 406
68 102 250
21 417 487
274 303 432
112 286 437
92 201 243
89 146 227
81 320 437
79 271 431
30 254 439
39 310 347
15 107 481
15 343 481
84 224 293
13 315 474
193 362 402
7 139 496
13 143 214
131 290 492
10 235 478
41 91 267
11 70 343
103 346 447
92 201 335
197 363 473
99 269 472
86 200 288
7 139 194
139 257 496
21 213 487
2 210 496
102 223 230
32 51 445
167 237 242
31 222 329
177 192 435
28 35 169
25 39 432
8 49 106
45 417 487
9 103 209
17 50 115
17 115 274
64 207 341
79 407 452
55 300 324
105 169 495
41 300 365
200 378 408
41 251 300
292 304 413
14 353 399
33 43 73
159 300 368
22 48 465
31 211 329
19 123 172
28 169 429
77 105 490
38 50 294
290 334 366
84 163 293
133 158 170
133 197 473
54 403 464
53 420 468
103 252 447
95 412 470
381 394 404
238 415 470
102 393 467
6 36 467
2 7 496
186 359 455
3 329 399
153 236 325
257 272 496
78 152 335
22 171 255
56 106 234
115 198 274
99 269 421
221 346 416
9 103 264
47 209 389
124 182 414
13 24 214
177 299 435
205 350 419
153 236 388
107 390 401
26 147 259
109 351 444
54 87 260
26 110 259
116 313 465
307 315 455
43 73 215
25 248 303
27 132 354
56 156 441
63 238 256
160 373 471
209 241 422
182 382 414
6 36 325
71 237 242
95 322 470
286 360 466
5 30 254
206 377 392
77 119 490
70 86 288
108 123 172
203 287 430
73 90 155
63 238 463
73 149 266
65 245 433
174 335 337
38 294 466
32 184 445
3 55 329
33 43 237
34 238 463
85 295 367
75 241 252
64 275 341
62 193 208
35 358 482
35 135 358
89 146 179
119 394 404
260 308 464
39 432 460
102 230 393
4 81 187
41 171 251
156 469 476
230 393 467
165 305 428
121 302 379
31 92 211
22 47 313
116 313 413
171 251 255
50 126 204
38 50 352
18 74 379
95 195 412
334 366 400
11 70 296
193 355 402
298 363 402
24 67 214
121 127 379
129 231 444
129 341 444
14 280 324
131 477 492
27 132 179
133 170 484
152 174 335
133 158 234
89 232 291
149 199 222
133 234 376
114 144 419
433 477 486
175 417 436
143 309 372
75 241 422
139 233 257
294 347 460
163 283 387
160 444 479
143 309 408
144 205 419
22 48 171
149 199 266
94 271 431
203 287 398
47 100 313
154 277 376
154 276 277
29 191 326
120 314 369
157 193 332
157 193 302
106 170 177
197 216 298
160 373 479
161 254 338
161 254 494
184 194 445
41 171 267
130 182 210
86 172 378
172 378 403
174 247 337
61 195 318
175 259 436
295 426 475
310 328 347
175 180 321
21 175 321
192 364 435
359 455 479
178 212 464
292 304 424
238 380 470
24 186 451
188 202 483
188 287 430
188 430 438
112 190 320
192 270 364
236 265 342
55 80 319
93 196 274
203 310 497
186 315 455
197 202 216
247 317 498
87 285 375
201 329 399
350 372 419
203 310 480
203 398 483
128 206 498
209 389 422
13 186 315
210 272 496
267 336 342
88 105 169
62 221 346
122 340 478
19 223 229
223 229 374
224 293 451
91 225 267
55 319 329
146 232 427
188 202 249
261 331 458
83 228 291
68 102 162
228 232 291
228 232 427
228 244 427
6 230 467
374 389 422
235 357 478
236 265 325
236 336 342
218 240 396
110 207 307
23 240 396
314 369 418
173 245 433
42 247 317
181 258 468
117 283 387
236 388 442
53 258 468
263 268 366
98 267 342
269 385 472
263 366 423
85 297 367
17 274 432
25 303 432
34 238 415
280 322 324
127 285 375
17 294 460
221 295 426
295 362 475
196 198 274
180 306 425
284 306 425
307 341 479
178 308 464
310 328 411
201 211 329
149 150 222
113 121 302
153 325 485
345 478 489
36 325 485
