117 163 283
186 373 384
27 146 354
211 222 329
54 260 285
116 292 413
69 307 315
315 440 474
97 144 361
186 315 359
341 455 479
67 224 451
139 386 427
25 39 497
146 227 232
40 268 469
133 197 376
59 190 462
158 170 234
0 163 293
323 327 348
262 295 326
53 181 468
81 128 317
34 394 415
254 439 494
223 230 393
68 219 489
28 261 388
26 110 207
359 384 455
207 307 341
373 384 479
284 306 440
271 296 371
19 108 123
175 180 425
259 417 436
21 213 321
166 390 489
180 306 321
26 69 147
229 278 374
46 185 316
142 145 461
54 285 316
32 51 83
117 140 283
60 132 354
84 114 144
140 282 283
136 176 471
27 176 354
136 333 387
233 257 446
66 146 354
52 327 456
194 244 427
133 473 484
130 182 406
173 397 492
141 311 334
131 268 366
66 233 386
268 366 423
290 334 400
433 477 492
268 453 469
276 277 376
29 85 295
154 276 369
39 310 411
23 396 438
154 197 376
188 396 438
154 202 483
414 473 484
216 249 326
113 157 302
103 346 416
197 363 402
113 356 382
382 414 473
113 157 382
189 278 422
90 155 255
221 362 426
42 317 437
43 71 118
362 426 475
43 73 237
71 118 367
23 248 438
221 295 367
23 93 248
25 430 438
38 112 466
164 294 466
58 96 118
59 112 190
17 115 198
128 137 370
53 391 468
16 391 420
78 181 468
53 181 258
31 187 392
33 73 148
78 174 335
174 247 335
80 319 329
149 187 215
22 47 255
238 415 463
222 319 329
201 280 353
72 201 211
41 48 91
35 135 169
153 388 442
35 169 429
107 481 489
36 325 467
267 336 434
6 230 292
98 116 292
22 255 465
304 413 424
153 236 442
265 336 342
28 388 442
68 481 489
200 213 410
94 340 431
45 79 452
273 385 407
10 273 385
246 345 491
28 429 439
88 429 439
220 289 330
34 134 463
289 454 472
122 273 340
57 64 275
64 207 275
60 109 444
60 132 471
60 66 354
109 231 444
57 66 351
57 129 351
60 109 351
60 66 351
44 136 373
27 176 179
132 176 354
136 373 471
132 176 471
136 163 387
0 44 136
67 214 224
0 136 163
143 214 419
84 224 451
13 67 214
13 24 67
13 24 186
315 359 455
186 359 384
57 129 341
384 455 479
69 147 425
147 175 425
45 407 452
271 288 487
45 79 487
271 407 431
271 288 371
79 271 487
213 288 487
21 213 417
21 175 180
70 288 371
200 213 288
21 180 321
108 343 481
309 378 403
86 172 403
87 260 308
349 378 408
309 378 408
46 309 403
143 440 474
143 349 408
213 321 410
306 321 410
306 349 410
186 315 474
69 315 440
13 186 474
144 361 409
185 350 372
87 260 285
46 54 316
127 142 285
54 260 464
142 145 285
125 127 142
74 127 375
74 75 375
37 121 125
97 361 461
145 361 461
20 97 461
20 97 344
1 138 344
52 97 344
138 344 356
327 348 456
139 194 427
227 232 291
144 348 456
140 282 348
84 114 224
214 224 419
114 205 419
114 224 419
143 372 419
84 293 451
84 282 293
84 144 282
144 282 348
117 163 387
32 228 244
83 117 291
291 333 387
32 83 228
117 291 387
27 89 179
89 179 333
66 146 386
32 184 244
184 194 244
146 386 427
139 233 386
66 233 493
210 257 272
210 257 446
139 194 496
7 194 496
270 364 435
2 253 406
49 299 435
192 270 435
130 270 446
8 177 299
124 177 182
130 192 301
158 170 484
170 414 484
106 177 234
124 170 414
177 192 301
124 170 177
65 364 435
130 192 270
130 210 446
165 270 446
141 311 493
305 428 493
141 397 492
65 245 364
245 305 428
12 245 428
40 156 476
12 173 245
173 433 492
12 397 428
12 173 397
141 290 492
141 290 334
366 400 423
40 131 268
290 366 400
290 477 492
131 290 477
49 65 435
131 290 366
40 156 469
151 263 423
263 347 453
263 268 453
263 268 423
131 477 486
40 131 486
56 156 476
170 177 234
49 433 477
49 477 486
49 65 433
8 106 177
156 443 469
156 441 443
120 369 480
133 158 484
120 314 411
314 443 469
328 453 469
39 328 411
328 347 453
310 480 497
154 217 369
217 369 480
39 328 347
39 310 497
39 347 460
287 430 438
25 248 438
188 287 438
287 398 430
203 398 430
154 217 483
287 398 483
188 249 396
191 249 396
191 249 326
262 298 326
355 363 402
216 298 326
262 362 402
262 295 362
262 298 402
202 216 249
154 276 376
277 376 441
156 234 441
197 298 402
154 197 202
193 208 302
157 332 363
332 355 363
193 332 355
52 344 356
113 302 379
121 125 127
113 121 379
104 193 475
71 221 367
193 362 475
221 295 362
104 426 475
62 104 221
252 346 447
33 73 237
167 242 448
62 346 447
103 241 252
103 209 241
100 304 313
100 304 389
313 413 465
48 251 255
76 374 389
159 251 255
47 90 255
80 155 266
33 148 405
9 90 148
167 237 405
167 264 405
33 237 405
43 71 237
103 264 416
167 264 448
242 416 448
264 416 448
103 252 346
71 242 416
104 221 426
71 221 416
85 295 297
29 85 281
295 297 367
85 281 297
281 297 367
23 218 240
111 204 352
23 218 396
23 111 462
17 198 274
111 352 462
23 93 196
23 111 196
96 240 462
38 190 352
111 115 204
17 126 204
17 115 204
17 50 294
17 50 126
126 204 352
190 352 462
4 59 462
96 240 367
23 240 462
43 58 215
96 118 367
43 58 118
42 247 391
317 320 437
174 391 468
128 137 206
42 317 498
81 128 370
81 317 320
112 320 437
38 112 190
164 294 395
286 360 437
16 42 391
16 395 420
247 337 459
78 201 312
152 174 468
174 247 391
42 247 498
31 92 226
128 317 498
247 459 498
247 335 337
206 226 459
78 152 174
78 152 468
92 335 337
92 226 337
72 92 243
78 201 335
72 201 243
3 55 399
211 329 399
226 337 459
31 226 392
206 226 377
226 377 392
206 377 488
199 222 266
222 266 319
300 324 365
55 324 368
73 155 266
80 266 319
155 159 255
80 155 368
159 251 300
300 324 368
322 324 450
55 329 399
3 353 399
201 280 312
280 312 322
322 450 470
95 168 450
95 450 470
95 168 195
195 318 412
168 195 318
61 168 318
256 318 412
256 380 412
34 415 463
119 394 490
34 239 394
34 134 239
63 463 495
134 463 495
63 169 495
256 318 358
238 256 380
63 256 358
28 35 429
63 135 169
261 279 458
261 279 331
28 35 442
35 442 482
35 135 482
48 91 267
63 135 358
61 91 318
91 318 358
41 48 171
91 225 358
41 61 91
48 171 251
48 98 267
98 292 342
265 292 325
76 304 424
6 292 325
116 413 465
22 47 100
48 255 465
22 313 465
22 100 313
76 304 389
304 313 413
75 189 422
178 229 278
223 230 424
292 413 424
76 374 424
230 292 424
223 374 424
6 230 393
102 223 393
19 172 212
19 108 172
19 102 162
19 102 223
153 261 388
6 325 467
36 153 485
265 292 342
153 265 325
153 236 265
36 153 325
345 491 499
219 250 458
68 219 250
68 123 162
19 123 162
70 108 343
107 343 481
68 123 481
108 123 481
86 108 172
70 86 108
107 390 489
11 15 401
94 390 401
94 183 401
11 183 401
271 296 431
11 183 296
273 340 431
273 407 431
166 478 489
10 122 273
10 122 478
220 235 357
82 289 472
246 330 383
338 421 454
77 439 494
5 254 439
5 30 383
246 345 357
219 279 458
254 338 494
161 338 494
5 30 439
30 101 383
77 88 439
77 88 105
119 161 394
161 338 421
239 394 490
161 394 404
161 404 457
161 421 457
269 385 457
381 404 457
269 421 457
381 385 457
134 490 495
105 490 495
345 489 499
219 489 499
56 476 486
165 446 493
233 446 493
341 444 479
284 425 440
69 425 440
99 421 472
314 418 443
339 418 443
213 417 487
120 411 480
310 411 480
141 397 493
397 428 493
101 383 491
246 383 491
381 385 394
200 378 410
278 374 422
363 382 473
157 363 382
164 360 466
205 350 409
345 357 478
20 344 449
1 344 449
166 340 478
246 330 357
220 330 357
80 329 368
114 144 409
350 361 409
112 286 466
15 107 401
261 331 439
206 459 498
168 324 365
8 299 486
72 92 211
130 177 301
218 240 367
27 89 146
74 127 379
88 169 429
75 252 447
87 189 278
93 248 303
225 267 434
51 83 323
16 164 395
17 274 460
45 110 417
110 259 417
8 56 486
82 235 478
10 82 478
115 196 198
81 112 320
53 258 391
81 187 370
276 369 418
78 415 470
178 212 229
77 161 494
29 295 326
77 119 161
28 261 439
73 149 215
73 90 148
94 166 340
46 54 403
18 74 75
18 62 447
225 236 442
70 296 371
16 42 437
69 207 307
185 316 350
24 67 373
245 270 364
187 370 392
62 104 193
16 360 437
25 203 430
60 160 471
7 194 445
41 61 168
58 187 215
265 336 434
31 150 222
21 175 417
47 100 389
277 339 443
50 126 352
203 217 483
377 392 488
102 250 467
25 203 497
36 250 485
147 175 259
13 143 474
18 75 447
182 382 406
68 102 250
289 330 383
274 303 432
112 286 437
92 201 243
89 146 227
18 208 302
37 125 142
18 302 379
16 164 360
203 217 497
4 96 462
30 331 439
193 362 402
3 55 324
13 143 214
1 37 113
4 58 96
11 15 107
11 107 343
11 70 343
314 328 469
8 56 106
250 458 485
3 14 324
92 201 335
197 363 473
2 7 445
87 178 278
95 380 470
2 130 406
99 269 472
86 200 288
117 140 323
9 148 405
9 47 209
32 51 445
167 237 242
57 207 341
1 142 449
52 323 327
79 271 407
177 192 435
25 39 432
258 294 395
45 417 487
113 138 356
9 103 209
143 306 440
31 211 222
225 236 434
20 142 449
79 407 452
105 169 495
41 300 365
183 296 431
4 59 112
4 81 112
41 251 300
52 97 144
29 191 396
159 300 368
56 156 234
77 105 490
38 50 294
83 117 323
29 218 396
5 289 454
133 197 473
54 403 464
29 218 281
86 200 403
236 265 434
2 253 445
276 277 418
381 394 404
238 415 470
10 82 472
1 37 142
6 102 393
2 7 496
134 239 490
6 102 467
37 113 121
31 149 150
48 98 465
245 270 305
87 178 308
0 44 293
56 106 234
9 47 90
99 269 421
41 168 365
221 346 416
9 103 264
47 209 389
177 299 435
9 264 405
205 350 419
311 334 400
107 390 401
26 147 259
1 113 138
26 110 259
307 315 455
24 186 373
43 73 215
25 248 303
2 272 496
63 238 256
160 373 471
10 385 472
349 378 410
209 241 422
5 254 338
130 177 182
225 442 482
101 279 491
71 237 242
286 360 466
2 210 272
5 338 454
98 116 465
51 253 323
77 119 490
70 86 288
30 101 279
31 149 187
73 90 155
63 238 463
73 149 266
55 329 368
65 245 433
94 166 390
38 294 466
32 184 445
18 62 208
45 207 407
26 69 207
30 279 331
20 142 461
75 241 252
52 253 356
279 491 499
62 193 208
60 160 444
36 250 467
44 67 451
52 253 323
52 144 456
260 308 464
39 432 460
40 476 486
4 81 187
41 171 251
51 253 445
78 312 470
57 207 275
31 92 211
38 50 352
4 58 187
18 74 379
95 195 412
44 67 373
11 70 296
193 355 402
124 382 414
121 127 379
129 231 444
129 341 444
14 280 324
124 182 382
172 212 464
133 158 234
149 199 222
133 234 441
133 376 441
135 225 482
135 225 358
175 417 436
3 14 280
143 309 372
75 241 422
139 233 257
294 347 460
139 272 496
202 287 483
160 444 479
212 229 374
140 323 348
143 306 349
143 309 408
19 212 223
200 378 403
149 199 266
151 400 423
151 311 400
153 261 458
153 458 485
29 191 326
120 314 369
157 193 332
157 193 302
197 216 298
218 281 367
155 159 368
160 373 479
184 194 445
168 324 450
172 403 464
175 259 436
212 223 374
176 179 333
188 202 287
95 380 412
136 176 333
178 212 464
94 183 431
46 185 309
93 274 303
185 309 372
238 380 470
87 189 375
111 115 196
93 196 274
3 280 353
219 279 499
197 202 216
87 285 375
350 372 419
203 398 483
220 235 289
206 370 488
137 206 370
128 206 498
44 293 451
274 432 460
209 389 422
201 211 353
211 353 399
267 336 342
217 480 497
88 105 169
62 221 346
122 340 478
91 225 267
146 232 427
227 291 333
188 202 249
89 227 333
83 228 291
68 102 162
228 232 291
228 232 427
228 244 427
374 389 422
129 231 351
109 231 351
82 235 289
277 339 418
235 357 478
312 322 470
314 369 418
173 245 433
114 205 409
253 382 406
314 328 411
258 391 420
258 395 420
98 267 342
269 385 472
165 270 493
307 341 455
270 305 493
316 350 361
75 189 375
277 441 443
25 303 432
139 257 272
280 322 324
2 130 210
282 283 293
163 283 293
127 285 375
145 285 316
5 289 383
17 294 460
370 392 488
49 299 486
196 198 274
180 306 425
253 356 382
284 306 425
421 454 472
178 308 464
45 110 207
149 150 222
145 316 361
345 478 489
