186 373 384
27 146 354
18 75 379
211 222 329
78 312 415
116 292 413
69 307 315
315 440 474
97 144 361
186 315 359
341 455 479
146 227 232
40 268 469
133 197 376
59 190 462
158 170 234
0 163 293
323 327 348
262 295 326
19 212 229
11 296 371
314 411 469
81 128 317
208 302 379
98 336 342
34 394 415
254 439 494
168 365 450
68 219 489
28 261 388
26 110 207
312 322 415
160 341 444
207 275 341
207 307 341
373 384 479
26 207 307
284 306 440
271 296 371
19 108 123
21 417 436
94 183 296
21 213 321
180 306 321
26 69 307
26 69 147
306 349 440
200 349 410
46 54 464
229 278 374
46 185 316
54 285 316
32 51 83
84 114 144
27 176 354
136 333 387
89 291 333
66 146 354
52 327 456
194 244 427
130 210 406
253 323 356
130 182 406
173 397 492
141 311 334
65 173 245
131 268 366
290 334 400
433 477 492
268 453 469
276 339 418
29 85 295
203 217 480
23 396 438
154 197 376
188 396 438
154 202 483
414 473 484
103 346 416
197 363 402
382 414 473
1 138 356
74 121 127
90 155 255
42 317 437
43 71 118
90 148 155
71 118 367
23 248 438
221 295 367
23 93 248
248 274 303
58 96 118
59 112 190
53 391 468
16 391 420
78 181 468
31 187 392
33 73 148
78 174 335
80 319 329
149 187 215
55 80 329
22 47 255
238 415 463
14 280 353
222 319 329
201 280 353
72 201 211
14 322 324
35 135 169
107 481 489
36 325 467
6 230 292
22 255 465
304 413 424
219 345 499
30 101 439
265 336 342
28 388 442
36 467 485
68 481 489
102 162 250
200 213 410
45 79 452
166 340 390
273 385 407
45 110 407
220 246 330
88 105 495
88 429 439
105 134 495
220 289 330
34 134 463
289 454 472
99 454 472
122 273 340
57 64 275
64 207 275
57 275 341
60 132 471
109 231 444
57 66 351
57 129 351
160 444 471
60 66 351
44 136 373
27 176 179
60 444 471
132 176 354
132 176 471
0 44 451
136 163 387
0 44 136
67 214 224
0 136 163
0 293 451
44 186 373
13 67 214
13 24 67
24 67 451
13 24 186
186 359 384
57 129 341
160 341 479
384 455 479
69 284 440
79 271 452
69 147 425
69 284 425
147 175 425
21 175 436
45 110 259
45 407 452
110 207 407
271 288 487
45 79 487
271 407 431
271 407 452
271 288 371
79 271 487
213 288 487
21 175 180
70 288 371
180 284 306
200 213 288
21 180 321
87 260 308
86 200 378
46 309 403
143 349 408
213 321 410
306 321 410
306 349 410
186 315 474
69 315 440
13 186 474
144 361 409
145 350 361
37 125 449
185 350 372
185 285 316
46 54 316
46 403 464
212 403 464
178 229 464
127 142 285
54 260 464
142 145 285
125 127 142
74 127 375
75 87 375
74 75 379
74 121 379
74 75 375
1 37 449
37 121 125
1 20 344
1 37 121
1 20 449
125 142 449
145 361 461
20 449 461
20 97 344
1 138 344
1 113 356
52 97 344
138 344 356
327 348 456
117 140 348
144 348 456
163 282 293
84 114 224
163 282 283
114 205 419
114 224 419
143 372 419
84 293 451
84 282 293
84 144 282
144 282 348
117 163 387
32 228 244
83 117 291
291 333 387
117 291 387
83 232 291
89 179 333
66 146 386
228 232 244
32 184 244
233 257 272
184 194 244
7 184 445
146 386 427
165 233 493
210 257 272
210 257 446
139 194 496
7 184 194
7 194 496
2 7 210
253 356 406
2 210 406
2 253 406
158 170 484
170 414 484
124 170 414
177 192 301
124 170 177
65 364 435
8 49 299
130 192 270
130 210 446
141 311 493
305 428 493
141 397 492
65 245 364
245 305 428
65 173 433
8 49 486
12 173 245
173 433 492
12 173 397
141 290 492
141 290 334
366 400 423
40 131 268
290 366 400
290 477 492
131 290 477
131 290 366
151 263 423
263 347 453
263 268 453
131 477 486
40 131 486
56 156 476
40 56 476
40 56 486
49 433 477
49 477 486
49 65 433
192 299 435
8 106 177
156 443 469
120 369 480
120 314 418
276 277 339
120 314 411
314 443 469
328 411 469
328 453 469
328 347 453
17 294 347
120 310 411
310 480 497
120 310 480
120 276 418
120 276 369
217 369 480
39 310 497
17 347 460
39 347 460
25 432 460
25 248 438
188 287 438
287 398 430
203 398 430
203 480 497
154 217 483
203 217 398
287 398 483
217 398 483
188 287 483
188 249 396
191 249 396
188 249 483
191 249 326
355 363 402
262 295 362
262 298 402
202 249 483
277 376 441
156 234 441
197 298 402
154 197 202
193 302 332
193 208 302
157 302 332
193 332 355
356 382 406
52 344 356
1 113 121
121 125 127
113 121 379
104 193 475
18 208 379
71 221 367
193 362 475
104 426 475
252 346 447
167 242 448
62 346 447
103 209 241
75 87 189
100 304 313
100 304 389
47 90 209
100 209 389
48 251 255
76 374 389
159 251 255
47 90 255
80 155 266
33 148 405
9 90 148
9 90 209
167 237 405
43 71 237
167 264 448
242 416 448
9 148 264
71 242 416
71 221 416
85 295 297
29 85 281
295 297 367
85 281 297
281 297 367
23 218 240
23 218 396
93 196 198
38 126 352
111 115 204
17 115 204
38 50 126
126 204 352
190 352 462
4 59 462
4 81 370
96 240 367
23 240 462
43 58 215
96 118 367
43 58 118
42 247 391
317 320 437
31 72 92
128 137 206
42 317 498
4 187 370
81 128 370
81 317 320
112 320 437
286 437 466
164 360 395
16 360 395
16 42 391
16 42 360
294 395 420
16 395 420
258 294 420
53 258 420
53 391 420
247 337 459
78 201 312
92 243 335
174 247 391
42 247 498
128 317 498
247 459 498
206 226 459
78 152 174
78 152 468
92 335 337
92 226 337
72 92 243
72 201 243
3 55 399
31 150 211
31 72 211
226 337 459
206 226 377
226 377 392
149 150 199
199 222 266
73 148 155
222 266 319
150 199 222
150 211 222
73 155 266
55 80 368
80 266 319
155 159 255
80 155 368
159 251 300
322 324 450
55 329 399
201 353 399
14 280 322
201 280 312
280 312 322
322 415 470
95 168 450
95 168 195
195 318 412
168 195 318
61 168 318
256 318 412
380 412 470
256 380 412
34 415 463
119 394 490
34 239 394
34 134 239
63 463 495
134 463 495
63 169 495
256 318 358
238 256 380
63 256 358
225 358 482
135 358 482
63 135 169
28 35 442
225 434 482
35 135 482
91 267 434
236 434 442
91 225 434
63 135 358
61 91 318
91 318 358
41 48 171
91 225 358
41 61 91
48 171 251
48 98 267
265 292 325
76 304 424
6 292 325
116 413 465
48 255 465
47 100 209
76 304 389
304 313 413
75 189 422
178 229 278
278 374 389
223 230 424
292 413 424
76 374 424
230 292 424
223 374 424
19 229 374
19 172 212
212 229 464
19 108 172
172 212 403
19 102 162
19 223 374
19 102 223
250 458 467
6 325 467
36 153 485
265 292 342
153 265 325
153 236 265
36 153 325
261 458 485
458 467 485
345 491 499
19 123 162
107 343 481
68 123 481
108 123 481
86 108 172
11 343 371
70 86 108
70 343 371
15 390 401
15 107 390
94 390 401
94 183 401
11 183 296
273 340 431
273 407 431
122 166 340
10 122 273
357 478 489
219 345 489
345 357 489
82 220 235
82 220 289
82 289 472
10 82 235
246 330 383
338 421 454
77 439 494
105 134 239
5 30 383
246 345 357
101 279 331
219 279 458
101 331 439
28 261 331
101 246 383
30 101 383
269 421 454
77 119 494
105 239 490
239 394 490
381 385 404
161 394 404
385 394 404
99 269 454
381 404 457
269 421 457
39 460 497
25 460 497
314 418 443
339 418 443
404 421 457
378 403 408
141 397 493
397 428 493
294 395 466
164 395 466
119 394 494
161 394 494
94 390 431
340 390 431
233 386 493
363 382 473
157 363 382
164 360 466
60 351 444
205 350 409
349 440 474
161 338 404
338 404 421
279 331 458
331 429 439
114 144 409
269 381 385
350 361 409
32 228 232
8 177 192
3 14 399
106 170 234
70 343 481
206 459 498
111 196 462
103 416 448
95 322 450
23 93 462
309 403 408
89 227 232
66 386 493
218 240 367
88 169 429
75 252 447
87 189 278
145 449 461
51 83 323
17 274 460
8 56 486
200 349 408
115 196 198
81 112 320
143 214 224
101 246 345
55 300 368
88 169 495
300 324 450
29 295 326
40 469 476
78 201 243
73 149 215
18 62 447
44 186 451
68 219 458
68 250 458
67 84 224
245 270 364
65 299 435
187 370 392
28 331 429
62 104 193
92 226 392
156 277 441
25 203 430
153 388 485
157 355 363
27 146 179
41 61 168
58 187 215
31 92 392
94 271 296
265 336 434
277 339 443
54 87 285
52 323 356
7 210 496
377 392 488
102 250 467
25 203 497
128 370 488
22 313 413
142 145 449
147 175 259
13 143 474
22 413 465
78 243 335
18 75 447
182 382 406
198 248 274
289 330 383
21 417 487
274 303 432
88 105 439
89 146 227
62 104 426
32 83 232
30 254 439
39 310 347
137 206 377
165 257 446
3 55 324
13 143 214
77 105 439
60 66 132
4 58 96
130 165 446
10 235 478
41 91 267
11 15 107
11 107 343
10 273 472
8 56 106
4 96 240
20 361 461
3 14 324
197 363 473
49 65 299
2 7 445
87 178 278
99 269 472
86 200 288
165 233 257
21 213 487
282 283 348
102 223 230
32 51 445
167 237 242
62 221 426
52 323 327
28 35 169
202 216 326
45 417 487
42 286 360
9 103 209
66 132 354
17 115 274
98 336 434
55 300 324
41 300 365
200 378 408
4 59 112
4 81 112
41 251 300
157 302 379
52 97 144
14 353 399
29 191 396
33 43 73
159 300 368
8 192 299
10 166 478
28 169 429
43 237 405
56 156 234
77 105 490
4 240 462
38 50 294
29 218 396
5 289 454
133 197 473
29 218 281
236 265 434
2 253 445
95 412 470
238 415 470
10 82 472
194 386 427
102 393 467
103 264 448
31 149 150
48 98 465
245 270 305
87 178 308
25 287 430
176 373 471
56 106 234
241 252 346
115 198 274
41 168 365
221 346 416
111 204 462
9 103 264
98 267 434
205 350 419
311 334 400
153 236 388
101 345 491
26 147 259
109 351 444
54 87 260
26 110 259
307 315 455
43 73 215
20 97 361
25 248 303
42 286 437
63 238 256
160 373 471
10 122 166
209 241 422
5 254 338
154 217 276
101 279 491
71 237 242
95 322 470
286 360 466
5 30 254
15 183 401
5 338 454
98 116 465
83 323 348
51 253 323
77 119 490
70 86 288
31 149 187
124 177 301
63 238 463
73 149 266
38 437 466
174 335 337
38 294 466
32 184 445
315 359 384
18 62 208
133 158 473
93 196 462
38 112 437
75 241 252
279 491 499
62 193 208
35 434 442
35 434 482
89 146 179
12 245 397
107 166 478
216 262 326
52 144 456
260 308 464
112 190 352
102 230 393
189 278 389
41 171 251
51 253 445
156 469 476
107 166 390
230 393 467
45 259 436
45 417 436
22 47 313
50 126 204
4 58 187
95 195 412
116 292 342
193 355 402
83 117 348
123 162 250
68 123 250
124 382 414
128 137 488
129 231 444
129 341 444
38 112 352
124 182 382
220 235 246
50 204 294
133 158 234
89 232 291
133 234 441
133 376 441
25 287 438
137 377 488
143 309 372
75 241 422
41 48 267
139 272 496
140 163 283
117 140 163
143 309 408
145 185 285
145 185 350
148 167 264
149 199 266
94 271 431
151 400 423
151 311 400
143 224 419
152 174 391
152 391 468
148 167 405
47 100 313
154 277 376
154 276 277
29 191 326
143 349 474
156 277 443
106 170 177
157 332 355
197 216 298
130 165 270
113 157 356
113 157 379
157 356 382
218 281 367
158 473 484
300 365 450
155 159 368
160 373 479
161 254 338
161 254 494
124 182 301
86 172 378
172 378 403
174 247 337
175 259 436
175 284 425
175 180 284
310 328 347
192 364 435
176 179 333
136 176 333
136 176 373
315 384 455
130 182 192
182 192 301
46 185 309
185 309 372
238 380 470
24 186 451
189 389 422
204 352 462
192 270 364
193 262 402
193 262 362
139 194 386
111 115 196
219 279 499
197 202 216
98 116 342
93 198 248
87 285 375
201 329 399
350 372 419
202 249 326
17 204 294
261 388 485
128 206 498
274 432 460
209 389 422
210 272 496
216 262 298
217 276 369
62 221 346
221 295 475
11 15 183
146 232 427
261 331 458
6 230 467
129 231 351
109 231 351
232 244 427
235 246 357
235 357 478
33 43 405
103 241 346
245 397 428
114 205 409
181 258 468
236 388 442
53 258 468
221 426 475
263 268 366
67 84 451
269 385 472
165 270 493
307 341 455
270 305 493
139 272 386
233 272 386
263 366 423
273 385 472
25 303 432
107 478 489
140 283 348
127 285 375
5 289 383
370 392 488
295 362 475
178 308 464
269 381 457
310 328 411
201 211 329
70 108 481
