375 390 420
48 134 233
174 268 427
47 88 114
61 155 159
29 277 415
181 277 426
163 179 434
47 340 409
118 186 236
27 414 420
112 251 345
40 125 371
153 272 289
19 346 389
67 140 199
226 322 338
42 328 433
199 203 295
46 259 300
46 259 352
55 224 445
15 208 324
8 362 371
171 288 439
198 212 397
48 233 248
162 330 334
51 122 310
120 158 425
10 84 144
70 257 357
3 299 318
301 354 405
131 213 225
41 225 368
81 237 308
231 235 340
36 270 304
277 415 426
33 279 432
39 88 114
181 231 426
201 326 367
56 176 237
23 100 256
17 223 447
133 168 344
130 177 419
78 179 434
60 306 348
78 179 245
93 183 236
102 170 403
12 219 254
105 379 418
89 377 391
342 391 428
13 190 428
53 396 448
133 151 168
151 180 435
14 94 161
58 112 154
38 112 221
112 154 251
151 345 435
74 162 202
124 162 384
330 334 431
119 293 361
139 175 393
1 250 343
103 184 445
99 116 127
210 275 336
83 187 408
222 275 333
216 261 274
87 349 427
55 224 243
182 226 322
87 226 338
140 199 203
67 264 299
67 140 286
67 264 286
264 286 412
108 182 226
3 30 299
121 137 141
307 378 382
3 30 363
30 298 363
107 252 433
107 252 298
34 252 298
182 204 322
143 328 433
92 143 433
42 252 433
92 207 300
46 143 300
92 143 300
46 143 337
143 328 337
204 224 445
125 145 436
259 352 382
207 259 300
125 359 371
8 40 371
331 378 382
75 331 382
92 307 421
66 197 407
148 234 355
11 234 430
11 234 313
75 309 331
197 309 331
147 309 407
147 369 380
197 309 407
1 293 380
147 369 407
158 311 425
129 195 425
158 171 439
6 124 185
120 158 310
11 192 313
90 214 430
90 129 214
111 271 368
57 129 423
225 253 368
121 131 148
121 131 213
41 131 225
137 376 378
137 280 378
280 331 378
178 225 253
213 225 386
121 141 386
121 213 386
70 141 386
31 174 405
31 354 405
31 91 174
70 178 257
113 157 301
16 157 301
174 268 405
77 383 405
64 267 305
16 301 405
320 383 405
77 320 383
16 320 405
16 157 368
64 267 271
258 267 271
169 258 271
18 302 303
18 238 303
128 166 238
128 265 429
166 196 282
229 305 394
35 317 329
35 97 394
35 265 317
4 270 416
4 270 304
235 260 276
160 249 276
249 276 341
160 260 276
68 109 340
109 235 340
276 341 426
249 341 417
176 429 432
33 279 443
279 429 432
126 176 432
18 176 372
29 39 308
176 237 358
50 146 291
29 56 308
56 126 176
56 237 308
22 266 409
100 110 177
266 339 406
22 39 114
68 340 409
159 339 406
155 159 339
223 308 374
17 115 223
115 223 374
84 144 291
17 50 287
215 281 411
144 146 291
144 146 172
146 172 315
0 227 358
0 335 365
169 356 365
169 228 258
172 227 315
172 365 373
356 365 373
80 122 123
41 111 368
111 356 423
57 123 423
117 123 423
57 80 123
172 314 373
80 122 387
215 217 306
101 164 206
217 239 422
49 219 424
102 132 398
27 321 420
102 170 396
150 390 420
194 218 422
321 398 420
12 49 219
12 49 254
49 232 424
138 194 422
110 177 419
62 110 419
2 240 327
100 256 287
100 110 287
23 98 256
118 149 163
20 98 367
201 347 367
118 163 438
186 326 438
118 186 438
201 326 440
240 262 434
326 438 440
79 130 177
2 240 424
247 413 442
142 377 388
173 441 442
167 351 413
149 163 434
167 351 392
106 135 236
93 106 236
86 135 285
45 76 86
45 86 379
45 76 391
73 167 392
73 273 392
89 105 391
76 391 428
342 377 391
89 377 441
142 241 269
142 269 388
5 190 428
28 142 241
173 247 404
370 403 404
173 247 442
247 370 404
49 102 232
132 321 398
102 232 398
102 132 396
65 344 449
133 296 344
189 296 448
53 170 396
53 294 448
5 241 269
5 241 294
296 448 449
13 189 230
7 161 193
296 344 449
133 244 296
133 151 244
7 94 161
161 346 428
13 161 428
15 221 263
161 332 350
38 332 350
71 255 353
272 385 399
165 272 385
191 278 364
153 209 289
37 289 323
37 272 289
25 323 410
151 168 180
58 154 165
25 251 435
251 345 435
25 180 435
82 164 206
101 164 414
289 323 410
101 220 316
101 414 420
101 150 420
59 218 316
59 60 348
60 310 384
162 202 384
104 202 384
32 59 316
124 162 330
6 124 330
119 134 233
1 250 325
119 233 248
6 48 185
74 209 289
95 153 401
119 134 325
212 278 444
198 212 278
278 364 444
95 364 401
134 325 401
293 361 380
119 248 361
1 293 325
119 293 325
359 362 371
250 343 397
343 397 446
8 40 184
55 184 445
103 127 445
198 397 446
139 152 191
99 116 402
211 297 408
210 297 408
99 211 402
26 83 187
15 19 263
161 350 389
161 346 389
216 222 333
43 216 333
43 83 261
43 216 261
210 275 297
249 417 443
33 417 443
33 417 432
126 417 432
413 441 442
134 401 431
212 397 444
250 397 444
139 393 446
366 393 446
120 387 425
362 381 446
375 398 420
232 375 398
247 370 413
16 368 400
68 367 406
283 363 378
363 376 378
8 362 437
362 381 437
361 369 380
90 360 430
145 352 436
343 362 446
54 343 359
343 359 362
269 342 388
341 415 417
21 336 408
71 332 345
130 327 419
322 338 445
204 322 445
65 321 449
132 321 449
27 321 414
75 319 359
54 319 359
3 318 363
318 363 376
265 317 429
246 317 429
72 312 354
81 308 447
305 395 400
305 320 395
200 302 372
18 302 372
34 298 299
292 375 390
156 290 291
50 287 291
15 284 324
26 284 324
283 307 378
107 283 298
258 282 302
279 416 443
183 273 351
273 285 418
93 273 285
111 271 356
196 267 394
267 305 394
259 307 382
154 251 323
250 401 444
250 325 401
249 416 443
160 249 270
249 270 416
248 288 439
246 279 429
208 242 399
238 282 303
30 298 299
69 236 351
183 236 351
235 276 426
148 234 360
2 232 327
232 327 375
77 229 320
229 305 320
200 228 302
228 258 302
113 253 301
172 227 365
227 237 358
108 226 349
87 226 349
214 311 425
77 85 405
83 96 333
43 83 333
81 227 315
57 80 129
79 240 434
242 385 399
74 101 206
75 352 382
75 147 319
217 306 348
74 209 431
52 136 152
130 240 327
73 105 418
29 88 277
72 295 312
139 175 205
137 141 318
10 84 411
71 161 332
62 188 290
70 141 199
161 193 230
52 136 187
0 227 365
65 168 344
0 176 372
63 211 402
9 23 440
28 170 403
63 136 152
63 116 175
329 405 427
89 105 441
61 256 287
34 182 299
59 348 422
73 167 413
63 175 205
74 104 220
103 116 127
63 116 402
292 327 419
78 79 434
54 147 319
126 415 417
248 288 311
44 52 191
52 187 324
139 198 278
129 214 425
51 144 411
138 188 292
17 61 115
112 221 242
178 225 386
69 149 413
231 235 426
52 208 324
32 220 316
48 330 431
366 381 446
102 370 403
61 115 155
139 152 205
69 149 236
82 289 410
11 192 430
19 350 389
47 88 277
47 181 231
22 115 374
46 352 436
51 314 373
135 186 326
67 299 318
51 117 123
81 227 237
41 360 423
72 301 354
268 405 427
93 106 285
22 308 374
194 292 390
74 82 206
84 156 281
219 262 370
80 129 387
215 306 411
200 228 335
84 156 291
64 271 368
75 147 309
21 275 333
51 144 314
44 95 399
210 336 408
53 241 294
246 279 416
47 181 277
15 221 242
9 179 245
46 224 243
66 280 331
9 179 440
64 368 400
9 100 245
23 201 440
8 103 437
4 246 317
35 196 394
74 162 334
45 379 391
103 116 381
50 146 315
72 199 295
44 208 399
120 122 387
189 193 230
15 208 242
81 315 447
4 246 416
18 128 429
78 79 245
55 243 436
124 185 310
52 152 191
248 311 361
85 329 405
49 102 370
71 151 345
29 56 126
0 200 372
107 283 307
28 403 404
0 200 335
63 152 205
16 395 400
17 315 447
29 126 415
283 298 363
24 261 274
68 266 406
60 306 411
22 39 308
239 348 422
1 343 380
178 253 301
4 304 329
28 142 173
19 216 346
9 23 100
74 334 431
5 190 448
51 122 123
74 104 202
282 302 303
51 60 310
86 285 418
120 122 310
73 273 418
49 254 370
124 310 384
46 328 337
149 262 370
4 317 329
5 269 342
77 85 229
5 294 448
62 110 290
51 117 373
66 197 331
22 47 114
37 154 323
14 161 353
23 347 367
44 52 208
42 204 224
29 39 88
84 281 411
66 234 280
19 24 216
26 261 284
72 178 257
91 295 427
48 134 431
161 255 353
19 263 350
75 145 352
28 53 170
138 215 217
21 83 96
8 103 184
22 115 266
36 109 270
23 201 347
72 178 301
71 151 353
23 98 367
6 48 330
132 396 448
24 261 284
21 275 336
68 266 409
93 183 273
95 153 399
72 199 357
15 24 284
110 290 291
109 160 235
32 104 220
32 104 384
18 176 429
59 218 422
2 232 424
24 216 274
341 415 426
214 311 430
14 94 353
26 83 261
46 243 436
273 351 392
28 173 404
364 401 444
0 176 358
21 83 408
139 198 446
44 95 191
189 193 244
41 111 423
31 312 354
31 91 312
171 288 311
32 59 384
73 413 441
342 377 388
94 193 244
72 257 357
86 379 418
74 101 220
159 367 406
47 231 340
118 149 236
63 136 211
234 280 355
37 154 272
137 318 376
59 60 384
65 321 414
25 180 410
264 299 412
91 174 427
15 19 24
70 199 357
234 360 430
149 370 413
42 46 328
90 360 423
90 129 423
17 50 315
106 135 285
194 218 390
79 100 177
125 145 359
115 266 339
166 196 265
25 251 323
94 151 353
67 199 318
7 94 193
109 160 270
154 165 272
95 191 364
85 97 229
69 351 413
35 97 329
149 262 434
98 159 256
20 98 159
131 148 360
92 421 433
182 299 412
103 381 437
73 105 441
142 173 377
175 366 393
107 307 421
219 240 424
223 308 447
108 286 349
21 96 333
68 135 367
173 377 441
292 327 375
82 164 168
97 229 394
150 218 390
58 112 242
112 332 345
38 112 332
144 172 314
113 157 368
113 253 368
107 421 433
356 373 423
192 311 361
115 155 339
117 373 423
54 147 380
13 189 190
121 280 355
121 137 280
121 148 355
101 150 316
18 128 238
164 168 414
74 82 289
158 185 439
40 125 184
125 184 436
192 361 369
169 228 335
99 127 211
127 211 445
110 287 291
203 349 427
54 343 380
129 195 387
42 46 224
192 313 407
41 131 360
16 320 395
132 448 449
51 60 411
135 186 236
136 211 408
169 271 356
138 215 281
138 217 422
166 238 282
138 156 281
160 235 260
195 387 425
139 191 278
5 342 428
136 187 408
141 199 318
138 156 188
192 311 430
10 144 411
75 145 359
94 151 244
158 171 311
234 313 407
150 218 316
48 185 248
35 196 265
153 401 431
153 209 431
85 97 329
156 188 290
158 185 310
138 194 292
20 159 367
13 161 230
58 165 242
165 242 385
82 168 410
128 166 265
168 180 410
196 258 282
169 335 365
135 326 367
175 366 381
116 175 381
66 234 407
65 168 414
70 178 386
179 438 440
79 100 245
34 182 252
92 207 307
182 204 252
108 182 286
182 286 412
55 184 436
185 248 439
188 292 419
26 187 324
62 188 419
189 244 296
22 47 409
105 379 391
189 190 448
192 369 407
28 53 241
196 258 267
71 161 255
140 203 286
203 286 349
203 295 427
42 204 252
64 305 400
17 61 287
153 272 399
207 259 307
91 295 312
38 221 350
61 159 256
216 222 346
79 130 240
217 239 348
219 240 262
219 254 370
221 263 350
163 179 438
