375 390 420
90 148 430
31 72 91
295 312 427
13 161 193
150 194 218
196 305 394
199 295 357
75 125 359
11 214 430
295 349 427
61 155 159
29 277 415
29 39 277
62 110 156
163 179 434
47 340 409
25 82 180
27 414 420
40 125 371
26 83 284
19 346 389
42 328 433
199 203 295
283 363 376
46 259 300
46 259 352
224 243 352
153 209 401
55 224 445
152 175 205
125 243 436
54 75 359
171 288 439
192 288 311
147 319 380
120 158 425
10 84 144
70 257 357
11 214 311
113 178 253
131 213 225
16 271 368
41 225 368
64 271 400
18 176 238
268 329 405
246 265 279
181 231 426
201 326 367
39 88 277
188 194 292
117 356 373
200 228 372
169 228 365
60 215 411
101 206 220
101 218 316
130 177 419
78 179 434
78 79 240
62 156 290
78 179 245
69 118 149
167 413 442
269 377 388
105 379 418
93 273 392
53 170 294
13 190 428
24 274 346
222 274 346
38 112 221
112 154 251
206 289 410
330 334 431
119 293 361
165 272 323
43 96 333
99 211 445
210 275 336
83 261 284
83 187 408
71 255 332
261 274 284
222 275 333
87 349 427
55 224 243
87 226 338
203 295 349
67 264 299
67 140 286
34 264 412
108 182 226
3 30 299
92 107 433
108 182 412
34 264 299
107 252 433
182 204 322
34 182 412
42 46 337
42 252 433
46 143 300
46 143 337
42 328 337
40 55 184
259 352 382
46 224 352
207 259 300
125 359 371
54 75 319
8 40 371
283 307 376
197 280 331
92 107 421
92 307 421
307 376 378
66 197 407
66 234 355
1 293 380
129 195 425
158 171 439
6 124 185
51 310 411
129 214 311
11 192 311
90 214 430
90 129 214
111 271 368
225 253 368
113 178 301
121 131 213
41 131 225
121 137 148
137 376 378
137 280 378
280 331 378
70 141 357
121 141 386
121 213 386
70 141 386
3 318 376
31 72 354
4 317 416
113 157 253
178 301 354
174 268 405
77 383 405
64 395 400
320 383 405
77 320 383
16 320 405
16 157 368
157 253 368
16 271 400
18 200 372
169 258 271
176 358 372
18 302 303
85 97 394
18 238 303
128 166 238
128 265 429
196 267 305
166 196 282
268 329 427
35 317 329
35 97 394
246 416 443
160 270 416
246 317 416
4 270 416
4 304 317
304 317 329
4 270 304
160 249 276
249 276 341
341 417 426
68 109 340
231 276 426
276 341 426
176 429 432
29 56 415
265 279 429
33 249 443
126 176 432
18 176 372
29 39 308
50 146 291
22 39 374
56 126 415
56 126 176
47 114 409
100 110 177
68 406 409
22 266 374
266 406 409
68 340 409
9 201 347
155 159 339
20 61 159
20 61 256
115 223 374
110 156 291
17 50 287
81 227 447
144 146 172
146 172 315
227 315 447
0 335 365
200 228 258
169 356 365
169 228 258
172 365 373
356 365 373
117 356 423
111 356 423
117 123 423
172 314 373
60 310 411
59 239 348
218 239 422
102 132 398
27 321 420
101 150 218
150 390 420
194 218 422
321 398 420
65 132 321
49 254 403
12 49 254
49 232 424
130 292 327
138 194 422
138 188 194
62 292 419
110 177 419
62 110 419
130 292 419
2 240 327
100 256 287
163 438 440
100 110 287
23 98 256
20 98 256
118 149 163
9 23 245
9 201 440
201 347 367
68 135 326
68 326 367
186 236 326
118 163 438
240 262 434
149 413 434
9 245 440
79 130 177
79 130 327
78 240 434
79 240 327
247 262 434
142 377 388
167 441 442
142 377 441
173 441 442
167 351 413
142 173 441
149 163 434
149 351 413
93 183 392
135 236 326
106 135 236
73 167 441
73 89 105
93 106 418
106 135 418
86 135 285
135 285 418
45 76 86
73 105 273
142 241 269
28 170 241
142 269 388
28 142 241
173 247 404
173 247 442
254 262 370
247 262 370
254 370 403
28 170 404
132 321 398
102 232 398
65 344 449
65 321 344
133 296 344
53 170 396
53 294 448
5 241 269
13 189 230
7 161 193
13 193 230
296 344 449
133 244 296
133 151 244
161 346 428
13 161 428
38 332 350
24 274 284
71 345 353
58 112 221
58 165 385
208 385 399
37 272 323
37 289 323
37 272 289
25 323 410
154 165 323
25 251 435
251 345 435
25 180 435
25 82 410
289 323 410
59 218 239
32 59 104
101 220 316
59 60 104
101 414 420
101 150 420
59 60 348
60 310 384
60 104 384
104 202 384
6 124 330
119 233 248
74 206 289
209 334 431
95 153 401
198 212 278
212 250 444
95 364 401
325 364 401
134 325 401
293 361 380
119 248 361
1 54 343
359 362 371
8 40 184
103 127 445
198 397 446
139 366 393
99 116 402
116 175 393
210 297 408
21 210 408
99 211 402
44 52 152
52 152 205
208 242 385
44 52 324
58 242 385
15 26 284
44 208 324
26 83 187
83 96 408
19 24 284
38 263 350
161 350 389
263 350 389
19 24 346
19 263 389
161 346 389
216 222 333
216 222 274
210 275 297
21 96 408
21 210 336
247 434 442
126 417 432
209 401 431
134 401 431
120 387 425
362 381 446
366 381 393
369 380 407
147 380 407
269 377 428
342 377 428
375 398 420
232 375 398
68 367 406
20 367 406
95 364 399
362 397 446
361 369 380
111 360 423
41 360 368
151 353 435
243 352 436
145 352 436
54 343 359
143 337 433
328 337 433
335 358 372
71 332 345
38 332 345
250 325 444
325 364 444
322 338 445
204 322 445
172 315 365
0 315 358
309 331 382
75 309 382
307 331 378
239 306 422
305 320 395
143 300 433
34 298 299
292 375 390
248 288 369
50 287 291
107 283 298
258 282 302
277 417 426
277 415 417
216 274 333
111 271 356
268 312 427
267 305 395
64 267 395
15 263 284
19 263 284
192 288 369
259 307 382
178 257 354
161 255 350
178 253 257
154 251 323
250 293 325
1 250 293
160 249 416
249 416 443
23 245 256
100 245 256
151 244 353
8 371 381
238 282 303
81 237 447
223 237 447
30 298 299
48 233 288
233 248 288
102 232 403
49 232 403
2 232 327
232 327 375
231 235 260
77 229 320
229 305 320
228 335 365
227 237 358
87 226 349
226 286 349
225 253 257
111 360 368
77 85 405
85 305 394
67 140 203
57 80 129
84 215 411
80 117 122
93 273 418
75 352 382
75 147 319
56 176 358
74 272 289
73 377 441
74 209 334
72 295 312
9 98 347
72 174 312
10 84 411
62 188 290
33 249 341
160 270 304
52 136 187
67 108 264
64 258 271
163 245 440
84 146 291
63 116 175
70 213 386
61 256 287
60 215 217
0 315 365
16 31 405
75 125 436
63 175 205
127 381 393
48 134 325
63 116 402
55 184 437
40 55 125
80 117 123
133 151 435
121 137 318
298 363 376
102 403 404
101 206 414
53 396 449
31 91 405
126 415 417
52 187 324
86 89 379
139 198 278
51 120 310
17 61 115
32 220 316
366 381 446
61 115 155
48 293 325
48 119 233
139 366 446
75 145 436
72 295 357
55 125 243
47 181 231
247 403 404
44 139 191
60 239 306
165 272 399
43 261 274
42 204 445
52 63 136
84 215 281
81 227 237
184 381 437
104 206 220
84 144 146
90 121 131
14 71 353
16 31 354
57 80 423
36 109 160
201 438 440
55 103 445
84 156 281
15 38 221
57 90 129
12 49 424
33 341 432
13 189 448
29 56 237
12 254 262
128 176 429
84 156 291
15 38 263
64 258 267
75 147 309
21 275 333
11 234 355
20 159 266
33 246 279
0 335 358
10 51 411
46 224 445
90 121 148
345 353 435
60 239 348
9 23 98
82 164 410
56 237 358
7 94 255
80 122 129
35 196 394
22 88 114
33 246 443
5 170 241
34 107 252
120 122 387
189 193 230
15 208 242
33 279 429
149 183 351
65 396 449
192 234 313
45 86 89
255 332 350
78 79 245
89 342 377
124 185 310
39 223 308
65 132 396
1 250 397
1 319 380
17 146 315
35 246 265
85 329 405
39 223 374
6 288 439
107 283 307
2 12 424
16 395 400
17 315 447
283 298 363
74 104 206
102 132 170
413 434 442
129 171 288
174 268 312
17 50 146
76 342 391
13 294 448
28 142 173
72 91 174
10 51 314
57 360 423
197 280 355
74 104 202
12 219 262
122 129 195
14 71 255
282 302 303
35 246 317
5 13 190
86 285 418
167 183 392
51 122 314
7 161 255
51 120 122
124 310 384
74 153 209
67 203 299
190 269 428
77 85 229
189 296 449
57 90 360
22 39 88
6 48 288
122 314 373
6 185 439
44 139 152
3 199 318
60 217 306
168 180 414
62 188 292
18 200 258
99 116 445
48 134 330
129 288 311
5 170 294
52 63 205
26 208 324
15 26 208
120 185 439
75 145 352
20 347 367
198 250 397
88 277 426
20 98 347
15 58 221
6 48 330
79 177 245
16 113 301
359 362 397
55 103 437
11 148 355
22 114 266
21 275 336
136 187 402
95 153 399
147 197 331
76 342 428
82 164 180
63 136 402
109 160 235
362 371 381
32 104 220
3 203 299
248 361 369
30 298 376
2 232 424
42 46 445
18 258 302
73 89 377
14 94 353
27 168 414
28 173 404
139 198 446
189 193 244
88 181 426
44 212 444
29 237 308
76 89 391
187 297 408
1 343 397
1 54 319
118 201 326
164 206 414
32 218 316
33 429 432
94 193 244
34 107 298
2 12 219
27 133 168
89 105 379
72 257 357
86 379 418
133 168 180
47 231 340
45 76 89
137 318 376
38 112 251
38 251 345
90 131 360
48 119 293
156 217 281
91 174 405
5 13 294
115 266 339
166 196 265
25 251 323
164 206 410
11 148 430
7 94 193
94 244 353
80 123 423
83 96 261
2 219 240
43 96 261
85 229 305
167 273 392
14 94 255
35 97 329
103 381 437
103 127 381
187 211 402
158 171 425
162 202 334
106 183 236
107 307 421
108 264 412
44 364 444
21 96 333
109 231 340
341 417 432
109 231 235
292 327 375
20 266 406
121 141 318
58 112 165
120 158 439
16 113 157
112 154 165
16 301 354
144 172 314
128 176 238
88 114 181
47 114 181
72 257 354
114 266 409
115 155 339
115 266 374
17 115 447
215 217 281
116 127 445
118 183 186
69 118 183
118 201 438
118 186 326
117 122 373
141 199 357
67 108 286
115 223 447
120 185 310
124 202 384
124 162 202
124 162 334
44 208 364
124 330 334
44 191 212
116 127 393
74 153 272
110 287 291
192 313 407
182 322 338
41 131 360
247 370 403
16 320 395
132 170 396
10 144 314
133 180 435
133 321 344
15 58 242
134 330 431
108 226 286
169 271 356
137 148 355
137 280 355
343 359 397
138 156 217
164 180 414
32 59 218
166 238 282
307 331 382
160 235 260
138 306 422
138 217 306
195 387 425
139 191 278
141 199 318
138 156 188
147 197 407
147 309 331
69 149 183
160 231 260
150 194 292
234 313 407
150 292 390
183 186 236
43 274 333
35 196 265
152 175 393
139 152 393
85 97 329
156 188 290
159 266 339
3 199 203
66 197 355
36 160 304
163 179 245
3 30 376
165 385 399
128 166 265
167 183 351
196 258 282
100 177 245
73 167 273
66 234 407
27 133 321
89 342 391
102 170 404
227 315 358
105 273 418
34 182 252
92 207 307
182 204 252
182 226 338
228 335 372
122 195 387
8 184 381
93 106 183
187 211 297
26 187 324
189 244 296
189 448 449
5 190 269
191 212 278
11 192 234
192 369 407
196 258 267
198 212 250
160 231 276
74 202 334
140 203 286
203 286 349
42 204 252
17 61 287
153 272 399
207 259 307
207 300 433
92 207 433
208 364 399
70 213 257
213 225 257
53 448 449
129 171 425
219 240 262
223 237 308
