375 390 420
31 72 91
150 194 390
150 194 218
196 305 394
199 295 357
25 154 323
34 42 204
198 366 446
48 134 233
11 214 430
158 171 288
174 268 427
140 203 349
258 302 303
35 85 329
47 88 114
33 126 415
29 277 415
29 39 277
163 179 434
118 186 236
25 82 180
27 414 420
14 151 353
396 448 449
112 251 345
82 164 414
40 125 371
19 346 389
140 286 349
199 203 295
283 363 376
46 259 352
145 243 436
224 243 352
153 209 401
55 224 445
15 208 324
8 362 371
145 243 352
137 148 280
171 288 439
198 212 397
147 319 380
162 330 334
129 311 425
10 84 144
113 178 253
301 354 405
174 312 427
131 213 225
64 271 400
166 238 303
246 279 443
246 265 279
39 88 114
47 181 340
115 339 374
201 326 367
56 176 237
39 88 277
188 194 292
200 258 302
117 356 373
200 228 372
10 144 172
162 209 334
5 190 294
78 179 434
74 162 209
78 179 245
23 98 347
93 183 236
181 231 340
167 413 442
240 262 424
28 142 404
45 105 379
269 377 388
69 149 351
5 269 428
13 190 428
53 396 448
193 244 296
13 189 294
14 94 244
14 94 161
25 154 251
74 162 202
330 334 431
119 293 361
54 343 446
139 175 393
99 116 127
210 275 336
83 187 408
71 255 332
87 349 427
55 224 243
34 182 204
87 286 349
108 286 412
203 295 349
67 264 299
34 264 412
3 30 299
307 378 382
30 298 363
34 264 299
107 298 363
182 204 322
34 182 412
204 322 338
204 338 445
92 207 300
92 143 300
46 143 337
204 224 445
40 55 184
259 352 382
46 224 352
125 359 371
54 75 319
359 362 446
331 378 382
75 331 382
92 307 421
148 280 355
75 309 331
66 234 313
197 309 331
1 293 380
313 369 407
158 311 425
158 171 439
6 124 185
129 214 311
158 288 311
90 214 430
90 129 214
111 271 368
225 253 368
113 178 301
121 131 148
121 131 213
41 131 225
121 137 148
137 376 378
137 280 378
280 331 378
213 225 386
121 141 386
121 213 386
3 318 376
295 312 357
31 72 354
72 312 357
31 354 405
178 257 357
70 178 257
113 157 253
178 301 354
113 157 301
16 157 301
174 268 405
77 383 405
64 395 400
16 157 368
157 253 368
64 267 271
77 229 305
258 267 271
18 200 372
169 258 271
228 365 372
18 200 302
85 97 394
128 166 238
128 265 429
196 267 305
166 196 282
166 196 394
35 85 97
35 265 317
246 416 443
246 265 317
4 270 416
160 249 276
160 260 276
68 109 340
109 235 340
249 341 417
176 429 432
29 56 415
33 279 443
265 279 429
160 249 443
128 238 429
33 126 432
126 176 432
29 39 308
176 237 358
50 146 291
22 39 374
56 126 415
29 56 308
56 126 176
56 237 308
22 39 114
20 68 406
155 159 339
17 50 287
144 146 172
146 172 315
227 315 447
117 314 373
81 227 358
0 227 358
335 365 372
80 122 123
111 356 423
51 117 314
80 122 387
215 217 306
27 321 344
102 132 398
27 321 420
102 170 396
150 390 420
321 398 420
12 49 254
2 327 375
219 262 424
130 292 327
138 188 194
62 292 419
110 177 419
50 110 291
62 110 419
50 110 287
20 68 367
20 98 367
98 347 367
163 179 440
23 100 245
9 23 245
9 201 440
201 347 367
68 135 326
68 326 367
186 236 326
240 262 434
149 413 434
79 130 327
2 240 424
167 441 442
167 351 413
149 163 434
149 351 413
167 351 392
93 106 236
73 167 441
86 135 285
86 285 379
45 76 86
45 86 379
5 190 428
142 173 404
173 247 404
370 403 404
247 370 404
49 102 232
28 170 404
102 232 398
102 132 396
65 344 449
65 321 344
189 296 448
13 190 294
53 170 396
189 294 448
53 294 448
5 241 269
5 241 294
13 189 230
13 193 230
14 151 244
7 193 244
161 346 428
13 161 428
161 255 332
161 332 350
38 332 350
15 26 324
272 385 399
165 272 385
58 165 385
208 385 399
37 289 323
58 154 165
25 180 435
82 164 206
25 82 410
101 164 414
104 202 220
32 59 104
101 220 316
60 104 384
74 202 220
104 202 384
32 59 316
124 185 384
1 250 325
119 233 248
6 48 134
74 206 220
95 153 401
95 153 272
95 272 399
212 278 444
54 359 446
139 198 366
95 364 401
325 364 401
134 325 401
293 361 380
1 293 325
119 293 325
1 54 343
359 362 371
8 184 437
343 397 446
116 127 381
8 381 437
8 362 381
362 366 381
198 397 446
52 136 205
139 366 393
362 366 446
99 116 402
211 297 408
210 297 408
63 136 205
63 205 402
99 211 402
44 52 152
52 152 205
208 242 385
44 52 324
58 242 385
15 26 284
44 208 324
52 136 324
26 83 187
83 96 408
15 19 284
19 24 284
15 19 263
161 350 389
263 350 389
19 24 346
19 263 389
161 346 389
43 216 333
43 83 261
43 216 261
210 275 297
21 96 408
21 96 336
249 417 443
415 417 443
134 401 431
212 397 444
250 397 444
57 387 423
369 380 407
147 380 407
269 377 428
342 377 428
375 398 420
232 375 398
16 368 400
361 369 380
90 360 430
148 355 430
151 353 435
341 415 417
21 336 408
335 358 372
334 401 431
209 334 401
275 333 336
250 325 444
325 364 444
172 315 365
315 335 365
172 314 365
314 365 373
11 313 430
234 313 430
295 312 349
239 306 422
217 306 422
305 383 395
238 303 429
302 303 429
259 300 382
34 298 299
292 375 390
62 290 291
156 290 291
283 307 378
283 376 378
111 271 356
270 416 443
160 270 443
267 305 395
64 267 395
247 262 442
262 413 442
262 413 434
255 345 353
71 255 345
107 252 421
249 276 426
248 288 439
173 247 441
249 341 426
241 269 388
30 298 299
48 233 439
233 248 439
134 233 325
231 260 276
169 228 373
228 365 373
226 322 412
383 395 405
108 226 412
87 226 286
155 223 447
77 85 405
85 305 394
47 266 409
83 96 333
67 140 203
43 83 333
35 304 329
84 215 411
79 240 434
93 273 418
22 339 374
169 200 258
75 352 382
75 147 319
74 289 410
107 283 363
70 141 253
110 177 287
69 118 440
111 225 368
73 105 418
139 175 205
216 222 261
72 178 354
72 174 312
10 84 411
62 188 290
70 199 257
70 141 199
69 163 440
119 361 369
65 321 398
10 172 314
41 111 225
63 211 402
84 146 291
87 322 338
329 405 427
89 105 441
61 256 287
166 258 303
60 185 310
59 348 422
58 112 251
58 154 251
207 300 382
7 161 244
169 200 228
55 184 437
55 125 436
55 103 127
40 55 125
33 415 443
133 151 435
79 130 245
78 79 434
102 403 404
54 75 145
54 145 436
31 91 405
92 328 433
248 288 311
18 176 358
51 122 387
45 89 105
51 120 310
133 296 448
32 220 316
20 61 98
102 370 403
139 152 205
71 112 332
133 344 449
0 315 335
47 88 277
47 68 409
54 125 359
47 68 340
51 117 123
57 195 425
28 241 388
44 139 191
62 110 291
60 239 306
105 285 418
84 215 281
41 131 430
41 360 423
87 226 322
84 144 146
268 405 427
25 289 410
93 106 285
120 158 185
194 292 390
15 263 350
320 395 405
189 193 296
74 82 206
192 214 311
201 438 440
34 252 433
84 156 281
51 120 387
57 90 129
215 306 411
6 162 330
82 180 414
18 358 372
181 231 276
84 156 291
25 251 345
216 222 275
20 61 155
12 247 262
11 192 369
75 147 309
142 173 388
9 23 201
41 360 430
44 95 399
210 336 408
20 159 266
53 241 294
27 133 344
34 328 433
47 181 277
0 335 358
97 128 394
10 51 411
9 179 245
66 280 331
4 35 317
9 179 440
345 353 435
60 239 348
4 246 317
60 185 384
57 120 195
12 254 370
234 355 430
50 146 315
119 233 325
106 135 326
44 208 399
34 107 252
271 368 400
189 193 230
15 208 242
33 279 429
65 396 449
4 246 416
78 79 245
89 342 377
55 243 436
65 132 396
1 250 397
24 222 346
1 319 380
71 112 345
118 183 236
109 235 270
11 313 369
2 79 327
116 175 205
85 329 405
49 102 370
120 158 195
107 283 307
16 395 400
6 48 439
17 315 447
2 79 240
147 197 309
24 261 274
68 266 406
60 306 411
164 206 220
92 328 337
4 35 304
239 348 422
76 342 391
72 91 174
65 132 398
10 51 314
57 360 423
51 122 123
12 219 262
34 42 328
51 60 310
6 162 202
73 273 418
40 184 371
49 254 370
46 328 337
74 153 209
67 203 299
77 85 229
57 90 360
6 202 384
138 194 218
6 124 384
6 185 439
140 286 412
7 13 193
66 197 331
118 438 440
22 47 114
57 120 387
37 154 323
44 139 152
3 199 318
14 161 353
223 227 447
168 180 414
62 188 292
42 204 224
66 234 280
26 261 284
4 109 304
161 255 353
57 129 425
12 247 370
75 145 352
12 49 232
28 53 170
138 215 217
54 125 436
37 165 272
22 47 266
15 58 221
133 168 414
38 58 112
70 178 253
23 201 347
207 307 382
24 261 284
55 103 437
133 151 296
68 266 409
25 289 323
93 183 273
25 345 435
301 320 405
76 342 428
74 82 410
32 104 220
3 203 299
101 164 220
18 176 429
59 218 422
2 232 424
235 260 270
26 83 261
98 100 287
44 95 191
41 111 423
28 142 388
76 89 391
1 343 397
1 54 319
118 201 326
247 441 442
7 13 161
77 305 383
0 227 315
33 429 432
225 253 386
34 107 298
12 232 424
37 154 165
63 136 211
37 153 272
234 280 355
45 76 89
151 244 296
39 115 374
39 115 308
89 173 441
89 377 388
160 260 270
115 223 308
121 318 376
42 46 328
59 104 348
17 50 315
106 135 285
91 174 405
92 252 433
92 252 421
92 143 337
18 302 429
30 363 376
312 349 427
95 191 364
80 123 423
85 229 305
140 264 412
167 273 392
35 97 265
97 128 265
23 98 100
98 256 287
4 109 270
72 178 357
103 381 437
103 127 381
60 104 348
105 285 379
73 105 441
175 366 393
192 248 311
22 266 339
106 236 326
107 307 421
139 212 278
292 327 375
20 266 406
36 109 304
121 141 318
223 237 358
15 221 350
38 112 332
130 177 292
115 155 339
66 197 313
116 205 402
69 118 183
118 201 438
118 186 326
119 192 369
119 192 248
120 185 310
69 183 392
121 137 376
123 356 423
117 123 356
158 185 439
99 127 211
127 211 445
128 166 394
231 260 340
11 192 214
130 177 245
42 46 224
20 155 159
131 148 430
16 320 395
51 60 411
61 98 256
15 58 242
133 168 435
80 387 423
89 173 388
133 448 449
6 134 330
134 330 431
136 211 408
108 226 286
169 271 356
138 215 281
138 217 422
138 218 422
2 232 375
138 156 281
139 198 212
139 191 278
67 140 264
136 187 408
141 199 318
138 156 188
69 351 392
141 253 386
158 195 425
143 259 300
46 143 259
38 58 221
147 197 407
37 153 289
81 223 358
12 219 424
17 155 447
150 414 420
150 218 414
81 223 227
8 184 371
115 155 223
61 155 287
17 155 287
156 188 290
159 266 339
3 199 203
94 161 244
55 127 445
59 101 316
3 30 376
166 258 282
16 301 320
168 180 435
196 258 282
169 356 373
175 366 381
116 175 381
100 177 245
73 167 273
100 177 287
177 292 419
74 153 289
89 342 391
69 149 163
102 170 404
181 276 426
181 341 415
181 277 415
59 101 218
92 207 307
183 273 392
182 322 412
216 275 333
136 187 324
26 187 324
24 222 274
191 278 444
93 285 418
191 364 444
28 53 241
196 258 267
197 313 407
235 260 340
199 257 357
96 333 336
38 221 350
181 341 426
101 218 414
27 133 414
222 261 274
223 237 308
