32 82 136
4 30 64
13 134 175
62 65 227
69 108 140
88 128 149
62 65 248
17 21 120
0 142 187
27 66 124
59 91 117
93 194 213
1 25 133
5 204 219
22 101 231
66 124 156
22 138 211
84 138 211
112 128 136
54 176 217
184 197 237
7 15 98
54 95 217
35 138 180
33 72 101
56 68 101
7 15 23
50 137 207
7 29 236
32 35 138
37 62 227
160 197 230
78 160 197
88 149 226
62 150 248
162 212 229
69 162 212
14 125 163
2 16 210
14 181 208
174 181 208
118 174 223
27 52 193
43 187 244
3 74 168
14 125 181
11 178 218
92 103 198
198 210 221
178 218 225
25 39 133
3 74 193
11 41 96
66 156 178
6 52 188
146 225 245
58 72 238
26 49 110
36 49 157
73 182 211
127 199 244
10 12 195
5 144 189
10 72 238
79 109 159
12 195 196
46 60 233
40 144 145
12 97 196
36 40 147
40 144 147
54 202 237
54 95 202
137 141 209
34 141 176
34 54 176
7 209 236
50 137 209
141 176 209
176 209 217
29 35 94
7 23 209
60 75 239
46 60 106
60 75 106
60 71 233
177 180 201
84 159 211
32 112 136
32 79 112
32 84 138
35 177 180
7 29 98
173 209 236
82 88 226
50 173 209
32 82 139
4 30 226
121 173 236
32 94 139
32 79 159
53 63 199
32 35 94
32 84 159
100 206 234
64 130 249
64 100 223
30 222 224
4 64 100
30 64 222
30 224 226
165 222 248
150 222 248
121 165 173
82 139 236
82 166 236
121 166 236
121 165 166
160 230 237
50 78 207
197 230 237
34 78 207
34 78 160
65 197 248
65 184 197
65 184 227
37 227 246
69 162 246
37 162 246
24 108 232
150 151 249
120 135 228
20 212 249
20 130 249
20 212 232
20 24 232
24 108 135
69 140 246
99 140 237
140 237 246
99 228 237
99 108 140
21 44 91
17 21 91
90 117 123
44 91 117
59 117 123
103 114 198
132 198 221
47 59 91
55 129 185
31 129 216
47 120 135
158 163 242
59 83 126
115 126 185
16 116 242
116 185 221
115 185 221
116 200 221
55 116 185
114 198 210
55 116 242
85 114 210
14 163 242
16 48 242
64 130 223
31 61 223
61 118 223
100 174 223
67 174 190
9 142 191
63 67 199
9 134 175
57 76 80
0 148 213
74 171 213
76 134 155
93 148 213
0 187 213
43 168 244
3 39 188
85 111 220
111 127 208
3 168 220
111 168 220
85 103 114
92 132 198
105 123 132
6 25 240
1 25 240
1 132 240
8 133 161
8 39 133
3 188 193
6 52 96
27 193 203
11 96 178
81 131 146
52 188 193
6 41 96
105 132 240
5 105 219
77 105 240
11 107 218
81 113 146
156 178 225
172 204 245
5 172 204
204 218 225
131 146 156
171 203 213
146 156 225
204 225 245
76 148 155
76 80 93
194 203 213
27 124 203
80 93 113
80 157 205
76 93 148
57 80 205
113 146 245
81 93 113
42 110 172
42 80 113
26 110 172
42 80 110
26 144 147
5 144 172
119 145 170
145 152 170
26 144 172
10 195 238
33 38 72
40 104 145
40 87 104
45 157 205
28 57 205
40 87 153
153 195 238
58 72 175
28 57 76
53 63 102
9 53 175
72 73 102
73 109 243
73 102 243
182 214 231
72 73 182
22 138 180
33 56 101
72 182 214
10 38 72
68 154 201
10 12 38
19 33 38
68 201 233
19 33 56
22 169 180
22 101 169
68 71 233
71 86 192
60 71 239
68 71 186
89 97 241
51 71 186
51 86 89
51 71 86
192 235 241
12 38 97
86 192 241
86 89 241
97 235 241
97 167 196
97 122 167
167 183 196
119 183 196
97 122 235
143 179 189
122 179 189
122 179 235
71 143 192
164 216 223
22 211 231
182 211 231
14 208 242
127 190 208
174 190 208
67 190 199
187 199 244
187 191 199
142 187 191
184 227 246
179 192 235
46 177 233
169 180 201
122 167 247
167 183 247
165 166 224
165 222 224
130 164 223
151 212 249
151 212 229
53 72 175
59 123 215
54 160 237
53 72 102
38 51 97
50 165 173
49 80 157
29 139 236
48 85 210
16 48 210
27 66 96
119 195 196
48 85 111
28 76 134
63 102 234
104 119 195
45 58 238
6 41 240
123 132 215
73 109 211
41 77 240
29 94 139
41 77 107
31 61 129
119 183 247
177 201 233
29 35 46
109 159 211
171 193 203
82 128 136
79 102 234
101 214 231
29 75 106
142 148 155
13 28 134
166 224 226
24 47 216
2 200 221
108 212 232
122 144 247
36 45 157
48 111 208
132 215 221
9 191 199
29 75 98
15 23 95
2 16 116
9 53 199
17 91 120
27 52 96
8 85 220
2 116 200
45 153 238
20 24 130
29 46 106
151 162 229
28 45 205
18 131 156
92 133 161
28 45 58
36 40 153
8 92 103
15 202 239
18 93 194
18 93 131
13 28 175
2 210 221
87 104 195
47 59 216
15 95 202
24 47 135
34 54 160
127 168 244
184 237 246
21 44 117
19 68 186
34 141 207
50 165 248
18 124 156
19 38 51
26 36 147
143 179 192
21 90 117
37 151 162
24 130 164
28 58 175
24 164 216
74 171 193
126 215 221
6 25 188
18 124 194
26 36 49
36 45 153
8 92 161
74 187 213
144 145 247
37 62 151
63 100 174
63 67 174
63 100 234
64 150 222
61 129 158
64 150 249
66 96 178
154 169 201
72 101 214
68 154 169
9 134 142
4 70 100
78 197 248
81 93 131
70 128 206
70 128 149
48 208 242
4 70 226
104 119 145
19 56 68
49 80 110
8 39 220
43 74 187
79 112 206
95 209 217
77 105 219
77 107 219
122 144 189
69 108 212
79 102 109
79 206 234
23 95 209
11 41 107
35 46 177
15 98 239
82 88 128
83 129 216
59 83 216
47 91 120
51 89 97
59 126 215
87 153 195
62 150 151
118 125 163
43 74 168
92 132 133
70 100 206
75 98 239
99 135 228
99 108 135
25 39 188
152 170 247
102 109 243
83 126 185
107 204 219
107 204 218
70 149 226
50 78 248
113 172 245
42 113 172
31 216 223
61 118 158
0 142 148
118 158 163
119 170 247
19 51 186
124 194 203
125 174 181
118 125 174
115 126 221
3 39 220
111 127 168
55 129 242
129 158 242
1 132 133
134 142 155
83 129 185
112 128 206
145 152 247
137 141 207
127 190 199
82 166 226
68 101 169
8 85 103
