104 145 196
4 30 64
63 100 102
69 108 140
88 128 149
20 24 164
17 21 120
0 142 187
27 66 124
59 91 117
1 25 133
5 204 219
66 124 156
22 138 211
84 138 211
112 128 136
54 176 217
7 15 98
54 95 217
35 138 180
33 72 101
56 68 101
7 15 23
50 137 207
7 29 236
82 166 224
37 62 227
160 197 230
184 227 237
78 160 197
37 62 150
62 150 248
47 129 216
31 164 216
92 103 161
118 125 181
14 181 208
174 181 208
112 206 234
118 174 223
4 70 149
27 52 193
43 187 244
81 93 194
3 74 168
11 178 218
198 210 221
17 47 120
178 218 225
1 133 161
25 39 133
3 74 193
1 132 161
105 107 219
11 41 96
66 156 178
6 52 188
204 218 219
58 72 238
26 49 110
13 58 175
36 49 157
9 53 191
73 182 211
127 199 244
100 102 234
5 144 189
10 72 238
79 109 159
12 195 196
46 60 233
40 144 145
38 51 89
12 97 196
36 40 147
40 144 147
54 202 237
29 98 106
54 95 202
34 160 237
7 209 236
50 78 197
50 137 209
50 173 248
29 35 94
15 75 98
94 139 236
75 98 106
29 94 236
7 23 209
46 60 106
60 75 106
46 106 177
60 71 233
177 180 201
32 112 136
32 84 138
35 177 180
7 29 98
173 209 236
82 88 226
50 173 209
70 112 206
4 30 226
121 173 236
32 94 139
112 128 149
53 102 175
53 63 199
79 112 234
70 112 149
100 206 234
64 130 249
30 222 224
4 64 100
30 64 222
30 224 226
150 222 248
121 165 173
166 222 224
82 224 226
121 165 166
165 173 248
160 230 237
50 78 207
50 197 248
34 78 160
65 197 248
65 184 197
34 54 237
227 237 246
65 184 227
37 227 246
69 162 246
37 162 246
151 229 249
212 229 249
20 130 164
20 130 249
24 108 135
69 140 246
99 228 237
99 108 140
21 44 91
17 21 91
99 108 228
90 117 123
44 91 117
132 198 221
47 59 91
47 164 216
17 47 91
31 129 216
47 120 135
158 163 242
59 83 126
47 59 129
16 116 242
83 126 129
115 215 221
55 158 242
115 126 215
115 185 221
55 116 185
114 198 210
16 116 200
2 16 200
55 116 242
16 48 85
127 174 190
61 158 163
59 83 129
14 163 242
16 48 242
63 67 100
31 61 223
61 118 223
100 174 223
67 100 174
118 174 181
67 174 190
111 127 244
9 142 191
191 199 244
63 67 199
53 191 199
57 76 80
0 148 213
74 168 213
74 171 213
76 134 155
0 187 213
43 168 213
43 187 213
43 168 244
111 168 244
3 39 188
3 168 220
111 168 220
3 8 220
85 103 114
8 103 161
92 132 161
92 132 198
105 123 132
1 132 240
8 133 161
3 8 39
8 39 133
3 188 193
6 52 96
27 193 203
11 96 178
81 131 146
52 188 193
6 41 96
77 105 107
105 132 240
5 105 219
77 105 240
11 107 218
107 218 219
156 178 225
172 204 245
5 172 204
204 218 225
171 203 213
146 156 225
80 110 157
76 148 155
76 80 93
18 124 203
194 203 213
18 194 203
27 124 203
80 93 113
80 157 205
76 93 148
57 80 205
81 93 113
42 80 113
42 80 110
26 144 147
5 144 172
49 110 157
36 40 157
119 145 196
26 144 172
104 195 196
19 56 186
45 157 205
28 57 205
45 58 205
58 72 175
13 28 76
28 58 205
28 57 76
13 28 58
13 76 134
53 63 102
9 53 175
73 109 159
73 109 243
73 102 243
182 214 231
22 138 180
33 56 101
68 154 201
10 12 38
56 68 186
19 33 38
19 33 56
22 169 180
154 180 201
154 169 180
71 86 192
60 71 239
89 97 241
51 71 186
51 86 89
51 71 86
86 192 241
86 89 241
97 122 167
122 189 247
144 189 247
143 179 189
122 179 189
143 192 235
143 179 235
71 143 192
212 232 249
20 232 249
65 227 248
62 227 248
22 211 231
182 211 231
14 208 242
111 208 220
67 190 199
187 191 244
142 187 191
71 186 201
116 185 200
184 197 230
46 177 233
170 183 247
101 169 231
22 169 231
122 167 247
167 183 247
167 170 183
119 167 170
166 222 248
165 166 248
130 164 223
125 163 181
14 163 181
55 158 185
129 158 185
12 89 97
64 100 130
111 174 208
18 131 146
27 52 66
48 208 220
64 150 151
124 146 156
45 58 238
6 41 240
123 132 215
146 204 225
41 77 240
41 77 107
31 61 129
108 120 135
177 201 233
29 35 106
185 200 221
171 193 203
82 128 136
79 102 234
101 214 231
142 148 155
48 85 220
12 38 89
68 186 201
2 200 221
108 212 232
10 33 72
132 215 221
1 6 25
9 13 175
78 141 207
15 23 95
69 212 229
26 42 172
81 113 245
31 164 223
8 85 220
146 204 245
45 153 238
108 120 228
34 54 141
20 24 108
10 12 238
87 104 238
151 162 229
4 88 226
87 104 145
1 6 240
18 81 194
35 106 177
15 202 239
2 114 210
9 13 134
2 16 114
2 210 221
15 60 75
15 60 239
15 95 202
45 87 157
24 47 135
16 85 114
115 126 129
21 44 117
18 81 131
19 38 51
26 36 147
21 90 117
119 145 152
26 42 110
18 124 146
82 121 166
74 171 193
6 25 188
26 36 49
121 139 236
73 84 159
144 145 247
10 33 38
64 150 222
61 129 158
97 192 235
59 117 126
87 153 238
66 96 178
71 201 233
72 101 214
52 66 96
40 87 157
104 195 238
68 154 169
9 134 142
69 162 229
4 70 100
64 151 249
115 129 185
48 208 242
97 122 179
24 47 164
73 84 211
73 102 175
72 73 175
150 151 162
72 73 214
73 182 214
20 108 232
95 209 217
61 118 163
34 78 141
69 108 212
79 102 109
4 88 149
23 95 209
11 41 107
81 146 245
82 88 128
32 84 112
12 195 238
84 112 159
40 87 145
54 141 176
118 125 163
111 127 174
92 103 114
184 230 237
92 114 198
32 94 138
35 94 138
97 119 196
97 119 167
97 179 235
70 100 206
97 192 241
25 39 188
99 140 246
99 237 246
32 136 139
100 130 223
152 170 247
102 109 243
79 112 159
113 172 245
42 113 172
117 123 215
117 126 215
0 142 148
119 152 170
148 194 213
45 87 153
82 121 139
19 51 186
134 142 155
82 136 139
137 176 217
137 141 176
137 209 217
145 152 247
137 141 207
127 190 199
68 101 169
93 148 194
8 85 103
37 150 162
