90 148 430
295 312 427
150 194 390
150 194 218
196 305 394
25 154 323
194 375 390
34 42 204
48 134 233
158 171 288
141 318 376
140 203 349
47 88 114
33 126 415
29 277 415
33 415 417
17 50 447
29 39 277
215 281 422
81 223 308
47 340 409
118 186 236
14 151 353
396 448 449
112 251 345
48 185 439
40 125 371
40 55 243
26 83 284
19 346 389
140 286 349
42 328 433
199 203 295
283 363 376
46 259 300
46 259 352
153 209 401
55 224 445
15 208 324
8 362 371
152 175 205
125 243 436
171 288 439
192 288 311
198 212 397
162 330 334
192 313 369
10 84 144
70 257 357
113 178 253
75 309 319
301 354 405
131 213 225
320 395 400
41 225 368
81 237 308
0 172 365
18 176 238
231 235 276
77 329 405
64 305 395
231 235 340
36 270 304
277 415 426
246 279 443
33 249 417
246 265 279
39 88 114
47 181 340
181 231 426
201 326 367
56 176 237
39 88 277
10 281 411
17 223 447
81 237 358
200 258 302
200 228 372
169 228 365
60 215 411
101 206 220
101 218 316
82 168 180
133 168 344
5 190 294
130 177 419
78 179 434
138 156 422
78 79 240
62 156 290
78 179 245
23 98 347
93 183 236
181 231 340
69 118 149
167 413 442
28 142 404
102 170 403
45 105 379
12 219 254
269 377 388
105 379 418
69 149 351
89 377 391
53 170 294
342 391 428
13 190 428
53 396 448
13 189 294
7 94 244
58 112 154
44 152 191
112 154 251
25 154 251
151 345 435
206 289 410
74 162 202
330 334 431
54 343 446
165 272 323
44 95 208
43 96 333
139 175 393
99 116 127
211 402 408
210 275 336
83 261 284
83 187 408
14 255 353
71 255 332
216 261 274
87 349 427
55 224 243
34 182 204
87 226 338
87 286 349
108 286 412
67 264 299
67 140 286
34 264 412
67 264 286
264 286 412
108 182 226
3 30 299
67 199 299
121 137 141
92 107 433
41 131 148
3 30 363
108 182 412
30 298 363
34 264 299
107 252 433
30 34 299
107 252 298
107 298 363
34 252 298
30 34 298
182 204 322
34 182 412
204 322 338
204 338 445
34 42 252
42 46 204
42 46 337
92 143 433
42 252 433
92 207 300
46 143 300
92 143 300
46 143 337
42 328 337
40 125 243
40 55 184
145 352 382
125 145 436
259 352 382
207 259 300
125 359 371
8 40 371
359 362 446
1 54 380
75 145 382
283 307 376
92 307 382
92 107 421
92 307 421
283 307 421
307 376 378
3 363 376
66 280 355
11 234 430
148 280 355
11 234 313
66 234 313
66 234 355
197 309 331
54 319 380
147 309 407
147 369 380
197 309 407
1 293 380
192 248 288
313 369 407
147 369 407
129 195 425
158 171 439
6 124 185
51 310 411
185 310 439
120 195 387
11 192 313
192 248 369
90 148 360
90 214 430
90 129 214
57 129 195
90 129 360
111 271 368
41 148 360
57 129 423
225 253 368
113 178 301
70 225 386
121 131 148
121 131 213
41 131 225
137 376 378
137 280 378
178 225 253
137 141 376
213 225 386
121 141 386
121 213 386
72 354 357
70 141 386
3 318 376
199 318 357
31 174 405
91 174 312
31 354 405
72 91 312
31 91 174
178 257 357
174 268 405
85 229 329
77 383 405
64 267 305
16 301 405
64 395 400
77 320 383
16 157 368
111 129 360
64 267 271
16 320 400
196 267 282
258 267 271
18 200 372
18 200 302
128 166 238
128 265 429
258 267 282
196 267 305
166 196 282
166 196 394
77 229 329
35 265 317
246 416 443
246 265 317
160 270 416
4 270 416
4 304 317
36 160 270
4 270 304
36 160 260
235 260 276
249 276 341
160 416 443
160 260 276
341 417 426
68 109 340
109 235 340
415 417 426
231 276 426
276 341 426
249 341 417
176 429 432
29 56 415
33 279 443
265 279 429
33 249 443
35 128 265
279 429 432
126 176 432
18 176 372
29 39 308
176 237 358
39 308 374
22 39 374
56 126 415
29 56 308
56 126 176
56 237 308
47 88 181
47 114 409
68 406 409
22 39 114
20 68 406
68 340 409
20 159 406
9 201 347
155 159 339
20 61 256
17 61 155
223 308 374
17 115 223
115 223 374
81 223 447
84 144 291
215 281 411
81 227 447
10 84 281
144 146 291
144 146 172
146 315 447
146 172 315
227 315 447
0 335 365
0 335 372
111 169 271
172 365 373
111 169 356
41 111 368
41 111 360
57 123 423
117 123 423
57 80 123
172 314 373
51 314 411
185 310 384
60 310 411
215 217 422
156 281 422
102 132 398
102 170 396
194 292 327
194 218 422
232 375 420
12 49 219
65 132 321
12 49 254
2 327 375
194 327 375
130 292 327
138 156 290
232 375 424
2 375 424
138 194 422
138 188 290
188 290 292
110 177 419
50 110 291
62 110 419
50 110 287
130 292 419
23 98 256
20 98 256
20 68 367
23 100 245
9 23 245
9 23 347
179 245 440
9 201 440
201 347 367
68 135 326
68 326 367
186 236 326
69 118 236
201 326 440
240 262 434
326 438 440
9 245 440
79 130 177
79 130 327
78 240 434
219 254 262
247 262 434
247 413 442
167 441 442
173 441 442
69 183 351
69 183 236
93 106 236
73 167 441
73 89 105
285 379 418
93 106 418
86 135 285
86 285 379
45 76 86
45 86 379
45 76 391
45 105 391
73 167 392
73 105 273
73 273 392
89 105 391
73 89 441
76 391 428
342 377 391
89 377 441
142 269 388
5 190 428
370 403 404
173 247 442
254 262 370
247 370 404
247 262 370
49 102 232
28 170 404
170 403 404
49 102 403
132 321 398
65 132 449
102 132 396
65 344 449
65 321 344
132 396 449
133 296 344
189 296 448
13 190 294
53 170 396
189 294 448
53 294 448
5 241 294
296 448 449
13 189 230
13 193 230
296 344 449
133 244 296
133 151 244
161 346 428
13 161 428
38 332 350
15 26 324
14 161 255
71 255 353
272 385 399
165 272 385
58 221 242
95 208 399
37 272 323
25 323 410
154 165 323
58 154 165
251 345 435
104 202 220
32 59 104
101 220 316
59 218 316
60 310 384
60 104 384
104 220 316
74 202 220
104 202 384
32 104 316
32 59 316
124 185 384
119 233 248
6 48 134
6 48 185
74 206 289
209 334 431
74 206 220
95 153 401
198 212 278
44 95 364
54 359 446
212 250 444
95 364 401
325 364 401
134 325 401
293 361 380
119 248 361
1 293 325
1 54 343
359 362 371
212 250 397
343 397 446
8 40 184
55 184 445
116 366 393
103 127 437
116 127 381
127 381 437
8 381 437
116 366 381
8 362 381
362 366 381
198 397 446
139 366 393
362 366 446
116 175 393
211 297 408
210 297 408
21 210 408
63 136 187
63 205 402
99 211 402
44 52 152
52 152 205
208 221 242
15 208 221
15 26 284
52 136 324
26 83 187
83 96 408
38 263 350
161 350 389
263 350 389
19 24 346
19 263 389
161 346 389
43 83 96
43 216 333
43 83 261
43 216 261
210 275 297
21 96 408
21 210 336
96 275 333
209 401 431
117 373 423
16 368 400
248 361 369
361 369 380
148 355 430
145 352 436
218 348 422
143 337 433
328 337 433
250 325 444
250 325 397
119 325 361
293 325 361
54 319 359
147 309 380
239 306 422
217 306 422
75 319 359
301 354 357
158 288 425
288 311 425
282 302 303
93 273 418
268 312 427
174 268 312
161 255 350
241 269 428
18 238 302
229 305 395
77 229 320
229 320 395
228 335 372
70 225 257
219 240 262
219 232 424
49 219 232
101 218 420
59 218 348
216 222 275
214 311 425
342 377 428
212 364 444
164 206 414
200 258 271
169 200 271
197 331 378
242 385 399
197 313 407
178 301 357
66 197 313
11 192 430
187 402 408
203 349 427
26 187 324
183 273 392
93 183 273
182 226 338
182 322 338
192 311 430
82 180 410
179 438 440
110 177 287
100 177 245
139 175 191
173 377 441
169 356 373
1 325 397
168 180 435
168 321 344
27 168 321
58 165 242
82 164 168
164 168 414
75 309 382
71 332 345
159 266 409
120 158 195
158 195 425
255 332 350
150 375 420
150 375 390
149 163 438
149 247 434
149 247 413
149 163 179
149 167 351
159 406 409
75 145 359
144 172 314
142 247 404
234 355 430
139 366 446
138 194 292
138 188 292
325 364 444
5 241 428
160 276 443
134 330 431
133 168 435
133 151 435
214 311 430
159 266 339
111 129 356
128 166 394
128 176 238
128 176 429
127 211 445
99 127 211
199 295 312
103 127 184
136 187 324
33 126 279
52 63 205
51 314 373
173 377 388
51 117 373
27 101 420
134 401 431
51 122 123
72 91 354
50 61 256
48 233 439
101 206 414
163 179 438
50 291 447
152 175 191
4 246 416
44 191 278
16 113 157
23 256 287
290 292 419
38 58 112
21 275 336
4 246 317
14 94 151
258 282 302
15 38 221
52 63 136
37 323 410
97 229 305
189 193 230
28 170 294
17 50 61
27 168 414
125 145 359
25 180 410
62 290 419
35 304 317
27 101 414
16 113 301
146 291 447
10 144 314
307 331 378
27 321 398
28 241 294
7 14 94
233 248 439
88 181 426
122 123 387
8 103 184
120 158 439
82 164 410
107 283 421
46 224 243
35 304 329
80 195 387
36 235 260
208 242 399
64 271 368
165 242 385
0 172 315
74 153 209
356 373 423
7 193 296
0 227 315
150 218 420
36 109 235
0 176 372
2 79 240
8 103 437
49 370 403
52 208 324
7 244 296
51 117 123
46 224 445
189 193 296
74 162 334
212 278 364
20 155 159
269 377 428
6 162 330
124 202 384
169 365 373
102 398 420
180 251 435
139 198 446
21 96 275
178 225 257
115 155 339
51 120 310
149 179 434
37 289 410
74 209 334
239 348 422
38 58 221
249 276 443
106 135 285
51 120 122
0 81 227
3 199 318
2 79 327
15 263 284
119 233 325
2 219 240
203 295 427
20 347 367
238 302 303
15 38 263
248 288 439
87 226 286
46 204 445
118 186 326
118 149 438
1 343 397
71 151 345
92 259 382
27 398 420
97 305 394
16 383 405
23 100 287
134 233 325
228 335 365
64 368 400
10 314 411
307 331 382
99 116 205
85 97 229
7 13 161
79 177 245
70 141 318
46 243 352
105 273 418
238 282 303
142 173 247
60 239 348
44 278 364
49 254 370
100 177 287
268 405 427
2 219 424
7 13 193
25 180 251
106 135 326
24 216 274
37 153 272
22 115 339
22 115 374
71 151 353
22 266 339
57 80 195
24 261 274
24 263 284
19 24 263
166 238 282
28 142 269
24 216 222
113 157 368
16 320 383
67 140 203
126 279 432
44 52 208
129 214 425
60 215 217
60 217 306
60 239 306
169 200 228
6 134 330
0 176 358
28 241 269
24 261 284
62 156 291
62 110 291
78 79 245
31 91 354
164 206 410
121 148 280
329 405 427
24 222 346
0 81 358
139 191 278
66 197 378
70 318 357
113 253 368
309 331 382
66 280 378
67 199 203
59 104 348
20 61 155
74 153 289
72 199 357
142 173 388
139 198 278
72 199 312
7 14 161
167 183 351
243 352 436
102 232 420
20 98 347
88 277 426
84 156 291
84 156 281
309 319 380
50 256 287
92 207 259
112 332 345
127 184 445
116 175 205
129 356 423
149 167 413
35 97 128
97 128 394
6 124 162
85 97 329
35 97 329
153 272 399
99 205 402
120 122 387
106 236 326
60 104 348
63 187 402
167 183 392
106 285 418
95 153 399
107 283 363
94 151 244
38 112 332
114 266 409
22 114 266
17 115 155
37 153 289
3 199 299
118 326 438
120 310 439
216 275 333
121 137 280
80 123 387
108 226 286
124 162 202
