375 390 420
90 148 430
31 72 91
295 312 427
150 194 390
150 194 218
194 375 390
34 42 204
75 125 359
48 134 233
295 349 427
174 268 427
35 85 329
29 277 415
81 223 308
163 179 434
47 340 409
25 82 180
27 414 420
396 448 449
112 251 345
40 125 371
40 55 243
153 272 289
26 83 284
19 346 389
226 322 338
42 328 433
199 203 295
283 363 376
147 309 319
46 259 352
145 243 436
224 243 352
153 209 401
55 224 445
15 208 324
8 362 371
152 175 205
145 243 352
125 243 436
171 288 439
147 319 380
48 233 248
162 330 334
192 313 369
120 158 425
129 311 425
10 84 144
70 257 357
113 178 253
3 299 318
75 309 319
301 354 405
174 312 427
131 213 225
85 229 394
81 237 308
64 271 400
10 172 411
0 172 365
18 176 238
77 329 405
231 235 340
36 270 304
246 279 443
181 231 426
201 326 367
56 176 237
23 100 256
10 281 411
81 237 358
200 258 302
200 228 372
10 144 172
169 228 365
158 310 439
60 215 411
101 206 220
101 218 316
162 209 334
82 168 180
133 168 344
130 177 419
78 179 434
138 156 422
62 156 290
78 179 245
23 98 347
69 118 149
167 413 442
28 142 404
102 170 403
69 149 351
89 377 391
53 170 294
342 391 428
5 269 428
13 190 428
53 396 448
193 244 296
133 151 168
24 274 346
58 112 154
222 274 346
44 152 191
134 209 431
112 154 251
151 345 435
124 162 384
330 334 431
54 343 446
139 152 175
43 96 333
139 175 393
99 116 127
211 402 408
210 275 336
83 261 284
63 402 408
83 187 408
14 255 353
261 274 284
222 275 333
216 261 274
87 349 427
55 224 243
34 182 204
46 204 224
182 226 322
87 226 338
87 286 349
108 286 412
203 295 349
67 264 299
67 140 286
67 264 286
264 286 412
108 182 226
3 30 299
121 137 141
92 107 433
3 30 363
108 182 412
107 252 433
107 252 298
34 252 298
182 204 322
34 182 412
204 322 338
204 338 445
34 42 252
42 46 204
143 328 433
42 46 337
92 143 433
42 252 433
92 207 300
46 143 300
92 143 300
46 143 337
143 328 337
42 328 337
204 224 445
40 125 243
40 55 184
259 352 382
46 224 352
207 259 382
125 359 371
8 40 371
139 191 198
1 54 380
75 331 382
283 307 376
92 307 382
92 207 382
92 107 421
92 307 421
283 307 421
307 376 378
3 363 376
66 197 407
11 234 430
11 234 313
66 234 313
54 319 380
147 309 407
147 369 380
197 309 407
1 293 380
66 313 407
129 195 425
158 171 439
6 124 185
185 310 439
120 158 310
120 195 425
120 195 387
129 214 311
11 192 311
11 192 313
192 248 369
90 148 360
90 214 430
90 129 214
57 129 195
111 129 423
90 129 360
111 271 368
57 129 423
225 253 368
113 178 301
70 225 386
121 131 148
121 131 213
121 137 148
178 225 253
213 225 386
121 141 386
121 213 386
72 354 357
70 141 386
199 299 318
3 318 376
31 72 354
31 174 405
91 174 312
31 354 405
72 91 312
31 91 174
178 257 357
70 178 225
178 354 357
70 178 257
178 301 354
174 268 405
77 383 405
16 301 405
320 383 405
77 320 383
16 320 405
16 157 368
111 129 360
64 267 271
16 320 400
196 267 282
258 267 271
228 365 372
18 302 303
85 97 394
18 238 303
128 166 238
128 265 429
258 267 282
196 267 305
166 196 282
166 196 394
35 85 97
35 97 394
246 416 443
4 270 416
4 304 317
4 270 304
160 249 276
249 276 341
160 260 276
341 417 426
68 109 340
109 235 340
231 276 426
276 341 426
249 341 417
176 429 432
29 56 415
33 279 443
33 249 443
160 249 443
35 128 265
279 429 432
126 176 432
18 176 372
176 237 358
0 172 227
50 146 291
39 308 374
56 126 415
56 126 176
56 237 308
68 406 409
68 340 409
9 201 347
155 159 339
17 61 155
17 115 223
81 223 447
84 144 291
215 281 411
10 84 281
144 146 291
144 146 172
146 172 315
81 227 358
0 227 358
0 335 365
335 365 372
169 356 365
172 227 315
172 365 373
356 365 373
80 122 123
41 111 368
41 111 360
111 356 423
57 123 423
117 123 423
57 80 123
172 314 411
172 314 373
51 314 411
60 215 306
80 122 387
215 217 306
215 217 422
218 239 422
102 132 398
27 321 420
102 170 396
101 150 218
150 390 420
194 218 422
232 375 420
321 398 420
65 132 321
49 254 403
12 49 254
2 327 375
232 375 424
2 375 424
138 194 422
62 292 419
50 110 291
62 110 419
50 110 287
130 292 419
2 240 327
100 256 287
163 438 440
78 79 177
23 98 256
118 149 163
20 68 367
20 98 367
98 347 367
163 179 440
9 23 347
9 201 440
201 347 367
186 236 326
118 163 438
186 326 438
118 186 438
201 326 440
240 262 434
149 413 434
326 438 440
79 130 177
79 240 327
2 240 424
247 413 442
167 351 413
149 163 434
149 351 413
69 183 351
167 351 392
93 106 236
183 351 392
86 135 285
73 167 392
73 273 392
89 105 391
73 89 441
269 342 428
76 391 428
342 377 391
89 377 441
28 170 241
5 190 428
142 173 404
173 247 404
370 403 404
247 370 404
247 262 370
254 370 403
49 102 232
28 170 404
170 403 404
49 102 403
132 321 398
65 132 449
102 132 396
65 344 449
132 396 449
133 296 344
189 296 448
53 170 396
189 294 448
53 294 448
5 241 269
296 448 449
13 189 230
13 193 230
296 344 449
7 94 161
161 346 428
13 161 428
161 255 332
161 332 350
38 332 350
24 274 284
272 385 399
165 272 385
58 221 242
191 278 364
95 208 399
208 385 399
37 289 323
37 272 289
25 323 410
154 165 323
58 154 165
25 251 435
251 345 435
25 180 435
25 82 410
289 323 410
101 220 316
101 414 420
101 150 420
59 218 316
59 60 348
60 310 384
60 104 384
104 220 316
162 202 384
104 202 384
32 104 316
32 59 316
124 162 330
6 124 330
119 134 233
119 233 248
134 209 401
74 206 289
209 334 431
119 134 325
212 278 444
198 212 278
191 198 278
44 191 364
278 364 444
212 250 444
325 364 401
134 325 401
293 361 380
119 248 361
1 293 325
1 54 343
359 362 371
343 397 446
8 40 184
55 184 445
116 366 393
103 127 437
103 184 437
116 127 381
127 381 437
116 366 381
8 362 381
362 366 381
198 397 446
139 152 191
362 366 446
99 116 402
116 175 393
211 297 408
210 297 408
99 211 402
44 52 152
52 152 205
208 242 385
44 52 324
44 208 324
26 83 187
15 19 284
19 24 284
15 19 263
161 350 389
19 24 346
19 263 389
161 346 389
216 222 333
216 222 274
43 216 333
43 83 261
43 216 261
210 275 297
21 96 408
21 96 336
139 393 446
366 393 446
117 373 423
16 368 400
248 361 369
361 369 380
148 355 430
266 339 409
255 332 353
250 325 444
250 325 397
119 325 361
293 325 361
54 319 359
239 306 422
217 306 422
75 319 359
200 302 372
264 299 412
34 299 412
34 298 299
194 292 375
288 311 425
100 287 419
15 284 324
26 284 324
282 302 303
137 280 376
280 376 378
277 417 426
277 415 417
93 273 418
64 267 395
247 262 413
36 260 270
160 260 270
21 336 408
154 251 323
248 288 311
173 247 441
247 441 442
246 279 429
234 280 355
229 305 395
77 229 320
229 320 395
219 240 262
219 232 424
59 218 348
164 206 414
203 286 349
140 203 286
74 202 209
67 203 299
200 258 271
169 200 271
48 248 439
198 250 397
197 331 378
13 189 190
26 187 324
184 381 437
183 273 392
93 183 273
78 177 245
100 177 245
176 335 372
0 176 335
173 377 441
11 311 430
171 288 425
342 377 388
1 325 397
168 180 435
58 165 242
164 289 410
82 164 168
164 168 414
71 332 345
156 215 422
153 364 401
95 153 364
95 208 364
147 313 369
159 406 409
147 313 407
234 355 430
111 271 356
138 194 292
138 188 292
325 364 444
137 148 355
137 141 318
137 318 376
63 136 408
136 187 408
68 135 367
135 326 367
134 330 431
137 280 355
214 311 430
41 131 368
131 225 368
41 131 360
138 156 188
35 128 394
128 166 394
128 176 238
128 176 429
127 211 445
99 127 211
199 295 312
103 127 184
33 126 279
126 249 417
196 229 305
169 271 356
33 126 249
52 63 205
51 314 373
173 377 388
51 117 373
51 122 123
50 146 315
17 50 223
27 65 321
101 206 414
43 96 408
219 240 424
94 193 244
12 262 370
124 310 384
4 246 416
16 113 157
156 188 290
6 48 330
110 287 419
38 58 112
4 246 317
258 282 302
15 38 221
52 63 136
45 76 379
32 60 104
189 193 230
81 227 315
30 107 298
29 39 88
29 88 277
28 142 388
218 239 348
17 50 61
27 168 414
35 246 317
47 231 340
27 168 344
20 98 155
35 304 317
7 94 193
16 113 301
307 331 378
44 208 364
29 39 56
88 181 426
48 134 330
12 49 232
151 168 435
6 48 439
5 189 190
269 342 388
82 164 410
107 283 421
71 332 353
35 304 329
80 195 387
36 235 260
165 242 385
192 248 311
74 153 209
8 184 381
356 373 423
198 212 250
36 109 235
61 98 256
62 188 292
38 263 389
79 240 434
275 333 336
51 117 123
115 223 308
74 104 206
27 65 344
79 130 292
189 193 296
12 219 262
20 155 159
100 177 419
156 215 281
35 246 265
66 234 280
102 398 420
47 266 409
9 23 100
199 203 299
139 198 446
6 185 439
115 155 339
50 61 287
75 145 436
51 120 310
292 327 375
38 58 221
12 254 370
106 135 285
52 187 324
9 179 440
93 285 418
22 114 374
51 120 387
88 114 181
75 145 352
86 379 418
51 122 387
9 179 245
15 38 263
248 288 439
5 170 294
164 206 289
28 269 388
246 265 429
87 226 286
1 343 397
71 151 345
5 170 241
45 105 418
77 85 229
50 223 447
151 244 296
12 219 232
50 315 447
210 336 408
51 60 310
32 59 60
70 199 318
47 114 266
14 94 255
124 185 310
307 331 382
69 93 236
162 202 209
7 13 161
159 339 409
70 141 318
39 88 374
262 413 434
25 251 323
105 273 418
270 416 443
47 181 231
238 282 303
15 221 242
231 260 276
151 244 353
60 239 348
64 320 400
46 207 300
268 405 427
7 13 193
76 86 379
106 135 326
22 115 339
22 115 374
37 165 323
45 379 418
71 151 353
22 266 339
57 80 195
86 285 418
93 106 285
267 305 395
15 208 242
52 136 187
271 368 400
166 238 282
113 157 368
67 140 203
54 359 362
126 279 432
79 292 327
18 302 372
20 68 159
43 83 408
60 239 306
61 256 287
169 200 228
0 176 358
28 241 269
62 188 290
62 156 291
160 270 443
94 244 353
38 350 389
62 110 291
63 116 205
51 60 411
73 167 442
329 405 427
96 333 336
30 107 363
54 362 446
66 197 378
113 253 368
66 280 378
68 159 406
39 56 308
69 93 183
37 165 272
70 199 357
69 118 186
94 161 255
69 186 236
231 235 260
9 100 245
74 153 289
72 199 357
142 173 388
72 199 312
73 441 442
81 315 447
75 197 331
75 197 309
75 352 382
75 125 436
76 105 391
77 85 329
102 232 420
88 277 426
84 156 291
84 156 281
88 114 374
73 89 273
89 105 273
112 332 345
30 298 299
127 184 445
116 175 205
78 79 434
133 151 296
61 98 155
153 272 399
46 207 259
5 189 294
106 236 326
158 171 425
47 114 181
14 94 353
104 206 220
74 104 202
45 76 105
63 116 402
95 153 399
107 283 363
131 148 360
38 112 332
22 114 266
17 115 155
196 229 394
115 308 374
64 320 395
126 415 417
108 226 286
