375 390 420
31 72 91
295 312 427
150 194 390
150 194 218
194 375 390
198 366 446
75 125 359
48 134 233
11 214 430
295 349 427
141 318 376
174 268 427
258 302 303
47 88 114
29 277 415
17 50 447
29 39 277
62 110 156
215 281 422
81 223 308
84 281 291
25 82 180
27 414 420
396 448 449
112 251 345
82 164 414
48 185 439
40 125 371
26 83 284
19 346 389
42 328 433
199 203 295
283 363 376
46 259 300
46 259 352
224 243 352
153 209 401
55 224 445
15 208 324
8 362 371
152 175 205
54 75 359
171 288 439
162 330 334
192 313 369
120 158 425
129 311 425
10 84 144
70 257 357
11 214 311
113 178 253
75 309 319
301 354 405
131 213 225
320 395 400
41 225 368
81 237 308
77 329 405
268 329 405
231 235 340
36 270 304
277 415 426
246 279 443
33 249 417
246 265 279
39 88 114
181 231 426
115 339 374
201 326 367
39 88 277
17 223 447
81 237 358
17 115 339
200 258 302
117 356 373
200 228 372
169 228 365
60 215 411
101 206 220
101 218 316
162 209 334
82 168 180
133 168 344
5 190 294
130 177 419
78 179 434
60 306 348
74 162 209
62 156 290
78 179 245
23 98 347
69 118 149
167 413 442
28 142 404
102 170 403
45 105 379
269 377 388
105 379 418
53 170 294
342 391 428
5 269 428
13 190 428
53 396 448
193 244 296
133 151 168
151 180 435
24 274 346
7 94 244
222 274 346
38 112 221
112 154 251
151 345 435
74 162 202
124 162 384
330 334 431
165 272 323
139 152 175
43 96 333
139 175 393
103 184 445
99 116 127
116 175 402
175 205 402
211 402 408
210 275 336
83 261 284
83 187 408
14 255 353
222 275 333
216 261 274
87 349 427
55 224 243
34 182 204
46 204 224
87 226 338
87 108 226
108 286 412
203 295 349
67 264 299
264 286 412
3 30 299
67 199 299
121 137 141
41 131 148
3 30 363
108 182 412
107 252 433
30 34 299
30 34 298
182 204 322
34 182 412
204 322 338
204 338 445
42 46 204
42 46 337
42 252 433
92 207 300
46 143 300
46 143 337
42 328 337
204 224 445
40 55 184
145 352 382
125 145 436
259 352 382
46 224 352
207 259 300
125 359 371
54 75 319
75 145 382
75 125 145
331 378 382
283 307 376
197 280 331
107 363 421
92 307 421
283 363 421
283 307 421
307 376 378
3 363 376
66 197 407
148 234 355
11 234 430
11 234 313
66 234 313
197 309 331
66 197 280
54 319 380
147 369 380
313 369 407
147 369 407
66 313 407
129 195 425
51 310 411
185 310 439
120 158 310
120 195 425
120 195 387
129 214 311
11 192 311
11 192 313
148 234 430
90 214 430
90 129 214
57 129 195
90 129 360
111 271 368
41 148 360
57 129 423
225 253 368
113 178 301
121 131 148
121 131 213
41 131 225
121 137 148
137 376 378
137 280 378
280 331 378
137 141 376
121 141 386
121 213 386
72 354 357
70 141 386
3 318 376
31 72 354
31 174 405
4 317 416
31 354 405
72 91 312
31 91 174
70 178 257
113 157 253
178 301 354
174 268 405
77 383 405
64 267 305
16 301 405
320 383 405
77 320 383
16 320 405
16 157 368
157 253 368
64 267 271
16 320 400
196 267 282
258 267 271
18 200 372
169 258 271
228 365 372
18 200 302
18 302 303
128 166 238
35 166 394
128 265 429
258 267 282
258 282 303
166 196 282
166 196 394
268 329 427
35 317 329
35 97 394
35 265 317
35 128 166
246 416 443
246 265 317
160 270 416
246 317 416
4 270 416
4 304 317
304 317 329
4 270 304
235 260 276
160 249 276
160 416 443
160 260 276
341 417 426
68 109 340
109 235 340
415 417 426
249 341 417
176 429 432
29 56 415
33 279 443
265 279 429
33 249 443
160 249 443
35 128 265
279 429 432
126 176 432
29 39 308
50 146 291
39 308 374
22 39 374
56 126 415
56 126 176
47 88 181
47 114 409
100 110 177
68 406 409
266 339 374
22 39 114
22 266 374
266 406 409
17 155 339
155 159 339
20 61 256
17 61 155
17 115 223
50 146 447
81 223 447
84 144 291
110 156 291
17 50 287
156 281 291
81 227 447
10 84 281
144 146 291
144 146 172
146 315 447
146 172 315
227 315 447
0 358 372
0 335 372
335 365 372
200 228 258
169 356 365
169 228 258
172 365 373
356 365 373
117 356 423
41 111 368
41 111 360
111 356 423
117 123 423
172 314 411
172 314 373
51 314 411
60 215 306
215 217 306
60 310 411
215 217 422
59 239 348
218 239 422
217 239 422
102 132 398
27 321 420
102 170 396
101 150 218
150 390 420
194 218 422
232 375 420
321 398 420
65 132 321
49 254 403
12 49 254
2 327 375
49 232 424
219 262 424
138 156 290
232 375 424
2 375 424
138 194 422
138 188 290
188 290 292
110 177 419
50 110 291
62 110 419
50 110 287
2 240 327
163 438 440
78 79 177
100 110 287
23 98 256
20 98 256
118 149 163
20 98 367
98 347 367
163 179 440
23 100 245
9 23 245
9 201 440
201 347 367
68 135 326
68 326 367
118 163 438
201 326 440
240 262 434
149 413 434
326 438 440
79 130 177
79 130 327
79 240 327
247 262 434
142 377 388
142 377 441
173 441 442
167 351 413
142 173 441
69 183 351
106 135 236
73 89 105
93 106 418
106 135 418
86 135 285
135 285 418
45 76 86
45 86 379
73 167 392
73 105 273
73 273 392
89 105 391
73 89 441
76 391 428
89 377 441
28 170 241
5 190 428
370 403 404
173 247 442
254 262 370
247 370 404
247 262 370
254 370 403
49 102 232
28 170 404
170 403 404
49 102 403
132 321 398
65 132 449
102 132 396
65 344 449
65 321 344
132 396 449
133 296 344
189 296 448
53 170 396
5 241 269
296 448 449
13 189 230
7 161 193
296 344 449
7 193 244
161 346 428
13 161 428
38 332 350
272 385 399
165 272 385
191 278 364
58 165 385
208 385 399
37 272 323
37 289 323
25 323 410
151 168 180
154 165 323
25 251 435
251 345 435
82 168 414
25 180 435
25 82 410
104 202 220
289 323 410
59 218 239
32 59 104
101 220 316
59 60 104
101 414 420
101 150 420
59 218 316
59 60 348
60 310 384
60 104 384
104 220 316
162 202 384
74 202 220
104 202 384
32 104 316
32 59 316
6 330 431
119 134 233
119 233 248
74 206 289
209 334 431
74 206 220
119 134 325
250 364 444
212 278 444
198 212 278
44 95 364
44 191 364
139 198 366
278 364 444
212 250 444
134 325 401
293 361 380
119 248 361
1 293 325
1 54 343
359 362 371
343 397 446
55 184 445
103 127 437
116 127 381
103 127 445
127 381 437
8 381 437
198 397 446
139 152 191
139 366 393
362 366 446
99 116 402
116 175 393
211 297 408
210 297 408
21 210 408
63 136 187
63 205 402
99 211 402
52 152 205
208 242 385
58 242 385
208 221 242
15 208 221
52 136 324
26 83 187
19 24 284
38 263 350
161 350 389
263 350 389
19 24 346
19 263 389
161 346 389
216 222 333
216 222 274
43 216 333
43 83 261
43 216 261
210 275 297
21 96 408
21 210 336
247 434 442
107 421 433
209 401 431
16 368 400
361 369 380
145 352 436
143 337 433
328 337 433
255 332 353
130 327 419
68 367 406
292 327 419
250 325 397
119 325 361
293 325 361
147 309 380
305 395 400
264 299 412
34 299 412
194 292 375
288 311 425
129 360 423
15 284 324
26 284 324
93 273 418
19 263 284
36 260 270
160 260 270
161 255 350
154 251 323
250 364 401
248 288 311
235 276 426
231 235 426
234 280 355
229 305 395
413 434 442
77 229 320
229 320 395
217 306 348
342 377 428
164 206 414
203 286 349
267 305 394
140 203 286
198 250 397
343 362 446
192 248 361
13 189 190
189 190 294
187 402 408
26 187 324
8 184 371
40 184 371
183 273 392
93 183 273
182 322 338
78 177 245
100 177 245
176 238 303
18 176 303
0 172 335
172 335 365
171 288 425
171 310 439
1 325 397
168 321 344
27 168 321
164 289 410
75 309 382
13 161 230
71 332 345
161 193 230
159 367 406
178 257 354
255 332 350
153 364 401
95 153 364
34 204 252
149 163 179
92 300 433
147 197 309
144 172 411
10 144 411
142 247 404
111 271 356
250 325 401
138 194 292
138 188 292
138 281 422
137 148 355
135 186 326
137 280 355
159 266 339
128 176 238
128 176 429
127 211 445
99 127 211
199 295 312
136 187 324
33 126 279
169 271 356
52 63 205
51 314 373
192 361 369
51 117 373
134 401 431
51 122 123
143 300 433
48 233 439
6 48 431
101 206 414
6 48 124
43 96 408
47 68 340
47 68 409
124 310 384
16 113 157
64 305 400
23 256 287
290 292 419
34 107 298
69 106 236
15 38 221
52 63 136
58 112 242
97 229 305
189 193 230
147 197 407
30 107 298
29 237 308
159 266 406
28 142 388
27 168 414
47 231 340
17 61 287
55 243 436
62 290 419
67 140 264
16 113 301
158 171 310
9 23 201
48 134 431
233 248 439
148 360 430
88 181 426
122 123 387
8 103 184
82 164 410
57 80 423
71 332 353
80 195 387
36 235 260
64 271 368
0 172 315
192 248 311
74 153 209
198 212 250
0 227 315
36 109 235
111 360 423
8 103 437
52 208 324
79 240 434
275 333 336
51 117 123
115 223 308
2 240 262
92 378 382
116 381 393
189 193 296
2 262 424
12 219 262
140 264 286
20 155 159
269 377 428
6 162 330
66 234 280
102 398 420
10 215 411
51 120 310
292 327 375
149 179 434
0 81 227
3 199 318
112 221 242
34 107 252
9 179 440
51 120 387
15 263 284
33 126 417
86 379 418
51 122 387
9 179 245
15 38 263
248 288 439
5 170 294
164 206 289
28 269 388
69 149 413
118 186 326
1 343 397
71 151 345
5 170 241
44 208 399
92 259 382
77 85 229
151 244 296
97 305 394
23 100 287
7 94 255
12 254 262
12 49 424
70 199 318
20 159 367
64 368 400
14 94 255
124 185 310
12 219 424
29 56 237
85 97 229
70 141 318
25 251 323
105 273 418
47 181 231
238 282 303
142 173 247
48 124 185
18 358 372
8 362 366
21 96 333
108 226 338
70 178 253
23 201 347
37 153 272
90 360 430
71 151 353
57 80 195
86 285 418
21 333 336
24 261 274
93 106 183
52 152 191
166 238 282
44 52 191
53 189 294
53 189 448
10 215 281
54 293 380
217 239 348
89 342 391
1 54 293
67 140 203
54 343 359
126 279 432
40 55 125
55 125 436
56 237 358
44 52 208
56 176 358
43 83 408
61 256 287
28 241 269
24 261 284
42 204 252
73 167 442
30 107 363
343 359 362
0 81 358
135 186 236
139 191 278
249 276 426
309 331 382
67 199 203
257 354 357
69 106 183
70 199 357
91 174 427
69 118 186
69 186 236
69 351 413
70 213 225
70 213 386
20 61 155
70 225 253
249 341 426
196 267 394
74 153 289
58 112 165
72 199 357
139 198 278
72 199 312
73 441 442
7 161 255
167 183 351
76 105 391
243 352 436
77 85 329
102 232 420
366 381 393
44 95 399
80 123 423
88 277 426
309 319 380
89 342 377
91 312 427
18 176 358
92 207 259
112 332 345
92 307 378
94 151 353
8 366 381
112 154 165
78 79 434
6 124 162
85 97 329
35 97 329
133 151 296
153 272 399
92 421 433
158 171 425
14 94 353
45 76 105
63 187 402
167 183 392
138 156 281
95 153 399
108 182 338
87 108 349
94 151 244
108 286 349
38 112 332
114 266 409
22 114 266
37 153 289
115 308 374
3 199 299
118 326 438
126 415 417
80 123 387
