375 390 420
31 72 91
295 312 427
150 194 390
150 194 218
196 305 394
199 295 357
25 154 323
194 375 390
34 42 204
48 134 233
295 349 427
174 268 427
35 85 329
61 155 159
29 277 415
215 281 422
84 281 291
163 179 434
25 82 180
14 151 353
396 448 449
112 251 345
48 185 439
40 125 371
99 127 445
38 221 263
19 346 389
67 140 199
42 328 433
199 203 295
283 363 376
46 259 352
145 243 436
224 243 352
153 209 401
55 224 445
15 208 324
8 362 371
152 175 205
145 243 352
125 243 436
54 75 359
137 148 280
171 288 439
192 288 311
198 212 397
48 233 248
162 330 334
192 313 369
120 158 425
129 311 425
10 84 144
70 257 357
113 178 253
75 309 319
301 354 405
174 312 427
131 213 225
41 225 368
64 271 400
18 176 238
77 329 405
64 305 395
231 235 340
36 270 304
277 415 426
246 279 443
33 279 432
246 265 279
39 88 114
181 231 426
201 326 367
56 176 237
188 194 292
23 100 256
10 281 411
81 237 358
200 258 302
117 356 373
200 228 372
10 144 172
169 228 365
101 206 220
101 218 316
162 209 334
133 168 344
5 190 294
130 177 419
78 179 434
60 306 348
78 79 240
62 156 290
78 179 245
23 98 347
69 118 149
167 413 442
240 262 424
28 142 404
45 105 379
269 377 388
105 379 418
69 149 351
53 170 294
342 391 428
13 190 428
53 396 448
133 151 168
13 189 294
14 94 244
38 71 332
7 94 244
38 112 345
44 152 191
38 112 221
134 209 431
112 154 251
25 154 251
124 162 384
330 334 431
119 293 361
54 343 446
43 96 333
99 116 127
99 211 445
211 402 408
210 275 336
83 187 408
14 255 353
71 255 332
261 274 284
87 349 427
55 224 243
34 182 204
46 204 224
87 226 338
87 286 349
108 286 412
203 295 349
140 199 203
34 264 412
3 30 299
67 199 299
92 107 433
3 30 363
108 182 412
30 298 363
107 252 433
30 34 299
107 298 363
30 34 298
182 204 322
34 182 412
34 42 252
42 46 204
42 46 337
42 252 433
46 143 300
46 143 337
42 328 337
204 224 445
40 55 184
145 352 382
125 145 436
259 352 382
46 224 352
125 359 371
54 75 319
359 362 446
75 145 382
331 378 382
75 331 382
92 107 421
92 307 421
283 307 421
3 363 376
66 280 355
11 234 430
148 280 355
11 234 313
75 309 331
66 234 313
66 234 355
197 309 331
54 319 380
147 309 407
147 369 380
197 309 407
192 248 288
313 369 407
147 369 407
129 195 425
158 171 439
6 124 185
51 310 411
185 310 439
120 195 425
120 195 387
129 214 311
11 192 313
90 214 430
90 129 214
57 129 195
111 129 423
90 129 360
111 271 368
57 129 423
113 178 301
121 131 148
121 131 213
41 131 225
121 137 148
137 376 378
137 280 378
121 141 386
121 213 386
70 141 386
3 318 376
295 312 357
31 72 354
72 312 357
31 174 405
4 317 416
91 174 312
31 354 405
72 91 312
31 91 174
178 257 357
70 178 257
113 157 253
178 301 354
174 268 405
77 383 405
77 305 395
64 267 305
16 301 405
320 383 405
16 157 368
111 129 360
77 229 305
18 200 372
169 258 271
18 200 302
128 166 238
128 265 429
258 267 282
166 196 282
229 305 394
166 196 394
35 85 97
246 416 443
246 317 416
4 270 416
4 304 317
36 160 270
4 270 304
36 160 260
36 109 260
109 235 260
160 249 276
160 260 276
341 417 426
68 109 340
109 235 340
415 417 426
231 276 426
249 341 417
176 429 432
29 56 415
33 279 443
265 279 429
33 249 443
160 249 443
35 128 265
33 126 432
279 429 432
126 176 432
18 176 372
176 237 358
50 146 291
39 308 374
22 39 374
56 126 415
56 126 176
68 406 409
22 39 114
20 68 406
20 159 406
155 159 339
17 256 287
17 61 256
17 61 155
17 115 223
50 146 447
81 223 447
17 50 287
215 281 411
156 281 291
81 227 447
10 84 281
144 146 172
146 315 447
146 172 315
227 315 447
0 335 372
169 356 365
172 365 373
356 365 373
117 356 423
41 111 368
41 111 360
111 356 423
57 123 423
117 123 423
57 195 387
57 80 387
57 80 123
172 314 373
51 314 411
185 310 384
120 310 387
80 122 387
239 306 348
215 217 422
218 239 422
27 321 344
102 132 398
150 390 420
194 292 327
232 375 420
65 132 321
12 49 254
2 327 375
194 327 375
219 262 424
232 375 424
2 375 424
138 188 194
62 292 419
188 290 292
62 290 292
110 177 419
50 110 291
62 110 419
50 110 287
2 240 327
100 256 287
78 79 177
78 100 177
23 98 256
20 98 256
20 68 367
20 98 367
98 347 367
9 201 440
201 347 367
68 135 326
68 326 367
186 236 326
186 326 438
118 186 438
240 262 434
149 413 434
78 100 245
79 130 177
79 130 327
78 240 434
79 240 327
2 240 424
247 262 434
247 413 442
142 377 388
167 441 442
247 413 434
142 173 441
149 163 434
69 183 351
167 351 392
135 236 326
106 135 236
183 351 392
285 379 418
86 135 285
86 285 379
45 76 86
45 86 379
73 273 392
89 105 391
73 89 441
269 342 428
269 342 377
76 391 428
28 170 241
5 190 428
142 173 404
173 247 404
247 262 370
49 102 232
28 170 404
170 403 404
49 102 403
232 398 420
132 321 398
102 232 398
65 132 449
102 132 396
65 344 449
65 321 344
132 396 449
133 296 344
189 296 448
13 190 294
53 170 396
189 294 448
170 241 294
53 294 448
5 241 294
296 448 449
193 230 296
189 230 296
13 189 230
13 193 230
296 344 449
14 151 244
161 346 428
13 161 428
161 255 332
15 221 263
161 332 350
38 332 350
15 26 324
24 274 284
38 71 345
272 385 399
165 272 385
208 385 399
37 289 323
154 165 323
25 251 435
251 345 435
25 180 435
25 82 410
104 202 220
32 59 104
101 220 316
59 60 348
60 310 384
104 220 316
162 202 384
74 202 220
104 202 384
32 104 316
124 185 384
119 134 233
1 250 325
119 233 248
6 48 185
134 209 401
74 206 289
209 334 431
74 206 220
95 153 401
95 153 272
119 134 325
95 272 399
212 278 444
198 212 278
44 191 364
54 359 446
212 250 444
95 364 401
325 364 401
134 325 401
293 361 380
119 248 361
1 293 325
119 293 325
1 54 343
359 362 371
212 250 397
343 397 446
55 184 445
8 381 437
8 362 381
362 366 381
198 397 446
139 152 191
52 136 205
139 366 393
362 366 446
99 116 402
116 175 393
211 297 408
210 297 408
63 136 205
63 136 187
63 205 402
99 211 402
44 52 152
52 152 205
208 242 385
44 52 324
208 221 242
15 208 221
15 26 284
44 208 324
52 136 324
26 83 187
83 96 408
15 19 284
19 24 284
15 19 263
38 263 350
161 350 389
263 350 389
19 24 346
19 263 389
161 346 389
43 83 96
43 216 333
43 83 261
210 275 297
21 96 408
320 400 405
102 396 403
167 392 441
320 383 395
77 383 395
16 368 400
95 364 399
361 369 380
148 355 430
266 339 409
143 337 433
328 337 433
130 327 419
292 327 419
250 325 444
204 322 445
147 309 380
239 306 422
217 306 422
288 311 425
283 376 378
196 282 305
267 282 305
282 302 303
93 273 418
21 336 408
173 247 441
247 441 442
247 403 404
247 370 403
241 269 428
18 238 302
228 335 372
223 237 308
101 218 420
59 218 348
216 222 275
60 215 310
92 207 433
207 300 433
164 206 414
345 353 435
203 286 349
140 203 286
74 202 209
201 326 438
48 248 439
197 331 378
197 313 407
66 197 313
11 192 430
192 248 361
191 278 444
187 402 408
26 187 324
8 184 371
40 184 371
183 273 392
93 183 273
182 322 338
192 311 430
179 438 440
110 177 287
0 172 335
172 335 365
73 392 441
171 288 425
168 180 435
58 165 242
164 289 410
164 168 180
164 168 414
61 159 256
157 225 253
157 225 368
201 438 440
149 163 438
16 400 405
149 167 351
159 406 409
75 145 359
152 175 393
140 286 412
140 264 412
215 310 411
234 355 430
111 271 356
139 366 446
169 200 258
138 281 422
138 218 422
325 364 444
138 194 218
5 241 428
134 330 431
214 311 430
41 131 360
138 156 188
128 176 238
128 176 429
103 127 184
136 187 324
126 249 417
169 271 356
33 126 249
20 159 256
51 314 373
192 361 369
51 117 373
27 101 420
143 300 433
17 50 223
101 206 414
163 179 438
64 258 271
47 68 340
12 262 370
47 68 409
16 113 157
156 188 290
39 237 308
6 48 330
121 141 318
121 318 376
34 107 298
69 106 236
34 67 299
258 282 302
58 112 242
59 104 384
34 67 264
29 39 88
29 88 277
103 116 127
28 142 388
218 239 348
27 168 414
35 246 317
47 231 340
27 168 344
125 145 359
67 140 264
35 304 317
27 101 414
16 113 301
139 152 393
9 23 201
44 208 364
29 39 56
27 321 398
7 14 94
148 360 430
88 181 426
81 223 237
48 134 330
8 103 184
12 49 232
120 158 439
151 168 435
82 164 410
107 283 421
35 304 329
165 242 385
0 172 315
74 153 209
7 193 296
0 227 315
150 218 420
0 176 372
8 103 437
49 370 403
7 244 296
275 333 336
64 258 267
51 117 123
32 59 218
115 223 308
7 14 255
92 378 382
116 381 393
10 172 314
12 219 262
6 162 330
35 246 265
47 266 409
9 23 100
139 198 446
115 155 339
1 250 397
12 254 370
106 135 285
116 381 437
0 81 227
3 199 318
112 221 242
34 107 252
9 179 440
93 285 418
88 114 181
97 166 394
116 205 402
51 80 122
43 216 274
238 302 303
51 122 387
9 179 245
248 288 439
164 206 289
28 269 388
87 226 286
170 396 403
118 149 438
1 343 397
51 310 387
92 259 382
77 85 229
71 255 345
50 223 447
27 398 420
151 244 296
84 146 291
228 335 365
12 232 424
210 336 408
51 80 123
70 199 318
47 114 266
25 289 410
12 219 424
10 314 411
22 115 266
162 202 209
85 97 229
39 56 237
7 13 161
159 339 409
70 141 318
105 273 418
270 416 443
47 181 231
238 282 303
115 266 339
231 260 276
72 178 357
255 345 353
151 353 435
32 218 316
64 320 400
49 254 370
100 177 287
46 207 300
268 405 427
7 13 193
21 96 333
108 226 338
25 289 323
70 178 253
23 201 347
24 216 274
26 261 284
37 153 272
90 360 430
22 115 374
37 165 323
322 338 445
93 106 285
21 333 336
93 106 183
271 368 400
166 238 282
54 293 380
24 216 222
89 342 391
1 54 293
283 307 378
55 125 243
40 55 125
59 60 384
60 215 217
60 217 306
169 200 228
0 176 358
28 241 269
62 156 291
160 270 443
62 110 291
329 405 427
24 222 346
0 81 358
139 191 278
66 197 378
249 276 426
66 280 378
43 261 274
37 165 272
69 106 183
70 199 357
69 118 186
69 186 236
231 235 260
9 100 245
70 213 225
70 213 386
70 225 253
249 341 426
72 178 354
74 153 289
58 112 165
139 198 278
7 161 255
208 364 399
76 105 391
82 164 180
77 85 329
366 381 393
88 277 426
84 144 146
89 142 441
73 89 273
89 105 273
309 319 380
89 342 377
92 207 259
92 307 378
127 184 445
116 175 205
112 154 165
149 167 413
35 97 128
97 128 166
6 124 162
97 229 394
133 151 296
46 207 259
103 116 437
158 171 425
47 114 181
45 76 105
63 187 402
138 156 281
107 283 363
131 148 360
108 182 338
22 114 266
191 364 444
26 83 261
17 115 155
37 153 289
115 308 374
3 199 299
89 142 377
64 320 395
120 310 439
216 275 333
126 415 417
121 137 376
108 226 286
