-1911.82 1403.19
-360.873 -1747.88
-1408.96 -774.345
-1490.1 -586.232
685.973 1529.07
-1641.11 1928.25
-795.011 1380.58
441.21 -688.252
1980.86 1830.54
-1197.76 1975.69
-1463.29 -1005.85
-1676.04 -1797.79
-891.2 -603.452
1602.09 -1353.68
110.559 998.191
-165.165 198.738
401.379 1473.96
450.855 992.414
-1300.38 960.754
-1593.82 1385.59
489.828 -1234.93
1313.84 1694.82
-1854.35 -244.954
-993.435 -1873.49
-414.412 -191.19
-1897.8 122.297
802.962 -1573.85
324.511 1911.76
-177.301 -73.395
-1441.92 1933.26
-1075.2 392.918
131.996 1326.17
-133.12 -1417.15
318.589 566.497
1543.6 724.771
-47.9134 33.433
1489.84 -734.077
-271.749 1635.49
1020.97 734.816
1762 -1393.44
-1456.37 1864.19
728.856 1346.59
-1709.66 -946.634
1258.35 113.043
979.971 1816.43
46.3008 1904.77
209.352 -1821.7
1230.94 -1923.77
-1238.85 -450.468
642.73 -1695.25
-1725.7 -1405.18
338.185 1764.14
-139.26 -1933.56
1399.63 -1118.29
801.251 1161.63
-511.732 1344.88
1025.82 -1782.88
691.464 1316.16
-729.511 -50.1853
-570.794 -1749.54
-233.752 1475.51
-1844.77 1975.6
1653.8 1386.17
-1948.17 -1585.05
-1064.3 694.563
-1280.3 -789.995
1289.38 1057.89
-1025.85 -849.88
1124.32 -1626.22
31.8292 -74.4263
1535.4 1520.1
-729.55 561.224
1737.22 1961.91
-122.613 -992.291
-88.2707 1306.59
-741.831 1677.98
782.099 -586.603
1653.58 435.903
-1200.43 1705.41
850.853 -264.73
399.975 1570.56
945.275 -310.645
628.443 1919.42
839.475 -247.235
-1706.8 -1128.7
1678.34 1828.6
-1608.6 -1051.21
389.828 -1871.38
-1089.3 -1732.78
-863.67 822.433
1573.81 394.499
500.411 355.907
1807.9 153.989
-1208.19 -1392.54
-140.599 1642.66
342.734 -1740.62
1213.22 -711.991
-51.2686 -158.338
-792.569 -1211.79
1594.43 -499.369
-340.49 1272.77
-670.764 50.9113
-1778.45 1719.06
179.532 -867.741
1986.28 1315.86
1954.69 1560.09
-289.639 455.103
-84.0057 -481.742
-1390.91 707.804
125.722 468.493
350.468 -1531.54
727.87 -436.314
-243.535 -1323.4
1405.35 963.896
-535.193 999.775
-1535.47 1124.32
272.54 -206.237
-824.771 494.095
-487.173 1354.76
1626.35 -500.894
670.623 1581.05
-940.807 -1619.02
36.1491 975.187
-100.759 645.241
-317.008 -1975.04
-886.265 -1966.54
-1506.58 1841.6
-402.854 249.884
-1481.79 -997.506
-786.22 -16.9868
-1997.73 -321.693
-892.669 274.809
1472.07 282.56
-1231.1 -1015.1
-362.679 -1604.74
484.002 -1692.06
1976.3 1543.2
-1311.07 12.4533
518.383 588.169
-1342.31 -1798.63
613.132 -228.571
-1765.17 1106.55
-386.966 -168.021
-643.565 131.24
834.473 570.215
-1885.75 836.741
-1751.48 -778.416
-888.45 1720.59
1504.14 -119.546
-1294.51 -858.534
