13 170 332
14 184 191
28 242 385
159 201 205
182 243 379
117 186 242
249 275 317
97 145 239
226 301 336
110 228 365
19 207 215
12 279 317
38 373 374
57 182 379
87 303 329
118 195 265
133 150 203
61 318 396
149 289 388
166 292 341
89 99 292
156 175 312
6 222 293
35 272 356
76 81 354
65 243 379
10 78 81
197 242 285
86 242 386
126 173 188
56 308 371
87 339 360
156 210 323
218 306 368
65 287 379
22 172 243
192 294 390
337 369 371
22 223 280
108 172 308
176 230 298
127 234 286
5 114 269
57 182 327
78 330 392
182 223 245
12 88 163
22 182 223
69 157 373
124 168 252
249 368 390
26 157 344
145 171 219
145 219 239
86 281 375
38 215 373
69 103 373
67 97 145
30 94 164
36 174 284
174 284 342
21 41 290
124 333 396
195 228 374
44 227 236
159 278 361
34 61 93
125 310 393
125 234 286
144 220 298
5 34 333
80 93 398
18 36 47
8 176 349
230 246 399
95 229 288
49 74 326
1 166 267
8 75 176
246 288 305
189 250 268
23 300 362
1 187 264
147 316 357
1 187 341
96 183 393
1 166 341
230 298 348
73 220 298
62 82 191
96 149 259
55 141 211
119 211 299
64 128 372
107 128 351
53 63 199
167 202 235
39 247 345
107 345 372
39 63 372
27 42 321
35 132 356
148 248 251
25 132 162
179 224 339
148 248 395
185 209 324
184 261 367
84 331 391
84 324 391
196 352 395
28 170 285
197 242 385
313 340 386
28 197 385
81 242 285
28 197 285
10 81 242
81 208 285
78 81 354
328 330 354
135 320 392
60 76 208
60 76 354
13 60 208
170 208 285
76 81 208
57 72 153
65 108 217
78 330 354
57 153 327
139 188 355
13 170 208
328 332 355
170 332 355
28 170 238
186 238 347
25 77 162
35 225 366
29 186 347
29 117 186
29 117 276
35 77 276
35 77 132
25 77 132
132 162 271
77 162 389
50 179 204
177 204 266
50 179 210
50 56 210
56 266 308
126 139 188
56 210 359
22 172 384
172 308 371
65 108 243
22 182 243
88 163 245
172 369 371
121 156 323
108 172 243
56 359 371
121 156 167
210 323 359
323 359 371
235 304 336
121 323 337
323 337 371
22 301 384
226 304 336
167 235 304
180 235 257
226 301 384
222 280 294
4 32 112
192 280 294
32 222 293
32 306 368
142 192 280
275 279 317
142 297 317
182 245 327
72 161 287
153 320 327
72 153 330
135 163 194
153 320 330
194 313 340
135 163 320
135 194 313
135 313 392
10 78 392
320 330 392
10 313 386
10 313 392
71 343 386
190 340 386
10 242 386
68 97 375
190 275 380
190 275 279
9 200 249
71 190 380
71 311 380
71 190 386
9 249 368
200 311 380
9 171 200
281 311 343
71 311 343
32 222 294
265 306 365
9 218 368
9 218 240
4 118 265
195 374 387
3 227 236
38 374 387
195 265 365
195 377 387
110 228 374
195 228 365
26 240 344
110 344 374
110 306 365
171 219 239
97 239 281
109 171 239
67 69 157
67 68 97
43 103 207
281 343 386
11 68 69
97 281 375
86 281 386
314 358 375
86 314 375
24 314 358
24 70 394
43 133 207
30 94 394
43 59 255
116 133 207
43 255 338
11 52 103
11 69 103
67 145 157
67 68 69
19 38 215
3 19 227
21 48 290
48 146 198
48 146 213
3 19 213
116 133 203
116 203 212
94 164 342
260 284 342
21 164 212
79 155 290
36 47 174
18 36 284
111 256 319
111 260 319
41 47 229
41 155 290
75 176 216
15 79 155
79 198 318
15 155 378
15 233 382
198 318 396
15 79 318
15 318 382
34 61 396
34 333 396
20 61 93
19 38 227
38 227 387
44 227 387
44 377 387
118 195 377
3 33 236
33 236 252
32 112 293
6 90 293
90 118 293
6 90 336
5 269 333
114 257 336
235 257 336
34 270 398
114 152 257
136 201 302
136 201 205
201 257 302
127 234 270
127 136 270
136 302 363
241 310 393
183 370 393
144 220 237
127 206 286
17 205 206
127 136 206
136 205 206
125 370 393
73 220 237
8 349 370
183 349 370
144 183 349
96 144 183
80 282 315
20 80 93
8 75 263
216 230 244
8 234 270
34 136 270
34 93 398
8 270 398
15 233 378
216 282 315
75 263 315
233 282 382
75 216 315
254 326 399
74 260 319
49 74 305
49 246 326
296 300 362
246 326 399
23 267 399
46 230 244
46 230 246
49 246 305
176 216 230
1 264 348
264 298 348
187 264 298
1 267 348
99 166 292
160 292 341
98 296 362
101 291 357
147 151 316
101 296 357
62 101 291
51 143 291
14 82 191
62 143 291
7 147 151
98 151 316
89 258 292
31 89 99
130 268 346
100 191 383
62 100 191
37 130 191
258 292 383
37 191 383
100 258 383
160 189 250
73 160 341
96 144 237
96 237 259
130 189 268
130 165 346
149 241 273
149 274 388
149 253 274
154 253 274
262 325 376
45 253 262
115 184 295
115 154 295
115 321 367
115 184 367
14 261 299
14 184 261
2 14 299
0 42 321
261 299 350
63 64 372
119 138 211
55 138 351
55 138 211
27 42 350
42 141 211
64 277 289
149 273 289
17 241 273
120 199 278
102 120 278
17 102 273
102 120 273
53 199 278
17 159 205
159 201 361
201 257 361
58 202 235
58 180 235
53 278 283
39 53 63
39 53 202
16 54 247
66 175 312
54 131 137
179 312 339
107 231 345
39 345 372
107 231 351
107 128 372
54 137 247
131 137 364
40 105 106
66 169 175
329 335 360
123 214 335
40 106 303
40 105 122
40 303 329
66 312 339
66 106 169
224 271 339
271 339 360
87 329 360
92 329 335
85 196 397
35 225 272
117 225 366
123 232 272
225 232 272
335 353 356
272 353 356
117 225 232
123 335 353
123 272 353
40 92 329
104 334 391
92 134 335
214 232 397
134 214 335
123 214 232
83 104 193
140 331 397
85 104 391
113 196 397
196 307 395
113 158 196
40 122 158
119 148 299
138 351 364
122 129 364
83 307 395
2 209 251
82 209 324
324 334 391
83 104 334
193 196 307
83 193 307
85 104 193
85 193 196
84 140 331
82 84 324
335 356 360
29 347 389
178 346 381
249 317 390
86 314 394
297 317 390
218 306 344
110 306 344
176 298 349
144 298 349
190 279 340
181 277 388
165 346 381
132 271 356
23 267 362
261 321 367
74 260 326
27 261 321
30 255 394
198 252 396
2 251 299
148 251 299
239 281 311
237 259 376
296 316 357
229 288 319
229 256 319
229 233 378
95 229 233
237 250 376
8 263 398
254 260 300
226 304 337
218 240 344
216 244 288
179 210 312
156 210 312
177 204 224
179 204 224
16 202 247
254 260 326
39 202 247
199 273 289
120 199 273
79 198 290
45 191 295
184 191 295
186 238 242
178 268 346
178 262 325
178 262 381
178 250 268
162 177 389
162 177 271
108 217 308
173 188 238
173 238 347
172 226 369
172 226 384
109 171 311
171 200 311
9 171 240
170 188 238
168 236 252
124 252 396
165 262 381
45 165 262
45 165 191
130 165 191
30 164 255
163 320 327
160 189 322
160 292 322
41 155 229
0 154 321
115 154 321
152 257 302
152 302 363
109 239 311
150 255 338
150 164 212
96 149 393
149 241 393
149 259 376
149 262 376
51 143 147
7 143 147
28 238 242
142 221 223
142 223 280
141 181 277
139 217 287
53 58 283
11 52 68
51 147 357
4 265 306
54 106 169
185 248 251
47 229 256
45 154 295
177 224 271
100 143 258
101 260 296
32 294 390
26 145 171
58 91 180
44 118 377
44 118 168
43 133 150
142 192 390
43 52 59
24 314 394
35 117 366
42 211 299
0 42 181
2 14 209
24 52 70
142 297 390
4 112 118
185 209 251
155 229 378
83 324 334
95 216 233
37 292 383
95 216 288
35 117 276
7 31 151
42 299 350
137 231 345
63 64 289
43 52 103
113 134 158
44 168 236
3 33 213
31 98 99
53 58 202
46 246 288
91 180 257
27 261 350
32 368 390
103 207 215
8 125 370
149 253 262
157 344 373
88 223 245
4 32 306
17 286 309
33 198 252
0 181 388
26 145 157
6 222 301
33 146 213
45 154 253
74 288 319
130 189 322
17 102 278
41 47 174
21 212 213
31 89 258
249 275 380
167 304 337
37 292 322
17 159 278
126 217 308
42 141 181
216 233 282
46 244 288
0 274 388
0 154 274
64 128 351
194 279 340
266 308 389
277 289 388
5 136 363
116 212 213
8 125 234
177 266 389
18 111 260
21 41 174
43 150 338
344 373 374
33 146 198
23 254 300
16 156 175
20 61 382
72 161 328
129 138 364
40 92 158
16 156 167
31 98 151
5 34 136
48 198 290
163 245 327
23 254 399
124 168 269
16 167 202
121 167 337
54 105 106
178 250 325
26 171 240
16 54 169
18 47 111
24 52 358
116 207 213
125 286 309
17 309 310
18 260 284
58 91 283
7 31 143
47 111 256
125 309 310
22 222 280
21 48 213
200 249 380
119 148 395
14 82 209
90 114 269
21 174 342
22 222 301
6 301 336
150 203 212
12 163 194
55 64 351
17 206 286
17 241 310
57 72 379
16 169 175
50 56 204
56 204 266
271 356 360
52 59 70
59 70 394
88 142 317
91 257 361
59 255 394
98 296 316
60 328 354
129 196 352
226 337 369
13 60 332
161 287 355
137 351 364
31 143 258
61 318 382
119 352 395
139 287 355
73 187 341
55 64 141
21 164 342
29 77 276
68 358 375
98 267 362
83 185 324
173 347 389
72 328 330
73 187 298
60 328 332
66 106 339
73 160 250
73 237 250
74 288 305
37 130 322
98 99 166
80 263 398
20 80 382
80 282 382
103 215 373
230 348 399
83 248 395
83 185 248
85 331 391
85 331 397
87 106 303
113 134 214
88 142 221
88 221 223
92 134 158
12 88 317
90 114 336
90 118 168
119 138 352
90 168 269
63 199 289
91 278 361
137 231 351
91 278 283
80 263 315
129 138 352
72 287 379
150 164 255
170 188 355
98 166 267
161 328 355
65 217 287
51 291 357
64 141 277
62 100 143
137 247 345
112 118 293
250 325 376
52 68 358
113 214 397
260 296 300
54 105 131
5 114 363
114 152 363
117 140 397
122 129 196
117 232 397
105 122 131
19 207 213
122 131 364
122 158 196
29 77 389
124 269 333
126 139 217
126 308 389
126 173 389
12 194 279
87 106 339
267 348 399
