328 332 354
13 170 332
14 184 191
28 242 385
161 328 330
159 201 205
182 243 379
287 328 355
117 186 242
249 275 317
97 145 239
226 301 336
181 277 289
38 373 374
294 368 390
57 182 379
118 195 265
61 318 396
149 289 388
166 292 341
17 102 159
89 99 292
156 175 312
6 222 293
119 138 364
13 332 354
65 243 379
10 78 81
86 242 386
126 173 188
50 56 266
56 308 371
87 339 360
156 210 323
218 306 368
65 287 379
192 294 390
337 369 371
176 230 298
5 114 269
4 32 265
9 26 171
57 182 327
78 330 392
182 223 245
142 192 297
12 88 163
12 88 221
69 157 373
200 249 275
249 368 390
26 157 344
145 219 239
86 281 375
43 133 338
19 116 213
38 215 373
103 207 373
69 103 373
67 97 145
30 59 255
174 284 342
21 41 290
124 333 396
195 228 374
257 302 363
44 227 236
44 168 377
34 61 93
8 263 315
180 257 361
125 234 286
144 220 298
5 34 333
48 79 290
80 93 398
18 36 47
95 233 378
18 111 284
229 256 288
256 288 319
8 176 349
95 229 288
49 74 326
8 75 176
23 300 362
147 316 357
1 187 341
96 183 393
1 166 341
230 298 348
237 250 259
73 220 298
62 82 191
181 289 388
45 184 191
119 211 299
64 128 372
107 128 351
53 63 199
173 266 389
156 179 312
39 247 345
53 202 283
27 42 321
148 352 395
25 132 162
179 224 339
188 238 355
83 185 395
148 248 395
185 209 324
184 261 367
185 248 395
2 82 209
196 352 395
197 242 385
313 340 386
28 197 385
10 81 242
81 208 285
328 330 354
135 320 392
60 76 208
60 76 354
13 60 208
13 60 354
170 208 285
76 81 208
161 287 328
245 320 327
65 108 217
78 330 354
139 188 355
139 217 355
13 170 208
328 332 355
170 238 355
170 332 355
29 173 389
28 170 238
188 238 347
186 238 347
25 77 162
29 117 186
77 276 389
29 117 276
35 77 276
132 162 271
29 276 389
77 162 389
177 179 224
177 204 266
50 179 210
50 56 210
156 179 210
56 266 308
50 204 266
173 266 308
173 188 347
126 139 188
126 173 308
65 108 243
22 182 243
88 163 245
172 369 371
121 156 323
172 369 384
108 172 243
121 156 167
210 323 359
323 359 371
121 304 337
121 167 304
12 142 221
167 235 304
226 369 384
222 280 301
226 301 384
222 280 294
4 32 112
32 306 368
109 171 200
275 279 317
142 297 317
192 297 390
12 163 279
221 223 280
163 245 320
182 245 327
72 161 330
72 161 287
153 320 327
72 153 330
194 313 340
135 163 320
135 194 313
10 78 392
71 343 386
190 340 386
68 97 375
190 275 380
190 275 279
9 200 249
200 275 380
71 190 380
71 311 380
71 190 386
9 26 240
200 311 380
9 171 200
109 200 311
71 311 343
32 294 368
32 222 294
32 265 306
265 306 365
9 218 240
4 118 265
3 227 236
38 374 387
195 265 365
110 228 374
195 228 365
26 240 344
110 344 374
97 239 281
67 69 157
67 68 97
43 103 207
281 343 386
97 281 375
52 70 358
86 281 386
314 358 375
86 314 375
24 314 358
24 70 394
24 70 358
24 86 394
24 86 314
43 59 103
43 133 207
30 94 394
30 59 394
43 59 255
116 133 207
43 255 338
52 59 103
11 52 103
67 145 157
19 38 215
207 215 373
3 19 227
48 146 198
3 19 213
48 116 213
150 164 203
116 133 203
116 203 212
94 164 342
260 284 342
164 174 342
48 116 212
48 79 198
164 203 212
79 155 290
111 256 319
111 260 319
21 41 47
41 155 290
75 176 216
15 79 155
41 155 378
79 198 318
15 155 378
198 318 396
124 168 333
20 61 93
19 38 227
3 33 146
38 227 387
44 227 387
44 377 387
118 195 377
3 33 236
33 236 252
44 236 252
118 168 377
4 112 293
6 90 293
114 257 336
5 114 152
5 34 363
34 270 398
5 152 363
114 152 257
152 257 363
34 136 363
127 234 270
127 136 270
136 302 363
241 310 393
183 370 393
144 220 237
127 136 206
8 349 370
183 349 370
144 183 349
96 144 183
80 282 315
8 75 263
216 230 244
34 136 270
34 93 398
8 315 398
216 282 315
80 315 398
75 263 315
233 282 382
75 216 315
95 216 282
20 282 382
95 229 378
95 233 282
254 326 399
288 305 319
111 260 284
101 260 300
74 260 319
49 246 326
296 300 362
246 326 399
254 300 399
23 267 399
46 230 244
46 230 246
49 246 305
144 176 349
176 216 230
1 264 348
264 298 348
144 176 298
23 300 399
99 166 267
99 166 292
98 316 357
23 98 362
98 296 362
101 296 300
98 296 357
147 151 316
147 291 357
7 143 258
62 101 291
14 82 191
51 147 291
62 143 291
7 51 147
7 147 151
98 151 316
89 258 292
31 89 99
62 143 258
130 268 346
100 191 383
62 100 191
62 100 258
100 258 383
73 160 341
96 144 237
96 237 259
130 189 268
130 165 346
253 262 376
250 259 325
149 241 273
149 274 388
149 253 274
259 325 376
154 253 274
45 130 165
262 325 376
262 325 381
45 130 191
178 325 381
45 184 295
0 115 321
154 274 388
115 184 295
0 115 154
115 154 295
115 321 367
27 321 367
115 184 367
2 14 299
0 42 321
261 299 350
55 64 277
63 64 372
55 138 351
55 141 277
27 42 350
64 277 289
149 273 289
17 241 273
58 202 283
17 102 273
102 120 273
17 159 205
159 201 361
58 180 235
91 283 361
91 180 361
53 278 283
39 53 63
39 53 202
66 175 312
54 131 137
16 54 175
179 312 339
107 231 351
107 128 372
131 137 364
329 335 360
123 214 335
40 105 122
40 303 329
66 106 303
66 312 339
66 106 169
66 87 339
66 87 303
92 329 335
132 335 356
117 225 366
123 232 272
225 232 272
335 353 356
272 353 356
117 225 232
123 335 353
123 272 353
40 92 329
104 334 391
92 134 335
214 232 397
134 214 335
123 214 232
92 113 134
140 331 397
85 104 391
196 307 395
113 158 196
40 122 158
119 148 352
119 148 299
138 351 364
122 129 364
83 307 395
2 14 82
2 209 251
82 209 324
324 334 391
85 391 397
193 196 307
83 193 307
85 104 193
84 140 331
331 391 397
82 84 324
233 378 382
374 377 387
178 346 381
324 331 391
292 322 341
249 317 390
310 370 393
297 317 390
125 310 370
195 374 377
218 306 344
110 306 344
87 303 360
303 329 360
201 302 361
101 291 296
22 280 384
190 279 340
165 346 381
35 272 366
225 272 366
74 260 326
260 300 326
258 292 322
198 252 396
2 251 299
148 248 299
230 246 348
246 348 399
22 243 384
239 281 343
8 234 398
234 270 398
107 231 372
231 345 372
110 228 306
226 304 337
226 235 304
224 271 360
224 339 360
221 280 294
218 240 344
9 218 249
218 249 368
216 244 288
48 212 290
21 212 290
10 242 313
206 234 286
127 206 234
17 205 309
201 205 302
150 203 338
16 202 247
39 202 247
199 273 289
120 199 273
184 261 299
14 184 299
182 223 280
180 257 336
180 235 336
186 238 242
178 268 346
178 250 268
162 177 389
162 177 271
108 217 308
164 174 212
21 174 212
149 259 393
28 170 197
254 300 326
96 259 393
22 182 280
124 252 396
166 267 348
1 166 348
165 262 381
165 253 262
45 165 253
160 189 322
160 189 268
159 283 361
159 278 283
153 330 392
30 150 255
109 239 311
150 255 338
149 241 393
149 259 376
142 192 294
28 238 242
142 279 317
142 221 294
141 181 277
11 52 68
50 177 204
104 193 334
49 74 319
15 378 382
54 106 169
257 302 361
185 248 251
47 229 378
47 229 256
46 288 305
45 154 295
177 224 271
53 120 278
44 124 168
58 91 180
35 117 366
42 211 299
0 42 181
185 209 251
42 55 211
113 193 196
205 286 309
81 197 242
83 324 334
95 216 288
83 193 334
12 142 279
37 258 383
35 117 276
7 31 151
42 299 350
108 172 371
137 231 345
7 143 291
63 64 289
31 98 99
27 261 350
50 177 179
26 145 219
26 171 219
41 47 378
242 313 386
37 258 322
8 125 370
44 124 252
157 344 373
88 223 245
4 90 118
39 63 345
33 198 252
85 193 397
0 181 388
136 206 302
26 145 157
6 222 301
34 61 333
55 119 211
29 173 186
3 48 213
45 154 253
0 154 388
153 320 392
130 189 322
31 89 258
1 264 298
126 217 308
42 141 181
116 207 215
46 244 288
46 246 305
6 114 336
5 168 333
64 128 351
194 279 340
121 323 371
8 125 234
6 90 114
42 55 141
177 266 389
7 31 258
21 36 174
49 305 319
23 98 99
30 94 150
23 99 267
344 373 374
33 146 198
248 251 299
217 287 355
16 156 175
16 137 247
20 61 382
40 92 158
16 156 167
31 98 151
16 167 202
54 105 106
178 250 325
149 253 376
119 352 364
18 47 111
133 203 338
16 54 137
11 67 103
125 286 309
17 309 310
81 197 285
160 250 268
18 174 284
58 91 283
47 111 256
125 309 310
56 210 371
90 114 269
102 120 159
6 301 336
4 90 293
21 36 47
55 64 351
35 132 272
291 296 357
18 36 174
25 35 132
10 135 313
17 241 310
57 72 379
120 159 278
170 197 285
58 167 202
58 167 235
52 59 70
59 70 394
129 196 352
226 337 369
79 318 382
137 351 364
61 333 396
61 318 382
63 345 372
10 135 392
73 187 341
67 69 103
108 308 371
68 358 375
210 359 371
226 235 336
25 35 77
76 78 354
83 185 324
72 153 327
57 72 327
7 51 291
73 187 298
53 120 199
160 322 341
73 160 250
55 119 138
76 78 81
37 130 322
15 79 382
280 301 384
172 243 384
20 93 282
113 134 214
173 186 347
88 221 223
90 118 168
90 168 269
63 199 289
129 352 364
220 237 250
137 231 351
27 261 367
92 113 158
80 93 282
72 287 379
54 66 175
94 150 164
112 222 293
11 67 68
65 217 287
239 311 343
40 105 303
105 106 303
137 247 345
54 66 169
109 219 239
109 171 219
32 112 222
52 68 358
132 271 360
205 206 302
113 193 397
113 214 397
54 105 131
1 187 298
19 116 215
117 140 397
122 129 196
117 232 397
121 337 371
105 122 131
122 131 364
122 158 196
73 220 250
37 130 383
5 168 269
126 139 217
84 324 331
130 191 383
132 272 356
3 48 146
132 335 360
205 206 286
135 194 279
135 163 279
267 348 399
228 306 365
