328 332 354
13 170 332
14 184 191
28 242 385
161 328 330
249 275 317
226 301 336
65 287 355
110 228 365
19 207 215
157 373 374
118 195 265
133 150 203
137 231 247
166 292 341
89 99 292
156 175 312
6 222 293
64 199 289
154 181 388
63 64 199
119 138 364
57 287 379
65 243 379
10 78 81
197 242 285
86 242 386
126 173 188
65 217 355
50 56 266
56 308 371
87 339 360
54 169 175
218 306 368
65 287 379
192 294 390
6 222 336
78 330 392
182 223 245
142 192 297
12 88 163
26 157 171
12 88 221
69 157 373
124 168 252
249 368 390
26 157 344
145 171 219
145 219 239
145 157 171
19 116 213
38 215 373
103 207 373
69 103 373
30 94 164
30 59 255
36 174 284
174 284 342
21 41 290
157 344 374
146 198 252
124 333 396
33 146 252
44 168 377
34 61 93
125 310 393
180 257 361
125 234 286
144 220 298
5 34 333
48 79 290
80 93 398
95 233 378
8 176 349
230 246 399
95 229 288
49 74 326
8 234 370
8 75 176
96 149 241
147 316 357
96 183 393
1 166 341
73 220 298
7 151 258
96 241 393
165 178 346
96 149 259
45 184 191
55 141 211
119 211 299
120 273 289
107 128 351
53 63 199
167 202 235
173 266 389
156 179 312
39 247 345
53 202 283
107 345 372
27 42 321
35 132 356
25 132 162
179 224 339
148 248 395
185 209 324
28 186 238
184 261 367
2 82 209
209 248 251
84 331 391
84 324 391
196 352 395
197 242 385
313 340 386
28 197 385
81 242 285
10 81 242
81 208 285
328 330 354
135 320 392
60 76 208
60 76 354
13 60 208
76 81 208
57 72 287
57 72 153
78 330 354
139 188 355
139 217 355
328 332 355
29 173 389
108 126 308
186 238 347
25 77 162
29 117 186
77 276 389
29 117 276
35 77 276
119 129 364
132 162 271
29 276 389
162 177 224
77 162 389
162 224 271
50 179 204
177 204 266
50 179 210
50 56 210
56 266 308
50 204 266
173 266 308
126 139 188
126 173 308
88 163 245
121 156 323
172 369 384
108 172 243
121 156 167
210 323 359
323 359 371
235 304 336
121 323 337
323 337 371
22 301 384
12 142 221
226 304 336
226 304 369
167 235 304
180 235 257
222 301 336
226 369 384
226 301 384
249 297 390
142 221 280
222 280 294
4 32 112
32 222 293
32 306 368
109 171 200
275 279 317
249 297 317
142 297 317
192 297 390
12 163 279
221 223 280
182 245 327
72 161 330
72 161 287
72 153 330
153 320 330
194 313 340
135 163 320
135 194 313
135 313 392
10 78 392
320 330 392
10 313 386
10 313 392
71 343 386
10 242 386
68 97 375
190 275 380
190 275 279
71 190 380
71 311 380
200 311 380
9 171 200
109 200 311
71 311 343
32 222 294
90 118 269
265 306 365
9 218 368
9 218 240
3 227 236
195 265 365
195 377 387
110 228 374
195 228 365
110 344 374
110 306 365
171 219 239
97 239 281
109 171 239
67 69 157
67 68 97
52 358 375
281 343 386
97 281 375
86 281 386
314 358 375
24 314 358
24 70 394
30 255 338
43 133 207
30 94 394
30 59 394
30 150 338
30 150 164
52 59 103
11 52 103
67 145 157
19 38 215
207 215 373
48 146 213
3 19 213
48 116 213
150 164 203
116 133 203
116 203 212
94 164 342
260 284 342
48 116 212
21 164 212
164 203 212
79 155 290
41 229 378
36 47 174
111 256 319
111 260 319
41 47 229
41 155 290
75 176 216
15 79 155
41 155 378
79 198 318
15 155 378
15 79 318
15 318 382
124 168 333
34 61 396
34 333 396
20 61 93
38 227 387
44 377 387
118 195 377
3 33 236
44 168 252
33 236 252
44 236 252
168 269 333
4 112 293
32 112 293
6 90 293
90 118 293
6 90 336
235 257 336
5 114 152
125 234 370
34 270 398
114 152 257
34 136 363
201 257 302
127 234 270
127 136 270
136 302 363
241 310 393
144 220 237
127 136 206
136 205 206
125 370 393
73 220 237
160 237 250
73 160 237
8 349 370
144 183 349
80 282 315
8 75 263
216 230 244
8 234 270
34 136 270
34 93 398
8 270 398
216 282 315
75 263 315
75 216 315
95 216 282
20 282 382
95 229 378
254 326 399
288 305 319
101 260 300
74 260 319
230 267 399
49 246 326
74 260 300
296 300 362
246 326 399
254 300 399
23 267 399
230 267 348
46 230 244
46 230 246
49 246 305
176 216 230
1 264 348
99 166 267
99 166 292
187 298 341
23 98 362
98 296 362
101 296 300
147 151 316
147 291 357
7 143 258
62 101 291
51 147 291
7 51 147
7 51 143
7 147 151
98 151 316
89 258 292
31 89 99
62 143 258
130 268 346
62 100 191
62 100 258
100 258 383
73 160 341
73 298 341
96 237 259
130 189 268
250 268 325
130 165 346
149 241 273
149 274 388
149 253 274
259 325 376
154 253 274
262 325 376
45 253 295
262 325 381
45 253 262
165 178 381
178 325 381
45 262 381
45 165 381
45 184 295
154 274 388
115 184 295
154 253 295
115 154 295
115 321 367
0 141 277
115 184 367
14 261 299
14 184 261
2 14 299
261 299 350
42 211 350
55 128 351
119 138 211
55 138 351
55 138 211
211 299 350
27 42 350
42 141 211
0 181 277
0 154 181
55 64 128
64 277 289
58 202 283
102 120 278
120 199 289
102 120 273
17 159 205
201 257 361
58 202 235
58 180 235
91 283 361
91 180 361
53 278 283
16 39 202
39 53 63
39 53 202
16 54 247
66 175 312
16 175 202
54 131 137
16 54 175
54 131 169
179 312 339
16 39 247
107 231 351
107 128 372
54 137 247
131 137 364
66 169 175
329 335 360
123 214 335
105 106 169
40 105 122
105 131 169
40 303 329
66 312 339
66 106 169
224 271 339
66 87 339
271 339 360
92 329 335
85 196 397
132 335 356
117 225 366
123 232 272
225 232 272
117 225 232
123 272 353
40 92 329
104 334 391
92 134 335
214 232 397
134 214 335
123 214 232
92 113 134
140 331 397
85 104 391
113 196 397
196 307 395
113 158 196
40 122 158
119 148 299
138 351 364
119 129 352
122 129 364
83 307 395
185 209 248
2 14 82
2 209 251
82 209 324
324 334 391
83 104 334
85 391 397
193 196 307
83 193 307
85 193 196
84 140 331
331 391 397
82 84 324
233 378 382
373 374 387
57 327 379
292 322 341
86 314 394
110 306 344
87 303 360
303 329 360
74 300 326
176 298 349
144 298 349
101 291 296
281 314 375
190 279 340
181 277 388
273 289 388
149 273 388
35 272 366
225 272 366
4 265 293
118 265 293
1 264 341
261 321 367
27 261 321
258 292 322
198 252 396
148 248 299
22 243 384
239 281 343
170 238 285
237 259 325
296 316 357
237 250 325
227 236 387
44 236 387
229 288 319
229 256 319
195 228 387
8 263 398
108 217 243
216 244 288
48 212 290
21 212 290
206 234 286
127 206 234
159 205 361
17 205 309
201 205 302
177 204 224
179 204 224
201 205 361
200 249 368
28 197 238
183 349 393
187 298 348
118 269 377
144 183 237
182 223 280
179 210 323
178 268 346
178 268 325
162 177 389
176 298 348
173 238 347
172 337 371
9 171 240
254 300 326
170 173 238
22 182 280
167 304 369
124 252 396
136 205 302
166 267 348
1 166 348
45 165 191
130 165 191
163 320 327
160 189 322
160 189 268
159 283 361
159 278 283
176 230 348
156 175 202
0 154 321
115 154 321
152 257 302
152 302 363
86 281 314
109 239 311
149 259 376
149 262 376
142 280 294
142 192 294
142 279 317
0 141 321
11 52 68
49 74 319
172 337 369
4 265 306
15 378 382
47 229 256
46 288 305
156 167 202
53 120 278
51 62 143
35 272 353
52 68 375
32 294 390
187 264 348
95 233 382
58 91 180
95 282 382
43 133 150
24 314 394
35 117 366
24 52 70
205 286 309
83 324 334
95 216 288
197 238 285
12 142 279
37 258 383
96 183 237
35 353 356
35 117 276
108 172 371
34 152 363
5 34 152
18 47 284
79 146 198
14 62 191
3 33 213
31 151 258
31 98 99
27 261 350
32 368 390
26 218 240
37 258 322
149 253 262
88 223 245
22 182 379
4 32 306
170 188 332
39 63 345
63 64 128
123 353 356
23 362 399
59 103 207
33 146 213
29 173 186
2 248 251
182 327 379
130 189 322
3 38 227
17 102 278
41 47 174
31 89 258
19 116 133
249 275 380
17 102 241
17 159 278
46 244 288
46 246 305
194 279 340
43 59 338
18 111 256
277 289 388
177 266 389
3 19 38
26 218 306
2 248 299
18 111 260
49 305 319
13 170 285
21 41 174
23 98 99
43 150 338
14 62 82
23 99 267
13 208 285
51 62 291
20 61 382
228 374 387
40 92 158
31 98 151
163 245 327
90 114 257
121 167 337
26 171 240
24 52 358
11 67 103
125 286 309
17 309 310
160 250 268
349 370 393
18 260 284
58 91 283
67 145 239
125 309 310
22 222 280
187 264 341
56 210 371
200 249 380
119 148 395
90 114 269
21 174 342
22 222 301
22 243 379
38 373 387
36 47 284
67 97 239
291 296 357
25 35 132
9 200 368
17 241 310
19 133 207
26 306 344
28 117 186
61 198 318
57 153 320
52 59 70
59 70 394
43 59 207
59 255 338
188 332 355
98 296 316
5 114 333
129 196 352
28 117 242
60 332 354
13 60 332
161 287 355
137 351 364
61 318 382
119 352 395
63 128 372
63 345 372
55 64 141
67 69 103
21 164 342
108 308 371
123 335 356
210 359 371
25 35 77
76 78 354
18 47 256
71 190 340
83 185 324
71 340 386
100 130 191
53 120 199
160 322 341
107 231 247
76 78 81
37 130 322
48 79 146
80 263 398
83 85 104
83 85 193
83 248 395
172 243 384
20 93 282
170 173 188
83 185 248
66 87 106
42 141 321
87 106 303
113 134 214
173 186 347
88 221 223
65 217 243
168 269 377
156 179 323
90 257 336
137 231 351
80 263 315
92 113 158
80 93 282
100 130 383
167 337 369
11 67 68
161 328 355
64 141 277
102 241 273
239 311 343
40 105 303
105 106 303
107 247 345
132 271 360
113 214 397
114 269 333
117 140 397
122 129 196
117 232 397
105 122 131
300 362 399
122 131 364
122 158 196
57 320 327
37 130 383
126 139 217
108 126 217
132 335 360
205 206 286
135 194 279
135 163 279
61 198 396
