136 201 205
286 309 460
66 312 415
16 54 175
192 280 294
257 336 478
22 182 243
108 172 243
195 228 365
38 373 374
79 318 494
133 150 203
19 38 215
157 373 374
14 184 191
149 241 273
156 175 312
411 469 471
115 184 367
13 170 208
81 208 285
190 380 419
243 379 402
217 479 485
156 312 452
179 339 429
87 329 360
369 468 473
126 437 496
108 139 217
287 355 485
280 294 422
226 384 473
182 243 379
88 163 467
12 279 317
12 88 163
157 344 374
67 69 157
9 200 249
11 68 69
26 157 344
69 373 447
67 68 69
69 157 373
150 338 417
21 164 212
30 94 492
36 174 284
125 370 488
124 198 396
44 236 252
124 333 396
168 269 431
254 399 439
20 80 282
95 233 378
23 98 362
101 296 300
23 267 456
31 99 151
31 151 427
73 341 472
259 376 434
62 191 407
189 477 495
73 298 472
154 253 274
130 165 346
119 148 459
119 211 459
64 289 436
289 436 438
39 410 498
64 199 289
235 304 409
120 199 278
66 175 312
224 339 429
225 232 272
123 272 353
148 395 466
148 248 466
214 232 444
117 186 242
28 242 385
139 481 485
28 238 428
197 242 385
78 81 354
161 328 330
10 78 81
13 170 332
72 161 330
60 76 208
13 60 208
328 332 446
57 153 327
139 217 485
126 450 481
170 238 489
170 332 489
328 332 355
126 437 450
173 437 450
173 347 437
29 117 276
29 117 186
35 77 276
177 204 266
50 179 210
126 308 496
308 420 496
50 56 210
421 437 496
188 450 481
126 139 481
369 384 473
308 420 474
65 243 402
287 379 402
172 369 384
172 369 474
121 304 337
156 323 452
337 369 474
226 301 384
121 156 167
336 409 478
121 167 304
167 235 304
304 409 468
222 301 422
6 222 293
22 301 384
182 379 453
190 275 424
88 221 467
57 72 153
245 320 457
135 194 412
135 163 457
72 153 330
10 78 392
10 313 386
10 313 392
10 242 386
313 340 386
313 340 412
279 317 424
190 275 380
249 275 424
71 380 419
9 249 368
343 386 419
265 306 365
249 368 390
90 293 499
4 265 480
118 168 431
265 306 480
9 218 240
110 344 374
110 228 374
110 228 365
26 157 449
67 145 157
145 219 239
171 219 413
171 219 239
109 171 239
281 375 486
97 239 281
109 239 423
239 281 423
97 281 375
11 68 491
358 414 491
68 400 491
97 375 425
281 423 486
86 314 486
24 70 394
24 86 394
24 86 314
116 212 470
394 405 492
59 394 405
30 405 492
255 338 417
43 133 207
133 207 487
52 414 491
215 373 447
38 215 373
3 146 213
48 146 213
133 203 470
94 342 492
260 284 342
174 284 342
15 318 494
41 155 378
36 47 174
15 233 378
15 155 378
15 155 494
48 79 290
34 333 396
20 61 93
127 270 463
34 61 93
114 152 443
124 168 333
44 236 408
34 61 396
3 33 146
38 374 387
38 227 387
195 228 374
118 195 377
44 377 408
114 269 431
4 112 293
32 112 293
6 90 499
6 293 499
90 118 431
90 118 293
91 283 361
114 152 257
5 34 333
270 458 463
5 34 442
136 302 363
152 257 443
136 201 302
136 458 463
125 234 488
136 205 206
127 206 286
63 64 199
241 273 416
149 241 445
309 310 460
144 220 426
183 349 441
187 298 472
187 298 464
234 270 432
8 432 488
127 234 270
234 432 488
8 263 315
80 282 315
8 75 263
8 75 176
20 282 382
216 282 315
95 216 282
95 229 378
74 260 319
74 319 454
46 244 246
254 300 439
74 260 300
101 260 300
300 439 456
399 439 456
254 326 399
1 264 348
46 230 244
46 230 246
49 246 305
1 187 264
187 264 464
220 298 464
73 220 298
341 448 461
267 399 456
99 151 440
166 267 440
23 98 267
300 362 456
147 316 357
23 362 456
147 151 316
98 151 316
101 296 357
62 101 291
62 143 291
62 143 407
89 258 292
31 89 99
89 99 292
258 407 490
100 191 407
100 191 383
37 191 383
45 130 165
189 322 495
160 341 448
160 189 448
73 160 341
160 237 250
250 268 325
262 376 434
149 274 388
253 262 434
262 325 376
45 262 381
45 165 381
45 184 295
154 253 295
154 295 476
141 277 436
115 295 476
115 367 476
45 184 191
115 184 295
27 350 367
148 248 459
27 42 321
261 350 367
119 138 211
0 321 476
277 436 438
181 277 438
102 273 416
17 159 205
53 278 283
120 199 289
102 120 278
58 180 283
53 63 199
53 199 278
102 159 278
91 180 283
58 180 433
58 202 433
54 169 175
105 106 169
66 169 175
66 106 169
131 137 364
345 372 498
122 129 364
87 303 415
87 339 415
87 303 329
329 360 411
271 360 411
40 92 469
123 335 475
214 335 469
335 469 471
335 471 475
117 225 366
123 232 272
272 353 356
117 225 232
85 193 403
123 214 232
123 214 335
134 214 469
196 484 497
113 134 406
92 134 469
196 307 484
331 391 397
85 397 462
82 209 324
85 104 193
403 406 462
85 403 462
196 352 497
395 484 497
334 401 430
2 209 251
185 209 324
324 401 430
104 334 451
140 331 397
375 486 491
358 486 491
245 457 467
163 457 467
83 451 484
349 441 488
370 441 488
292 440 448
259 434 445
180 433 478
270 432 458
294 422 455
164 417 470
409 468 473
235 409 433
398 458 493
354 392 446
330 392 446
313 392 412
383 407 490
249 390 424
359 371 452
323 371 452
136 363 458
363 442 458
334 430 451
356 471 475
299 350 459
261 350 435
144 349 426
1 348 461
173 347 450
346 477 495
178 346 381
165 346 381
340 386 419
337 371 420
332 465 489
328 330 446
268 325 477
297 317 390
317 390 424
107 345 351
98 316 362
312 359 452
210 312 359
311 343 419
71 311 419
306 455 480
49 305 326
305 319 454
288 305 319
304 337 369
337 420 474
302 363 443
201 302 361
296 300 357
254 300 326
300 316 357
300 305 326
370 393 441
294 368 455
99 292 440
78 354 392
400 425 491
22 280 301
280 301 422
141 277 321
273 388 482
35 272 366
406 444 462
271 411 471
302 361 478
266 389 421
162 266 389
4 265 293
14 261 435
306 368 455
258 407 427
258 292 322
258 322 490
256 260 319
249 275 380
230 246 348
246 267 399
241 393 460
238 347 465
186 238 242
237 259 445
237 259 376
237 325 376
233 318 382
232 397 462
232 444 462
231 410 498
231 247 410
107 231 345
137 231 247
300 305 454
229 256 319
227 377 408
223 245 453
182 223 453
246 267 348
219 413 449
145 219 449
218 306 365
110 218 365
110 218 344
65 217 402
217 402 479
65 217 243
216 288 305
95 216 288
75 216 263
15 233 318
253 262 295
210 359 371
179 210 312
32 455 480
88 297 317
81 197 285
61 318 382
188 332 465
87 224 360
108 139 308
25 162 389
242 423 486
154 181 476
192 294 368
3 236 252
216 263 315
76 354 446
32 112 480
75 230 244
75 216 244
90 114 257
204 224 429
244 246 305
164 212 470
149 434 445
113 158 406
83 395 484
69 103 447
159 205 361
66 303 415
166 440 448
64 128 351
79 146 198
49 326 399
63 128 372
160 237 426
88 142 221
61 79 396
45 262 295
60 332 446
117 140 397
74 300 454
91 180 478
43 59 207
19 207 215
57 245 327
11 52 103
61 79 318
171 200 311
55 64 141
2 248 459
29 77 389
43 59 338
35 117 276
170 208 238
119 352 497
52 59 70
79 198 396
51 101 291
68 145 400
37 45 130
50 204 483
50 56 496
92 122 158
178 262 381
3 38 227
107 231 364
18 47 284
50 266 421
5 363 442
18 47 111
87 224 339
172 243 384
63 64 128
0 181 476
13 60 332
14 82 209
44 124 168
50 429 483
135 412 457
43 150 338
7 51 291
25 132 272
42 55 138
42 55 141
158 406 418
16 54 410
21 41 174
158 196 418
41 79 290
51 147 357
300 316 362
7 51 427
83 185 324
41 48 290
20 80 398
39 63 202
29 347 437
43 133 150
19 213 487
8 80 315
3 19 213
21 212 213
2 14 209
1 341 461
17 205 286
257 302 443
60 76 446
1 187 472
100 383 407
53 58 283
10 81 197
132 272 356
54 105 131
34 442 458
225 272 366
28 197 285
41 47 378
226 336 473
28 238 242
49 246 399
17 286 309
17 309 310
9 306 368
336 409 473
14 62 191
140 331 401
238 465 489
16 156 175
33 124 198
179 312 415
3 19 38
125 127 286
166 448 461
12 88 317
19 207 487
12 135 194
50 421 496
64 141 436
6 222 301
162 177 271
111 256 260
25 132 271
66 106 303
27 321 476
11 52 491
183 349 426
90 114 431
55 138 404
10 197 242
16 167 202
3 33 252
121 337 371
2 299 435
24 52 414
95 229 319
14 261 367
51 147 427
12 194 279
149 273 388
25 77 389
6 226 301
20 93 398
3 227 408
24 52 70
18 111 260
189 292 448
221 223 245
9 26 240
109 343 386
52 103 207
287 479 485
5 114 168
82 84 401
44 118 377
30 59 405
57 72 453
6 257 336
5 363 443
16 156 167
97 145 239
6 226 336
119 352 364
287 402 479
17 241 416
320 330 392
5 114 443
18 260 284
55 64 351
36 47 284
9 218 306
24 358 486
22 243 384
47 111 256
25 77 272
237 250 325
1 341 472
105 122 131
83 395 466
32 222 422
67 68 145
5 168 333
21 164 342
21 174 342
88 142 297
176 220 464
41 79 494
129 352 364
0 181 321
214 406 444
143 407 427
144 176 220
375 425 491
21 41 213
24 314 486
83 324 430
40 411 469
29 186 347
137 231 364
159 278 283
32 222 293
172 308 474
40 92 122
224 271 360
14 62 82
205 206 286
203 417 470
48 79 146
26 218 344
72 379 453
44 124 252
109 311 343
96 393 441
320 392 457
35 117 366
27 211 350
37 130 322
27 42 211
25 162 271
54 105 169
31 258 427
35 77 272
193 196 307
392 412 457
221 245 467
8 432 458
34 93 398
27 367 476
50 179 429
153 320 330
128 345 351
28 197 385
28 285 428
190 194 340
59 70 394
29 77 276
177 204 224
8 80 398
30 59 255
37 45 191
42 141 321
31 89 258
33 124 252
85 104 397
33 146 198
41 48 213
40 329 411
24 358 414
37 322 490
2 299 459
133 213 487
3 236 408
83 185 466
37 383 490
2 248 251
188 481 485
6 90 257
39 372 498
150 203 417
200 249 380
102 159 416
257 302 478
91 361 478
189 292 322
11 69 103
55 351 404
188 332 355
26 218 240
44 118 168
231 345 498
94 164 417
106 303 329
94 255 417
30 94 255
130 346 495
95 288 319
127 136 206
95 233 382
96 241 445
96 241 393
119 364 404
96 183 441
32 422 455
71 200 380
98 151 267
81 208 354
75 176 230
194 340 412
29 421 437
409 433 478
190 340 419
102 289 482
102 120 289
102 273 482
103 207 215
103 215 447
96 183 237
39 202 410
104 193 307
104 307 451
134 214 406
119 395 497
104 391 397
104 334 401
104 391 401
238 285 428
96 237 445
105 106 122
241 310 460
106 122 329
160 268 477
307 451 484
73 160 426
108 172 308
107 364 404
107 351 404
8 176 488
196 403 406
374 377 387
109 386 423
118 265 293
41 155 494
54 247 410
289 388 482
166 267 348
8 398 458
4 112 480
12 135 163
51 101 357
22 182 280
7 143 291
126 139 308
47 229 256
42 138 211
116 133 470
117 232 397
118 265 365
119 148 395
299 350 435
119 138 404
181 277 321
242 386 423
122 131 364
122 129 196
34 458 493
122 158 196
40 122 329
271 356 471
123 353 356
123 356 475
125 127 234
125 286 460
125 370 393
125 393 460
71 200 311
127 136 463
171 200 413
177 224 271
128 345 372
53 58 202
129 196 352
162 177 266
130 322 495
54 131 247
131 137 247
26 413 449
52 59 207
59 255 338
116 133 213
92 134 158
94 164 342
95 282 382
84 140 401
142 221 223
142 297 390
186 238 347
7 143 427
20 61 382
144 176 349
145 400 425
145 157 449
113 134 158
50 204 266
17 241 310
331 391 401
118 195 365
185 248 466
371 420 496
149 253 274
151 267 440
73 220 426
153 245 320
153 245 327
53 63 202
161 287 379
9 26 413
156 323 371
121 156 371
161 328 355
34 398 493
159 283 361
114 168 269
17 159 416
160 250 268
160 189 477
161 287 355
72 161 379
202 235 433
14 184 367
56 210 371
29 389 421
167 202 235
47 229 378
57 245 453
195 374 377
82 324 401
181 289 388
166 348 461
56 371 496
109 171 311
211 350 459
176 264 348
176 264 464
216 244 305
176 349 488
178 262 325
178 325 477
178 346 477
83 430 451
179 339 415
182 223 280
181 274 388
154 181 274
181 289 438
108 217 243
183 237 426
185 209 248
132 271 356
176 230 348
188 347 450
188 347 465
147 151 427
188 355 485
149 253 434
190 279 424
190 194 279
304 369 468
41 47 174
192 223 280
142 192 223
192 368 390
193 196 403
196 406 418
9 200 413
116 212 213
16 202 410
204 429 483
227 377 387
97 145 425
201 205 361
2 14 435
208 238 285
39 63 372
142 192 390
76 208 354
209 248 251
