200 311 380
244 246 288
16 54 175
192 280 294
257 336 478
108 172 243
110 218 240
195 228 365
145 157 413
114 336 431
154 181 388
133 150 203
19 38 215
26 240 449
14 184 191
411 469 471
81 208 285
243 379 402
217 479 485
173 347 465
156 312 452
369 468 473
162 224 271
287 355 485
226 336 409
226 409 468
280 294 422
221 223 467
57 327 453
245 327 453
88 163 467
12 88 163
71 311 380
32 294 455
4 32 480
9 200 249
11 68 69
157 413 449
69 373 447
109 311 423
103 207 447
207 215 447
164 174 342
3 213 487
125 370 488
48 146 198
195 377 387
44 236 252
6 222 336
226 468 473
124 333 396
254 399 439
233 282 382
95 229 288
166 292 461
31 151 427
259 376 434
189 477 495
73 298 472
241 393 445
130 165 346
55 141 211
154 274 388
119 148 459
64 289 436
39 410 498
63 64 372
159 201 205
66 175 312
16 39 202
39 53 202
196 352 418
28 186 238
83 307 484
148 395 466
148 248 466
84 324 401
214 232 444
117 186 242
28 242 385
197 242 385
76 81 208
10 78 81
60 76 208
13 60 446
328 332 446
65 402 479
139 217 485
65 217 479
126 450 481
355 481 485
170 238 489
188 355 481
332 355 489
170 332 489
328 332 355
28 186 242
186 238 489
347 465 489
186 347 489
29 389 437
29 117 186
117 140 232
25 77 162
35 77 276
132 162 271
25 132 162
29 276 389
177 266 421
177 204 266
50 179 210
50 179 483
308 420 496
204 266 483
389 421 437
421 437 496
188 450 481
65 243 402
287 379 402
172 369 384
172 369 474
108 172 474
210 359 452
156 323 452
222 301 336
226 301 384
121 156 167
336 409 478
235 409 478
226 301 336
22 280 422
22 223 280
32 294 422
22 301 384
182 223 245
182 379 453
223 245 467
22 182 223
142 297 317
249 317 424
88 221 467
221 223 280
182 245 453
245 320 457
135 194 412
190 194 412
72 153 330
10 78 392
330 392 457
190 340 412
135 313 412
313 340 386
313 340 412
279 317 424
249 275 424
9 249 368
71 343 419
9 171 200
249 368 390
4 32 112
32 293 422
90 293 499
4 265 480
110 218 306
265 306 480
9 218 240
110 344 374
110 228 374
110 228 365
240 413 449
67 145 425
67 145 157
145 219 413
145 219 239
171 219 413
171 219 239
109 171 239
343 386 423
281 375 486
97 239 281
109 239 423
239 281 423
97 281 375
281 423 486
86 314 486
314 358 486
24 314 358
24 70 394
116 212 470
43 59 255
394 405 492
30 405 492
30 255 417
43 255 338
43 133 338
52 414 491
215 373 447
38 215 373
19 215 487
164 203 212
3 19 487
48 146 213
203 212 470
150 164 417
133 150 338
150 164 203
94 342 492
260 284 342
174 284 342
41 47 229
36 47 174
15 155 378
15 155 494
48 79 290
48 79 198
61 318 396
15 318 382
20 318 382
34 333 396
114 152 443
124 168 333
44 236 408
38 227 387
195 265 365
118 195 377
44 377 408
114 269 431
32 112 293
6 90 499
6 293 499
90 118 431
114 257 336
114 152 257
136 302 363
159 201 361
136 458 463
125 234 488
17 309 416
127 206 286
241 310 416
241 273 416
96 393 445
309 310 416
144 220 426
183 349 441
187 298 472
187 298 464
349 370 441
349 370 488
234 270 432
8 432 488
127 234 270
127 234 286
234 432 488
80 282 315
75 176 216
176 349 464
20 282 382
216 282 315
246 288 305
288 305 454
229 256 288
74 326 454
74 260 319
46 244 246
49 246 326
254 300 439
74 260 300
101 260 300
300 439 456
399 439 456
254 326 399
230 267 399
1 264 348
230 267 348
46 230 244
46 230 246
49 246 305
1 187 264
187 264 464
73 220 298
166 267 440
147 316 357
98 296 362
98 296 357
147 151 316
98 316 357
98 151 316
51 147 291
62 101 291
62 143 291
7 51 147
62 143 407
7 147 151
7 143 407
31 89 99
89 99 292
258 407 490
37 130 495
37 322 495
189 322 495
160 189 448
160 237 250
250 268 325
237 250 259
262 376 434
149 274 388
253 262 434
149 274 434
262 325 376
45 253 295
262 325 381
178 325 381
45 165 381
45 184 295
0 154 181
27 321 367
0 154 476
45 184 191
148 248 459
27 42 321
0 42 321
261 299 350
55 138 351
138 351 404
54 131 137
42 141 211
0 42 141
0 321 476
149 388 482
102 273 416
17 159 205
120 199 289
58 180 283
159 278 361
91 180 283
16 54 247
58 202 433
39 63 498
54 169 175
106 303 415
105 106 169
66 106 415
247 410 498
137 247 498
137 231 404
54 137 247
40 122 158
113 406 418
87 339 415
40 329 469
132 411 471
335 469 471
335 471 475
117 225 366
272 353 356
117 225 232
232 397 444
123 214 232
123 214 335
92 134 469
397 444 462
140 232 397
331 391 397
82 209 324
85 104 193
403 406 462
113 158 418
403 406 418
196 352 497
196 403 418
119 129 352
129 352 418
395 484 497
83 185 484
334 401 430
324 401 430
140 331 397
82 84 324
375 486 491
395 466 484
245 457 467
163 457 467
341 448 472
149 445 482
289 436 482
259 434 445
270 432 458
266 421 483
94 417 492
358 414 486
34 396 493
354 392 446
330 392 446
383 407 490
15 378 382
233 378 382
373 374 387
359 371 452
323 371 452
371 420 474
369 371 474
337 369 371
136 363 458
363 442 458
98 362 440
362 399 456
23 362 399
356 471 475
132 356 471
352 395 497
55 351 436
64 351 436
144 349 426
1 348 461
346 477 495
178 346 381
165 346 381
340 343 386
335 353 356
388 438 482
328 330 446
87 329 415
268 325 477
320 330 457
297 317 390
414 486 491
86 314 394
179 312 429
306 455 480
49 305 326
302 363 443
74 300 326
254 300 326
298 349 464
144 298 349
421 483 496
370 393 441
99 292 440
292 341 461
303 329 415
292 341 448
78 354 392
400 425 491
397 403 462
35 272 366
123 272 335
406 444 462
272 335 353
267 362 440
8 263 488
184 261 295
306 368 455
261 295 367
258 407 427
258 383 490
154 253 476
45 253 381
250 325 376
249 275 380
2 248 435
248 299 435
10 242 313
241 273 482
241 393 460
237 259 445
235 304 468
231 345 372
230 326 399
185 466 484
229 233 378
95 229 233
195 228 387
286 310 460
115 295 367
227 377 408
226 369 473
160 220 448
73 220 448
108 217 308
65 217 243
95 216 288
75 216 263
216 233 282
210 359 371
179 210 312
90 112 293
32 455 480
87 411 469
87 339 429
17 136 206
83 193 451
4 90 118
20 93 282
242 423 486
3 236 252
216 263 315
76 354 446
167 175 312
61 93 493
74 288 319
74 288 454
149 434 445
73 448 472
141 181 277
286 309 310
23 267 362
57 72 327
67 69 425
69 103 447
166 292 440
67 157 374
67 69 374
305 326 454
64 128 351
63 345 498
160 237 426
88 142 221
60 208 428
13 60 428
10 135 392
0 141 181
91 180 478
58 433 478
7 407 427
11 52 103
33 124 396
76 78 81
29 35 366
250 259 376
171 200 311
53 120 199
4 90 112
52 59 405
26 110 240
105 106 364
52 70 405
4 118 195
115 321 367
79 198 396
83 193 307
50 56 496
50 56 371
6 90 431
3 38 227
63 199 289
160 220 426
134 214 335
80 398 493
5 363 442
296 362 456
261 299 435
75 263 488
172 243 384
135 163 392
14 82 209
44 124 168
100 130 191
102 120 159
7 51 291
43 52 59
25 132 272
235 433 478
72 153 327
21 41 174
41 79 290
12 142 279
41 48 290
228 374 387
72 328 330
193 196 497
5 333 442
21 212 213
2 14 209
1 341 461
248 299 459
24 314 394
22 222 422
34 333 442
60 76 446
1 187 472
30 417 492
100 383 407
132 272 356
62 100 191
71 343 423
54 105 131
70 394 405
34 442 458
179 204 483
75 176 488
225 272 366
28 197 285
31 99 440
17 286 309
13 170 428
37 258 383
9 306 368
14 62 191
140 331 401
277 388 438
134 335 469
29 117 366
12 88 142
31 98 151
10 197 285
16 167 175
53 120 278
50 210 371
3 19 38
71 311 423
105 364 404
18 260 319
12 135 194
122 158 418
11 68 400
18 111 319
11 52 491
183 349 426
10 197 242
10 81 285
308 437 496
126 173 450
16 167 202
39 247 410
3 33 252
50 483 496
121 337 371
10 135 313
24 52 414
29 173 186
6 222 422
170 332 446
12 194 279
8 398 493
2 185 209
3 227 408
24 52 70
173 188 465
189 268 477
189 292 448
64 107 372
21 174 212
55 119 211
2 185 251
36 111 256
287 479 485
44 118 377
30 59 405
57 72 453
101 296 456
69 373 374
5 363 443
127 458 463
119 299 459
97 145 239
80 263 315
147 296 357
71 190 380
312 339 429
287 402 479
26 110 344
7 151 427
5 114 443
58 278 283
15 79 494
18 260 284
91 278 283
9 218 306
22 243 384
1 341 472
39 53 199
66 312 339
26 344 449
125 234 286
118 269 431
176 216 244
61 396 493
15 79 318
22 182 379
41 79 494
119 299 350
214 406 444
8 80 263
23 267 399
62 100 407
21 41 213
29 173 437
63 64 289
115 253 476
37 89 292
85 193 397
224 271 360
14 62 82
152 201 302
55 141 438
44 124 252
96 393 441
27 211 350
18 36 174
27 42 211
27 261 367
54 105 169
31 258 427
241 445 482
8 432 458
27 261 350
53 58 278
28 170 428
18 174 284
17 136 205
153 320 330
28 197 385
192 221 280
11 400 491
28 285 428
76 78 354
55 119 138
29 35 276
6 293 422
55 436 438
8 80 398
63 345 372
30 59 255
64 107 128
31 98 440
31 89 258
208 285 428
80 93 493
226 369 384
14 184 435
33 124 252
85 104 397
33 146 198
41 48 213
3 33 213
33 198 396
37 89 258
193 397 403
152 302 443
24 358 414
95 216 233
16 39 247
133 213 487
36 47 256
3 236 408
37 292 322
39 63 199
2 248 251
4 195 265
114 168 333
230 246 326
235 409 468
200 249 380
173 186 347
97 425 491
115 321 476
253 262 381
102 159 416
72 161 453
91 361 478
40 158 469
92 113 158
189 292 322
11 69 103
44 118 168
80 93 282
61 93 318
20 93 318
167 202 304
94 164 417
126 139 485
130 346 495
127 136 206
87 360 411
96 183 441
97 375 491
17 206 286
100 130 383
152 201 257
101 147 291
436 438 482
101 147 296
101 300 456
185 209 334
249 317 390
25 35 272
154 253 434
102 289 482
102 120 289
102 273 482
185 334 451
96 183 237
209 334 430
144 220 298
134 214 406
176 230 244
242 313 386
104 391 397
104 334 401
104 391 401
162 177 389
96 237 445
129 364 404
87 360 429
105 131 404
9 171 240
106 129 364
106 122 129
241 310 460
66 106 175
106 169 175
142 192 221
91 278 361
107 128 404
108 420 474
108 308 420
110 265 365
110 265 306
41 155 494
111 288 319
111 256 288
166 267 348
157 374 449
87 329 469
12 135 163
104 193 334
7 143 291
5 114 333
119 211 350
47 229 256
115 253 295
116 133 203
167 304 369
116 203 470
224 360 429
121 337 369
118 168 269
119 148 395
119 352 395
119 129 404
119 138 404
120 159 278
154 274 434
242 386 423
192 294 455
25 35 77
34 458 493
106 122 303
40 122 329
122 303 329
71 190 419
123 225 232
123 225 272
125 286 460
125 370 393
125 393 460
126 139 217
126 217 308
126 481 485
127 136 463
127 270 458
8 458 493
128 351 404
53 58 202
22 243 379
37 130 383
210 312 452
131 137 404
132 271 360
116 133 213
6 336 431
133 215 487
133 207 215
94 164 342
171 240 413
137 345 498
137 231 345
177 389 421
58 180 478
193 334 451
136 205 302
162 224 429
84 140 401
141 277 438
142 279 317
142 297 390
22 222 301
132 360 411
13 170 446
68 400 425
18 36 111
162 177 429
331 391 401
185 248 466
371 420 496
66 339 415
150 255 338
150 255 417
188 465 489
153 245 320
153 245 327
184 261 435
190 340 343
161 287 379
79 318 396
41 155 229
155 229 378
38 373 387
156 323 371
121 156 371
161 328 355
92 158 469
114 168 269
177 179 429
17 159 416
92 134 406
160 189 268
160 250 268
161 287 355
202 235 433
161 379 453
77 162 276
162 276 389
216 244 288
275 380 424
68 69 425
163 392 457
130 165 191
45 165 191
166 348 461
56 371 496
156 167 312
193 307 484
190 380 424
109 171 311
83 185 451
103 133 207
43 103 133
173 188 450
126 173 308
72 161 328
173 308 437
164 174 212
176 264 348
121 167 369
176 264 464
43 52 103
176 349 488
177 179 204
344 374 449
107 231 404
178 325 477
178 346 477
33 146 213
122 129 418
108 217 243
183 237 426
185 248 251
176 230 348
188 355 489
190 279 424
190 194 279
304 369 468
41 47 174
190 343 419
192 368 390
192 368 455
193 196 403
193 484 497
92 113 406
28 170 238
181 277 388
201 361 478
201 257 478
116 212 213
202 235 304
227 377 387
201 205 302
97 145 425
335 356 475
2 14 435
142 192 390
107 231 372
209 324 430
