286 309 460
13 332 446
257 336 478
16 175 202
108 172 243
38 373 374
94 342 417
133 150 203
19 38 215
227 236 408
136 206 463
14 184 191
96 183 393
127 206 463
99 166 292
63 372 498
17 205 206
17 206 309
22 172 384
162 177 421
170 285 428
13 170 208
190 380 419
243 379 402
217 479 485
156 312 452
65 108 217
56 420 496
226 409 468
12 142 221
226 384 473
12 88 221
88 163 467
12 279 317
32 368 480
32 294 455
4 32 480
306 368 480
9 200 249
69 373 447
109 311 423
11 103 491
103 207 447
207 215 447
3 213 487
116 213 487
48 146 198
33 236 252
124 198 396
195 377 387
226 468 473
168 269 431
5 114 442
8 349 488
254 399 439
233 282 382
95 233 378
230 348 464
18 111 284
23 98 362
288 319 454
74 254 326
101 296 300
49 305 454
166 292 461
166 267 461
73 341 472
187 341 461
259 376 434
62 82 191
189 477 495
73 298 472
154 253 274
250 259 325
119 211 459
55 141 436
289 436 438
235 304 409
120 199 278
167 175 202
39 53 202
225 232 272
28 186 238
83 307 484
193 307 451
84 324 401
197 242 285
28 242 385
28 385 428
139 481 485
197 285 428
170 208 285
10 81 242
78 81 354
10 78 81
13 170 332
60 76 208
13 60 208
13 60 446
161 287 328
139 217 485
402 479 485
355 481 485
170 238 489
188 355 481
355 465 489
188 355 465
186 238 489
347 465 489
186 347 489
29 389 437
35 276 366
29 117 186
117 140 232
77 276 389
35 132 356
25 77 132
29 276 389
177 266 421
177 204 483
177 204 266
162 177 224
50 179 210
308 420 496
50 56 210
421 437 496
308 420 474
287 379 402
337 371 474
108 308 474
172 369 474
108 172 474
323 359 371
156 323 452
337 369 474
226 301 384
121 156 167
336 409 478
167 235 304
304 409 468
222 301 422
6 222 293
22 223 280
32 294 422
22 172 243
182 379 453
22 182 223
142 192 297
142 297 317
192 297 390
249 297 390
194 279 424
12 142 317
88 221 467
182 245 453
78 330 354
78 330 392
245 320 457
10 78 392
10 313 392
190 340 412
313 340 386
313 340 412
279 317 424
190 275 380
71 380 419
200 249 275
71 343 419
311 343 423
109 200 311
71 311 343
218 306 368
265 306 365
109 171 200
200 275 380
32 368 455
4 32 112
90 293 499
118 168 431
265 306 480
110 344 374
110 306 365
110 228 374
110 228 365
67 145 157
145 219 413
171 219 413
171 219 239
109 171 239
343 386 423
97 239 281
109 239 423
239 281 423
97 281 375
97 239 425
11 68 491
358 414 491
68 400 491
86 314 486
70 394 414
24 70 394
59 255 405
116 212 470
43 59 255
52 103 491
394 405 492
59 394 405
30 405 492
30 255 405
43 255 338
43 133 338
43 133 207
133 207 487
43 103 207
52 414 491
215 373 447
38 215 373
116 470 487
3 19 487
48 146 213
133 150 338
94 342 492
260 284 342
174 284 342
21 41 290
36 47 174
111 229 256
95 233 282
15 233 378
15 155 378
15 155 494
48 79 290
198 318 396
61 318 396
20 318 382
127 270 463
34 61 93
114 152 443
124 168 252
124 168 333
44 236 408
34 61 396
38 374 387
377 387 408
118 195 377
44 377 408
136 363 442
6 90 499
6 293 499
90 118 431
114 152 257
270 458 463
136 302 363
201 257 302
8 315 398
241 310 416
63 64 199
309 310 460
206 286 309
183 393 441
144 220 426
8 432 488
127 234 270
270 458 493
34 93 493
93 398 493
8 263 315
80 282 315
75 176 216
80 315 398
8 75 263
75 263 315
95 216 282
95 229 378
288 305 454
111 256 319
74 326 454
74 260 319
74 319 454
46 244 246
230 246 399
49 326 454
101 260 300
300 439 456
254 326 399
1 264 348
46 230 246
49 246 305
176 230 464
1 187 461
99 166 440
1 267 461
1 267 348
23 98 267
147 316 357
147 151 316
62 101 291
51 143 291
14 82 191
62 143 291
62 143 407
7 143 407
7 51 143
89 258 292
31 89 99
292 322 448
89 99 292
258 407 490
100 407 490
100 191 383
100 383 490
37 191 383
45 130 165
37 130 191
189 250 477
37 130 495
37 322 495
160 189 250
189 322 495
160 341 448
220 237 426
73 160 341
250 268 477
250 268 325
178 325 346
259 325 376
253 274 434
149 259 445
149 259 434
45 253 295
165 178 381
45 130 191
178 325 381
0 154 181
141 277 436
0 154 476
184 261 367
115 184 295
261 299 350
119 138 364
119 138 211
138 364 404
231 351 404
107 345 372
54 131 137
107 231 351
0 321 476
277 436 438
149 388 482
17 159 205
120 199 289
53 63 199
53 199 278
159 278 361
201 257 361
58 202 433
39 53 63
105 106 169
105 131 364
131 137 364
16 247 410
107 345 498
345 372 498
107 231 498
137 231 404
137 231 498
137 364 404
40 122 158
122 129 158
122 129 364
87 339 415
87 339 360
329 360 411
271 360 411
40 329 469
123 335 475
117 225 366
272 353 356
85 391 397
117 225 232
232 397 444
85 193 403
92 134 469
397 444 462
140 232 397
331 391 397
85 104 391
193 307 403
85 104 193
403 406 462
403 406 418
196 352 497
196 403 418
83 307 451
395 484 497
83 185 484
299 435 459
2 209 435
14 82 435
2 209 251
185 209 324
324 401 430
185 324 430
140 331 397
84 140 331
82 84 324
375 486 491
358 486 491
469 471 475
335 469 475
395 466 484
245 457 467
163 457 467
149 445 482
136 442 463
349 441 488
370 441 488
94 417 492
164 417 470
194 412 424
235 409 433
403 484 497
313 392 412
274 388 434
149 388 434
281 375 423
371 420 474
56 371 420
334 430 451
356 471 475
332 355 446
55 351 436
299 350 459
230 348 399
173 347 450
347 450 465
346 477 495
340 343 386
84 331 401
328 330 446
329 411 471
329 469 471
268 325 477
82 324 435
209 324 435
98 316 362
86 314 394
179 312 429
110 306 344
304 468 473
304 369 473
87 303 360
303 329 360
302 363 443
226 301 409
301 336 409
450 465 481
296 300 357
300 316 357
298 348 464
297 317 424
370 393 441
292 341 461
292 341 448
289 388 438
287 328 446
400 425 491
287 355 446
260 284 319
22 280 384
280 301 384
280 301 422
397 403 462
275 412 424
275 297 424
249 275 297
241 273 445
406 444 462
271 411 471
107 351 372
266 421 496
260 300 439
325 346 477
258 407 427
258 383 490
258 292 322
154 253 476
249 390 455
248 395 497
253 262 376
2 248 435
148 248 352
242 385 428
10 242 313
241 393 460
9 240 249
125 234 370
233 318 382
123 232 353
232 272 353
185 466 484
229 256 319
195 228 387
224 429 483
35 356 366
248 352 497
220 237 250
73 220 250
219 239 425
65 217 402
217 402 479
139 217 308
108 217 308
339 360 429
216 244 246
216 246 305
48 212 290
15 233 318
21 212 290
210 359 371
179 210 312
90 112 293
105 329 364
253 376 434
162 421 437
73 298 464
4 90 118
144 183 441
20 80 382
248 395 466
80 282 382
25 162 389
242 423 486
16 54 169
76 354 446
167 175 312
74 254 439
250 259 445
73 220 464
164 212 470
113 158 406
57 72 327
26 218 306
85 397 403
69 103 447
159 205 361
114 257 269
67 157 374
67 69 374
49 326 399
63 128 372
25 162 224
177 224 483
68 219 400
91 180 478
58 409 433
58 91 283
219 400 425
19 207 215
7 407 427
57 245 327
88 135 163
99 151 316
4 90 112
52 394 414
48 212 213
139 173 450
73 160 250
50 204 483
50 56 496
50 204 496
172 369 473
3 38 227
182 245 467
41 47 155
108 243 402
182 221 467
124 146 198
63 64 128
162 389 437
135 163 392
52 59 394
50 429 483
102 120 159
28 117 242
43 52 59
39 63 410
42 55 138
42 55 141
158 406 418
67 69 103
72 153 327
21 41 174
158 196 418
41 79 290
51 147 357
300 316 362
7 51 427
123 134 214
20 80 398
228 374 387
36 47 111
210 323 452
23 439 456
5 333 442
111 284 319
122 329 364
51 291 357
24 314 394
118 195 228
48 79 318
185 209 251
34 333 442
60 76 446
11 67 103
16 54 137
30 417 492
9 413 449
75 176 349
87 106 415
62 100 191
330 354 446
54 105 131
148 352 459
34 442 458
48 198 318
225 272 366
49 246 399
83 185 430
148 248 435
17 309 310
37 258 383
277 388 438
29 117 366
3 19 38
144 349 441
47 111 229
19 207 487
257 269 431
6 222 301
119 352 459
46 176 230
196 403 497
25 132 271
11 67 68
16 137 247
27 321 476
105 106 329
55 138 404
308 437 496
121 337 371
8 270 493
95 229 319
77 132 276
123 214 444
224 271 429
262 376 381
234 270 488
9 26 449
51 147 427
17 310 416
63 410 498
8 398 493
25 77 389
190 275 412
74 260 439
20 93 398
12 135 279
87 106 303
21 174 212
12 88 135
9 26 240
29 173 347
29 276 366
44 118 377
57 72 453
172 384 473
442 458 463
69 373 374
6 257 336
30 255 338
27 277 321
113 134 214
104 401 430
128 351 372
66 169 415
119 352 364
312 339 429
75 216 282
58 278 283
34 124 396
15 79 494
96 237 250
91 278 283
234 370 488
45 165 253
24 358 486
153 328 330
75 282 315
192 280 422
264 298 348
98 99 316
65 108 402
1 187 298
66 312 339
16 169 175
26 344 449
176 216 244
32 222 422
67 68 145
6 301 336
32 112 222
102 241 273
188 465 481
15 79 318
22 182 379
176 220 464
58 409 478
41 79 494
129 352 364
0 181 321
23 267 399
113 214 444
62 100 407
144 176 220
144 183 426
24 314 486
29 173 437
29 186 347
115 253 476
25 224 271
203 417 470
26 306 344
38 387 408
320 392 457
153 320 392
27 42 141
27 141 277
27 211 350
18 36 174
27 42 211
27 261 367
54 105 169
31 258 427
3 33 227
184 299 435
27 261 350
53 58 278
27 367 476
28 170 428
50 179 429
18 174 284
187 298 341
30 150 417
31 89 258
33 124 146
14 184 435
33 124 252
3 33 213
8 270 432
33 227 236
58 91 180
38 227 408
152 302 443
34 124 333
24 358 414
2 248 251
23 300 362
6 90 257
150 203 417
37 258 322
114 168 333
325 376 381
170 355 489
97 425 491
197 242 428
91 257 478
253 262 381
102 159 416
91 257 361
72 161 453
98 166 440
40 158 469
307 403 484
55 351 404
26 218 240
44 118 168
61 93 318
20 93 318
106 303 329
114 363 442
130 346 495
95 288 319
96 241 445
96 241 393
96 250 445
71 200 380
97 375 491
98 99 440
98 166 267
81 208 354
99 151 427
31 99 427
199 289 436
47 155 229
118 228 365
102 241 416
102 289 482
102 120 289
102 273 482
95 288 305
96 183 237
39 202 410
242 313 386
148 435 459
104 391 401
267 348 399
375 423 486
95 216 305
1 264 298
241 310 460
28 117 186
142 192 221
91 278 361
64 128 436
249 368 455
46 176 244
41 155 494
289 388 482
112 222 293
355 402 485
157 374 449
104 193 334
113 406 444
5 114 333
114 363 443
210 323 359
126 139 308
164 174 417
115 253 295
42 138 211
271 360 429
167 304 369
23 300 456
118 265 365
23 399 439
4 118 480
120 159 278
291 296 357
181 277 321
242 386 423
192 294 455
34 458 493
118 265 480
40 122 329
123 134 469
90 257 431
271 356 471
123 353 356
123 356 475
139 450 481
125 206 460
125 206 234
125 370 393
125 393 460
71 200 311
101 291 296
171 200 413
53 58 202
128 351 436
130 165 178
22 243 379
130 178 346
44 168 236
210 312 452
192 221 223
35 132 276
92 134 158
135 194 279
66 169 312
298 341 472
137 247 410
137 410 498
184 367 476
58 180 478
126 139 173
193 334 451
123 335 469
273 445 482
168 236 252
144 176 349
18 36 111
104 334 430
145 157 449
145 413 449
113 134 158
331 391 401
153 330 392
185 248 466
66 339 415
152 257 302
153 245 320
153 245 327
72 153 328
190 340 343
161 287 379
115 184 476
270 432 488
155 229 378
156 323 371
121 156 371
158 196 352
129 158 352
92 158 469
114 168 269
17 159 416
160 322 448
160 189 322
202 235 433
161 379 453
56 210 371
167 202 235
57 245 453
163 392 457
156 167 312
121 167 337
169 175 312
106 169 415
170 332 355
203 470 487
126 173 308
30 150 338
72 161 328
173 308 437
211 350 459
164 174 212
8 75 349
174 342 417
272 356 366
287 355 402
43 52 103
344 374 449
135 194 392
33 146 213
83 430 451
64 199 436
165 253 381
181 274 388
154 181 274
218 249 368
68 145 219
182 221 223
183 237 426
184 261 299
185 248 251
132 271 356
81 208 242
147 151 427
167 337 369
41 47 174
190 343 419
184 191 295
45 191 295
192 223 280
192 294 422
123 232 444
192 390 455
194 392 412
28 170 238
9 200 413
181 277 388
116 212 213
16 202 410
133 203 487
204 266 496
201 205 302
24 70 414
205 206 302
201 205 361
127 206 234
136 206 302
206 286 460
208 242 285
218 240 249
76 208 354
