66 312 415
11 69 447
192 280 294
257 336 478
108 172 243
9 171 413
195 228 365
43 59 103
94 342 417
79 318 494
26 240 449
227 236 408
273 289 482
136 206 463
144 220 464
14 184 191
96 183 393
127 206 463
156 175 312
162 177 421
13 170 208
81 208 285
243 379 402
217 479 485
173 347 465
156 312 452
179 339 429
162 224 271
287 355 485
153 320 457
65 108 217
280 294 422
226 384 473
12 88 221
88 163 467
71 311 380
386 423 486
32 294 455
34 442 493
9 200 249
11 68 69
69 373 447
67 68 69
109 311 423
150 338 417
164 342 417
36 174 284
3 33 236
48 146 198
33 236 252
124 198 396
195 377 387
44 236 252
124 333 396
168 269 431
257 361 478
370 441 460
254 399 439
442 458 493
20 80 93
20 80 282
80 93 398
95 229 288
49 305 454
23 267 456
144 349 464
31 99 151
31 151 427
259 376 434
62 191 407
189 477 495
96 237 259
73 298 472
241 393 445
154 253 274
250 259 325
119 148 459
119 211 459
102 120 273
39 410 498
63 64 372
225 232 272
28 186 238
83 307 484
196 307 403
148 395 466
92 113 134
214 232 444
117 186 242
28 242 385
28 385 428
197 285 428
28 238 428
10 81 242
78 81 354
161 328 330
10 78 81
72 161 330
60 76 208
13 60 208
13 60 446
173 450 465
328 332 446
57 153 327
108 126 139
170 238 489
328 332 355
28 186 242
29 186 437
186 238 489
347 465 489
186 347 489
173 437 450
29 389 437
35 276 366
29 117 186
35 272 356
77 276 389
35 77 276
35 132 356
132 162 271
25 132 162
29 276 389
177 266 421
177 204 483
177 429 483
177 204 266
50 179 210
56 359 371
308 420 496
50 56 483
50 56 210
421 437 496
108 126 308
287 379 402
172 369 474
56 210 359
210 359 452
156 323 452
226 301 384
121 156 167
336 409 478
167 235 304
91 180 361
22 280 422
6 222 293
22 223 280
32 294 422
22 301 384
182 223 245
182 379 453
223 245 467
22 182 223
294 390 455
192 294 390
142 297 317
249 297 390
368 390 455
182 245 453
135 194 412
135 313 392
135 163 194
10 78 392
10 313 392
135 313 412
242 386 486
313 340 386
313 340 412
279 317 424
200 249 275
71 343 419
218 306 368
9 171 200
249 368 390
4 32 112
90 293 499
110 218 306
110 344 374
110 228 374
110 228 365
67 145 157
343 386 423
281 375 486
97 239 281
97 281 375
97 239 425
11 68 491
68 400 491
97 375 425
70 358 414
281 423 486
86 314 486
24 70 394
24 70 358
59 255 405
116 212 470
43 59 255
394 405 492
30 255 417
255 338 417
43 255 338
43 133 338
133 207 487
52 59 103
215 373 447
19 215 487
48 116 213
33 146 252
48 146 213
203 212 470
150 164 417
133 203 470
94 342 492
260 284 342
174 284 342
21 41 290
41 47 229
15 318 494
36 47 174
18 36 284
41 229 378
15 155 494
61 318 396
15 318 382
20 318 382
20 61 93
34 61 93
114 152 443
44 236 408
20 61 318
38 374 387
38 227 387
118 195 377
136 363 442
114 269 431
4 118 265
4 112 293
4 118 293
6 90 499
6 293 499
90 118 431
90 118 293
114 257 336
114 152 257
257 302 363
5 34 333
5 34 442
136 302 363
234 286 460
127 206 286
241 310 393
241 273 416
17 102 416
149 241 445
96 393 445
125 234 460
183 393 441
125 370 460
144 220 426
183 349 441
127 234 270
127 234 286
80 282 315
80 315 398
216 230 244
8 75 263
176 349 464
20 282 382
216 282 315
95 216 282
246 288 305
288 305 454
111 256 319
74 326 454
74 319 454
49 326 454
49 246 326
246 326 399
254 300 439
74 260 300
300 439 456
399 439 456
254 326 399
46 230 244
46 230 246
49 246 305
264 348 464
341 448 461
267 399 456
166 267 440
147 316 357
147 151 316
62 101 291
62 143 291
62 143 407
7 143 407
89 258 292
31 89 99
89 99 292
258 407 490
100 191 407
130 477 495
189 322 495
160 189 448
96 237 426
96 259 445
160 237 250
250 268 325
237 250 259
130 346 477
259 325 376
149 259 445
149 259 434
45 253 295
268 346 477
165 178 381
178 325 381
0 141 277
211 299 350
115 367 476
14 184 261
211 299 459
119 138 211
64 128 372
0 181 277
0 321 476
181 277 438
149 388 482
102 273 416
17 159 205
53 278 283
53 63 199
159 278 361
180 361 478
91 180 283
167 235 433
58 180 433
167 202 433
53 202 283
58 202 433
105 131 169
105 106 169
66 106 415
66 106 169
105 131 364
131 137 364
345 372 498
105 122 364
134 214 444
122 129 364
329 360 411
271 360 411
40 92 469
117 225 366
272 353 356
353 356 475
85 391 397
117 225 232
232 397 444
85 193 403
123 214 232
196 484 497
397 444 462
196 307 484
331 391 397
85 397 462
104 193 451
85 104 391
82 209 324
193 307 403
85 104 193
403 406 418
196 352 497
196 403 418
248 251 466
395 484 497
334 401 430
2 209 435
14 299 435
2 209 251
324 401 430
140 331 397
84 140 331
375 486 491
469 471 475
335 469 475
248 459 466
341 448 472
160 448 472
207 447 487
136 442 463
349 441 488
370 441 488
180 433 478
270 432 458
94 417 492
358 414 486
409 468 473
235 409 433
398 458 493
104 391 451
181 388 438
149 388 434
383 407 490
15 378 382
233 378 382
274 376 388
359 371 452
323 371 452
371 420 474
56 371 420
369 371 474
337 369 371
437 450 481
334 430 451
339 360 415
356 471 475
132 356 471
330 354 392
352 395 497
55 351 436
64 351 436
349 432 488
144 349 426
340 343 419
340 343 386
123 335 353
84 331 401
331 334 401
331 334 391
328 330 446
329 411 471
335 353 475
245 320 467
107 345 351
98 316 362
414 486 491
86 314 394
310 393 441
126 308 437
306 455 480
304 468 473
304 369 473
87 303 360
303 329 360
257 302 361
201 302 361
450 465 481
74 300 326
254 300 326
296 300 316
297 317 424
334 391 451
78 354 392
289 388 438
400 425 491
200 275 311
275 311 380
275 297 424
249 275 297
35 272 366
271 411 471
266 421 496
264 298 464
1 264 267
263 315 398
184 261 295
306 368 455
115 261 295
260 296 300
101 260 296
129 352 404
258 383 490
30 255 492
255 405 492
253 262 376
230 246 348
246 348 399
242 385 428
10 242 313
241 273 482
9 240 249
235 304 468
125 234 370
123 232 353
232 272 353
107 231 345
216 230 263
75 230 263
229 319 454
229 256 319
229 233 378
52 405 491
95 229 233
195 228 387
286 310 460
227 377 408
222 226 301
142 221 279
12 221 279
219 239 425
110 218 344
65 217 402
217 402 479
339 360 429
95 216 288
38 215 227
19 215 227
126 437 485
21 212 342
179 210 312
32 455 480
88 221 223
12 88 194
162 421 437
81 197 285
73 298 464
17 136 206
83 193 451
310 441 460
164 212 342
25 162 389
154 181 476
16 54 169
216 263 315
76 354 446
73 220 464
88 223 467
286 309 310
109 219 239
113 158 406
150 164 212
83 395 484
159 205 361
108 217 485
85 403 406
67 157 374
67 69 374
166 440 448
38 215 374
64 436 438
64 289 438
64 128 351
61 333 396
160 237 426
36 47 229
68 219 400
117 140 397
21 116 290
18 74 260
57 153 330
219 400 425
57 72 330
57 245 327
11 52 103
171 200 311
99 151 316
53 120 199
2 248 459
170 188 332
52 59 405
170 208 238
79 198 396
83 193 307
92 122 158
163 320 467
172 369 473
204 483 496
63 199 289
160 220 426
14 261 350
107 231 364
110 306 480
23 362 440
108 243 402
5 363 442
170 188 489
124 146 198
56 420 483
46 244 288
172 243 384
0 181 476
162 389 437
135 163 392
14 82 209
44 118 431
44 168 431
44 124 168
100 130 191
50 429 483
40 469 471
27 141 321
158 406 418
79 198 290
152 363 443
21 41 174
41 79 290
51 147 357
300 316 362
41 79 155
123 134 214
53 102 120
228 374 387
11 207 447
15 41 378
39 63 202
118 377 408
3 19 236
296 316 357
18 74 319
3 19 213
6 114 336
1 341 461
17 159 278
24 314 394
22 222 422
185 209 251
60 76 446
16 156 202
16 54 137
30 417 492
100 383 407
9 413 449
75 176 349
87 106 415
330 354 446
71 343 423
70 394 405
58 180 202
225 272 366
88 163 194
226 336 473
17 286 309
14 299 350
17 309 310
37 258 383
336 409 473
14 62 191
34 61 333
29 117 366
165 262 381
16 156 175
172 420 474
179 312 415
79 155 494
71 311 423
166 448 461
122 158 418
110 265 480
173 186 437
18 111 319
11 103 207
185 251 466
16 137 247
27 321 476
11 52 491
183 349 426
90 114 431
55 138 404
8 263 398
92 134 335
48 198 290
308 437 496
70 405 414
2 299 435
17 102 278
170 332 446
224 271 429
262 376 381
234 270 488
12 194 279
25 77 389
46 246 288
99 292 448
1 166 461
189 268 477
189 292 448
15 41 155
87 106 303
1 166 267
109 239 281
36 111 256
287 479 485
29 276 366
82 84 401
229 288 454
57 72 453
172 384 473
442 458 463
69 373 374
127 458 463
6 90 114
6 226 336
71 190 380
113 406 462
287 402 479
17 241 416
81 197 242
23 267 440
147 258 427
18 260 284
91 278 283
234 370 488
45 165 253
24 358 486
22 243 384
19 227 236
98 99 316
65 108 402
109 281 423
1 187 298
16 169 175
4 32 265
26 344 449
83 395 466
21 116 212
376 388 434
32 222 422
67 68 145
32 112 222
21 174 342
188 465 481
22 182 379
132 271 471
122 196 418
51 296 357
375 425 491
55 138 141
24 314 486
63 64 289
137 231 364
85 406 462
40 92 122
14 62 82
26 218 344
176 348 464
55 141 438
44 124 252
420 483 496
27 42 141
27 211 350
37 130 322
40 329 471
25 35 132
27 42 211
27 261 367
31 258 427
96 183 426
8 432 458
34 93 398
27 261 350
27 367 476
1 187 341
50 179 429
17 136 205
128 345 351
152 257 363
190 194 340
187 298 341
55 436 438
178 268 325
178 268 346
31 89 258
73 160 220
32 265 480
208 285 428
3 33 213
2 299 459
83 185 466
37 292 322
2 248 251
188 481 485
23 300 362
39 372 498
325 376 381
235 409 468
173 186 347
197 242 428
72 161 453
92 113 158
189 292 322
92 335 469
115 154 476
55 351 404
188 332 355
437 481 485
26 218 240
19 116 487
120 199 273
126 139 485
19 116 213
95 233 382
7 147 407
51 143 147
81 208 354
99 362 440
98 99 362
75 176 230
194 340 412
99 440 448
53 102 278
17 206 286
100 130 383
124 269 333
409 433 478
190 340 419
39 202 410
242 313 386
267 348 399
105 122 303
145 171 413
105 106 303
129 364 404
1 264 298
142 192 221
91 278 361
108 172 308
107 364 404
107 351 404
108 139 485
109 171 219
110 265 365
289 388 482
112 222 293
157 374 449
8 398 458
113 444 462
9 240 449
113 134 444
114 269 333
5 114 333
114 363 443
115 154 253
5 114 363
115 253 295
115 261 367
116 133 487
42 138 211
116 133 470
271 360 429
167 304 369
36 229 256
23 300 456
48 116 290
117 232 397
121 337 369
118 265 365
44 118 408
51 143 296
119 148 395
119 352 395
42 138 141
25 35 77
122 129 196
40 122 329
122 303 329
123 134 335
71 190 419
124 146 252
124 168 269
101 291 296
127 270 458
128 345 372
129 196 352
130 165 178
149 241 482
22 243 379
130 178 346
153 392 457
130 322 495
37 130 383
210 312 452
192 221 223
87 360 415
148 459 466
95 282 382
66 169 312
54 137 169
137 345 498
137 231 345
298 341 472
137 247 410
405 414 491
137 410 498
145 171 219
119 138 352
138 352 404
136 205 302
162 224 429
0 141 321
141 277 438
142 279 317
142 297 390
7 143 147
143 291 296
22 222 301
13 170 446
18 36 111
162 177 429
37 258 292
145 157 449
145 413 449
147 258 407
17 241 310
153 330 392
118 195 365
16 202 247
156 337 371
131 137 169
150 203 212
188 465 489
153 245 320
153 245 327
215 447 487
53 63 202
161 287 379
79 318 396
270 432 488
156 167 202
121 156 337
156 323 371
161 328 355
34 398 493
163 320 457
160 189 268
160 250 268
73 160 472
161 287 355
161 379 453
216 244 288
275 380 424
57 245 453
163 392 457
130 165 191
82 324 401
45 165 191
165 253 262
190 380 424
169 175 312
109 171 311
172 308 420
83 185 451
103 133 207
43 103 133
8 75 349
121 167 369
264 267 348
344 374 449
33 146 213
215 373 374
179 339 415
180 202 283
181 274 388
154 181 274
218 249 368
68 145 219
185 430 451
253 274 376
14 209 435
176 230 348
147 151 427
188 355 485
190 279 424
190 194 279
41 47 174
184 191 295
8 349 432
45 191 295
192 223 280
199 273 289
202 247 410
133 203 338
150 203 338
227 377 387
204 266 496
6 222 226
201 205 302
201 205 361
208 238 428
39 63 372
142 192 390
218 240 249
76 208 354
209 324 430
185 209 430
