257 279 301
119 139 224
24 235 316
176 223 285
6 39 326
40 52 333
21 121 267
57 246 295
246 295 327
31 63 79
17 26 48
89 92 187
13 14 197
12 41 260
231 282 314
197 252 308
1 4 277
250 257 333
242 324 336
110 307 323
22 281 288
107 201 327
228 232 240
144 212 334
33 144 212
33 246 327
148 160 192
94 225 338
71 107 192
29 131 215
107 192 201
183 250 325
51 120 184
234 270 306
46 96 216
31 79 112
37 108 112
72 75 238
64 155 312
72 199 238
133 175 209
56 133 175
175 202 209
48 203 322
103 175 202
59 157 210
59 272 335
230 235 316
0 16 77
36 245 260
150 211 315
89 125 140
252 253 308
13 14 90
46 67 74
121 264 267
149 203 271
19 163 171
54 96 198
96 198 216
26 46 96
45 210 243
265 308 310
90 143 310
6 139 287
139 287 318
163 171 265
50 147 330
13 90 277
14 308 310
1 4 300
153 172 291
11 165 285
170 291 345
2 324 336
13 21 340
11 207 285
44 146 256
205 256 299
153 172 173
110 196 323
186 205 299
66 159 219
40 52 280
57 66 281
18 109 249
126 234 270
40 270 333
73 257 333
52 60 280
52 60 82
70 82 177
82 177 281
52 70 82
57 177 281
52 70 113
57 151 344
33 144 192
71 160 192
33 212 246
232 334 337
228 232 337
66 81 240
193 228 240
8 228 337
134 148 160
134 148 342
215 242 324
71 86 301
188 241 290
52 73 333
71 73 107
73 257 301
71 73 301
268 296 329
28 125 150
84 160 286
2 188 336
84 134 160
215 274 324
131 215 274
2 274 324
125 140 320
188 268 290
23 36 150
23 150 315
188 211 329
188 268 329
79 221 229
63 204 292
37 79 112
63 79 296
68 156 183
63 296 329
30 156 183
183 268 279
68 183 325
109 126 234
51 109 126
68 94 338
126 225 338
37 120 199
37 94 120
51 120 199
94 120 184
51 184 194
24 91 238
24 222 316
25 108 112
25 91 108
91 108 238
25 91 349
78 141 204
9 230 235
24 222 348
31 63 204
78 95 235
185 222 316
5 261 309
24 75 348
24 91 349
75 137 348
122 273 297
24 75 238
72 75 137
72 102 137
122 297 303
137 298 348
32 72 102
273 297 312
56 72 237
122 237 303
122 273 312
56 64 248
58 64 155
58 64 213
58 167 213
64 133 213
56 64 133
133 169 213
93 167 209
167 169 213
222 259 348
155 298 312
102 137 298
185 222 259
93 129 167
12 41 162
7 258 272
138 247 261
202 217 272
10 103 202
59 198 210
202 272 335
59 198 216
10 202 335
59 157 335
59 216 272
5 258 309
124 254 269
5 7 258
67 124 258
216 258 272
105 124 269
12 245 260
115 254 309
115 154 244
0 9 154
0 77 244
0 154 244
115 154 309
9 154 304
12 16 77
0 9 130
78 95 180
78 141 235
12 16 332
95 130 332
12 180 245
41 115 162
12 77 162
69 105 260
47 260 339
106 121 187
36 260 339
28 89 125
92 187 340
38 92 136
11 291 345
92 340 346
21 187 340
13 21 267
13 197 289
14 197 308
97 197 289
55 145 264
21 121 187
47 106 305
47 106 187
55 106 305
48 203 271
67 74 145
74 145 264
17 54 271
17 48 271
3 45 168
54 149 271
3 117 168
3 117 175
149 178 251
45 54 149
203 231 314
149 203 251
203 314 322
203 231 252
74 263 322
263 314 322
100 251 253
100 203 251
53 206 265
163 265 308
163 253 308
163 251 253
149 178 283
76 178 255
178 251 255
27 76 189
117 168 283
119 239 326
39 239 326
76 117 189
27 76 255
27 104 189
104 119 224
139 224 318
6 39 287
53 171 265
143 265 310
39 50 147
35 152 196
61 143 341
85 147 330
61 90 143
143 206 265
14 90 310
35 266 321
179 266 321
136 195 278
35 111 321
1 111 321
35 111 300
1 111 300
35 135 300
85 179 266
98 135 164
35 152 266
39 50 191
152 191 196
128 313 331
35 98 196
98 196 323
35 98 135
87 307 323
42 110 116
110 191 196
99 116 132
110 132 307
99 190 227
62 132 307
116 214 227
110 116 132
42 110 191
87 181 190
83 328 343
190 227 319
62 99 190
142 256 299
142 190 319
62 87 190
62 99 132
62 87 307
4 49 278
87 173 181
170 236 278
4 164 226
4 226 278
153 170 173
195 236 345
170 236 345
49 136 278
195 236 278
11 158 345
38 43 140
43 174 220
38 43 174
140 220 320
43 140 220
11 207 233
158 274 345
83 302 343
153 170 291
172 181 302
172 173 181
123 165 343
146 205 256
142 256 328
83 142 328
161 176 182
29 131 207
161 176 285
161 165 285
207 223 285
29 207 223
80 193 228
8 80 228
29 80 193
176 182 275
81 223 275
66 232 240
81 193 240
176 223 275
15 218 311
218 311 317
101 276 293
186 208 299
142 299 319
15 293 311
15 186 205
15 88 186
88 186 208
15 101 293
293 311 317
128 299 319
34 166 214
214 313 331
88 166 208
214 227 313
128 313 319
99 116 227
227 313 319
42 65 127
116 127 214
42 116 127
128 208 299
34 128 208
65 114 127
34 166 208
114 166 294
276 293 317
15 88 101
101 276 294
65 114 294
220 320 345
211 292 329
200 279 290
268 279 290
277 340 346
159 275 317
182 275 317
270 325 338
85 266 330
262 263 282
263 282 314
250 257 279
250 270 325
250 270 333
22 249 288
122 248 312
64 248 312
134 242 342
63 292 329
24 235 349
151 212 232
212 232 334
157 210 347
210 243 347
202 209 217
143 206 341
53 206 341
31 204 349
192 201 327
33 192 327
185 230 316
182 218 317
12 180 332
78 180 204
180 204 292
174 220 345
172 302 343
170 173 226
170 226 278
165 328 343
165 256 328
115 162 244
32 303 312
20 158 233
11 158 233
155 259 348
154 261 309
154 261 304
151 212 344
28 150 339
36 150 339
141 235 349
149 168 283
45 149 168
146 161 182
44 146 165
146 161 165
83 142 302
142 181 190
126 270 338
51 72 199
114 127 166
51 72 109
50 152 191
49 92 136
55 69 305
34 128 214
2 274 345
197 231 252
159 219 275
56 122 237
49 92 346
119 139 326
50 152 266
68 325 338
13 277 340
41 105 260
51 126 225
76 117 283
94 184 194
39 287 318
9 185 304
38 89 140
37 79 221
141 204 349
23 36 292
36 180 245
37 108 238
55 106 264
94 194 225
124 254 258
215 242 342
30 221 229
69 260 305
30 79 296
70 113 295
45 54 210
77 162 244
29 81 193
129 138 247
60 280 284
118 270 306
30 79 229
17 26 96
53 147 341
11 123 291
100 203 253
8 144 192
48 74 322
60 284 288
39 147 318
40 118 270
10 157 335
8 334 337
37 94 221
8 148 192
3 157 175
19 251 255
118 280 284
53 147 318
0 16 130
85 90 179
51 194 225
87 173 226
18 234 306
74 262 263
97 197 262
16 130 332
125 188 320
32 102 312
47 260 305
15 182 205
4 164 300
5 138 261
26 46 74
38 89 92
66 219 275
57 66 232
86 160 286
76 178 283
104 189 239
20 207 233
17 54 96
19 224 318
3 157 347
106 121 264
50 266 330
80 148 342
123 172 343
30 268 296
28 89 339
3 45 347
125 150 211
27 104 224
247 261 304
57 177 295
7 138 217
11 123 165
72 237 303
30 156 221
146 182 205
84 241 290
68 156 221
13 97 267
53 171 318
57 212 344
37 199 238
38 136 195
203 252 253
131 158 274
61 85 90
1 277 321
249 284 288
38 174 195
113 295 327
46 216 258
54 198 210
19 27 255
4 49 346
45 243 347
8 144 334
297 303 312
93 209 217
19 171 318
84 286 290
84 188 241
18 109 234
183 250 279
56 122 248
20 131 207
26 48 74
36 180 292
13 97 289
41 105 269
71 86 160
31 112 349
29 81 223
46 67 258
174 195 345
57 212 246
57 151 232
40 118 280
58 129 167
135 164 300
84 134 336
69 105 124
58 129 155
20 131 158
103 157 175
60 82 281
4 277 346
61 147 341
61 85 147
47 187 339
133 167 169
66 81 275
66 159 317
66 276 317
32 72 303
68 94 221
254 258 309
86 279 301
30 183 268
67 69 124
67 69 145
18 118 306
185 247 304
129 155 259
73 107 113
52 73 113
86 200 290
10 103 157
74 262 264
8 80 148
93 138 217
80 215 342
29 80 215
95 180 332
5 7 138
211 292 315
197 262 282
84 188 336
97 262 264
142 181 302
102 298 312
86 200 279
86 286 290
2 188 320
87 98 164
87 98 323
9 185 230
87 164 226
55 69 145
134 242 336
15 182 218
90 179 321
9 95 130
90 277 321
93 129 138
97 264 267
197 231 282
19 27 224
88 101 166
101 166 294
2 320 345
19 163 251
155 298 348
44 165 256
104 119 239
118 249 284
25 112 349
107 113 327
115 254 269
41 115 269
18 118 249
89 187 339
123 172 291
125 188 211
129 185 247
127 166 214
128 214 331
129 185 259
23 292 315
7 217 272
60 281 288
133 167 209
70 177 295
9 95 235
6 139 326
