185 247 259
257 279 301
50 191 266
119 139 224
24 235 316
176 223 285
6 39 326
40 52 333
57 246 295
156 221 229
246 295 327
31 63 79
17 26 48
30 156 229
259 298 348
89 92 187
24 141 235
17 26 54
231 252 282
231 282 314
2 125 320
1 4 277
250 257 333
242 324 336
182 205 218
22 281 288
107 201 327
107 295 327
107 113 295
144 212 334
33 144 212
33 246 327
20 131 274
148 160 192
94 225 338
71 107 192
125 150 188
29 131 215
107 192 201
184 194 225
183 250 325
51 120 184
94 184 225
234 270 306
46 96 216
108 199 238
31 79 112
37 108 112
155 259 298
72 75 238
64 155 312
72 199 238
133 175 209
56 133 175
45 198 210
262 263 314
59 272 335
230 235 316
67 216 258
0 16 77
36 245 260
89 125 140
28 36 339
252 253 308
19 163 171
46 67 216
54 96 198
96 198 216
45 210 243
265 308 310
90 143 310
117 178 283
147 287 318
39 147 287
6 139 287
147 318 341
139 287 318
163 171 265
61 85 179
53 318 341
50 147 330
98 164 323
153 172 291
11 165 285
2 324 336
47 89 187
44 146 161
11 207 285
11 165 291
153 172 173
66 159 219
182 219 275
40 52 280
249 280 284
22 60 249
22 60 288
57 66 281
18 109 249
18 249 284
18 118 284
126 270 325
126 234 270
109 234 306
73 257 333
71 86 286
52 60 280
60 249 280
52 60 82
82 177 281
57 177 281
52 70 113
57 70 177
57 151 344
33 144 192
71 160 192
33 212 246
8 144 148
134 148 160
134 148 342
215 242 324
144 148 192
71 160 286
52 73 333
71 73 107
73 257 301
268 296 329
28 125 150
84 160 286
2 188 336
84 242 336
215 274 324
131 215 274
2 125 188
2 274 324
2 274 320
125 140 320
188 211 329
79 221 229
37 79 112
63 79 296
63 296 329
183 268 279
109 126 234
51 109 126
37 120 199
37 94 120
51 120 199
94 120 184
51 184 194
31 141 204
24 91 238
37 108 199
24 222 316
25 108 112
25 91 349
31 141 349
9 230 235
24 222 348
78 95 235
185 222 316
5 261 309
95 130 235
24 141 349
24 91 349
24 75 238
72 75 137
72 102 137
137 298 348
32 72 102
273 297 312
64 122 312
56 72 237
122 237 303
122 273 312
58 64 155
58 64 213
58 167 213
64 122 248
64 133 213
133 169 213
93 167 209
167 169 213
222 259 348
155 298 312
102 137 298
185 222 259
93 129 167
185 261 304
77 115 162
154 304 309
12 41 162
7 258 272
261 304 309
129 247 259
185 247 261
138 217 272
138 247 261
202 217 272
93 202 209
103 157 347
59 198 216
59 157 335
59 216 272
7 138 272
124 254 269
67 105 124
5 7 258
67 124 258
216 258 272
105 124 269
67 69 105
115 254 309
77 115 244
115 154 244
0 9 154
0 77 244
0 154 244
115 154 309
9 154 304
12 16 77
0 9 130
78 95 180
9 130 235
12 16 332
95 130 332
12 180 245
41 115 162
12 77 162
28 47 89
69 105 260
47 260 339
28 47 339
36 260 339
195 220 345
49 136 346
28 89 125
38 92 136
92 136 346
21 187 340
97 262 267
14 197 308
262 282 314
55 145 264
21 121 187
55 121 264
47 106 305
67 145 305
55 145 305
55 106 121
55 106 305
67 69 305
17 54 271
17 48 271
45 54 198
3 45 168
54 149 271
3 117 168
3 117 175
149 178 251
45 54 149
76 117 178
203 231 252
74 263 322
262 264 267
263 314 322
97 262 282
100 251 253
53 206 265
163 251 253
149 178 283
104 224 255
76 178 255
178 251 255
119 189 239
27 76 189
117 168 283
119 239 326
27 104 255
19 224 255
39 239 326
76 117 189
27 76 255
104 119 224
19 171 224
139 224 318
6 39 287
53 171 265
143 265 310
39 50 147
35 152 196
61 143 341
61 85 341
61 90 143
61 90 179
143 206 265
35 266 321
179 266 321
4 135 164
35 111 321
1 111 321
35 111 300
35 135 300
4 135 300
85 179 266
98 135 164
152 191 266
35 152 266
39 50 191
152 191 196
35 98 196
98 196 323
35 98 135
87 164 323
110 191 196
99 116 132
110 132 307
99 190 227
110 116 132
42 110 191
83 328 343
190 227 319
62 99 190
142 256 299
142 190 319
4 49 278
87 173 181
170 236 278
4 164 226
4 226 278
38 136 174
153 170 173
195 236 345
170 236 345
49 136 278
195 236 278
38 43 140
38 43 174
140 220 320
43 140 220
131 207 233
29 215 342
20 131 233
11 207 233
158 274 345
20 158 274
44 161 165
44 256 328
123 165 291
83 302 343
172 181 302
172 173 181
123 165 343
146 161 205
142 256 328
83 142 328
161 176 182
29 131 207
161 176 285
161 165 285
29 80 342
81 193 223
176 182 275
81 223 275
81 193 240
159 182 219
176 223 275
15 218 311
159 218 317
161 182 205
66 159 276
159 182 218
159 276 317
186 208 299
142 299 319
15 293 311
15 88 186
88 186 208
128 299 319
34 166 214
214 313 331
88 166 208
214 227 313
99 116 227
227 313 319
42 65 127
34 166 208
88 101 294
114 166 214
276 293 317
15 88 101
101 276 294
65 114 294
147 330 341
85 330 341
126 325 338
274 320 345
220 320 345
128 319 331
313 319 331
197 282 308
197 282 289
211 292 329
200 279 290
268 279 290
277 340 346
122 273 303
273 297 303
203 271 322
21 267 340
85 266 330
252 282 308
163 253 265
250 257 279
134 242 342
241 268 329
241 268 290
228 240 337
63 292 329
232 240 337
218 293 311
157 210 347
210 243 347
143 206 341
53 206 341
78 204 235
141 204 235
196 307 323
192 201 327
33 192 327
188 211 315
92 187 346
187 340 346
186 256 299
186 205 256
185 230 316
12 180 332
78 180 204
188 241 329
180 204 292
231 314 322
136 174 278
172 302 343
170 173 226
170 226 278
44 165 328
165 328 343
32 303 312
174 195 278
84 160 242
158 291 345
20 158 233
11 158 233
68 156 325
153 170 345
153 291 345
151 334 337
13 267 340
151 212 344
150 292 315
149 168 283
45 149 168
11 158 291
145 262 264
74 145 262
48 271 322
83 142 302
142 181 190
52 70 177
51 72 199
51 72 109
94 221 338
47 106 121
18 109 306
31 63 292
40 270 325
24 137 348
34 128 214
46 54 96
134 160 242
171 224 318
15 186 218
44 146 205
56 122 237
119 139 326
43 195 220
68 325 338
13 277 340
12 41 245
41 245 260
41 105 260
218 293 317
186 205 218
9 185 304
38 89 140
68 221 338
37 79 221
23 36 292
36 180 245
34 128 299
51 126 338
30 156 325
215 242 342
69 260 305
103 175 209
30 79 296
70 113 295
59 157 198
8 80 337
29 207 285
26 46 54
46 67 145
129 138 247
110 196 307
151 212 334
118 270 306
30 79 229
27 104 119
203 231 322
10 103 209
34 208 299
100 203 253
10 202 272
40 118 270
10 157 335
8 334 337
37 94 221
26 74 322
19 251 255
118 280 284
40 250 325
3 103 347
0 16 130
73 86 301
88 114 166
51 194 225
47 121 187
87 173 226
74 262 263
1 4 111
16 130 332
32 102 312
47 260 305
62 87 181
5 138 261
26 46 74
29 223 285
38 89 92
3 103 175
56 133 248
24 75 137
26 48 322
10 272 335
31 204 292
66 219 275
57 66 232
71 73 86
23 28 36
5 124 254
129 138 217
43 174 195
5 254 309
50 266 330
46 74 145
80 148 342
123 172 343
30 268 296
99 132 307
5 124 258
3 45 347
253 265 308
23 150 292
72 237 303
51 225 338
84 241 290
68 156 221
13 97 267
42 110 127
53 171 318
57 212 344
4 111 300
13 14 277
203 252 253
13 14 289
88 114 294
1 277 321
14 197 289
15 101 276
62 99 307
62 87 323
4 49 346
45 243 347
8 144 334
297 303 312
100 203 271
129 202 217
100 149 251
84 286 290
84 188 241
183 250 279
21 121 264
21 264 267
56 122 248
44 205 256
36 180 292
116 127 227
15 276 293
13 97 289
25 91 238
52 82 177
41 105 269
40 250 333
27 119 189
31 112 349
57 212 246
57 151 232
40 118 280
58 129 167
58 129 155
60 82 281
150 188 315
4 277 346
65 114 214
62 181 190
80 193 240
62 307 323
80 193 223
151 232 337
30 183 325
65 127 214
133 167 169
66 81 275
32 72 303
66 81 232
86 279 301
30 183 268
10 202 209
23 28 150
57 70 295
18 118 306
129 155 259
73 107 113
52 73 113
86 200 290
10 103 157
8 80 148
29 80 223
80 228 240
80 228 337
95 180 332
5 7 138
211 292 315
81 232 240
157 198 210
84 188 336
142 181 302
102 298 312
86 200 279
86 286 290
9 185 230
87 164 226
14 90 308
90 308 310
90 179 321
90 277 321
100 149 271
19 163 251
110 116 127
25 108 238
14 90 277
25 112 349
115 254 269
41 115 269
123 172 291
127 214 227
97 282 289
128 214 331
93 129 202
60 281 288
133 167 209
64 133 248
6 139 326
