185 247 259
50 191 266
119 139 224
176 223 285
6 39 326
40 52 333
21 121 267
57 246 295
31 63 79
68 126 325
17 26 48
30 156 229
259 298 348
89 92 187
13 14 197
12 41 260
231 252 282
231 282 314
100 203 252
197 252 308
2 125 320
1 4 277
250 257 333
242 324 336
182 205 218
110 307 323
22 281 288
52 107 113
107 201 327
107 295 327
57 246 344
107 113 295
144 212 334
33 144 212
212 246 344
33 201 327
20 131 274
71 107 192
125 150 188
29 131 215
107 192 201
250 325 333
60 82 288
51 120 184
234 270 306
46 96 216
108 199 238
31 79 112
155 259 298
72 75 238
64 155 312
58 155 167
72 199 238
133 175 209
56 133 175
175 202 209
93 202 217
48 203 322
59 272 335
230 235 316
67 216 258
0 16 77
89 125 140
252 253 308
13 14 90
46 67 74
121 264 267
149 203 271
19 163 171
46 67 216
54 96 198
96 198 216
26 46 96
19 163 255
90 143 310
117 178 283
6 139 287
147 318 341
139 287 318
163 171 265
53 318 341
50 147 330
50 85 266
1 4 300
98 164 323
153 172 291
11 165 285
2 324 336
47 89 187
8 80 342
11 20 158
11 207 285
44 146 256
11 165 291
153 172 173
110 196 323
34 128 331
40 52 280
249 280 284
57 66 281
18 109 249
109 118 306
126 270 325
40 118 306
109 234 306
40 270 333
40 270 306
73 257 333
71 86 286
52 73 107
82 281 288
60 249 280
82 177 281
57 177 281
52 70 113
57 151 344
33 144 192
71 160 192
33 212 246
66 81 240
193 228 240
8 228 337
200 268 279
134 148 342
8 148 342
215 242 324
33 192 201
71 86 301
71 160 286
188 241 290
52 73 333
73 257 301
86 200 301
200 268 290
28 125 150
84 160 286
2 188 336
84 241 336
84 242 336
2 125 188
2 274 324
125 140 320
188 268 290
188 241 336
23 36 245
23 36 150
63 211 292
23 180 292
79 221 229
63 204 292
12 95 180
37 79 112
63 211 329
63 296 329
30 183 296
30 229 296
30 156 183
183 268 279
68 126 338
270 325 333
18 109 118
51 109 126
37 120 199
37 94 120
51 120 199
94 120 184
51 184 194
24 91 238
25 91 108
91 108 238
0 16 332
25 91 349
25 31 349
78 141 204
9 230 235
31 63 204
78 95 235
5 261 309
95 130 235
24 141 349
9 230 316
24 75 348
24 91 349
75 137 348
24 75 238
72 75 137
32 72 237
137 298 348
32 72 102
32 102 298
32 237 303
273 297 312
64 122 312
56 72 237
122 273 312
56 64 248
58 64 155
58 64 213
58 167 213
64 122 248
64 133 213
56 64 133
133 169 213
93 167 209
167 169 213
32 298 312
222 259 348
155 298 312
185 222 259
93 129 167
185 261 304
12 41 162
129 247 259
185 247 261
138 247 261
202 217 272
93 202 209
59 198 216
59 157 335
59 216 272
7 138 261
124 254 269
5 7 261
5 7 258
67 124 258
105 124 269
12 245 260
115 254 309
0 9 154
0 77 244
0 154 244
9 154 304
0 9 130
12 95 332
78 95 180
0 130 332
9 130 235
78 141 235
12 16 332
95 130 332
12 180 245
23 180 245
41 115 162
28 47 89
47 260 339
106 121 187
28 47 339
49 136 346
28 89 125
38 92 136
4 49 277
92 136 346
11 291 345
49 277 346
21 187 340
97 262 267
13 197 289
14 197 308
55 145 264
21 121 187
47 106 305
47 106 187
47 69 305
55 106 305
48 203 271
67 74 145
17 54 271
17 48 271
3 45 168
54 149 271
3 117 168
3 117 175
149 178 251
45 54 149
163 251 255
76 117 178
203 231 314
203 314 322
100 252 253
203 231 252
74 263 322
262 264 267
263 314 322
97 262 282
197 252 282
100 251 253
53 206 265
163 251 253
149 178 283
178 251 255
27 76 189
117 168 283
39 239 326
76 117 189
27 104 189
104 119 189
104 119 224
139 224 318
6 39 287
53 171 265
85 147 341
50 85 330
39 50 147
35 152 196
61 143 341
61 85 341
85 147 330
61 90 143
90 179 277
136 195 278
1 111 321
35 111 300
1 111 300
35 135 300
4 135 300
98 135 164
152 191 266
35 152 266
39 50 191
152 191 196
98 196 323
87 307 323
87 164 323
110 191 196
99 116 132
110 132 307
110 116 132
42 110 191
83 328 343
142 190 319
62 87 307
4 49 278
170 236 278
153 170 173
195 236 345
170 236 345
49 136 278
195 236 278
11 158 345
38 43 140
38 43 174
140 220 320
43 140 220
11 20 233
11 207 233
158 274 345
20 158 274
123 165 291
83 302 343
172 291 302
172 181 302
123 165 343
146 205 256
83 142 328
161 165 285
81 219 275
80 193 228
8 80 228
29 80 193
176 182 275
81 223 275
66 232 240
81 193 240
176 223 275
15 218 311
15 205 218
66 159 276
101 276 293
159 276 317
186 208 299
142 299 319
15 293 311
15 186 205
15 88 186
88 186 208
128 299 319
34 166 214
214 313 331
88 166 208
214 227 313
99 116 227
227 313 319
42 65 127
34 214 331
34 166 208
88 101 294
114 166 214
276 293 317
101 276 294
65 114 294
220 320 345
128 319 331
313 319 331
197 282 289
277 340 346
179 277 321
159 275 317
182 275 317
273 297 303
21 267 340
262 263 282
263 282 314
163 253 265
250 257 279
22 249 288
36 245 339
245 260 339
154 244 309
134 242 342
228 240 337
232 240 337
218 293 311
188 211 268
157 210 347
210 243 347
143 206 341
53 206 341
31 204 349
200 257 279
200 257 301
188 211 315
92 187 346
187 340 346
186 256 299
186 205 256
183 268 329
183 296 329
182 218 317
161 182 285
176 182 285
78 180 204
24 316 348
180 204 292
170 173 226
165 328 343
165 256 328
115 162 244
32 303 312
84 160 242
154 261 309
154 261 304
153 170 345
153 291 345
151 334 337
13 267 340
151 212 344
28 150 339
36 150 339
150 292 315
149 168 283
45 149 168
146 161 182
44 146 165
145 262 264
74 145 262
143 206 308
146 161 165
142 181 190
83 142 181
141 235 316
52 70 177
51 72 199
51 72 109
156 183 250
55 69 305
134 160 242
142 299 328
2 274 345
159 219 275
56 122 237
119 139 326
41 105 260
218 293 317
43 220 345
15 88 293
68 221 229
13 90 340
94 184 194
39 287 318
9 185 304
38 89 140
63 79 229
37 79 221
141 204 349
34 128 299
51 126 338
33 246 295
55 106 264
47 69 105
94 194 225
124 254 258
45 54 243
215 242 342
70 113 295
59 157 198
77 162 244
29 207 285
29 81 193
129 138 247
27 76 178
151 212 334
62 99 181
34 208 299
17 26 96
134 148 192
20 29 207
88 101 293
16 77 162
10 202 272
8 144 192
48 74 322
39 147 318
7 216 272
10 157 335
8 334 337
37 94 221
8 148 192
118 280 284
88 114 166
85 90 179
131 215 324
87 173 226
35 135 196
74 262 263
24 141 316
43 195 345
62 87 181
122 237 273
60 82 280
54 210 243
26 46 74
33 295 327
29 223 285
3 103 157
38 89 92
3 103 175
90 277 340
10 272 335
31 108 112
57 66 232
222 316 348
73 107 301
134 160 192
35 111 266
20 207 233
17 54 96
19 224 318
66 81 159
25 31 108
3 157 347
43 174 195
106 121 264
5 254 309
10 103 175
99 132 307
3 45 347
9 185 222
253 265 308
51 194 338
23 150 292
99 190 319
57 177 295
7 138 217
9 222 316
146 182 205
84 241 290
13 97 267
42 110 127
10 175 202
53 171 318
211 268 329
38 136 195
27 178 255
7 216 258
123 302 343
61 85 90
88 114 294
1 277 321
38 174 195
19 27 104
54 198 210
119 189 326
62 99 307
19 27 255
45 243 347
8 144 334
297 303 312
19 104 224
19 171 318
100 149 251
84 286 290
20 29 131
183 250 279
56 122 248
26 48 74
116 127 227
13 97 289
4 170 226
52 82 177
41 105 269
29 81 223
57 151 232
60 249 288
40 118 280
69 105 124
206 265 308
150 188 315
237 273 303
65 114 214
63 229 296
151 232 337
65 127 214
133 167 169
194 225 338
115 244 309
189 239 326
68 94 221
52 82 280
68 225 338
5 254 258
68 94 225
68 156 229
72 102 298
68 156 250
68 250 325
87 172 173
67 69 124
67 69 145
71 107 301
256 299 328
72 137 298
129 155 259
86 200 290
10 103 157
93 138 217
80 215 342
29 80 215
37 112 199
211 292 315
81 159 219
157 198 210
135 164 226
83 181 302
85 266 321
85 179 321
86 286 290
87 172 181
87 164 226
55 69 145
14 90 308
90 308 310
143 308 310
93 129 138
4 135 226
99 181 190
99 227 319
100 149 203
2 320 345
44 165 256
4 170 278
118 249 284
131 274 324
109 126 270
110 116 127
111 266 321
47 105 260
108 112 199
115 254 269
41 115 269
18 118 249
12 16 162
123 291 302
109 234 270
127 214 227
97 282 289
129 155 167
7 217 272
133 167 209
70 177 295
98 135 196
6 139 326
