185 247 259
257 279 301
50 191 266
119 139 224
32 297 312
176 223 285
6 39 326
40 52 333
21 121 267
173 226 278
57 246 295
31 63 79
68 126 325
200 279 301
17 26 48
25 31 112
89 92 187
13 14 197
155 167 259
231 282 314
197 252 308
2 125 320
250 257 333
242 324 336
22 281 288
57 113 295
40 280 284
107 201 327
57 246 344
144 212 334
33 144 212
33 201 327
20 131 274
94 225 338
71 107 192
107 192 201
60 82 288
79 94 221
37 79 94
51 120 184
234 270 306
40 118 284
46 96 216
31 79 112
72 109 199
37 108 112
72 75 238
64 155 312
72 199 238
133 175 209
56 133 175
175 202 209
48 203 322
103 175 202
59 157 210
59 272 335
230 235 316
67 216 258
150 211 315
89 125 140
28 36 339
252 253 308
13 14 90
121 264 267
19 163 171
46 67 216
54 96 198
96 198 216
26 46 96
19 163 255
45 210 243
117 178 283
147 287 318
39 147 287
6 139 287
147 318 341
139 287 318
163 171 265
53 318 341
50 147 330
13 90 277
13 267 289
98 164 323
153 172 291
11 165 285
2 324 336
47 69 260
47 89 187
97 267 289
11 20 158
151 232 334
11 207 285
44 146 256
11 165 291
123 291 343
181 190 302
186 205 299
66 159 219
34 128 331
182 219 275
40 52 280
249 280 284
22 60 249
22 60 288
57 66 281
18 109 249
126 270 325
40 270 333
73 257 333
71 86 286
52 60 280
60 249 280
52 60 82
70 82 177
52 70 82
57 177 281
52 70 113
57 70 177
57 70 113
57 151 344
33 144 192
71 160 192
57 66 151
232 334 337
144 334 337
8 144 337
66 151 232
193 228 240
8 228 337
200 268 279
134 148 342
215 242 324
33 192 201
84 241 286
71 86 301
71 160 286
52 73 333
73 257 301
268 296 329
86 200 301
200 268 290
86 200 286
28 125 150
84 160 286
200 286 290
241 286 290
2 188 336
84 242 336
2 125 188
2 274 324
23 211 292
23 150 315
23 211 315
63 211 292
79 221 229
63 204 292
12 95 180
37 79 112
63 211 329
68 156 183
63 296 329
30 229 296
30 156 183
183 268 279
68 126 338
126 194 225
51 109 199
51 109 126
126 225 338
37 120 199
51 120 199
51 184 194
51 126 194
24 91 238
24 222 316
25 108 112
0 16 332
25 91 349
25 31 349
9 230 235
24 222 348
31 63 204
78 95 235
9 304 316
185 222 316
5 261 309
185 304 316
9 230 316
24 91 349
24 75 238
137 298 348
32 102 298
32 297 303
273 297 312
56 72 237
58 64 155
58 64 213
64 122 248
93 167 209
167 169 213
32 298 312
222 259 348
155 298 312
102 137 298
185 222 259
129 167 259
93 129 167
185 261 304
77 115 162
12 41 162
129 247 259
185 247 261
138 247 261
202 217 272
10 103 202
59 198 210
202 272 335
59 198 216
10 202 335
59 157 335
59 216 272
7 138 261
5 258 309
124 254 269
5 7 261
67 105 124
5 7 258
67 124 258
105 124 269
67 69 105
115 254 309
77 115 244
0 9 154
0 154 244
9 154 304
12 16 77
0 9 130
12 95 332
78 95 180
0 130 332
12 16 332
95 130 332
12 180 245
41 115 162
12 77 162
69 105 260
47 260 339
106 121 187
49 136 346
28 89 125
92 187 340
38 92 136
4 49 277
11 291 345
49 277 346
21 187 340
97 262 267
13 197 289
14 197 308
21 121 187
47 106 305
47 106 187
55 145 305
47 69 305
55 106 305
26 46 48
48 203 271
46 74 322
17 54 271
17 48 271
3 45 168
54 149 271
3 117 168
3 117 175
45 54 149
163 251 255
76 117 178
46 48 322
203 231 252
74 263 322
262 264 267
263 314 322
97 262 282
100 251 253
53 206 265
163 265 308
163 253 308
163 251 253
53 171 224
104 224 255
178 251 255
27 76 189
117 168 283
119 239 326
27 104 255
19 224 255
39 239 326
76 117 189
27 104 189
104 119 224
19 171 224
139 224 318
6 39 287
53 171 265
39 50 147
61 143 341
61 85 341
53 224 318
143 206 265
35 266 321
179 266 321
136 195 278
35 111 321
1 111 321
35 111 300
1 111 300
35 135 300
85 179 266
98 135 164
152 191 266
35 152 266
39 50 191
152 191 196
83 190 302
98 196 323
35 98 135
87 307 323
87 164 323
42 110 116
110 191 196
99 116 132
110 132 307
62 132 307
110 116 132
42 110 191
83 328 343
83 142 190
142 190 319
62 99 132
62 87 307
4 49 278
87 173 181
170 236 278
4 164 226
4 226 278
170 173 278
153 170 173
195 236 345
170 236 345
49 136 278
195 236 278
11 158 345
38 43 174
11 20 233
11 207 233
158 274 345
20 158 274
123 165 291
83 302 343
172 181 302
123 165 343
146 161 205
83 142 328
161 165 285
207 223 285
29 80 342
29 207 223
80 193 228
81 193 223
8 80 228
176 182 275
81 223 275
81 193 240
159 182 219
176 223 275
15 218 311
161 182 205
66 159 276
101 276 293
159 276 317
186 208 299
142 299 319
15 293 311
15 186 205
15 88 186
88 186 208
15 101 293
128 299 319
34 166 214
214 313 331
88 166 208
214 227 313
99 116 227
227 313 319
42 65 127
42 116 127
34 214 331
128 208 299
34 128 208
34 166 208
88 101 294
114 166 214
276 293 317
15 88 101
101 276 294
65 114 294
147 330 341
85 330 341
220 320 345
128 319 331
313 319 331
24 316 349
197 282 289
277 340 346
4 277 300
273 297 303
21 267 340
85 266 330
262 263 282
263 282 314
149 251 271
250 257 279
250 270 325
250 270 333
36 245 339
245 260 339
154 244 309
134 242 342
241 268 290
228 240 337
232 240 337
218 293 311
188 211 268
157 210 347
210 243 347
202 209 217
143 206 341
53 206 341
1 277 300
31 204 349
78 204 235
141 204 235
196 307 323
178 251 283
182 218 317
161 182 285
176 182 285
78 180 204
180 204 292
82 177 288
177 281 288
231 314 322
172 302 343
165 328 343
165 256 328
84 160 242
155 259 348
155 167 213
154 261 309
154 261 304
153 170 345
153 291 345
153 172 181
153 173 181
13 267 340
151 212 344
149 168 283
45 149 168
146 205 299
146 256 299
44 146 165
146 161 165
141 235 316
141 316 349
61 90 310
94 221 338
24 137 348
134 160 242
142 299 328
2 274 345
197 231 252
56 122 237
119 139 326
43 174 345
13 277 340
12 41 245
41 245 260
41 105 260
218 293 317
43 220 345
94 184 194
38 89 140
63 79 229
68 221 338
118 234 306
141 204 349
23 36 292
36 180 245
75 102 137
29 207 233
37 108 238
33 246 295
55 106 264
94 194 225
124 254 258
58 155 213
215 242 342
30 221 229
45 54 210
125 220 320
46 67 145
129 138 247
27 76 178
110 196 307
151 212 334
118 270 306
203 231 322
17 26 96
134 148 192
100 203 253
8 144 192
7 216 272
40 118 270
32 72 75
10 157 335
188 241 268
8 148 192
38 140 220
3 157 175
88 114 166
85 90 179
20 29 233
131 215 324
87 173 226
74 262 263
15 182 205
4 164 300
62 87 181
122 237 273
32 75 102
33 295 327
38 89 92
131 215 342
33 246 344
56 133 248
24 75 137
64 133 169
38 43 220
66 219 275
104 189 239
37 120 184
73 107 301
134 160 192
23 28 36
17 54 96
3 157 347
106 121 264
50 266 330
46 74 145
80 148 342
30 268 296
28 89 339
3 45 347
125 150 211
149 251 283
7 138 217
72 237 303
30 156 221
68 156 221
211 268 329
37 199 238
38 136 195
203 252 253
27 178 255
7 216 258
61 85 90
88 114 294
1 277 321
38 174 195
113 295 327
54 198 210
45 243 347
29 131 342
143 265 308
64 122 273
100 203 271
61 143 310
93 209 217
20 29 131
84 188 241
18 109 234
37 94 184
183 250 279
56 122 248
36 180 292
116 127 227
16 77 244
25 91 238
62 99 319
41 105 269
55 74 145
55 74 264
174 195 345
135 164 300
103 157 175
47 89 339
237 273 303
65 114 214
62 181 190
62 190 319
63 229 296
80 193 223
64 273 312
65 127 214
133 167 169
66 81 275
32 72 303
115 244 309
66 81 232
254 258 309
98 152 196
68 183 250
68 250 325
30 183 268
67 69 145
23 28 150
69 145 305
71 107 301
256 299 328
172 291 343
73 107 113
52 73 113
64 169 213
10 103 157
74 262 264
8 80 148
35 98 152
0 16 244
93 138 217
29 80 223
33 212 344
81 232 240
159 182 317
84 188 336
87 164 226
100 251 271
14 90 308
90 308 310
15 182 218
90 179 321
9 95 130
90 277 321
143 308 310
93 129 138
197 231 282
99 227 319
2 320 345
155 298 348
44 165 256
104 119 239
118 249 284
131 274 324
109 126 270
25 108 238
125 140 220
107 113 327
115 254 269
41 115 269
18 118 249
125 188 211
109 234 270
127 214 227
97 282 289
7 217 272
18 118 234
133 167 209
64 133 248
92 136 340
9 95 235
136 340 346
6 139 326
