2 13 46
15 17 43
12 15 17
11 12 15
11 18 32
1 9 47
0 22 27
6 20 45
3 31 38
3 4 29
0 37 42
13 37 44
2 24 26
11 15 18
11 12 26
2 21 46
12 24 39
12 24 26
12 17 39
15 18 45
6 19 20
19 31 38
17 29 43
3 29 38
29 38 43
4 34 49
9 34 49
0 22 39
1 9 27
7 29 48
22 39 48
8 35 42
2 30 37
0 30 37
0 8 42
1 8 27
0 8 27
35 40 42
16 33 36
33 35 40
33 40 41
5 10 25
25 33 36
25 33 41
14 40 41
2 13 37
2 24 30
10 14 28
14 28 44
5 20 23
5 25 36
10 23 46
5 10 23
37 40 42
33 35 47
20 32 45
0 30 39
7 29 49
4 29 49
15 43 45
9 27 49
20 21 46
10 13 28
10 13 46
9 16 47
17 29 39
2 11 26
9 16 34
7 22 48
16 33 47
1 8 35
7 22 49
24 30 39
2 11 21
29 39 48
6 19 38
1 35 47
18 32 45
11 20 32
22 27 49
20 23 46
14 37 44
13 28 44
14 25 41
10 14 25
11 20 21
14 37 40
6 38 43
6 43 45
