11 21 32
15 17 43
12 15 17
1 9 47
4 7 29
0 22 27
6 20 45
3 31 38
9 34 47
3 4 29
16 33 35
13 37 44
18 20 45
12 24 39
12 24 26
12 17 39
15 18 45
6 19 20
17 39 48
19 31 38
17 29 43
3 29 38
29 38 43
4 7 49
7 48 49
4 34 49
9 34 49
9 22 49
17 29 48
22 48 49
0 22 39
1 9 27
7 29 48
22 39 48
8 35 42
0 24 39
0 8 42
1 8 27
9 22 27
0 8 27
16 34 47
16 35 47
35 40 42
16 33 36
33 35 40
10 14 41
33 40 41
25 33 36
25 33 41
14 40 41
14 40 44
20 21 23
10 14 28
14 28 44
5 20 23
5 25 36
10 23 46
5 10 23
21 23 46
37 40 44
37 40 42
15 43 45
24 37 42
24 30 37
10 13 28
10 13 46
11 15 26
2 11 26
2 26 30
5 10 41
5 25 41
24 26 30
0 24 42
2 13 21
18 21 32
1 8 35
2 11 21
13 30 37
6 19 38
1 35 47
13 21 46
13 28 44
2 13 30
12 15 26
6 38 43
11 15 32
15 18 32
6 43 45
18 20 21
