15 17 43
12 15 17
1 9 47
4 7 29
0 22 27
6 20 45
3 31 38
3 4 29
8 35 47
37 42 44
13 37 44
18 20 32
18 20 45
12 24 39
12 24 26
12 17 39
6 19 43
15 18 45
19 38 43
6 19 20
17 39 48
19 31 38
3 29 38
4 7 49
7 48 49
4 34 49
9 34 49
17 29 48
22 48 49
0 22 39
1 9 27
7 29 48
22 39 48
8 35 42
0 24 39
0 8 42
1 8 27
0 8 27
1 8 47
35 40 42
16 33 36
33 35 40
10 14 41
33 40 41
5 10 25
40 42 44
14 40 41
14 40 44
20 21 23
10 14 28
14 28 44
10 25 41
5 20 23
5 25 36
10 23 46
5 10 23
21 23 46
33 36 41
33 35 47
15 43 45
9 27 49
24 37 42
24 30 37
10 13 28
10 13 46
11 15 26
9 16 47
2 11 26
9 16 34
2 26 30
24 26 30
0 24 42
16 33 47
2 13 21
2 11 21
13 30 37
11 20 32
22 27 49
13 21 46
13 28 44
2 13 30
25 36 41
11 20 21
12 15 26
17 29 38
11 15 32
15 18 32
6 43 45
17 38 43
