11 21 32
15 17 43
12 15 17
1 9 47
4 7 29
0 22 27
6 20 45
3 31 38
9 34 47
3 4 29
11 21 26
8 35 47
0 37 42
16 33 35
13 37 44
2 24 26
18 20 45
12 24 39
2 21 26
12 24 26
12 17 39
15 18 45
6 15 45
6 19 20
17 39 48
17 29 43
3 29 38
29 38 43
4 7 49
4 34 49
0 22 39
1 9 27
22 39 48
8 35 42
0 24 39
0 8 42
1 8 27
9 22 27
0 8 27
1 8 47
16 34 47
16 35 47
35 40 42
16 33 36
33 35 40
33 40 41
25 33 36
25 33 41
14 40 41
2 24 30
10 28 46
10 14 28
14 28 44
5 20 23
10 23 46
5 10 23
19 31 43
24 30 37
9 22 34
22 34 49
20 21 46
14 37 42
11 15 26
5 10 36
7 22 48
7 17 29
31 38 43
7 17 48
2 13 21
18 21 32
10 25 36
7 22 49
13 30 37
14 40 42
15 19 43
20 23 46
14 37 44
13 21 46
13 28 44
13 28 46
2 13 30
14 25 41
10 14 25
6 15 19
12 15 26
0 24 37
11 15 32
15 18 32
18 20 21
