43 298 312
225 329 402
288 301 346
177 303 431
95 184 289
147 327 408
138 211 305
85 366 488
205 334 344
215 402 440
53 77 248
11 242 426
45 346 417
44 78 496
413 463 480
310 336 407
168 242 255
333 399 444
44 78 463
41 123 465
41 292 435
108 284 337
131 184 392
79 253 315
27 222 418
214 250 414
202 284 391
6 214 414
274 340 455
17 264 316
31 380 450
136 141 313
26 66 232
100 156 288
342 440 473
1 159 219
225 402 447
323 372 383
14 328 471
12 273 423
150 321 362
128 260 481
190 362 430
12 386 423
62 94 205
334 422 498
128 205 248
53 65 205
125 298 469
31 63 475
140 409 431
87 185 344
22 272 419
86 211 290
55 191 492
180 206 486
45 307 456
55 417 492
21 372 383
55 191 331
223 377 379
29 78 277
58 206 447
231 348 480
16 291 393
235 325 377
291 349 393
30 197 464
10 30 56
56 223 377
231 427 487
71 165 339
310 365 427
4 60 168
310 336 461
28 336 407
348 463 480
4 255 268
18 315 330
7 23 496
211 290 490
145 413 480
145 291 349
16 162 172
29 196 286
86 293 323
118 266 434
5 209 424
41 306 435
217 285 403
90 155 163
294 341 410
222 250 414
121 126 201
97 115 376
319 448 493
90 333 353
61 80 341
247 309 401
9 157 227
83 333 444
27 84 144
335 437 444
33 82 378
214 250 270
6 214 375
250 270 373
127 241 311
263 296 300
251 375 454
17 192 316
251 403 454
217 364 453
217 300 453
19 51 494
105 187 361
142 203 236
38 285 484
229 241 350
244 479 482
228 230 466
105 160 220
59 108 368
116 187 287
122 147 387
99 387 415
175 228 455
160 220 391
193 271 499
43 212 298
140 303 431
99 125 469
93 122 387
137 457 472
40 243 384
133 140 409
147 387 408
133 140 256
98 103 170
147 148 457
139 249 457
24 76 460
271 355 394
48 116 439
106 143 175
175 274 455
52 150 321
68 259 423
68 259 386
74 141 321
68 156 423
259 386 423
100 156 423
288 301 421
301 397 421
301 307 346
1 275 397
1 397 421
219 273 369
1 219 369
1 159 275
53 77 342
128 248 481
77 248 481
0 338 362
0 273 338
0 362 430
304 338 389
12 273 389
304 386 389
273 338 389
12 386 389
68 304 386
68 141 304
141 304 321
135 313 458
150 190 362
98 164 358
74 178 351
135 281 429
74 233 351
178 351 411
49 233 313
109 221 276
62 109 276
134 281 498
31 344 380
185 322 468
281 429 450
170 328 459
380 422 450
31 344 468
62 205 334
334 380 422
113 190 430
113 190 302
73 159 260
73 113 430
94 128 260
94 128 205
77 342 347
77 462 481
77 347 462
65 342 473
342 347 440
53 205 248
53 65 342
334 344 380
177 322 409
322 468 475
63 409 475
31 468 475
322 409 475
63 133 409
185 344 468
85 198 312
43 185 443
91 138 443
5 75 432
363 366 488
32 42 293
87 185 428
329 402 440
329 428 440
32 225 329
34 111 393
13 402 447
58 206 416
58 383 447
416 442 486
442 486 497
215 347 440
13 215 402
181 398 497
180 398 497
45 181 456
180 486 497
206 416 486
55 308 331
191 331 416
166 181 456
156 288 346
45 417 492
45 307 346
153 308 331
308 419 483
153 308 483
22 58 272
272 419 483
22 419 476
92 111 117
22 34 470
10 130 417
10 130 258
10 117 258
22 470 476
10 92 117
117 258 470
111 117 470
21 22 34
172 323 372
86 290 441
162 172 441
16 224 393
21 224 372
34 111 470
145 349 379
16 162 196
145 291 413
16 196 291
37 44 463
37 348 463
231 235 480
231 420 427
231 235 325
365 420 427
349 379 406
223 379 406
56 325 377
56 325 420
10 56 223
30 71 417
10 30 417
30 71 464
197 365 420
231 325 420
28 72 336
71 339 461
71 370 464
71 370 461
72 165 339
28 72 245
129 165 357
28 245 489
95 165 357
129 152 357
28 189 489
72 152 245
186 245 489
4 210 332
186 210 489
4 168 255
176 189 487
176 310 407
218 231 487
11 242 255
146 320 467
18 174 262
154 183 371
44 426 496
213 332 360
213 289 425
186 210 332
95 213 289
213 360 425
255 268 474
268 425 474
11 255 474
64 200 320
7 23 174
2 238 474
268 360 425
64 289 425
146 200 320
200 381 451
238 320 474
238 320 467
47 254 267
15 195 267
39 47 396
15 115 371
89 267 467
2 7 174
15 89 267
2 89 174
154 183 330
15 89 371
15 115 195
79 315 436
88 112 209
18 266 315
174 183 330
23 35 279
18 174 330
174 262 279
23 174 279
23 35 496
35 277 279
29 69 277
78 413 463
29 78 413
69 252 286
29 69 286
209 239 424
5 211 424
211 239 424
75 188 432
88 112 226
118 266 297
46 75 188
171 201 374
41 171 306
306 366 412
41 123 292
306 366 435
41 309 494
234 296 300
41 171 309
19 309 401
216 237 265
80 257 335
97 121 410
61 294 341
61 294 309
173 319 493
54 173 341
173 341 410
173 319 410
39 376 396
163 182 495
97 376 410
39 376 410
79 126 436
254 267 467
39 269 448
158 353 445
158 182 353
158 254 269
146 254 467
158 182 254
146 200 451
184 289 449
289 381 449
90 163 353
163 182 353
182 254 495
90 333 399
84 144 399
144 184 194
131 184 418
27 84 324
222 282 414
84 399 437
84 324 437
25 114 437
399 437 444
54 80 341
385 448 493
54 83 444
54 173 493
114 257 335
54 335 444
54 80 335
132 257 373
265 378 438
50 132 373
50 214 270
80 247 257
114 335 437
114 257 373
131 222 418
27 144 418
222 282 392
144 184 418
184 194 449
282 392 485
9 184 485
131 222 392
184 392 485
25 114 373
9 227 282
9 282 485
9 157 184
6 127 241
127 157 311
241 350 454
229 241 311
285 482 484
192 236 482
241 375 454
6 241 375
50 270 373
50 132 214
132 251 438
311 343 479
244 403 482
244 343 479
217 251 403
285 403 482
236 287 482
287 479 482
217 251 364
217 285 300
251 364 438
364 438 453
132 265 438
132 247 257
33 216 237
19 296 405
378 438 453
33 82 405
19 309 494
33 401 405
51 465 494
19 401 405
59 299 368
41 465 494
51 108 337
19 51 337
19 296 337
284 316 337
38 234 264
234 296 337
192 482 484
38 192 484
81 284 316
81 192 316
81 192 236
142 202 203
81 142 236
243 314 384
57 203 220
203 236 287
48 208 439
230 287 466
116 161 187
161 314 361
48 116 161
101 314 361
161 187 361
101 105 160
101 105 361
70 101 160
161 246 314
101 314 384
40 137 243
147 457 472
40 137 472
70 101 384
59 70 355
108 284 391
59 355 356
59 70 160
299 356 478
59 299 356
36 120 123
36 299 368
110 292 435
8 120 478
356 478 499
110 318 415
8 110 120
36 123 465
46 366 412
43 312 443
298 388 469
212 298 388
125 298 488
99 303 469
140 303 387
99 303 387
177 409 431
31 63 256
63 133 256
135 429 471
147 148 327
119 199 256
93 382 415
93 387 415
93 193 382
122 271 394
147 352 472
352 394 472
148 280 457
139 280 457
98 170 433
102 170 459
119 327 408
20 119 433
20 148 327
20 119 327
119 199 459
199 256 400
14 170 328
102 170 433
233 313 351
14 149 471
328 429 471
135 149 471
74 141 233
49 141 233
49 141 313
135 149 458
246 314 367
136 207 458
103 136 207
136 313 458
98 148 280
98 103 358
67 164 404
96 107 141
107 141 358
96 232 390
232 390 446
66 107 359
67 104 164
104 164 358
104 107 358
3 137 457
139 249 404
249 278 326
243 314 367
167 249 278
24 143 460
246 317 367
3 367 452
143 175 274
106 143 208
230 287 479
143 274 460
228 340 455
76 283 460
204 230 261
422 450 498
281 450 498
206 447 491
13 447 491
269 445 448
198 432 443
416 442 492
39 410 448
328 400 429
349 393 406
193 382 499
382 478 499
8 382 478
365 370 461
353 385 445
60 345 489
343 403 454
126 434 436
14 149 458
62 94 395
118 126 434
38 285 300
125 318 363
240 262 266
125 363 488
118 126 201
166 398 477
62 276 395
195 267 396
110 120 123
254 451 495
56 197 420
106 175 228
59 160 391
106 228 466
104 124 359
106 208 439
103 136 141
103 141 358
104 107 359
171 306 412
99 318 415
336 339 461
27 222 324
110 366 435
169 294 309
4 268 360
97 121 126
95 186 332
7 11 496
343 350 454
16 172 372
91 138 293
187 203 287
244 343 403
40 394 472
74 178 221
90 144 399
61 80 309
90 144 194
75 88 374
88 201 297
155 194 449
177 388 469
119 140 256
73 113 260
87 440 473
55 130 417
36 108 368
240 262 279
86 293 305
51 108 465
85 298 312
85 298 488
132 237 265
21 224 393
310 365 461
110 318 366
109 178 411
96 204 446
81 142 284
17 38 264
109 134 411
100 273 423
1 288 369
82 263 300
80 247 309
79 97 115
79 115 253
42 185 443
95 213 332
76 232 446
76 167 278
87 205 344
110 123 292
26 66 124
52 221 276
66 124 359
66 96 107
3 249 457
58 153 483
199 328 400
66 96 232
65 87 473
64 425 474
64 320 474
64 289 381
104 124 326
82 378 453
311 343 350
28 176 407
154 315 330
199 328 459
21 22 58
40 355 394
145 377 480
32 42 428
75 88 209
100 273 288
43 212 388
30 56 197
62 109 134
138 211 432
32 329 428
112 226 297
52 150 190
83 385 493
5 75 209
32 293 323
155 449 451
88 226 297
74 221 321
261 274 460
88 201 374
119 140 408
21 58 383
24 143 317
142 202 284
235 377 480
197 370 464
115 376 396
25 222 437
11 426 496
20 98 148
17 38 192
48 161 317
106 439 466
6 127 157
60 218 345
24 367 452
8 110 382
385 445 448
92 111 393
112 240 297
308 419 476
93 122 271
159 166 275
79 97 126
24 317 367
21 34 393
31 256 400
2 7 474
42 91 293
59 108 391
159 166 477
155 163 451
29 196 291
3 167 249
96 390 446
249 326 404
3 167 452
189 218 487
319 410 448
67 104 326
14 207 458
43 177 388
252 286 490
110 382 415
0 219 273
2 238 467
32 225 323
99 125 318
92 223 406
31 400 450
151 218 348
228 230 261
42 91 443
20 98 433
39 47 254
33 237 247
228 261 340
36 120 478
36 299 478
26 278 326
55 130 308
37 151 348
40 70 384
46 75 374
37 151 168
240 252 354
54 83 493
113 179 260
179 260 395
39 254 269
33 247 401
1 288 421
92 393 406
263 296 405
36 108 465
28 176 189
45 442 492
37 44 242
64 200 381
46 374 412
48 143 208
48 143 317
26 124 326
159 219 430
76 283 446
52 190 302
52 276 302
2 89 467
67 326 404
10 92 223
16 224 372
4 60 489
57 105 220
58 272 483
57 105 187
162 196 441
90 155 194
86 211 305
266 315 436
132 237 247
62 134 334
147 352 394
137 243 367
177 185 322
3 137 367
138 293 305
134 334 498
145 377 379
24 76 167
18 262 266
154 253 315
276 302 395
189 345 489
72 152 165
129 152 165
189 218 345
93 193 271
152 186 357
152 186 245
87 428 440
58 153 416
153 331 416
135 281 411
35 277 496
159 347 462
159 398 477
159 347 398
73 159 430
85 188 198
227 282 414
161 246 317
4 210 489
163 451 495
98 164 280
164 280 404
166 275 397
264 316 337
166 397 456
166 181 398
24 167 452
151 168 218
60 168 218
102 119 459
169 171 201
169 171 309
169 294 410
103 170 207
29 291 413
171 374 412
4 332 360
65 87 205
89 174 371
43 177 185
177 303 469
109 178 221
218 231 348
132 214 251
196 286 290
179 302 395
191 416 492
113 179 302
215 347 398
45 181 442
181 442 497
44 242 426
95 186 357
57 187 203
188 198 432
158 269 445
46 188 366
85 188 366
42 185 428
239 354 490
252 354 490
82 300 453
176 310 487
196 290 441
140 387 408
198 312 443
138 432 443
203 220 391
313 351 411
202 203 391
180 206 295
286 290 490
134 281 411
112 209 354
5 211 432
214 251 375
215 295 491
102 119 433
13 215 491
216 265 378
33 216 378
0 219 430
52 221 321
222 250 373
25 222 373
222 324 437
6 157 227
6 227 414
307 397 456
26 232 278
206 295 491
76 232 278
287 439 466
211 239 490
240 252 279
240 266 297
83 333 385
112 240 354
333 353 385
14 170 207
400 429 450
69 252 277
209 239 354
252 277 279
154 253 371
146 254 451
7 11 474
118 201 297
258 470 476
130 258 476
94 260 395
159 260 462
260 462 481
261 274 340
204 261 446
261 283 446
261 283 460
82 263 405
174 183 371
234 264 337
266 434 436
122 147 394
47 267 396
38 234 300
271 356 499
271 355 356
273 288 369
121 169 201
115 195 396
78 277 496
115 253 371
139 280 404
37 168 242
40 70 355
116 287 439
130 308 476
215 295 398
381 449 451
180 295 398
121 169 410
304 338 362
304 321 362
301 307 397
310 427 487
229 311 350
86 323 441
135 313 411
318 363 366
172 323 441
225 323 447
323 383 447
197 365 370
72 336 339
