63 146 215
87 264 399
207 229 232
81 95 334
205 247 336
40 229 232
22 67 95
17 20 324
39 57 374
5 202 354
74 295 315
207 227 232
248 316 343
113 286 362
180 306 373
99 174 318
10 69 139
318 337 346
48 312 342
194 221 314
235 303 397
119 213 330
145 288 389
119 133 205
67 186 388
235 348 365
186 212 371
14 132 370
254 303 397
283 348 365
10 14 139
63 225 390
131 150 287
103 163 287
111 131 310
177 222 308
122 163 266
82 96 177
177 308 393
26 375 394
106 199 297
28 238 329
8 32 281
167 308 393
35 144 326
46 335 338
109 203 260
18 109 260
41 333 335
64 148 284
158 256 278
104 106 181
156 323 359
38 214 333
195 228 242
2 45 179
35 144 349
148 284 317
11 74 319
75 230 262
65 175 317
74 289 302
236 271 360
31 175 267
25 148 317
14 135 139
207 229 316
36 198 321
40 100 304
60 312 342
159 180 373
50 61 325
240 321 356
187 210 306
66 231 258
172 306 373
145 288 314
194 288 314
99 174 346
282 314 337
99 318 346
17 163 324
1 194 221
20 221 318
17 150 247
133 190 206
150 247 336
141 293 378
192 194 288
1 194 251
192 293 385
141 348 378
145 314 355
145 250 392
250 365 387
115 160 387
283 365 392
115 250 387
250 365 392
160 365 387
235 303 388
10 14 254
10 69 303
10 254 303
69 303 388
196 235 388
196 235 327
235 365 397
43 196 327
43 133 206
130 183 357
69 186 388
69 186 212
69 139 212
130 139 371
147 290 357
130 352 371
183 290 357
139 212 371
183 252 290
93 147 290
52 93 252
93 252 290
86 114 127
18 88 275
130 352 357
127 147 357
134 233 291
27 134 233
157 263 310
173 269 291
153 157 165
22 67 206
22 95 263
22 190 206
95 153 334
153 165 173
131 191 287
131 150 336
103 191 287
103 191 215
103 146 215
103 122 163
103 122 146
16 90 209
96 177 184
23 82 96
166 225 226
26 167 394
98 375 394
167 308 368
110 114 395
71 98 394
71 167 394
24 30 202
109 126 164
30 279 354
170 177 222
23 82 339
82 177 273
82 273 393
177 273 393
117 169 170
30 202 354
78 91 169
5 78 193
177 184 276
59 91 204
184 266 276
59 204 299
58 87 176
91 169 204
28 329 398
87 176 264
59 87 399
58 323 359
112 238 329
5 193 354
5 112 176
29 366 377
164 237 259
24 241 376
123 234 298
58 329 398
32 123 234
123 241 298
8 32 234
8 104 281
8 104 380
104 106 380
47 73 106
18 320 345
18 275 345
3 124 326
46 275 345
320 366 377
12 109 320
164 259 351
109 164 351
12 109 351
29 208 366
90 151 245
109 126 203
90 151 260
18 88 110
151 203 260
18 109 320
18 110 260
223 252 396
35 64 349
223 248 343
229 248 316
207 267 316
144 300 326
64 284 349
35 162 326
38 333 338
3 46 338
3 34 338
3 34 326
88 300 386
80 144 300
88 300 326
333 335 338
41 333 379
46 335 345
41 47 73
73 106 199
199 297 383
106 261 292
13 224 331
125 224 331
13 128 256
13 128 224
125 128 224
7 72 323
107 158 256
25 76 148
2 42 45
57 361 374
39 57 158
7 216 323
218 272 353
156 195 242
2 179 244
156 242 359
55 218 270
102 295 319
200 220 270
2 42 270
42 220 270
51 102 220
19 171 381
19 79 381
74 295 319
33 44 51
39 363 374
25 142 317
44 142 230
102 220 367
142 230 262
175 267 316
31 137 182
31 137 271
75 182 262
79 315 381
79 295 315
74 289 315
11 74 105
56 296 322
56 258 302
77 121 280
36 61 328
56 302 325
56 322 341
296 322 328
36 198 328
198 240 321
62 294 341
62 240 356
66 89 94
66 89 360
271 280 360
62 94 356
207 227 236
31 236 271
40 227 232
100 143 369
130 139 362
136 307 364
40 229 304
136 304 396
136 286 307
255 364 391
255 384 391
100 168 369
100 143 391
21 152 342
21 60 342
49 246 342
0 115 250
48 49 342
160 211 246
132 211 370
160 188 211
132 188 211
152 246 350
160 246 350
160 301 350
152 246 342
152 178 350
145 250 355
0 250 355
149 314 355
21 60 311
21 152 178
21 178 311
9 53 197
9 53 305
116 120 210
6 187 210
138 172 306
118 138 172
9 84 197
159 172 373
84 118 197
84 138 306
84 118 138
9 210 305
116 210 305
61 296 328
6 68 289
50 61 201
6 120 313
6 120 210
108 116 129
120 129 313
116 120 129
15 380 398
92 380 398
219 379 383
249 353 382
321 332 369
162 326 338
34 326 338
12 320 351
82 339 393
309 358 398
15 309 398
136 304 364
92 298 398
241 298 376
289 302 325
288 293 389
192 288 293
285 316 343
279 308 368
30 279 368
57 278 361
278 361 382
277 363 374
88 275 326
124 275 326
272 353 382
272 361 382
272 361 374
200 270 272
208 259 366
157 257 310
26 257 268
226 257 268
256 278 382
102 253 295
216 249 323
229 248 304
154 245 368
2 244 270
86 209 265
27 86 233
86 110 114
320 351 366
4 81 233
107 158 214
55 244 270
80 144 349
71 154 245
78 264 399
118 159 172
80 285 343
111 226 257
142 262 317
74 105 182
126 164 243
74 137 182
74 77 137
268 339 393
72 125 128
71 154 368
67 196 388
67 81 95
66 231 280
39 158 363
1 119 385
64 76 372
86 127 233
113 136 286
170 222 354
63 131 215
43 67 206
8 234 380
24 30 241
62 66 94
14 254 397
158 277 363
60 155 311
15 106 292
168 227 356
59 87 276
59 276 299
4 81 274
95 153 157
182 262 317
9 84 306
58 112 329
57 158 278
68 187 201
3 124 275
26 98 257
145 378 389
56 66 341
56 61 296
55 228 353
107 217 219
60 118 312
55 179 244
55 179 228
168 321 369
35 64 372
54 134 291
27 54 134
7 256 382
259 351 366
27 54 85
135 286 307
52 80 300
48 143 391
111 257 310
48 384 391
239 241 243
16 85 98
70 159 332
45 242 359
261 292 358
44 76 277
78 169 193
44 51 102
43 213 327
13 107 217
43 119 133
43 119 330
43 67 196
156 249 323
42 171 381
42 45 381
169 170 204
68 289 325
41 320 377
80 223 252
41 320 345
6 68 187
41 199 379
31 207 267
41 73 199
13 297 331
14 307 364
37 60 155
13 297 383
52 93 147
4 274 371
16 86 209
76 277 347
65 284 349
14 255 370
33 51 220
67 81 274
71 90 245
5 78 264
80 223 343
222 279 354
11 230 319
62 240 322
22 263 310
14 135 307
53 108 140
48 49 246
55 218 353
66 294 341
66 280 360
106 181 344
16 27 85
0 115 160
20 174 324
17 163 287
54 269 291
37 97 197
44 76 142
0 101 355
48 246 384
29 181 344
153 291 334
52 300 386
145 185 283
104 181 281
15 106 380
13 217 383
75 105 230
59 78 91
151 203 245
1 221 247
33 200 272
114 386 395
20 174 318
3 46 275
53 108 116
52 114 147
199 379 383
119 293 385
38 214 372
38 162 372
1 205 247
15 292 309
89 94 236
28 298 398
30 241 243
5 24 202
113 183 362
17 221 247
7 128 256
26 98 375
64 76 148
23 166 226
96 184 225
56 66 258
65 80 349
7 249 382
74 231 258
156 195 353
31 182 317
50 201 325
19 102 253
117 170 193
4 352 371
4 233 352
60 118 197
289 315 381
16 90 98
53 116 305
90 260 265
5 176 264
240 322 328
94 236 356
38 162 338
58 323 358
33 277 374
218 270 272
56 61 325
74 121 231
14 132 397
17 150 287
19 79 295
160 365 397
54 98 161
19 102 367
65 284 317
19 253 295
63 225 266
22 190 310
97 149 340
101 178 311
13 107 256
37 97 155
35 162 372
28 238 298
52 80 252
213 235 327
113 136 396
24 238 376
189 285 316
63 146 266
97 155 311
76 347 372
80 189 285
31 175 317
54 161 269
126 243 245
83 97 311
33 272 374
24 112 238
113 183 252
111 225 390
58 358 398
26 268 393
67 186 274
26 167 393
70 159 312
29 41 47
29 41 377
29 47 344
77 137 271
41 335 345
31 207 236
89 236 360
9 210 306
19 220 367
14 255 364
74 77 121
29 181 208
43 213 330
119 141 213
71 167 368
23 96 166
59 78 399
159 180 321
45 179 242
33 44 277
48 143 312
36 61 306
36 180 306
95 157 263
181 208 259
53 97 140
77 271 280
179 228 242
53 97 197
177 204 299
192 194 385
90 209 265
160 188 397
194 251 385
221 314 337
92 234 298
30 243 368
158 214 347
293 378 389
292 309 358
5 24 112
121 231 280
97 140 340
81 233 334
100 168 227
100 304 364
83 101 149
83 101 311
102 230 319
44 102 230
106 125 297
45 289 381
170 193 354
106 125 261
107 214 379
107 219 379
101 178 301
108 129 313
17 20 221
108 313 340
86 110 265
110 260 265
88 110 386
110 386 395
113 252 396
114 127 147
62 66 294
145 185 378
52 114 386
47 106 344
108 140 340
181 259 281
36 180 321
118 159 312
246 255 384
217 219 383
119 141 293
143 332 369
32 123 281
123 241 281
40 100 227
70 143 332
125 261 358
125 297 331
125 323 358
72 125 323
127 233 357
0 101 301
19 171 220
131 191 215
131 190 336
111 131 390
98 157 257
92 234 380
100 364 391
133 205 336
133 190 336
1 251 385
71 90 98
159 321 332
96 166 225
139 286 362
135 139 286
132 188 397
141 213 348
1 119 205
25 76 142
70 143 312
156 249 353
145 283 392
117 169 193
122 146 266
153 173 291
233 352 357
98 157 161
157 161 165
111 225 226
158 277 347
0 160 301
163 174 282
33 200 220
163 174 324
164 239 243
164 237 239
161 165 269
165 173 269
54 85 98
7 216 249
170 177 204
42 171 220
174 282 337
175 189 316
83 97 149
239 259 281
65 175 189
177 276 299
178 301 350
16 27 86
7 72 128
130 183 362
184 225 266
185 348 378
62 322 341
185 283 348
186 274 371
187 201 306
61 201 306
68 201 325
65 80 189
126 203 245
74 258 302
131 190 310
211 255 370
211 246 255
213 235 348
214 347 372
214 333 379
168 321 356
221 318 337
75 105 182
222 279 308
11 105 230
223 248 304
101 149 355
223 304 396
23 226 339
37 60 197
226 268 339
227 236 356
195 228 353
63 131 390
233 291 334
174 337 346
238 298 376
237 239 259
198 240 328
58 112 176
239 241 281
243 245 368
