4 233 357
96 166 226
27 86 127
207 229 232
81 95 334
17 150 163
40 229 232
17 20 324
39 57 374
7 256 278
73 199 379
25 44 142
42 220 367
74 77 302
207 227 232
132 254 397
163 282 324
1 119 247
194 221 314
37 60 118
67 186 388
186 212 371
254 303 397
274 352 371
133 190 205
150 163 287
63 225 390
131 150 287
63 215 390
226 257 390
16 54 85
190 205 336
177 222 308
122 163 266
169 177 204
26 375 394
96 166 184
225 226 390
71 90 154
28 238 329
58 323 398
181 208 344
30 154 368
16 27 54
109 203 260
18 109 260
64 148 284
158 256 278
34 162 338
277 347 372
41 73 379
199 219 379
323 358 398
72 125 358
156 323 359
107 217 256
38 214 333
199 219 383
7 216 382
57 158 382
57 361 382
7 72 256
33 200 374
51 102 319
55 195 218
31 175 182
148 284 317
76 277 372
19 42 367
75 230 262
65 175 317
74 289 302
37 118 197
236 271 360
52 386 395
159 180 373
140 149 340
187 210 306
66 231 258
172 306 373
61 187 306
145 288 314
99 174 346
174 282 324
20 318 324
17 163 324
17 150 247
131 310 336
150 247 336
1 17 247
141 251 293
213 327 330
141 293 378
192 288 378
192 194 251
251 293 385
192 251 385
141 348 378
119 141 348
145 314 355
101 301 350
145 250 392
288 378 389
185 378 389
115 160 387
115 250 387
10 14 254
10 254 303
196 235 388
119 213 348
43 327 330
81 95 274
4 352 357
67 186 371
69 139 212
130 352 371
113 130 183
139 212 371
67 274 371
183 252 396
27 127 357
183 252 290
93 147 290
52 93 252
16 27 209
93 252 290
52 93 114
52 114 395
86 114 127
127 147 357
134 233 291
27 86 265
85 98 161
22 95 263
22 190 206
161 165 173
98 161 165
131 191 287
131 150 336
95 153 263
263 310 336
63 122 146
103 122 146
111 257 390
111 157 257
23 96 226
170 222 308
166 225 226
23 226 268
26 167 394
98 375 394
164 243 245
30 308 368
71 167 394
30 279 308
71 154 167
126 164 245
154 167 368
30 279 354
23 82 339
82 177 273
82 273 393
204 276 299
177 273 393
117 169 170
78 91 169
184 266 276
59 87 299
59 204 299
58 323 359
87 276 299
24 112 202
24 239 241
28 238 376
5 112 176
5 112 202
24 239 243
24 112 376
164 237 259
24 241 376
237 239 243
164 237 243
123 234 298
15 358 398
32 123 234
123 241 298
28 92 398
47 106 181
15 309 358
8 104 281
8 104 380
47 181 344
18 320 345
164 259 351
126 151 203
29 208 366
12 351 366
90 151 245
27 209 265
90 154 245
126 151 245
90 151 260
18 88 110
151 203 260
18 110 260
52 252 386
80 300 386
223 248 396
65 189 285
223 252 396
80 252 386
65 80 144
207 267 316
65 80 285
65 144 349
80 252 285
64 284 349
35 64 162
38 333 338
88 124 326
80 144 300
88 124 275
41 333 379
41 47 73
106 261 292
297 331 383
106 261 297
125 224 331
72 323 358
216 249 382
158 278 382
7 278 382
107 158 256
39 158 347
25 76 148
200 361 374
57 361 374
39 57 158
200 272 361
156 195 249
195 249 353
200 218 272
55 195 228
2 179 244
156 242 359
179 242 359
45 179 359
179 242 244
102 295 319
200 220 270
33 51 200
2 42 270
42 220 270
45 171 381
51 102 220
19 171 381
19 42 171
19 79 381
51 200 220
33 44 51
39 363 374
25 44 76
44 142 230
102 220 367
175 182 317
142 230 262
77 137 280
75 182 262
75 137 182
79 315 381
79 295 315
56 296 322
77 121 302
77 121 280
56 258 294
56 302 325
56 296 325
56 322 341
56 294 341
296 322 328
36 198 328
60 118 172
36 159 180
198 240 321
62 294 341
62 240 341
66 89 94
62 94 356
40 100 168
31 236 271
40 227 232
168 227 236
40 168 227
113 183 396
136 307 364
40 229 304
136 304 396
136 286 307
135 307 364
255 364 391
115 160 301
255 364 370
255 384 391
100 168 369
70 321 332
21 152 342
21 60 342
0 115 250
160 211 246
160 188 211
132 188 211
49 211 246
145 250 355
0 115 301
0 250 355
149 314 355
97 140 197
101 178 350
21 178 311
97 140 149
9 53 305
53 140 340
159 172 373
159 172 312
61 187 201
50 68 325
6 68 289
6 120 313
108 116 129
108 129 340
129 313 340
15 380 398
92 380 398
255 370 384
143 369 391
167 368 393
130 362 371
249 353 382
322 328 341
326 386 395
300 326 386
295 315 319
70 312 391
82 339 393
53 305 340
108 305 340
136 304 364
304 364 391
303 365 397
28 298 376
241 298 376
289 302 325
289 315 319
285 316 343
283 365 387
277 363 374
81 274 334
272 353 382
139 362 371
272 361 382
240 328 341
114 265 395
58 264 329
110 260 395
208 259 366
26 257 393
257 268 393
226 257 268
14 254 370
102 253 295
252 285 343
250 283 387
216 249 323
229 248 304
160 246 301
246 301 350
2 244 270
108 210 305
14 135 370
177 368 393
235 303 365
107 158 214
194 221 251
55 244 270
188 365 397
78 264 399
78 193 354
11 77 319
142 262 317
12 320 377
75 77 105
73 297 383
119 205 213
9 84 140
7 72 216
72 125 128
72 128 256
31 182 271
16 71 209
70 143 391
70 321 369
130 286 362
153 157 310
67 196 388
41 47 208
66 231 280
65 175 267
64 144 349
64 76 372
63 122 266
192 378 385
38 64 162
113 136 286
185 288 392
43 67 206
8 234 380
62 258 294
62 66 94
134 233 357
137 271 360
15 106 292
182 262 317
58 87 264
132 211 254
188 365 387
71 85 394
9 84 305
113 130 286
106 181 380
107 217 219
55 228 242
55 200 218
78 91 399
55 200 270
54 134 291
104 181 259
27 54 134
259 351 366
135 286 307
205 213 330
50 296 328
48 384 391
48 49 211
110 326 395
161 269 291
56 121 302
70 159 332
56 121 231
46 320 345
33 44 374
261 292 358
66 89 280
44 277 374
44 76 277
48 49 312
78 169 193
43 133 205
43 205 330
43 190 206
248 304 396
43 67 196
156 249 323
71 90 209
95 153 291
47 106 297
68 289 325
13 125 128
40 100 391
211 370 384
235 283 365
26 157 165
50 296 325
46 335 377
26 157 257
32 123 259
4 274 352
5 78 354
61 306 373
59 87 264
117 193 354
28 58 329
65 284 349
73 199 383
29 208 335
43 133 190
12 109 203
99 318 337
5 78 264
23 268 393
5 30 354
72 216 323
62 240 321
22 263 336
11 230 319
169 170 222
59 264 399
39 277 363
154 243 245
21 60 83
28 58 398
55 242 244
3 46 335
9 53 140
85 98 394
16 71 85
54 269 291
96 184 276
43 235 327
37 97 197
12 203 351
124 162 326
0 101 355
84 140 197
44 51 319
20 318 337
93 114 147
2 42 171
39 277 347
123 237 239
5 30 202
15 106 380
13 217 383
75 105 230
69 235 388
12 18 109
43 196 235
3 34 162
49 246 350
104 181 380
103 215 287
20 221 314
3 34 41
191 215 287
99 174 324
70 143 369
38 214 372
47 73 297
15 292 309
160 188 387
89 94 236
23 82 177
64 76 148
3 46 345
175 236 267
19 102 253
12 29 377
4 274 334
37 83 155
289 315 381
89 280 360
119 141 251
11 77 105
49 312 342
90 260 265
5 176 264
94 236 356
38 162 338
63 103 215
6 50 68
50 61 328
41 208 335
1 17 221
19 79 295
130 147 352
22 190 336
65 189 267
21 83 311
174 282 314
207 248 316
23 339 393
19 102 367
65 284 317
6 116 120
23 96 204
19 253 295
63 225 266
91 169 399
101 178 311
20 314 337
37 97 155
61 180 373
111 131 157
213 235 327
113 136 396
189 285 316
48 312 391
10 14 135
47 208 344
192 194 314
54 161 269
35 64 144
21 152 350
36 180 328
23 177 204
169 204 399
100 369 391
6 61 201
26 165 375
26 167 393
13 125 224
70 159 312
48 211 384
10 135 139
137 280 360
74 77 319
62 321 356
89 236 360
24 202 243
119 205 336
125 261 297
3 41 335
117 308 354
34 41 333
56 231 258
128 217 256
34 333 338
185 250 283
37 60 83
119 247 336
3 124 345
181 208 259
12 29 366
18 88 345
88 275 345
83 97 155
112 176 376
90 209 265
153 157 173
92 234 298
28 92 298
2 171 179
166 184 225
158 214 347
95 291 334
123 237 259
172 312 342
159 198 332
96 204 276
292 309 358
145 288 392
121 231 280
118 138 197
99 318 324
235 283 348
99 337 346
83 101 149
83 101 311
104 259 281
45 289 381
107 214 379
107 219 379
108 116 210
49 152 342
17 20 221
185 288 389
88 110 326
260 265 395
114 127 147
86 114 265
29 335 377
116 187 210
116 187 201
6 116 201
116 120 313
116 129 313
117 170 308
189 267 316
118 172 306
118 138 306
63 103 146
217 219 383
103 122 287
122 163 287
123 239 241
69 235 303
3 124 162
124 275 345
198 321 332
125 261 358
125 297 331
62 66 258
0 101 301
4 233 334
13 128 217
186 212 388
130 147 183
131 191 215
207 227 267
131 157 310
32 234 281
161 173 291
147 183 290
131 215 390
111 131 390
92 234 380
27 134 357
135 364 370
144 162 300
279 308 354
84 138 197
54 85 161
176 238 264
84 138 210
139 286 362
135 139 286
10 139 303
69 139 303
84 210 305
132 188 397
142 148 317
25 142 148
35 144 162
195 272 353
117 169 193
176 238 376
168 236 369
147 352 357
156 195 228
174 314 337
1 119 251
32 259 281
153 173 291
153 263 310
30 154 243
156 228 242
46 320 377
157 165 173
49 152 350
162 300 326
40 304 391
98 165 375
74 289 319
169 177 222
45 171 179
6 50 61
60 172 342
22 206 274
83 97 149
31 175 236
207 229 248
177 308 368
223 248 316
126 203 351
61 180 328
137 182 271
184 225 266
185 250 392
185 348 378
185 283 348
192 288 314
195 218 272
12 18 320
293 378 385
223 252 343
36 159 198
238 264 329
75 77 137
30 202 243
59 204 399
67 206 274
236 321 356
211 254 370
138 210 306
69 212 388
213 235 348
214 347 372
214 333 379
1 221 251
126 164 351
11 105 230
101 149 355
21 178 350
223 316 343
13 224 383
224 331 383
22 95 274
227 236 267
38 64 372
44 230 319
233 291 334
174 337 346
8 234 281
236 321 369
198 240 328
