87 264 399
45 315 381
68 302 325
207 229 232
81 95 334
205 247 336
40 229 232
17 20 324
26 257 375
98 157 375
261 297 358
39 57 374
7 256 278
100 304 391
125 128 256
159 312 332
248 316 343
113 286 362
132 254 397
137 271 280
163 282 324
99 174 318
10 69 139
185 283 378
314 318 337
318 337 346
48 312 342
194 221 314
235 303 397
145 288 389
283 348 378
67 186 388
186 212 371
254 303 397
10 14 139
173 291 334
133 190 205
63 225 390
16 54 85
111 131 310
190 205 336
122 163 266
169 177 204
225 226 390
28 238 329
58 323 398
8 32 281
30 154 368
167 308 393
35 144 326
261 292 309
208 351 366
16 27 54
109 203 260
88 386 395
18 109 260
41 333 335
64 148 284
34 162 338
219 333 379
199 219 379
323 358 398
72 125 358
156 323 359
38 214 333
199 219 383
7 216 382
57 361 382
7 72 256
195 228 242
45 289 315
11 51 319
35 144 349
76 277 372
11 74 319
75 230 262
65 175 317
74 289 302
236 271 360
142 182 317
14 135 139
207 229 316
52 386 395
36 198 321
40 100 304
136 364 391
159 180 373
50 61 325
172 306 373
145 288 314
194 288 314
99 174 346
185 283 392
282 314 337
174 282 324
99 318 346
17 163 324
221 314 318
20 221 318
17 150 247
150 247 336
141 293 378
192 251 385
141 348 378
1 119 141
145 314 355
145 250 392
250 365 387
185 378 389
0 301 355
283 365 392
115 250 387
250 365 392
235 303 388
10 14 254
10 69 303
10 254 303
69 303 388
196 235 388
235 327 348
235 365 397
213 327 348
4 291 334
69 186 388
81 95 274
67 95 274
69 186 212
69 139 212
147 290 357
130 352 371
113 130 183
183 252 290
93 147 290
52 93 114
52 114 395
18 88 275
130 352 357
127 147 357
27 134 233
27 86 265
98 157 165
16 85 90
27 54 269
54 85 269
22 67 206
22 190 206
161 165 173
98 161 165
95 153 263
263 310 336
103 191 287
103 191 215
103 122 146
16 90 209
157 257 375
82 268 339
166 225 226
98 375 394
167 308 368
110 114 395
164 243 245
71 98 394
30 308 368
30 279 308
126 164 245
91 264 399
23 82 339
82 177 273
78 117 193
5 78 193
59 87 299
59 204 299
58 87 176
91 169 204
28 329 398
87 176 264
59 87 399
58 323 359
87 276 299
24 112 202
24 239 241
5 112 202
29 366 377
164 237 259
24 241 376
237 239 243
164 237 243
123 234 298
58 329 398
28 92 398
8 92 380
8 104 281
8 104 380
208 259 281
8 92 234
47 181 344
3 124 326
320 366 377
12 109 320
126 151 203
29 208 366
90 151 260
151 203 260
86 260 265
18 109 320
18 110 260
110 114 260
223 252 396
35 64 349
38 338 372
223 248 343
229 248 316
207 267 316
189 316 343
80 252 285
189 285 343
162 338 372
144 300 326
64 284 349
35 162 326
35 64 162
38 333 338
80 144 300
3 46 124
41 333 379
46 335 345
41 47 73
297 331 358
199 297 383
261 309 358
106 261 292
106 261 297
13 224 331
125 331 358
13 128 256
13 128 224
72 323 358
72 125 256
7 72 323
7 278 382
107 214 347
107 158 347
38 214 347
25 76 148
39 57 158
200 272 361
44 51 105
272 353 361
7 216 323
156 195 249
218 272 353
195 249 353
249 353 361
55 195 228
179 242 359
45 179 359
55 218 270
2 42 270
51 102 220
19 79 253
33 44 51
39 363 374
25 142 317
44 142 230
44 75 230
102 220 367
142 182 262
44 75 105
175 182 317
142 230 262
207 236 267
11 51 105
31 137 271
77 137 280
75 182 262
75 137 182
75 105 137
79 315 381
79 295 315
11 74 105
66 94 294
56 296 322
56 258 302
77 121 280
56 302 325
56 322 341
198 322 328
56 294 341
296 322 328
36 198 328
198 240 322
70 312 332
198 240 321
62 240 356
66 89 94
66 89 360
271 280 360
168 356 369
62 94 356
40 100 168
168 236 356
168 227 236
130 139 362
113 130 362
136 307 364
136 304 391
14 135 364
136 286 307
135 139 362
135 307 364
48 255 370
255 364 391
48 255 384
100 168 369
48 49 342
132 188 211
152 246 350
49 211 246
160 246 350
160 301 350
145 250 355
149 314 355
97 140 197
101 178 350
83 178 311
97 155 197
9 84 210
53 140 340
116 120 210
37 155 197
159 172 373
9 210 305
61 296 328
61 187 201
50 68 325
6 120 313
53 108 340
129 313 340
145 389 392
185 389 392
365 387 397
15 380 398
92 380 398
143 369 391
167 368 394
71 368 394
301 350 355
101 350 355
321 332 369
88 326 386
300 326 386
12 320 351
295 315 319
21 311 350
309 358 398
15 309 398
178 311 350
241 298 376
293 385 389
289 315 319
88 275 326
124 275 326
18 275 320
81 274 334
200 270 272
268 273 393
82 268 273
236 267 271
31 267 271
123 259 298
239 259 298
231 258 360
26 257 393
257 268 393
157 257 310
226 257 268
14 254 370
102 253 295
252 285 343
192 251 288
216 249 323
2 244 270
108 210 305
27 86 233
320 351 366
78 91 117
240 321 369
107 256 278
194 221 251
55 244 270
202 279 354
80 144 349
71 154 245
132 387 397
78 112 176
118 159 172
111 226 257
74 77 137
119 205 213
9 84 140
71 154 368
153 157 310
22 67 263
67 196 388
19 79 171
65 175 267
86 127 233
113 136 286
43 67 206
61 187 210
15 106 292
160 188 246
79 171 381
132 211 254
58 112 329
57 158 278
57 200 361
56 61 296
107 217 219
55 195 353
55 228 242
60 118 312
55 179 244
52 93 290
52 252 290
135 286 307
205 213 330
52 80 300
111 257 310
48 211 370
48 49 211
161 269 291
47 106 380
23 96 184
33 44 374
90 126 245
239 241 298
44 76 277
63 191 215
43 213 327
43 133 205
43 205 330
43 190 206
13 107 217
43 67 196
156 249 323
42 200 270
130 290 357
47 106 297
107 214 333
41 320 377
41 320 345
41 199 379
120 187 210
41 73 199
40 223 248
13 297 331
235 283 365
6 289 302
17 150 191
32 123 259
6 68 302
56 66 294
73 199 297
13 217 297
61 306 373
4 274 371
23 177 184
12 126 203
64 76 162
288 385 389
65 284 349
24 202 239
43 133 190
12 109 203
12 164 351
120 187 201
14 255 370
33 51 220
71 90 245
22 263 336
16 27 265
169 170 222
62 240 322
39 277 363
154 243 245
91 117 170
21 152 246
55 218 353
21 312 342
9 53 140
20 174 324
1 293 385
17 163 287
43 235 327
33 57 200
44 76 142
16 209 265
55 179 242
29 181 344
166 268 339
93 114 147
2 42 171
57 278 382
52 300 386
51 102 295
21 49 246
104 181 281
15 106 380
43 196 235
3 34 46
1 221 247
5 78 112
2 171 244
3 34 162
17 191 287
20 174 318
34 46 335
51 295 319
70 143 369
47 73 297
131 150 310
1 205 247
15 292 309
9 108 305
89 94 236
17 221 247
23 82 177
188 211 246
64 76 148
96 184 225
56 66 258
65 80 349
63 146 225
74 231 258
0 115 387
47 104 380
240 356 369
19 102 253
117 170 193
63 131 191
4 274 334
4 352 371
37 83 155
91 176 264
44 277 363
86 127 260
4 233 352
60 118 197
0 301 387
84 138 140
90 260 265
131 150 191
94 236 356
63 103 215
6 50 68
218 270 272
56 61 325
48 143 384
8 32 123
4 134 291
130 183 290
74 121 231
273 308 393
0 115 355
74 105 137
25 148 284
22 190 336
24 238 329
130 212 371
65 189 267
19 102 367
65 284 317
116 129 340
97 149 340
13 107 256
34 333 335
33 57 374
61 180 373
28 238 298
52 80 252
21 37 60
21 37 311
24 238 376
80 189 285
18 88 395
42 200 220
194 251 288
18 110 395
21 152 350
36 180 328
38 277 347
44 363 374
47 104 181
24 112 329
113 183 252
100 369 391
25 284 317
6 61 201
67 186 274
26 167 393
101 149 178
40 304 396
27 269 291
29 41 47
29 41 377
29 47 344
1 141 293
41 335 345
62 94 341
89 236 360
19 220 367
14 255 364
74 77 121
222 273 308
29 181 208
43 213 330
119 141 213
23 96 166
12 126 164
61 210 306
37 83 311
34 333 338
48 143 312
90 98 161
177 204 299
83 97 155
90 126 151
27 134 291
90 209 265
85 90 269
90 161 269
91 169 170
78 91 176
153 157 173
92 234 298
28 92 298
180 321 332
94 294 341
95 153 173
95 173 334
293 378 389
107 219 333
177 266 276
121 231 280
97 140 340
216 249 361
118 138 197
235 283 348
91 204 399
70 332 369
76 162 372
107 158 278
83 149 178
108 116 210
45 179 381
17 20 221
275 320 345
38 277 372
113 252 396
113 136 304
114 127 147
40 223 396
79 253 295
116 120 313
30 202 279
116 129 313
108 116 340
159 180 332
36 180 321
189 267 316
118 159 312
192 288 385
118 172 306
118 138 306
63 103 146
217 219 383
6 120 201
66 258 360
103 122 287
122 163 287
124 275 345
40 229 248
207 232 236
127 233 357
114 127 260
19 171 220
128 224 331
125 128 331
130 139 212
193 202 354
161 173 291
111 131 390
132 160 188
137 175 182
132 160 387
21 49 342
23 166 339
111 226 390
135 286 362
1 251 385
160 301 387
71 90 98
31 137 267
137 175 267
279 308 354
138 140 197
84 138 210
96 166 225
26 167 375
141 213 348
168 227 232
1 119 205
143 255 384
143 255 391
25 76 142
70 143 312
8 123 234
122 146 266
146 225 266
167 375 394
150 310 336
32 259 281
233 352 357
153 263 310
30 154 243
157 165 173
39 158 277
158 277 347
33 200 220
67 95 263
115 250 355
164 208 351
166 226 268
74 289 319
40 168 232
169 177 222
42 171 220
171 244 381
6 50 61
174 282 337
83 97 149
164 208 259
113 304 396
177 276 299
179 244 381
61 180 328
181 208 281
184 225 266
62 322 341
186 274 371
5 193 202
193 222 308
170 193 222
193 308 354
156 195 359
223 252 343
202 239 243
30 202 243
65 80 189
59 204 399
74 258 302
177 184 266
211 254 370
138 210 306
3 162 326
4 134 233
216 361 382
195 242 359
217 297 383
9 53 108
1 221 251
177 222 273
101 149 355
37 60 197
21 60 312
63 131 390
231 280 360
227 232 236
174 337 346
238 298 376
237 239 259
58 112 176
46 124 345
