12 50 90
39 112 135
71 90 124
2 8 84
13 19 45
80 88 135
10 72 91
39 52 113
12 52 113
35 138 140
98 118 125
53 72 91
6 18 84
16 55 147
63 112 113
12 35 50
39 112 113
20 63 110
27 104 129
24 118 125
28 31 45
19 20 22
40 89 103
62 77 85
37 111 137
4 58 116
37 58 114
24 139 144
37 58 139
65 68 141
48 67 131
12 52 96
7 12 90
30 78 101
30 78 124
7 12 96
35 53 138
10 72 107
10 98 107
10 41 98
78 101 142
30 86 124
29 41 60
10 29 41
118 133 145
26 98 118
26 41 98
37 92 139
92 139 144
24 125 144
27 83 104
123 133 145
88 115 135
2 8 105
110 112 149
18 70 99
63 110 112
13 19 20
18 75 94
6 8 84
18 75 99
9 16 122
5 22 36
19 102 127
19 22 102
9 31 122
17 47 119
9 16 147
6 55 106
4 106 116
11 55 106
4 11 106
4 58 128
40 57 103
17 87 119
87 119 147
11 87 103
51 120 134
51 97 148
56 97 148
34 56 148
17 23 97
46 49 62
34 42 143
34 42 56
23 56 97
23 42 56
46 62 93
49 62 85
46 49 93
21 57 93
23 42 93
21 40 57
23 57 93
14 76 108
85 95 132
38 85 95
3 14 76
37 114 137
37 43 111
37 43 92
79 109 146
65 68 111
82 111 137
33 43 111
59 109 126
68 73 141
64 117 141
48 59 131
32 64 73
48 59 126
64 73 141
48 67 126
32 64 67
51 134 148
34 134 143
78 124 142
76 108 131
14 108 128
58 114 128
100 137 146
15 100 114
98 125 144
61 96 121
92 98 144
88 129 133
51 97 120
86 90 124
82 137 146
81 123 145
7 86 90
80 81 88
53 91 142
77 134 143
74 75 122
80 81 121
71 140 142
2 70 115
70 99 110
69 112 149
69 70 110
68 79 111
67 85 131
61 66 121
52 66 96
65 117 141
0 65 107
65 72 107
65 72 117
60 81 121
59 100 146
91 101 142
57 87 103
55 74 122
71 124 142
89 103 130
55 87 147
54 68 109
53 140 142
66 80 135
8 104 105
34 134 148
47 97 120
45 99 110
88 123 133
28 45 75
108 131 136
19 31 45
6 18 55
7 86 121
49 93 132
61 66 96
15 59 100
44 120 134
21 40 130
64 67 85
3 14 21
13 20 110
30 86 121
60 81 145
79 82 111
69 112 115
9 47 119
45 75 99
6 27 116
60 118 145
10 30 91
9 119 147
24 118 133
66 80 121
32 68 73
4 14 130
28 31 75
42 62 77
2 88 115
33 92 98
1 76 131
22 25 44
9 22 25
4 14 128
26 60 118
108 128 136
2 88 105
1 85 131
9 19 127
32 54 67
2 18 70
69 110 149
11 103 130
9 22 127
67 109 126
17 47 97
4 11 130
18 55 74
81 88 123
114 128 136
1 38 85
39 52 66
2 18 84
6 8 83
24 129 133
69 70 115
49 85 132
7 96 121
112 115 135
15 59 131
100 114 137
5 36 44
6 27 83
42 62 93
13 45 110
25 47 120
68 79 109
79 82 146
33 43 92
53 138 140
1 3 76
16 55 122
35 71 140
9 25 47
8 83 104
10 29 30
9 19 31
5 22 44
6 106 116
40 89 130
24 27 139
24 27 129
74 75 94
3 21 132
38 95 132
39 66 135
23 57 87
42 77 143
17 23 87
0 65 111
25 44 120
27 58 139
11 55 87
14 21 130
0 98 107
0 33 98
27 58 116
35 50 90
1 3 132
31 75 122
21 93 132
29 60 121
18 74 94
0 33 111
29 30 121
59 109 146
32 54 68
26 41 60
36 77 134
15 114 136
88 105 129
35 71 90
36 44 134
104 105 129
22 102 127
15 131 136
54 67 109
30 91 101
1 38 132
