39 112 135
2 8 84
88 105 115
10 72 91
39 52 113
12 52 113
35 138 140
53 72 91
7 61 96
16 55 147
60 86 121
52 61 66
63 112 113
12 35 50
39 112 113
20 63 110
27 104 129
24 118 125
28 31 45
19 20 22
40 89 103
62 77 85
4 89 130
37 58 139
33 43 144
48 67 131
15 58 114
12 52 96
7 12 96
90 138 140
35 53 138
10 72 107
29 30 101
10 41 98
71 78 142
30 86 124
29 41 60
10 29 41
26 41 98
33 125 144
37 92 139
33 98 125
92 139 144
27 83 104
81 123 133
60 121 123
60 123 145
61 86 121
81 121 123
52 61 96
39 80 135
66 80 81
105 129 133
8 105 129
18 70 99
13 19 20
19 102 127
19 22 102
17 47 119
47 119 147
74 94 122
6 55 74
28 75 99
8 104 129
6 55 106
4 106 116
40 57 103
11 87 103
34 51 148
25 47 147
5 44 120
17 23 97
46 49 62
34 51 134
34 42 143
42 93 143
23 56 97
62 77 143
62 93 143
23 42 56
46 62 93
49 62 85
46 49 93
21 57 93
23 42 93
21 40 57
23 57 93
14 76 108
85 95 132
38 85 95
59 131 136
24 27 116
37 43 92
43 92 144
100 109 146
79 82 137
65 68 111
33 43 111
0 33 107
59 100 109
64 117 141
32 54 126
54 109 126
48 59 131
48 67 126
34 134 143
51 120 148
58 116 128
109 114 146
109 114 137
54 109 111
76 108 131
79 109 137
17 103 119
15 100 114
75 94 99
18 84 94
81 88 105
80 81 88
80 88 115
80 115 135
53 91 142
77 134 143
75 94 122
74 84 94
71 90 138
70 99 110
69 112 149
67 85 131
61 66 121
66 81 121
65 117 141
0 65 107
65 72 107
65 72 117
63 112 149
63 110 149
14 76 130
91 101 142
37 58 137
58 114 137
64 65 141
125 139 144
55 74 122
55 119 147
55 87 119
53 71 142
7 61 124
64 65 73
48 59 109
108 131 136
2 70 110
49 93 132
9 13 19
17 97 148
28 99 110
15 59 100
24 58 139
14 15 58
21 40 130
64 67 85
9 16 25
54 68 111
23 57 103
14 58 128
13 20 110
3 76 130
16 31 122
79 82 111
69 112 115
4 11 89
13 28 110
11 89 103
10 29 101
60 118 145
24 118 133
9 31 45
9 25 44
32 68 73
16 25 147
4 14 130
118 123 145
48 109 126
28 31 75
7 50 90
1 3 38
26 118 125
1 76 131
64 67 126
81 105 133
100 114 146
4 14 128
53 71 138
1 85 131
9 19 127
2 18 70
69 110 149
17 120 148
5 51 134
10 33 107
2 69 110
87 103 119
1 38 85
39 52 66
7 71 124
17 47 120
41 60 118
2 18 84
9 16 31
6 8 83
24 58 116
24 129 133
4 11 55
4 116 128
49 85 132
42 97 148
112 115 135
8 69 115
5 22 127
3 38 132
5 51 120
65 68 73
6 27 83
39 66 80
61 86 124
18 94 99
25 47 120
7 12 50
6 8 74
4 55 106
2 8 69
1 3 76
9 13 45
8 74 84
16 55 122
13 28 45
118 123 133
8 83 104
40 89 130
5 44 127
17 23 103
79 109 111
43 82 111
3 21 130
24 27 129
3 21 132
38 95 132
22 36 134
5 22 134
10 33 98
26 98 125
37 82 137
0 65 111
30 71 78
25 44 120
24 125 139
6 27 106
9 44 127
11 55 87
27 106 116
35 50 90
7 71 90
64 73 126
31 75 122
21 93 132
14 15 108
30 60 86
0 33 111
29 30 60
30 71 124
8 105 115
35 90 140
30 101 142
37 43 82
30 78 142
10 91 101
32 54 68
36 77 134
22 102 127
32 73 126
26 41 118
42 56 97
15 59 136
34 42 148
15 108 136
