39 112 135
17 57 103
2 8 84
13 19 45
88 105 115
6 83 106
10 72 91
12 52 113
71 78 124
35 138 140
98 118 125
53 72 91
7 61 96
16 55 147
26 118 145
63 112 113
39 112 113
80 81 133
6 18 94
27 83 116
6 74 94
17 87 103
19 20 22
40 89 103
36 77 143
14 108 136
62 77 85
38 85 131
37 58 114
65 68 141
15 58 114
12 52 96
7 12 96
35 53 138
10 72 107
10 98 107
72 107 117
71 78 142
78 101 142
10 29 41
26 98 118
33 125 144
33 98 125
92 139 144
27 83 104
81 123 133
26 41 145
41 60 145
7 86 124
81 121 123
52 66 80
80 88 133
110 112 149
63 110 112
13 19 20
18 75 94
9 16 122
19 45 127
19 102 127
19 22 102
17 47 119
9 16 147
6 55 74
28 75 99
118 129 133
8 104 129
6 55 106
11 55 147
40 57 103
25 44 47
9 25 127
17 87 119
4 11 103
11 87 103
34 51 148
5 25 44
44 47 120
5 44 120
5 120 134
51 97 148
34 56 148
17 23 97
34 42 143
34 42 56
42 93 143
62 77 143
62 93 143
23 42 56
46 62 93
46 49 93
17 23 57
23 42 93
23 57 93
21 49 85
14 76 108
3 76 132
38 85 95
76 95 132
1 38 131
15 114 146
14 128 130
83 106 116
37 114 137
79 109 146
15 100 146
65 68 111
82 111 137
0 117 141
0 107 117
68 73 141
32 54 73
64 117 141
32 54 126
64 73 141
48 67 126
34 134 143
36 134 143
14 128 136
121 123 145
9 122 127
104 118 125
103 128 130
88 129 133
51 97 120
70 84 149
8 84 104
83 84 104
17 97 120
80 88 115
80 115 135
30 78 86
78 86 124
53 91 142
74 75 122
80 81 121
70 99 110
70 110 149
69 115 135
69 112 149
69 105 115
68 73 109
68 82 111
67 85 131
64 67 73
61 66 121
52 66 96
59 100 146
14 76 130
59 76 108
52 113 135
59 67 131
91 101 142
58 106 116
68 79 82
54 73 109
125 139 144
55 74 122
89 103 130
52 80 135
59 76 131
50 53 140
49 57 93
21 49 57
48 59 109
48 54 126
59 108 136
7 86 121
58 128 136
61 66 96
50 71 90
28 99 110
2 69 84
15 59 100
3 21 57
64 67 85
82 114 137
43 65 111
30 86 121
31 122 127
37 43 137
4 103 128
3 76 130
12 50 140
11 119 147
50 53 142
10 78 101
10 26 98
9 119 147
9 25 119
21 95 132
66 80 121
118 123 145
28 31 75
4 106 128
7 50 90
1 76 131
6 83 84
3 40 57
70 75 99
37 116 139
48 54 109
37 58 116
8 88 105
7 71 124
15 58 136
17 47 120
69 84 149
60 121 145
1 38 95
28 31 127
11 87 119
4 11 55
79 82 114
8 69 105
37 43 139
6 18 70
10 30 78
8 88 129
41 60 121
18 70 75
68 79 109
6 70 84
7 12 50
20 28 45
33 43 92
4 55 106
7 61 121
53 138 140
2 8 69
1 76 95
16 55 122
50 71 142
39 113 135
33 65 141
118 123 133
12 35 140
10 29 30
40 89 130
24 27 139
13 20 45
25 47 119
21 85 95
48 59 67
74 75 94
3 21 132
5 22 25
22 25 127
22 36 134
5 22 134
23 56 148
79 114 146
23 97 148
46 62 85
24 125 139
27 104 125
0 33 141
28 63 110
28 45 127
24 27 125
0 98 107
0 33 98
20 28 63
33 43 65
7 71 90
31 75 122
10 26 41
34 120 134
29 30 121
58 106 128
59 109 146
69 112 135
67 73 126
10 91 101
33 92 144
46 49 85
34 51 120
104 118 129
22 102 127
32 73 126
3 40 130
29 41 121
27 116 139
15 59 136
43 111 137
43 92 139
