12 50 90
2 8 84
88 105 115
10 72 91
68 73 111
12 52 113
71 78 124
35 138 140
53 72 91
7 61 96
52 61 66
63 112 113
12 35 50
39 112 113
115 135 149
70 99 149
27 83 116
11 87 147
114 137 146
19 20 22
40 89 103
36 77 143
62 77 85
37 58 114
37 58 139
73 82 111
12 52 96
30 78 101
90 138 140
35 53 138
10 29 91
10 72 107
72 107 117
29 91 101
29 30 101
71 78 142
78 101 142
61 81 121
29 41 60
10 29 41
24 125 144
58 116 139
27 83 104
24 116 139
81 123 133
60 123 145
7 86 124
61 66 81
52 61 96
52 66 80
69 115 149
66 80 81
2 69 70
69 70 149
99 110 149
5 25 127
13 19 20
18 75 94
9 16 122
5 22 36
19 102 127
19 22 102
17 47 119
28 75 94
28 75 99
6 83 104
118 129 133
6 55 106
4 106 116
40 57 103
25 44 47
9 25 127
87 119 147
34 51 148
51 120 134
5 25 44
44 47 120
5 44 120
56 97 148
34 51 134
34 36 134
62 77 143
21 49 93
23 42 56
21 57 93
23 42 93
21 40 57
23 57 93
3 85 132
14 76 108
85 95 132
38 85 95
1 38 76
15 114 146
14 128 130
24 27 116
37 114 137
15 100 146
79 82 137
65 68 111
0 33 107
73 79 82
32 54 73
64 117 141
54 73 79
54 79 109
54 109 126
32 64 73
48 67 126
32 64 67
97 120 148
51 120 148
58 116 128
109 137 146
79 109 137
9 122 127
104 118 125
17 103 119
108 114 136
98 125 144
92 98 144
89 128 130
88 129 133
8 84 104
80 81 88
80 88 115
80 115 135
30 78 86
78 86 124
53 91 142
71 90 138
67 85 131
63 112 149
63 110 149
63 99 110
20 63 99
60 81 121
59 100 146
14 76 130
59 76 108
52 113 135
89 103 128
59 67 131
91 101 142
58 108 114
14 58 108
64 65 141
55 74 122
55 74 84
53 71 142
52 80 135
59 76 131
8 104 105
64 65 73
47 97 120
59 108 136
17 23 56
17 56 97
7 86 121
42 49 93
107 117 141
0 107 141
15 59 100
21 40 130
64 67 85
9 16 25
36 42 143
24 92 144
23 57 103
43 65 111
14 58 128
30 86 121
31 122 127
37 43 137
4 103 128
3 76 130
13 20 28
4 87 103
13 45 127
60 118 145
10 26 98
16 25 147
118 123 145
60 81 123
48 109 126
33 92 98
26 118 125
1 76 131
3 49 85
53 71 138
1 85 131
32 54 67
2 18 70
11 16 147
12 90 96
70 75 99
17 47 97
10 33 107
87 103 119
3 21 49
1 38 85
7 71 124
48 109 146
18 74 84
41 60 118
2 18 84
54 67 126
28 31 127
4 11 55
4 116 128
4 11 87
37 43 139
8 69 115
5 22 127
3 38 132
28 31 74
6 83 116
65 68 73
11 16 55
48 59 146
18 70 75
33 43 92
4 55 106
7 61 121
6 84 104
13 19 127
2 8 69
20 28 99
16 55 122
13 28 45
39 113 135
33 65 141
118 123 133
6 106 116
40 89 130
43 82 137
25 47 119
17 23 103
43 82 111
48 59 67
3 21 130
7 90 96
39 135 149
38 95 132
10 33 98
26 98 125
24 92 139
24 104 125
24 27 104
46 62 85
36 120 134
28 74 94
0 33 141
28 45 127
6 55 84
5 36 120
25 119 147
35 50 90
33 43 65
7 71 90
10 26 41
18 74 94
29 30 60
8 105 115
35 90 140
3 38 76
31 74 122
15 114 136
88 105 129
46 49 85
34 36 42
104 118 129
104 105 129
22 102 127
39 112 149
42 62 143
30 60 121
26 41 118
42 46 62
42 46 49
81 88 133
15 59 136
34 42 148
43 92 139
42 56 148
