106 159 210
125 194 230
58 86 244
175 224 246
82 185 233
99 194 230
62 146 154
35 85 236
42 62 104
15 154 180
5 29 238
32 215 223
29 235 238
2 109 176
60 199 206
1 102 118
65 89 122
72 75 237
21 89 122
6 67 172
97 106 129
181 231 248
58 125 244
18 101 248
61 86 139
17 30 121
194 218 232
67 152 172
74 123 208
68 69 113
68 88 147
82 173 211
68 88 157
36 63 104
6 68 123
148 178 190
148 157 190
62 104 189
59 60 199
62 180 189
13 59 158
23 206 241
91 145 186
70 94 134
92 94 164
48 91 158
24 48 93
13 91 158
47 224 236
20 75 237
32 66 133
94 134 164
46 177 187
46 72 237
90 141 170
72 96 205
54 106 210
22 188 243
22 107 243
22 107 166
52 97 153
43 81 229
125 230 244
65 89 168
52 97 150
57 100 247
107 166 216
57 214 247
21 77 184
6 68 69
98 117 137
95 98 137
6 33 123
101 231 248
18 101 217
87 202 221
12 18 127
18 127 217
12 18 248
21 44 122
44 112 122
21 89 184
129 159 168
89 129 168
52 105 161
129 142 153
31 144 161
31 76 161
9 54 210
106 129 159
65 122 210
9 51 210
132 202 221
54 64 120
38 196 239
87 221 230
54 87 120
55 64 150
52 153 161
54 97 106
97 129 153
193 227 240
56 92 143
52 105 150
43 55 81
87 120 230
99 120 230
132 221 230
151 152 239
86 171 244
117 137 196
132 202 239
38 202 239
38 203 225
137 152 172
33 95 181
98 117 203
95 137 172
137 152 196
152 196 239
67 151 152
6 67 69
61 69 113
45 114 192
61 67 69
45 113 114
45 61 113
61 67 86
58 139 218
58 86 139
58 125 218
173 201 211
103 218 232
103 206 232
23 173 201
114 131 211
82 131 211
4 17 30
11 121 195
169 178 190
88 169 190
30 148 178
88 157 190
30 121 178
63 116 148
121 178 195
11 121 219
11 219 233
53 185 233
82 173 185
53 59 180
53 180 189
53 185 207
62 154 180
5 111 191
17 104 189
36 42 104
111 149 167
111 167 191
36 111 149
5 191 238
15 59 235
5 42 124
47 235 238
59 93 158
15 59 180
13 60 102
43 155 229
13 59 60
199 207 241
199 206 241
185 207 241
23 103 206
1 206 232
156 204 229
125 194 218
1 156 232
156 194 232
1 80 118
1 80 156
155 204 229
80 156 204
13 91 102
91 102 118
50 91 186
41 72 140
70 134 141
50 70 222
48 50 91
48 245 246
50 70 186
48 50 222
59 93 235
24 48 245
48 93 158
24 93 245
93 235 245
35 47 236
35 47 238
15 29 235
47 224 246
35 126 167
35 85 126
26 136 179
116 119 126
34 116 136
85 119 126
66 133 179
26 119 224
32 66 215
175 179 224
26 179 224
200 215 223
39 66 215
32 136 198
32 198 223
162 198 223
27 110 198
16 27 34
162 200 223
46 174 177
46 72 187
14 170 182
14 177 187
72 140 187
41 72 96
14 141 170
70 141 222
14 177 200
40 134 141
40 90 141
41 90 96
41 90 170
72 75 205
19 90 96
19 28 90
20 49 75
19 28 49
2 183 226
130 165 183
79 183 237
0 7 130
8 135 227
2 130 183
2 7 130
28 226 234
28 49 209
8 71 109
2 109 226
109 226 234
8 71 240
56 108 143
108 155 193
105 155 193
43 73 155
73 105 155
108 193 240
43 55 73
83 193 227
83 105 193
8 227 240
25 31 76
0 37 176
22 109 176
8 22 109
8 22 135
83 135 227
25 31 184
83 105 161
25 83 213
144 153 161
83 161 213
10 89 184
142 144 153
10 31 184
115 184 242
100 107 216
3 160 242
115 184 249
77 184 249
3 160 247
3 115 242
22 135 166
3 197 247
197 214 247
78 138 165
0 78 130
78 130 165
107 220 243
57 107 220
57 100 107
81 228 229
99 228 229
175 222 246
48 222 246
51 210 212
117 196 203
38 196 203
37 176 188
162 174 200
174 177 200
110 174 198
162 174 198
132 171 230
171 230 244
159 168 210
65 168 210
163 197 214
77 163 197
53 199 207
53 59 199
12 74 248
192 201 218
116 126 167
49 209 237
9 54 202
55 64 81
5 15 124
44 112 127
5 15 29
21 44 127
138 183 237
0 37 78
9 38 202
36 63 116
20 49 237
35 191 238
33 95 172
6 33 172
10 31 142
4 30 63
67 86 171
36 116 149
108 118 143
28 128 209
37 78 188
31 142 144
28 128 226
25 161 213
4 63 104
55 105 150
68 131 147
27 136 198
5 36 42
56 71 108
92 94 143
33 74 181
3 115 249
16 46 174
40 164 234
45 139 192
26 119 136
139 192 218
40 134 164
15 124 154
1 60 102
49 96 205
57 138 220
49 75 205
19 49 96
9 212 217
17 121 219
14 140 182
95 98 231
10 89 129
9 51 212
78 188 243
23 185 241
116 149 167
78 220 243
4 17 104
9 101 217
27 34 136
23 103 218
2 7 176
5 36 111
84 131 233
10 129 142
56 71 92
55 73 105
11 84 233
11 84 147
95 181 231
23 173 185
25 76 161
85 119 224
11 147 195
9 101 225
45 61 139
83 135 166
14 141 222
30 63 148
35 167 191
12 74 127
53 219 233
116 119 136
23 201 218
84 131 147
200 215 222
100 160 247
25 166 216
3 197 249
25 160 216
1 60 206
16 27 174
79 183 226
54 97 150
53 189 219
74 181 248
54 87 202
32 133 136
57 138 163
57 163 214
70 145 186
27 110 174
67 151 171
100 160 216
42 62 124
25 184 242
108 118 155
64 99 228
66 175 222
91 118 145
66 175 179
64 81 228
82 131 233
33 74 123
68 113 114
71 92 164
54 64 150
71 108 240
71 164 234
71 109 234
70 94 145
124 146 154
22 176 188
77 197 249
79 128 209
79 209 237
79 128 226
80 118 155
62 124 146
99 156 194
39 66 222
80 155 204
25 83 166
85 224 236
74 127 208
28 90 234
40 90 234
88 147 169
47 235 245
94 143 145
98 101 225
98 101 231
132 151 171
99 156 229
14 140 187
133 136 179
0 7 176
25 160 242
68 114 131
147 169 178
39 215 222
112 210 212
112 122 210
98 203 225
112 127 217
112 212 217
64 99 120
114 192 201
118 143 145
9 38 225
21 127 208
132 151 239
17 189 219
14 200 222
138 165 183
78 138 220
114 201 211
41 140 170
140 170 182
147 178 195
47 245 246
