106 159 210
132 230 244
82 185 233
99 194 230
79 128 183
175 179 222
42 62 104
15 154 180
5 29 238
65 89 122
74 123 181
9 51 217
81 99 229
181 231 248
12 21 127
58 125 244
139 201 218
60 102 206
74 123 208
147 195 233
68 113 131
68 69 113
113 114 131
59 199 207
68 88 147
84 147 233
88 147 195
68 88 157
36 63 104
6 68 123
148 178 190
36 63 149
148 157 190
62 104 189
11 195 233
53 59 207
91 145 186
138 165 237
70 94 134
13 91 158
47 224 236
48 175 246
32 66 133
46 177 187
46 72 237
26 116 136
90 141 170
20 209 237
109 164 234
22 188 243
22 107 243
52 97 153
43 81 229
132 171 244
65 89 168
52 97 150
12 181 248
12 74 181
21 77 184
6 68 69
98 181 231
33 123 181
101 225 231
98 117 137
95 98 137
6 33 123
101 231 248
12 18 127
18 127 217
12 18 248
12 74 208
12 21 208
9 54 87
51 212 217
44 112 122
21 89 184
89 129 168
52 105 161
129 142 153
31 144 161
89 129 142
65 122 210
9 51 210
156 194 229
54 64 97
64 97 150
97 129 153
64 120 228
193 227 240
56 92 143
52 105 150
43 55 81
99 120 228
81 99 228
87 120 230
99 120 230
86 151 171
117 137 196
38 202 239
38 203 225
98 117 203
38 117 203
95 137 172
6 33 95
6 95 172
67 151 152
6 67 69
67 86 151
61 69 113
45 114 192
61 67 69
45 113 114
45 61 113
58 139 218
58 86 139
173 201 211
192 201 211
103 206 232
23 173 241
23 173 201
139 192 201
114 131 211
82 131 211
114 192 211
88 169 178
11 121 195
88 178 195
169 178 190
30 148 178
30 121 178
4 30 148
63 116 148
121 178 195
121 189 219
4 17 63
4 63 148
17 121 189
189 219 233
11 121 219
11 219 233
53 185 233
53 59 180
53 185 207
5 111 191
17 104 189
17 63 104
36 42 104
111 149 167
116 126 149
63 116 149
111 167 191
36 111 149
5 191 238
15 59 235
59 93 158
15 59 180
13 60 102
199 207 241
23 103 201
103 201 218
1 206 232
156 204 229
1 156 232
99 194 229
156 194 232
1 80 118
1 80 156
80 156 204
13 91 102
70 94 186
50 91 186
56 71 240
92 143 145
41 72 140
70 134 141
50 70 222
48 245 246
48 175 222
50 70 186
48 50 222
47 235 246
59 93 235
24 48 245
35 47 236
235 245 246
15 29 235
35 126 167
126 149 167
26 136 179
26 116 119
116 119 126
34 136 198
34 116 136
85 119 126
66 133 179
32 66 215
175 179 224
26 179 224
200 215 223
162 177 200
39 66 215
39 200 215
32 136 198
27 34 198
27 110 198
16 27 34
162 200 223
110 162 174
162 174 177
46 110 174
46 174 177
46 72 187
14 177 187
72 140 187
41 140 182
70 141 222
41 170 182
14 177 200
39 200 222
40 134 141
40 90 141
41 90 170
72 75 205
20 49 75
20 49 209
128 183 226
2 183 226
130 165 183
79 183 237
0 7 130
0 2 7
22 37 176
71 109 164
28 49 209
8 71 109
109 226 234
56 108 240
8 71 240
56 108 143
108 155 193
118 143 155
43 73 155
108 143 155
108 193 240
43 55 73
83 193 227
83 105 193
25 31 76
0 37 176
22 109 176
0 2 176
8 22 109
8 22 135
83 135 227
25 31 184
83 105 161
25 76 213
25 83 213
83 161 213
10 89 184
10 89 142
142 144 153
10 31 184
115 184 242
160 166 216
100 107 216
3 160 242
115 184 249
115 197 249
77 184 249
3 115 242
22 37 188
22 135 166
197 214 247
78 138 165
0 78 130
165 183 237
78 130 165
107 220 243
188 220 243
57 107 220
78 188 220
57 100 107
132 221 239
202 221 239
51 210 212
125 194 244
82 185 211
53 180 233
2 176 226
109 176 226
173 207 241
173 185 207
137 172 196
152 172 196
101 217 248
159 168 210
65 168 210
160 166 242
163 197 214
32 198 215
77 163 197
59 158 199
36 42 124
173 185 211
151 152 196
48 50 158
3 100 247
25 166 242
19 49 90
47 175 246
9 202 221
5 15 124
47 175 224
28 209 234
44 112 127
5 15 29
43 155 204
29 47 235
21 44 127
41 96 205
44 89 122
41 72 205
0 37 78
36 111 124
9 38 202
35 191 238
9 87 221
26 85 236
43 204 229
31 76 213
10 31 142
29 35 47
29 35 238
52 144 161
1 118 206
103 194 232
37 78 188
141 170 182
26 224 236
31 142 144
24 48 158
28 49 90
55 105 150
91 102 145
68 131 147
24 93 235
62 189 233
73 105 193
110 162 223
40 164 234
45 139 192
27 46 110
50 91 158
26 85 119
31 161 213
40 134 164
6 152 172
15 124 154
4 30 121
19 41 96
9 54 106
58 171 244
117 196 239
128 226 234
87 132 230
57 138 220
49 75 205
198 215 223
14 140 182
6 67 152
19 96 205
9 106 210
22 107 216
9 101 217
58 86 171
33 95 98
84 131 233
56 71 92
106 159 168
55 73 105
157 169 190
92 145 186
38 117 239
2 7 183
7 130 183
9 101 225
45 61 139
103 194 218
83 135 166
14 141 222
35 167 191
20 72 75
19 41 90
19 49 205
60 206 241
84 131 147
20 72 237
3 100 160
24 93 158
33 98 181
115 197 247
54 97 129
54 106 129
32 133 136
57 138 163
57 163 214
58 194 218
100 214 247
61 67 139
100 160 216
13 60 158
60 199 241
42 62 124
62 180 233
16 27 46
54 64 87
64 87 120
25 184 242
128 209 234
58 125 194
64 81 228
82 131 233
66 179 222
92 134 164
67 86 139
71 92 164
21 44 89
73 155 193
124 146 154
77 197 249
52 144 153
79 128 209
79 209 237
80 118 155
62 124 146
110 198 223
39 66 222
80 155 204
55 81 150
64 81 150
60 158 199
151 196 239
25 83 166
5 111 124
87 132 221
28 90 234
40 90 234
92 94 134
18 217 248
92 94 186
14 141 182
98 225 231
194 230 244
132 151 171
57 100 214
14 140 187
133 136 179
102 143 145
102 118 143
103 206 241
23 103 241
4 17 121
24 235 245
106 129 168
112 210 212
3 115 247
112 122 210
102 118 206
98 203 225
112 127 217
112 212 217
85 126 236
9 38 225
35 126 236
22 166 216
132 151 239
14 200 222
8 135 240
78 138 220
146 154 180
62 146 180
88 157 169
135 227 240
