1332.79 -887.261
1521.1 446.281
245.713 -62.2617
255.477 -344.974
-1951.87 -1891.52
-511.765 -797.716
-597.035 -1349.61
-1652.86 695.685
-976.317 -504.305
-1150.69 167.329
-740.862 -479.435
-864.323 337.181
-614.776 1545.49
-482.076 1108.58
558.726 1943.98
653.64 -108.481
-943.285 174.741
-1662.2 1302.43
-1887.52 593.278
-1042.55 -1839.39
701.758 445.689
-637.107 -1895.28
1096.08 -289.963
800.407 -1880.24
1205.73 1649.71
287.092 -1535.13
-829.722 1422.77
802.052 555.502
968.262 -1680.02
-335.917 -473.012
-1736.05 -1682.28
1418.51 -679.333
492.465 1756.31
-1376.9 604.944
349.586 -419.451
765.553 -948.656
-1973.76 -1871.55
-843.934 1122.32
-161.517 1956.47
1242.08 -955.785
1606.19 -470.828
-490.915 -1223.54
-1048.06 -1688.86
1331.97 1920.2
-1368.89 -1003.95
-552.809 -1104.94
-686.227 -1134.3
215.73 1806.24
-1377.99 838.826
411.181 971.593
-1580.62 -823.265
-1977.06 -1554.39
-694.82 -820.997
1567.93 1143.66
-864.524 810.011
-1812.12 -1258.34
-1660.82 -303.038
-481.873 -708.876
8.09891 -1149.91
-788.673 639.211
-153.857 658.519
1534.27 1159.92
1524.22 -249.995
966.153 -1853.77
-1411.17 -622.666
1117.82 -991.794
554.069 1140.76
-546.181 1859.25
-1680.24 -978.25
1002.91 -544.765
1831.76 1190.79
196.897 -1829.05
-1112.25 1715.02
-537.931 895.851
-1434.88 673.397
-464.938 411.26
-668.084 -930.664
-428.824 -1143.87
819.341 -1462.67
-997.641 1408.17
-85.3368 -1879.82
-1583.62 -1531.27
1260.93 -129.803
-1672.02 1580.69
891.947 1330.89
-964.074 723.709
521.682 1232.82
894.654 1409.43
947.847 -1643.28
305.284 1512.96
1030.12 1840.35
-75.7748 -1637.96
-1090.32 1495.4
-781.831 1729.02
-1967.27 220.528
1137.2 -52.6064
340.706 1553.57
416.126 -398.361
-576.23 744.107
-817.669 -1684.28
