34 93 99
68 96 127
1 6 76
37 62 98
79 113 119
79 106 119
121 124 145
2 13 86
16 106 114
34 45 122
2 69 86
22 23 71
38 97 134
43 60 73
79 89 113
10 37 65
79 89 100
79 100 106
68 131 138
94 114 133
57 100 125
0 94 96
22 137 147
85 123 145
14 85 123
31 34 93
2 69 80
3 69 86
3 48 86
66 80 92
13 31 86
45 110 122
31 34 45
48 90 101
48 101 122
3 76 90
3 6 76
3 48 90
20 92 134
20 39 134
5 38 148
118 132 141
22 67 71
12 97 134
40 105 109
42 47 97
9 55 80
42 46 149
12 42 46
12 42 97
19 47 50
40 62 98
15 73 105
21 27 126
15 60 115
46 146 149
46 62 146
37 98 136
40 54 105
37 65 136
40 62 109
7 36 52
15 27 115
15 60 73
43 54 130
30 87 136
7 84 130
30 84 136
84 130 136
7 30 84
7 43 130
118 120 132
43 60 120
41 75 132
41 135 139
41 75 135
53 59 91
53 104 128
59 91 119
52 88 104
52 74 88
32 87 107
25 65 113
51 106 128
8 102 125
68 96 131
10 95 112
0 94 133
57 94 96
100 106 114
59 106 119
64 77 103
64 103 138
49 72 129
29 49 129
29 35 49
16 29 108
51 83 106
51 56 128
6 20 143
22 82 137
39 71 116
28 117 137
28 137 140
61 63 117
11 26 124
1 26 124
44 85 145
101 121 145
14 18 44
14 44 85
14 18 111
61 81 111
63 70 72
4 33 58
33 58 103
81 111 144
14 111 144
4 58 123
81 142 144
132 141 148
67 128 147
102 125 127
126 146 149
17 112 127
108 131 138
101 121 124
90 101 124
1 90 124
89 100 125
78 96 131
0 78 96
43 74 120
74 75 132
72 129 137
72 117 137
63 72 117
70 81 142
68 112 127
22 67 147
67 104 128
67 88 135
12 66 134
65 112 113
10 65 112
74 120 132
57 96 127
57 100 114
14 123 144
57 94 114
55 93 99
40 54 98
53 106 128
53 59 106
52 53 91
52 53 104
54 130 136
24 47 115
47 50 115
4 33 103
11 18 124
41 139 148
17 89 113
18 44 124
18 61 111
16 114 133
42 126 149
78 108 131
64 108 138
55 80 99
8 17 127
8 17 89
17 112 113
75 88 135
5 39 139
35 70 103
38 47 97
115 118 120
12 46 99
54 98 136
4 142 144
7 30 107
9 55 93
11 28 117
11 18 61
86 110 122
0 108 133
67 135 139
43 73 105
3 80 92
24 38 148
9 31 93
48 86 122
41 132 148
5 139 148
56 128 147
8 89 125
0 78 108
3 6 92
19 47 126
29 129 147
24 115 118
21 126 146
74 75 88
19 50 115
1 76 90
44 124 145
67 71 139
2 13 80
7 36 107
68 95 112
4 103 142
15 21 27
16 108 133
129 137 147
3 69 80
4 123 144
29 35 108
9 13 80
8 102 127
30 87 107
66 92 134
22 23 143
19 27 115
20 23 39
20 23 143
11 61 117
64 77 108
57 125 127
21 62 146
15 21 105
22 82 143
19 27 126
12 66 99
23 39 71
6 20 92
71 116 139
61 70 81
70 103 142
36 107 113
24 118 141
67 88 104
21 105 109
24 141 148
26 137 140
25 32 136
26 28 140
32 87 136
11 26 28
29 51 56
29 51 83
43 54 105
29 83 106
16 29 106
29 56 147
60 115 120
7 43 52
9 13 31
31 86 110
31 45 110
5 38 39
25 32 113
42 47 126
32 107 113
25 65 136
1 26 82
21 62 109
35 70 72
35 49 72
35 77 103
35 77 108
36 91 119
36 52 91
36 113 119
38 39 134
24 38 47
1 82 143
1 6 143
39 116 139
26 82 137
61 63 70
43 52 74
66 80 99
