24 47 50
34 93 99
68 96 127
1 6 76
32 65 87
37 62 98
79 113 119
51 56 83
121 124 145
63 81 142
117 129 147
16 106 114
34 45 122
22 23 71
19 42 47
79 89 113
10 37 65
67 71 116
29 35 77
108 114 133
79 89 100
57 94 100
68 131 138
57 100 125
64 78 108
63 70 142
61 63 81
4 14 144
35 77 142
85 123 145
4 33 142
14 85 123
31 45 86
9 93 99
31 34 93
2 69 80
9 55 99
66 80 92
45 86 110
45 110 122
31 34 45
48 86 110
3 76 90
3 6 76
3 48 90
20 92 134
20 39 134
5 39 134
5 38 148
116 139 148
22 67 71
5 38 134
42 46 149
12 42 46
27 50 126
19 50 126
19 47 50
40 62 98
46 146 149
21 146 149
46 62 146
21 27 109
37 98 136
37 65 136
15 105 109
116 135 139
15 27 109
15 60 73
7 84 130
30 84 136
36 52 119
7 43 130
74 88 132
24 60 115
118 120 141
118 120 132
38 141 148
24 38 141
67 116 135
53 59 91
53 104 128
59 91 119
75 88 132
52 74 88
7 43 74
52 91 119
32 87 107
25 32 65
25 32 107
17 95 127
68 96 131
68 95 127
17 102 127
0 96 131
94 100 114
59 106 119
16 108 114
0 78 133
0 78 131
78 108 133
49 70 72
29 35 49
16 29 108
56 129 147
51 56 128
6 20 143
20 39 143
39 71 143
23 71 143
26 82 140
28 137 140
61 63 117
11 28 140
82 137 140
1 26 124
1 6 26
44 85 145
101 121 145
11 18 111
11 44 145
11 18 44
14 44 85
63 70 72
4 33 58
33 58 103
81 142 144
11 140 145
67 128 147
102 125 127
54 105 130
101 121 124
79 100 119
100 114 119
40 98 105
90 101 124
1 90 124
90 101 122
89 100 125
88 104 128
84 105 130
56 83 129
82 137 147
22 82 147
64 77 138
29 77 108
75 135 139
75 118 132
43 74 120
43 73 130
54 73 130
60 73 120
71 116 148
22 67 147
67 88 128
67 88 135
12 66 97
65 89 112
10 65 112
74 120 132
64 78 131
40 62 105
24 60 141
60 120 141
57 96 127
53 106 128
53 59 106
53 88 91
53 88 104
41 75 139
35 49 142
49 63 117
49 63 72
41 139 148
8 17 125
42 126 149
38 66 97
15 54 73
77 103 138
52 88 91
15 54 105
55 80 99
4 14 58
8 17 89
17 102 125
13 31 69
5 71 148
75 88 135
38 47 97
12 42 47
12 46 99
10 17 112
10 17 95
24 27 115
30 65 136
61 111 144
4 142 144
11 28 117
12 47 97
17 89 112
49 83 129
7 36 74
0 114 133
48 90 110
61 111 117
18 44 144
3 80 92
9 31 93
24 27 50
9 13 55
56 128 147
8 89 125
3 6 92
5 39 71
30 65 87
0 57 94
64 131 138
41 118 141
0 94 114
19 42 126
1 76 90
25 65 89
3 48 69
2 13 55
48 69 86
3 69 80
6 82 143
31 69 86
6 26 82
90 110 122
30 87 107
14 58 123
22 23 143
2 55 80
18 111 144
28 137 147
64 77 108
83 106 128
57 125 127
21 62 146
21 27 149
0 57 96
22 82 143
12 66 99
6 20 92
33 77 103
36 107 113
62 105 109
38 66 92
25 107 113
51 83 128
33 77 142
61 81 144
25 89 113
27 60 115
84 105 136
49 117 129
27 126 149
106 114 119
7 36 84
98 105 136
28 117 147
49 70 142
29 83 106
16 29 106
9 13 31
30 36 107
38 92 134
15 27 60
41 141 148
21 62 109
2 13 69
43 73 120
26 140 145
29 49 83
36 52 74
30 36 84
41 75 118
36 113 119
24 38 47
26 124 145
11 111 117
14 44 144
66 80 99
