24 47 50
34 93 99
68 96 127
1 6 76
79 106 119
51 56 83
121 124 145
11 124 145
16 106 114
34 45 122
38 97 134
79 89 113
29 35 77
108 114 133
57 94 100
96 102 127
68 131 138
57 100 125
0 94 96
22 137 147
63 72 129
85 123 145
4 33 142
14 85 123
13 31 93
66 80 92
45 110 122
48 90 101
48 101 122
76 90 101
20 39 134
118 132 141
5 39 148
116 139 148
12 97 134
24 38 97
40 105 109
12 66 92
12 42 46
12 42 97
27 50 115
19 47 50
40 62 98
15 60 115
46 146 149
46 62 146
40 62 109
7 36 52
15 27 115
15 60 73
30 87 136
43 74 132
7 43 130
43 120 132
118 120 132
24 50 115
75 88 104
67 128 135
53 59 91
53 104 128
52 74 88
7 43 74
7 52 74
30 36 87
32 87 107
25 32 65
25 32 107
36 87 107
36 107 119
53 59 128
8 102 125
8 17 112
68 96 131
57 102 125
57 94 96
57 96 102
16 108 114
64 77 103
64 103 138
49 72 129
29 49 129
49 70 72
29 35 49
16 29 108
51 83 106
56 129 147
51 56 128
20 39 143
28 117 137
28 137 140
11 28 140
11 28 61
11 26 140
44 85 145
101 121 145
14 44 85
4 33 58
33 58 103
81 111 144
4 58 123
81 142 144
132 141 148
126 146 149
54 105 130
94 100 133
89 100 125
89 100 114
89 106 114
48 86 90
56 83 129
79 107 119
78 96 131
0 78 96
29 77 108
75 135 139
75 128 135
43 73 130
54 73 130
60 73 120
70 72 81
71 116 148
70 81 142
69 86 90
76 101 121
71 135 139
10 65 112
64 78 131
63 129 137
63 117 137
61 63 111
63 81 111
14 123 144
55 93 99
53 88 104
41 75 139
52 53 91
51 59 119
37 62 136
35 49 142
39 71 148
79 107 113
100 114 133
1 26 143
5 24 148
51 59 128
18 44 145
8 25 65
41 139 148
28 61 63
18 61 111
15 54 73
15 54 105
55 80 99
8 17 127
19 21 50
40 105 130
12 46 99
3 6 90
24 42 97
10 17 112
10 17 95
0 64 108
62 98 136
23 67 71
4 142 144
9 55 93
11 18 61
67 71 135
19 21 126
86 110 122
1 11 26
2 13 93
10 65 136
18 44 144
29 83 129
48 86 122
41 132 148
76 121 124
56 128 147
79 89 106
12 20 92
8 89 125
0 64 78
8 65 112
19 47 126
63 72 81
64 131 138
1 11 124
51 106 119
3 6 143
21 126 146
74 75 88
0 94 108
17 68 95
3 69 90
15 21 27
36 59 119
31 45 93
2 13 31
23 39 143
129 137 147
17 68 127
6 76 90
31 69 86
4 123 144
2 9 55
94 108 133
8 25 89
8 102 127
5 24 38
1 76 124
3 20 69
2 55 80
20 69 92
18 111 144
22 23 137
21 27 50
64 77 108
21 62 146
75 104 128
24 42 47
22 23 67
15 21 105
12 66 99
2 80 92
22 67 128
22 128 147
36 59 91
23 26 143
23 39 71
71 116 139
24 118 120
24 118 141
21 105 109
24 141 148
25 107 113
26 137 140
25 89 113
40 84 98
32 87 136
2 31 69
28 63 117
2 9 93
49 70 142
29 83 106
16 29 106
24 115 120
30 36 130
60 115 120
7 36 130
30 84 98
30 98 136
52 53 88
31 86 110
31 45 110
5 38 39
42 47 126
10 37 136
32 65 136
33 35 103
21 62 109
11 18 145
43 73 120
35 77 103
33 35 142
41 74 132
12 20 134
23 26 82
36 52 91
30 84 130
2 69 92
38 39 134
3 20 143
23 82 137
1 6 143
40 84 130
41 74 75
26 82 137
14 44 144
34 45 93
66 80 99
46 126 149
42 46 126
