24 47 50
34 93 99
1 6 76
121 124 145
11 124 145
117 129 147
34 45 122
22 23 71
19 42 47
43 60 73
79 89 113
10 37 65
29 35 77
79 89 100
96 102 127
68 131 138
57 100 125
22 137 147
4 14 144
35 77 142
85 123 145
4 81 144
4 33 142
14 85 123
66 80 92
45 110 122
31 34 45
48 90 101
48 101 122
76 90 101
3 48 90
20 92 134
5 38 148
39 116 148
5 39 148
116 139 148
22 67 71
5 38 134
24 38 97
40 105 109
55 66 80
46 66 99
12 42 97
19 50 126
19 126 149
19 47 50
40 62 98
46 146 149
46 62 146
37 65 136
40 62 109
7 36 52
15 27 115
43 54 73
43 54 130
30 87 136
36 52 119
118 120 141
118 120 132
43 60 120
24 38 141
41 75 132
53 91 104
53 59 91
53 104 128
59 91 119
52 91 119
30 36 87
32 87 107
25 32 65
25 32 107
25 65 113
36 87 107
53 59 128
8 89 100
68 95 127
17 102 127
8 100 125
59 106 119
29 64 108
64 103 138
49 70 72
16 29 108
56 67 128
56 129 147
51 56 128
6 20 143
22 82 137
39 71 116
20 39 143
23 82 143
26 82 140
22 23 82
28 117 137
117 137 147
28 137 140
61 63 117
82 137 140
1 26 124
101 121 145
11 18 111
11 18 44
4 81 142
33 58 103
128 135 139
68 127 131
60 115 141
126 146 149
28 111 117
78 108 138
16 106 133
54 105 130
79 100 119
100 114 119
96 102 125
88 104 128
88 91 104
40 84 105
84 105 130
106 114 133
75 135 139
43 74 120
67 128 139
52 74 91
74 75 132
70 72 142
63 72 117
89 112 113
22 67 147
44 85 144
12 66 97
66 93 99
76 101 121
55 66 93
74 120 132
61 63 111
63 81 111
60 120 141
59 83 106
57 100 114
57 94 114
41 75 139
37 62 136
51 59 83
35 49 142
88 128 135
60 73 115
38 66 134
51 59 128
41 139 148
18 81 111
8 17 125
11 28 111
0 78 138
57 96 131
13 31 34
38 66 97
15 54 73
64 108 138
15 54 105
8 17 89
4 14 33
17 102 125
13 86 110
75 88 135
11 28 124
11 85 145
3 6 90
56 67 147
11 44 85
24 42 97
10 65 113
10 17 112
10 17 127
24 27 115
9 55 69
62 98 136
13 34 93
9 55 93
38 41 141
86 110 122
17 89 112
24 115 141
0 108 133
2 13 93
13 69 86
0 114 133
15 73 115
49 56 129
61 111 117
18 44 144
3 80 92
35 49 56
48 86 122
1 6 82
24 27 50
76 121 124
29 77 103
0 78 108
3 6 92
63 72 81
0 57 94
41 118 141
0 94 114
21 126 146
25 79 113
74 75 88
10 95 127
18 81 144
67 71 139
36 79 119
15 21 27
3 48 69
16 108 133
5 20 134
23 39 143
48 69 86
3 69 80
6 82 143
6 76 90
0 57 131
10 112 113
14 58 123
66 92 134
19 46 149
1 76 124
21 27 50
21 50 126
21 62 146
24 42 47
19 42 46
15 21 105
2 9 69
5 20 39
0 131 138
23 39 71
6 20 92
33 77 103
71 116 139
96 127 131
13 31 110
21 105 109
72 81 142
25 79 107
33 77 142
26 28 140
40 84 98
32 87 136
49 117 129
55 69 80
106 114 119
7 36 84
2 9 93
26 28 124
74 88 91
29 51 56
29 51 83
29 64 103
49 70 142
29 83 106
16 29 106
7 43 52
57 96 125
30 84 98
30 98 136
31 45 110
32 65 136
1 26 82
14 85 144
21 62 109
2 13 69
29 35 56
49 72 117
36 79 107
30 36 84
38 41 148
14 33 58
41 118 132
12 42 66
42 46 66
43 52 74
43 84 130
7 43 84
