74 211 264
18 158 277
68 132 216
172 185 255
10 77 207
7 13 85
7 13 278
48 191 209
238 266 269
37 60 297
155 170 235
26 65 99
59 75 128
6 40 130
73 77 128
63 65 99
60 166 235
49 106 256
77 223 256
68 73 187
49 132 216
106 139 256
12 112 226
71 95 112
7 171 218
196 245 260
38 78 260
3 140 261
140 202 245
192 222 281
2 215 294
50 78 140
142 243 293
178 194 231
46 53 163
11 100 174
28 107 262
28 107 137
3 140 148
90 143 274
91 107 137
90 124 133
54 191 209
48 209 296
8 182 200
124 143 220
153 161 199
161 184 213
4 20 45
23 120 167
104 144 299
30 104 201
54 191 214
116 184 291
116 184 276
154 181 271
31 154 189
8 82 225
40 130 280
25 40 280
69 93 257
49 239 253
29 68 187
69 93 130
77 128 207
93 130 234
108 130 221
75 146 221
69 130 280
25 69 280
130 221 234
59 83 96
26 65 108
30 35 51
59 128 129
98 235 272
59 98 129
98 129 235
16 128 129
113 194 243
22 60 67
16 128 207
22 60 235
155 167 235
77 223 290
60 166 204
23 120 230
23 167 235
120 230 244
44 51 259
23 166 230
23 166 235
125 180 238
113 203 244
60 204 297
138 176 297
37 138 297
7 85 188
37 188 273
0 138 176
85 188 217
7 156 278
13 18 278
13 85 217
139 223 256
49 132 253
49 106 136
87 109 277
147 156 206
18 277 278
95 112 226
7 188 218
7 156 171
0 37 138
248 249 295
190 218 249
121 149 281
43 186 248
149 190 281
12 17 222
12 112 222
42 102 226
95 102 226
42 102 227
135 196 245
17 38 121
38 196 260
42 226 227
36 38 196
76 227 233
21 76 145
135 208 245
140 148 202
148 202 208
55 79 208
78 245 260
202 208 245
78 140 245
121 192 281
15 121 149
15 50 173
15 50 121
134 186 279
3 79 261
2 263 294
58 282 292
282 292 294
159 282 294
159 210 289
2 261 263
2 198 215
159 215 294
89 142 243
84 89 115
0 157 194
34 178 231
14 134 279
134 186 248
186 198 279
113 194 203
0 176 194
84 142 232
142 165 238
84 89 142
120 247 265
150 172 255
125 165 238
125 165 193
57 193 205
74 175 193
74 175 211
105 169 286
56 72 264
57 74 193
56 72 205
56 57 205
72 205 241
127 151 268
80 105 169
127 236 262
127 250 268
53 122 163
53 103 274
127 162 236
11 174 285
39 174 285
122 137 163
53 103 122
70 103 143
103 143 274
33 133 258
90 124 143
94 220 296
39 90 174
33 100 258
41 54 209
41 54 258
27 126 160
191 214 242
160 172 180
11 64 246
64 175 211
27 160 191
200 220 296
48 200 296
209 229 296
8 200 220
4 45 152
48 182 200
20 45 288
20 251 288
30 35 201
4 119 168
30 44 51
4 20 168
97 247 255
44 97 144
97 150 255
247 259 265
185 247 255
47 120 167
47 259 298
47 120 265
47 167 298
155 167 298
184 213 276
47 259 265
24 35 51
30 104 144
30 44 144
224 252 254
61 86 252
86 155 170
24 86 252
61 224 252
26 32 99
224 240 254
240 254 275
52 110 240
26 108 177
92 212 275
52 164 177
26 52 177
92 275 276
114 116 291
114 164 177
92 116 276
111 154 195
154 225 271
154 181 189
114 141 291
111 131 195
31 154 195
225 271 283
263 292 294
58 263 292
1 251 283
251 283 288
243 266 293
239 253 270
142 238 293
84 232 241
226 227 233
94 219 296
133 219 258
213 254 275
211 250 286
203 204 297
203 204 244
123 201 267
194 203 297
178 194 295
157 194 295
160 191 284
48 191 284
193 232 241
187 197 257
34 183 231
126 175 242
175 214 242
150 172 299
172 180 238
172 185 238
171 190 218
171 190 281
169 210 289
80 169 289
73 187 197
169 210 236
188 217 273
161 213 254
161 181 184
238 266 293
156 277 278
51 155 259
87 239 270
155 259 298
213 275 276
149 190 249
149 237 249
162 169 286
76 145 233
36 145 233
31 141 189
141 189 291
114 141 177
137 151 163
136 217 273
134 248 295
134 178 295
34 134 178
111 131 177
28 137 151
73 128 197
75 128 197
127 162 286
125 126 193
126 191 242
126 160 180
125 126 180
120 185 238
119 160 284
4 119 152
119 152 284
142 193 232
117 140 261
117 186 198
92 116 212
2 198 261
113 266 269
101 113 266
112 171 281
71 112 156
106 136 273
34 134 183
80 105 183
105 115 183
20 104 199
102 109 277
102 206 277
101 113 243
11 100 246
97 144 299
95 102 206
113 120 244
95 147 206
106 139 223
71 95 156
63 83 96
39 46 53
39 46 285
36 38 233
17 38 233
161 199 201
20 179 199
19 70 103
112 222 281
89 183 231
31 131 141
1 179 251
93 234 257
84 105 241
81 253 270
127 151 262
25 29 40
3 148 208
219 229 296
24 123 267
24 123 201
27 126 191
16 22 207
32 52 110
64 175 214
19 122 137
19 55 107
19 103 122
61 86 118
188 218 249
5 63 118
58 79 261
18 49 136
9 46 228
95 147 156
9 46 268
181 184 291
131 141 177
12 226 233
6 81 287
106 223 290
8 45 182
63 65 96
69 187 257
176 194 297
54 100 246
5 66 118
119 172 299
9 64 228
44 97 247
37 60 67
19 91 107
1 153 199
20 119 299
1 179 199
120 238 269
48 182 284
43 248 249
81 132 287
166 230 244
46 151 163
89 194 231
1 88 153
1 88 271
11 46 285
25 29 187
3 79 208
126 175 193
162 169 236
8 143 220
24 252 254
127 250 286
0 157 295
13 136 217
56 74 264
32 63 99
17 121 192
21 36 135
45 182 284
8 45 82
26 32 52
55 58 79
161 201 267
124 133 220
0 249 295
159 210 236
31 131 195
117 140 173
94 133 220
159 262 282
20 104 299
1 271 283
68 73 216
32 110 118
24 35 201
9 250 268
80 159 289
159 236 262
51 86 155
45 152 284
11 46 228
52 212 275
153 161 181
119 160 172
43 117 173
142 165 193
16 22 235
37 273 290
14 198 279
87 102 270
5 63 272
87 102 109
120 185 247
36 135 196
8 143 225
112 156 171
12 17 233
14 159 215
97 150 299
15 43 149
9 211 250
17 192 222
41 219 258
29 68 132
18 49 158
104 199 201
5 66 235
19 91 137
75 221 234
9 64 211
20 179 251
16 129 235
6 40 287
29 40 287
41 219 229
41 209 229
161 254 267
21 36 145
43 117 186
59 75 96
0 37 249
43 149 237
43 237 249
15 43 173
32 63 118
106 273 290
44 247 259
50 140 173
14 198 215
110 118 240
14 134 183
45 82 288
46 151 268
49 62 256
49 87 239
81 132 253
49 87 158
28 151 262
156 206 277
24 254 267
53 90 274
117 198 261
65 146 221
24 51 86
73 77 256
20 119 168
52 114 212
55 58 282
39 53 90
72 105 286
10 67 207
54 214 246
14 159 183
62 73 256
55 107 262
55 262 282
56 57 74
37 188 249
101 243 266
193 205 241
61 224 240
61 118 240
72 211 286
63 83 272
5 235 272
11 64 228
197 234 257
33 100 133
65 96 146
65 108 221
72 105 241
66 86 170
66 86 118
83 98 272
66 170 235
10 67 77
67 77 290
22 67 207
25 69 187
72 211 264
114 116 212
62 73 216
13 18 136
52 114 164
49 62 216
75 96 146
75 197 234
50 78 121
38 78 121
29 132 287
166 204 244
80 159 183
64 214 246
52 240 275
113 120 269
82 225 283
82 283 288
59 83 98
58 261 263
84 105 115
37 67 290
88 153 181
87 158 277
88 181 271
89 115 183
89 194 243
54 100 258
90 100 133
90 100 174
181 189 291
94 133 219
