151 163 268
35 123 201
68 132 216
157 178 295
180 185 238
238 266 269
209 219 229
45 48 152
155 170 235
26 65 99
59 75 128
75 197 221
68 132 287
6 40 130
73 187 257
73 75 197
63 65 99
142 266 293
60 166 235
77 223 256
29 68 287
71 147 156
71 102 147
12 112 226
17 36 233
15 149 237
50 78 140
43 237 248
89 231 243
142 243 293
11 100 258
46 53 163
165 193 232
46 53 285
28 151 163
28 107 262
28 107 137
3 140 148
28 137 163
90 143 274
39 53 285
91 107 137
41 133 258
90 124 133
41 209 219
54 191 209
8 182 200
124 143 220
153 161 199
143 220 225
45 48 182
4 20 45
20 199 201
104 144 299
22 129 235
30 104 201
54 191 214
88 153 179
154 181 271
153 179 199
8 82 225
88 225 271
62 216 256
40 130 280
25 40 280
81 270 287
69 93 257
49 239 253
25 69 257
69 93 130
93 197 257
77 128 207
73 197 257
25 187 257
93 130 234
93 197 234
69 130 280
25 69 280
197 221 234
59 83 272
73 75 128
59 96 146
59 83 96
26 65 108
98 235 272
98 129 235
22 60 67
16 22 129
16 128 207
22 60 235
155 167 235
60 67 290
23 167 235
23 166 230
23 166 235
113 244 269
204 230 244
125 180 238
113 203 244
138 176 297
37 138 297
7 85 188
60 273 290
0 138 176
13 18 278
106 136 217
18 136 217
223 273 290
139 223 256
87 109 270
49 216 256
49 106 136
87 109 277
102 109 270
102 147 206
71 95 102
7 188 218
190 218 281
0 37 138
190 218 249
121 149 281
43 186 248
171 218 281
149 190 281
12 17 222
17 227 233
12 112 222
42 102 226
95 102 226
42 102 227
17 38 121
42 226 227
21 76 145
135 208 245
148 202 208
55 79 208
202 208 245
38 50 121
121 192 281
15 121 149
15 50 173
15 50 121
55 107 282
3 79 261
55 79 282
58 79 282
58 282 292
107 262 282
282 292 294
159 183 215
159 210 289
2 198 215
14 183 215
159 183 289
84 89 115
0 157 194
34 178 231
134 186 248
186 198 279
15 43 237
0 218 249
0 176 194
101 113 269
113 243 293
101 266 269
101 113 293
142 238 266
101 266 293
193 205 232
185 238 269
150 172 255
125 165 238
125 165 193
57 193 205
27 191 242
72 264 286
57 74 264
56 57 205
80 105 115
34 115 183
127 151 268
80 105 169
127 236 262
53 122 163
127 162 169
127 162 236
46 163 268
46 228 285
122 137 163
91 122 137
19 91 122
19 70 122
70 103 143
103 143 274
33 133 258
90 124 143
33 100 258
41 54 209
94 219 229
41 54 258
126 160 175
27 126 160
160 172 180
64 175 211
27 126 242
160 172 284
104 119 299
48 152 284
94 229 296
209 229 296
8 200 220
8 220 225
82 182 288
82 225 288
4 45 152
8 82 182
45 182 288
1 88 179
1 88 283
88 225 283
20 104 201
30 35 201
4 119 168
4 20 168
144 150 299
97 150 255
120 244 269
47 120 167
47 259 298
47 120 265
47 167 298
155 167 298
47 259 265
24 51 155
24 123 252
61 118 224
213 254 267
63 99 110
24 86 155
24 86 252
66 118 170
26 32 99
32 99 110
26 52 110
224 240 254
26 32 110
240 254 275
52 110 240
52 212 240
26 108 177
212 240 275
26 52 177
114 116 291
161 199 267
161 213 267
213 254 276
111 154 195
181 184 189
154 225 271
31 141 195
114 141 291
111 131 195
119 284 299
116 276 291
120 265 269
263 292 294
58 263 292
2 261 294
261 263 294
185 255 269
247 255 269
97 255 265
1 251 283
132 239 287
237 249 295
236 282 294
236 262 282
205 232 241
84 232 241
142 232 238
165 232 238
11 228 246
225 251 288
225 251 283
106 217 273
49 216 253
239 270 287
211 250 286
77 207 223
203 204 297
203 204 244
123 201 267
194 203 297
48 191 296
48 191 284
191 214 246
180 185 255
172 180 255
178 231 243
175 264 286
126 175 242
64 175 242
39 174 274
169 210 289
80 169 289
247 265 269
169 250 268
169 210 236
120 167 244
23 167 244
164 212 275
161 184 276
161 181 184
159 236 294
157 178 243
7 156 218
156 171 218
51 155 259
87 239 270
155 259 298
149 190 249
149 237 249
147 206 278
36 145 233
145 227 233
31 141 189
141 184 291
150 284 299
117 140 198
134 248 295
134 178 295
34 134 178
132 239 253
111 131 177
131 164 177
98 129 272
123 224 252
142 232 243
59 129 272
4 119 152
119 152 284
118 155 170
175 211 286
2 198 261
34 115 231
89 115 231
90 174 274
112 171 192
164 177 212
112 192 222
71 112 156
34 134 183
108 221 234
108 130 234
161 213 276
247 255 265
106 223 273
105 250 286
102 109 277
102 206 277
11 100 228
116 164 276
106 139 223
94 200 296
39 100 285
39 53 70
115 183 289
114 141 195
20 179 199
35 44 51
56 205 241
80 115 289
92 164 275
92 164 276
59 75 221
44 97 150
21 196 260
17 36 196
1 179 251
27 191 284
64 228 246
147 156 278
148 202 245
39 100 174
84 105 241
127 151 262
6 29 40
3 148 208
29 40 187
22 67 290
207 223 290
10 22 207
16 22 207
113 203 243
41 124 219
21 78 260
21 78 245
31 189 195
20 104 119
19 55 107
3 198 261
61 86 118
18 206 277
5 63 118
58 79 261
18 87 158
157 194 243
39 70 103
114 116 164
18 49 136
12 17 226
52 177 212
17 196 260
9 46 228
105 169 250
9 46 250
132 216 253
16 59 129
6 81 287
63 65 96
181 189 195
37 60 188
6 29 287
176 194 297
2 159 294
5 66 118
5 63 96
141 184 189
19 91 107
5 83 96
3 79 208
162 169 236
0 188 218
92 254 275
0 157 295
23 230 244
17 121 192
182 200 296
37 60 204
14 134 186
74 175 180
53 70 122
0 249 295
159 210 236
117 140 173
2 159 215
10 22 290
68 73 216
18 85 217
11 54 258
21 36 196
30 44 104
37 204 297
33 90 133
77 128 256
114 131 195
11 54 214
153 161 181
43 117 173
3 140 198
56 72 105
10 207 290
14 198 279
5 83 272
17 226 227
150 172 284
9 211 228
17 38 260
29 73 187
114 131 164
14 186 279
7 85 156
112 156 171
0 37 188
9 211 250
17 192 222
78 140 148
184 276 291
27 160 284
224 254 267
18 49 158
5 66 235
16 59 128
74 175 264
18 87 277
20 179 251
38 50 260
39 103 274
56 57 72
11 214 246
41 124 133
49 139 256
21 36 145
61 86 224
43 117 198
15 43 173
13 18 85
43 186 198
44 104 144
50 140 173
14 198 215
14 134 183
45 251 288
49 87 239
49 87 158
28 151 262
49 106 139
65 146 221
44 51 97
35 51 123
18 206 278
24 51 123
20 119 168
72 105 286
62 73 256
76 145 227
160 175 180
56 105 241
57 72 264
57 74 125
33 90 100
110 224 240
44 144 150
59 146 221
171 192 281
60 188 273
20 45 251
78 148 245
60 166 230
25 40 187
97 259 265
154 181 195
63 118 224
63 110 224
199 201 267
5 235 272
85 188 273
46 250 268
51 97 259
64 191 242
57 125 193
64 211 228
65 96 146
65 108 221
66 170 235
237 248 295
60 204 230
71 95 226
71 112 226
62 73 216
73 128 256
100 228 285
74 125 180
50 78 260
86 118 155
194 203 243
191 209 296
29 68 73
123 224 267
58 261 263
84 105 115
85 156 278
85 217 273
13 85 278
48 182 296
88 153 181
127 169 268
86 224 252
88 181 271
30 35 44
64 191 246
84 89 232
21 135 245
89 232 243
90 100 174
92 254 276
94 200 220
94 124 219
94 124 220
