35 123 201
68 132 216
157 178 295
10 77 207
71 156 171
171 222 281
34 89 231
238 266 269
37 60 297
155 170 235
62 77 256
26 65 99
29 81 287
6 40 130
65 96 108
73 75 197
66 170 272
71 147 156
12 112 226
121 192 222
7 171 218
38 78 260
3 140 261
2 140 261
21 145 196
192 222 281
157 178 194
89 231 243
142 243 293
178 194 231
125 160 180
28 151 163
55 91 107
28 107 137
3 140 148
28 137 163
21 135 196
90 143 274
91 107 137
228 250 268
41 133 258
90 124 133
48 209 296
8 182 200
124 143 220
153 161 199
23 120 167
104 144 299
119 150 299
8 82 225
88 225 271
62 216 256
40 130 280
25 40 280
69 93 257
49 239 253
62 68 216
25 69 257
25 69 280
59 83 272
73 75 128
108 146 221
96 108 146
26 65 108
166 204 230
59 98 129
98 129 235
113 194 243
16 128 207
60 67 290
60 166 204
44 51 259
113 244 269
204 230 244
125 180 238
113 203 244
176 203 297
138 176 297
37 138 297
60 273 290
85 188 217
7 156 278
13 18 278
18 136 158
18 136 217
87 109 270
87 239 253
102 109 206
147 156 206
36 76 233
109 206 277
102 109 270
71 112 171
7 156 171
190 218 249
42 102 227
76 227 233
21 76 145
140 148 202
148 202 208
55 79 208
15 121 149
15 50 173
38 50 78
117 173 198
55 107 282
58 79 263
3 79 148
79 148 208
55 79 282
58 79 282
58 282 292
58 263 294
282 292 294
159 282 294
58 292 294
159 210 289
2 198 215
159 183 289
34 178 231
14 34 134
186 198 279
15 43 186
113 194 203
0 157 249
176 194 203
194 231 243
185 238 269
120 247 265
125 165 193
57 193 205
56 72 264
72 264 286
211 264 286
56 57 205
105 115 241
80 105 115
72 241 286
34 115 183
84 115 241
127 151 268
80 169 210
80 105 169
159 210 282
127 236 262
80 210 289
127 250 268
127 162 236
9 228 250
46 228 285
105 241 286
46 228 268
9 11 228
39 174 285
122 137 163
91 122 137
39 90 274
70 103 143
103 143 274
33 133 258
90 124 143
94 220 296
39 90 174
41 54 209
94 219 220
41 133 219
41 54 258
27 126 160
160 172 180
160 172 284
209 229 296
8 200 220
82 225 288
4 45 152
88 225 283
20 104 201
153 161 184
153 181 184
24 35 123
4 152 284
4 20 168
97 247 255
144 150 299
97 144 150
44 97 144
44 97 259
120 247 269
120 244 269
47 120 265
170 235 272
155 167 298
47 259 265
51 155 298
24 51 155
24 35 51
24 123 252
61 118 224
213 254 267
24 86 155
61 86 252
24 86 252
61 224 252
63 66 118
66 118 170
26 32 99
5 63 66
26 52 110
26 32 110
52 110 240
52 212 240
26 108 177
92 212 275
212 240 275
254 275 276
52 164 177
26 52 177
92 275 276
114 116 291
114 164 177
161 199 267
92 116 276
92 114 116
161 213 267
213 254 276
181 184 189
154 225 271
31 154 195
111 131 141
116 276 291
2 261 294
261 263 294
185 255 269
247 255 269
1 251 283
243 266 293
142 238 293
236 262 282
93 234 280
130 234 280
38 233 260
84 232 241
17 226 233
225 251 288
225 251 283
224 240 275
224 254 275
94 219 296
49 216 253
211 250 286
48 209 284
191 209 214
123 201 267
196 202 245
191 214 246
193 232 241
0 188 249
182 200 220
179 199 201
141 177 291
114 177 291
126 175 242
64 175 242
100 174 258
174 228 285
172 180 238
172 185 238
171 190 218
73 187 197
169 210 236
119 168 299
4 168 284
162 169 250
161 184 276
238 266 293
156 277 278
23 155 230
155 166 230
88 153 283
1 153 283
45 152 182
119 150 284
150 172 185
149 190 249
121 149 192
149 192 281
149 171 190
149 157 237
31 141 184
141 184 291
117 140 198
2 140 198
139 216 256
136 188 273
127 162 250
134 248 295
133 219 220
136 188 217
111 131 154
126 191 242
125 142 165
125 142 238
125 126 160
125 126 175
123 224 252
142 232 243
47 120 298
142 193 232
118 155 170
92 114 212
113 266 269
0 176 188
101 113 266
119 168 284
106 136 273
108 221 234
108 130 234
161 213 276
106 136 158
105 250 286
101 113 243
20 201 251
11 100 246
100 174 228
11 100 228
100 214 246
97 247 265
97 185 255
95 102 206
95 147 206
106 139 223
71 95 147
210 236 282
39 46 53
39 46 285
17 38 233
115 183 289
19 70 103
35 104 201
35 44 51
34 134 295
56 205 241
38 121 222
80 115 289
22 166 235
34 84 89
47 51 298
59 75 221
97 150 185
31 154 271
87 109 239
6 40 81
31 131 141
57 74 211
14 34 159
152 182 284
1 179 251
173 186 198
43 186 237
186 237 248
27 191 284
37 138 176
93 234 257
127 151 262
15 173 186
135 202 208
219 229 296
29 40 187
25 197 257
27 126 191
22 67 290
10 22 207
16 22 207
60 67 166
14 186 248
30 35 104
25 187 197
120 167 298
12 38 222
20 168 299
28 262 282
157 176 194
19 103 122
188 218 249
12 112 171
15 38 121
23 120 244
12 17 226
59 98 235
78 196 245
0 157 176
105 169 250
31 184 189
56 57 211
132 216 253
3 261 263
16 59 129
42 95 102
31 189 271
106 223 290
8 45 182
4 20 251
36 196 260
37 60 188
33 90 174
34 159 183
2 159 294
42 227 233
4 251 288
1 153 199
87 132 270
4 45 82
1 179 199
181 189 271
48 182 284
46 122 163
81 132 287
46 151 163
23 155 167
162 169 236
3 79 263
8 143 220
12 171 222
158 277 278
32 63 99
23 230 244
8 45 82
124 133 220
54 100 214
31 131 195
117 140 173
2 159 215
10 22 290
20 104 299
10 223 290
9 11 246
18 85 217
9 211 246
4 82 288
149 171 281
30 44 104
12 17 38
33 90 133
111 141 177
14 134 248
142 165 193
16 22 235
10 77 223
14 198 279
34 178 295
42 226 233
150 172 284
74 125 175
29 73 187
5 63 272
14 186 279
32 63 110
8 143 225
14 159 215
15 38 50
15 43 149
9 211 250
184 276 291
29 68 132
27 160 284
65 96 99
5 66 272
50 140 202
224 254 267
55 91 122
39 103 122
75 221 234
16 129 235
39 103 274
39 53 122
47 51 259
46 53 122
29 40 81
41 219 229
41 209 229
42 71 226
42 71 95
37 176 188
43 149 237
13 18 85
106 273 290
157 237 295
44 104 144
50 140 173
14 198 215
46 151 268
48 220 296
48 182 220
85 188 218
68 73 77
28 151 262
49 109 239
49 109 277
156 206 277
49 106 139
49 139 216
49 158 277
50 202 245
50 78 245
52 114 212
73 77 207
131 154 195
19 55 122
28 107 282
60 203 244
56 211 264
56 72 241
60 204 244
57 74 125
179 201 251
110 224 240
59 146 221
155 166 235
59 235 272
60 188 273
60 203 297
54 209 214
36 233 260
33 174 258
191 209 284
16 59 75
77 139 256
25 40 187
101 243 266
193 205 241
61 118 155
97 259 265
61 86 155
63 118 224
63 110 224
199 201 267
63 83 272
64 74 175
77 139 223
64 74 211
64 191 242
57 125 193
197 234 257
34 84 115
237 248 295
22 67 166
81 132 270
62 68 77
83 96 99
49 106 158
71 112 226
135 196 202
63 83 99
18 158 278
73 128 207
52 114 164
75 197 234
76 145 196
36 76 196
29 132 287
78 196 260
69 93 280
29 68 73
83 96 146
123 224 267
59 83 146
7 85 218
13 85 278
7 85 278
88 153 181
87 132 253
149 157 249
88 181 271
30 35 44
64 191 246
84 89 232
54 100 258
89 232 243
64 211 246
16 75 128
