18 158 277
157 178 295
9 250 286
209 219 229
155 170 235
156 206 278
6 40 130
73 77 128
65 96 108
73 75 197
10 22 67
60 166 235
77 223 256
68 73 187
12 112 226
37 188 218
121 192 222
3 140 261
2 140 261
50 78 140
157 178 194
89 231 243
142 243 293
3 140 148
21 135 196
90 143 274
214 246 258
54 214 258
54 191 209
124 143 220
153 161 199
143 220 225
45 48 182
104 144 299
54 191 214
1 283 288
116 184 291
31 141 291
154 181 271
131 141 195
88 225 271
62 68 73
40 130 280
25 40 280
49 239 253
62 68 216
29 68 187
93 197 257
77 128 207
93 130 234
93 197 234
75 146 221
69 130 280
59 83 272
73 75 128
108 146 221
96 108 146
26 65 108
59 98 272
10 16 22
59 128 129
98 235 272
59 98 129
98 129 235
16 128 129
10 16 207
113 194 243
22 60 67
10 67 290
16 128 207
22 60 235
203 244 297
204 244 297
23 120 230
44 51 259
113 244 269
204 230 244
113 203 244
37 138 297
37 188 273
0 138 176
7 156 278
13 18 217
13 18 278
13 85 217
106 136 217
18 136 217
139 223 256
102 109 206
147 156 206
109 206 277
102 147 206
190 218 281
190 218 249
43 186 248
171 218 281
149 190 281
12 17 222
112 171 222
12 112 222
42 102 227
21 76 145
135 208 245
148 202 208
55 79 208
78 245 260
202 208 245
38 50 121
78 140 245
15 50 173
15 50 121
117 173 198
58 79 263
3 79 148
79 148 208
2 263 294
58 282 292
107 262 282
159 210 289
2 261 263
2 198 215
159 183 289
84 89 115
14 34 183
0 157 194
34 178 231
14 34 134
134 186 248
113 194 203
0 218 249
0 176 194
176 194 203
101 113 269
101 266 269
84 142 232
142 165 238
84 205 241
125 165 193
27 191 242
172 180 185
9 211 286
56 72 264
57 74 193
56 72 205
56 57 205
72 205 241
80 105 115
127 151 268
80 210 289
210 236 262
127 169 250
127 250 268
28 127 151
127 162 169
46 228 285
169 250 286
39 53 274
19 55 91
70 103 143
103 143 274
90 124 143
124 133 219
94 220 296
41 54 258
64 242 246
126 160 175
214 242 246
27 126 160
191 214 242
160 172 180
27 126 242
48 160 284
209 229 296
8 200 220
8 220 225
82 182 288
4 45 152
45 182 288
20 45 288
1 179 288
20 251 288
179 251 288
1 88 179
1 88 283
88 225 283
153 161 184
153 181 184
30 35 201
4 119 168
4 152 284
4 119 284
97 247 255
144 150 299
185 247 255
47 167 298
155 167 298
24 35 51
30 44 144
213 254 267
63 99 110
61 86 252
86 155 170
61 86 170
63 110 240
66 118 170
61 118 170
26 32 99
32 99 110
5 63 83
52 110 240
52 212 240
26 108 177
92 212 275
212 240 275
254 275 276
26 52 177
92 275 276
114 116 291
92 116 276
92 114 116
161 213 267
213 254 276
153 181 271
181 184 189
88 153 271
154 225 271
154 181 189
184 189 291
31 141 195
31 189 291
119 284 299
47 265 298
263 292 294
58 263 292
243 266 293
142 238 293
38 233 260
224 240 275
224 254 275
94 219 296
49 216 253
11 211 246
11 211 228
10 207 223
259 265 298
77 207 223
48 191 296
154 189 195
187 197 257
185 238 293
34 183 231
182 200 220
178 231 243
126 175 242
64 175 242
39 174 274
173 198 279
150 172 299
171 192 222
73 187 197
119 168 299
165 185 238
125 165 185
25 187 280
123 161 201
159 282 292
159 292 294
7 156 218
156 171 218
23 155 230
155 230 235
150 172 185
149 190 249
149 237 249
149 192 281
140 148 245
145 227 233
117 140 198
2 140 198
0 138 218
138 176 203
137 151 163
135 196 260
134 248 295
132 239 253
111 131 177
131 141 164
131 164 177
111 131 154
69 130 257
28 137 151
125 180 185
123 224 252
103 122 274
142 193 232
118 224 252
116 161 184
116 161 276
120 230 269
90 174 274
92 114 212
114 164 212
164 177 212
71 112 156
109 158 277
108 221 234
108 130 234
161 213 276
20 104 199
141 164 291
101 113 243
11 100 228
100 124 133
97 185 255
106 139 223
71 95 156
95 102 147
63 83 96
39 46 53
39 46 285
0 43 295
61 118 252
17 38 233
17 38 222
161 199 201
138 203 297
28 127 162
115 183 289
20 179 199
69 187 280
19 70 103
35 44 51
34 134 295
38 121 222
33 133 219
55 91 137
80 115 289
33 41 219
89 183 231
44 97 150
159 210 262
27 48 191
97 150 185
87 109 239
29 68 216
75 83 128
28 236 262
28 162 236
26 63 99
148 202 245
33 41 258
39 100 174
84 105 241
56 64 211
6 29 40
55 58 107
25 29 40
219 229 296
24 123 201
32 52 110
21 36 233
132 216 287
0 43 249
31 189 195
20 168 299
19 91 163
84 142 243
107 137 262
19 103 122
53 122 274
44 259 265
160 172 299
18 206 277
18 106 158
58 107 282
185 266 269
52 177 212
9 46 228
95 147 156
88 153 199
123 161 267
9 46 250
8 225 283
132 216 253
3 261 263
12 226 233
57 84 205
42 95 102
6 81 287
106 223 290
63 65 96
69 187 257
36 196 260
6 29 287
5 63 224
27 48 160
5 118 224
54 209 219
2 159 294
5 66 118
28 137 262
42 227 233
57 84 232
44 97 247
37 60 67
87 132 270
47 120 247
46 122 163
81 132 287
46 151 163
23 155 167
8 82 283
26 63 65
30 144 201
25 29 187
3 79 263
104 144 201
33 246 258
15 43 279
63 224 240
0 157 295
37 60 204
11 33 100
82 182 200
39 228 285
14 134 186
74 175 180
160 284 299
26 32 52
23 47 120
55 58 79
80 162 236
117 140 173
2 159 215
159 262 282
20 104 299
10 223 290
24 35 201
21 36 196
11 33 246
37 204 297
45 152 284
142 165 193
16 22 235
120 185 269
37 273 290
14 198 279
34 178 295
42 226 233
5 83 272
9 211 228
87 102 270
43 186 279
87 102 109
19 122 163
14 186 279
120 185 247
112 156 171
12 17 233
14 159 215
15 43 149
166 230 235
39 100 228
224 254 267
87 132 239
104 199 201
15 173 279
5 66 235
75 221 234
20 179 251
38 50 260
16 129 235
80 169 286
46 53 122
49 139 256
42 71 226
42 71 95
75 83 146
43 149 237
43 237 249
106 273 290
50 140 173
44 247 265
14 198 215
20 45 168
4 45 168
85 106 217
230 244 269
45 48 284
46 151 268
47 247 265
48 220 296
48 182 220
49 62 256
85 188 218
49 109 239
49 109 158
49 106 139
24 51 86
73 77 256
37 138 218
18 206 278
85 106 273
18 106 136
21 145 233
72 105 286
131 154 195
41 54 219
14 159 183
57 193 232
62 73 256
55 107 137
76 145 227
56 64 74
160 175 180
56 57 74
56 211 264
44 144 150
74 125 193
80 210 236
171 192 281
88 179 199
36 233 260
60 166 230
101 243 266
43 248 295
72 211 286
5 235 272
85 188 273
64 74 175
15 149 192
46 250 268
33 100 133
72 105 241
66 170 235
81 132 270
49 106 158
60 204 230
59 83 128
71 112 226
80 162 169
72 211 264
49 62 216
74 125 180
75 197 234
114 164 291
50 78 260
84 89 243
29 216 287
80 105 286
191 209 296
8 82 200
82 283 288
83 96 146
123 224 267
84 105 115
7 85 218
13 85 278
37 67 290
7 85 278
24 86 123
15 121 192
86 123 252
86 259 298
51 86 259
178 194 243
86 155 298
185 266 293
93 130 257
135 245 260
89 115 183
30 35 44
90 100 124
23 47 167
90 100 174
64 211 246
91 137 163
94 124 219
94 124 220
