742.392 1085.21
-1874.48 -1184.13
864.229 1989.33
-1934.5 -1714.69
309.955 -1298.01
1877.58 -1915.83
-367.481 -469.568
-1283.19 -1763.55
444.657 522.456
-1536.54 -931.713
-425.52 1532.3
549.826 1771.05
-227.014 -1827.06
-1469.57 1957
-197.964 440.281
-814.669 -1455.57
-474.511 -689.147
-639.699 -1610.28
-699.812 -574.194
-1324.97 1610.14
127.792 -1447.39
1694.31 1760.31
83.0375 -1588.87
1996.76 -1472.31
933.582 -1539.78
-404.018 -1491.94
1992.51 -1854.19
-1720.89 -234.5
-1681.25 -1190.46
-277.499 120.785
1249.82 907.832
665.213 -1224.69
-1781.32 -1974.49
-834.969 -481.128
-548.681 -159.942
-870.986 1579.11
392.664 -1176.67
1339.42 -1524.3
-765.546 1336.18
-996.603 -1831.96
1796.4 599.379
-1323.9 1788.91
745.188 -1044.79
-445.589 1063.94
-235.249 1276.91
-815.277 -985.426
184.744 1849.94
-210.113 403.429
1875.45 954.919
1922.3 -673.232
-1205.02 -948.684
-1094.12 1187.64
-125.356 -1754.7
1663.34 1109.1
1581.48 -1333.26
1277.13 1377.88
1266.12 1953.23
1166.79 11.307
-1091.56 -1278.8
-924.756 673.191
1998.11 259.967
1687.77 182.859
109.902 -522.347
-1413.71 -14.6486
-1567.43 -1491.41
1312.12 -772.451
-440.095 -1782
-1584.81 1434.55
-1536.7 -1921.47
543.647 -1955.22
-1254.73 -179.219
1422.66 -1988.61
-225.988 589.453
22.6991 682.452
1310.66 1097.94
-644.357 1308.77
-642.089 -956.591
-508.371 1467.81
521.062 77.9171
-546.836 953.633
586.506 -1234.72
-1818.82 -1853.59
-1016.72 -1403.63
1580.96 -553.415
-1325.09 124.608
-508.632 -579.822
1945.39 -1085.97
-568.43 -280.599
1503.48 1454.27
-1598.15 814.14
552.213 -242.504
122.91 1910.12
800.905 1614.54
1377.94 -678.033
-307.544 -1168.9
-1724.4 -1721.04
-403.615 -1543.22
-1574.63 579.669
-946.846 -1993.67
-1973.75 -271.941
130.942 -482.377
1148.24 76.3306
431.654 -1420.19
1795.73 -64.8619
-1965.92 -1802.42
-1250.72 586.29
-44.9195 872.188
496.414 -1244.01
486.727 -125.649
77.9522 -1820.82
705.452 353.552
-1541.85 -1698.16
810.334 -1116.48
881.506 1863.49
-1110.15 907.761
-408.453 1020.8
-1574.62 -1260.22
-902.873 857.038
-680.408 -1107.14
-1207.82 -646.331
-909.557 -458.546
1939.96 1045.52
-1586.36 436.374
1801.51 900.369
-1689.28 -120.539
1079.55 1016.18
-1766.99 1537.7
1318.01 1043.35
-1578.78 199.52
906.834 -688.929
-892.719 -1501.62
-1668.13 -467.334
-761.835 -571.004
-1610.3 557.757
321.854 -818.12
1911.43 1412.3
723.335 1851.39
457.82 1136.98
287.761 259.329
37.3456 598.485
-1861.21 -883.103
-385.338 -1628.2
-1345.41 -1067.32
1415.15 -924.188
1132.2 321.984
386.883 -1760.52
820.365 718.751
-227.858 -1941.47
-1852.25 161.846
616.287 469.601
1343.73 527.713
-118.103 67.0606
379.1 -1660.28
-795.963 -1333.14
599.046 1241.38
1265.35 737.835
-1641.72 -1119.99
1109.64 -987.125
-187.317 524.787
88.6863 -1055.12
-1153.23 -1524.43
-815.646 1667.14
1194.32 956.496
1725.67 1342.07
-881.658 341.952
-188.332 -1537.93
-1130.34 1693.57
529.128 1248.76
-1966.72 1733.17
1915.62 632.328
974.548 1180.97
-629.836 1332.83
-1939.02 -1520.2
-1654.3 -126.339
1004.59 434.39
818.539 1851.36
909.959 -1997.11
1518.5 104.279
959.389 1244.16
-553.654 -1922.27
-413.888 1258.01
-1460.2 455.777
951.579 1068.93
-295.458 984.861
802.092 -379.833
-382.81 -223.36
-1198.86 987.353
-890.531 -1137.88
1467.15 -544.828
735.777 471.744
1889.56 -445.684
323.104 799.521
-442.79 -158.401
-1096.2 -1483.4
-914.24 350.146
-1405.67 671.872
-391.84 -865.871
-872.351 -1440.26
-1796.94 832.191
1544.6 1005.15
-1547.64 -838.21
-1218.21 -746.504
-1850.86 -108.743
115.612 1616.3
1346.43 -1148.61
88.0418 1235.99
405.705 -1588.85
35.5123 1962.92
252.745 939.313
-1520.49 1338.5
-710.541 -926.155
10.3766 897.62
207.973 1138.03
1457.36 411.028
-29.7827 1001.96
-583.824 422.576
-1836.25 197.963
1676.07 -1687.11
-1910.78 -208.317
1929.19 1435.65
643.072 17.2336
671.64 -951.223
428.379 -1292.85
-988.308 -1318.88
1646.47 -508.794
-1980.37 -1064.08
565.051 30.0046
1833.54 -1226.98
-831.969 1290.9
1184.05 1138.25
292.863 -1399.77
-439.177 456.613
798.191 -763.105
769.507 887.411
1028.58 698.698
323.06 -328.35
-1284.07 -1005.3
720.427 1144.31
-298.146 1732.12
1825.43 -651.681
-776.675 1845.06
284.243 1788.38
-124.933 117.787
-1438.6 1043.1
-591.31 1745.45
181.346 1701.55
-1654.32 1742.17
158.166 1143.87
-1020.94 -1072.33
31.2838 -1992.36
1626.37 -1645.66
-320.708 -1657.7
-650.955 -1600.28
1486.61 1050.9
-1868.16 1312.05
-1600.78 -644.837
1157.11 683.461
-856.461 -967.821
-1198.75 -295.061
-1924.72 209.939
-549.608 256.622
-88.5077 -203.927
-1.20833 -1930.34
-1060.05 977.856
-1002.67 971.23
985.498 -1376.3
1325.57 -1335.21
-1033.99 -1325.38
-935.492 -1547.38
1725.52 -803.655
1764.67 -1875.26
551.508 921.78
808.197 1695.05
1953.96 1609.45
-600.014 -1970.77
-180.615 850.378
285.857 1730.88
-1353.55 -1715.35
1800.54 -413.602
1262.5 -1202.13
-1442.37 248.002
-578.431 1883.2
912.792 387.575
-1442.18 1977.3
840.194 -1716.66
-826.355 604.862
-1591.93 1725.15
-473.358 1216.27
1420.2 -519.4
825.718 -1179.82
-490.165 -1354.9
1670.56 1795.69
-1624.02 -1682.99
-1919.66 -1823.48
-96.5878 1342.85
-1025.62 461.039
-409.151 395.953
344.241 -1496.36
-1216.47 902.061
-1519.06 1623.72
1185.4 -345.415
228.585 1593.47
-620.262 1755.23
809.745 -1200.06
-764.173 -364.537
-379.878 745.663
280.566 -709.315
541.356 656.547
-392.301 621.698
833.063 1511.11
-35.4558 1807.45
-27.8489 1555.39
203.401 -1683.61
-1940.97 986.929
1218.45 -1460.02
610.652 403.852
194.56 -1160.76
-2.67508 1574.3
-1405.54 -1192.93
-1625.77 -169.709
442.532 -5.64345
-1424.05 -1276.9
1285.04 1117.31
1379.64 -1107.26
-260.993 212.708
-1596.15 1703.55
20.1553 376.004
1258.94 -1776.44
692.395 1317.98
1210.49 -89.1522
1857.95 -178.863
-1685.3 52.5143
660.374 312.024
-373.188 1254.84
1119.09 1.04741
-914.872 -438.374
1995.4 -338.919
284.724 1280.45
-1221.61 -335.631
-1826.81 517.397
1877.08 -1422.96
220.948 -102.768
953.042 -520.108
120.788 -354.563
-1202.13 -668.726
1556.29 -1344.18
1152.41 1870.98
708.339 -187.215
183.009 -1664.85
-932.378 -697.897
336.199 152.75
863.729 331.603
1813.83 -851.546
-387.952 -1407.78
812.822 -214.766
1109.62 689.899
362.272 -669.434
-1412.87 -684.686
810.458 707.919
960.752 1608.33
-1960.81 517.037
-1735.85 1191.6
388.021 972.493
-995.611 -1428.97
1307.64 72.0108
-126.867 -356.157
-1775.24 -1263.14
1975.45 -1961.41
-114.684 -412.506
-1369.19 -1301.86
1372.73 1740.43
1388.04 -265
-929.002 1975.17
1050.31 1881.46
683.087 11.0662
1489.79 722.28
-1471.9 1753.94
-86.1159 916.124
726.432 918.273
1487.15 34.0767
-1009.72 -639.713
1677.92 -784.956
97.1491 1653.37
-746.364 1982.47
-759.141 -115.551
-1319.4 -1386.41
-375.119 -1931.36
348.588 695.879
-1956.19 -601.098
577.336 726.896
1409.97 67.1213
-550.824 1938.07
-178.939 1363.06
854.195 -1452.51
281.333 341.349
581.57 1271.62
1701.64 259.49
-1513.34 -201.215
-87.1446 -259.703
-218.75 1153.71
1624.75 461.853
1767.3 -750.372
530.494 115.89
1945.51 574.303
1514.79 522.842
-698.801 924.761
-1410.04 750.375
862.832 411.025
113.436 -282.973
958.518 -1605.23
-1941.62 -459.912
1666.39 1760.01
1799.58 -1846.95
-441.203 -287.567
-106.656 1340.05
-1133.85 -481.909
-198.1 -1366.55
767.718 -1667.61
749.34 713.225
906.697 264.132
-763.933 -1792.1
-811.107 -173.969
958.271 -1948.27
-1762.94 -928.293
-231.247 1195.57
-533.525 -172.87
-1264.34 -867.139
-412.858 -1464.76
-714.092 1145.94
247.672 1179.25
485.986 1113.82
-1302.66 -1712.11
1747.27 1465.06
-1379.72 496.611
178.287 1526.98
-1239.26 1414.35
1734.87 -50.3636
-759.615 693.144
1.36201 -522.559
1764.85 1770.12
-1326.99 -768.674
-402.755 -591.324
364.187 1184.39
-56.0853 1650.1
330.325 -1808.41
829.348 -1183.69
1305.41 1526.69
-895.804 1052.68
991.753 -275.524
-450.712 -829.96
