-1724.55 1360.53
-421.582 -666.68
1156.68 -161.233
312.278 576.033
-63.0652 -1680.16
-441.146 1268.96
876.594 -1216.66
437.641 -983.959
-1798.62 798.262
521.453 108.603
672.234 -1771.45
-758.014 616.675
1492.25 -586.086
-1069.5 1102.29
102.106 1175.77
-1876 377.559
536.302 -297.584
1710.88 -307.016
1541.18 23.1575
-1730.98 -521.882
342.998 -172.129
-1252.92 -780.409
611.209 1184.72
235.633 812.591
-17.0178 -1242.91
-1078.81 -1344.78
-1014.37 163.18
1271.89 -1522.12
1577.09 -1797.61
1580.17 -320.8
1378.17 1704.17
-1943.24 -85.5288
-593.412 1767.64
1607.45 -1052.23
-209.204 1876.47
425.889 -1866.21
-295.658 1172.97
-646.615 -1684.45
357.688 1589.02
1128.14 -1659.33
-1653.9 -1950.66
-1004.11 -668.264
212.517 -1732.22
-190.379 -210.388
-1529.83 -610.205
1468.81 1848.34
-906.033 1525.57
-237.186 500.556
1293.21 -629.732
1448.33 -915.995
-753.26 -125.784
-782.201 951.082
-952.816 571.184
1266.63 1404.87
160.201 394.775
1745.54 506.305
444.113 -1258.57
1838.04 -1343.37
-990.794 -352.339
446.242 -520.621
1037.46 -84.9469
-672.279 -1868.58
-559.376 1090.53
631.979 -1266.17
-1539.2 80.3064
-182.162 -292.457
1954.52 1035.64
-1341.38 -998.294
-393.18 1925.26
-1593.42 1767.02
320.033 -1847.88
273.326 -1235.85
-1106.45 111.366
-579.224 -97.2486
1759.03 1867.02
1382.13 796.483
-217.929 -1290.15
927.907 1222.69
1800.39 -440.114
1956.53 -1738.81
1640.19 -225.635
-31.2691 1594.71
-1190 627.356
-1403.58 416.821
552.613 -997.002
183.843 -1127.35
-844.884 -1542.83
-363.208 48.6618
568.535 1057.57
1951.41 327.562
924.586 1333.54
-875.954 -1293.34
-1956.61 -1948.05
1929.35 1843.78
-388.161 1885.88
-1895.03 -747.968
-339.756 73.6989
-1153.25 470.245
-1298.95 -556.833
-1112.93 1253.67
446.165 1070.91
-1873.69 1601.28
1528.08 -236.894
-350.057 96.6128
-1179.33 -398.644
-1575.83 1745.26
-1065.1 -451.78
-1548.08 -1021.71
-399.827 -1618.73
-1177.93 1212.01
-1732.85 -1072.96
-1535.96 -72.6099
1000.74 -689.21
-1602.36 1701.79
753.957 -715.298
955.462 -799.877
-1644.39 1081.78
-1198.6 1883.69
-1155.12 451.347
-19.698 -334.444
-1947.3 404.477
-589.184 -1012.4
1952.7 -137.268
-34.1041 -447.13
244 787.969
-1235.12 511.147
1715.01 -771.074
-1561.46 715.751
539.716 -1163.83
417.545 -706.327
120.874 -626.992
493.796 476.485
-1545.22 1295.2
360.174 -700.334
-253.454 -1659.52
965.222 -200.751
744.953 -1623.96
786.851 697.65
238.77 -1247.25
-1749.48 -1517.23
1540.72 -984.597
993.916 1255.73
244.329 1432.45
-28.5221 -1215.96
-1731.37 -1610.98
77.7176 389.499
-237.969 -1428.49
-1134.02 216.815
1866.71 1226.16
1516.48 -386.741
1566.63 481.703
1412.51 311.588
857.74 199.36
-990.762 -903.49
952.107 -740.241
-420.72 492.824
275.161 -1426.8
-251.449 -1480.51
-1994.35 1720.03
-696.466 -1725.73
-1890.95 1381.25
663.773 -128.917
1952.77 1529.76
-1912.1 1819.48
755.916 1604.38
-567.263 322.55
86.0818 -1154.75
-1365.86 -1056.18
1044.61 -356.625
40.3321 -3.28694
903.134 1619.61
-1510.46 -821.704
-1807.19 238.088
-302.214 -1801.54
-41.8833 1001.32
-1527.27 67.1689
382.572 1136.51
1938.25 335.337
666.263 -1973.85
154.815 -577.821
1630.53 1587.55
1744.73 -283.389
-1567.2 -1621.13
660.433 1477.4
22.2419 -1299.23
-525.882 -1074.62
-1679.62 -36.3454
103.671 -1486.81
-1798.26 1801.46
-1288.36 159.859
802.777 -815.624
-1772.97 -814.651
-1679.12 -1834.72
1520.69 987.145
-1808.57 -324.499
-1590.68 1821.96
-736.946 -1845.95
-461.428 -304.147
-1467.08 -1800.99
-826.742 555.162
-1100.23 647.375
1480.54 -779.852
-1388.97 -415.791
-266.666 -1187.23
-614.334 444.978
972.631 -1811.56
1629.35 1199.66
-626.209 1950.24
1364.94 -1105.52
937.381 1556.37
569.979 1346.71
1378.33 1833.03
1500.76 -1083.1
-471.114 -1966.32
-884.091 702.143
588.84 15.6795
-650.482 69.3779
1235.83 -39.4519
1653.59 -1030.84
773.32 -960.747
1414.14 -254.048
-772.304 1043.49
-1054.39 601.487
993.729 -1689.45
1495.96 -68.8891
1866.92 65.943
-722.183 1245.25
-101.024 -1221.42
-1837.84 1427.86
-1187.75 -721.934
130.004 1401.09
1293.75 1479.52
-529.527 529.573
-559.929 -875.94
1498.73 -1786.61
163.312 912.874
-40.657 1391.01
-43.6323 904.954
-7.50468 -1049.9
1215.51 -511.54
881.208 1082.43
1554.4 -1840.98
327.682 -546.622
-1062.4 489.839
-1118.76 -250.145
1767.91 1011.24
-849.05 1061.65
490.767 621.422
-408.776 1930.84
1745.48 -910.042
