20 283 319
206 226 243
200 396 440
261 281 418
276 323 404
8 207 290
231 233 437
14 288 420
326 338 401
361 385 417
12 217 433
196 283 319
203 215 429
249 291 320
261 277 418
24 203 393
47 153 313
189 380 415
27 232 304
85 176 339
110 117 170
65 274 444
69 80 370
8 14 207
224 257 262
8 14 288
12 84 217
271 284 379
233 379 437
52 156 447
148 158 181
54 181 348
120 174 231
91 188 333
45 161 398
148 181 348
137 158 376
225 417 447
133 144 347
2 333 345
114 122 316
157 261 281
26 121 336
218 409 421
149 353 372
73 119 340
95 119 409
240 305 340
236 245 291
149 353 427
31 72 421
76 236 291
116 413 414
7 127 335
7 162 273
185 198 309
196 319 329
115 178 413
178 190 413
164 268 318
190 197 354
100 229 431
115 196 329
200 422 431
24 393 396
256 344 445
44 394 445
31 53 237
114 122 306
1 244 448
18 205 213
334 382 435
175 311 342
64 325 368
134 267 446
258 264 302
285 410 449
191 309 342
198 264 365
64 368 411
41 134 435
50 150 327
175 189 391
82 337 411
211 298 308
50 327 382
50 78 415
50 199 323
50 334 382
327 365 382
0 10 125
334 350 435
276 323 330
50 78 199
46 103 324
199 230 404
154 292 363
39 59 201
163 274 444
133 144 146
141 274 384
255 386 388
248 270 418
66 270 418
86 124 248
248 277 418
36 56 440
83 167 235
274 384 386
155 290 359
75 193 212
112 168 220
8 129 436
61 136 399
48 85 171
25 168 220
112 168 278
253 360 364
90 202 332
142 284 332
90 202 217
149 202 372
12 13 433
13 372 433
13 206 372
84 216 217
137 148 158
6 22 260
60 98 397
246 305 336
60 88 376
54 231 437
60 376 397
120 231 275
231 233 275
233 351 379
233 275 351
284 351 379
54 158 181
54 174 231
137 148 317
54 158 437
49 161 259
148 259 317
54 174 348
109 207 303
8 174 288
14 109 420
14 109 207
45 156 333
49 247 303
49 259 420
45 333 428
108 225 346
45 161 428
2 345 389
2 156 333
52 306 389
312 417 447
317 346 398
89 126 403
126 204 403
204 346 403
89 126 246
126 246 385
106 237 421
126 204 385
52 312 447
114 306 389
40 133 166
1 222 448
122 222 448
122 179 306
203 393 434
63 205 244
18 205 326
63 205 213
24 215 401
31 237 421
22 260 361
214 320 409
53 394 442
72 218 421
95 214 409
72 218 249
218 249 320
214 291 320
26 121 409
218 320 409
240 340 409
26 240 409
98 252 397
98 208 252
119 340 409
73 208 340
43 314 406
73 81 186
186 243 314
186 314 406
73 186 243
226 243 314
81 186 406
236 245 279
279 353 383
184 293 341
184 251 423
184 293 423
70 72 93
236 293 423
70 72 442
76 236 293
72 93 249
21 70 442
184 341 378
58 70 93
21 58 70
76 293 341
21 394 442
44 344 434
197 354 371
268 354 371
113 272 329
190 318 413
318 413 414
190 268 354
190 268 318
164 268 443
58 426 443
164 426 443
239 251 427
164 318 352
4 239 352
116 356 414
4 352 356
116 227 356
4 227 356
192 227 280
192 280 366
87 227 280
74 162 273
38 366 408
74 115 159
87 177 408
273 335 408
74 177 408
38 335 408
7 127 162
7 273 335
20 162 283
20 113 319
20 113 362
113 272 362
113 319 329
162 196 283
140 178 329
74 273 408
115 159 413
116 159 413
74 107 159
107 116 159
115 178 329
187 272 362
182 285 449
20 127 162
140 272 329
123 140 272
37 118 412
37 77 254
38 127 335
29 127 254
20 77 362
77 127 254
20 77 127
37 187 362
37 77 362
35 187 412
37 187 412
29 32 180
28 182 432
266 315 369
35 285 410
35 410 412
35 100 431
28 373 432
182 285 297
28 182 369
373 392 432
34 396 440
277 405 441
297 392 422
111 422 431
200 229 431
35 111 285
35 111 431
343 344 393
102 200 229
100 229 256
44 344 445
197 256 445
343 393 396
256 343 344
200 343 396
102 200 343
344 393 434
24 203 215
53 338 394
338 394 401
215 394 401
18 24 396
18 213 396
79 143 407
34 138 213
34 213 396
34 79 138
34 128 440
83 138 213
34 79 128
63 83 213
83 143 235
79 83 138
145 147 166
63 83 167
40 166 167
133 146 166
146 166 228
145 166 228
65 141 274
11 141 384
97 223 255
65 281 286
65 141 286
66 286 418
261 277 419
281 286 418
41 302 435
86 94 363
94 267 446
405 440 441
36 56 277
277 419 441
147 261 419
145 147 261
143 419 441
79 83 143
128 407 440
79 128 407
56 405 440
56 277 405
182 297 432
297 392 432
337 368 411
92 337 368
33 92 210
23 28 325
33 165 210
29 33 337
29 127 287
29 180 254
32 165 210
82 242 411
33 92 337
118 210 266
23 92 210
29 82 337
185 242 400
29 82 400
82 242 400
29 287 400
150 234 327
264 302 365
258 302 325
64 258 325
41 124 302
41 134 267
41 94 267
292 350 435
134 292 435
50 323 334
50 150 415
150 189 415
135 150 234
3 327 365
3 234 327
3 198 365
185 191 309
3 198 309
287 311 400
105 287 381
175 342 391
191 311 342
287 295 381
357 380 415
105 380 381
295 308 357
132 308 357
5 9 199
5 132 211
55 78 415
9 78 199
9 55 78
211 310 387
5 199 310
5 211 310
298 308 360
132 211 308
221 298 387
71 221 298
221 310 387
211 298 387
19 298 364
71 221 310
71 230 404
199 323 404
71 230 310
199 230 310
46 276 296
71 276 404
10 324 330
154 255 363
154 292 350
10 125 154
46 276 330
0 10 324
0 375 377
0 110 170
0 125 375
110 117 151
0 110 151
46 324 330
19 117 169
46 103 296
170 301 377
0 170 377
104 241 265
42 301 328
168 307 438
42 269 328
51 62 301
19 296 298
298 360 364
51 62 232
19 51 301
19 51 364
253 289 425
193 241 430
27 282 331
27 30 75
30 75 193
172 278 307
168 278 307
176 331 438
27 30 232
15 416 438
62 301 328
27 331 416
62 232 304
27 282 304
42 301 377
59 269 328
59 97 201
39 59 328
163 201 219
47 439 444
144 263 439
163 219 444
65 439 444
40 133 347
147 166 235
166 167 235
57 171 347
171 263 347
144 263 347
65 144 439
85 171 263
355 358 390
114 316 402
48 85 395
25 168 339
263 313 355
331 416 438
282 331 358
331 358 390
168 176 339
168 176 438
25 220 424
69 80 299
188 333 345
80 370 424
80 220 424
25 194 424
25 194 395
16 183 370
91 333 374
183 188 345
69 195 349
61 399 436
101 299 436
8 155 290
61 262 436
17 224 262
299 399 436
17 61 136
80 136 299
136 299 399
17 61 262
262 322 436
257 262 322
129 322 436
224 257 300
131 173 322
131 238 367
67 68 265
238 289 294
112 172 220
112 172 278
15 307 438
104 193 241
68 96 104
68 104 265
67 68 300
238 294 367
30 193 430
130 152 241
152 364 430
152 241 430
152 253 364
139 253 425
67 130 294
67 294 367
129 173 322
253 289 360
203 429 434
251 423 427
125 223 269
125 223 255
123 187 209
122 402 448
9 55 132
118 266 315
49 109 303
87 116 227
31 53 442
106 121 409
106 121 260
101 349 374
11 384 386
35 100 187
100 123 209
96 104 193
164 352 426
44 429 434
73 95 119
48 183 345
94 134 292
69 299 349
93 249 291
76 93 291
120 129 142
66 270 388
285 297 422
88 158 437
51 232 430
153 201 219
172 220 224
85 263 355
13 99 208
51 364 430
84 271 379
315 369 449
123 187 272
16 69 195
178 190 197
40 63 244
74 87 177
74 87 107
19 117 170
157 228 261
73 81 95
68 96 172
68 172 300
67 257 300
0 151 324
257 322 367
67 241 265
64 258 264
280 366 408
100 123 256
87 107 116
39 282 304
60 98 208
65 157 228
67 130 241
12 60 84
59 223 269
129 131 173
92 325 368
86 248 270
23 266 369
58 341 378
57 345 389
172 212 307
55 132 357
11 386 388
130 139 152
160 250 277
103 117 169
16 91 195
3 135 234
87 280 408
19 103 169
65 157 281
67 257 367
8 120 174
17 220 224
290 359 428
57 171 345
216 217 271
225 385 417
16 183 188
135 150 189
143 235 419
22 179 312
89 252 305
137 376 397
160 250 373
39 153 282
36 200 440
201 274 386
16 69 370
84 379 437
142 149 202
174 288 348
23 28 369
74 162 196
160 248 277
246 336 385
55 357 415
2 52 156
26 240 305
3 135 391
28 302 373
1 222 338
101 155 374
58 378 426
16 91 188
172 224 300
71 276 298
1 205 244
40 57 347
58 76 341
6 237 338
2 52 389
58 76 93
1 326 338
59 97 223
23 92 325
204 346 385
137 397 403
22 312 417
206 226 372
36 250 277
148 259 348
41 94 124
10 154 330
22 179 222
12 13 208
202 217 433
44 394 429
13 206 243
6 222 338
276 296 298
6 22 222
105 175 287
12 60 208
118 180 254
140 197 256
60 84 88
8 120 129
22 361 417
95 214 245
89 246 305
31 72 442
37 118 254
120 142 284
3 309 391
5 9 132
43 95 245
66 141 286
39 304 328
19 170 301
26 305 336
47 263 313
43 245 279
13 99 243
52 306 312
125 154 255
85 355 390
321 371 443
24 326 401
175 189 380
198 264 411
139 294 425
86 94 124
23 210 266
120 275 284
90 217 271
102 229 343
73 99 208
43 81 95
48 183 370
295 357 380
185 242 411
88 158 376
36 200 250
53 237 338
27 212 416
129 238 289
28 302 325
118 315 412
17 80 136
94 292 363
100 187 209
73 99 243
302 365 382
11 66 388
32 33 165
39 153 201
271 284 332
18 24 326
106 409 421
121 336 385
129 131 238
259 348 420
48 171 345
45 156 447
15 307 416
19 103 296
96 193 212
43 81 406
86 270 363
269 375 377
129 289 360
96 172 212
47 263 439
313 355 358
84 88 437
91 195 374
49 109 420
318 356 414
27 75 212
137 346 403
236 423 427
11 66 141
21 58 443
323 330 334
201 255 386
29 32 33
252 305 340
197 321 371
139 152 253
130 139 294
184 251 378
8 101 155
155 359 374
123 140 256
179 306 312
135 189 391
142 202 332
143 407 440
143 440 441
144 146 228
195 349 374
65 144 228
121 260 385
103 151 324
302 382 435
47 153 444
153 219 444
160 302 373
124 160 302
161 247 428
49 161 247
84 216 271
175 287 311
105 175 380
85 176 390
154 330 350
176 331 390
40 63 167
122 179 222
64 264 411
32 180 210
259 317 398
225 346 447
40 244 402
185 311 400
255 270 388
185 191 311
185 198 411
207 290 303
197 321 445
48 370 424
97 201 255
137 317 346
163 201 274
161 259 398
40 57 402
145 228 261
57 389 402
288 348 420
85 339 395
103 117 151
214 245 291
108 225 385
226 353 383
192 227 366
289 294 425
45 398 447
4 227 366
229 256 343
239 352 378
30 232 430
131 322 367
118 180 210
147 235 419
236 353 427
6 237 260
106 237 260
101 299 349
244 402 448
250 373 392
200 250 422
250 392 422
352 378 426
239 251 378
208 252 340
252 397 403
140 178 197
255 270 363
25 339 395
260 361 385
42 269 377
90 271 332
94 134 446
275 284 351
111 285 422
194 395 424
247 290 428
226 314 383
295 380 381
89 252 403
62 304 328
212 307 416
153 313 358
247 290 303
309 342 391
125 269 375
122 316 402
202 372 433
318 352 356
321 394 445
21 321 394
21 321 443
17 80 220
330 334 350
333 359 374
333 359 428
1 205 326
153 282 358
108 346 385
346 398 447
182 369 449
43 279 383
268 371 443
43 314 383
74 115 196
124 160 248
114 389 402
215 394 429
226 353 372
48 395 424
236 279 353
315 412 449
8 101 436
410 412 449
