20 283 319
52 179 312
117 170 301
12 13 99
200 396 440
261 281 418
108 225 417
276 323 404
231 233 437
14 288 420
361 385 417
12 217 433
236 251 427
184 239 251
6 53 237
203 215 429
249 291 320
261 277 418
47 153 313
94 363 446
27 232 304
48 194 395
110 117 170
69 80 370
224 257 262
233 379 437
52 156 447
148 158 181
174 348 420
45 161 398
148 181 348
89 397 403
137 158 376
133 144 347
114 122 316
157 261 281
6 121 260
26 121 336
218 409 421
121 246 336
149 353 372
84 216 379
95 119 409
240 305 340
149 353 427
13 99 206
76 249 291
76 236 291
116 413 414
7 127 335
7 162 273
185 198 309
100 229 431
118 266 412
115 196 329
266 315 412
123 140 197
160 373 392
36 250 440
200 250 440
205 244 326
21 321 445
31 53 237
1 244 326
122 316 448
1 244 448
18 205 213
175 311 342
64 325 368
302 325 373
23 92 368
285 410 449
191 309 342
64 198 411
198 264 365
64 368 411
105 287 311
82 337 411
357 380 381
211 298 308
5 55 132
327 365 382
0 10 125
334 350 435
276 323 330
46 103 324
199 230 404
125 223 375
154 292 363
133 144 146
141 274 384
255 386 388
248 270 418
66 270 418
86 124 248
407 440 441
36 56 440
83 167 235
11 384 388
40 167 244
145 157 228
155 290 359
75 193 212
112 168 220
8 129 436
61 136 399
39 153 304
112 168 278
172 220 300
19 169 296
253 360 364
90 202 332
142 284 332
174 288 420
90 202 217
149 202 372
12 13 433
216 271 379
137 148 158
88 376 437
6 22 260
60 98 397
246 305 336
60 88 376
54 231 437
158 376 437
60 376 397
231 233 275
233 351 379
233 275 351
54 158 181
54 174 231
137 148 317
54 158 437
49 161 259
148 259 317
109 207 303
8 174 288
14 109 420
14 109 207
49 247 428
45 156 333
49 161 428
207 247 303
49 247 303
49 259 420
2 345 389
2 156 333
52 306 389
171 345 389
225 398 447
108 385 417
108 204 346
317 346 398
89 126 403
126 204 403
204 346 403
89 126 246
108 204 385
126 246 385
106 237 421
22 122 179
121 246 385
312 361 417
121 361 385
126 204 385
52 179 306
52 312 447
114 306 389
22 122 222
57 114 402
57 347 402
203 393 434
63 205 244
40 402 448
18 205 326
63 205 213
24 215 401
31 237 421
6 106 121
6 106 237
121 260 361
22 260 361
214 320 409
53 394 442
236 251 423
72 218 421
95 214 409
72 218 249
76 93 341
218 249 320
214 291 320
26 121 409
218 320 409
240 340 409
26 240 409
12 99 208
119 340 409
43 95 406
43 314 406
186 314 406
81 95 406
43 95 214
279 353 383
184 251 423
184 293 423
184 239 378
239 378 426
236 293 423
76 236 293
72 93 249
58 93 341
76 93 249
21 70 442
58 70 93
21 58 70
76 293 341
21 394 442
21 321 371
44 344 434
321 371 445
197 354 371
268 354 371
140 178 190
318 413 414
190 268 354
190 268 318
58 426 443
239 251 427
164 239 352
4 239 352
4 352 356
4 227 356
192 227 280
192 280 366
4 192 227
87 227 280
4 192 366
38 366 408
74 115 159
87 177 408
74 107 177
87 107 177
74 177 408
38 335 408
7 127 162
7 273 335
20 162 283
20 113 319
20 113 362
113 272 362
162 196 283
115 162 196
115 159 413
116 159 413
74 107 159
107 116 159
187 272 362
123 197 256
182 285 449
35 187 209
20 127 162
35 100 209
37 118 412
37 77 254
38 127 335
29 127 254
77 127 254
37 187 362
37 77 362
28 210 369
29 32 180
210 266 369
32 118 210
23 28 210
28 182 432
266 315 369
35 100 431
28 373 432
182 285 297
28 182 369
160 250 392
34 396 440
277 405 441
35 111 285
35 111 431
200 250 392
343 344 393
102 229 256
100 229 256
343 393 396
200 343 396
102 200 343
344 393 434
24 203 215
63 167 244
34 79 138
83 138 213
63 83 213
79 83 138
145 147 166
63 83 167
143 147 235
143 147 419
133 146 166
146 166 228
145 166 228
11 141 384
97 223 255
384 386 388
11 66 270
11 270 388
66 286 418
261 277 419
281 286 418
255 363 388
41 302 435
86 94 363
270 363 388
94 267 446
405 440 441
143 407 441
277 419 441
147 261 419
143 419 441
128 407 440
79 128 407
56 405 440
182 297 432
41 86 94
337 368 411
23 325 368
92 337 368
23 28 325
33 165 210
32 118 180
29 33 337
29 127 287
29 180 254
32 165 210
82 242 411
33 92 337
118 210 266
191 311 400
29 82 337
185 242 400
29 82 400
82 242 400
29 287 400
264 302 365
64 198 258
198 258 264
28 325 373
64 258 325
41 124 302
41 86 124
41 94 267
50 323 334
150 189 415
3 234 327
105 175 311
287 311 400
105 175 189
105 287 381
191 311 342
55 132 415
105 189 380
287 295 381
105 380 381
132 308 357
5 9 199
323 330 350
5 9 55
55 78 415
9 78 199
9 55 78
211 310 387
5 211 310
298 308 360
221 298 387
71 221 298
221 310 387
211 298 387
19 298 364
71 276 296
71 230 404
199 323 404
46 276 296
71 276 404
10 324 330
323 334 350
154 255 363
154 292 350
10 125 154
46 276 330
0 103 324
0 10 324
97 255 386
154 223 255
125 154 223
223 269 375
0 110 170
0 125 375
103 151 169
0 110 151
0 103 151
46 324 330
71 296 298
19 117 169
46 103 296
103 169 296
170 301 377
104 241 265
42 301 328
19 117 301
42 269 328
51 62 301
19 296 298
298 360 364
51 62 232
19 51 301
19 51 364
30 51 232
39 62 304
27 30 75
30 75 193
75 212 416
85 331 390
168 278 307
176 331 438
27 30 232
15 416 438
39 153 219
62 301 328
62 232 304
27 282 304
27 75 416
42 301 377
59 269 328
39 62 328
59 97 201
39 59 328
163 201 219
97 201 386
65 439 444
40 133 347
147 166 235
40 244 448
40 347 402
57 171 347
65 144 439
355 358 390
316 402 448
114 316 402
48 85 395
25 168 339
85 263 390
153 313 355
263 355 390
263 313 355
153 282 304
282 331 358
331 358 390
168 176 339
69 80 299
16 195 370
80 370 424
80 220 424
25 194 424
25 194 395
91 333 374
183 188 345
69 195 349
69 195 370
61 399 436
101 299 436
8 155 436
8 155 290
101 155 436
61 262 436
17 224 262
299 399 436
17 61 136
80 136 299
136 299 399
220 224 300
17 61 262
262 322 436
257 262 322
129 322 436
224 257 300
131 257 322
131 257 367
131 173 322
131 238 367
67 68 265
238 289 294
257 300 367
96 212 307
112 172 220
112 172 278
15 307 438
104 193 241
67 130 265
238 294 367
130 241 265
152 364 430
152 241 430
152 253 364
139 253 425
130 139 425
129 173 238
67 130 294
67 294 367
129 173 322
131 173 238
134 435 446
203 429 434
124 160 418
73 119 208
119 208 340
49 109 303
74 115 273
114 122 179
87 116 227
110 117 169
20 127 362
108 225 398
106 121 409
133 166 235
102 256 344
102 111 431
57 114 171
101 349 374
101 359 374
100 123 209
96 278 307
73 99 186
98 305 340
130 139 241
96 104 193
44 429 434
73 95 119
48 183 345
43 214 245
69 299 349
72 93 442
120 129 142
271 284 351
113 272 319
285 297 422
50 382 435
36 277 405
89 98 397
51 364 430
315 369 449
2 91 188
79 83 235
50 78 323
178 318 413
73 81 406
73 81 95
256 371 445
68 300 367
68 96 172
68 172 300
102 200 422
280 366 408
100 123 256
87 107 116
60 98 208
65 157 228
12 60 84
134 350 435
34 79 440
99 206 226
59 223 269
86 248 270
58 341 378
282 331 438
96 172 278
289 360 425
6 338 394
282 416 438
98 208 340
160 250 277
215 338 394
236 279 291
21 44 445
24 203 396
16 91 195
3 135 234
87 280 408
295 308 381
6 53 394
96 104 265
65 157 281
99 186 243
8 120 174
17 220 224
290 359 428
102 229 431
14 207 288
174 231 275
216 217 271
16 183 188
135 150 189
22 179 312
1 338 401
89 252 305
137 376 397
84 379 437
142 149 202
186 226 314
8 247 290
98 252 305
50 150 382
44 256 344
12 216 217
297 373 392
2 52 156
26 240 305
102 111 422
22 312 361
1 326 401
206 372 433
225 312 417
176 331 339
5 230 310
132 189 415
1 222 338
48 85 263
58 378 426
16 91 188
5 211 308
191 309 400
59 201 219
134 292 446
2 52 389
78 199 323
141 281 286
54 174 181
73 186 406
2 188 345
35 37 187
59 97 223
3 309 327
45 161 333
137 397 403
206 226 372
36 250 277
148 259 348
10 154 330
202 217 433
114 179 306
44 394 429
141 274 444
114 171 389
6 222 338
6 22 222
99 226 243
39 59 219
12 60 208
118 180 254
36 56 405
50 334 435
12 84 216
8 207 247
60 84 88
8 120 129
89 246 305
164 352 356
5 199 230
108 346 398
16 370 424
37 118 254
120 142 284
66 141 286
293 341 378
16 183 424
26 305 336
24 213 396
47 263 313
43 245 279
89 98 252
79 128 440
203 393 396
35 37 412
24 326 401
68 96 265
71 221 230
23 33 92
283 319 329
120 275 284
90 217 271
18 24 213
73 99 208
135 150 327
48 171 263
115 162 273
185 242 411
74 335 408
101 155 359
129 238 289
30 241 430
17 80 136
0 170 375
302 365 382
30 193 241
32 33 165
153 439 444
271 284 332
50 78 150
65 141 281
18 24 326
106 409 421
40 133 235
259 348 420
48 171 345
44 256 445
45 156 447
15 307 416
96 193 212
40 167 235
86 270 363
269 375 377
268 318 443
129 289 360
47 263 439
124 248 418
84 88 437
91 195 374
49 109 420
30 51 430
137 346 403
31 53 421
53 421 442
67 68 367
145 147 157
186 226 243
11 66 141
41 267 435
140 178 272
215 338 401
102 343 344
21 58 443
132 189 380
132 357 380
3 135 309
135 309 391
29 32 33
135 234 327
138 213 396
139 152 253
139 152 241
140 187 272
65 141 444
140 187 209
123 140 209
140 190 354
135 189 391
142 202 332
189 342 391
144 171 439
144 171 347
144 146 228
195 349 374
65 144 228
147 157 261
150 327 382
160 277 418
302 382 435
1 122 448
153 355 358
47 153 439
153 219 444
21 44 394
171 263 439
160 302 373
124 160 302
161 333 428
164 356 414
164 318 414
168 220 424
25 168 424
170 375 377
174 181 348
120 174 275
225 312 447
115 329 413
176 307 438
168 176 307
154 330 350
2 91 333
85 331 339
178 272 329
178 190 318
259 317 398
5 132 308
48 183 194
183 194 424
245 279 291
185 198 411
175 189 342
308 357 381
21 371 443
200 297 422
200 297 392
137 317 346
77 127 362
163 201 274
161 259 398
201 274 384
201 384 386
35 285 412
13 206 433
1 122 222
8 207 288
198 309 365
85 339 395
214 245 291
219 274 444
163 219 274
221 230 310
226 353 383
289 294 425
45 398 447
116 227 414
227 356 414
272 319 329
258 264 325
79 235 407
143 235 407
236 353 427
164 239 443
101 299 349
239 426 443
267 435 446
74 273 335
110 151 169
34 138 396
197 256 371
25 339 395
264 302 325
134 292 350
140 197 354
42 269 377
90 271 332
271 351 379
275 284 351
27 282 416
285 410 412
111 285 422
247 290 428
292 363 446
184 293 378
130 294 425
226 314 383
297 373 432
23 33 210
212 307 416
309 327 365
309 342 391
185 309 400
253 360 425
202 372 433
164 318 443
70 93 442
78 150 415
17 80 220
178 329 413
333 359 374
333 359 428
153 282 358
182 369 449
43 279 383
268 371 443
43 314 383
215 394 429
226 353 372
236 279 353
315 412 449
196 283 329
410 412 449
72 421 442
