67 86 95
17 37 112
24 48 74
60 90 104
63 70 192
65 89 180
77 88 114
11 66 85
0 7 76
15 21 108
80 124 176
17 129 155
6 14 61
50 76 198
17 80 158
12 40 75
148 157 161
0 92 102
81 126 141
8 139 187
1 35 188
79 120 163
103 119 146
179 185 197
83 97 179
13 103 119
54 94 110
78 94 110
88 93 114
43 63 192
79 120 140
64 162 186
43 114 125
7 76 175
65 71 192
77 114 125
19 71 168
53 136 137
107 117 119
11 107 119
11 66 68
11 85 119
66 72 91
4 65 72
66 85 91
85 108 111
89 180 184
115 184 196
50 76 92
0 7 131
40 158 171
87 134 173
61 144 155
32 124 131
130 142 178
98 101 166
14 61 155
61 90 104
61 90 144
25 27 34
34 61 104
27 34 104
6 34 61
27 60 104
24 25 27
39 60 160
17 144 155
17 37 144
90 122 144
37 122 144
37 39 122
9 129 155
9 26 128
9 80 176
124 131 156
17 112 158
112 158 160
48 60 160
40 48 75
12 16 40
12 16 169
79 140 169
140 148 161
29 79 169
59 64 141
64 141 195
12 29 169
36 126 193
64 133 162
29 141 195
59 126 141
29 81 141
25 49 174
36 49 174
56 81 126
36 139 193
8 139 193
8 153 187
45 59 186
8 22 186
42 163 195
59 64 186
64 133 195
10 22 100
10 22 162
95 121 183
10 100 185
22 162 186
153 164 187
73 83 179
18 97 113
18 164 187
97 146 147
83 97 147
97 113 146
73 83 86
67 84 197
84 185 197
121 133 162
67 73 86
83 110 147
62 78 103
28 78 103
62 103 146
28 145 149
13 135 149
62 78 110
77 78 94
1 77 125
33 35 106
1 181 183
42 106 181
42 133 195
42 120 163
33 161 199
63 165 199
50 92 161
177 180 196
65 177 180
65 167 177
2 159 167
43 116 188
20 88 135
43 44 192
3 20 44
3 44 192
20 44 88
44 88 93
88 135 149
13 99 135
13 99 172
99 135 137
20 135 137
3 136 192
99 136 137
3 53 136
4 65 71
19 107 117
19 168 172
13 117 119
55 72 89
65 72 89
11 68 107
19 68 107
55 184 190
55 72 91
55 91 190
55 89 184
180 184 196
21 85 91
21 91 190
15 58 108
21 189 190
51 58 189
15 21 189
15 58 189
115 152 170
51 115 184
98 132 143
47 115 170
47 152 170
51 57 58
143 152 191
21 85 108
82 166 191
111 127 138
47 57 191
96 108 111
31 82 127
52 118 151
82 151 166
143 166 191
143 152 159
47 152 191
57 82 191
98 132 175
132 143 198
98 143 166
0 76 92
0 102 131
102 131 156
105 173 194
7 109 175
130 178 194
69 123 173
32 69 124
87 128 150
123 134 173
9 150 176
9 128 150
87 128 154
23 46 142
46 142 178
52 130 194
23 118 142
118 138 151
30 138 182
30 111 138
5 30 111
5 30 182
5 38 182
46 154 178
8 186 193
45 186 193
51 184 189
184 189 190
136 168 192
71 168 192
10 162 185
159 177 196
153 164 179
101 151 194
16 148 171
148 157 171
56 126 174
123 134 176
52 118 130
118 130 142
33 116 199
115 159 196
115 152 159
105 109 194
41 102 171
100 179 185
100 153 179
98 109 175
87 173 194
86 95 183
54 86 110
36 126 174
86 94 183
54 86 94
84 162 185
84 121 162
82 138 151
82 127 138
42 121 181
77 78 145
77 88 149
76 132 175
76 132 198
101 109 194
43 125 188
70 143 159
29 56 74
19 68 71
25 56 174
4 68 71
24 25 56
13 19 117
116 165 199
101 151 166
23 38 182
16 40 171
120 140 161
102 157 161
67 95 121
8 22 153
3 20 137
42 121 133
27 48 60
26 38 46
23 138 182
40 48 160
99 136 168
18 97 179
3 53 137
16 140 148
26 46 128
22 100 153
24 56 74
6 36 139
1 35 106
16 140 169
6 36 49
2 65 167
28 78 145
6 25 34
159 167 177
43 116 165
102 157 171
13 19 172
87 150 176
48 74 75
12 74 75
2 70 159
154 178 194
12 29 74
43 44 114
1 106 181
31 111 127
80 124 156
1 94 183
87 134 176
92 102 161
1 125 188
63 70 198
13 28 103
6 25 49
7 32 109
2 65 192
13 28 149
18 164 179
41 80 156
52 151 194
59 126 193
77 145 149
1 77 94
9 17 80
23 38 46
2 70 192
23 118 138
29 56 81
29 163 195
83 86 110
29 79 163
31 57 82
7 32 131
31 57 96
31 96 111
33 42 120
46 128 154
32 105 173
32 69 173
98 101 109
69 124 176
33 42 106
35 116 188
33 35 116
47 57 115
37 39 160
37 112 160
40 158 160
121 181 183
32 105 109
9 17 129
41 158 171
43 63 165
44 93 114
67 73 197
39 60 122
69 123 176
110 146 147
50 161 199
50 63 199
87 154 194
73 179 197
33 120 161
50 63 198
57 58 108
57 96 108
99 168 172
51 57 115
62 110 146
41 80 158
45 59 193
67 84 121
41 102 156
60 90 122
70 143 198
24 27 48
66 68 72
4 68 72
