67 86 95
17 37 112
24 48 74
60 90 104
124 156 158
42 181 183
63 161 199
40 157 171
31 96 127
0 7 76
15 21 108
80 124 176
17 129 155
6 14 61
29 48 75
17 80 158
12 40 75
148 157 161
0 92 102
33 140 161
79 163 195
39 90 122
12 29 75
8 139 187
79 120 163
103 119 146
179 185 197
83 97 179
13 103 119
62 146 147
54 94 110
78 94 110
54 94 183
77 94 183
88 93 114
1 77 183
43 63 192
4 19 71
43 114 125
7 76 175
77 114 125
19 71 168
53 136 137
107 117 119
19 117 172
11 85 119
4 66 68
4 65 72
66 85 91
85 108 111
89 180 184
43 44 93
0 7 131
40 158 171
87 134 173
61 144 155
32 124 131
130 142 178
98 101 166
14 61 155
61 90 104
25 27 34
34 61 104
27 34 104
6 34 61
24 48 60
56 74 174
27 60 104
24 25 27
39 60 160
24 27 60
17 144 155
17 37 144
37 122 144
39 60 90
37 39 122
9 129 155
9 26 128
80 124 158
41 157 171
124 131 156
17 112 158
112 158 160
48 60 160
29 48 74
40 48 75
16 40 157
12 16 40
29 74 81
16 148 157
12 16 169
41 156 157
79 140 169
140 148 161
29 79 169
59 64 141
12 29 169
29 79 195
36 126 193
64 133 162
29 81 141
56 74 81
6 34 49
36 49 174
56 81 126
36 139 193
8 139 193
8 153 187
8 22 186
64 133 195
10 22 100
10 22 162
95 121 183
10 100 185
22 162 186
8 22 100
153 164 187
8 100 153
67 179 197
164 179 185
73 83 179
18 97 113
54 83 110
83 97 147
67 73 179
73 83 86
67 84 197
84 185 197
67 84 95
121 133 162
84 95 121
54 83 86
67 73 86
62 110 147
83 110 147
62 78 103
28 78 103
62 103 146
28 145 149
13 135 149
28 77 145
62 78 110
1 77 125
35 106 181
1 43 125
33 35 106
42 106 120
1 35 181
1 181 183
42 106 181
33 106 120
42 120 163
33 161 199
63 165 199
58 96 108
50 63 161
50 92 161
82 127 151
70 159 198
177 180 196
65 167 177
2 159 167
2 167 192
43 116 188
20 88 135
43 44 192
3 44 192
43 93 114
88 135 149
99 136 172
13 99 135
20 53 137
3 20 53
99 135 137
20 135 137
3 136 192
99 136 137
3 53 136
4 66 72
4 65 71
4 19 68
19 107 117
13 117 119
65 72 89
19 68 107
55 184 190
55 89 184
21 189 190
51 58 189
15 21 189
51 189 190
115 152 170
98 132 143
47 115 170
132 175 198
57 58 96
51 57 58
96 111 127
82 166 191
111 127 138
47 57 191
96 108 111
31 82 127
101 109 175
52 118 151
127 138 151
82 151 166
57 82 191
98 132 175
132 143 198
98 143 166
76 175 198
0 102 131
102 156 157
102 131 156
105 173 194
32 105 131
7 105 131
69 123 124
7 109 175
7 105 109
98 101 175
32 69 105
87 134 150
130 178 194
32 69 124
87 128 150
123 134 173
9 150 176
134 150 176
9 128 150
87 128 154
26 128 154
26 46 154
52 130 194
23 118 142
118 138 151
30 111 138
5 30 111
5 38 182
46 154 178
8 186 193
45 186 193
47 170 191
136 168 192
71 168 192
10 162 185
159 177 196
100 153 185
153 164 185
143 152 166
152 166 191
152 170 191
101 151 194
56 126 174
123 134 176
52 118 130
118 130 142
33 116 199
51 115 190
115 184 190
115 180 184
115 180 196
115 159 196
115 152 159
113 146 147
123 124 176
105 109 194
164 179 187
15 108 189
105 123 173
99 117 172
13 99 117
89 177 180
87 173 194
86 95 183
54 86 183
36 126 174
84 162 185
84 121 162
65 89 177
101 109 194
71 167 192
70 76 198
24 25 174
23 46 178
116 165 199
42 121 183
101 151 166
23 38 182
152 159 198
102 157 161
42 121 133
26 38 46
23 138 182
40 48 160
21 55 91
18 179 187
21 55 190
19 136 168
18 97 179
17 80 176
28 77 94
21 91 108
16 140 148
143 152 198
0 50 76
66 68 85
2 63 70
6 36 139
16 140 169
61 122 144
69 105 123
6 36 49
77 114 149
55 66 89
3 44 93
24 74 174
133 163 195
159 167 177
43 116 165
2 70 159
154 178 194
88 114 149
5 138 182
5 30 138
34 49 174
58 108 189
92 102 161
9 17 176
13 28 103
68 107 119
3 88 93
3 20 88
13 28 149
52 151 194
28 78 94
59 126 193
2 63 192
23 142 178
42 133 163
66 72 89
77 145 149
19 136 172
1 35 43
23 38 46
55 66 91
33 79 120
29 64 141
23 118 138
29 64 195
50 63 76
31 57 82
31 57 96
33 79 140
35 43 188
35 116 188
65 71 167
33 35 116
47 57 115
45 59 64
37 39 160
37 112 160
85 91 108
40 158 160
63 70 76
41 156 158
9 17 129
41 158 171
43 63 165
45 162 186
45 64 162
0 50 92
61 90 122
87 154 194
25 34 174
59 81 126
51 57 115
59 81 141
45 59 193
97 113 147
11 68 85
11 68 119
