67 86 95
17 37 112
24 48 74
60 90 104
63 70 192
42 181 183
28 77 78
15 21 108
17 129 155
9 80 129
12 40 75
148 157 161
0 92 102
33 140 161
39 90 122
8 139 187
100 153 164
79 120 163
100 164 185
103 119 146
179 185 197
83 97 179
13 103 119
54 94 110
78 94 110
54 94 183
88 93 114
43 63 192
64 162 186
4 19 71
43 114 125
7 76 175
65 71 192
77 114 125
19 71 168
11 85 119
66 72 91
4 66 68
4 65 72
66 85 91
89 180 184
65 167 192
152 159 196
2 159 192
43 44 93
50 76 92
40 158 171
61 144 155
167 177 196
130 142 178
98 101 166
14 61 155
61 90 144
39 112 160
27 34 104
56 74 174
27 60 104
39 60 160
17 144 155
17 37 144
90 122 144
37 122 144
39 60 90
9 129 155
9 26 128
41 157 171
9 80 176
17 112 158
112 158 160
48 60 160
40 48 75
12 16 40
41 156 157
33 116 188
79 140 169
140 148 161
29 79 169
59 64 141
36 126 193
64 133 162
45 59 126
56 74 81
6 49 139
36 49 139
6 34 49
36 49 174
56 81 126
45 126 193
36 139 193
8 139 193
8 22 186
64 133 195
10 22 100
95 121 183
121 133 183
10 100 185
8 22 100
8 100 153
67 179 197
164 179 185
73 83 179
18 97 113
54 83 110
83 97 147
97 113 146
67 73 179
73 83 86
67 84 197
54 86 95
84 121 185
84 185 197
54 95 183
121 133 162
54 83 86
67 73 86
83 110 147
62 78 103
28 78 103
62 103 146
28 145 149
13 135 149
28 77 145
77 78 94
1 77 125
35 106 181
1 43 125
33 35 106
1 35 181
1 181 183
42 133 183
42 106 181
33 35 188
42 120 163
33 161 199
43 63 116
63 116 165
63 165 199
70 159 192
177 180 196
65 167 177
2 167 192
43 116 188
20 88 135
43 44 192
3 44 192
43 93 114
44 88 93
88 135 149
13 99 135
20 53 137
13 99 172
3 20 53
99 135 137
20 135 137
3 136 192
3 53 136
71 136 192
4 66 72
4 65 71
4 19 68
71 136 168
19 107 117
19 168 172
13 117 119
65 72 89
11 68 107
19 68 107
55 184 190
55 91 190
55 89 184
21 85 91
21 91 190
51 58 189
51 115 184
47 115 170
132 175 198
51 57 58
82 166 191
111 127 138
47 57 191
96 108 111
31 82 127
101 109 175
82 151 166
143 152 159
57 82 191
98 132 175
132 143 198
101 105 109
76 175 198
92 102 157
0 76 92
0 102 131
102 156 157
102 131 156
105 173 194
69 123 124
7 109 175
98 101 175
101 105 194
32 69 105
130 178 194
123 124 134
69 105 173
69 123 173
32 69 124
87 128 150
123 134 173
9 150 176
173 178 194
9 128 150
87 128 154
154 173 178
23 46 182
52 130 194
52 130 142
118 138 151
30 111 138
5 30 111
5 38 182
46 154 178
8 186 193
45 186 193
51 184 189
184 189 190
115 170 196
47 170 191
152 166 170
10 162 185
143 152 166
101 151 194
16 148 171
148 157 171
87 134 154
80 129 158
17 129 158
56 126 174
33 116 199
134 154 173
115 180 184
115 180 196
77 114 145
39 112 122
164 179 187
7 109 131
15 108 189
114 145 149
89 177 180
72 89 91
36 126 174
118 142 151
82 138 151
82 127 138
80 124 134
62 78 147
78 110 147
65 89 177
0 76 131
7 76 131
29 74 141
74 81 141
70 143 159
70 76 198
32 124 156
118 138 142
24 25 174
24 25 34
23 46 178
13 19 117
116 165 199
101 151 166
16 40 171
67 95 121
52 142 151
21 108 111
16 29 169
27 48 60
26 38 46
23 138 182
40 48 160
18 179 187
99 136 168
62 97 146
18 97 179
152 170 196
16 140 148
34 61 90
26 46 128
6 14 34
14 34 61
66 68 85
38 46 182
15 189 190
3 44 88
132 143 166
16 140 169
8 153 164
24 27 34
10 162 186
23 138 142
2 159 196
24 74 174
133 163 195
8 164 187
13 19 172
87 150 176
48 74 75
12 74 75
12 29 74
31 111 127
88 114 149
5 138 182
80 124 156
1 94 183
5 30 138
87 134 176
34 49 174
58 108 189
12 16 29
11 107 117
13 28 103
3 20 88
32 131 156
13 28 149
52 151 194
23 142 178
42 133 163
1 77 94
1 35 43
37 112 122
33 79 120
10 22 186
80 156 158
11 117 119
29 64 141
29 64 195
29 163 195
50 63 76
29 79 163
2 167 196
31 57 82
31 57 96
31 96 111
33 42 120
46 128 154
32 109 131
53 99 136
33 42 106
33 79 140
34 90 104
35 43 188
166 170 191
55 89 91
47 57 115
45 59 64
40 158 160
63 70 76
32 105 109
41 156 158
15 21 190
41 158 171
45 64 186
80 134 176
50 157 161
121 162 185
21 85 111
50 92 157
50 161 199
50 63 199
25 34 174
59 81 126
57 58 108
98 132 166
57 96 108
99 168 172
53 99 137
51 57 115
59 81 141
67 84 121
62 97 147
70 143 198
24 27 48
11 68 85
