67 86 95
17 37 112
24 48 74
60 90 104
124 156 158
63 70 192
13 103 149
63 161 199
65 89 180
77 88 114
31 96 127
0 7 76
15 21 108
80 124 176
17 129 155
6 14 61
9 80 129
12 40 75
148 157 161
0 92 102
33 140 161
79 163 195
39 90 122
81 126 141
8 139 187
1 35 188
79 120 163
103 119 146
179 185 197
83 97 179
13 103 119
62 146 147
77 94 183
88 93 114
43 63 192
64 162 186
43 114 125
7 76 175
65 71 192
77 114 125
19 71 168
11 85 119
4 65 72
66 85 91
89 180 184
65 167 192
115 184 196
2 159 192
0 7 131
40 158 171
167 177 196
130 142 178
98 101 166
27 34 104
6 34 61
56 74 174
27 60 104
39 60 160
156 158 171
37 122 144
39 60 90
37 39 122
9 129 155
17 80 129
9 26 128
80 124 158
9 80 176
112 158 160
48 158 160
48 60 160
12 16 40
16 148 157
12 16 169
41 156 171
79 140 169
140 148 161
140 148 169
16 148 169
59 64 141
64 141 195
29 79 195
36 126 193
64 133 162
29 141 195
59 126 141
29 81 141
6 34 49
36 49 174
56 81 126
36 139 193
8 139 193
45 59 186
8 22 186
59 64 186
64 133 195
10 22 162
95 121 183
22 162 186
8 22 100
8 100 153
67 179 197
73 83 179
18 97 113
54 83 110
83 97 147
67 73 179
67 84 197
54 86 95
84 121 185
84 185 197
121 133 162
67 73 86
62 110 147
83 110 147
62 78 103
28 78 103
62 103 146
28 103 149
28 145 149
13 135 149
28 77 145
35 106 181
33 35 106
1 35 181
1 181 183
42 106 181
42 120 163
33 161 199
63 165 199
58 96 108
50 63 161
82 127 151
70 159 192
70 159 198
177 180 196
65 177 180
65 167 177
2 167 192
43 116 188
20 88 135
43 44 192
3 44 192
44 88 93
88 135 149
13 99 135
20 53 137
13 99 172
3 20 53
99 135 137
20 135 137
3 136 192
3 53 136
71 136 192
4 65 71
71 136 168
19 107 117
19 168 172
13 117 119
55 72 89
65 72 89
11 68 107
19 68 107
55 184 190
51 184 190
55 91 190
55 89 184
180 184 196
21 85 91
21 91 190
15 58 108
51 189 190
115 152 170
51 115 184
98 132 143
47 115 170
57 58 96
51 57 58
143 152 191
96 111 127
57 82 96
82 166 191
111 127 138
47 57 191
96 108 111
31 82 127
101 109 175
52 118 151
127 138 151
82 151 166
31 82 96
143 166 191
143 152 159
57 82 191
98 132 175
98 143 166
92 102 157
0 102 131
102 131 156
124 134 176
105 173 194
32 105 131
69 123 124
7 109 175
98 101 175
32 69 105
130 178 194
123 124 134
32 69 124
123 134 173
9 150 176
134 150 176
173 178 194
9 128 150
87 128 154
154 173 178
23 46 142
23 46 182
46 142 178
52 130 194
52 151 166
118 138 151
30 111 138
5 30 111
26 38 182
5 38 182
46 154 178
26 46 182
8 186 193
45 186 193
47 170 191
52 166 194
10 162 185
100 153 185
153 164 179
152 170 191
87 134 154
56 126 174
77 125 183
1 125 183
52 118 130
118 130 142
33 116 199
134 154 173
115 159 196
115 152 159
113 146 147
105 109 194
164 179 187
7 109 131
105 109 131
105 123 173
41 102 171
94 95 183
36 126 174
128 134 150
17 80 112
42 121 181
77 88 149
76 132 175
76 132 198
101 109 194
43 125 188
80 112 158
29 56 74
32 124 156
118 138 142
19 68 71
24 25 174
4 68 71
15 51 189
24 25 34
13 19 117
116 165 199
16 40 171
67 95 121
22 100 185
42 121 133
21 108 111
27 48 60
23 138 182
18 179 187
48 75 158
99 136 168
18 97 179
54 62 78
16 157 171
28 77 94
15 51 58
14 144 155
63 76 198
14 61 144
34 61 90
26 46 128
0 50 76
37 144 155
66 68 85
15 189 190
3 44 88
6 36 139
55 66 72
61 122 144
69 105 123
6 36 49
101 166 194
8 153 164
24 27 34
23 138 142
2 159 196
24 74 174
133 163 195
132 159 198
8 164 187
43 116 165
102 157 171
13 19 172
40 75 158
48 74 75
12 74 75
12 29 74
43 44 114
12 79 169
5 138 182
54 73 83
5 30 138
34 49 174
54 78 94
1 125 188
63 70 198
11 107 117
3 20 88
32 131 156
28 78 94
59 126 193
42 133 163
77 145 149
10 22 185
55 66 91
87 128 134
12 29 79
33 79 120
11 117 119
29 56 81
50 63 76
54 94 95
2 167 196
33 42 120
46 128 154
53 99 136
33 42 106
33 79 140
34 90 104
35 116 188
33 35 116
47 57 115
17 37 155
37 39 160
37 112 160
121 181 183
132 143 159
15 21 190
43 63 165
44 93 114
50 157 161
121 162 185
0 50 92
153 179 185
21 85 111
50 92 157
61 90 122
25 34 174
54 62 110
54 73 86
99 168 172
53 99 137
51 57 115
45 59 193
97 113 147
67 84 121
41 102 156
24 27 48
66 68 72
4 68 72
11 68 85
