73 186 199
163 176 292
38 48 289
32 135 258
20 269 281
55 151 296
162 169 232
88 152 209
104 159 242
171 186 218
3 263 293
207 266 287
26 238 285
19 131 140
123 207 225
37 170 224
204 206 220
38 176 289
27 34 228
40 175 291
10 100 229
148 207 225
6 166 284
6 45 251
100 229 277
28 229 277
10 100 254
100 166 284
200 266 287
180 216 287
180 200 287
64 71 233
6 191 217
113 190 275
219 236 239
50 96 130
50 113 147
83 96 130
203 281 290
13 128 169
56 63 257
57 139 285
5 232 265
20 206 220
83 130 273
128 169 274
0 181 248
23 131 227
106 150 188
0 127 181
27 170 289
9 92 256
86 172 202
172 198 295
95 241 285
11 14 109
97 139 195
43 213 250
187 198 295
79 246 264
158 164 192
246 253 267
35 136 261
52 246 267
52 164 192
33 40 112
132 176 211
31 256 271
37 117 205
235 271 283
47 66 179
28 231 277
69 152 209
28 59 231
82 88 209
135 157 165
32 135 149
8 134 244
7 35 272
33 108 112
15 149 160
191 242 276
73 242 255
6 45 217
104 191 242
104 191 217
129 133 159
104 125 159
193 219 236
129 159 242
87 129 133
87 133 219
73 124 129
61 193 236
61 193 233
39 110 260
42 64 71
104 125 217
45 71 217
100 166 254
6 166 251
55 254 296
42 64 151
45 144 251
10 254 286
55 144 254
254 286 296
118 148 151
210 247 286
210 286 296
210 225 247
10 247 286
118 148 216
29 180 200
151 210 296
118 216 298
64 233 234
42 45 71
42 55 151
118 234 298
180 216 298
3 44 155
44 155 234
41 180 298
29 41 180
92 161 226
153 200 279
153 200 266
91 185 288
116 153 266
96 150 188
65 185 263
106 145 188
65 263 293
106 260 263
141 218 275
145 188 190
39 145 212
39 110 212
133 193 219
110 219 239
110 252 260
87 124 129
73 129 242
12 67 255
73 77 124
77 171 212
141 186 218
171 212 218
212 218 275
141 186 199
113 147 275
113 188 190
12 67 162
4 12 274
50 130 147
17 115 197
83 273 288
83 96 150
162 169 274
178 274 288
57 97 139
162 232 237
12 162 274
67 74 162
67 74 255
147 199 255
74 105 255
73 199 255
53 168 232
5 232 237
74 162 237
53 232 265
5 94 237
5 94 265
13 168 204
94 105 265
53 168 290
25 196 214
203 214 290
168 220 290
220 281 290
75 122 249
168 204 220
13 128 206
84 167 206
13 204 206
78 121 249
0 75 194
122 167 206
75 167 294
84 167 182
20 84 206
20 220 281
99 126 154
99 203 214
20 107 269
70 139 195
95 154 238
26 99 238
57 97 278
57 107 278
75 97 278
75 122 294
0 75 121
122 167 294
122 128 206
18 189 194
75 97 194
0 215 248
0 121 215
78 128 249
75 121 249
122 128 249
78 121 215
215 240 248
91 183 288
65 91 185
183 240 288
91 197 280
181 183 280
91 183 280
115 181 280
63 72 257
115 197 280
21 127 235
21 115 259
21 115 181
21 127 181
16 21 259
36 235 271
76 184 283
23 98 227
89 208 227
131 140 227
56 63 208
46 49 189
142 184 283
63 142 208
72 174 257
63 72 127
49 173 257
0 72 127
0 72 174
18 194 243
139 241 285
95 238 285
70 139 241
70 95 241
70 95 154
99 126 214
99 154 238
70 146 154
70 146 230
46 230 268
46 173 268
46 49 173
23 62 98
172 202 295
14 60 109
60 85 126
102 126 214
126 146 154
93 102 126
102 143 213
52 246 264
43 158 192
43 158 187
43 187 250
81 264 291
52 143 192
52 164 267
51 253 267
19 140 228
51 158 253
19 23 34
19 23 131
27 34 163
19 34 228
27 163 289
163 176 289
38 132 176
163 246 292
79 81 264
79 246 292
79 81 292
81 114 211
132 201 211
175 262 291
114 211 262
22 175 262
58 138 270
22 201 245
111 138 270
111 175 270
22 119 245
48 170 289
119 245 270
27 170 221
48 170 245
37 170 221
170 224 245
9 117 205
31 36 271
31 36 103
16 103 259
16 36 103
1 123 207
116 156 266
9 92 161
31 92 256
9 117 256
66 205 299
80 138 299
58 224 299
58 138 299
59 134 231
15 108 160
90 149 244
157 165 297
165 222 297
66 179 222
88 123 152
66 222 297
1 47 179
1 47 207
69 152 222
1 123 152
69 82 258
69 82 209
59 134 177
32 177 244
59 177 258
134 177 244
32 177 258
134 231 284
2 136 261
8 90 244
32 149 244
2 8 134
35 261 272
149 157 160
135 149 157
108 112 137
15 33 282
7 101 282
80 108 160
15 33 108
80 108 137
7 15 282
30 68 291
33 101 282
7 30 101
30 33 101
90 149 272
2 8 90
41 293 298
231 277 284
140 221 228
125 217 233
207 216 287
205 224 299
37 205 224
203 269 281
99 203 269
187 198 250
100 277 284
97 194 195
43 192 213
49 189 257
46 189 243
18 189 243
76 184 221
181 240 248
181 183 240
168 169 232
13 168 169
34 163 253
66 160 299
158 187 295
158 253 295
51 158 267
158 164 267
156 207 266
47 156 207
116 153 226
24 153 226
24 153 197
153 197 279
27 221 228
194 195 243
152 179 222
1 152 179
60 93 126
37 76 256
56 98 257
57 107 269
64 118 234
54 61 236
54 110 252
148 207 216
11 93 109
53 105 265
28 59 82
33 40 291
3 155 234
47 66 161
9 66 205
22 119 175
0 174 189
30 33 291
81 211 292
163 246 253
58 245 270
42 45 144
91 197 279
54 61 252
39 106 145
38 48 245
59 82 258
80 138 223
89 140 184
141 147 199
44 61 233
80 160 299
76 271 283
114 262 291
41 65 293
37 117 256
44 233 234
151 210 225
29 200 279
98 173 268
23 34 253
11 14 172
53 214 290
6 276 284
26 120 285
62 98 268
7 149 272
56 98 208
46 70 230
116 156 161
9 66 161
4 273 288
11 93 250
23 62 295
81 114 291
29 41 65
176 211 292
148 151 225
144 166 254
7 15 149
88 123 225
7 30 68
17 24 103
111 138 223
6 191 276
22 201 211
3 234 298
63 142 235
47 156 161
42 55 144
16 21 235
7 35 68
46 70 243
40 111 112
83 185 288
63 127 235
58 224 245
3 44 252
54 110 239
93 213 250
88 225 247
142 235 283
14 60 85
4 274 288
3 260 263
60 93 109
14 86 172
2 90 272
2 261 272
3 293 298
107 182 278
40 111 175
16 36 235
11 198 250
39 106 260
89 140 227
23 253 295
174 189 257
0 189 194
4 147 255
92 103 226
35 68 136
25 53 214
78 215 288
10 88 247
10 88 229
143 192 213
65 91 279
29 65 279
22 211 262
57 120 285
24 103 226
17 24 197
80 112 223
26 120 269
78 128 274
26 99 269
141 147 275
25 53 105
140 184 221
11 172 198
111 112 223
44 61 252
62 86 268
62 86 202
75 182 278
77 87 219
62 202 295
64 118 151
71 217 233
98 173 257
68 136 291
69 135 258
70 195 243
4 12 255
74 105 237
73 171 186
73 77 171
3 252 260
57 120 269
77 110 212
77 110 219
78 178 274
78 178 288
80 112 137
28 82 229
66 160 297
82 88 229
83 150 185
106 150 263
25 105 196
20 84 107
150 185 263
37 76 221
85 126 230
86 230 268
77 87 124
85 86 230
76 256 271
89 142 184
89 142 208
31 92 103
93 102 213
96 113 188
50 96 113
157 160 297
98 208 227
69 135 165
17 103 115
103 115 259
69 165 222
94 105 237
84 107 182
133 159 193
116 161 226
132 201 245
125 193 233
38 132 245
119 175 270
54 236 239
215 240 288
75 167 182
145 212 275
126 146 230
14 85 86
125 159 193
144 166 251
145 190 275
4 147 273
130 147 273
