149 204 210
126 159 238
66 159 238
45 219 233
81 159 241
34 191 243
108 120 230
8 30 76
1 131 205
8 76 146
101 150 165
102 157 220
66 81 176
21 37 187
109 142 170
14 195 231
12 92 209
9 26 122
9 18 26
4 54 197
88 105 219
5 17 79
123 156 236
81 176 241
4 96 236
15 42 161
168 192 228
2 139 214
152 159 216
74 99 137
5 10 17
54 88 219
17 79 154
74 99 107
78 94 215
6 103 205
50 164 200
83 163 190
1 22 131
75 111 135
192 207 228
192 207 244
51 68 72
13 151 244
91 151 208
83 163 200
50 51 164
22 130 148
6 103 144
114 163 190
50 52 72
153 166 237
3 153 221
153 166 221
37 193 226
149 175 204
48 166 237
3 119 225
25 52 101
37 193 198
52 101 165
37 138 198
150 193 198
52 76 165
30 72 76
24 69 247
42 84 106
69 146 247
134 146 247
24 134 247
24 69 138
8 84 146
24 37 138
37 187 226
48 187 226
16 23 27
24 134 182
134 146 182
21 106 206
53 89 175
85 124 210
124 204 210
27 149 210
59 104 141
104 110 166
104 110 141
48 104 166
110 143 147
59 61 113
23 147 249
23 27 210
23 162 249
112 162 249
112 162 171
9 18 231
14 116 211
96 115 145
12 44 209
23 86 162
41 231 245
44 174 209
18 231 245
31 171 225
31 171 195
26 87 122
87 181 202
43 181 202
62 109 181
35 95 199
109 142 181
142 199 248
95 202 235
35 95 202
115 167 170
62 109 133
115 170 245
115 145 167
123 145 167
123 156 232
28 156 234
28 186 235
156 232 234
95 234 235
186 213 233
28 234 235
10 213 219
213 219 233
4 197 236
60 191 243
60 174 243
4 44 174
4 44 96
0 92 98
71 86 116
0 36 98
0 12 92
34 240 243
92 209 240
60 191 239
34 191 240
32 184 203
29 126 238
73 77 229
73 152 214
2 214 216
2 139 172
152 214 216
73 152 229
97 176 241
10 40 105
66 81 159
56 66 238
20 32 88
32 184 212
32 88 203
20 32 212
40 97 176
2 97 241
10 17 40
10 105 219
88 105 203
40 105 176
5 186 235
5 79 179
132 158 217
127 139 158
127 139 172
2 97 172
79 137 154
118 132 158
7 217 227
7 154 227
5 179 235
58 70 160
160 179 235
7 217 224
58 70 107
99 137 224
118 132 185
49 118 185
132 185 224
132 217 224
118 136 158
73 136 214
19 130 173
108 120 136
49 120 230
73 108 136
94 173 215
19 94 173
46 108 215
46 78 215
75 78 130
46 78 121
75 168 246
111 135 155
111 125 228
111 125 155
38 46 121
38 46 242
46 77 242
77 157 242
47 90 218
38 125 220
29 140 238
42 106 161
42 47 218
84 146 182
42 47 84
93 180 188
151 207 244
13 57 151
63 93 188
63 90 93
47 84 90
8 30 39
11 30 39
52 72 76
68 164 208
51 68 164
50 51 72
50 114 163
50 163 200
83 91 189
57 91 151
83 91 200
57 91 100
91 100 189
67 100 189
1 103 205
1 22 246
22 131 148
131 148 205
83 190 194
191 239 240
33 238 239
45 233 236
38 220 242
125 220 228
217 222 227
177 217 222
2 216 241
159 216 241
33 212 238
174 209 243
201 207 228
91 200 208
95 199 234
199 232 234
56 184 238
63 183 188
151 180 208
180 183 201
180 183 188
92 223 240
147 171 249
165 196 198
150 165 198
139 158 214
136 158 214
158 177 217
156 186 233
7 154 224
151 201 207
151 180 201
101 150 237
143 147 171
143 171 225
142 167 248
54 197 219
137 154 224
164 200 208
35 128 202
43 128 202
128 142 181
114 130 194
9 122 231
152 159 229
87 122 202
201 220 228
114 190 194
64 114 173
114 130 173
65 185 230
130 148 194
110 143 221
110 166 221
109 133 245
109 170 245
45 197 219
38 135 155
38 125 155
45 197 236
96 115 245
36 71 178
101 129 237
14 86 162
1 13 192
199 232 248
10 186 213
29 102 157
29 77 157
29 42 218
156 233 236
15 82 240
71 178 211
6 148 194
97 127 177
23 110 147
1 168 246
5 10 186
16 23 59
23 85 86
22 75 130
6 67 83
21 84 106
90 102 218
21 24 37
21 24 182
48 193 237
97 177 222
35 142 199
140 238 239
0 36 178
38 121 135
41 96 245
60 212 239
1 103 144
70 107 117
89 124 223
67 100 144
127 158 177
29 77 229
64 173 215
11 93 208
19 94 130
6 67 144
122 195 231
8 84 90
76 165 196
4 54 174
6 148 205
0 44 178
3 25 119
1 168 192
18 62 181
71 116 211
18 26 80
11 39 90
108 169 230
35 128 142
0 12 44
23 59 141
209 240 243
23 85 210
3 25 129
14 171 195
14 41 211
65 107 185
20 54 174
3 129 237
20 60 174
36 85 124
21 206 223
21 89 223
64 108 215
6 83 194
26 87 181
21 89 187
36 71 85
15 29 42
11 90 93
44 178 211
13 192 244
15 29 239
105 176 184
184 212 238
11 30 72
16 59 113
25 101 129
105 184 203
16 61 149
40 97 222
15 161 223
123 232 248
15 82 223
20 60 212
15 239 240
3 143 221
29 126 229
41 96 211
89 175 204
14 41 231
17 222 227
16 27 149
62 133 245
18 62 245
3 153 237
22 75 246
3 143 225
75 121 135
48 193 226
55 196 198
28 156 186
21 84 182
55 76 196
53 61 149
53 149 175
70 79 179
53 61 104
55 138 198
14 162 171
55 69 138
33 212 239
55 69 146
55 76 146
11 68 208
44 96 211
13 57 144
56 176 184
56 66 176
31 122 202
126 159 229
58 64 169
58 169 230
58 65 230
20 54 88
59 61 104
82 223 240
18 80 181
1 13 144
29 140 239
63 90 102
63 102 183
49 118 136
64 108 169
112 171 249
36 98 124
58 65 107
23 110 141
67 83 189
89 124 204
11 68 72
70 79 117
70 160 179
71 85 86
74 79 137
74 79 117
75 168 228
75 111 228
123 167 248
8 39 90
57 100 144
46 77 108
73 77 108
17 154 227
75 78 121
26 80 181
49 120 136
29 102 218
14 86 116
78 94 130
31 122 195
150 193 237
142 167 170
17 40 222
16 61 113
93 180 208
157 220 242
96 123 145
53 89 187
96 123 236
43 128 181
97 127 172
92 98 223
98 124 223
99 107 185
99 185 224
102 201 220
102 183 201
49 185 230
53 104 187
48 104 187
106 206 223
106 161 223
74 107 117
