149 204 210
15 29 140
35 43 202
43 128 142
79 117 137
81 159 241
65 185 224
1 13 244
55 76 165
101 150 165
25 129 237
22 130 246
102 157 220
18 133 245
12 92 209
9 26 122
9 18 26
4 54 197
232 234 248
95 199 248
35 43 128
33 140 239
81 176 241
56 66 184
82 92 223
4 96 236
15 42 161
77 126 157
77 126 229
38 121 125
2 139 214
152 159 216
74 99 137
5 10 17
70 74 107
17 154 222
74 99 107
38 157 242
75 130 246
64 169 230
50 164 200
1 22 131
192 207 228
192 207 244
1 192 244
51 68 72
91 164 200
50 51 164
22 130 148
6 103 144
114 163 190
50 52 72
58 64 65
143 221 225
153 166 221
149 175 204
48 166 237
3 119 153
25 119 129
3 119 225
119 129 153
101 150 193
52 76 165
55 69 76
24 69 247
42 84 106
69 146 247
134 146 247
24 134 247
24 69 138
8 84 146
24 37 138
48 226 237
37 187 226
48 187 226
61 113 149
16 23 27
24 134 182
21 106 182
134 146 182
21 106 206
82 161 223
82 92 240
29 126 157
85 98 124
85 124 210
110 141 147
16 27 113
61 149 175
53 61 175
104 110 166
53 59 61
104 110 141
48 104 166
110 143 147
59 61 113
23 27 210
9 18 231
23 86 210
14 162 195
36 71 86
12 44 209
85 86 210
41 231 245
18 231 245
9 31 122
31 171 225
31 171 195
87 181 202
62 80 181
80 87 181
43 181 202
62 109 181
43 142 181
109 142 181
142 199 248
95 202 235
115 167 170
62 109 133
115 170 245
41 115 245
18 62 133
115 145 167
123 145 167
28 156 234
28 186 235
95 234 235
95 234 248
28 234 235
156 197 236
213 219 233
4 197 236
174 209 240
4 54 88
174 240 243
4 20 88
4 20 174
12 44 178
4 44 96
0 92 98
71 116 178
71 86 116
0 36 98
0 12 178
0 12 92
34 240 243
92 209 240
34 191 240
33 60 212
29 126 238
73 77 229
2 214 216
2 139 172
73 152 229
2 159 216
97 176 241
56 66 238
20 32 88
32 88 203
40 97 176
10 105 219
88 105 203
40 105 176
17 40 97
5 186 235
5 186 213
17 97 222
127 172 222
2 159 241
127 177 222
74 117 137
154 222 227
7 154 227
79 117 179
5 179 235
7 137 224
58 70 160
160 179 235
117 160 179
58 70 107
99 137 224
118 132 185
49 65 185
49 118 185
132 185 224
118 136 158
73 136 214
177 222 227
108 120 136
73 108 136
94 173 215
64 173 230
64 65 169
64 114 130
19 94 173
75 78 135
75 168 246
111 135 155
111 125 228
125 207 228
78 121 135
111 125 155
38 46 121
38 46 242
38 157 220
77 157 242
15 29 218
38 125 220
15 82 161
42 106 161
15 140 239
84 106 182
84 146 182
39 90 93
102 157 218
29 157 218
93 180 188
91 164 208
68 164 208
51 68 164
50 51 72
50 114 163
83 91 189
57 91 151
83 91 200
57 91 100
91 100 189
13 67 100
67 100 189
13 67 144
1 192 246
1 22 246
22 131 148
131 148 205
148 190 194
148 194 205
191 239 240
192 228 246
2 222 241
173 215 230
33 212 238
125 207 220
95 199 202
35 199 202
162 195 249
193 196 198
180 188 244
188 201 207
56 184 238
63 183 188
183 188 201
53 175 187
127 172 217
147 171 249
83 163 194
11 180 208
139 158 214
136 158 214
112 195 249
5 154 179
153 221 225
3 153 225
143 147 171
143 171 225
53 141 187
139 158 217
37 138 193
130 148 190
114 130 190
129 166 237
175 204 210
123 156 234
152 159 229
87 122 202
108 120 215
120 215 230
113 149 210
27 113 210
59 113 141
112 171 195
97 222 241
110 143 221
110 166 221
109 142 248
109 133 245
109 170 245
109 167 170
46 108 121
108 121 215
41 96 145
14 41 195
36 71 178
14 86 162
18 62 80
118 132 217
32 60 243
96 156 236
30 52 76
4 174 209
30 52 72
188 207 244
28 213 233
111 135 228
54 219 233
15 82 240
25 101 193
25 101 165
138 193 198
45 54 233
30 68 72
24 37 187
7 79 137
81 126 159
37 193 237
2 172 222
63 90 188
32 203 212
33 34 60
21 24 187
21 24 182
16 113 141
35 142 199
79 154 179
9 31 195
9 195 231
124 175 210
0 36 178
5 10 219
17 40 105
8 11 30
29 33 238
45 54 156
46 108 242
7 177 227
26 80 122
1 103 144
7 127 177
11 39 93
89 124 187
89 124 223
184 203 212
42 47 90
139 172 217
47 63 218
73 152 216
6 103 131
6 67 144
4 44 209
28 45 233
8 84 90
25 52 165
28 186 213
6 131 205
14 116 178
8 69 146
5 213 219
7 132 224
18 26 80
53 59 141
35 128 142
42 84 90
121 125 135
20 32 243
19 75 130
163 190 194
6 194 205
5 17 154
104 141 187
14 41 211
70 74 160
124 175 187
41 115 145
8 11 39
16 23 249
21 206 223
21 89 223
16 141 147
21 89 187
30 69 76
37 226 237
11 30 68
109 167 248
15 42 47
73 214 216
11 93 180
44 178 211
105 176 184
184 212 238
32 60 212
14 178 211
41 44 211
15 47 218
63 102 218
105 184 203
129 153 166
34 60 243
123 232 248
67 83 194
15 239 240
10 17 105
19 64 173
41 44 96
28 45 156
65 99 107
19 75 94
78 94 121
47 63 90
57 100 244
73 108 242
102 201 207
55 196 198
16 147 249
50 83 200
50 83 163
29 33 140
151 180 244
81 176 184
123 232 234
86 162 249
25 193 237
54 105 219
54 88 105
54 156 197
55 138 198
55 69 138
11 68 208
55 150 165
55 150 196
96 123 156
118 158 217
31 122 202
57 151 244
126 159 229
66 81 126
168 228 246
1 13 144
63 102 183
49 118 136
112 171 249
65 99 224
58 65 107
65 120 230
49 65 120
67 83 189
6 67 194
20 174 243
41 195 231
8 30 69
73 77 242
74 117 160
90 93 188
33 191 239
75 78 94
13 100 244
75 168 228
123 167 248
75 135 228
8 39 90
7 127 217
80 87 122
65 169 230
102 207 220
66 81 184
66 126 238
36 86 98
85 86 98
49 120 136
23 86 249
150 193 196
14 86 116
91 180 208
91 151 180
94 121 215
1 103 131
96 123 145
33 34 191
125 135 155
92 98 223
7 132 217
98 124 223
7 79 154
102 183 201
48 104 187
106 206 223
106 161 223
19 64 130
