149 204 210
14 211 231
35 43 202
112 147 249
28 156 233
43 128 142
49 65 169
105 176 203
79 117 137
81 159 241
127 177 217
8 30 76
1 13 244
129 153 237
138 196 198
55 76 165
22 130 246
102 157 220
89 206 223
125 201 220
89 92 124
31 195 231
112 147 171
14 195 231
12 92 209
0 36 71
4 54 197
232 234 248
88 105 219
96 145 236
5 17 79
45 54 219
41 178 211
81 176 241
56 66 184
4 96 236
15 42 161
77 126 157
77 126 229
152 159 216
5 10 17
54 88 219
78 94 215
38 157 242
75 130 246
64 169 230
192 207 228
192 207 244
63 188 201
51 68 72
39 84 90
13 151 244
6 83 205
114 163 190
50 52 72
58 64 65
193 226 237
147 171 225
153 166 237
143 221 225
153 166 221
48 166 237
25 119 129
3 119 225
25 52 101
150 196 198
101 150 193
37 138 198
150 193 198
52 76 165
150 165 196
30 72 76
55 69 76
8 39 84
42 84 106
69 146 247
134 146 247
24 134 247
48 226 237
37 187 226
48 187 226
89 92 223
24 134 182
161 206 223
134 146 182
106 161 206
21 106 206
29 126 157
21 89 206
85 124 210
124 204 210
110 141 147
53 61 175
53 59 61
104 110 141
59 61 113
23 147 249
112 162 249
112 162 171
9 18 231
23 86 210
14 116 211
96 115 145
85 86 210
41 231 245
41 211 231
31 171 225
31 171 195
87 181 202
31 87 202
43 181 202
43 142 181
95 202 235
109 133 170
115 167 170
123 145 236
115 170 245
133 170 245
167 170 248
115 145 167
41 44 178
123 145 167
123 156 232
28 156 234
156 232 234
95 234 235
5 10 213
186 213 233
28 186 233
10 213 219
4 197 236
45 54 197
4 54 88
174 240 243
4 20 88
60 174 243
4 20 174
4 44 96
92 98 124
0 92 98
0 71 178
0 36 98
0 12 178
0 12 92
34 240 243
92 209 240
34 191 240
32 184 203
33 56 238
126 152 229
126 152 159
56 66 238
20 32 88
32 88 203
40 97 176
10 17 40
10 105 219
88 105 203
5 79 179
97 172 222
127 172 222
2 159 241
79 137 154
7 217 227
127 177 222
74 117 137
154 222 227
79 117 179
5 179 235
58 70 160
70 117 160
160 179 235
117 160 179
49 65 185
49 118 185
46 73 108
118 136 158
73 136 214
19 130 173
73 108 136
64 173 230
64 65 169
19 94 173
46 108 215
121 135 155
75 78 135
111 135 155
111 168 228
111 125 155
38 46 121
38 46 242
46 77 242
77 157 242
102 183 220
42 106 161
15 191 239
42 47 218
39 90 93
102 157 218
125 201 207
63 183 201
183 201 220
102 183 218
93 180 188
13 57 151
39 93 180
63 93 188
63 90 93
8 30 39
11 39 180
11 30 39
52 72 76
68 164 208
68 72 208
51 68 164
50 51 72
50 114 163
6 144 189
57 91 151
57 91 100
6 83 189
67 144 189
1 13 103
192 244 246
33 238 239
192 228 246
217 222 227
177 217 222
152 216 229
214 216 229
186 213 235
91 200 208
95 199 234
95 199 202
35 199 202
37 198 226
69 196 247
1 244 246
188 201 207
186 234 235
37 182 187
12 178 209
44 178 209
53 175 187
127 172 217
2 172 214
139 172 214
92 223 240
48 166 187
104 166 187
163 194 205
83 163 205
159 214 216
139 158 214
136 158 214
153 221 225
3 153 225
53 141 187
139 158 217
24 138 247
24 138 182
37 138 182
137 154 227
7 137 227
135 168 246
75 135 246
78 135 215
111 135 168
133 231 245
131 194 205
164 200 208
22 130 131
130 131 148
25 129 193
1 131 246
129 193 237
128 142 248
128 199 248
126 140 238
38 125 157
125 157 220
114 130 194
45 123 233
9 122 231
46 121 215
108 120 215
118 120 230
118 185 224
118 132 224
49 118 169
114 190 194
64 114 173
114 130 173
118 169 230
130 148 194
111 207 228
110 147 225
110 143 225
110 143 221
109 170 248
109 142 248
38 121 155
43 128 199
52 101 150
38 125 155
21 182 187
96 115 245
81 126 238
14 86 162
65 99 185
123 197 236
18 62 80
118 132 217
20 184 212
29 42 157
8 69 76
26 31 122
15 82 240
62 80 109
71 178 211
25 101 193
67 189 200
80 109 142
81 126 159
99 107 137
27 61 149
33 34 60
21 84 106
42 157 218
111 125 207
21 175 187
140 238 239
66 81 238
138 196 247
7 99 137
2 159 214
42 47 90
67 100 144
139 172 217
47 63 218
6 103 131
4 44 209
180 207 244
6 57 144
6 131 205
2 176 241
94 173 230
8 69 146
7 132 224
71 116 211
18 26 80
53 59 141
8 84 182
21 89 204
7 99 224
42 84 90
17 79 222
6 57 103
51 164 200
67 91 100
19 75 130
18 62 109
97 172 176
46 77 229
163 190 194
14 171 195
11 91 180
104 141 187
20 32 184
104 110 221
5 213 235
16 27 147
56 60 212
63 183 218
35 43 199
3 129 153
20 60 174
85 86 116
36 85 124
11 72 208
26 31 87
23 27 147
4 174 240
31 122 231
10 40 176
10 105 176
131 148 194
16 141 147
26 87 181
36 71 85
15 29 42
83 189 200
18 26 122
180 188 207
21 175 204
15 29 239
11 30 72
16 59 113
4 209 240
40 97 222
34 60 243
15 161 223
123 232 248
44 96 245
15 82 223
71 85 116
20 60 212
16 27 61
52 150 165
73 214 229
9 18 122
18 133 231
65 99 107
41 44 245
45 123 197
19 75 94
45 213 233
45 213 219
46 73 229
69 165 196
47 63 90
50 83 200
29 126 140
50 83 163
50 51 200
21 84 182
199 234 248
151 180 244
123 156 233
86 162 249
2 172 176
14 162 171
33 56 60
118 158 217
56 184 212
121 135 215
79 154 222
58 74 107
94 120 215
58 70 117
168 228 246
8 146 182
61 175 204
61 149 204
82 223 240
29 140 239
11 91 208
36 98 124
58 65 107
89 124 204
81 184 203
3 119 129
80 142 181
28 186 234
33 191 239
75 78 94
123 167 248
57 100 144
193 198 226
66 81 184
23 149 210
81 176 203
67 91 200
16 59 141
26 80 181
15 191 240
58 74 117
18 109 133
23 86 249
14 86 116
13 57 103
22 131 246
91 151 180
55 69 165
108 118 120
74 107 137
17 40 222
16 61 113
94 120 230
1 103 131
33 34 191
7 132 217
99 185 224
23 27 149
104 166 221
108 118 136
