149 204 210
142 170 248
35 43 202
79 117 137
81 159 241
34 191 243
168 192 246
65 185 224
8 30 76
1 13 244
129 153 237
55 76 165
101 150 165
102 157 220
89 206 223
89 124 175
89 92 124
21 37 187
109 142 170
12 92 209
9 26 122
9 18 26
123 167 232
96 145 236
5 17 79
41 178 211
123 156 236
56 66 184
4 96 236
15 42 161
168 192 228
38 121 125
152 159 216
17 79 154
70 74 107
74 99 107
38 157 242
64 169 230
192 207 228
192 207 244
1 192 244
51 68 72
39 84 90
13 151 244
91 151 208
83 163 200
6 83 205
91 164 200
22 130 148
6 103 144
114 163 190
50 52 72
58 64 65
147 171 225
3 153 221
3 221 225
143 221 225
37 193 226
143 166 221
149 175 204
48 166 237
3 119 153
25 119 129
3 119 225
119 129 153
25 52 101
37 193 198
52 101 165
101 150 193
37 138 198
150 193 198
52 76 165
55 165 196
8 39 84
42 84 106
69 146 247
134 146 247
24 134 247
8 84 146
37 187 226
48 187 226
89 92 223
24 134 182
134 146 182
36 85 98
29 126 157
21 89 206
14 116 162
86 116 162
110 141 147
27 149 210
16 27 113
16 113 147
59 104 141
48 104 166
110 143 166
59 61 113
23 147 249
23 27 210
23 162 249
112 162 249
14 162 195
14 116 211
96 115 145
23 86 162
41 211 231
9 31 122
31 171 225
31 171 195
80 87 181
43 181 202
62 109 181
128 142 199
109 142 181
142 199 248
95 202 235
35 95 202
109 133 170
115 167 170
115 170 245
41 115 245
167 170 248
115 145 167
41 44 178
167 232 248
95 234 235
45 54 197
174 209 240
60 191 243
174 240 243
4 20 174
4 44 96
92 98 124
0 92 98
71 86 116
0 12 92
34 240 243
92 209 240
60 191 239
33 60 212
126 152 229
136 139 214
73 77 229
2 214 216
10 40 105
126 152 159
20 32 88
32 88 203
40 97 176
10 17 40
10 105 219
88 105 203
40 105 176
17 40 97
5 186 235
17 97 222
132 158 217
127 139 158
127 139 172
127 172 222
79 137 154
118 132 158
127 158 217
127 177 222
74 117 137
7 154 227
5 179 235
7 137 154
7 137 224
58 70 160
160 179 235
70 74 117
58 70 107
49 169 230
136 139 158
132 185 224
118 136 158
73 136 214
177 222 227
49 120 230
73 108 136
94 173 215
64 65 169
64 114 130
19 94 173
121 135 155
75 78 135
111 135 155
111 125 228
111 168 228
78 121 135
111 125 155
38 46 121
121 125 155
38 46 242
46 77 242
77 157 242
47 90 218
42 106 161
42 47 218
84 146 182
102 157 218
93 180 188
151 207 244
13 57 151
151 180 207
8 30 39
91 164 208
11 30 39
68 164 208
51 68 164
50 51 72
50 114 163
50 163 200
57 91 151
57 91 100
91 100 189
67 100 189
67 144 189
13 103 144
1 192 246
1 13 103
22 131 148
45 233 236
2 222 241
125 220 228
2 216 241
159 216 241
152 216 229
73 216 229
33 212 238
69 198 247
91 189 200
188 201 207
186 234 235
56 184 238
63 183 188
183 188 201
21 182 206
151 180 208
53 175 187
89 175 187
2 172 214
139 172 214
92 223 240
14 195 211
147 171 249
65 169 185
165 196 198
150 165 198
163 194 205
83 163 205
126 157 229
156 213 233
24 138 182
75 135 246
131 194 205
110 141 166
128 142 181
38 125 157
175 204 210
125 157 220
114 130 194
114 190 194
123 167 236
130 148 194
59 113 141
112 171 195
97 222 241
111 168 246
111 135 246
112 162 195
110 147 225
110 143 225
46 108 121
108 121 215
45 197 236
36 71 178
101 129 237
34 82 191
81 126 238
33 126 238
32 60 243
34 82 240
35 43 95
31 80 87
199 232 248
10 186 213
29 42 157
30 52 76
4 174 209
30 52 72
10 17 186
28 232 234
4 12 209
156 233 236
54 219 233
26 31 122
81 97 176
195 211 231
71 178 211
24 138 198
45 54 233
18 133 170
81 126 159
27 61 149
23 85 86
22 103 131
2 172 222
22 75 130
63 90 188
49 169 185
32 203 212
21 37 138
21 138 182
90 102 218
43 95 128
42 157 218
20 88 197
9 18 195
29 33 126
9 31 195
4 12 44
18 41 231
31 87 181
124 175 210
7 177 227
7 127 177
184 203 212
42 47 90
67 100 144
64 173 215
11 93 208
6 103 131
19 94 130
153 221 237
207 220 228
28 186 213
5 79 117
0 44 178
41 96 115
6 131 205
24 198 247
75 94 130
18 62 181
7 132 224
71 116 211
18 26 80
11 39 90
0 12 44
42 84 90
23 85 210
51 164 200
20 32 243
77 157 229
56 81 238
18 62 109
163 190 194
4 20 236
8 55 146
5 117 179
16 27 147
28 123 156
8 55 76
22 103 246
5 17 186
166 221 237
23 27 147
113 141 147
64 108 215
131 148 194
84 106 206
21 89 187
36 71 85
15 29 42
83 189 200
11 90 93
73 214 216
180 188 207
15 29 239
105 176 184
184 212 238
11 30 72
32 60 212
25 101 129
56 66 81
105 184 203
48 101 237
18 170 245
104 141 166
15 161 223
15 82 223
17 222 227
19 64 173
20 197 236
41 44 96
70 117 179
22 75 246
65 99 107
95 128 199
78 94 121
48 101 193
48 193 226
102 201 207
49 108 120
27 61 113
49 108 118
64 108 120
49 132 185
55 196 198
50 51 200
10 213 233
28 123 232
29 33 140
53 61 149
53 149 175
81 176 184
53 61 104
54 105 219
54 88 105
55 69 146
11 68 208
145 167 236
55 69 198
13 57 144
33 60 140
60 140 239
59 61 104
82 223 240
18 80 181
29 140 239
63 90 102
31 181 202
63 102 183
49 118 132
64 120 230
112 171 249
65 99 224
58 65 107
95 232 234
11 68 72
20 174 243
70 160 179
71 85 86
26 31 80
36 98 178
28 186 234
90 93 188
74 99 224
95 199 232
74 137 224
75 78 94
7 127 217
57 100 144
46 77 108
73 77 108
102 207 220
81 97 241
83 144 189
17 154 227
66 81 184
82 191 239
15 82 239
6 83 144
84 182 206
18 109 133
18 41 245
54 88 197
28 156 213
93 180 208
18 195 231
94 121 215
43 128 181
0 98 178
85 98 210
7 132 217
98 124 210
102 183 201
1 103 246
10 219 233
53 104 187
48 104 187
106 206 223
106 161 223
19 64 130
108 118 136
