95 184 289
147 327 408
273 369 423
52 221 302
116 439 466
53 77 248
45 346 417
168 242 255
89 238 467
263 300 453
131 184 392
79 253 315
27 222 418
75 374 412
214 250 414
6 214 414
303 388 469
31 380 450
14 103 170
26 66 232
1 159 219
323 372 383
14 328 471
150 321 362
128 260 481
221 276 302
62 94 205
334 422 498
53 65 205
140 409 431
86 211 290
55 417 492
21 372 383
92 111 406
86 172 323
231 348 480
16 291 393
235 325 377
291 349 393
130 419 476
10 30 56
56 223 377
71 165 339
72 336 461
4 60 168
28 336 407
4 255 268
4 268 332
18 315 330
89 174 183
211 290 490
145 413 480
16 162 172
91 293 305
86 293 323
46 75 412
5 209 424
39 47 269
217 285 403
90 155 163
121 126 201
195 376 396
319 448 493
90 333 353
247 309 401
83 333 444
27 84 144
335 437 444
214 250 270
6 214 375
250 270 373
244 403 454
251 375 454
17 192 316
251 403 454
38 192 264
38 285 484
244 479 482
105 160 220
99 387 415
175 228 455
202 220 391
43 212 298
99 125 415
133 140 409
147 387 408
133 140 256
98 103 170
139 249 457
98 139 280
283 340 460
48 208 317
48 161 246
271 355 394
48 116 439
106 143 175
52 150 321
68 259 386
100 156 423
288 301 421
301 397 421
301 307 346
275 397 456
219 273 369
1 219 369
1 159 275
0 338 362
73 113 179
0 273 338
304 338 389
304 386 389
12 386 389
68 304 386
68 141 304
141 304 321
74 109 221
150 190 362
113 179 395
74 109 178
98 164 404
178 351 411
49 233 313
62 334 498
109 221 276
62 109 276
134 281 498
281 422 498
185 322 468
281 429 450
31 256 450
62 205 334
334 380 422
62 94 276
73 179 260
77 342 347
77 462 481
87 428 473
53 205 248
334 344 380
177 322 409
322 468 475
31 468 475
63 133 409
428 440 473
85 198 312
43 185 443
91 138 443
225 293 323
329 428 440
32 225 329
42 428 443
13 402 447
13 206 447
191 442 492
58 331 416
13 206 491
180 295 491
180 486 497
191 331 416
166 181 456
45 417 492
45 307 346
153 272 483
153 308 331
308 419 483
153 308 483
272 419 483
111 349 406
92 111 117
10 130 258
10 117 258
10 92 117
111 349 393
172 323 372
86 172 441
86 290 441
162 172 441
16 224 393
21 224 372
145 235 480
145 291 413
231 235 480
231 235 325
197 365 464
349 379 406
10 56 223
30 71 417
10 30 417
30 71 464
231 325 420
28 72 336
365 370 464
71 339 461
71 370 464
71 370 461
28 72 245
28 245 489
176 427 487
72 152 245
186 245 489
186 213 332
95 186 245
4 210 332
186 210 489
4 168 255
60 189 345
189 345 487
176 189 487
218 345 487
146 320 467
18 174 262
115 154 371
154 183 371
44 426 496
213 332 360
186 210 332
95 186 213
268 332 360
213 360 425
255 268 474
2 238 474
2 89 238
146 200 320
238 320 474
238 320 467
146 451 495
39 47 396
15 115 371
15 89 371
89 183 371
15 115 195
79 315 436
201 226 297
253 315 330
174 262 279
23 35 496
35 277 279
112 252 354
286 354 490
209 239 424
5 211 424
211 239 424
112 240 266
112 240 252
75 88 201
88 201 226
46 75 188
75 201 374
121 169 171
110 120 292
171 306 374
306 374 412
19 309 401
216 237 265
121 169 294
61 294 341
61 294 309
237 247 401
173 319 493
173 319 410
39 376 396
97 376 410
79 121 126
79 97 121
118 126 436
79 126 436
115 195 376
47 195 396
39 319 448
54 385 493
39 269 448
158 254 269
146 254 467
47 254 269
158 182 254
155 451 495
184 289 449
289 381 449
90 163 353
90 333 399
90 155 449
84 144 399
90 194 449
25 114 437
385 448 493
54 173 493
54 80 335
50 214 270
80 247 257
114 335 437
114 257 373
131 222 418
27 144 418
222 282 392
184 194 449
282 392 485
9 184 485
131 222 392
184 392 485
25 114 373
25 250 373
6 127 227
9 227 282
9 282 485
9 157 184
229 241 311
285 482 484
50 270 373
50 132 214
33 216 265
311 343 479
229 311 343
217 251 403
236 287 482
287 479 482
82 263 378
217 285 300
364 438 453
33 216 237
61 247 309
263 378 453
33 82 405
19 309 494
19 401 405
59 299 368
17 192 264
38 234 264
234 296 337
192 482 484
38 192 484
81 284 316
81 192 316
81 142 202
243 314 384
57 203 220
203 236 287
143 208 317
48 208 439
106 175 466
101 314 384
48 246 317
40 137 243
40 137 472
70 101 384
108 284 391
59 355 356
51 368 465
51 108 368
299 356 478
59 299 356
36 120 123
110 292 435
8 120 478
356 478 499
110 318 415
8 110 120
120 123 292
46 85 188
43 312 443
298 388 469
212 298 388
125 298 488
140 256 387
140 303 387
177 212 388
177 409 431
256 387 408
63 133 256
135 429 471
93 387 415
147 352 472
352 394 472
148 280 457
98 139 404
139 280 457
119 327 408
119 433 459
328 400 459
119 199 459
199 256 400
14 170 328
14 103 207
199 400 459
102 433 459
328 429 471
135 149 471
49 141 233
49 141 313
246 314 367
136 141 358
149 207 458
98 148 280
67 164 404
103 136 358
96 232 390
66 107 232
104 164 358
67 124 326
3 137 457
249 278 326
124 278 326
167 249 278
24 143 460
246 317 367
106 143 208
175 228 466
143 274 460
228 230 340
274 340 460
24 76 278
244 454 479
343 454 479
381 449 451
155 449 451
206 416 447
58 416 447
306 412 435
281 411 429
28 407 489
336 407 461
328 400 429
99 387 469
303 387 469
383 402 447
193 382 478
206 486 491
344 380 468
310 365 461
363 415 488
318 363 415
420 427 487
8 382 478
241 350 375
350 375 454
151 345 348
343 350 454
54 335 385
333 353 445
333 437 444
333 399 437
83 333 385
119 327 433
20 327 433
67 326 404
324 399 437
323 383 402
268 320 360
39 319 376
319 376 410
318 363 366
55 308 492
191 308 492
301 307 397
118 297 436
266 297 434
123 292 494
41 292 494
145 291 379
134 281 411
281 380 450
167 278 452
26 278 359
29 277 413
29 277 286
275 397 421
0 273 430
58 272 331
193 271 478
271 355 356
271 356 499
268 320 474
82 263 405
263 296 405
215 295 440
262 266 434
262 434 436
262 277 279
69 262 277
240 262 266
132 257 265
63 256 475
31 256 475
256 400 429
11 255 426
115 253 376
250 282 414
80 247 341
152 245 357
244 285 403
244 285 482
243 355 384
241 343 350
211 239 490
237 401 405
33 237 405
237 257 265
237 247 257
377 379 406
234 264 284
233 351 411
74 233 321
76 232 278
26 232 278
230 283 340
230 261 283
281 380 422
228 287 466
228 274 455
320 360 425
227 282 414
87 334 344
86 211 305
46 85 412
214 251 364
84 222 324
10 308 419
27 84 222
81 192 482
81 284 391
81 142 203
239 354 490
54 80 173
80 173 341
64 95 289
12 259 386
158 445 448
94 205 248
180 486 491
77 398 462
76 232 390
124 278 359
73 260 481
73 159 462
64 213 425
29 291 413
73 219 273
59 70 368
139 326 404
146 182 254
181 307 456
70 101 361
69 286 354
81 236 482
36 299 465
76 390 446
65 440 473
178 233 351
70 160 361
272 419 476
64 95 213
52 221 321
6 227 414
72 152 357
63 322 409
63 322 475
17 264 284
59 355 384
58 272 476
79 253 376
56 197 464
117 470 476
141 233 321
97 121 294
228 274 340
140 177 388
73 462 481
295 440 491
73 190 430
76 283 446
24 278 452
251 300 364
51 296 337
51 296 405
51 108 284
51 284 337
135 233 411
50 257 373
65 77 342
83 385 444
68 156 259
118 126 201
110 366 412
48 161 187
50 132 257
47 254 467
45 486 492
78 413 480
44 78 277
333 385 445
85 363 366
442 486 492
73 273 430
44 242 426
37 44 242
5 211 432
81 203 236
101 161 361
40 355 394
40 243 355
20 98 433
34 470 476
95 245 357
20 147 148
20 98 148
11 23 426
40 394 472
24 317 367
2 7 474
108 368 391
18 174 183
78 277 413
225 329 440
38 263 296
16 224 372
78 463 480
65 334 473
171 292 435
29 286 490
26 66 107
24 283 460
98 102 170
145 235 377
15 47 267
13 440 491
62 109 134
12 338 389
112 209 354
57 105 220
229 241 343
197 365 427
82 265 378
10 130 419
10 55 417
10 55 308
9 127 227
9 127 157
146 381 451
15 47 195
4 60 189
95 129 165
111 224 393
18 183 330
24 143 317
17 284 316
304 321 362
22 34 476
199 256 408
29 196 291
125 415 488
105 160 361
218 231 348
137 148 457
41 171 494
1 288 369
52 190 302
3 314 367
21 111 224
2 7 89
0 190 362
20 147 327
3 249 457
155 182 495
4 189 489
43 312 488
69 240 252
158 182 445
1 288 421
18 315 436
73 113 190
77 128 248
136 141 458
0 190 430
129 165 339
52 150 190
43 298 488
299 368 465
163 182 445
37 44 78
151 168 345
109 178 411
166 181 398
93 147 387
32 42 443
24 76 283
64 289 381
18 262 436
62 134 498
32 42 428
77 347 398
19 465 494
4 210 489
167 367 452
5 209 432
37 463 480
45 181 486
143 274 455
132 378 453
80 114 335
22 34 383
94 302 395
15 89 467
12 259 273
22 383 447
142 203 220
169 294 309
139 249 326
38 263 300
7 255 474
86 293 305
1 275 421
57 187 203
23 426 496
7 11 255
85 312 363
131 184 194
307 397 456
8 93 382
21 34 111
69 240 262
181 486 497
70 160 368
72 129 357
242 255 426
3 167 249
22 58 476
180 181 398
65 205 334
217 251 300
113 190 395
8 93 110
22 58 447
37 151 168
218 420 487
159 275 456
73 159 219
127 157 241
84 324 399
23 89 174
29 290 490
61 247 341
80 114 257
218 345 348
122 193 394
188 209 432
25 222 282
228 230 479
135 411 429
15 267 467
163 353 445
223 377 406
26 107 359
85 366 412
31 380 468
7 23 89
157 241 311
193 271 394
21 34 383
259 273 423
29 196 290
176 189 489
35 44 496
16 172 372
122 147 394
191 206 442
32 91 443
162 196 291
32 329 428
59 70 384
130 258 476
34 111 117
35 44 277
35 174 279
385 445 448
36 120 478
36 123 494
37 151 348
37 348 480
147 148 472
38 285 300
87 334 473
87 185 443
87 185 468
75 88 188
300 364 453
6 127 375
88 188 209
37 78 463
146 182 495
90 144 399
12 273 338
85 188 198
91 211 305
91 138 211
91 225 293
10 92 223
92 223 406
19 405 465
93 110 415
93 122 147
25 250 282
271 478 499
94 128 248
94 276 302
116 187 466
90 144 194
95 129 357
149 313 458
215 347 398
96 390 446
96 204 446
97 294 410
98 102 433
25 222 437
69 252 354
99 298 469
131 144 418
99 125 298
135 149 313
225 323 402
100 156 301
33 82 265
100 288 301
100 288 369
100 369 423
101 161 246
101 246 314
102 170 328
104 107 359
102 328 459
98 103 164
103 164 358
103 136 458
103 207 458
104 141 358
105 161 361
106 208 439
106 439 466
77 128 481
3 137 314
109 134 411
87 344 468
53 65 77
137 243 314
256 429 450
110 412 435
297 434 436
112 266 297
112 226 297
115 183 253
115 154 183
176 310 365
215 342 347
117 258 476
64 200 381
121 171 374
93 122 382
121 201 374
365 370 461
122 193 382
7 11 23
291 349 379
215 295 398
67 124 164
127 241 375
94 128 395
128 179 395
156 301 346
129 339 461
131 144 194
191 206 416
153 272 331
132 265 378
132 438 453
145 377 379
135 233 313
13 402 440
137 148 472
81 202 391
64 200 425
140 177 431
140 303 388
96 141 232
141 313 458
30 56 464
142 202 220
143 175 455
32 91 225
69 277 286
180 181 497
146 200 381
176 407 489
147 352 394
57 105 187
51 405 465
171 306 435
304 338 362
230 261 446
234 284 337
169 309 494
155 163 182
162 196 441
156 259 423
158 269 448
159 166 477
159 398 477
159 398 462
159 166 456
65 342 440
87 428 443
47 267 467
16 162 291
124 164 359
312 363 488
36 299 478
104 164 359
166 398 477
3 167 367
74 178 233
23 35 174
60 168 345
14 207 471
37 168 242
160 220 368
169 171 494
218 231 420
34 117 470
176 310 461
41 171 292
38 234 296
173 294 341
173 294 410
176 365 427
176 407 461
204 230 446
261 283 446
107 141 232
118 201 297
45 181 307
104 107 141
132 214 438
183 253 330
43 185 212
185 212 322
187 203 287
187 287 466
188 198 432
48 116 187
190 302 395
191 308 331
197 325 420
197 325 377
105 161 187
56 197 377
24 367 452
197 420 427
138 198 211
198 211 432
198 312 443
138 198 443
88 209 226
119 199 408
200 320 425
79 97 376
110 318 366
206 442 486
149 207 471
112 209 226
209 239 354
177 212 322
72 129 461
214 251 375
335 385 444
36 465 494
214 364 438
215 342 440
128 179 260
196 290 441
180 295 398
220 368 391
74 221 321
222 324 437
228 287 479
225 402 440
