162 196 290
225 329 402
288 301 346
95 184 289
211 354 490
53 77 248
11 242 426
45 346 417
168 242 255
64 320 425
41 292 435
108 284 337
263 300 453
131 184 392
75 374 412
17 264 316
31 380 450
96 204 390
26 66 232
100 156 288
342 440 473
225 402 447
323 372 383
12 273 423
128 260 481
12 386 423
256 400 450
334 422 498
53 65 205
1 369 421
31 63 475
140 409 431
138 312 443
22 272 419
225 383 447
45 307 456
55 191 331
223 377 379
86 172 323
16 291 393
10 30 56
56 223 377
71 165 339
348 463 480
60 151 168
60 189 489
18 315 330
64 200 289
118 434 436
211 290 490
16 162 172
91 293 305
29 196 286
86 293 323
118 266 434
46 75 412
39 47 269
217 285 403
222 250 414
121 126 201
158 269 385
247 309 401
27 84 144
33 82 378
25 222 250
17 192 316
229 343 350
229 241 350
244 479 482
228 230 466
105 160 220
99 387 415
175 228 455
160 220 391
355 356 499
57 187 287
202 220 391
8 110 415
193 271 499
43 212 298
8 382 415
40 355 472
133 140 256
139 249 457
167 249 457
106 143 175
143 317 452
52 150 321
68 259 386
74 141 321
259 386 423
100 288 423
288 369 421
288 369 423
288 301 421
301 307 346
1 275 397
1 219 369
1 159 275
301 307 456
159 275 477
128 248 481
77 248 481
0 338 362
0 273 338
304 338 389
304 386 389
12 386 389
68 304 386
68 141 304
141 304 321
134 178 411
98 164 358
74 178 351
98 164 404
74 233 351
178 351 411
49 233 313
109 221 276
62 109 276
31 344 380
281 422 498
380 422 450
31 344 468
334 380 422
113 190 302
77 342 347
77 462 481
77 347 462
87 428 473
65 342 473
53 205 248
334 344 380
177 322 409
63 409 475
31 468 475
322 409 475
428 440 473
85 198 312
138 198 312
138 198 432
162 290 441
5 138 432
225 293 323
225 323 383
329 428 440
32 225 329
42 428 443
13 402 447
442 486 497
58 331 416
13 215 402
181 398 497
180 398 497
45 181 456
180 486 497
22 58 383
55 308 331
58 153 331
191 331 416
166 181 456
156 288 346
45 307 346
153 272 483
153 308 331
58 153 272
308 419 483
153 308 483
22 58 272
272 419 483
22 419 476
10 130 417
10 130 258
10 117 258
10 92 117
117 258 470
111 349 393
172 224 372
21 22 34
16 172 224
172 323 372
86 172 441
162 172 441
16 224 393
21 224 372
34 111 470
145 235 480
145 349 379
16 162 196
16 196 291
37 44 463
37 348 463
231 235 480
231 420 427
231 235 325
365 420 427
56 325 377
56 325 420
30 71 417
10 30 417
30 71 464
231 325 420
365 370 464
71 339 461
71 370 464
71 370 461
129 165 357
95 165 357
72 152 245
186 245 489
4 210 332
60 189 345
189 345 487
176 189 487
176 310 407
218 345 487
11 242 255
151 168 242
154 183 371
44 426 496
37 44 426
213 289 425
95 213 289
95 186 213
255 268 474
64 200 320
7 23 174
2 238 474
64 289 425
146 200 320
238 320 474
146 451 495
39 47 396
89 267 467
2 7 174
15 89 267
69 277 279
115 154 253
15 89 371
89 183 371
201 226 297
315 434 436
112 209 239
88 112 209
253 315 330
174 183 330
23 35 279
18 174 330
23 174 279
23 35 496
35 277 279
29 196 413
78 413 463
29 78 413
69 252 286
29 69 286
196 290 490
196 286 490
211 239 354
88 112 226
126 201 297
118 266 297
88 201 226
85 198 432
85 312 488
41 123 292
19 309 401
97 121 410
61 294 341
61 294 309
173 341 410
39 376 396
97 376 410
39 376 410
79 121 126
118 126 297
79 97 121
54 385 493
269 385 448
158 254 269
146 254 467
47 254 269
146 254 495
158 182 254
155 163 495
200 289 381
184 289 449
289 381 449
182 254 495
90 333 399
84 144 399
131 184 418
27 84 324
222 282 414
84 324 437
83 333 353
158 385 445
114 257 335
132 257 373
50 132 373
50 214 270
114 257 373
27 144 418
222 282 392
282 392 485
9 184 485
131 222 392
184 392 485
25 114 373
6 127 227
9 227 282
9 282 485
9 157 184
127 157 311
241 350 454
229 241 311
285 482 484
6 241 375
50 270 373
311 343 479
229 311 343
236 287 482
217 285 300
251 364 438
364 438 453
33 216 237
61 247 309
33 82 405
19 309 494
33 401 405
19 401 405
51 108 337
17 192 264
38 234 264
234 296 337
192 482 484
81 192 316
142 202 203
202 203 220
81 142 202
243 314 384
57 203 220
57 203 287
203 236 287
230 287 466
106 175 466
161 187 361
70 101 160
161 246 314
40 137 243
59 70 355
108 284 391
59 355 356
51 108 368
36 120 123
110 292 435
8 120 478
271 355 499
110 318 415
120 123 292
36 123 465
46 366 412
46 85 188
46 85 366
85 188 432
298 388 469
212 298 388
125 298 488
99 303 469
140 256 387
140 303 387
99 303 387
177 409 431
119 199 256
93 382 415
122 193 271
193 478 499
122 271 394
147 352 472
352 394 472
20 148 433
199 256 400
328 429 450
328 400 450
14 103 207
102 170 433
102 433 459
135 351 411
135 149 471
49 141 313
104 107 124
136 141 358
149 207 458
98 103 358
67 164 404
67 249 326
103 136 358
107 124 359
26 124 359
104 164 358
104 107 358
67 124 326
249 278 326
167 249 278
246 317 367
317 367 452
106 143 208
175 228 466
228 230 340
230 261 340
36 465 478
299 465 478
78 463 496
155 449 495
13 447 491
442 486 491
206 442 491
310 427 461
281 422 429
422 429 450
184 418 449
206 416 447
306 412 435
336 407 461
310 407 461
147 387 394
383 416 447
193 382 478
381 451 495
214 375 414
299 356 368
353 385 445
8 382 478
244 350 479
350 403 454
54 335 385
333 353 495
210 332 489
332 360 425
213 332 425
327 387 408
268 320 360
318 363 366
365 420 464
284 316 391
81 316 391
101 314 355
310 427 487
176 310 487
130 308 476
38 300 484
285 300 484
299 478 499
381 449 495
180 295 486
215 295 347
319 385 448
98 280 404
35 277 496
78 277 496
143 274 452
24 274 452
0 273 430
271 394 472
214 270 414
250 270 414
39 269 319
268 320 474
38 264 484
264 284 316
82 263 405
263 296 405
47 267 396
240 262 266
18 262 266
261 274 340
261 274 460
258 470 476
255 268 360
115 253 396
80 247 341
244 285 403
244 285 482
44 463 496
243 355 384
365 427 461
241 251 454
240 252 354
112 240 297
112 239 240
182 353 495
234 264 284
197 420 464
234 263 296
76 232 278
26 232 278
230 479 482
230 287 482
122 387 394
228 274 455
320 360 425
227 282 414
87 334 344
86 211 305
217 403 454
308 419 476
119 199 400
55 191 417
83 437 444
295 486 491
1 73 159
70 101 355
81 192 482
81 142 203
54 80 173
80 173 341
80 132 257
79 118 436
42 138 443
94 205 248
76 232 446
76 167 278
75 239 424
25 270 373
119 328 459
73 260 481
73 159 462
170 328 471
241 251 375
70 160 391
59 70 368
81 236 482
29 69 78
41 171 435
68 100 156
252 286 490
52 221 321
6 127 311
92 117 470
6 227 414
261 283 460
60 151 218
152 186 245
62 276 395
253 376 396
79 253 376
69 262 279
57 105 361
57 187 361
10 56 92
56 197 464
56 223 406
56 92 406
83 84 333
228 274 340
73 462 481
20 433 459
73 190 430
54 80 257
76 283 446
69 78 277
52 276 302
75 88 209
251 300 364
51 299 465
51 296 337
169 294 341
51 296 405
63 133 140
56 197 420
50 132 438
85 363 488
50 214 251
65 77 342
83 385 444
49 74 233
110 366 412
83 353 385
48 161 187
109 281 498
47 254 467
79 118 126
145 196 413
82 263 453
45 442 492
252 354 490
343 350 479
85 363 366
150 190 321
154 183 253
190 321 362
81 203 236
15 267 396
5 138 424
50 251 438
101 161 361
4 60 255
40 137 457
40 243 355
119 328 400
34 470 476
20 147 148
43 177 388
11 23 426
15 195 371
115 154 195
2 7 474
18 315 434
115 195 396
134 281 429
67 139 249
4 60 489
26 66 107
24 283 460
94 205 334
83 84 437
20 327 408
12 338 389
66 232 390
179 276 302
1 73 430
163 333 495
169 341 410
57 105 220
41 169 494
24 76 167
146 238 467
6 375 414
145 325 377
9 127 227
9 127 157
62 94 395
38 234 263
45 191 417
146 381 451
26 124 326
111 224 393
49 74 141
1 301 397
140 177 303
5 46 75
304 321 362
22 34 476
33 237 247
139 148 457
8 110 292
45 191 492
105 160 361
14 98 170
67 280 404
18 174 279
14 98 103
75 88 374
52 190 302
5 46 188
21 111 224
0 190 362
138 211 239
20 147 327
116 208 439
185 322 475
43 312 488
69 240 252
158 182 445
73 113 190
204 232 390
136 141 458
159 347 398
0 190 430
192 264 484
18 262 279
52 150 190
18 266 434
43 298 488
2 174 183
80 132 216
37 151 426
314 355 384
148 170 280
33 247 401
166 181 398
137 243 246
219 273 430
24 76 283
1 219 430
217 251 454
32 42 428
60 168 255
145 413 463
19 465 494
240 266 297
2 238 467
14 170 471
54 257 335
144 418 449
147 327 387
4 210 489
167 367 452
139 148 280
5 188 432
143 274 455
132 378 453
31 133 450
119 256 387
31 63 133
13 215 491
28 336 461
96 107 358
43 212 388
1 301 421
169 294 309
38 263 300
7 255 474
86 293 305
63 140 409
72 245 489
23 426 496
24 274 460
7 11 255
182 353 445
223 349 406
28 339 461
21 34 111
69 240 262
145 291 393
55 130 308
253 315 436
21 22 372
217 251 300
39 173 319
22 372 383
55 130 417
61 247 341
154 195 371
179 260 395
181 442 497
32 42 138
51 299 368
135 411 429
27 131 222
20 119 408
25 114 444
26 107 359
70 108 368
28 72 489
239 240 354
80 216 247
8 120 292
28 72 339
20 119 459
95 186 357
2 89 183
176 189 489
40 457 472
5 75 424
39 173 410
32 329 428
26 278 326
48 143 208
269 319 448
4 332 360
130 258 476
52 221 276
54 173 319
65 205 473
70 108 391
206 447 491
87 205 473
36 120 478
37 151 348
147 148 472
114 335 444
4 255 360
87 205 334
79 253 436
87 185 443
87 185 468
104 124 164
300 364 453
27 131 418
191 206 492
3 137 167
171 306 412
90 144 399
12 273 338
54 319 493
91 211 305
91 138 211
32 91 138
91 225 293
25 437 444
92 111 349
62 94 334
19 405 465
92 111 470
244 350 403
145 349 393
92 349 406
94 128 248
90 144 194
149 313 458
96 141 358
129 186 357
25 222 437
99 298 469
99 125 298
135 149 313
99 318 415
99 125 363
3 137 367
99 318 363
100 259 423
101 161 314
129 152 165
275 397 477
102 170 328
102 328 459
59 356 368
103 136 458
103 207 458
243 246 314
204 232 446
187 439 466
106 208 439
2 89 467
106 439 466
96 107 390
109 134 281
109 334 498
87 344 468
53 65 77
110 412 435
112 226 297
73 113 260
75 209 239
113 179 260
41 169 171
176 336 489
215 342 347
119 387 408
98 170 280
93 122 382
365 370 461
122 193 382
122 387 415
7 11 23
93 122 415
41 123 494
123 465 494
48 143 317
67 124 164
295 347 398
125 363 488
68 100 259
94 128 395
58 383 416
128 260 395
129 152 186
137 167 457
6 241 311
132 216 265
25 250 270
191 206 416
132 265 378
132 438 453
133 256 450
62 109 334
134 178 221
271 355 472
109 134 221
145 377 379
134 411 429
135 233 313
135 233 351
135 328 429
72 152 339
135 328 471
137 246 367
82 378 453
81 202 391
138 239 424
140 177 431
141 313 458
30 56 464
15 195 396
143 175 455
144 194 449
171 374 412
32 91 225
145 196 291
113 179 302
145 235 325
145 463 480
146 200 381
147 352 394
74 178 221
148 170 433
51 405 465
66 107 390
148 457 472
151 242 426
171 306 435
304 338 362
230 261 446
234 284 337
169 309 494
155 194 449
216 265 378
121 169 201
159 347 462
159 398 477
43 185 312
101 160 361
87 428 443
47 267 467
84 333 399
161 246 317
155 163 194
90 163 194
90 163 333
146 238 320
166 301 397
166 301 456
166 398 477
3 167 367
24 167 452
48 161 317
14 207 471
169 171 374
169 201 374
121 169 410
219 369 423
176 336 407
177 303 469
43 177 185
204 230 446
261 283 446
179 276 395
45 181 442
183 253 330
185 312 443
177 388 469
185 468 475
116 187 439
187 287 466
166 397 477
67 139 280
48 116 187
28 336 489
86 211 441
60 218 345
177 185 322
79 97 376
110 318 366
319 385 493
206 442 492
149 207 471
223 349 379
219 273 423
211 290 441
213 332 489
186 213 489
214 251 375
335 385 444
215 329 402
215 329 440
152 165 339
215 342 440
215 295 491
216 237 247
299 356 499
33 216 378
88 201 374
151 218 348
218 231 427
218 427 487
218 348 480
218 231 480
48 116 208
180 295 398
74 221 321
27 222 324
222 324 437
