225 329 402
13 215 295
177 303 431
95 184 289
147 327 408
138 211 305
347 462 477
52 221 302
318 363 435
205 334 344
13 295 491
11 242 426
45 346 417
310 336 407
168 242 255
44 78 463
8 193 382
41 292 435
131 184 392
79 253 315
27 222 418
244 350 454
214 250 414
202 284 391
274 340 455
17 264 316
14 103 170
100 156 288
1 159 219
323 372 383
159 219 273
12 273 423
150 321 362
128 260 481
221 276 302
62 94 205
334 422 498
128 205 248
53 65 205
65 205 344
31 63 475
138 312 443
87 185 344
34 224 393
55 308 417
45 181 497
347 398 477
45 307 456
55 191 331
223 377 379
252 286 354
86 172 323
35 78 277
231 348 480
16 291 393
235 325 377
291 349 393
30 197 464
130 419 476
10 30 56
56 223 377
231 427 487
71 165 339
28 336 407
348 463 480
151 242 348
37 242 348
211 290 490
16 162 172
86 293 323
5 209 424
41 306 435
217 285 403
90 155 163
195 376 396
90 333 353
61 80 341
247 309 401
9 157 227
25 324 437
33 82 378
214 250 270
244 403 454
251 375 454
229 343 350
105 160 220
59 108 368
122 147 387
99 387 415
175 228 455
355 356 499
57 187 287
202 220 391
120 299 478
43 212 298
99 125 415
99 125 469
93 122 387
40 355 472
137 457 472
147 387 408
48 116 439
106 143 175
208 439 466
175 274 455
26 76 278
52 150 321
288 301 421
301 397 421
1 275 397
275 397 456
159 462 481
1 397 421
1 219 369
0 73 430
1 159 275
0 73 159
159 275 477
0 338 362
0 362 430
304 338 389
68 141 304
150 190 302
141 304 321
52 150 302
98 164 358
74 178 351
74 233 351
178 351 411
62 334 498
31 344 380
281 422 498
185 322 468
281 429 450
31 344 468
62 205 334
334 380 422
94 276 395
113 190 302
94 128 205
77 342 347
77 462 481
77 347 462
342 347 440
53 205 248
334 344 380
177 322 409
322 468 475
31 468 475
185 428 443
185 344 468
138 198 312
138 198 432
162 290 441
5 138 432
211 293 305
91 138 305
32 42 293
42 329 428
87 185 428
329 402 440
225 323 383
329 428 440
32 225 329
32 42 329
42 428 443
442 486 497
58 331 416
13 206 491
215 347 440
180 295 491
180 398 497
166 181 477
166 275 477
45 181 456
159 462 477
180 486 497
22 58 383
55 308 331
58 153 331
191 331 416
166 275 456
166 181 456
156 288 346
45 417 492
45 307 346
153 272 483
153 308 331
130 308 419
58 153 272
308 419 483
153 308 483
272 419 483
92 111 117
10 130 258
10 117 258
10 92 117
21 22 383
172 224 372
21 22 34
16 172 224
172 323 372
86 172 441
86 290 441
162 172 441
16 224 393
21 34 224
145 349 379
16 196 291
37 44 463
37 348 463
231 235 480
10 223 406
231 235 325
197 365 464
10 92 406
10 56 223
30 71 417
10 30 417
30 71 464
30 56 420
30 197 420
28 72 336
365 370 464
71 370 464
72 339 461
28 72 245
129 165 357
28 245 489
95 165 357
129 152 357
176 427 487
28 189 489
72 152 245
186 245 489
186 213 332
4 210 332
186 210 489
176 310 427
176 189 487
176 310 407
218 345 487
218 231 487
11 242 255
151 168 242
146 320 467
115 154 371
7 11 426
37 242 426
44 426 496
37 44 426
2 7 11
186 210 332
95 213 289
95 186 213
255 268 474
11 255 474
2 11 474
7 23 174
2 238 474
268 360 425
238 320 474
238 320 467
47 254 267
39 47 396
89 267 467
2 7 174
15 89 267
115 154 253
15 89 371
79 315 436
315 434 436
112 209 239
23 35 496
35 277 279
252 262 279
112 252 354
240 252 262
69 252 286
286 354 490
209 239 424
5 88 209
112 239 354
112 240 266
112 240 252
46 75 188
306 374 412
41 309 494
19 309 401
171 294 309
97 121 410
169 171 294
61 294 309
173 319 493
39 319 410
173 341 410
173 319 410
163 182 495
97 376 410
79 121 126
118 126 297
79 97 121
115 195 376
39 269 448
158 353 445
158 182 254
184 289 449
289 381 449
155 381 449
182 254 495
90 333 399
144 184 194
131 184 418
27 84 324
84 324 437
25 27 324
83 333 353
385 448 493
54 83 444
54 173 493
114 257 335
54 335 444
50 214 270
80 247 257
25 27 222
184 194 449
282 392 485
9 184 485
184 392 485
9 282 485
9 157 184
229 241 311
285 482 484
192 236 482
241 375 454
311 343 479
229 311 343
244 343 350
244 343 479
236 287 482
287 479 482
82 263 378
217 285 300
251 364 438
364 438 453
132 247 257
33 216 237
19 309 494
51 465 494
19 401 405
192 482 484
38 192 484
81 192 316
81 192 236
243 314 384
57 203 220
57 203 287
203 236 287
143 208 317
106 208 466
116 161 187
48 116 161
161 187 361
161 246 314
101 314 384
40 137 243
40 137 472
70 101 384
8 193 478
108 284 391
59 355 356
59 70 160
59 108 160
36 120 123
110 292 435
8 120 478
271 355 499
110 318 435
120 123 292
36 123 465
363 366 435
318 363 488
46 366 412
46 85 366
43 312 443
125 298 488
99 303 469
99 303 387
177 409 431
119 199 256
93 387 415
93 193 382
122 271 394
147 352 472
352 394 472
119 327 408
328 400 459
199 256 400
328 429 450
14 103 207
102 170 433
14 149 471
135 149 471
49 141 313
246 314 367
136 141 358
98 148 280
98 103 358
67 164 404
67 249 326
103 136 358
96 107 141
107 141 358
26 66 359
96 107 232
96 232 390
66 107 232
66 107 359
104 164 358
104 107 358
67 124 326
67 249 404
124 278 326
246 317 367
3 24 452
143 175 274
106 143 208
274 340 460
204 230 261
398 477 497
287 466 479
328 459 471
442 486 491
206 442 491
310 427 461
191 416 492
416 442 492
206 416 447
318 415 488
306 412 435
134 411 498
281 411 429
249 404 457
194 399 449
39 396 410
303 387 431
140 387 431
383 416 447
383 402 447
145 377 480
235 377 480
325 377 427
377 420 427
56 377 420
214 375 414
299 356 368
353 385 445
145 349 413
71 339 370
339 370 461
19 337 494
332 360 425
213 332 425
119 327 459
20 327 459
146 320 451
315 330 434
313 351 411
301 307 397
41 306 309
171 306 309
38 300 484
285 300 484
299 478 499
118 297 436
266 297 434
123 292 494
41 292 494
86 290 293
211 290 293
289 381 451
288 301 307
288 307 346
285 479 482
139 280 404
26 278 359
29 277 413
29 277 286
51 337 494
193 271 478
271 394 472
268 320 474
234 264 337
38 264 300
234 264 300
82 263 405
47 267 396
262 266 434
18 262 434
240 262 266
204 261 446
300 378 453
68 259 304
259 304 386
258 470 476
50 257 270
257 270 373
256 328 450
255 268 360
254 451 495
146 254 451
115 253 376
69 252 277
250 282 414
222 250 282
53 248 342
77 248 342
152 245 357
244 285 403
243 355 384
365 427 461
281 411 498
211 239 490
268 320 425
234 263 300
234 263 296
74 233 321
228 230 455
281 380 422
229 350 454
48 317 439
228 466 479
376 396 410
217 403 454
43 177 443
39 319 493
119 199 400
60 345 487
84 144 194
55 191 417
83 437 444
83 333 399
73 159 481
81 316 337
28 176 407
81 142 203
239 354 490
80 247 309
3 24 76
54 80 173
80 173 341
12 259 386
158 445 448
79 118 436
78 145 480
146 267 467
78 145 413
42 138 443
180 486 491
76 232 390
25 270 373
124 278 359
73 260 481
35 44 78
64 213 425
29 291 413
72 310 461
189 210 489
70 101 361
68 100 156
76 390 446
16 162 290
177 185 443
70 160 361
64 200 451
272 419 476
90 163 182
64 289 451
64 213 289
261 340 460
52 221 321
63 322 409
63 322 475
63 140 431
261 283 460
60 189 487
181 477 497
59 355 384
83 84 399
58 272 476
79 253 376
131 282 392
57 105 361
57 187 361
73 190 430
222 282 418
54 80 257
76 283 446
0 159 338
251 300 364
51 108 284
63 133 140
98 103 433
51 284 337
50 132 438
93 122 271
50 214 251
5 88 432
46 75 201
49 233 321
75 201 297
47 158 254
50 132 257
79 118 126
46 201 374
45 442 492
85 363 366
81 203 236
15 267 396
5 138 424
50 251 438
244 285 479
42 91 305
101 161 361
42 293 305
129 152 339
212 388 469
42 91 138
4 60 255
53 440 473
40 243 355
39 448 493
20 98 433
67 124 359
20 98 148
43 177 388
15 195 371
24 317 367
18 330 434
18 174 183
78 277 413
3 137 249
14 207 458
78 463 480
16 196 290
29 286 490
252 277 279
24 283 460
200 320 451
3 137 452
36 108 465
83 84 437
46 188 198
62 109 134
12 338 389
12 304 386
12 259 423
179 276 302
53 65 473
39 158 269
108 220 391
57 105 220
197 365 427
49 313 351
19 234 337
6 375 414
9 282 414
14 149 458
4 60 189
49 233 351
18 183 330
261 340 455
24 143 317
304 321 362
33 237 247
139 148 457
29 196 291
125 415 488
8 110 292
17 38 264
105 160 361
218 231 348
33 82 401
1 288 369
18 174 279
85 198 363
82 401 405
138 211 239
366 412 435
20 147 327
43 312 488
1 288 421
6 127 157
77 128 248
13 215 440
136 141 458
31 281 380
129 165 339
18 262 279
43 298 488
2 174 183
2 154 183
49 141 321
229 241 454
132 237 247
46 374 412
33 247 401
28 176 189
20 148 472
46 85 198
109 178 411
24 76 283
353 385 493
84 194 399
217 251 454
63 409 431
62 134 498
34 349 393
19 263 296
60 168 255
65 87 344
2 238 467
14 170 471
54 257 335
163 451 495
139 148 280
132 378 453
106 175 228
6 9 227
163 381 451
19 263 405
20 102 459
31 133 450
81 284 337
6 157 227
31 63 133
135 313 411
43 212 388
66 76 232
142 203 220
23 426 496
24 274 460
307 397 456
17 38 316
109 178 276
223 349 406
8 93 382
61 294 410
3 167 249
22 58 476
22 34 111
217 251 300
8 93 110
131 282 418
54 83 493
127 157 241
24 143 274
84 184 418
29 290 490
32 225 323
137 314 367
53 342 440
65 87 473
25 257 373
31 281 450
228 230 479
98 164 280
90 155 399
135 411 429
206 416 442
25 114 444
10 308 417
61 341 410
8 120 292
157 241 311
95 186 357
29 196 290
35 44 496
122 147 394
20 102 433
84 144 184
256 328 400
20 147 472
12 304 389
4 332 360
59 70 384
130 258 476
264 316 337
2 89 154
67 164 359
35 174 279
75 88 297
385 445 448
36 108 368
38 192 316
114 335 444
4 255 360
87 428 440
111 117 258
75 88 188
300 364 453
6 127 375
119 133 256
88 226 297
113 190 260
90 158 353
12 273 338
90 158 182
19 234 296
25 437 444
92 111 349
93 193 271
225 383 402
93 318 415
93 110 318
62 94 109
271 478 499
137 367 452
263 300 378
92 349 406
125 212 298
149 313 458
215 347 398
96 390 446
96 204 446
135 149 313
100 259 423
100 288 369
81 142 284
100 369 423
101 161 314
3 76 278
104 107 359
102 170 471
102 459 471
59 356 368
103 170 433
106 228 466
103 136 458
103 207 458
187 439 466
2 89 467
77 128 481
108 160 220
109 134 411
137 243 314
111 258 470
22 111 476
111 470 476
297 434 436
112 266 297
112 226 297
113 179 260
119 133 140
51 108 465
119 140 408
119 400 459
36 120 368
120 299 368
121 201 297
10 130 308
365 370 461
215 295 398
123 465 494
137 249 457
125 212 469
121 126 297
68 100 259
127 241 375
94 128 395
128 179 395
58 383 416
154 253 315
132 216 265
132 216 237
132 265 378
27 84 418
132 438 453
34 111 349
133 256 450
271 355 472
145 377 379
25 114 257
13 402 440
135 328 429
72 152 339
135 328 471
138 239 424
64 200 425
140 387 408
7 23 426
61 80 309
141 313 458
15 195 396
142 202 220
142 202 284
231 325 427
113 179 302
69 277 286
291 349 413
146 254 267
147 352 394
74 178 221
148 457 472
88 188 432
150 362 430
150 190 430
304 338 362
201 306 374
155 399 449
216 265 378
158 269 448
83 353 493
121 169 201
159 273 338
208 317 439
161 246 317
169 171 201
155 163 381
164 280 404
312 363 488
104 164 359
89 154 371
167 278 326
230 261 455
167 249 326
23 35 174
151 168 218
60 168 218
48 161 317
3 167 278
121 169 410
169 294 410
6 9 414
154 183 315
219 369 423
177 303 469
224 372 383
72 310 336
178 221 276
261 283 446
21 224 383
179 276 395
87 440 473
183 315 330
45 442 497
32 293 323
177 388 469
186 245 357
116 187 439
187 287 466
188 198 432
25 222 270
73 190 260
191 417 492
115 195 371
139 404 457
24 367 452
197 420 427
198 312 363
206 402 447
60 218 345
88 209 226
200 320 425
177 185 322
79 97 376
171 201 306
13 206 402
26 66 76
223 349 379
94 109 276
112 209 226
219 273 423
214 251 375
299 356 499
128 179 260
33 216 378
151 218 348
4 189 210
39 47 158
180 295 398
74 221 321
222 250 270
