225 329 402
95 184 289
147 327 408
138 211 305
347 462 477
109 134 178
116 439 466
318 363 435
215 402 440
11 242 426
310 336 407
168 242 255
333 399 444
320 425 474
44 78 463
41 292 435
108 284 337
131 184 392
79 253 315
214 250 414
202 284 391
6 214 414
274 340 455
17 264 316
303 388 469
31 380 450
96 204 390
26 66 232
1 159 219
323 372 383
14 328 471
12 273 423
150 321 362
128 260 481
62 94 205
334 422 498
128 205 248
53 65 205
31 63 475
140 409 431
87 185 344
55 191 492
55 308 417
347 398 477
45 307 456
55 417 492
21 372 383
55 191 331
223 377 379
92 111 406
29 78 277
58 206 447
16 291 393
235 325 377
130 419 476
10 30 56
56 223 377
231 427 487
71 165 339
28 336 407
4 255 268
89 174 183
145 413 480
16 162 172
86 293 323
112 226 266
41 306 435
217 285 403
90 155 163
222 250 414
121 126 201
97 115 376
9 157 227
83 333 444
25 324 437
214 250 270
6 214 375
250 270 373
17 192 316
251 403 454
105 187 361
38 285 484
244 479 482
228 230 466
105 160 220
99 387 415
160 220 391
355 356 499
43 185 322
24 167 278
40 243 384
147 387 408
133 140 256
147 148 457
139 249 457
175 274 455
52 150 321
68 259 423
68 259 386
68 156 423
100 156 423
288 301 421
301 397 421
1 275 397
159 462 481
1 397 421
219 273 369
1 219 369
1 159 275
159 275 477
0 338 362
73 113 179
0 273 338
0 362 430
304 338 389
68 304 386
68 141 304
141 304 321
74 109 221
52 150 302
74 109 178
98 164 358
74 178 351
135 281 429
135 313 351
98 164 404
74 233 351
62 334 498
109 221 276
185 322 468
281 429 450
170 328 459
380 422 450
62 205 334
334 380 422
113 190 302
73 159 260
73 113 430
159 260 481
73 179 260
94 128 260
94 128 205
77 462 481
342 347 440
53 205 248
53 65 342
334 344 380
322 468 475
31 468 475
185 344 468
43 185 443
91 138 443
138 198 312
162 290 441
91 138 305
42 329 428
87 185 428
225 323 383
32 225 329
32 42 329
13 402 447
58 206 416
13 206 447
58 383 447
416 442 486
191 442 492
13 206 491
180 206 491
215 347 440
180 295 491
45 181 456
159 462 477
206 416 486
55 308 331
166 181 456
45 307 346
153 272 483
153 308 331
58 153 272
308 419 483
153 308 483
22 58 272
22 419 476
92 111 117
10 130 258
10 117 258
10 92 117
111 117 470
21 22 34
86 172 441
162 172 441
16 224 393
21 224 372
16 196 291
37 44 463
231 420 427
231 235 325
235 377 379
365 420 427
223 379 406
30 71 417
30 71 464
197 365 420
231 325 420
28 72 336
71 339 461
71 370 464
71 370 461
72 165 339
72 339 461
28 72 245
129 165 357
28 245 489
95 165 357
129 152 357
28 189 489
72 152 245
186 245 489
186 210 489
28 189 407
176 310 407
218 345 487
218 231 487
11 242 255
146 320 467
18 174 262
154 183 371
44 426 496
2 7 11
213 332 360
213 289 425
186 210 332
95 213 289
213 360 425
255 268 474
268 425 474
2 238 474
268 360 425
64 289 425
238 320 474
238 320 467
47 254 267
146 451 495
39 47 396
15 115 371
89 267 467
2 7 174
15 89 267
2 89 174
154 183 330
15 89 371
89 183 371
15 115 195
79 315 436
154 253 330
201 226 297
315 434 436
88 112 209
18 240 262
253 315 330
23 35 279
174 262 279
23 35 496
35 277 279
29 69 277
29 196 413
29 78 413
18 240 266
69 252 286
29 69 286
209 239 424
211 239 354
5 211 424
211 239 424
88 112 226
112 240 266
112 240 252
121 171 201
5 75 88
171 201 374
121 169 171
171 306 374
306 374 412
41 171 306
306 366 412
19 309 401
61 294 309
83 353 445
173 319 493
54 173 341
173 341 410
173 319 410
39 376 396
163 182 495
97 376 410
118 126 436
79 126 436
54 385 493
39 269 448
158 182 254
184 289 449
289 381 449
90 163 353
144 184 194
222 282 414
84 399 437
84 324 437
25 114 437
399 437 444
83 333 353
54 83 444
54 173 493
54 335 444
132 257 373
265 378 438
50 132 373
50 214 270
131 222 418
222 282 392
184 194 449
282 392 485
9 184 485
131 222 392
184 392 485
6 282 414
9 227 282
9 282 485
9 157 184
127 157 227
6 127 241
229 241 311
285 482 484
6 241 375
50 270 373
132 251 438
311 343 479
244 403 482
244 343 479
217 251 403
285 403 482
236 287 482
287 479 482
217 251 364
217 285 300
251 364 438
132 265 438
33 216 237
61 247 309
19 296 405
378 438 453
234 316 337
33 82 405
33 237 401
19 309 494
33 401 405
19 401 405
59 299 368
51 108 337
234 264 316
284 316 337
38 234 264
234 296 337
192 482 484
81 284 316
81 202 284
142 202 203
81 142 236
81 142 202
243 314 384
230 287 466
116 287 466
106 175 466
48 116 161
101 105 160
101 105 361
70 101 160
101 314 384
48 246 317
40 137 243
70 101 384
59 70 355
108 284 391
59 355 356
51 368 465
36 368 465
51 108 368
59 299 356
36 120 123
8 110 120
36 123 465
46 366 412
46 85 188
46 85 366
43 177 212
298 388 469
212 298 388
125 298 488
99 303 469
177 212 388
177 409 431
63 133 256
135 429 471
147 148 327
93 382 415
122 271 394
352 394 472
148 280 457
139 280 457
102 170 459
20 148 433
20 148 327
199 256 400
14 170 328
14 103 207
102 170 433
14 149 471
328 429 471
135 351 411
135 149 471
49 141 313
136 207 458
103 136 207
136 141 358
98 148 280
98 103 358
67 249 326
103 136 358
96 107 141
107 141 358
66 107 359
104 164 358
104 107 358
67 124 326
67 249 404
26 124 278
139 249 404
124 278 326
76 232 283
246 317 367
230 287 479
261 283 340
143 274 460
24 76 278
232 283 446
204 230 261
228 455 466
175 455 466
24 452 460
143 452 460
281 450 498
381 449 451
155 449 451
310 427 461
134 411 498
13 402 491
295 402 491
329 402 428
328 400 429
194 399 449
147 387 394
383 402 447
344 380 468
145 379 480
325 377 420
319 376 448
333 353 399
90 353 399
147 352 457
8 382 478
346 417 492
343 350 454
77 342 481
77 342 462
80 335 341
331 416 442
146 320 451
319 376 410
315 330 434
236 316 482
192 316 482
229 311 350
310 427 487
176 310 487
301 307 397
306 363 366
306 363 435
276 302 395
343 403 454
190 302 362
300 364 438
217 300 364
299 478 499
118 297 436
215 295 402
123 292 494
41 292 494
110 292 318
319 385 448
211 290 354
289 381 451
98 280 404
139 280 404
274 283 460
0 273 430
82 263 405
263 296 405
47 267 396
228 261 455
204 261 446
300 378 453
94 260 395
256 400 429
115 253 371
53 248 342
80 247 341
243 367 452
365 427 461
281 411 498
241 251 454
240 262 279
237 309 401
81 236 316
235 348 480
234 263 296
76 232 278
26 232 278
122 387 394
229 350 454
228 230 261
226 297 434
87 334 344
88 226 374
86 211 305
84 144 418
119 199 400
60 345 487
84 144 194
25 84 324
82 263 300
193 355 499
244 343 403
80 132 257
12 259 386
158 445 448
146 267 467
57 202 391
110 382 415
119 328 459
145 349 406
73 219 273
72 310 461
241 251 375
70 160 391
59 70 368
146 182 254
16 162 290
66 124 359
65 440 473
64 200 451
64 289 451
252 286 490
63 256 450
52 221 321
60 189 487
152 186 245
150 302 362
10 56 92
193 271 382
56 197 464
56 223 406
56 92 406
117 470 476
308 417 419
140 177 388
54 83 445
52 276 302
51 296 337
63 133 140
85 363 488
50 251 375
19 51 296
274 283 340
156 307 346
54 335 341
49 74 233
118 126 201
48 161 314
47 158 254
145 196 413
78 413 480
252 354 490
44 78 277
85 363 366
17 38 484
442 486 492
73 273 430
44 242 426
44 168 242
5 211 432
15 267 396
43 177 409
43 138 312
42 91 305
101 161 361
42 185 428
4 60 255
40 137 457
40 271 394
119 328 400
42 91 443
67 124 359
45 181 492
121 126 410
11 23 426
40 394 472
79 97 115
349 393 406
108 368 391
127 227 282
18 330 434
18 174 183
115 195 396
116 187 203
16 224 372
14 207 458
33 82 216
78 463 480
65 334 473
16 196 290
29 286 490
24 283 460
200 320 451
2 255 474
140 322 409
3 137 452
20 327 408
62 109 134
12 338 389
50 214 375
66 232 390
12 304 386
12 259 423
46 75 374
39 158 269
86 323 372
57 105 220
49 313 351
49 74 321
41 169 494
10 130 419
19 51 465
8 299 478
62 94 395
38 234 263
39 376 448
14 149 458
8 120 299
4 60 189
49 233 351
99 140 387
18 183 330
43 138 443
261 340 455
5 46 75
304 321 362
22 34 476
17 38 264
2 11 255
14 98 170
218 231 348
1 288 369
14 98 103
75 88 374
5 46 188
82 216 378
116 208 439
4 189 489
69 240 252
1 288 421
204 232 390
352 457 472
17 192 484
136 141 458
193 382 499
18 266 434
49 141 321
229 241 454
132 237 247
46 374 412
166 181 398
24 76 283
84 194 399
62 134 498
40 70 355
97 126 410
60 168 255
70 368 391
19 465 494
143 317 367
2 238 467
82 300 378
79 97 126
4 210 489
163 451 495
37 463 480
191 331 442
5 188 432
57 202 203
32 42 305
80 114 335
48 246 314
300 438 453
7 174 279
20 102 459
34 111 476
43 322 409
100 273 288
169 294 309
38 263 300
25 27 418
85 298 488
86 293 305
57 187 203
7 23 279
290 354 490
23 426 496
307 397 456
106 208 274
61 294 410
21 58 383
21 22 58
21 34 111
181 486 497
145 291 393
273 288 369
21 111 406
21 224 406
180 181 398
57 220 391
65 205 334
22 272 483
73 159 219
127 157 241
201 226 374
29 290 490
61 247 341
32 225 323
80 114 257
128 342 481
22 419 483
179 260 395
25 27 84
25 257 373
104 164 404
140 199 256
90 155 399
10 30 419
20 119 408
25 222 418
163 353 445
151 168 348
63 140 475
61 341 410
31 380 468
157 241 311
20 119 459
95 186 357
29 196 290
35 44 496
16 172 372
40 457 472
20 102 433
40 271 355
32 293 305
12 304 389
48 143 208
237 247 309
26 66 124
130 258 476
52 221 276
31 63 450
35 44 277
385 445 448
240 277 279
37 168 348
37 348 480
38 285 300
114 335 444
87 334 473
87 428 440
155 163 451
5 88 424
88 209 424
3 137 167
146 182 495
12 273 338
85 188 198
342 347 462
109 276 395
42 185 443
225 383 402
152 186 357
145 349 393
106 175 274
95 213 332
149 313 458
95 186 332
215 347 398
99 110 318
99 110 415
99 140 303
99 298 469
154 253 371
131 144 418
99 125 298
135 149 313
222 250 373
99 125 363
292 318 435
99 318 363
100 273 423
100 156 301
100 288 301
101 161 314
129 152 165
40 70 384
275 397 477
243 246 314
67 104 404
204 232 446
145 379 406
106 208 439
2 89 467
106 439 466
96 107 390
110 123 292
110 120 123
256 429 450
8 110 382
43 212 312
111 470 476
297 434 436
113 190 362
402 428 440
113 362 430
114 437 444
41 169 171
115 376 396
116 203 287
116 187 361
117 258 476
119 140 199
119 140 408
80 132 247
116 161 361
36 120 368
120 299 368
93 122 382
140 322 475
365 370 461
122 387 415
7 11 23
93 122 415
215 295 398
123 465 494
48 143 317
137 249 457
382 478 499
125 363 488
6 127 282
128 248 342
62 109 395
231 235 348
131 144 184
422 450 498
132 216 265
50 132 251
132 216 237
27 84 418
122 271 382
134 351 411
243 246 367
25 114 257
134 178 351
137 167 249
137 243 452
64 200 425
142 236 287
98 148 170
140 177 431
140 303 388
140 387 408
141 313 458
30 56 464
15 195 396
142 203 287
143 367 452
226 266 434
145 196 291
113 179 302
166 397 456
25 222 373
146 254 267
180 181 497
147 352 394
57 105 187
148 170 433
66 107 390
86 172 372
304 338 362
72 152 165
58 153 416
153 331 416
158 163 182
210 332 360
169 309 494
69 240 277
155 399 449
156 301 307
143 208 274
311 343 350
216 265 378
158 163 445
158 269 448
67 104 107
65 342 440
54 385 445
176 407 487
166 398 477
167 278 326
167 249 326
24 167 452
151 168 218
60 168 218
189 407 487
121 169 410
235 379 480
169 294 410
3 167 452
72 310 336
261 283 446
224 393 406
118 201 297
179 302 395
87 440 473
181 486 492
67 107 359
32 293 323
188 198 432
166 397 477
193 271 355
197 365 370
56 197 377
86 211 441
138 198 211
198 211 432
198 298 312
60 218 345
200 320 425
4 210 268
209 252 354
45 346 492
319 385 493
180 206 497
206 486 497
112 209 252
209 239 354
37 44 168
30 417 419
135 281 411
210 268 360
197 377 420
197 370 464
211 290 441
212 298 312
299 356 499
85 198 298
151 218 348
79 115 253
39 47 158
48 116 208
180 295 398
74 221 321
