162 196 290
225 329 402
95 184 289
147 327 408
347 462 477
52 221 302
116 439 466
318 363 435
11 242 426
45 346 417
44 78 496
64 320 425
44 78 463
41 123 465
8 193 382
108 284 337
131 184 392
79 253 315
244 350 454
202 284 391
274 340 455
17 264 316
303 388 469
31 380 450
96 204 390
323 372 383
12 273 423
128 260 481
12 386 423
221 276 302
62 94 205
334 422 498
1 369 421
31 63 475
140 409 431
87 185 344
55 308 417
21 372 383
223 377 379
92 111 406
29 78 277
16 291 393
130 419 476
10 30 56
71 165 339
4 60 168
28 336 407
348 463 480
151 242 348
60 151 168
60 189 489
18 315 330
91 293 305
86 293 323
39 47 269
217 285 403
90 155 163
195 376 396
61 80 341
247 309 401
9 157 227
335 437 444
33 82 378
6 214 375
127 241 311
244 403 454
251 375 454
17 192 316
229 343 350
19 51 494
105 187 361
142 203 236
38 285 484
244 479 482
105 160 220
116 187 287
99 387 415
175 228 455
57 187 287
202 220 391
193 271 499
120 299 478
99 125 469
93 122 387
40 355 472
137 457 472
40 243 384
133 140 409
48 161 246
271 355 394
48 116 439
175 274 455
52 150 321
68 259 423
68 259 386
304 321 338
74 141 321
259 386 423
288 369 421
301 397 456
288 301 421
301 397 421
1 275 397
275 397 456
1 397 421
219 273 369
1 219 369
0 73 430
94 179 260
1 159 275
301 307 456
0 338 362
0 273 338
0 362 430
304 338 389
321 338 362
12 273 389
304 386 389
273 338 389
12 386 389
68 304 386
68 141 304
141 304 321
113 179 395
135 281 429
109 221 276
62 109 276
185 322 468
281 429 450
380 422 450
62 205 334
334 380 422
62 94 276
94 179 395
73 159 260
94 128 260
94 128 205
77 462 481
87 428 473
180 215 295
342 347 440
334 344 380
177 322 409
322 468 475
31 468 475
185 344 468
85 198 312
43 185 443
91 138 443
162 290 441
5 138 432
91 138 305
87 185 428
329 402 440
32 225 329
191 442 492
58 331 416
13 206 491
180 206 491
215 347 440
180 295 491
159 462 477
206 416 486
55 308 331
191 331 416
166 181 456
153 308 331
130 308 419
308 419 483
153 308 483
92 111 117
130 308 417
10 117 258
10 92 117
117 258 470
111 117 470
172 224 372
172 323 372
162 172 441
16 224 393
21 224 372
145 235 480
16 162 196
145 291 413
196 291 413
16 196 291
37 44 463
37 348 463
151 218 231
231 235 325
197 365 464
223 379 406
30 71 417
10 30 417
310 370 461
30 71 464
231 325 420
365 370 464
71 370 464
72 165 339
129 165 357
72 129 165
28 245 489
95 165 357
95 152 357
176 427 487
186 245 489
95 152 245
95 186 245
186 210 489
176 310 427
176 189 487
218 345 487
11 242 255
151 168 242
115 154 371
44 426 496
37 44 426
213 289 425
186 210 332
95 213 289
268 332 360
255 268 474
268 425 474
11 255 474
64 200 320
7 23 174
2 238 474
268 360 425
64 289 425
146 451 495
39 47 396
89 267 467
2 7 174
15 89 267
2 89 174
115 154 253
15 89 371
79 315 436
201 226 297
88 112 209
174 183 330
23 35 496
29 196 413
29 78 413
69 252 286
196 290 490
209 239 424
211 239 354
5 211 424
211 239 424
88 112 226
75 88 201
88 201 226
46 75 188
85 198 432
75 201 374
110 120 292
306 374 412
306 366 412
41 123 292
41 309 494
19 309 401
121 169 294
61 294 341
61 294 309
83 353 445
173 319 493
173 341 410
173 319 410
39 376 396
97 376 410
118 126 297
54 385 493
39 269 448
83 385 445
158 353 445
269 385 448
158 182 353
146 254 467
158 182 254
184 289 449
289 381 449
155 381 449
163 182 353
90 333 399
144 184 194
222 282 414
25 114 437
83 333 353
54 335 444
132 247 265
50 214 270
80 247 257
114 335 437
222 282 392
184 194 449
282 392 485
9 184 485
131 222 392
184 392 485
6 282 414
6 127 227
9 282 485
9 157 184
127 157 227
127 157 311
229 241 311
285 482 484
241 375 454
50 270 373
132 251 438
33 216 265
311 343 479
229 311 343
244 403 482
285 403 482
236 287 482
217 285 300
251 364 438
33 216 237
19 296 405
33 265 378
82 296 405
82 263 296
19 309 494
19 401 405
59 299 368
51 108 337
19 51 337
234 264 316
17 192 264
192 482 484
38 192 484
81 202 284
81 142 236
81 142 202
243 314 384
57 203 220
57 203 287
203 236 287
48 208 439
116 287 466
106 175 466
48 116 161
101 105 160
101 105 361
161 246 314
101 314 384
48 246 317
3 137 243
40 137 243
40 137 472
8 193 478
59 70 355
108 284 391
59 355 356
59 70 160
51 368 465
36 368 465
51 108 368
299 356 478
59 299 356
36 120 123
110 292 435
8 120 478
356 478 499
110 318 435
8 110 120
120 123 292
36 123 465
46 366 412
85 188 432
298 312 488
125 298 488
99 303 469
140 303 387
99 303 387
177 409 431
147 148 327
119 199 256
93 382 415
122 147 352
93 387 415
193 478 499
122 352 394
122 271 394
147 352 472
148 280 457
139 280 457
119 327 408
20 148 433
20 148 327
328 400 459
199 256 400
328 429 450
102 170 433
102 433 459
14 149 471
135 351 411
135 149 471
246 314 367
136 207 458
104 107 124
103 136 207
136 313 458
67 164 404
67 249 326
96 107 141
107 141 358
107 124 359
66 107 359
67 104 164
104 164 358
104 107 358
67 249 404
249 278 326
124 278 326
246 317 367
3 367 452
106 143 208
175 228 466
24 76 278
204 230 261
24 452 460
281 450 498
206 416 447
134 411 498
336 407 461
249 404 457
13 402 491
194 399 449
383 416 447
383 402 447
381 451 495
344 380 468
325 377 420
365 370 427
310 370 427
364 378 438
352 355 394
244 350 479
37 348 426
242 348 426
77 342 462
71 339 370
339 370 461
80 335 341
333 399 437
332 360 425
213 332 425
55 331 417
329 440 473
329 428 473
119 327 459
20 327 459
324 399 437
323 383 402
321 362 430
146 320 451
192 316 482
138 312 432
306 363 366
306 363 435
118 297 436
319 385 448
211 290 354
289 381 451
86 323 441
148 280 433
18 279 330
174 279 330
167 278 457
249 278 457
167 278 452
35 277 496
78 277 496
29 277 286
143 274 452
274 283 460
58 272 331
271 355 356
271 356 499
269 385 445
47 267 396
215 295 440
240 262 266
18 262 266
204 261 446
261 274 340
300 378 453
261 274 283
260 462 481
159 260 462
173 341 493
256 328 450
255 268 332
69 252 277
53 248 342
77 248 342
281 411 498
240 252 354
112 240 354
240 262 279
240 252 279
238 425 474
235 348 480
234 263 300
234 263 296
228 230 455
229 350 454
228 287 482
228 479 482
228 287 466
226 297 434
87 334 344
86 211 305
217 403 454
84 144 418
84 222 324
119 199 400
27 84 222
60 345 487
84 144 194
83 437 444
1 73 159
82 263 300
81 316 482
28 176 407
80 247 309
79 118 436
78 145 480
81 234 316
78 145 413
76 232 446
25 270 373
110 382 415
145 349 406
146 182 254
181 307 456
81 236 482
68 100 156
66 124 359
178 233 351
53 65 248
64 200 451
272 419 476
64 289 451
226 240 266
252 286 490
52 221 321
72 152 357
63 322 475
238 320 425
60 189 487
60 151 218
58 272 476
10 56 92
49 135 233
193 271 382
56 197 464
56 223 406
56 92 406
140 177 388
155 381 495
295 440 491
20 433 459
122 147 408
40 70 160
73 190 430
28 72 152
76 283 446
24 278 452
251 300 364
172 323 441
98 103 433
56 197 420
50 257 373
50 214 251
156 307 346
319 410 448
5 88 432
83 385 444
49 136 141
54 335 341
49 136 313
49 135 313
352 355 472
49 74 233
47 158 254
81 234 284
47 254 467
79 118 126
47 269 445
47 158 445
6 250 270
252 354 490
343 350 479
150 190 321
68 100 423
15 267 396
43 138 312
101 161 361
42 185 428
212 388 469
41 51 465
41 51 494
53 440 473
18 266 436
45 181 492
121 126 410
43 177 388
11 23 426
15 195 371
79 97 115
2 7 474
349 393 406
108 368 391
74 134 221
4 60 489
14 207 458
78 463 480
65 334 473
171 292 435
29 286 490
85 312 366
24 283 460
200 320 451
62 109 134
66 232 390
46 75 374
53 65 473
112 209 354
57 105 220
197 365 427
19 234 337
274 452 460
40 160 384
146 238 467
39 376 448
45 191 417
14 149 458
49 74 141
43 138 443
261 340 455
4 210 255
33 237 247
21 34 58
25 222 414
45 191 492
3 243 314
191 416 486
33 82 401
1 73 219
65 128 248
52 190 302
82 401 405
3 314 367
6 250 414
66 96 107
155 182 495
0 73 219
4 168 242
5 211 305
18 315 436
73 113 190
204 232 390
77 128 248
21 393 406
18 262 279
52 150 190
6 214 270
229 241 454
46 374 412
33 247 401
26 76 124
166 181 398
0 219 273
32 42 443
41 169 294
24 76 283
38 234 300
84 194 399
217 251 454
40 70 355
97 126 410
32 42 428
10 258 417
35 252 279
22 111 470
143 317 367
2 238 467
14 170 471
82 300 378
79 97 126
4 210 489
5 138 305
80 114 335
6 9 227
31 133 450
94 302 395
31 63 133
28 336 461
43 212 388
100 273 288
66 76 232
142 203 220
86 293 305
192 234 264
290 354 490
23 426 496
28 339 461
21 58 383
21 34 111
181 486 497
181 307 346
145 291 393
72 129 357
273 288 369
103 170 207
21 111 406
22 58 476
22 34 111
180 181 398
22 258 470
74 134 178
65 205 334
217 251 300
113 190 395
112 226 240
21 224 393
65 128 205
159 275 456
84 324 399
32 225 323
80 114 257
89 174 371
50 247 257
53 342 440
25 257 373
228 230 479
98 164 280
90 155 399
29 196 490
27 131 222
25 250 414
376 410 448
31 380 468
28 152 245
198 312 432
83 333 437
28 72 339
176 189 489
56 223 420
32 91 443
256 328 400
402 440 491
32 329 428
35 252 277
48 143 208
26 66 124
54 385 444
22 34 58
35 174 279
147 148 472
32 91 293
38 285 300
154 174 183
87 334 473
75 88 188
300 364 453
27 131 418
6 127 375
119 133 256
130 258 417
5 88 424
266 434 436
88 209 424
3 137 167
146 182 495
19 234 296
342 347 462
42 185 443
145 349 393
94 276 302
106 175 274
125 212 298
95 213 332
149 313 458
95 186 332
97 115 195
97 195 376
25 222 437
99 110 318
99 110 415
131 144 418
135 149 313
99 125 363
99 318 363
225 323 402
100 273 423
100 156 301
100 288 301
101 161 314
102 328 459
102 170 471
102 328 471
103 141 358
139 164 404
103 136 141
98 103 164
103 164 358
103 170 433
67 104 326
104 124 326
204 232 446
145 379 406
106 143 274
106 208 439
2 89 467
106 439 466
7 11 474
77 128 481
121 294 341
8 110 382
43 212 312
297 434 436
73 113 260
113 179 260
41 169 171
6 9 282
116 187 361
325 377 379
119 133 140
119 140 408
116 161 361
119 400 459
36 120 368
120 299 368
121 201 297
93 122 382
364 378 453
153 272 419
50 132 247
122 387 408
85 188 366
7 11 23
48 143 317
181 442 486
125 212 469
121 126 297
125 363 488
127 241 375
58 383 416
137 167 457
154 253 315
131 144 184
422 450 498
98 280 433
50 132 251
25 250 270
153 272 331
132 265 378
27 84 418
63 133 322
133 322 409
122 271 382
133 256 450
109 134 221
62 134 334
134 334 498
134 351 411
25 114 257
134 178 351
135 233 351
135 328 429
135 328 471
180 215 398
139 164 280
140 177 431
190 321 430
140 303 388
46 188 366
140 387 408
61 80 309
76 124 278
30 56 464
15 195 396
142 202 220
143 367 452
226 266 434
145 325 379
145 235 325
69 277 286
180 181 497
57 105 187
148 457 472
88 188 432
151 235 348
151 231 235
171 306 435
201 306 374
234 284 337
215 398 477
154 174 371
155 163 182
153 419 483
155 399 449
156 301 307
159 166 477
121 169 201
159 166 456
59 160 368
101 160 384
47 267 467
41 294 309
162 172 224
16 162 224
90 163 333
169 171 201
163 333 353
312 363 488
146 238 320
215 347 477
166 398 477
230 261 455
66 96 390
74 178 233
23 35 174
4 242 255
160 220 368
22 130 476
3 167 452
218 231 420
14 170 207
176 310 461
41 171 292
154 183 315
54 341 493
176 407 461
28 176 489
43 177 185
121 341 410
261 283 446
312 363 366
45 181 346
181 442 492
183 315 330
32 293 323
190 302 395
191 442 486
38 192 234
191 331 417
115 195 371
139 404 457
197 420 427
86 211 441
206 402 447
60 218 345
177 185 322
171 201 306
13 206 402
319 385 493
180 206 497
206 486 497
26 66 76
209 239 354
210 255 332
135 281 411
211 290 441
212 298 312
214 251 375
216 237 247
216 247 265
132 378 438
218 420 427
79 115 253
218 427 487
220 368 391
74 221 321
22 130 258
222 324 437
223 377 420
