-28.8581 916.779
-1593.64 -222.952
167.236 1898.03
1035.17 -1489.38
-17.2242 43.6044
1787.51 103.179
857.157 -940.877
-1786.55 238.357
-1490.09 1467.21
1211.86 1190.27
-469.222 -517.146
1146.34 -139.442
-1512.98 -522.324
1131.49 -1206.2
-1391.88 -249.142
941.939 579.262
-1332.36 1348.3
-1643.69 834.872
1246.33 1391.48
1345.49 -770.891
-564.915 1133
1332.29 -1707.76
-1807.88 1545.74
530.599 -1297.97
1012.95 -257.544
1892.3 -1456.28
1225.31 1038.65
404.283 1712.33
-1483.68 -464.227
-1493.87 -875.556
1286.63 1448.07
1703.71 1954.27
796.372 -1939.98
789.139 42.705
1451.5 134.633
1271.81 -1113.42
-732.366 604.102
-821.176 -540.242
149.839 1709.42
161.792 -837.214
-548.12 54.0965
-293.489 -1322.81
-907.255 -1889.21
-1610.48 -390.931
-353.434 -1104.34
733.513 -1066.8
-1656.27 437.219
-1112.54 1140.1
497.234 1676.6
-817.194 -51.2698
-188.765 -1545.38
835.312 1078.87
1058.72 -1985.86
-1461.37 -791.439
1723.56 700.419
371.347 -824.56
-1245.48 -1922.14
-147.37 -152.74
-1811.35 242.153
1456.33 -164.783
1137.81 189.843
768.414 1481.54
-1372.94 1655.88
621.638 1124.3
1332.48 1804.44
-926.974 -856.286
-1740.94 1908.34
-1777.42 1317.79
1922.47 -1238.79
-1473.65 1646.03
1461.63 897.693
-1178.53 -1783.86
975.55 674.103
63.4039 1164.2
-1083.74 -480.267
-1000.58 -1945.93
1709.58 1767.83
1535.6 -1663.36
1423.71 157.241
1460.93 756.189
-38.3149 -1466.04
1899.9 220.749
-1557.7 -1877.51
-461.466 -1635.23
-1116.3 64.8803
-1989.2 -1654.68
-1037.43 -1167.72
-1438.53 1938.12
1506.38 624.871
1102.32 -1577.36
-1855.4 -1898.26
-1523.3 1854.18
1869.57 -1987.7
-1809.18 1293.28
169.545 1651.75
49.4738 -1868.77
-1814.29 -50.6232
351.979 -1372
71.8625 1890.51
-1007.23 955.558
