63 146 215
68 302 325
81 95 334
17 150 163
40 229 232
22 67 95
17 20 324
26 257 375
39 57 374
7 256 278
284 317 349
76 363 374
25 44 142
42 220 367
33 76 374
74 77 302
180 306 373
132 254 397
121 231 302
163 282 324
99 174 318
1 119 247
185 283 378
314 318 337
318 337 346
235 303 397
37 60 118
119 213 330
145 288 389
283 348 378
67 186 388
186 212 371
254 303 397
274 352 371
10 14 139
4 81 334
111 131 191
119 205 247
133 190 205
150 163 287
63 225 390
131 150 287
63 215 390
226 257 390
111 157 310
16 54 85
111 131 310
177 222 308
122 163 266
82 96 177
177 308 393
169 177 204
26 375 394
170 279 308
96 166 184
225 226 390
106 199 297
71 90 154
28 238 329
58 323 398
181 208 344
64 162 372
16 27 54
109 203 260
18 109 260
41 333 335
76 277 363
64 148 284
34 162 338
277 347 372
219 333 379
199 219 379
323 358 398
72 125 358
156 323 359
107 217 256
38 214 333
199 219 383
7 216 382
57 158 382
57 361 382
195 228 242
2 45 179
51 102 319
55 195 218
76 277 372
75 230 262
65 175 317
74 289 302
37 118 197
143 321 369
121 280 360
236 271 360
31 236 267
31 175 267
142 182 317
14 135 139
89 356 360
136 364 391
60 312 342
159 180 373
140 149 340
61 180 306
187 210 306
66 231 258
61 187 306
231 258 302
145 288 314
194 288 314
99 174 346
185 283 392
282 314 337
174 282 324
174 318 324
99 318 346
20 318 324
17 163 324
1 17 20
20 221 318
17 150 247
131 310 336
190 263 336
133 190 206
150 247 336
1 17 247
213 327 330
141 293 378
192 288 378
192 194 288
192 194 251
192 251 385
141 348 378
1 119 141
145 314 355
101 301 350
145 250 392
288 378 389
185 378 389
115 160 387
0 301 355
115 250 387
10 14 254
14 132 254
132 365 397
10 254 303
69 303 388
235 365 397
69 186 388
81 95 274
67 95 274
69 186 212
69 139 212
130 352 371
113 130 183
93 147 290
52 93 252
93 252 290
93 127 147
86 114 127
18 88 275
130 352 357
127 147 357
27 233 357
27 134 233
27 86 265
71 85 98
85 98 161
16 85 90
27 134 269
27 54 269
134 269 291
153 157 165
22 190 263
22 67 206
22 95 263
22 190 206
95 153 334
153 165 173
161 165 173
98 161 165
131 191 287
131 150 336
95 153 263
263 310 336
103 191 287
63 122 146
103 191 215
191 215 390
111 257 390
111 191 390
16 90 209
26 226 257
111 157 257
96 177 184
23 82 96
170 222 308
26 226 268
23 226 268
71 85 90
26 167 394
98 375 394
110 114 395
164 243 245
71 98 394
30 308 368
71 167 394
30 279 308
71 154 167
126 164 245
154 167 368
30 279 354
117 170 279
170 177 222
23 82 339
82 177 273
82 273 393
204 276 299
177 273 393
117 169 170
30 202 354
78 91 169
5 78 193
59 91 399
169 170 177
177 184 276
184 266 276
91 169 204
177 204 276
58 323 359
58 176 329
112 238 376
24 112 202
24 239 241
28 238 376
5 112 176
5 112 202
24 239 243
24 112 376
32 239 281
29 366 377
164 237 259
24 241 376
237 239 243
164 237 243
28 241 376
123 234 298
28 241 298
15 358 398
28 92 398
47 106 181
15 92 398
15 309 358
292 309 380
8 104 380
208 259 281
47 181 344
47 73 106
18 320 345
18 275 345
3 124 326
320 345 377
12 109 320
29 344 377
164 259 351
29 208 344
126 151 203
12 109 351
29 208 366
12 351 366
90 151 245
90 154 245
126 151 245
109 126 203
209 260 265
86 114 260
18 88 110
151 203 260
86 260 265
18 109 320
18 110 260
110 114 260
52 252 386
80 300 386
223 248 396
65 189 285
223 252 396
80 252 386
65 80 144
223 248 343
229 248 316
207 267 316
65 80 285
65 144 349
65 317 349
189 285 343
64 284 349
35 162 326
35 64 162
38 333 338
88 124 326
80 144 300
88 300 326
3 46 124
88 124 275
333 335 338
41 333 379
41 335 377
41 47 73
106 292 380
73 106 199
199 297 383
297 331 383
125 224 331
13 128 224
72 323 358
216 249 382
158 278 382
7 278 382
39 158 347
214 219 333
107 214 219
25 76 148
33 44 76
57 361 374
39 57 158
277 347 363
200 272 361
272 353 361
195 218 353
218 272 353
200 218 272
200 218 270
55 195 228
156 195 242
2 179 244
156 242 359
179 242 359
45 179 359
179 242 244
55 218 270
102 295 319
200 220 270
33 51 200
2 42 270
42 220 270
19 79 253
19 171 381
19 42 171
19 79 381
51 200 220
33 44 51
39 363 374
39 347 363
25 44 76
44 142 230
44 75 230
142 182 262
44 75 105
142 230 262
175 267 316
207 236 267
31 137 182
74 77 105
75 182 262
75 137 182
79 315 381
79 295 315
74 289 315
11 74 105
66 94 294
66 121 231
56 296 322
56 258 302
77 121 302
77 121 280
66 258 294
56 258 294
56 302 325
56 296 325
56 322 341
240 322 341
56 294 341
62 94 294
296 322 328
36 198 328
36 159 180
198 240 321
62 294 341
62 240 356
62 240 341
66 89 94
236 356 360
271 280 360
31 236 271
168 227 236
130 139 362
113 286 396
113 183 396
136 307 364
136 286 396
40 229 304
136 304 391
136 304 396
136 286 307
286 307 362
135 307 362
135 139 362
48 49 370
135 307 364
255 364 391
255 364 370
255 384 391
100 168 369
143 384 391
70 143 384
21 152 342
21 60 342
0 115 250
160 211 246
160 188 211
132 188 211
152 246 350
160 246 350
160 301 350
101 301 355
145 250 355
0 250 355
149 314 355
101 178 350
83 155 311
97 140 149
9 53 305
53 140 340
118 138 172
9 84 197
159 172 373
159 172 312
116 210 305
61 296 328
6 68 201
61 187 201
50 68 201
50 68 325
50 61 201
6 187 201
6 120 313
108 116 129
53 108 340
185 389 392
192 378 385
48 370 384
255 370 384
100 369 391
143 369 391
308 368 393
167 368 393
249 353 382
48 312 384
21 311 350
178 311 350
102 295 367
261 292 358
292 309 358
261 292 297
183 290 396
70 312 384
216 249 323
248 304 396
229 248 304
49 246 370
211 246 370
154 245 368
2 244 270
30 243 368
240 321 369
239 241 298
237 239 259
168 236 369
196 235 330
235 327 330
235 283 365
4 233 352
233 352 357
4 233 334
207 232 316
207 232 236
224 331 383
194 221 251
38 214 372
213 235 327
43 196 330
196 235 303
24 202 243
196 303 388
194 221 318
194 314 318
5 193 202
190 205 247
189 248 343
189 248 316
67 186 274
184 225 266
106 181 380
104 181 281
61 180 328
104 181 380
36 180 328
175 189 316
174 282 337
174 337 346
13 224 383
98 165 257
157 165 257
161 269 291
36 159 198
229 232 316
193 202 354
158 214 347
176 238 329
153 157 310
153 263 310
153 291 334
55 244 270
90 151 209
70 143 332
143 321 332
25 142 284
142 284 317
141 213 348
119 141 213
156 195 353
69 139 303
118 138 197
84 138 197
14 135 370
135 364 370
240 356 369
168 227 232
106 292 297
117 169 193
133 196 206
132 160 387
132 160 188
130 183 290
130 286 362
293 378 385
208 259 366
113 130 286
10 139 303
130 212 371
130 139 212
130 147 290
130 147 357
13 128 217
128 217 256
109 126 351
126 164 351
125 261 358
46 124 345
124 275 345
32 123 239
122 163 287
46 335 377
101 149 355
14 211 370
6 116 187
44 51 319
43 133 205
49 152 342
92 234 298
43 205 330
1 141 385
41 47 344
132 365 387
116 187 210
41 344 377
41 73 199
42 171 381
190 247 336
64 144 349
35 300 326
84 305 306
3 34 46
11 74 315
240 322 328
31 77 280
37 97 197
125 297 331
64 76 372
31 182 317
239 259 281
31 77 137
38 162 372
83 97 149
28 92 298
252 290 396
53 116 305
25 148 284
8 32 104
34 335 338
210 305 306
23 268 393
156 249 353
23 96 166
2 42 381
156 249 323
41 199 379
259 351 366
70 159 312
21 155 311
64 76 148
9 53 140
353 361 382
8 234 380
31 271 280
6 68 302
12 320 377
40 304 391
33 200 361
181 208 281
236 356 369
66 89 121
21 152 350
38 162 338
108 313 340
184 225 226
8 32 123
21 60 155
161 173 291
166 184 226
7 72 128
28 58 398
9 97 140
46 345 377
151 209 260
117 193 354
250 387 392
40 100 391
79 253 367
119 205 330
9 97 197
0 115 160
145 389 392
243 245 368
5 78 264
217 219 383
54 161 269
28 58 329
134 291 334
26 167 393
110 386 395
283 387 392
227 232 236
59 87 264
11 295 319
2 45 381
159 321 332
214 347 372
13 217 383
33 361 374
44 105 319
101 178 311
91 204 299
6 116 120
6 289 302
1 20 251
3 34 162
186 274 371
72 128 224
58 176 264
31 175 317
7 128 256
289 315 381
198 240 328
80 285 343
23 339 393
30 202 243
92 234 380
4 274 352
0 160 301
32 104 281
108 129 313
9 84 305
3 162 326
235 283 348
37 97 155
11 105 319
35 144 300
4 81 274
20 221 251
213 235 348
1 251 385
141 293 385
72 216 323
34 46 335
53 108 116
27 86 357
14 132 211
83 101 149
59 264 399
72 125 224
117 279 354
112 176 238
16 209 265
89 121 360
134 233 334
49 152 246
48 49 312
5 176 264
49 312 342
78 91 399
50 61 296
50 296 325
51 220 367
26 268 393
51 102 367
107 158 214
78 264 399
60 118 312
52 114 127
82 339 393
67 196 388
54 85 161
125 261 297
62 89 94
55 228 242
55 242 244
8 123 234
58 87 264
98 257 375
59 276 299
37 60 155
65 175 189
107 158 278
84 138 172
123 239 298
62 89 356
75 77 137
63 122 266
63 225 266
35 64 144
100 168 232
75 77 105
92 309 380
67 196 206
78 169 193
7 72 216
42 253 367
19 42 253
80 223 343
283 365 387
80 223 252
114 386 395
16 27 265
103 122 215
159 198 321
107 217 219
23 166 226
52 93 127
83 97 155
84 172 373
153 173 291
84 306 373
86 127 357
59 91 299
15 92 309
12 366 377
40 100 232
83 101 311
45 289 381
107 256 278
59 87 276
79 295 367
88 110 300
116 129 313
110 300 386
11 295 315
52 114 386
43 133 196
116 120 313
118 172 312
70 159 332
122 146 215
103 122 287
