63 146 215
87 264 399
96 166 226
23 268 339
45 315 381
68 302 325
81 95 334
205 247 336
40 229 232
22 67 95
17 20 324
26 257 375
39 57 374
5 202 354
100 304 391
42 220 367
159 312 332
223 285 343
248 316 343
180 306 373
132 254 397
121 231 302
137 271 280
99 174 318
1 119 247
318 337 346
48 312 342
48 70 312
194 221 314
235 303 397
37 60 118
119 213 330
145 288 389
67 186 388
186 212 371
254 303 397
274 352 371
111 131 191
67 206 388
119 205 247
26 167 268
131 150 287
111 157 310
16 54 85
103 163 287
111 131 310
177 222 308
122 163 266
82 96 177
170 279 308
96 166 184
71 90 154
28 238 329
8 32 281
181 208 344
30 154 368
167 308 393
35 144 326
64 162 372
208 351 366
30 154 245
16 27 54
109 203 260
18 109 260
64 148 284
158 256 278
34 162 338
277 347 372
219 333 379
199 219 379
72 125 358
156 323 359
107 217 256
38 214 333
199 219 383
57 361 382
33 200 374
2 45 179
45 289 315
11 51 319
51 102 319
31 175 182
76 148 372
148 284 317
76 277 372
11 74 319
19 42 367
75 230 262
65 175 317
74 289 302
37 118 197
143 321 369
121 280 360
31 175 267
142 182 317
25 148 317
52 386 395
89 356 360
40 100 304
83 101 355
60 312 342
159 180 373
140 149 340
61 180 306
50 61 325
61 296 325
187 210 306
66 231 258
172 306 373
61 187 306
231 258 302
145 288 314
194 288 314
99 174 346
282 314 337
174 318 324
99 318 346
20 318 324
17 163 324
1 17 20
20 221 318
17 150 247
43 196 206
133 190 206
150 247 336
1 17 247
213 327 330
141 293 378
192 194 288
192 293 385
192 194 251
251 293 385
192 251 385
141 348 378
119 141 348
1 119 141
145 314 355
101 301 350
145 250 392
288 378 389
250 365 387
185 378 389
0 301 355
115 250 387
160 365 387
145 185 389
235 303 388
14 132 254
132 365 397
69 303 388
196 235 388
235 327 348
196 206 388
235 365 397
119 213 348
213 327 348
43 133 206
4 291 334
81 95 274
67 95 274
81 274 352
130 139 371
147 290 357
130 352 371
113 130 183
139 212 371
93 147 290
52 93 252
16 27 209
93 252 290
52 93 114
52 114 395
86 114 127
18 88 275
127 147 357
157 263 310
134 269 291
173 269 291
153 157 165
22 190 263
22 67 206
22 95 263
22 190 206
95 153 334
153 165 173
98 161 165
131 191 287
191 215 390
103 146 215
103 122 163
103 122 146
111 257 390
111 191 390
16 90 209
111 157 257
23 82 96
170 222 308
98 375 394
167 308 368
110 114 395
71 98 394
30 308 368
167 268 393
30 279 308
154 167 368
30 279 354
117 170 279
91 264 399
170 177 222
23 82 339
82 177 273
82 273 393
117 169 170
30 202 354
78 91 169
5 78 193
59 91 399
78 91 264
184 266 276
58 87 176
91 169 204
87 176 264
59 87 399
58 323 359
58 176 329
112 238 376
24 112 202
24 239 241
5 193 354
5 112 176
5 112 202
24 239 243
24 112 376
32 239 281
29 366 377
237 239 281
24 241 376
237 259 281
237 239 243
123 234 298
32 123 234
123 241 298
8 32 234
28 92 398
15 92 398
15 92 380
15 309 380
292 309 380
8 104 281
8 104 380
47 73 106
18 320 345
18 275 345
46 275 345
29 208 344
126 151 203
12 109 351
29 208 366
12 351 366
90 151 245
30 243 245
90 154 245
126 151 245
209 260 265
18 88 110
151 203 260
86 260 265
18 109 320
18 110 260
52 252 386
80 300 386
223 248 396
223 252 396
223 252 285
80 252 386
38 338 372
223 248 343
229 248 316
207 267 316
65 144 349
80 252 285
162 338 372
144 300 326
64 284 349
35 162 326
64 148 372
35 64 162
46 124 275
80 144 300
88 300 326
3 46 124
88 124 275
41 333 379
41 335 377
46 335 345
41 47 73
106 292 380
199 297 383
106 261 292
297 331 383
106 261 297
125 224 331
13 128 224
72 323 358
7 278 382
107 158 256
39 158 347
214 219 333
107 214 219
38 347 372
38 214 347
25 76 148
33 44 76
200 361 374
2 42 45
57 361 374
39 57 158
277 347 363
200 272 361
272 353 361
156 195 249
195 249 353
200 218 272
200 218 270
2 179 244
156 242 359
179 242 244
55 218 270
102 295 319
200 220 270
2 42 270
42 220 270
79 102 253
19 79 253
19 42 171
19 253 367
102 253 367
33 44 51
39 363 374
39 347 363
25 142 317
25 44 76
79 102 295
142 182 262
175 182 317
142 230 262
175 267 316
31 137 182
31 137 271
74 77 105
77 137 280
75 182 262
75 137 182
79 315 381
79 295 315
74 289 315
11 74 105
66 94 294
66 121 231
56 258 302
77 121 280
36 61 328
66 258 294
56 258 294
56 302 325
56 296 325
68 289 302
36 61 180
240 322 341
198 322 328
56 294 341
62 94 294
296 322 328
36 198 328
60 118 172
36 159 180
198 240 322
70 312 332
198 240 321
62 294 341
62 240 356
62 240 341
66 89 94
271 280 360
168 236 356
31 236 271
168 227 236
100 143 369
130 139 362
113 286 396
113 183 396
136 307 364
136 286 396
136 304 396
136 286 307
135 139 362
48 49 370
135 307 364
48 255 370
255 364 391
48 255 384
255 364 370
100 168 369
100 143 391
70 143 321
70 321 332
21 152 342
60 172 312
21 60 342
48 49 342
160 211 246
49 211 370
160 188 211
132 188 211
152 246 350
49 211 246
152 178 350
101 301 355
145 250 355
0 115 301
149 314 355
97 140 197
21 60 311
101 178 350
83 149 355
97 155 197
97 140 149
9 53 305
108 116 305
6 187 210
37 155 197
118 138 172
159 172 373
159 172 312
84 118 138
84 210 306
116 210 305
61 296 328
6 68 201
50 68 201
50 68 325
6 68 289
6 187 201
6 120 313
53 108 305
108 116 129
249 353 382
81 334 352
4 334 352
320 335 377
74 315 319
304 364 391
115 301 387
296 322 341
261 292 358
292 309 358
183 290 396
130 290 352
288 293 378
192 288 293
56 296 341
285 316 343
189 285 316
309 358 398
236 271 356
160 301 387
226 257 268
250 283 392
216 249 323
248 304 396
160 246 301
246 301 350
2 244 270
164 243 259
237 243 259
240 321 369
271 356 360
238 298 376
196 235 330
235 327 330
235 283 365
4 233 352
233 352 357
207 232 316
207 232 236
225 226 266
225 226 257
224 331 383
221 318 337
194 221 251
195 218 228
13 217 224
217 224 383
215 225 390
63 215 225
186 212 388
126 203 351
43 196 330
24 202 243
268 339 393
26 257 268
195 272 353
195 218 272
15 309 398
67 186 274
185 283 348
106 181 380
104 181 259
181 208 259
103 215 287
104 181 380
175 189 316
174 282 337
174 337 346
55 218 228
168 240 369
168 240 356
167 375 394
98 165 375
165 173 269
161 165 269
165 257 375
157 165 257
164 208 351
163 174 282
163 174 324
36 159 198
229 232 316
158 214 347
156 195 228
154 167 394
28 238 298
71 154 394
176 238 329
153 291 334
295 315 319
55 244 270
152 178 311
21 152 311
90 151 209
146 225 266
122 146 266
144 189 285
65 144 189
143 255 391
143 255 384
150 310 336
177 273 308
14 135 370
135 364 370
135 286 307
135 286 362
168 227 232
14 135 254
134 233 357
27 134 357
133 190 336
117 169 193
133 205 336
132 160 188
130 183 290
130 286 362
113 130 286
13 128 217
128 217 256
69 212 388
126 164 351
126 243 245
125 261 358
123 239 241
32 123 239
177 276 299
14 211 370
58 323 358
43 133 205
49 152 342
92 234 298
273 308 393
45 179 242
43 205 330
42 45 381
164 208 259
73 199 297
41 73 199
65 284 349
42 171 381
40 229 248
84 172 306
64 144 349
45 242 359
38 41 333
184 226 266
3 34 46
320 335 345
33 76 277
145 185 283
38 335 338
4 134 291
131 150 310
261 297 331
83 97 149
29 41 377
28 92 298
252 290 396
109 203 351
170 177 204
25 142 230
25 44 230
34 335 338
290 352 357
156 249 323
41 199 379
169 170 204
10 135 254
9 53 140
353 361 382
17 163 287
8 234 380
125 261 331
57 158 278
84 210 305
95 153 157
66 89 121
108 313 340
7 216 249
16 71 98
48 143 384
190 310 336
166 184 226
28 58 398
151 209 260
117 193 354
33 363 374
11 44 51
119 205 330
1 251 293
40 248 304
250 283 365
63 146 225
5 78 264
217 219 383
26 167 375
54 161 269
28 58 329
33 51 220
110 386 395
227 232 236
58 358 398
54 98 161
159 321 332
16 71 90
136 304 364
95 157 263
177 204 299
101 178 311
3 88 326
54 85 98
96 226 268
91 204 299
65 284 317
6 116 120
1 20 251
185 348 378
3 34 162
186 274 371
72 128 224
3 88 124
44 105 230
221 314 337
27 86 209
10 139 212
96 184 276
79 171 381
38 41 335
93 114 147
11 44 105
30 202 243
31 207 236
241 298 376
92 234 380
80 144 285
132 160 365
31 207 267
9 140 197
10 135 139
108 129 313
9 84 305
3 162 326
4 134 233
235 283 348
145 283 392
156 228 242
20 221 251
109 320 377
72 216 323
34 46 335
86 110 260
27 86 357
14 132 211
72 125 224
117 279 354
112 176 238
225 257 390
57 278 382
17 150 287
9 84 118
6 116 210
89 121 360
29 41 47
49 152 246
5 176 264
50 61 187
51 220 367
51 102 367
75 105 230
107 158 214
82 339 393
54 134 269
62 89 94
55 228 242
55 242 244
59 276 299
106 181 344
60 83 155
60 83 311
37 60 155
65 175 189
84 138 172
0 115 355
62 89 356
75 77 137
35 64 144
100 168 232
75 77 105
10 69 254
69 254 303
72 128 256
47 106 344
78 169 193
73 106 297
7 72 216
16 85 98
7 72 278
72 256 278
191 215 287
74 121 302
74 77 121
19 79 171
1 141 293
53 108 140
33 200 220
96 177 276
159 198 321
107 217 219
83 97 155
153 173 291
48 70 143
86 110 114
86 209 265
86 127 357
126 164 243
29 47 344
59 91 299
190 263 310
9 118 197
12 366 377
33 277 363
40 100 232
27 54 134
83 101 311
104 259 281
7 249 382
59 87 276
108 140 340
10 69 212
12 109 377
88 110 300
116 129 313
110 300 386
23 96 268
50 187 201
114 127 147
115 250 355
116 120 313
