-1636.57 1288.5
-489.905 -1173.43
-1528.29 -1234.57
-1806.64 -1769.98
1718.34 -1111.7
149.921 520.245
484.778 -897.259
-1384.64 -1670.85
-420.658 -1901.95
85.8438 -121.285
1021.34 -867.756
1050.55 476.822
1324.05 1921.02
1576.8 848.374
-748.499 -1045.95
-1725.16 -385.073
-1757.45 -215.061
441.495 -1285.74
550.365 634.858
-1055.71 268.703
1523.16 1094.21
-1211.05 7.9383
-1803.05 -595.692
337.093 -223.712
-497.638 -1577.06
1655 -1476.29
-444.82 705.553
1000.53 -1120.77
626.575 577.332
1727.61 1878.08
1531.38 -1997.55
-506.996 1773.93
-212.609 1934.5
-1511.8 -1662.24
569.357 -567.519
606.458 92.5167
-1473.31 1395.41
-1899.54 -1276.37
-1200.29 437.548
499.922 302.075
860.484 154.925
825.781 -1584.34
-1139.52 -173.69
-705.101 1487.05
-1596.36 -977.493
1365.13 1935.03
-975.041 -1141.87
1708.96 812.349
-1207.37 -1802.84
1150.11 1361.99
