-400.563 -1418.02
-657.699 752.324
1905.24 -920.803
-92.8919 -1160.01
306.358 -764.221
1481 -242.179
1274.92 1079.53
1898.09 203.683
1513.81 -1059.64
-1592.52 585.865
-1835.37 1919.96
-661.385 1392.52
1757.53 1145.38
862.046 -1127.11
93.0235 -1244.47
1774.96 1692.46
-662.493 -882.735
444.784 -757.257
196.462 -1648.11
82.7334 -1497.18
-412.329 -436.268
260.641 -1137.4
-1356.73 158.727
1066.28 -1842.93
1099.08 1473.76
742.939 1263.71
1393.72 -1918.45
656.227 1151.26
1226.93 -481.727
-1975.85 -680.042
273.804 1799.11
-987.582 1611.31
-1083.62 1457.2
-1145.95 1112.84
1809.09 936.787
1615.66 -603.234
-1499.48 -123.703
259.362 -856.213
-1964.98 -674.359
-699.138 1134.11
-1200.6 -1956.2
397.822 -1806.88
-1874.64 -945.951
1344.38 1352.29
572.322 1368.53
-1327.75 -1153.87
1167.64 -315.333
-1542.56 -1915.99
-858.13 -688.508
1196.85 -1049.04
-1751.72 812.505
347.731 -1251.2
-1311.2 -1392.91
-107.414 -1276.17
-67.2666 1193.45
1857.94 732.136
1237.25 255.758
925.26 1362.6
1309.81 269.64
714.895 -117.871
-361.834 1387.14
728.255 -1194.2
-928.189 1185.69
-1110.19 213.681
-1502.82 -1913.34
1164.65 -1254.54
899.167 -487.623
-505.738 1587.97
119.469 1386.85
-1688.2 -1947.8
580.295 -1830.27
784.339 -182.456
425.489 -290.401
-819.852 -264.704
1979.24 1895.04
1617.42 -382.596
1282.19 345.68
423.206 -1646
-468.628 1313.02
567.679 28.556
1399.68 -267.675
774.019 298.848
1244.7 -1731.72
-113.184 -635.83
1655.13 198.612
-583.627 235.423
368.343 -1799.29
-1947.03 -1206.17
-89.6897 -766.884
529.129 -110.451
-871.841 146.553
1506.95 -1589.65
-1507.77 -69.8416
-1235.66 23.6054
-756.822 1332.02
-1947.84 -1357.14
-935.653 826.18
941.707 -1690.95
1094.46 -1171.48
-326.781 749.589
1027.14 1089.59
-1014.99 -604.521
1290.3 -962.02
189.311 -799.386
271.096 -1281.56
1090.16 1399.25
864.993 597.115
1809.6 1357.23
-1472.73 -1426.06
-619.168 -229.549
1905.97 -567.007
413.311 -1029.69
-1740.83 -644.982
-720.637 1353.63
183.542 952.582
103.223 -789.323
42.1736 1088.24
606.156 -667.523
-1873.78 -1204.53
533.091 397.311
-486.093 -376.747
-203.434 -1621.1
-1779.63 -393.833
1736.13 -1252.36
180.111 -883.042
518.093 86.0783
549.951 -1068.6
1056.39 809.124
286.422 -1664.24
162.759 -1530.04
1288.34 -1734.02
-319.359 -669.489
1354.22 -1713.2
662.988 1480.43
-917.735 -803.921
-122.255 596.171
819.332 1674.31
975.071 1039.7
-719.522 711.197
1787.34 1460.59
1828.15 305.435
-453.333 378.106
1236.84 -1396.94
-812.77 -476.74
-1061.19 1349.99
-6.77569 -1772.85
1615.97 1673.87
-442.337 970.189
1960.66 -1779.35
450.622 -957.072
-583.271 -1671.63
1639.1 -1763.94
-1997.32 614.17
1275.76 -716.844
-674.633 1063.1
-1256.26 -846.479
-631.461 290.412
1531.63 -1394.62
893.471 -1281.14
128.638 1832.29
-1931.15 -1878.14
-1940.56 1684.82
1795.73 -382.899
655.006 1756.39
-162.249 -894.372
-1200.68 1254.48
-566.005 -1561.58
1490.54 -563.327
1052.59 766.304
719.828 -1622.05
-170.592 1463.57
-468.525 1197.95
-246.016 -936.898
1803.32 -1352.54
-218.04 -68.0382
-1520.26 -149.194
53.824 -1460.82
-464.378 -150.448
156.28 -1809.37
-394.057 1994.03
-703.744 405.261
1248.51 730.25
843.678 739.054
-1833.08 -103.735
-494.642 886.752
274.219 1334.77
350.324 1805.69
532.712 -1895.69
-1131.2 336.036
-1248.24 650.756
-1732 -768.495
-1498.44 321.822
-229.315 37.1844
-1828.63 1926.97
227.812 -222.683
1921 1524.07
-1817.42 1169.51
254.319 1026.26
-91.4361 421.242
-1077.48 1413.92
