41 63 70
37 91 94
66 73 77
13 22 46
54 78 91
36 39 98
32 39 83
32 65 83
58 65 83
15 32 65
46 64 92
26 57 75
11 33 49
16 69 88
61 70 86
23 88 89
24 45 55
4 20 30
20 28 82
4 30 60
4 20 28
24 29 97
18 68 82
66 81 95
23 86 88
13 19 22
13 19 71
66 81 87
6 10 40
40 60 90
40 90 95
6 44 54
3 6 44
44 54 94
0 60 78
3 6 10
54 60 78
0 47 50
2 14 35
37 53 91
36 37 53
2 35 38
36 37 39
54 91 94
26 41 62
9 15 63
10 81 87
3 10 87
58 59 87
5 7 21
23 70 86
41 61 70
74 79 86
26 41 75
11 49 57
26 31 57
1 43 79
8 25 93
79 86 88
22 46 64
1 79 88
43 93 99
1 8 93
1 43 93
1 69 88
51 56 76
16 51 88
5 7 89
7 89 92
5 51 76
21 24 45
5 21 76
22 27 64
27 64 97
24 29 55
21 24 97
28 29 55
28 52 55
34 72 96
34 56 96
8 52 72
8 72 96
64 92 97
7 92 97
73 80 84
78 85 91
48 78 85
61 75 86
73 90 95
73 80 90
68 73 84
20 80 84
57 74 75
22 27 77
14 31 67
20 30 60
20 42 80
6 40 60
18 68 73
16 51 56
15 59 71
15 32 62
51 88 89
29 82 97
20 68 84
44 58 83
25 33 49
14 35 36
14 26 31
14 26 98
38 85 91
25 33 93
10 81 95
33 93 99
9 13 46
7 21 97
11 74 79
21 45 76
48 50 78
12 17 67
6 54 60
14 36 98
9 13 71
23 46 92
1 8 96
20 42 60
39 83 94
15 62 63
9 15 71
2 38 47
23 46 70
11 43 79
35 36 38
19 71 87
60 80 90
11 43 99
11 33 99
12 17 25
18 27 97
19 22 77
45 56 76
23 89 92
38 48 50
26 32 62
37 39 94
26 32 39
26 39 98
74 75 86
34 55 56
19 77 87
18 27 77
59 71 87
38 47 50
66 77 87
12 31 49
31 49 57
10 40 95
41 61 75
34 55 72
1 69 96
20 68 82
36 38 53
38 48 85
16 56 69
38 53 91
3 44 87
42 60 80
12 31 67
46 63 70
66 73 95
41 62 63
44 58 87
18 73 77
44 83 94
12 25 49
9 46 63
28 29 82
0 50 78
11 57 74
45 55 56
52 55 72
56 69 96
18 82 97
5 51 89
58 59 65
15 59 65
