41 63 70
66 73 77
15 58 65
15 58 59
40 81 95
18 19 77
30 42 60
36 39 98
32 39 98
32 39 83
32 65 83
58 65 83
35 36 53
15 32 65
46 64 92
11 33 49
16 69 88
16 51 96
11 43 74
11 33 43
23 88 89
24 45 55
21 45 56
27 28 82
4 20 30
4 30 60
42 80 90
24 29 97
18 27 82
18 68 82
66 81 95
30 42 80
13 19 22
13 19 71
10 40 81
40 90 95
6 44 54
3 6 44
0 48 78
0 60 78
54 60 78
0 48 50
0 47 50
2 14 35
2 47 50
36 37 53
35 38 53
9 59 71
58 59 87
9 46 71
43 74 79
5 7 21
12 14 31
14 31 98
61 74 86
12 49 67
12 31 57
12 14 67
1 43 79
17 25 33
8 25 93
33 43 99
1 8 93
1 8 69
16 51 88
5 7 89
7 64 92
13 46 71
7 89 92
5 51 76
21 24 45
5 21 76
24 29 55
21 24 97
28 29 55
28 52 55
34 45 56
34 56 96
51 56 96
8 52 72
78 91 94
78 85 91
48 78 85
31 75 98
26 75 98
74 79 88
73 90 95
73 80 90
61 70 74
70 74 75
1 69 79
69 79 88
23 74 86
8 16 69
57 74 75
23 61 86
23 61 70
35 48 50
20 73 77
19 22 27
6 40 60
23 46 63
18 68 84
15 32 62
51 88 89
20 68 84
22 27 97
3 58 83
14 35 36
13 46 64
38 85 91
18 19 27
8 34 96
36 39 83
13 22 64
25 33 93
40 42 60
41 70 75
21 51 56
4 28 82
4 20 82
36 37 83
33 93 99
7 21 97
22 64 97
31 57 75
21 51 76
3 66 87
6 54 60
14 36 98
23 46 92
3 58 87
20 77 84
3 66 81
15 62 63
3 6 40
3 10 40
17 49 67
17 33 49
3 10 81
30 73 80
1 43 99
18 77 84
23 74 88
7 64 97
8 16 96
8 34 72
20 30 73
19 71 87
11 12 49
23 89 92
11 12 57
26 32 62
26 32 98
1 93 99
23 63 70
2 35 50
19 77 87
27 29 97
44 78 94
27 28 29
59 71 87
66 77 87
41 62 75
53 83 91
34 55 72
34 45 55
35 48 85
20 68 82
38 53 91
40 42 90
66 73 95
41 62 63
15 59 63
44 54 78
44 83 94
3 44 83
9 46 63
35 38 85
11 57 74
37 53 83
83 91 94
52 55 72
5 51 89
9 59 63
26 62 75
