19 66 87
41 63 70
19 59 71
66 73 77
15 58 65
13 22 46
15 58 59
40 81 95
18 19 77
53 85 91
3 87 94
30 42 60
32 65 83
58 65 83
32 41 62
16 51 96
61 70 86
24 45 55
4 20 30
40 54 60
4 30 60
42 80 90
4 20 28
24 29 97
18 27 82
68 82 84
18 68 82
66 81 95
30 42 80
19 66 77
13 19 71
66 81 87
10 40 81
6 10 40
6 44 54
0 48 78
0 60 78
6 40 54
54 60 78
38 53 85
2 14 35
2 47 50
35 38 53
10 81 87
3 10 87
19 59 87
9 59 71
58 59 87
11 74 75
11 57 75
33 49 67
12 49 67
17 33 67
17 25 33
8 25 93
25 33 99
33 43 99
25 93 99
79 86 88
22 46 64
1 8 93
16 69 96
51 56 76
21 56 76
5 51 88
5 7 89
9 46 92
7 89 92
5 51 76
24 29 55
21 24 97
28 29 55
28 52 55
8 52 72
78 85 91
48 78 85
73 80 90
61 70 74
9 63 92
14 31 67
11 31 33
35 48 50
21 27 97
20 73 77
33 74 79
18 68 84
29 82 97
23 63 92
35 37 53
14 35 36
14 26 31
13 18 19
14 26 98
6 10 44
8 34 96
36 39 83
23 70 88
5 23 89
40 42 60
18 27 64
40 73 90
18 22 64
3 91 94
36 37 83
9 13 46
5 7 64
31 57 75
7 46 64
5 64 76
32 41 65
14 36 98
9 13 71
1 8 96
41 62 74
20 77 84
21 27 64
13 18 22
40 73 95
24 45 56
30 73 80
16 69 79
1 43 99
18 77 84
8 34 72
31 33 49
20 30 73
11 31 57
27 82 97
58 87 94
39 62 83
47 48 50
3 44 91
23 89 92
3 10 44
21 24 56
0 47 48
26 36 39
26 36 98
26 39 62
1 93 99
23 63 70
2 35 50
34 55 56
34 51 56
20 28 84
28 82 84
12 31 49
26 31 75
11 33 74
33 43 79
34 51 96
53 83 91
34 55 72
35 36 37
7 46 92
35 38 48
1 69 96
58 83 94
38 48 85
40 42 90
41 63 65
12 31 67
1 43 69
43 69 79
66 73 95
15 59 63
44 54 78
44 78 91
70 86 88
28 29 82
21 64 76
5 23 88
51 79 88
16 51 79
37 53 83
83 91 94
41 70 74
45 55 56
52 55 72
9 59 63
61 74 79
61 79 86
62 74 75
26 62 75
32 62 83
15 63 65
