41 63 70
20 73 80
19 59 71
66 73 77
15 58 65
20 73 84
32 65 83
58 65 83
26 57 75
16 69 88
61 70 86
23 88 89
20 30 80
4 20 30
20 82 84
24 29 97
18 27 82
68 82 84
18 68 82
66 81 95
30 42 80
19 66 77
13 19 22
13 19 71
73 77 84
66 73 80
42 60 90
66 80 95
10 40 81
6 10 40
6 44 54
3 6 44
0 48 78
0 60 78
3 44 94
3 6 10
6 40 54
54 60 78
0 48 50
0 47 50
2 14 35
37 53 91
35 38 53
2 35 38
26 31 98
26 62 98
9 15 63
10 81 87
58 83 87
3 10 87
19 59 87
9 59 71
58 59 87
43 74 79
41 61 70
11 57 75
26 41 75
12 14 31
14 31 98
26 31 57
61 74 86
12 49 57
12 31 57
1 43 79
17 25 33
8 25 93
1 8 93
1 8 69
51 56 76
16 51 88
21 56 76
5 7 89
23 70 89
9 89 92
9 46 92
7 89 92
5 51 76
21 24 45
22 27 64
27 64 97
24 29 55
21 24 97
21 64 97
28 29 55
28 52 55
45 52 72
8 69 96
34 56 96
8 52 72
40 81 90
78 91 94
78 85 91
48 78 85
74 79 88
1 69 79
69 79 88
21 34 72
21 34 56
19 81 87
19 22 27
16 51 56
18 68 84
19 66 81
14 49 67
51 88 89
29 82 97
81 90 95
12 14 49
35 37 53
14 35 36
38 85 91
9 70 89
8 34 96
36 39 83
23 70 88
13 22 64
25 33 93
4 28 82
40 54 90
4 20 82
9 15 58
36 37 83
3 83 87
7 13 64
36 39 62
9 58 59
33 93 99
9 13 46
5 7 64
4 42 60
42 80 95
5 64 76
14 36 98
9 13 71
17 49 67
17 33 49
4 30 42
2 38 47
1 43 99
18 77 84
7 13 46
74 86 88
3 83 94
8 34 72
11 43 99
27 82 97
9 63 70
11 33 99
39 62 83
24 45 52
24 52 55
38 48 50
1 93 99
26 41 63
44 78 94
18 27 77
19 27 77
38 47 50
37 83 91
11 33 57
36 62 98
33 49 57
41 61 75
35 36 37
7 46 92
21 45 72
38 48 85
16 56 69
38 53 91
26 62 63
42 90 95
43 74 75
11 43 75
32 63 65
44 54 78
70 86 88
28 29 82
21 64 76
83 91 94
54 60 90
56 69 96
5 51 89
61 74 75
32 62 63
32 62 83
15 63 65
