-729.331 87.6843
-1002.01 -1439.61
-49.3702 1899.53
1089.88 -1006.52
-102.714 -91.6244
-477.445 -1102.14
357.795 1380.89
-106.968 231.237
-1734.73 -258.932
-634.638 683.35
1385.54 1710.1
1641.93 -1931.78
503.626 -343.487
1900.47 -160.485
-536.878 -384.51
1139.32 733.791
1703.17 -1862.69
1294.18 -346.196
-1963.15 384.056
647.28 -65.8669
-1707.57 -1830.17
831.989 650.227
1550.72 -1274.98
-1118.54 1815.99
466.089 246.825
499.343 -148.371
-43.0721 141.27
-80.1475 -1539.45
1797.78 -179.675
300.069 -739.096
1435.82 -560.611
1994.7 1138.99
-423.299 1288.87
-1207.21 -386.452
-327.072 1440.07
1547.68 -34.64
1609.91 379.67
-1384.41 1160.63
1104.69 -502.95
976.626 -429.22
1743.88 -524.031
1422.41 -299.196
1617.24 -657.739
161.358 1415.02
1162.59 -1538.57
-1324.07 598.402
-99.1837 -1329.38
-262.609 1477.52
1959.49 530.185
-908.934 -367.58
-29.742 -1361.25
1597.78 -419.834
1018.42 -1786.63
-1259.2 123.108
-289.583 1717.42
1693.89 -545.707
-806.607 1116.3
1155.1 -1189.37
-1541.44 -683.546
-1774.35 1621.14
-222.119 -1098.42
219.546 1678.7
-427.801 1956.94
1156.22 -468.309
487.122 -1752.72
1164.11 -1542.62
-1113.97 761.891
37.5456 1904.44
975.258 778.344
27.5521 -1314.32
495.768 -278.56
139.968 1689.16
-1162.26 -704.935
-1500.21 -703.707
611.519 -1274.55
-1082.56 -1610.6
-372.975 1136.98
-1931.9 1199.22
1093.92 1224.31
-1269.09 -418.958
1471.59 1895.03
38.4221 -1642.38
656.917 -1924.03
-1737.93 -367.825
854.311 289.618
317.851 -649.921
-1988.94 -1542.18
-960.76 -1151.21
-247.116 -460.966
145.086 -1635.6
264.48 1062.52
-1246.2 1891.5
199.508 -1178.1
1090.73 -706.572
-1953.79 1821.64
874.471 1517.81
1716.67 -1087.11
1875.43 373.584
-1011.14 -1862.51
-1994.24 1843.17
