174 229 232
19 46 85
102 160 228
1 110 138
139 238 282
57 208 246
21 23 53
36 98 207
63 222 295
242 291 295
12 65 278
79 157 196
26 181 296
56 265 288
17 152 225
48 145 265
13 248 266
3 96 125
19 224 267
24 61 91
19 85 267
24 28 91
25 74 211
92 146 170
21 53 140
36 141 207
126 170 182
76 262 285
115 226 231
132 142 192
78 164 244
127 171 280
6 63 274
50 146 227
83 143 198
198 212 268
0 205 283
77 127 245
14 234 268
14 198 268
143 198 212
16 169 293
131 259 271
108 112 270
5 117 214
32 235 299
41 116 156
69 193 206
17 119 225
7 84 97
152 253 287
8 73 100
84 99 263
7 119 161
131 201 271
103 235 264
125 188 209
188 209 297
58 168 209
70 71 224
58 209 297
46 139 275
3 13 96
72 211 269
168 266 276
19 46 139
19 139 224
75 183 218
139 275 282
58 70 122
71 139 224
119 134 225
70 71 122
58 122 297
70 224 267
7 161 173
34 67 241
67 89 287
15 67 89
34 49 121
15 241 251
15 67 241
28 75 91
61 91 251
91 218 275
75 91 218
150 178 183
24 61 121
54 95 193
52 69 206
114 193 206
25 180 211
109 213 229
1 25 104
109 120 229
47 87 202
30 180 213
25 180 213
57 215 223
213 229 232
168 223 236
236 239 252
86 246 250
86 147 237
25 213 232
57 93 208
93 246 250
132 141 142
132 192 284
36 141 142
57 93 199
93 208 246
167 262 279
10 215 262
215 226 262
90 192 285
167 226 262
10 76 262
215 223 226
31 106 155
78 133 166
11 106 279
90 142 192
50 101 227
126 130 170
133 166 256
78 166 244
171 187 294
187 256 294
171 187 216
126 130 149
126 182 294
2 101 227
92 146 204
146 204 227
2 6 63
0 92 291
18 36 142
18 27 142
6 95 274
2 6 151
54 95 274
95 110 138
219 254 298
159 219 254
63 222 274
190 254 255
190 222 295
254 274 298
94 159 219
175 258 272
249 255 270
94 159 258
108 159 258
163 190 255
196 242 249
157 196 242
163 249 255
196 249 270
83 143 197
0 157 205
55 79 196
14 64 83
113 205 283
77 127 280
127 128 245
14 83 198
112 143 197
112 143 272
143 212 272
12 42 124
37 124 212
14 128 234
124 210 234
29 129 131
29 129 200
12 124 210
9 12 65
12 210 278
68 201 271
68 257 299
32 60 201
131 201 235
60 68 201
60 68 299
123 175 290
42 88 261
37 88 123
175 258 290
94 258 290
81 137 260
16 66 169
16 118 293
66 144 169
62 169 293
32 60 299
32 201 235
62 135 176
62 169 176
103 189 235
103 264 281
185 292 296
185 191 296
33 189 191
103 191 281
186 195 243
117 185 203
4 185 203
80 111 292
80 176 181
102 111 179
102 137 260
81 137 144
102 137 179
102 228 260
81 228 260
54 105 221
52 69 221
22 49 154
49 121 289
116 154 156
5 117 203
41 116 214
160 165 273
56 243 265
5 8 288
8 73 253
41 100 214
22 154 156
17 59 119
8 59 230
8 59 253
152 225 287
70 119 134
84 97 277
59 177 230
119 161 173
48 145 177
33 186 247
99 195 247
99 195 243
186 195 247
82 99 158
103 189 191
82 99 263
84 263 277
20 43 184
43 184 220
7 20 119
20 97 184
7 20 97
62 264 293
118 257 290
163 249 295
93 240 250
207 240 250
239 248 266
45 239 248
237 239 252
235 264 293
147 223 237
218 275 282
183 211 218
72 202 269
10 199 215
196 197 270
69 193 221
236 237 252
190 222 274
190 254 274
188 238 282
125 188 282
187 244 256
44 172 216
153 172 216
254 255 270
163 190 295
158 189 194
22 156 253
73 156 253
223 236 237
49 154 289
105 154 221
154 165 273
105 154 165
115 153 216
136 150 211
50 146 182
150 183 211
137 144 169
74 136 233
133 182 294
133 256 294
235 293 299
132 207 240
257 261 271
129 200 259
126 171 280
126 171 294
125 168 276
125 168 209
232 237 239
122 188 238
71 122 139
122 139 238
61 121 251
121 241 251
118 257 299
4 185 186
102 117 160
117 160 273
116 117 214
116 117 273
115 172 231
115 153 172
33 158 189
55 113 197
80 111 169
127 171 216
108 159 254
51 107 228
55 196 197
218 269 282
105 274 298
54 105 274
105 107 298
102 111 292
102 117 185
98 207 250
97 184 220
81 144 228
13 96 266
6 95 151
95 110 151
93 240 284
157 242 291
92 204 295
92 291 295
122 188 297
90 262 279
167 226 231
148 154 289
89 225 287
115 127 128
88 123 257
112 197 270
88 257 261
35 95 114
45 120 248
36 98 151
124 212 234
3 13 120
40 114 206
33 185 191
42 261 271
108 112 258
40 136 140
29 200 259
29 131 259
28 75 183
22 67 253
37 123 175
82 263 277
43 158 194
26 264 281
129 210 234
53 136 140
21 23 206
23 53 150
96 266 276
23 148 217
23 24 121
26 135 176
23 28 178
23 24 28
146 170 182
35 40 104
22 34 49
26 135 264
25 104 233
232 237 250
30 72 213
80 181 296
8 230 265
168 236 266
123 257 290
167 172 231
50 133 182
90 142 279
95 114 193
26 191 296
12 259 271
47 109 120
177 230 265
23 150 178
93 199 284
5 56 288
85 267 286
115 127 216
90 262 285
4 56 243
132 141 207
18 101 162
23 52 206
211 218 269
236 239 266
5 8 214
1 232 250
0 92 170
8 265 288
15 85 91
1 98 151
8 100 214
10 76 199
1 35 138
47 125 282
1 35 104
21 40 206
47 269 282
0 130 149
15 91 251
16 118 290
51 144 228
11 78 164
118 293 299
23 121 289
106 167 279
13 120 248
77 126 280
26 176 181
72 180 211
68 257 271
107 160 228
77 83 245
2 18 151
18 36 151
5 56 203
16 51 66
50 133 162
35 40 114
9 129 259
76 192 285
39 47 125
0 130 170
33 99 247
1 25 232
28 178 183
31 44 155
57 199 215
11 106 164
116 154 273
107 160 165
51 219 298
11 18 162
9 12 259
11 78 133
20 43 235
11 142 279
80 292 296
15 89 134
16 51 94
105 107 165
33 99 158
76 192 284
57 147 223
14 64 245
84 99 243
11 133 162
106 155 167
43 189 235
166 244 256
15 134 286
109 202 213
2 18 101
7 48 177
25 74 233
3 39 120
1 110 151
14 128 245
86 237 250
108 254 270
187 216 244
0 157 291
39 47 120
16 94 290
7 48 84
40 104 233
40 136 233
21 40 140
11 27 142
4 186 243
41 73 100
37 175 212
0 149 283
145 177 265
97 220 277
12 42 271
35 95 138
175 212 272
30 72 180
43 82 158
43 220 277
44 155 167
44 167 172
26 191 281
64 83 245
44 216 244
77 149 283
44 164 244
45 174 239
11 18 27
45 174 229
242 249 295
46 91 275
46 85 91
23 148 289
47 109 202
47 87 269
38 48 84
212 234 268
48 243 265
38 48 243
57 86 246
137 169 179
51 66 144
51 107 298
52 154 221
52 154 217
63 204 295
59 173 177
53 136 150
4 56 203
57 86 147
111 169 179
54 193 221
51 94 219
17 59 152
59 152 253
59 119 173
1 98 250
79 157 205
65 210 278
45 120 229
77 113 283
31 44 164
65 129 210
62 135 264
2 63 227
63 204 227
23 52 217
3 39 125
22 34 67
74 136 211
9 65 129
33 185 186
67 253 287
102 185 292
112 258 272
70 267 286
70 134 286
7 173 177
31 106 164
72 202 213
41 73 156
89 134 225
87 202 269
148 154 217
43 189 194
43 82 277
76 199 284
77 83 113
77 126 149
55 79 113
50 101 162
79 113 205
96 125 276
80 169 176
128 129 234
83 113 197
38 84 243
34 121 241
15 85 286
174 232 239
132 240 284
37 88 124
42 88 124
