53 140 150
125 238 282
19 46 85
102 160 228
1 110 138
139 238 282
57 208 246
204 291 295
21 23 53
36 98 207
63 222 295
26 181 296
96 125 209
56 265 288
17 152 225
48 145 265
45 248 266
125 188 238
19 224 267
92 146 170
52 206 217
24 28 178
21 53 140
35 104 233
45 239 266
199 284 285
93 207 240
126 170 182
192 284 285
76 262 285
115 226 231
78 164 244
127 171 280
31 44 106
163 190 242
35 114 138
83 143 198
77 113 149
0 205 283
14 234 268
14 198 268
144 169 179
143 198 212
16 169 293
108 112 270
117 185 292
114 138 193
69 193 206
7 84 97
152 253 287
188 238 297
70 134 267
48 173 177
7 119 161
99 158 247
103 235 264
125 188 209
70 71 224
58 70 122
71 139 224
119 134 225
70 71 122
58 122 297
15 89 286
134 267 286
70 224 267
7 161 173
89 134 286
34 67 241
67 89 287
15 67 89
23 24 289
34 49 121
15 67 241
28 75 91
24 121 289
61 91 251
91 218 275
75 91 218
74 183 211
74 136 183
136 150 183
150 178 183
24 61 121
23 217 289
148 217 289
21 206 217
21 40 114
52 69 206
21 23 217
21 114 206
114 193 206
35 104 138
25 180 211
109 213 229
47 87 202
47 87 282
87 269 282
174 229 239
45 120 239
30 109 202
30 109 213
57 215 223
168 223 236
86 232 237
86 147 237
25 213 232
93 208 246
10 215 262
215 226 262
90 192 285
167 226 262
10 76 262
215 223 226
44 153 172
31 106 155
78 133 166
78 106 164
44 106 164
27 90 142
11 106 279
2 98 101
90 142 192
50 101 227
126 130 170
133 162 182
78 166 244
171 187 294
187 256 294
171 187 216
126 182 294
77 149 280
50 146 170
2 101 227
92 146 204
2 204 295
2 6 63
2 63 295
92 204 291
0 92 291
2 204 227
11 27 162
18 27 142
1 207 250
2 98 151
1 104 138
1 98 207
2 6 151
6 95 110
6 110 151
95 110 138
95 138 193
219 254 298
159 219 254
190 222 295
254 274 298
107 274 298
108 255 270
51 160 228
94 159 219
175 258 272
108 258 272
163 190 255
112 196 270
163 242 249
196 249 270
83 143 197
14 64 128
0 242 291
0 157 205
129 210 278
77 127 280
127 128 245
64 128 245
112 143 197
108 112 272
12 42 124
123 175 272
65 129 278
14 128 234
29 129 131
9 12 271
29 129 200
88 123 261
68 201 271
9 259 271
68 257 299
32 60 201
131 201 235
60 68 201
60 68 299
123 175 290
42 88 261
37 88 123
175 258 290
16 118 293
20 43 189
32 201 235
62 135 176
33 158 194
135 235 264
103 189 235
103 264 281
185 292 296
185 191 296
103 191 281
117 185 203
4 185 203
181 292 296
80 111 292
80 176 181
80 181 292
102 137 260
102 228 260
54 105 221
116 214 273
105 116 154
52 69 221
49 121 289
41 116 214
5 100 214
160 165 273
56 243 265
41 100 214
22 253 287
8 59 230
152 225 287
70 119 134
84 97 277
119 173 177
119 161 173
48 145 177
7 48 173
4 56 186
186 195 247
82 99 158
33 189 194
84 263 277
20 43 184
20 189 235
7 20 119
20 97 184
7 20 97
123 261 290
118 257 290
13 248 276
99 243 247
195 243 247
237 239 252
168 236 276
236 266 276
232 246 250
86 232 246
174 229 237
147 223 237
222 254 255
218 275 282
213 232 237
213 229 237
104 211 233
177 225 230
93 207 246
117 203 214
72 202 269
95 193 274
69 193 221
192 240 284
236 237 252
132 192 240
190 291 295
74 211 233
187 244 256
190 242 291
200 259 271
81 179 260
137 179 260
119 177 225
111 179 292
169 293 299
163 255 270
163 249 270
50 162 170
162 170 182
160 214 273
17 225 230
22 156 253
155 172 231
223 236 237
49 154 289
105 154 221
113 149 205
139 238 297
102 137 292
155 167 231
74 136 233
130 149 280
126 130 280
257 261 271
129 200 259
126 171 280
126 171 294
12 124 278
124 210 278
124 198 268
124 198 212
37 123 212
123 212 272
33 158 186
71 122 139
61 121 251
121 241 251
118 257 299
4 185 186
116 165 273
105 116 165
115 172 231
115 153 172
113 127 245
112 212 272
112 143 212
79 112 157
80 111 176
109 229 239
127 171 216
109 120 239
108 159 254
11 106 133
78 106 133
218 269 282
54 105 274
1 104 232
25 104 232
25 104 211
190 222 255
97 263 277
207 246 250
96 125 282
3 96 282
96 168 276
94 108 258
93 199 285
93 240 284
257 261 290
85 91 241
91 241 251
124 210 268
167 226 231
148 154 289
89 225 287
115 127 128
72 180 202
46 275 282
54 193 274
158 186 247
45 120 248
18 27 101
51 107 219
33 185 191
99 243 263
42 261 271
63 254 274
33 103 191
50 146 204
3 39 47
56 186 195
28 75 183
102 117 292
32 135 235
9 12 278
90 167 279
43 158 194
149 205 283
29 200 271
26 264 281
32 60 62
129 210 234
24 53 150
76 93 285
57 76 215
24 150 178
76 93 208
26 135 176
55 64 197
58 188 297
5 203 214
43 97 184
19 85 286
26 135 264
29 131 201
18 36 98
51 81 260
62 111 179
18 98 101
17 59 230
38 243 263
51 107 160
8 230 265
63 222 254
34 49 287
22 49 156
72 183 211
26 191 296
177 230 265
16 66 81
3 47 282
93 199 284
5 56 288
25 30 213
102 160 214
13 39 120
23 24 53
115 127 216
16 81 144
90 167 262
16 94 219
90 262 285
22 49 287
37 88 212
239 252 266
9 65 278
28 61 91
36 207 240
132 141 192
72 75 269
140 150 233
29 201 271
1 232 250
0 92 170
8 265 288
16 94 258
1 98 151
0 242 249
77 113 127
34 67 287
0 130 149
38 84 263
41 154 156
42 88 212
6 63 95
55 79 197
102 117 214
51 228 260
118 293 299
106 167 279
13 120 248
26 176 181
210 234 268
112 157 196
72 180 211
68 257 271
5 56 203
16 51 66
35 40 114
5 100 288
9 129 259
107 219 298
0 130 170
99 220 263
44 115 216
28 178 183
31 44 155
8 73 288
43 82 99
30 180 202
107 160 165
33 103 189
32 62 135
24 28 61
105 107 165
18 142 192
3 13 276
18 36 141
44 115 153
18 141 192
0 196 249
57 147 223
3 96 276
41 116 154
11 133 162
16 118 258
106 155 167
57 76 208
166 244 256
108 254 255
75 218 269
19 267 286
11 90 279
1 110 151
16 51 219
35 40 233
16 144 169
187 216 244
0 157 196
7 48 84
132 141 240
21 40 140
40 140 233
44 155 172
41 73 100
41 156 253
42 124 212
0 149 283
145 177 265
12 42 271
122 139 297
51 66 81
43 97 220
43 82 158
43 99 220
62 169 179
58 188 209
26 191 281
44 216 244
166 182 294
44 164 244
11 27 90
41 73 253
8 59 73
46 91 275
72 75 183
46 85 91
19 46 224
46 139 224
133 166 182
46 139 282
39 47 109
64 113 245
47 109 202
64 83 197
38 48 84
62 169 299
48 243 265
38 48 243
49 154 156
50 204 227
57 86 246
52 154 221
52 154 217
56 195 243
4 56 203
57 86 147
58 96 168
58 96 209
54 193 221
59 73 253
17 59 152
174 237 239
59 152 253
79 157 205
27 101 162
60 62 299
62 111 176
63 95 274
248 266 276
55 64 113
25 30 180
14 64 198
64 83 198
36 141 240
9 65 129
94 108 159
33 185 186
79 112 197
166 256 294
97 220 263
136 150 233
89 134 225
73 100 288
87 202 269
148 154 217
43 189 194
118 258 290
10 76 215
55 79 113
50 101 162
79 113 205
81 144 179
236 252 266
128 129 234
3 13 39
34 121 241
137 179 292
15 85 241
15 85 286
39 109 120
105 107 274
