13 96 276
125 238 282
19 46 85
1 110 138
15 85 251
57 208 246
21 23 53
36 98 207
66 94 219
63 222 295
242 291 295
79 157 196
7 38 84
56 265 288
17 152 225
45 248 266
13 248 266
13 266 276
96 209 276
125 188 238
19 224 267
25 74 211
92 146 170
52 206 217
45 239 266
126 170 182
106 155 279
76 262 285
115 226 231
132 142 192
78 164 244
127 171 280
50 170 182
171 280 294
141 240 284
54 165 274
51 66 228
77 113 149
0 205 283
128 210 234
77 127 245
43 82 263
115 128 216
144 169 179
143 198 212
26 281 296
16 66 94
108 112 270
51 66 107
135 176 181
117 185 292
5 117 214
32 235 299
22 73 253
41 116 156
152 253 287
70 134 267
48 173 177
7 119 161
99 158 247
103 235 264
188 209 297
70 71 224
58 209 297
46 139 275
58 70 122
119 134 225
70 71 122
58 122 297
15 89 286
134 267 286
70 224 267
67 89 287
15 67 89
34 61 121
23 24 289
34 49 121
15 241 251
15 67 241
34 61 251
28 75 91
24 121 289
136 140 150
74 136 140
74 183 211
28 75 178
74 136 183
24 61 121
23 53 178
54 95 193
21 206 217
21 23 217
114 193 206
35 104 138
25 180 211
109 213 229
1 25 104
72 87 202
47 87 202
72 87 269
47 87 282
87 269 282
174 229 239
45 120 239
30 180 213
25 180 213
57 215 223
147 236 252
168 223 236
147 223 236
86 232 237
57 93 208
93 246 250
132 141 142
132 192 284
36 141 142
132 141 284
199 240 284
57 93 199
93 208 246
155 167 226
10 76 262
215 223 226
172 226 231
31 106 155
44 106 164
11 106 279
2 98 101
90 142 192
126 130 170
128 171 216
78 166 244
171 187 294
182 256 294
77 113 245
187 256 294
171 187 216
126 130 149
126 182 294
113 149 283
77 149 280
50 146 170
2 101 227
92 146 204
2 204 295
2 63 295
0 92 291
2 204 227
18 50 101
36 98 101
18 36 101
2 98 151
1 104 138
2 6 151
54 95 274
95 110 138
219 254 298
159 219 254
63 222 274
190 222 295
107 274 298
108 255 270
51 160 228
54 105 165
94 159 219
94 159 258
16 94 118
108 159 258
163 190 255
196 242 249
163 249 255
0 242 291
113 205 283
55 113 245
129 210 278
77 127 280
127 128 245
127 128 171
124 234 268
128 129 210
112 143 197
112 143 272
12 42 261
12 42 124
123 175 272
124 210 234
29 129 131
9 12 271
12 124 210
9 12 65
12 210 278
88 123 261
68 201 271
9 259 271
32 60 201
131 201 235
62 293 299
62 135 235
123 175 290
42 88 261
37 88 123
175 258 290
94 258 290
66 81 144
94 118 290
16 118 293
66 144 169
62 169 293
62 235 299
137 144 179
32 60 299
32 201 235
62 135 176
135 235 264
103 189 235
80 111 179
191 281 296
103 264 281
185 292 296
185 191 296
33 189 191
103 191 281
186 195 243
4 185 203
80 111 292
80 176 181
80 181 292
81 137 144
51 107 165
54 105 221
107 165 274
52 69 221
49 121 289
116 154 156
41 116 214
5 100 214
56 243 265
230 265 288
8 230 288
41 100 214
8 59 230
70 119 134
119 173 177
119 161 173
48 145 177
38 243 265
186 195 247
82 99 158
103 189 191
33 189 194
82 158 194
20 43 184
43 184 220
43 220 263
7 20 119
20 97 184
7 20 97
68 261 299
123 261 290
118 257 290
163 249 295
195 243 247
207 240 250
168 236 276
236 266 276
232 246 250
86 232 246
174 229 237
222 254 255
218 275 282
213 232 250
213 232 237
213 229 237
177 225 230
30 202 213
72 202 211
201 259 271
10 199 215
143 197 198
196 197 270
69 193 221
187 244 256
33 186 191
180 202 211
238 275 282
119 177 225
44 172 216
111 179 292
153 172 216
167 215 226
164 216 244
163 190 295
78 162 166
11 162 164
17 225 230
49 154 289
115 153 216
140 150 178
137 160 260
134 152 225
134 152 287
135 181 264
14 128 268
93 199 250
124 198 212
37 123 212
122 188 238
71 122 139
122 139 238
118 257 299
4 185 186
102 117 160
117 160 273
102 117 137
116 154 217
116 165 273
105 116 165
116 117 214
116 117 273
115 172 231
115 153 172
112 175 258
112 175 272
6 110 274
109 229 239
109 120 239
108 159 254
200 201 259
53 140 178
218 269 282
160 228 260
190 222 255
133 162 166
8 100 288
83 197 245
98 207 250
97 263 277
97 184 220
96 188 209
96 125 188
222 274 298
92 204 295
92 291 295
257 261 290
92 130 170
122 188 297
90 192 284
90 155 279
148 154 289
196 249 255
95 110 274
112 197 270
86 147 252
12 68 271
38 243 247
7 38 161
40 53 233
158 186 247
35 95 114
45 120 248
3 13 120
55 197 245
40 114 206
222 254 298
50 146 204
3 39 47
123 143 272
108 112 258
0 113 205
29 129 278
29 200 201
27 36 142
22 67 253
18 27 36
26 181 292
26 292 296
26 264 281
52 69 193
1 6 98
126 149 294
102 137 160
31 106 172
3 47 125
23 148 217
166 182 256
66 81 137
23 28 178
23 24 28
35 40 104
22 34 49
75 91 275
6 98 151
38 48 145
29 131 201
52 116 217
25 104 233
17 59 230
50 101 204
199 240 250
7 97 277
185 186 191
22 49 156
0 196 242
72 183 211
50 133 182
90 142 279
38 145 265
95 114 193
47 109 120
46 71 139
177 230 265
31 155 226
5 117 185
5 56 288
38 48 161
78 162 164
90 167 262
90 262 285
4 56 243
48 161 173
2 6 274
37 88 212
239 252 266
79 113 157
28 61 91
36 207 240
18 50 162
15 19 286
58 168 276
22 73 156
38 82 99
10 76 199
0 113 157
47 125 282
21 40 206
0 130 149
7 263 277
38 84 263
83 197 198
16 66 293
1 213 250
55 79 197
118 293 299
1 6 110
13 120 248
89 286 287
52 193 206
5 56 203
139 238 275
50 133 162
26 181 264
35 40 114
5 100 288
149 280 294
5 185 203
2 63 274
107 219 298
29 200 278
10 167 215
257 261 299
57 199 215
158 186 194
11 106 164
30 180 202
11 18 162
24 28 61
20 43 235
11 142 279
38 82 263
57 147 223
12 68 261
31 172 226
14 124 198
14 64 245
12 65 200
134 286 287
43 189 235
166 244 256
10 167 262
108 254 255
3 13 125
109 202 213
14 124 268
75 218 269
128 234 268
19 267 286
33 186 194
15 19 85
25 74 233
0 92 130
3 39 120
68 201 299
14 128 245
7 84 263
187 216 244
44 164 216
39 47 120
0 157 196
86 237 239
19 71 224
40 104 233
11 27 142
38 99 247
4 186 243
41 73 100
0 149 283
51 165 273
145 177 265
35 95 138
13 96 125
43 82 194
64 83 245
11 18 27
72 183 269
242 249 295
46 91 275
46 85 91
23 148 289
133 166 182
66 107 219
47 109 202
49 154 156
123 143 212
57 86 246
44 106 172
51 160 273
52 105 221
52 105 116
76 284 285
53 74 140
53 74 233
4 56 203
57 86 147
101 204 227
54 193 221
58 209 276
59 73 253
59 73 100
17 59 152
8 59 100
174 237 239
59 152 253
1 98 250
117 137 292
196 255 270
19 46 71
61 85 251
61 85 91
62 80 176
62 80 169
86 239 252
60 201 299
14 64 198
64 83 198
22 34 67
75 136 183
66 169 293
65 200 259
36 141 240
9 65 259
66 137 260
21 40 53
66 228 260
67 241 251
34 67 251
67 253 287
97 220 263
41 73 156
148 154 217
75 136 150
43 189 194
75 183 269
75 150 178
75 218 275
90 155 167
1 25 213
76 199 284
55 79 113
79 196 197
236 252 266
12 200 278
80 169 179
137 179 292
90 284 285
42 88 124
88 124 212
