13 96 276
19 46 85
1 110 138
139 238 282
15 85 251
25 74 104
86 147 246
21 23 53
36 98 207
63 222 295
242 291 295
79 157 196
7 38 84
17 152 225
9 65 200
45 248 266
13 248 266
13 266 276
19 224 267
24 61 91
52 206 217
24 28 178
21 53 140
35 104 233
45 239 266
36 141 207
199 284 285
76 262 285
115 226 231
44 153 164
153 164 244
127 171 280
126 280 294
171 280 294
6 63 274
51 66 228
83 143 198
128 210 234
14 234 268
14 198 268
115 128 216
143 198 212
16 169 293
26 281 296
108 112 270
51 66 107
5 117 214
49 148 154
49 148 289
69 193 206
5 203 288
70 134 267
84 99 263
7 119 161
99 158 247
103 235 264
188 209 297
89 134 287
3 125 282
147 223 246
168 266 276
19 46 139
75 183 218
218 269 275
71 139 238
119 134 225
70 71 122
134 267 286
7 161 173
89 134 286
67 89 287
15 67 89
23 24 289
15 241 251
15 67 241
24 121 289
91 218 275
136 140 150
74 136 140
74 104 233
75 91 218
74 183 211
74 136 183
136 150 183
150 178 183
24 61 121
54 95 193
23 217 289
148 217 289
52 69 206
21 23 217
114 193 206
35 104 138
30 72 211
1 25 104
30 180 211
72 87 202
47 87 202
72 87 269
183 218 269
45 120 239
39 47 202
57 215 223
168 223 236
147 223 236
236 239 252
86 246 250
199 240 284
155 167 226
90 192 285
10 76 262
215 223 226
44 153 172
187 216 256
153 172 231
78 106 164
44 106 164
76 199 285
50 101 227
126 130 170
133 162 182
115 216 244
171 187 294
77 113 245
187 256 294
171 187 216
126 182 294
77 149 280
50 146 170
2 101 227
2 63 295
92 204 291
0 92 291
27 50 162
2 204 227
1 98 110
1 104 138
98 110 151
6 95 110
6 110 151
95 110 138
219 254 298
159 219 254
63 222 274
190 222 295
107 274 298
51 160 228
94 159 219
16 94 118
163 242 249
196 249 270
83 143 197
14 64 128
55 79 196
14 64 83
113 205 283
55 113 245
129 210 278
127 128 245
55 64 245
14 83 198
64 128 245
128 129 210
143 212 272
12 42 124
14 128 234
29 129 131
9 12 271
9 200 259
29 129 200
12 124 210
9 12 65
12 210 278
88 123 261
9 259 271
131 201 235
12 261 271
68 261 271
37 88 123
175 258 290
94 258 290
94 118 290
16 118 293
32 60 299
32 201 235
62 135 176
135 235 264
103 189 235
80 111 179
191 281 296
103 264 281
185 292 296
185 191 296
103 191 281
186 195 243
117 185 203
4 56 288
4 185 191
4 185 203
80 111 292
102 137 179
66 81 228
81 228 260
22 49 154
5 117 203
160 165 273
56 243 265
4 203 288
8 230 288
8 73 253
17 59 253
22 41 156
22 154 156
145 230 265
8 59 230
8 59 253
70 119 134
145 177 230
119 161 173
220 263 277
82 99 158
82 158 194
20 43 184
43 184 220
7 20 119
20 97 184
7 20 97
159 254 270
127 245 280
77 245 280
99 243 247
195 243 247
207 240 250
153 231 244
213 232 250
177 225 230
10 199 215
93 199 208
196 197 270
69 193 221
190 222 274
190 274 298
33 189 247
188 238 282
125 188 282
188 209 276
33 186 191
4 186 191
102 179 292
81 179 260
137 179 260
80 176 292
123 175 261
174 213 229
111 179 292
146 170 204
92 170 204
169 293 299
167 215 226
254 255 270
115 231 244
78 164 166
164 166 244
163 190 295
163 255 270
163 249 270
163 254 255
50 162 170
160 214 273
117 160 214
17 225 230
157 196 249
38 145 243
145 173 177
27 142 162
137 160 228
134 152 225
134 152 287
132 192 285
132 284 285
132 207 240
130 149 280
126 130 280
126 162 170
157 242 249
176 181 292
93 199 250
124 198 268
124 198 212
232 237 239
37 123 212
122 209 297
61 121 251
39 120 248
120 174 239
118 257 299
118 257 261
118 261 290
102 117 160
105 116 221
116 165 273
105 116 165
112 175 272
125 188 276
127 171 216
55 196 197
129 200 278
107 165 221
102 117 185
133 162 166
145 243 265
157 205 283
98 207 250
97 184 220
93 208 250
94 108 258
157 242 291
122 188 297
124 210 268
90 155 279
90 141 192
90 141 142
112 197 270
202 213 229
39 109 202
38 48 173
45 120 248
36 98 151
108 175 258
18 27 101
40 114 206
33 103 191
32 201 271
50 146 204
32 62 299
3 39 47
22 41 253
29 259 271
29 200 259
28 75 183
190 254 298
32 135 235
27 50 101
18 27 36
26 181 292
31 155 279
26 292 296
26 264 281
2 63 151
102 137 160
24 150 178
31 106 172
40 74 140
26 135 176
55 64 197
22 152 287
22 34 49
90 142 162
38 48 145
19 89 286
11 162 166
19 71 139
32 60 271
26 135 264
29 131 201
232 237 250
17 59 230
15 19 89
51 107 160
30 72 213
199 240 250
7 97 277
168 236 266
71 224 267
158 194 247
72 183 211
6 54 274
78 106 279
7 38 173
16 66 81
24 140 150
31 155 226
3 47 282
27 36 141
24 53 140
58 70 209
6 54 95
35 95 193
25 30 213
189 194 247
23 24 53
16 81 144
90 167 262
35 114 193
16 94 219
90 262 285
4 56 243
132 141 207
143 197 272
37 88 212
126 162 182
22 34 287
236 239 266
132 141 192
33 195 247
163 190 254
58 168 276
80 81 179
29 201 271
0 92 170
10 76 199
5 41 100
34 67 287
109 120 174
47 269 282
80 144 169
5 41 214
0 130 149
7 263 277
31 226 231
41 154 156
1 213 250
118 293 299
2 291 295
33 186 195
2 204 291
26 176 181
210 234 268
109 174 229
35 40 114
5 100 288
2 18 36
27 141 142
107 219 298
0 130 170
10 167 215
99 220 263
28 178 183
8 73 288
24 28 75
57 199 215
43 82 99
107 160 165
119 173 225
33 103 189
32 62 135
105 165 221
46 269 282
20 43 235
108 112 175
11 78 166
71 122 188
86 236 252
12 42 88
84 99 243
41 116 154
12 65 200
0 157 283
54 107 221
17 22 253
43 189 235
166 244 256
31 172 231
10 167 262
3 13 125
116 154 221
41 214 273
2 18 101
34 121 251
19 267 286
56 230 288
15 19 85
11 90 279
31 106 279
13 39 248
57 208 223
7 84 263
108 159 270
86 237 250
2 36 151
35 40 233
55 79 205
16 144 169
175 261 290
16 66 219
0 157 291
17 22 152
86 237 239
40 74 233
19 71 224
208 246 250
21 40 140
40 206 217
4 186 243
21 40 217
41 73 100
112 197 272
0 149 283
97 220 277
35 95 138
175 212 272
57 199 208
13 96 125
43 82 194
43 99 220
77 149 283
166 182 294
11 90 162
72 183 269
41 73 253
46 91 275
46 85 91
133 166 182
66 107 219
46 269 275
46 139 282
109 202 229
64 83 197
12 88 261
41 116 273
47 87 269
62 169 299
74 180 211
50 204 227
44 106 172
56 230 265
52 154 217
54 107 274
123 175 212
34 121 289
55 113 205
173 177 225
127 128 216
54 193 221
60 68 261
58 209 276
1 98 250
11 78 279
79 157 205
60 257 299
60 68 271
77 113 283
60 257 261
61 85 251
61 85 91
62 80 176
62 80 169
24 75 91
6 63 151
86 239 252
70 122 209
25 30 180
94 108 159
67 241 251
34 67 251
137 228 260
163 242 295
69 154 221
52 69 154
102 185 292
166 256 294
71 188 238
72 202 213
73 100 288
25 74 180
148 154 217
34 49 289
43 189 194
90 155 167
208 223 246
174 213 232
1 25 213
96 125 276
80 81 144
70 71 267
12 200 278
3 13 39
38 84 243
216 244 256
39 109 120
86 147 236
174 232 239
132 240 284
48 145 173
42 88 124
88 124 212
