145 197 289
13 34 86
45 47 143
84 162 194
6 105 207
50 112 180
170 173 294
54 164 291
66 139 290
146 222 228
46 186 199
57 145 289
117 172 231
1 184 227
15 85 146
86 171 195
156 209 259
129 157 265
45 133 143
22 73 154
6 207 260
156 205 259
39 238 288
98 219 258
81 95 233
159 178 295
22 39 154
56 100 233
76 252 278
36 112 180
38 69 239
71 165 176
48 176 183
158 198 287
150 254 268
128 170 294
168 220 290
78 83 193
141 250 298
26 78 193
200 250 298
11 198 220
7 14 290
28 101 276
130 192 270
55 60 276
66 135 290
101 192 276
174 264 281
18 20 224
63 235 237
86 125 171
218 235 284
62 63 237
40 70 273
109 114 185
51 52 102
114 134 216
51 52 208
73 154 223
142 197 272
186 197 272
118 222 274
15 57 271
15 46 57
3 64 154
3 131 190
42 57 116
3 13 154
3 42 190
117 160 231
166 172 231
13 166 172
113 156 205
77 138 194
17 113 279
17 77 279
15 85 271
17 85 228
85 146 228
24 230 256
37 221 244
187 222 228
24 187 228
38 124 234
59 122 179
59 239 263
179 207 260
122 179 207
25 122 203
39 161 288
221 244 299
187 245 299
161 221 255
31 244 256
22 39 161
22 142 197
142 272 274
221 245 299
22 161 221
39 56 154
45 238 288
9 94 238
47 202 204
41 94 257
41 56 238
9 45 238
47 204 253
104 204 253
47 143 253
115 236 240
133 236 240
27 115 236
41 94 238
41 56 103
41 178 295
115 159 295
30 72 251
39 56 238
36 100 189
196 280 292
30 72 159
30 108 251
201 210 225
5 153 240
5 72 292
72 251 292
136 258 280
4 249 292
0 147 258
61 100 189
136 152 258
181 210 267
4 93 136
152 225 277
93 136 201
21 98 219
105 151 241
98 152 277
98 152 258
104 143 153
104 143 253
0 19 144
6 105 263
10 105 207
104 144 204
126 151 266
23 150 241
16 18 49
137 157 248
16 18 268
49 149 155
137 149 224
132 137 248
54 269 293
252 269 293
149 155 285
21 219 266
21 167 291
49 155 167
16 49 211
98 226 277
164 226 291
169 225 277
36 181 189
201 210 267
48 107 286
48 176 286
110 286 293
107 110 286
71 250 296
66 78 83
29 65 141
29 33 183
170 180 215
29 65 215
50 65 215
97 200 298
50 180 215
83 97 193
97 193 217
2 83 97
97 217 298
2 97 200
7 168 290
14 135 290
58 101 135
51 102 135
198 220 243
11 168 220
71 99 296
71 99 176
213 246 276
11 174 281
192 213 276
7 168 192
7 14 270
7 192 270
101 130 192
51 101 135
53 148 273
60 246 276
28 51 101
34 96 106
40 148 273
55 60 273
119 120 208
53 148 275
63 218 235
40 70 109
123 206 229
212 213 246
35 129 157
137 157 265
18 20 124
129 209 259
38 124 254
32 129 259
32 129 265
162 194 232
138 194 232
38 69 234
113 156 297
84 90 162
84 90 297
44 62 74
43 184 227
185 235 261
235 261 284
44 127 227
1 138 232
13 86 195
1 184 282
171 177 282
134 175 216
12 125 284
68 96 106
106 175 216
70 88 262
70 120 273
70 88 109
40 109 185
51 82 208
70 80 120
82 119 208
70 80 262
34 92 96
66 102 135
68 88 96
68 106 216
99 287 296
76 286 287
176 286 287
158 278 287
169 277 283
76 252 286
212 246 275
60 246 273
220 243 290
243 250 296
8 242 283
229 235 237
229 235 275
221 245 274
169 225 283
174 213 264
212 229 275
74 209 247
140 206 248
206 213 264
203 205 230
113 205 230
121 243 250
81 191 233
187 222 274
118 186 274
186 272 274
118 186 222
181 189 201
181 201 267
59 179 263
179 260 263
170 173 180
36 173 180
131 172 190
11 168 174
206 212 229
167 252 269
6 260 263
49 167 211
164 242 293
90 162 247
160 190 271
159 178 191
226 277 283
174 192 213
56 191 233
151 211 266
5 147 292
146 186 222
146 186 199
10 144 188
164 226 283
0 144 153
143 153 240
133 143 240
142 221 274
121 139 243
139 243 290
138 160 231
4 136 292
136 280 292
14 135 270
114 134 185
132 264 281
185 235 275
132 206 248
132 206 264
132 158 285
132 149 285
132 137 149
86 125 175
12 125 175
124 205 234
127 218 227
115 159 240
123 140 206
120 208 262
82 119 276
11 198 281
147 258 280
171 177 284
26 112 193
37 111 244
111 221 255
37 111 221
110 128 294
8 110 173
109 114 216
31 202 256
88 109 216
108 251 292
108 214 292
48 107 128
107 110 128
105 126 188
58 135 270
10 105 188
105 126 151
58 101 270
101 130 270
21 98 291
158 278 285
88 96 262
252 286 293
147 196 280
1 138 231
164 242 283
91 134 185
34 92 102
52 92 102
91 261 284
12 91 284
173 225 283
158 198 281
159 182 191
0 5 147
36 173 225
35 157 248
35 75 89
35 140 248
125 171 284
33 165 176
36 181 210
52 208 262
53 246 275
61 67 249
17 113 230
30 95 108
30 81 95
187 244 299
55 119 276
45 47 87
29 170 215
40 148 275
117 160 190
67 189 201
29 170 183
27 257 295
132 158 281
50 193 217
35 62 75
25 122 207
55 120 273
25 202 207
23 239 263
24 244 256
33 176 183
20 32 265
84 194 279
22 197 289
45 133 236
20 137 224
8 110 293
8 173 283
3 13 131
40 185 275
2 200 250
29 33 250
202 204 207
0 5 153
9 27 236
3 42 116
110 173 294
9 27 257
44 74 227
20 124 205
19 219 266
35 62 74
206 212 213
21 211 266
90 209 247
48 128 170
25 203 256
13 166 231
77 85 163
76 278 287
99 176 287
89 123 140
19 126 188
91 185 261
28 51 276
16 150 268
61 67 189
1 227 247
13 131 172
13 195 231
31 202 244
47 87 111
41 257 295
43 218 227
57 73 289
187 245 274
67 93 249
27 115 295
1 171 282
19 219 258
42 57 271
9 45 236
17 24 230
117 172 190
104 144 153
12 91 134
147 196 292
23 38 150
50 112 193
46 57 197
1 79 171
8 242 293
79 195 231
24 187 244
46 146 199
156 209 297
18 124 254
50 65 217
16 151 211
85 160 163
36 210 225
21 167 211
10 204 207
81 159 182
155 252 285
45 87 288
155 167 252
81 182 191
35 89 140
12 134 175
92 96 262
48 170 183
2 121 250
18 149 224
64 154 223
66 121 139
62 75 89
19 144 188
23 241 263
54 167 291
16 150 241
38 150 254
0 19 258
136 152 225
1 79 231
1 232 247
20 32 205
18 254 268
64 116 223
41 103 191
68 88 216
41 178 191
57 116 223
42 190 271
4 93 249
43 177 282
43 184 282
43 218 284
22 142 221
43 177 284
162 232 247
15 46 146
33 165 250
252 278 285
243 287 296
168 174 192
19 126 266
87 161 255
67 93 201
52 92 262
17 24 228
53 246 273
54 167 269
85 160 271
105 241 263
55 119 120
61 95 233
80 120 262
136 201 225
56 103 191
203 230 256
57 73 223
57 145 197
95 108 214
77 194 279
59 69 239
9 94 257
59 69 122
61 95 214
46 186 197
61 100 233
61 214 292
62 89 123
62 123 237
62 127 218
44 62 127
62 63 218
51 82 276
198 243 287
18 49 149
65 141 298
5 72 240
65 217 298
79 171 195
111 202 244
17 77 85
69 122 203
69 205 234
69 203 205
71 165 250
10 144 204
20 137 265
72 159 240
98 226 291
22 73 289
66 83 121
74 129 209
54 164 293
35 74 129
74 227 247
29 141 250
77 138 160
77 160 163
47 111 202
30 81 159
23 38 239
3 64 116
16 151 241
25 202 256
2 83 121
32 205 259
84 113 279
84 113 297
86 106 175
34 86 106
87 111 255
87 161 288
123 229 237
61 249 292
90 209 297
