80 120 208
145 197 289
46 57 145
13 34 86
177 184 282
36 173 181
110 242 293
50 112 180
67 189 249
41 115 295
170 173 294
26 112 217
26 193 217
21 49 167
64 116 154
117 172 231
90 247 297
129 157 265
24 187 256
45 133 143
39 238 288
98 219 258
22 39 154
81 95 214
56 100 233
36 112 180
38 69 239
71 165 176
21 226 291
128 170 294
78 83 193
26 78 193
200 250 298
11 198 220
7 14 290
11 174 213
28 101 276
130 192 270
66 135 290
14 58 135
140 157 248
18 20 224
35 75 157
63 235 237
218 235 284
62 63 237
114 134 216
73 223 289
116 223 289
142 197 272
73 197 289
118 199 222
118 186 199
42 64 116
3 64 154
3 131 190
3 13 154
3 13 172
3 131 172
166 172 231
13 166 172
113 156 205
17 113 279
17 77 279
85 146 228
24 187 228
24 228 230
69 203 239
205 234 259
150 241 268
188 219 266
59 122 179
59 239 263
179 207 260
39 161 288
244 256 299
187 245 299
187 256 299
31 37 244
22 39 161
142 272 274
22 161 221
37 221 255
39 56 154
47 87 288
9 94 238
41 94 257
41 56 238
9 45 238
47 87 202
133 153 240
27 41 257
115 236 240
5 147 153
133 236 240
41 94 238
103 178 191
41 178 295
30 72 251
39 56 238
36 100 189
196 280 292
95 100 214
61 100 214
108 214 251
249 251 292
30 72 159
30 108 251
30 159 182
5 196 292
0 219 258
5 147 196
5 72 292
72 251 292
136 258 280
4 249 292
4 280 292
4 67 249
61 100 189
61 189 249
136 152 258
93 189 201
189 201 267
4 93 136
152 225 277
136 152 201
93 136 201
4 136 280
21 98 219
155 158 278
98 152 277
98 152 258
126 188 266
0 19 219
19 188 219
0 147 153
0 104 153
10 126 188
6 105 263
10 105 151
104 144 204
10 126 151
23 150 241
49 149 155
140 248 264
137 224 265
132 248 264
155 252 269
155 252 278
252 269 293
167 269 291
155 167 269
21 219 266
21 167 291
49 155 167
54 242 293
48 107 110
169 225 277
36 181 189
173 181 210
36 170 173
29 183 215
36 170 180
48 110 128
99 198 287
76 99 287
71 250 296
66 78 83
29 33 183
170 180 215
29 65 215
50 112 217
97 200 298
2 83 139
2 83 97
121 200 250
7 168 290
14 135 290
58 101 135
2 121 139
99 243 296
213 246 276
11 174 281
174 206 264
192 213 276
7 168 192
7 192 270
58 130 270
58 101 130
28 51 55
51 101 135
60 246 276
53 60 246
28 51 101
119 120 208
53 212 246
63 218 235
40 70 109
89 123 206
206 212 275
212 213 246
35 129 157
18 124 268
35 74 209
18 20 124
20 32 224
32 224 265
38 69 234
113 156 297
74 156 209
44 62 74
185 235 261
235 261 284
68 114 216
13 86 195
13 79 195
1 184 282
43 177 184
134 175 216
106 175 216
91 114 134
88 109 114
70 88 262
70 88 109
70 80 120
92 208 262
80 208 262
70 80 262
68 106 216
269 291 293
252 278 293
158 278 287
76 278 286
278 286 293
169 277 283
129 259 265
220 243 290
243 250 296
8 242 283
158 281 287
38 234 254
117 231 271
210 225 267
32 259 265
18 211 224
169 210 283
173 210 283
203 205 230
113 205 230
156 205 209
205 209 259
47 202 253
121 243 250
81 191 233
189 210 267
90 194 297
181 189 210
118 186 274
186 272 274
30 182 214
81 182 214
59 179 263
179 202 207
99 176 296
117 172 271
172 190 271
131 172 190
164 277 283
164 226 277
138 163 194
90 162 247
162 227 247
159 178 191
49 211 224
152 201 267
105 151 263
56 191 233
85 146 271
146 187 228
10 144 188
22 142 154
142 154 197
121 139 243
139 243 290
132 248 265
132 174 264
132 174 281
132 158 285
132 149 285
132 137 149
101 130 276
126 211 266
125 171 195
86 125 195
86 125 175
12 125 175
127 218 227
124 150 268
124 150 254
123 229 275
115 159 240
146 187 222
25 122 230
122 203 230
118 187 222
115 159 178
84 194 297
169 210 225
149 158 285
111 122 202
110 128 294
40 109 235
107 176 286
127 227 247
107 165 176
34 102 106
143 204 253
99 176 286
148 212 275
99 198 220
99 220 243
109 185 235
107 110 293
202 204 253
97 121 200
88 96 262
147 196 280
88 96 114
68 96 114
177 282 284
82 92 119
91 261 284
37 244 299
11 281 287
159 182 191
50 97 217
35 209 259
125 171 284
24 25 230
76 99 286
40 70 148
52 82 102
92 119 208
33 48 183
174 206 213
29 33 65
20 32 124
31 37 255
17 113 230
25 31 122
124 234 254
30 108 214
15 199 222
15 146 271
31 111 122
40 148 275
145 197 272
28 60 276
28 55 60
66 83 290
132 158 281
35 62 75
25 244 256
104 133 153
6 105 260
45 47 238
23 151 263
24 25 256
23 239 263
23 151 241
22 245 274
21 226 277
54 291 293
21 98 277
157 248 265
145 186 199
107 286 293
0 258 280
84 194 279
104 133 143
118 187 245
45 133 236
1 43 184
33 107 165
15 42 57
8 173 294
8 173 283
118 245 274
8 242 294
6 179 263
202 204 207
51 119 273
77 163 194
1 162 194
4 93 189
22 142 274
4 67 189
37 221 299
7 14 58
35 62 74
0 147 280
49 137 149
16 18 211
206 212 213
85 228 230
21 211 266
11 198 287
48 128 170
13 166 231
77 85 163
76 278 287
145 186 272
87 161 221
91 109 114
91 185 261
1 160 231
31 111 255
81 100 233
16 18 241
115 178 295
70 119 273
6 179 260
43 218 227
13 79 231
11 192 213
130 192 276
1 171 282
35 129 259
1 138 194
152 225 267
12 91 134
1 162 232
62 229 275
32 124 234
15 42 271
23 38 150
1 79 171
73 154 197
18 241 268
16 151 211
85 160 163
110 242 294
10 204 207
44 127 218
33 48 107
10 105 260
10 207 260
81 182 191
40 235 237
11 168 290
12 134 175
22 221 299
92 96 262
1 138 163
62 75 89
19 144 188
15 146 222
38 150 254
19 104 144
74 247 297
32 234 259
1 79 231
27 45 236
73 116 223
51 55 273
45 143 253
40 237 275
41 115 236
27 41 236
42 145 289
42 57 145
42 190 271
42 116 289
149 155 158
43 227 232
7 58 270
160 231 271
71 176 296
1 43 232
43 218 284
43 177 284
45 47 253
104 143 204
9 45 257
27 45 257
52 92 106
1 160 163
89 206 264
49 137 224
22 245 299
52 82 92
91 125 284
50 97 298
51 66 135
51 66 102
51 82 119
162 227 232
53 55 60
53 70 148
65 180 215
52 102 106
53 148 212
53 70 273
54 226 291
85 160 271
0 19 104
54 164 283
54 242 283
56 103 178
41 56 178
56 103 191
51 82 102
61 249 251
46 57 199
15 57 199
122 179 202
71 165 298
77 194 279
9 94 257
59 203 239
59 122 203
21 49 211
83 139 290
61 214 251
47 238 288
11 220 290
62 89 123
171 282 284
62 123 229
62 63 218
44 62 218
62 237 275
42 64 190
3 64 190
48 170 215
65 141 298
33 65 165
126 151 211
53 55 273
11 168 192
79 171 195
87 111 202
123 206 275
68 92 96
17 77 85
68 92 106
70 119 120
5 72 153
69 205 234
69 203 205
71 250 298
72 153 240
10 144 204
48 183 215
72 159 240
73 116 154
44 74 127
74 127 247
83 193 217
90 162 194
74 156 297
132 137 265
25 31 244
50 65 298
46 145 199
50 65 180
81 95 100
23 38 239
16 151 241
83 97 217
17 85 230
84 113 279
84 113 297
65 141 165
86 106 175
34 86 106
141 165 298
87 111 255
87 161 288
87 221 255
75 89 157
89 140 157
89 140 264
54 164 226
91 109 185
2 97 121
12 91 125
