80 120 208
117 160 271
145 197 289
13 34 86
177 184 282
45 47 143
222 245 274
50 112 180
170 173 294
26 112 217
46 186 199
25 31 202
64 116 154
17 77 163
1 184 227
156 209 259
35 129 209
129 157 265
24 187 256
142 245 274
22 73 154
164 169 283
156 205 259
39 238 288
98 219 258
22 39 154
81 95 214
56 100 233
36 112 180
169 226 277
38 69 239
137 149 285
6 59 260
71 165 176
21 226 291
54 269 291
33 71 165
200 250 298
11 198 220
121 220 243
55 60 276
14 58 135
140 157 248
174 264 281
63 235 237
86 125 171
62 63 237
40 70 273
109 114 185
114 134 216
42 57 190
116 154 223
73 154 223
142 197 272
118 199 222
118 186 199
118 222 274
15 57 271
17 113 203
42 64 116
3 64 154
3 131 190
3 42 64
3 13 154
57 190 271
17 85 163
3 42 190
117 160 231
13 79 166
13 166 172
138 160 163
113 156 205
1 227 232
17 113 279
17 77 279
24 187 228
17 203 230
25 203 230
38 124 234
23 105 241
150 241 268
23 150 263
6 59 263
150 239 263
59 122 179
59 239 263
179 207 260
59 179 260
122 179 207
25 122 203
87 202 255
39 161 288
244 256 299
161 221 255
187 256 299
22 39 161
142 272 274
22 161 221
111 202 255
39 56 154
9 94 238
41 94 257
47 143 253
10 19 188
133 143 153
0 104 144
27 115 236
27 94 257
41 94 238
41 178 295
36 100 189
196 280 292
61 100 214
30 72 159
0 219 258
201 210 225
5 147 196
72 251 292
136 258 280
4 280 292
61 214 249
0 147 258
61 100 189
67 93 189
93 189 201
189 201 267
4 136 280
21 98 219
105 151 241
155 158 278
0 19 219
104 143 253
126 151 266
151 241 266
23 150 241
49 149 155
137 149 224
132 264 285
132 137 285
132 248 264
54 269 293
76 158 287
252 269 293
21 219 266
49 155 167
164 226 291
173 283 294
169 225 277
164 169 226
36 181 189
201 210 267
48 107 286
76 158 278
48 128 183
71 250 296
50 217 298
170 180 215
50 112 217
121 200 250
51 102 135
198 220 243
11 168 220
71 99 296
71 99 176
213 246 276
11 158 281
174 206 264
192 213 276
58 130 270
58 101 130
53 148 273
60 246 276
53 60 246
28 51 101
40 148 273
53 148 275
53 212 246
40 70 109
212 213 246
35 129 157
35 74 209
137 157 265
129 209 259
38 124 254
32 129 259
32 129 265
38 69 234
113 156 297
44 74 247
90 162 232
44 62 74
44 227 247
185 235 261
68 114 216
63 127 218
43 127 218
44 127 227
79 195 282
43 177 184
134 175 216
12 125 284
68 96 106
106 175 216
91 114 261
12 91 261
88 109 114
114 185 261
40 109 185
70 80 120
66 102 135
34 106 175
68 106 216
125 282 284
252 278 293
76 278 286
115 257 295
243 250 296
164 242 291
8 242 283
229 235 237
229 235 275
169 225 283
100 214 233
210 225 283
173 210 283
156 209 247
74 209 247
140 206 248
37 202 244
97 200 217
73 197 223
197 223 289
11 192 281
121 243 250
189 210 267
181 189 210
118 186 274
186 272 274
148 185 275
128 183 294
48 183 286
170 173 180
36 173 180
117 172 271
155 167 278
167 252 278
167 252 269
49 167 211
138 163 194
90 162 297
162 194 297
72 159 196
159 178 191
158 264 285
158 264 281
133 153 236
5 153 159
174 192 213
85 146 271
146 187 228
104 144 253
142 245 299
29 141 183
33 141 183
139 220 290
138 160 231
138 166 231
138 162 194
144 204 253
185 235 275
131 172 271
8 128 283
43 127 184
126 219 266
40 148 185
125 171 282
127 184 227
12 125 175
124 150 268
124 150 254
123 229 275
128 283 294
146 187 222
123 140 206
117 166 231
115 159 178
147 258 280
84 194 297
111 221 255
187 222 299
37 111 221
149 158 285
108 251 292
108 214 292
107 110 278
107 278 286
8 128 242
48 107 128
107 110 128
105 126 188
10 105 188
105 126 151
34 102 106
99 176 286
159 236 240
98 225 277
202 204 253
97 121 200
92 96 208
147 196 280
88 96 114
68 96 114
56 95 103
164 242 283
95 103 191
27 94 236
9 94 133
177 282 284
92 96 106
92 102 106
52 92 102
37 244 299
0 10 19
159 182 191
0 5 147
115 159 236
35 140 157
34 125 175
21 269 291
73 142 197
35 75 89
33 183 286
24 25 230
33 165 176
76 99 286
36 181 210
54 242 291
52 82 102
174 206 213
54 110 242
7 220 290
32 137 265
65 141 215
61 67 249
88 96 208
33 71 298
30 108 214
15 199 222
45 47 87
15 146 271
29 170 215
1 138 162
36 173 210
145 197 272
79 184 282
33 176 286
98 136 152
35 62 75
25 244 256
25 122 207
6 105 260
25 202 207
24 25 256
99 198 296
12 235 261
28 101 130
21 226 277
21 98 277
18 20 268
132 137 157
84 194 279
5 159 196
87 202 253
53 206 212
98 152 225
12 235 284
88 208 262
11 158 287
3 13 131
1 79 166
4 214 292
17 85 146
121 139 220
9 87 288
16 211 266
153 236 240
4 214 249
202 204 207
0 5 153
37 111 202
12 91 114
77 163 194
0 10 144
16 241 266
4 136 201
37 221 299
7 14 58
18 20 32
9 45 143
35 62 74
16 18 211
131 190 271
28 130 276
206 212 213
7 135 290
21 211 266
11 198 287
88 109 262
83 135 290
4 93 201
30 81 214
145 186 272
39 56 103
113 203 205
0 104 143
22 142 299
89 123 140
20 124 234
39 41 238
19 126 188
42 116 223
38 150 239
2 83 217
90 156 247
28 51 276
61 67 189
16 18 241
13 131 172
70 80 208
1 138 166
31 202 244
115 178 295
110 128 242
70 119 273
41 257 295
94 133 236
20 124 268
130 192 276
67 93 249
12 114 134
22 73 142
17 24 230
19 126 219
1 162 232
29 183 294
47 87 253
42 223 289
90 156 297
21 167 269
18 241 268
29 170 294
70 109 262
9 133 143
85 160 163
7 168 220
21 167 211
10 204 207
7 14 135
81 159 182
39 41 103
10 105 260
10 207 260
51 58 135
66 83 193
222 245 299
81 182 191
35 89 140
7 130 270
7 130 168
12 134 175
22 221 299
2 97 217
62 229 237
18 149 224
62 75 89
15 146 222
38 150 254
136 152 225
98 136 258
18 32 224
17 146 228
20 32 205
6 23 105
81 95 191
41 103 191
41 178 191
0 143 153
6 23 263
86 195 282
42 145 289
70 208 262
42 57 145
149 155 158
55 82 276
57 145 186
7 58 270
82 92 208
117 166 172
4 93 249
43 218 284
29 141 215
43 177 284
18 49 211
153 159 240
52 82 92
51 58 101
26 78 217
32 137 224
87 161 255
53 55 60
17 24 228
65 180 215
13 79 86
53 206 275
174 192 281
54 110 293
85 160 271
56 95 233
136 201 225
51 82 102
130 168 192
46 57 186
46 57 199
66 83 135
20 205 234
15 57 199
77 194 279
59 69 239
59 69 122
83 139 290
62 89 123
62 123 229
62 63 127
44 62 127
132 157 248
51 82 276
82 120 208
63 218 284
34 86 125
18 49 149
63 235 284
65 141 298
53 55 273
11 168 192
66 78 193
123 206 275
70 119 120
198 243 296
69 122 203
69 205 234
69 203 205
76 198 287
71 250 298
30 72 108
72 108 251
10 144 204
72 196 292
9 45 87
83 193 217
76 99 198
25 31 244
50 65 298
79 86 195
82 119 120
200 217 298
1 79 184
27 115 257
110 278 293
50 65 180
206 248 264
30 81 159
82 119 273
55 82 273
83 121 139
2 83 121
32 205 259
84 113 279
84 113 297
78 193 217
86 171 282
90 227 247
9 238 288
87 161 288
33 141 298
90 227 232
95 214 233
2 97 121
