62 74 75
117 160 271
145 197 289
229 237 275
13 34 86
45 47 143
84 162 194
36 173 181
6 105 207
110 242 293
50 112 180
67 189 249
26 112 217
26 193 217
146 222 228
25 31 202
17 77 163
1 184 227
160 163 271
75 89 123
90 247 297
69 113 203
118 272 274
6 207 260
39 238 288
98 219 258
22 39 154
56 100 233
36 112 180
35 74 75
38 69 239
71 165 176
21 226 291
8 164 242
128 170 294
33 71 165
26 78 193
200 250 298
11 198 220
7 14 290
14 58 270
11 168 213
55 60 276
14 58 135
53 60 273
140 157 248
63 235 237
40 185 235
40 70 273
75 123 229
12 86 125
55 119 273
116 223 289
42 57 190
73 154 223
118 199 222
186 197 272
118 186 199
118 186 272
42 64 116
3 64 154
3 42 64
3 13 154
17 85 163
117 160 231
13 79 166
3 131 172
138 160 163
77 138 163
77 84 279
1 227 232
17 77 279
146 199 222
17 228 230
24 230 256
37 221 244
187 222 228
25 230 256
24 187 228
17 203 230
24 228 230
69 203 239
38 124 234
205 234 259
188 219 266
6 59 263
59 122 179
59 239 263
25 122 202
221 244 299
161 221 255
37 111 255
22 39 161
22 161 221
37 221 255
111 202 255
41 103 178
39 56 154
45 238 288
9 94 238
41 94 257
9 45 238
144 204 207
133 153 240
27 41 257
47 204 253
104 204 253
47 143 253
10 19 188
133 236 240
41 94 238
103 178 191
41 178 295
30 72 251
39 56 238
36 100 189
196 280 292
30 108 251
5 153 240
5 147 196
72 251 292
61 214 249
0 147 258
61 100 189
61 189 249
136 152 258
189 201 267
136 152 201
21 98 219
49 211 266
98 152 258
126 188 266
19 188 219
104 143 253
10 126 188
6 105 263
10 105 151
104 144 204
10 19 144
126 151 266
10 126 151
18 49 224
16 241 268
49 149 224
137 157 248
16 18 268
49 149 155
137 149 224
132 137 248
21 49 266
21 219 266
21 167 291
54 242 293
164 226 291
169 225 277
36 181 189
181 189 267
201 210 267
36 170 180
48 107 286
48 176 286
29 33 183
170 180 215
50 112 217
97 200 298
50 180 215
50 65 141
83 97 193
2 83 97
121 200 250
2 97 200
7 168 290
58 101 135
2 121 139
2 121 200
198 220 243
71 99 296
71 99 176
158 281 285
11 158 281
7 14 270
101 130 192
51 101 135
53 148 273
60 246 276
53 60 246
28 51 101
40 148 273
55 60 273
119 120 273
55 82 119
119 120 208
53 212 246
75 229 237
206 229 275
123 206 229
18 124 268
62 75 237
137 157 265
129 209 259
38 124 254
20 32 259
38 69 234
84 90 162
84 90 297
90 162 232
44 62 74
43 184 227
63 127 218
90 232 247
43 177 218
44 127 227
227 232 247
13 86 195
13 79 195
12 86 175
1 184 282
134 175 216
12 125 284
106 175 216
91 114 134
70 88 262
40 109 185
51 82 208
52 92 208
82 119 208
70 80 262
68 88 96
243 290 296
198 287 296
99 287 296
76 286 287
125 282 284
252 278 293
158 278 287
76 278 286
169 277 283
252 269 278
129 259 265
220 243 290
164 242 291
27 236 295
32 259 265
169 225 283
11 213 281
174 213 281
174 213 264
212 213 264
212 246 276
210 225 283
173 210 283
74 209 247
113 205 297
156 205 297
156 205 209
205 209 259
17 203 279
87 202 288
202 255 288
37 202 244
142 197 274
73 197 223
197 223 289
46 197 199
193 217 298
97 193 298
185 235 284
81 182 214
174 281 285
173 210 267
173 181 267
117 172 271
167 269 278
81 182 233
185 261 284
158 167 278
155 158 167
152 201 210
226 277 283
105 151 263
56 191 233
151 211 266
148 237 275
53 148 206
22 142 154
142 154 197
50 141 217
139 290 296
4 136 292
136 280 292
136 147 280
132 206 264
132 174 264
132 149 285
132 137 149
132 140 248
132 140 206
131 172 271
62 127 237
125 171 282
125 171 195
86 125 195
20 124 224
127 218 227
124 150 268
124 150 254
123 140 206
25 122 230
120 208 262
117 166 231
115 191 295
115 159 182
148 206 275
187 222 299
149 158 285
110 128 294
109 185 261
108 214 249
108 182 214
107 110 278
107 278 286
48 107 128
107 110 128
105 144 207
121 139 296
56 103 238
41 103 238
34 102 106
58 101 270
101 130 270
99 176 286
99 286 287
98 225 277
92 96 208
147 196 280
68 92 216
177 282 284
92 106 216
92 102 106
52 92 102
91 261 284
12 91 284
39 161 255
0 5 147
115 159 236
35 129 265
71 121 296
35 140 157
1 79 195
51 102 208
138 160 166
35 75 89
28 213 276
178 191 295
4 251 292
54 242 291
33 48 183
33 48 165
29 33 65
32 137 265
35 157 265
88 96 208
33 71 298
187 244 299
63 177 218
45 47 87
29 170 215
7 130 192
67 189 201
141 217 298
28 101 192
29 170 183
206 212 264
27 41 295
25 244 256
15 85 199
23 151 263
48 165 176
15 57 190
23 239 263
24 244 256
23 151 241
22 245 274
21 226 277
21 98 277
21 155 167
104 133 143
20 234 259
54 252 269
53 206 212
20 32 137
98 152 225
20 137 224
88 208 262
8 173 294
11 158 287
8 173 283
118 245 274
4 108 251
8 242 294
17 85 146
30 72 182
202 204 207
0 5 153
9 27 236
52 102 208
37 111 202
14 139 290
1 79 138
1 162 194
9 27 257
202 207 260
22 142 274
4 136 201
44 74 227
9 45 143
115 236 295
16 18 211
131 190 271
36 173 294
33 65 141
11 198 287
48 128 170
0 104 133
28 192 213
1 171 195
84 138 194
4 93 201
7 192 213
76 278 287
91 109 114
89 123 140
2 83 135
20 124 234
59 203 230
28 51 276
81 100 233
80 120 273
31 202 244
8 226 283
6 179 260
43 218 227
15 190 271
67 93 249
1 171 282
1 138 194
29 50 215
19 219 258
68 114 134
0 133 153
69 113 205
12 91 134
1 162 232
3 13 166
2 135 139
23 38 150
209 247 297
46 57 197
212 213 276
10 105 144
73 154 197
24 187 244
156 209 297
3 166 172
9 133 143
9 133 236
61 81 214
16 151 211
21 49 155
110 242 294
4 108 249
79 138 166
15 163 271
45 87 288
66 83 193
222 245 299
40 235 237
35 89 140
7 130 270
54 252 293
11 168 290
30 108 182
12 134 175
22 221 299
48 170 183
47 87 204
64 154 223
8 164 226
15 85 163
39 255 288
54 167 291
38 150 254
0 19 258
19 104 144
23 150 268
17 146 228
64 116 223
40 70 88
87 202 204
40 148 237
14 135 139
42 131 190
152 210 225
3 42 131
7 168 213
42 145 289
42 57 145
42 116 289
149 155 158
55 82 276
117 166 172
4 93 249
43 177 282
43 184 282
68 109 114
18 49 211
59 122 230
18 124 224
22 245 299
61 81 95
51 66 135
51 66 102
160 166 231
118 222 245
63 177 284
179 202 260
29 50 65
67 93 201
71 121 250
54 167 269
0 19 104
186 197 199
136 147 258
80 120 262
56 103 191
57 145 197
46 57 199
66 83 135
15 57 199
122 179 202
197 272 274
9 94 257
59 203 239
61 95 100
11 220 290
44 62 127
51 82 276
40 88 109
63 235 284
5 72 240
66 78 193
68 92 96
68 88 109
198 243 296
68 134 216
69 205 234
115 182 191
71 250 298
72 159 182
72 196 292
5 72 196
72 236 240
72 159 236
74 129 209
6 59 179
35 74 129
74 227 247
77 84 138
25 31 244
23 241 268
85 146 199
110 278 293
70 80 273
81 95 100
63 127 237
23 38 239
16 151 241
84 113 279
113 203 279
84 113 297
132 174 285
86 106 175
36 170 294
34 86 106
33 141 298
182 191 233
91 109 261
