117 160 271
145 197 289
13 34 86
45 47 143
222 245 274
50 112 180
41 115 295
170 173 294
26 112 217
26 193 217
44 62 63
113 279 297
146 222 228
57 145 289
117 172 231
160 163 271
125 177 284
75 89 123
156 209 259
24 187 256
45 133 143
15 46 199
31 111 202
87 255 288
22 73 154
156 205 259
56 81 233
39 238 288
98 219 258
22 39 154
56 100 233
36 112 180
124 234 259
38 69 239
158 198 287
8 164 242
128 170 294
168 220 290
78 83 193
26 78 193
11 198 220
55 60 276
14 58 135
53 60 273
140 157 248
18 20 224
63 235 237
218 235 284
62 63 237
42 57 190
186 197 272
118 186 199
187 222 245
118 222 274
15 57 271
15 46 57
3 64 154
42 57 116
3 13 154
57 190 271
117 160 231
13 79 166
166 172 231
13 166 172
79 166 231
138 160 163
77 138 163
77 84 279
77 138 194
1 227 232
84 279 297
77 84 194
17 113 279
17 77 279
85 163 271
25 203 230
38 239 254
205 234 259
23 150 263
59 122 179
179 207 260
122 179 207
25 122 203
25 122 202
39 161 288
244 256 299
31 244 256
31 37 244
22 39 161
22 161 221
39 56 154
45 238 288
9 94 238
47 202 204
41 94 257
9 45 238
47 87 202
10 144 207
47 204 253
47 143 253
10 19 188
133 143 153
27 115 236
27 94 257
41 94 238
103 182 191
178 182 191
41 178 295
56 81 182
56 103 182
39 56 238
30 81 182
36 100 189
81 108 214
30 81 108
30 72 159
30 159 182
5 147 196
72 251 292
4 280 292
61 214 249
0 147 258
61 100 189
67 93 189
93 189 201
136 152 201
4 136 280
21 98 219
105 151 241
49 211 266
98 152 277
104 143 153
0 104 153
10 126 188
6 105 263
10 105 151
10 105 207
10 19 144
10 126 151
18 49 224
16 18 49
124 254 268
49 149 155
132 137 248
132 264 285
76 158 287
76 286 293
149 155 285
21 219 266
49 155 167
16 49 211
98 226 277
164 226 291
173 283 294
36 181 189
8 283 294
48 107 286
110 286 293
76 158 278
107 110 286
33 165 183
71 250 296
66 78 83
29 33 183
170 180 215
50 112 217
97 200 298
50 180 215
2 83 139
7 168 290
11 168 220
71 99 296
99 243 296
76 176 286
213 246 276
158 281 285
11 174 281
192 213 276
7 14 270
101 130 192
58 101 130
28 51 55
28 55 276
53 148 273
60 246 276
53 60 246
28 51 101
55 60 273
53 148 275
63 218 235
40 70 109
75 89 140
206 212 275
212 213 246
62 75 237
129 209 259
32 129 259
20 124 259
20 32 259
32 129 265
38 69 234
84 90 297
90 162 232
44 62 74
43 127 218
43 127 227
44 127 227
13 86 195
13 79 195
134 175 216
12 125 284
106 175 216
91 114 261
88 109 114
70 88 109
40 109 185
51 82 208
82 119 208
34 52 102
34 106 175
68 106 216
76 278 293
252 278 293
169 277 283
137 248 265
212 246 275
187 245 256
243 250 296
164 242 291
38 234 254
229 235 237
229 235 275
210 225 267
24 222 230
161 221 288
220 243 250
174 212 264
169 210 283
173 210 283
74 209 247
140 206 248
113 205 297
156 205 297
69 203 234
203 205 234
142 197 274
73 197 223
197 223 289
46 197 199
118 186 274
186 272 274
185 235 284
148 185 275
181 189 201
181 201 267
59 179 263
99 176 198
174 281 285
174 264 285
170 173 180
36 173 180
117 172 271
155 167 278
21 167 266
167 252 278
167 252 269
165 176 286
185 261 284
133 153 236
152 201 267
152 169 277
226 277 283
151 219 266
151 211 266
85 146 271
139 220 290
138 160 231
138 162 194
136 147 280
185 235 275
132 206 248
132 206 264
239 254 268
132 149 285
132 137 149
131 172 271
125 177 282
121 220 250
40 148 185
125 171 282
125 171 195
86 125 195
12 125 175
123 229 275
123 140 206
11 198 281
119 120 262
119 208 262
115 159 182
115 178 182
169 210 225
113 203 230
113 228 230
110 128 294
222 228 230
109 185 261
109 114 261
31 202 256
108 214 249
48 107 128
107 110 128
105 207 260
104 204 207
104 144 207
56 103 238
41 103 238
143 204 253
99 198 220
99 220 243
99 165 176
21 98 291
159 236 240
158 278 285
97 121 139
2 97 139
88 96 262
147 196 280
88 96 114
68 96 114
9 94 236
27 94 236
91 261 284
12 91 284
158 198 281
37 244 299
36 181 267
0 5 147
50 97 217
115 159 236
35 129 265
35 140 157
34 125 175
51 102 208
73 142 197
21 54 291
24 25 230
33 200 298
40 70 148
4 251 292
54 242 291
37 255 299
54 110 242
97 200 250
29 33 65
52 208 262
53 246 275
35 157 265
61 67 249
31 37 255
124 234 254
45 47 87
90 156 209
15 146 271
29 170 215
41 115 257
1 138 162
14 58 130
49 167 266
79 138 231
36 173 210
33 200 250
28 101 192
29 170 183
79 184 282
206 212 264
98 136 152
35 62 75
55 120 273
6 105 260
15 118 222
57 223 289
24 25 256
22 245 274
157 248 265
18 20 268
20 32 265
48 165 286
54 252 269
35 75 140
45 133 236
1 43 184
20 137 224
36 210 267
3 13 131
24 187 222
4 108 251
8 242 294
17 85 146
121 139 220
6 179 263
221 255 299
153 236 240
202 204 207
0 5 153
52 102 208
3 42 116
12 91 114
21 54 167
1 79 138
1 43 227
97 121 250
22 142 274
4 136 201
44 74 227
35 62 74
49 137 149
131 190 271
71 99 165
33 65 141
18 23 268
7 135 290
90 209 247
48 128 170
83 135 139
4 93 201
77 85 163
113 203 205
89 123 140
19 126 188
51 55 119
2 83 217
31 111 255
81 100 233
61 67 189
16 18 241
13 131 172
80 120 273
115 178 295
8 226 283
17 113 228
6 179 260
11 192 213
221 255 288
20 124 268
67 93 249
12 114 134
29 50 215
19 219 258
68 114 134
22 73 142
9 45 236
152 225 267
19 126 219
1 162 232
64 73 116
46 57 197
90 156 297
61 81 214
16 151 211
110 242 294
4 108 249
7 14 135
44 127 218
51 58 135
45 87 288
11 212 213
11 174 212
7 130 270
7 130 168
54 252 293
12 134 175
126 151 219
22 221 299
92 96 262
48 170 183
2 97 217
15 118 199
8 164 226
84 90 194
152 169 225
23 241 263
15 146 222
0 19 258
19 104 144
23 150 268
98 136 258
17 146 228
73 116 223
59 150 239
41 103 191
155 278 285
41 178 191
245 256 299
76 176 198
18 23 241
57 116 223
42 131 190
3 42 131
4 93 249
43 177 282
43 184 282
43 218 284
43 177 284
104 143 204
33 165 250
153 159 240
48 165 183
49 137 224
22 245 299
59 150 263
61 81 95
50 97 298
51 58 101
51 66 135
51 66 102
51 82 119
52 68 106
52 68 92
34 52 106
29 50 65
52 92 262
54 110 293
54 167 269
0 19 104
105 241 263
55 119 120
186 197 199
136 147 258
80 120 262
130 168 192
57 145 197
28 192 276
66 83 135
59 69 239
197 272 274
59 69 122
61 95 100
150 239 268
135 139 290
64 73 154
34 86 125
65 141 298
11 168 192
79 171 195
72 280 292
87 111 202
123 206 275
68 92 96
17 77 85
5 72 153
68 134 216
69 122 203
76 198 287
70 148 273
71 165 250
30 72 108
72 108 251
20 137 265
5 72 196
75 123 237
98 226 291
72 196 280
74 129 209
35 74 129
83 193 217
74 227 247
90 162 194
50 65 298
79 171 282
1 79 184
80 88 262
27 115 257
70 80 88
70 80 273
81 95 100
3 64 116
16 151 241
25 202 256
44 63 218
14 130 270
90 227 247
87 111 255
123 229 237
122 202 207
33 141 298
72 153 159
90 227 232
