38 163 305
124 295 390
3 95 215
77 155 386
79 86 263
218 333 411
62 191 381
117 144 270
306 316 361
107 309 314
64 71 347
218 277 411
176 208 390
43 354 440
176 241 390
159 365 417
241 354 440
38 305 373
14 174 278
92 260 416
57 103 121
41 287 416
166 174 256
44 287 416
160 181 405
11 168 287
5 38 179
56 274 363
381 389 413
28 158 339
158 160 339
112 267 419
124 334 415
133 359 448
48 167 295
62 128 191
52 142 423
220 269 371
14 274 363
219 384 388
294 330 429
296 327 423
12 63 173
2 253 402
14 89 274
63 173 425
187 321 343
157 277 411
67 104 173
154 258 424
157 333 411
27 36 304
9 188 307
72 248 315
8 108 380
86 108 119
8 108 119
97 208 252
214 321 343
97 137 196
159 205 365
69 276 346
42 292 398
69 211 232
288 346 417
72 344 377
72 248 396
211 276 317
69 211 276
81 87 201
182 273 311
22 248 396
68 81 164
299 345 447
143 209 221
179 184 213
38 163 271
11 21 287
41 162 416
168 287 382
373 382 434
5 38 373
44 373 434
291 305 373
44 260 416
44 291 373
198 282 292
31 140 163
205 303 312
205 312 358
57 121 349
70 236 422
25 49 407
112 405 419
198 225 374
41 45 162
257 387 416
77 155 284
110 216 386
91 244 261
152 272 336
37 177 195
6 193 348
190 283 308
160 181 375
74 75 375
11 168 353
106 243 391
6 74 75
76 255 412
75 325 357
61 101 301
190 204 428
29 106 331
193 229 348
1 139 269
131 139 250
0 46 55
46 55 427
34 101 351
6 134 348
204 222 428
94 222 428
55 90 427
94 222 261
39 293 316
295 361 390
167 259 306
48 138 334
48 66 138
10 117 138
30 306 328
10 66 138
228 328 414
192 254 328
84 228 254
330 359 448
117 138 334
228 254 328
109 228 414
109 228 330
306 316 443
30 306 443
316 341 443
93 191 442
93 316 341
128 191 392
191 392 414
109 294 330
47 52 413
7 17 294
7 17 118
17 118 128
40 389 395
19 40 362
47 52 142
62 118 128
142 326 423
78 369 388
52 327 423
109 392 414
109 294 392
318 330 448
84 228 330
318 330 429
154 402 424
104 402 408
154 253 402
154 253 318
2 105 393
105 369 393
78 105 369
104 175 402
402 408 424
76 145 412
14 76 391
14 76 363
14 89 264
363 379 425
76 255 363
89 184 274
173 379 425
67 173 379
104 173 175
67 104 408
67 233 379
157 178 233
56 178 233
27 333 445
186 240 277
218 333 445
186 238 240
67 408 430
186 218 277
186 218 445
186 238 445
408 424 430
238 240 430
133 258 359
64 71 359
71 270 359
64 258 359
133 154 258
84 117 270
117 144 334
212 347 354
71 347 415
176 432 440
212 241 390
212 241 354
212 347 390
43 197 410
43 347 354
43 281 444
197 217 410
43 197 281
43 410 440
410 432 440
126 400 432
26 410 432
176 421 432
176 241 440
26 400 432
79 126 400
26 217 410
197 217 420
262 420 436
36 68 164
8 79 119
8 79 126
79 263 400
79 86 119
100 355 370
100 214 343
130 221 355
51 100 137
130 355 370
86 263 370
100 137 214
8 126 380
208 361 390
51 97 137
97 196 252
73 226 368
73 125 439
127 137 196
156 196 252
123 125 397
159 288 417
123 159 288
123 159 397
73 189 439
276 346 417
69 73 232
73 232 332
32 203 367
73 332 368
50 299 345
332 368 441
73 189 226
127 214 226
127 137 214
187 242 321
143 161 221
242 368 441
53 242 441
53 187 242
32 147 203
32 53 249
96 147 203
203 211 317
315 376 431
53 367 441
32 53 367
211 232 332
203 211 367
59 317 365
102 300 437
22 58 300
59 102 437
58 248 315
22 58 248
22 300 437
72 199 396
58 300 315
172 273 431
18 50 140
273 376 431
182 345 447
100 343 355
50 182 273
50 182 345
163 271 299
53 187 355
161 271 299
161 213 271
234 249 447
161 234 299
32 249 447
161 234 249
234 299 447
143 161 213
53 249 355
161 221 249
187 343 355
221 249 355
164 188 323
82 213 307
36 68 262
68 99 262
27 304 445
9 56 178
184 213 307
9 188 323
82 87 209
82 188 307
120 184 307
289 290 310
89 184 290
89 264 290
56 120 274
120 184 274
289 310 353
5 290 310
287 382 434
44 287 434
289 322 353
11 21 322
6 75 193
41 45 112
21 41 287
313 329 339
45 112 446
28 339 426
155 257 329
313 339 446
45 313 446
45 162 313
162 257 416
44 153 260
257 387 403
92 387 416
44 153 291
163 305 435
31 163 435
31 350 438
18 42 292
31 140 282
31 282 350
198 350 374
225 292 398
18 42 285
18 172 273
18 50 273
205 223 401
72 199 377
199 223 377
24 223 377
18 172 285
225 245 247
245 338 387
4 171 297
4 42 297
20 312 358
171 223 401
171 183 297
171 183 401
225 247 398
198 225 292
198 282 350
245 247 338
225 245 374
207 224 378
103 366 378
103 129 169
57 206 349
121 236 422
20 312 422
20 121 422
70 268 303
103 121 236
70 103 236
103 129 378
70 103 366
70 150 366
159 205 303
207 279 418
150 366 378
279 286 418
150 286 418
129 224 378
129 216 224
151 207 224
70 150 268
216 324 335
151 224 324
216 224 324
132 151 324
49 170 372
132 324 335
151 177 207
132 151 177
25 49 372
49 386 407
155 383 386
136 383 386
49 136 386
49 136 170
136 170 383
329 339 426
28 158 385
360 372 385
83 141 298
148 195 372
25 195 372
25 177 195
37 148 298
37 177 190
37 148 195
37 83 190
37 83 298
141 283 319
283 308 319
6 35 74
75 181 375
35 74 308
190 204 308
91 204 222
91 204 308
91 230 244
244 261 280
230 244 280
210 280 356
91 222 261
116 122 230
230 280 356
35 122 230
116 230 356
61 106 331
116 122 134
320 340 419
54 193 229
193 246 342
320 325 357
193 246 325
75 181 357
75 193 325
112 405 446
320 357 419
267 340 419
23 246 340
14 278 391
23 95 340
166 215 289
215 289 322
11 322 353
264 289 290
14 174 264
166 264 289
166 174 264
3 88 256
174 256 278
80 165 404
165 266 406
29 106 243
29 331 337
61 101 331
3 88 202
23 246 342
61 301 342
111 331 337
34 101 331
34 111 331
194 309 314
165 384 406
139 152 336
16 111 309
111 337 406
15 309 404
111 266 406
165 384 388
80 165 364
80 107 404
107 309 404
13 19 80
80 107 314
139 152 250
19 40 85
16 194 309
194 314 362
16 114 194
16 114 272
152 194 362
114 152 272
114 152 194
389 395 399
1 131 139
90 302 352
220 227 269
55 227 239
227 235 336
16 34 111
16 34 351
185 229 348
90 210 427
0 46 351
90 210 302
185 210 427
261 280 409
302 352 409
90 135 352
113 135 352
113 220 371
113 371 433
269 399 433
113 428 433
269 371 433
341 414 443
125 397 439
124 390 415
347 390 415
381 399 433
65 380 421
251 375 385
158 375 385
245 374 387
364 369 423
326 364 423
40 362 395
7 52 429
51 100 108
52 118 413
62 118 381
153 350 374
116 134 348
13 47 98
22 199 396
19 80 314
162 313 329
106 278 391
28 170 385
2 105 219
96 300 376
78 219 388
57 103 206
59 102 317
99 130 436
32 147 182
96 273 311
96 102 203
95 267 340
95 215 267
94 113 352
94 113 428
170 372 385
200 369 393
51 97 108
145 243 406
54 301 342
270 330 359
96 102 300
68 81 99
81 82 164
115 183 358
77 231 449
48 124 334
77 231 237
60 152 362
19 314 362
74 251 308
180 252 439
115 183 338
72 285 344
160 405 446
106 256 278
73 125 346
67 240 430
65 176 208
77 284 449
65 97 108
64 424 430
23 88 342
205 358 401
64 258 424
56 120 307
86 100 370
9 56 307
115 284 403
0 55 235
141 190 283
55 135 239
82 143 209
10 84 254
7 52 118
74 251 375
22 199 437
47 389 413
211 367 441
21 215 267
33 115 449
303 312 422
38 179 213
5 373 382
132 335 394
24 285 377
96 273 376
35 122 134
15 111 309
18 140 282
48 167 259
52 265 429
86 100 108
191 341 414
338 387 403
3 95 202
13 326 364
42 247 398
12 384 412
15 266 404
6 35 134
65 108 380
88 106 342
10 66 259
18 282 292
15 111 266
214 226 368
10 84 117
145 243 391
60 362 395
102 203 317
63 255 363
157 233 277
65 97 208
110 129 169
168 310 353
3 166 256
31 153 438
92 374 387
121 349 358
253 265 318
4 171 223
81 82 87
145 384 406
2 200 253
116 348 356
21 41 267
23 95 202
118 381 413
4 24 285
233 363 379
148 298 372
61 106 342
251 298 360
5 168 382
9 27 323
154 318 448
12 173 402
9 27 333
140 163 299
55 227 235
201 209 221
2 219 402
41 112 267
141 298 319
38 213 271
110 129 216
251 298 319
29 243 406
149 189 439
216 394 407
64 238 430
56 233 363
13 19 98
76 145 391
48 124 295
81 99 201
64 238 444
36 304 420
91 230 308
19 85 98
16 272 336
1 131 269
7 294 429
82 143 213
10 254 259
173 175 402
160 339 446
103 169 206
78 105 219
280 302 409
113 135 220
298 360 372
300 315 376
27 36 323
12 219 384
29 337 406
200 296 369
12 63 412
47 98 389
126 421 432
30 328 414
127 189 226
39 316 361
30 414 443
132 177 394
52 265 327
25 394 407
70 303 422
43 64 444
72 172 285
25 177 394
33 349 358
40 85 98
36 164 323
88 106 256
28 170 426
43 64 347
197 304 420
3 166 215
42 247 297
63 255 412
155 329 383
13 47 326
126 380 421
153 260 374
110 169 206
99 130 201
47 142 326
40 98 389
20 121 358
35 230 308
46 229 351
123 125 288
125 288 346
127 149 156
276 317 365
127 149 189
101 301 351
128 294 392
17 128 294
130 201 221
130 263 436
130 263 370
381 389 399
13 80 364
135 146 220
5 184 290
55 90 135
4 42 285
131 269 399
83 141 190
131 395 399
131 250 395
155 257 403
180 397 439
210 280 302
110 206 237
135 146 239
206 231 349
227 269 336
153 291 435
50 140 299
59 365 437
48 66 259
320 325 340
180 208 252
99 262 436
65 176 421
144 334 415
238 281 444
145 384 412
146 220 227
146 227 239
96 147 311
147 182 311
149 156 439
150 207 418
4 24 223
150 207 378
150 279 303
150 279 286
16 235 351
39 275 293
2 200 393
153 350 438
39 275 361
60 152 250
93 191 341
133 154 448
155 284 403
115 284 449
33 231 449
158 160 375
127 156 196
54 193 342
200 265 327
162 257 329
329 383 426
67 233 277
165 364 369
165 369 388
167 306 361
199 365 437
167 295 361
259 306 328
5 168 310
170 383 426
172 315 431
72 172 315
150 268 303
185 210 348
5 179 184
157 178 333
9 178 333
36 262 420
181 405 419
177 190 207
190 207 279
33 115 358
200 296 327
87 201 209
206 231 237
210 348 356
293 316 442
69 73 346
0 235 351
31 153 435
181 357 419
205 223 365
67 240 277
32 182 447
214 321 368
276 365 417
33 231 349
63 363 425
216 335 394
26 217 400
217 400 420
12 219 402
216 386 407
199 223 365
54 229 351
185 229 427
46 229 427
251 360 385
110 237 386
238 281 445
60 250 395
251 308 319
156 252 439
200 253 265
23 88 202
192 254 259
192 259 328
92 260 374
94 261 352
261 352 409
82 164 188
263 400 420
265 318 429
275 293 442
21 215 322
165 266 404
139 269 336
263 420 436
84 270 330
144 270 415
77 237 386
71 270 415
197 281 304
285 344 377
291 305 435
183 297 338
16 235 336
281 304 445
247 297 338
211 332 441
54 301 351
93 316 442
242 321 368
296 369 423
246 325 340
115 338 403
183 358 401
