124 295 390
3 95 215
304 420 445
79 86 263
218 333 411
62 191 381
2 12 402
117 144 270
200 318 429
139 227 269
64 71 347
218 277 411
167 295 306
176 208 390
65 97 421
43 354 440
51 108 370
176 241 390
332 367 441
241 354 440
92 260 416
57 103 121
177 190 279
41 287 416
166 174 256
44 287 416
160 181 405
5 38 179
56 274 363
67 157 277
185 210 356
381 389 413
133 359 448
48 167 295
62 128 191
52 142 423
133 318 448
220 269 371
219 384 388
294 330 429
296 327 423
12 63 173
2 253 402
2 78 105
14 89 274
63 173 425
56 363 379
9 157 178
187 321 343
157 277 411
9 157 333
67 104 173
200 253 318
157 333 411
27 36 304
99 130 262
8 108 380
86 108 119
8 108 119
97 208 252
159 205 365
199 205 365
42 292 398
69 211 232
288 346 417
317 365 417
72 248 396
140 282 292
81 87 201
22 248 396
27 36 164
299 345 447
179 184 213
82 87 188
38 163 271
5 179 290
168 373 382
5 38 373
291 305 373
44 260 416
44 291 373
31 140 163
70 312 422
205 303 312
231 284 449
115 349 358
110 169 216
115 387 403
70 236 422
57 103 169
83 141 283
25 49 407
115 338 358
198 225 374
77 155 284
91 244 261
132 177 335
158 251 385
37 177 195
190 283 308
141 251 319
160 181 375
141 251 298
74 75 375
11 168 353
5 168 373
76 255 412
75 325 357
61 101 301
46 185 427
190 204 428
52 381 413
1 139 269
55 146 239
0 46 55
46 55 427
34 101 351
46 185 229
204 222 428
94 222 428
55 90 427
94 222 261
295 306 361
93 341 414
39 293 316
295 361 390
167 259 306
48 138 334
48 66 138
10 117 138
30 306 328
10 66 138
228 328 414
66 192 259
192 259 306
192 254 328
84 228 254
330 359 448
117 138 334
10 117 254
84 117 254
228 254 328
109 228 414
109 228 330
192 306 328
306 316 443
93 293 442
30 306 443
93 293 316
316 341 443
93 191 442
93 191 414
93 316 341
128 191 392
191 392 414
109 294 330
47 52 413
7 17 118
17 118 128
98 389 413
40 389 395
80 314 362
13 142 326
47 52 142
52 62 381
62 118 128
13 47 142
142 326 423
296 364 369
165 364 388
200 265 429
52 327 423
109 392 414
109 294 392
318 330 448
84 228 330
318 330 429
133 154 318
104 402 408
240 277 430
154 253 318
2 105 393
105 369 393
78 105 369
2 12 219
104 175 402
402 408 424
76 145 412
14 89 264
179 184 290
9 56 120
67 173 379
104 173 175
67 277 430
67 157 233
157 178 233
56 178 233
27 333 445
186 240 277
218 333 445
64 258 430
186 218 277
186 218 445
408 424 430
238 240 430
84 330 359
71 270 359
84 270 359
84 117 270
71 144 270
117 144 334
124 347 415
71 347 415
212 241 390
212 241 354
197 281 445
43 281 444
197 217 410
43 197 281
126 400 432
26 410 432
176 421 432
176 241 440
26 400 432
79 126 400
26 217 410
197 420 445
262 304 420
197 217 420
262 420 436
8 79 119
8 79 126
79 263 400
79 86 119
263 370 436
130 221 355
51 100 137
51 100 370
86 263 370
100 137 214
65 97 380
86 108 370
8 126 380
97 176 421
65 421 432
156 189 439
208 361 390
97 176 208
51 97 137
214 242 321
149 156 189
73 226 368
156 196 252
123 125 346
123 125 397
123 159 288
123 159 397
69 73 125
149 189 226
123 288 346
69 125 346
276 346 417
214 226 242
32 203 367
73 332 368
50 299 345
73 189 226
127 149 226
127 214 226
127 137 214
187 242 321
226 242 368
53 187 242
32 147 203
96 147 203
315 376 431
32 53 367
59 317 365
22 58 300
96 300 315
58 248 315
22 58 248
22 300 437
72 199 396
199 205 223
58 300 315
72 172 431
273 376 431
96 315 376
182 345 447
50 182 345
163 271 299
53 187 355
161 271 299
234 249 447
161 234 299
161 234 249
234 299 447
53 249 355
161 221 249
187 343 355
221 249 355
164 188 323
36 68 262
68 99 262
27 304 445
36 262 304
27 323 333
27 164 323
9 323 333
9 56 178
9 120 307
82 87 209
82 188 307
120 184 307
89 184 290
89 264 290
56 120 274
289 310 353
5 290 310
287 382 434
44 287 434
289 322 353
11 21 322
6 75 193
21 41 287
313 329 339
28 339 426
155 257 329
313 339 446
45 313 446
45 162 313
162 257 416
44 153 260
257 387 403
115 338 387
92 245 374
92 245 387
92 350 374
92 260 350
44 153 291
153 291 305
163 305 435
31 163 435
153 305 435
31 350 438
18 42 292
31 140 282
198 350 374
18 42 285
18 50 273
205 223 401
199 223 377
4 24 171
18 172 285
225 245 247
245 338 387
4 171 297
20 349 358
171 183 297
171 183 401
183 247 297
183 338 358
183 247 338
225 247 398
247 297 398
245 247 338
225 245 374
33 115 349
169 206 237
77 231 284
207 224 378
103 366 378
110 169 237
103 129 169
57 169 206
57 206 349
121 236 422
20 312 422
20 121 422
103 129 378
70 103 366
159 205 303
207 279 418
268 286 303
177 207 279
150 366 378
150 286 418
129 224 378
150 268 286
129 169 216
132 151 324
25 177 407
151 177 207
132 151 177
25 49 372
386 394 407
177 394 407
177 335 394
136 170 383
329 339 426
360 372 385
83 141 298
148 195 372
25 195 372
25 177 195
37 177 190
37 148 195
141 283 319
283 308 319
35 91 230
75 181 375
35 74 308
190 204 308
35 91 308
91 204 222
91 204 308
91 230 244
185 348 356
210 280 356
91 222 261
116 122 230
35 122 230
116 134 356
116 230 356
134 348 356
116 122 134
320 340 419
193 246 342
193 246 325
75 181 357
75 193 325
3 23 95
166 215 289
215 289 322
11 322 353
166 215 256
14 174 264
166 264 289
166 174 264
3 215 256
256 278 391
174 256 278
80 165 404
165 266 406
54 101 301
29 106 243
29 331 337
61 88 106
3 23 202
23 246 342
111 331 337
0 16 351
34 111 331
165 384 406
15 165 266
15 309 404
165 384 388
80 165 364
19 80 362
15 165 404
80 107 404
107 309 404
40 85 389
80 107 314
139 152 250
85 98 389
381 389 433
60 395 399
16 194 309
16 114 194
16 114 272
114 152 272
114 152 194
389 395 399
90 302 352
220 227 269
389 399 433
139 227 336
55 227 239
227 235 336
0 16 235
54 101 351
16 34 351
185 229 348
0 46 351
220 227 239
210 280 409
210 302 409
302 352 409
90 135 352
113 135 352
113 220 371
146 220 239
269 399 433
269 371 433
405 419 446
112 419 446
341 414 443
125 397 439
326 364 423
40 362 395
59 300 437
13 47 98
133 258 430
22 199 396
107 194 314
162 313 329
107 194 309
1 139 250
176 410 432
104 408 430
67 104 430
78 219 388
59 102 317
100 214 321
111 266 337
95 246 340
139 152 272
97 108 380
32 147 182
96 273 311
96 102 203
95 267 340
95 215 267
11 168 382
211 317 417
94 113 352
94 113 428
170 372 385
89 120 274
132 216 335
200 369 393
51 97 108
34 61 101
31 198 282
40 85 362
23 95 246
73 125 189
145 243 406
37 83 148
54 301 342
96 102 300
110 216 335
68 81 99
296 364 423
136 155 386
77 231 237
60 152 362
14 76 174
180 252 439
288 365 417
72 285 344
64 71 258
70 121 236
160 405 446
70 103 121
69 73 332
69 232 332
65 126 380
81 87 188
23 88 342
100 130 370
60 131 399
60 131 250
371 428 433
61 88 301
115 284 403
0 55 235
54 229 348
54 193 348
82 143 209
7 52 118
50 273 311
50 182 311
100 321 343
48 334 415
48 124 415
22 199 437
32 53 447
71 133 258
21 215 267
34 111 309
225 282 398
198 225 282
20 57 121
38 179 213
96 273 376
47 98 413
28 160 339
35 122 134
7 265 429
15 111 309
48 167 259
53 249 447
76 174 391
14 76 255
13 326 364
78 364 388
34 61 331
12 384 412
50 140 292
6 35 134
15 111 266
35 74 75
6 134 193
282 292 398
18 273 431
18 172 431
145 243 391
60 362 395
31 198 350
102 203 317
238 240 445
63 255 363
71 133 359
168 310 353
44 373 382
31 153 438
56 67 233
1 131 250
24 223 401
20 358 401
113 371 428
124 212 390
112 267 340
134 193 348
145 384 406
65 126 432
2 200 253
21 41 267
37 83 283
7 52 265
19 80 364
4 24 285
2 78 219
148 298 372
251 298 360
10 66 254
20 205 401
66 192 254
137 196 252
12 173 402
33 284 449
140 163 299
55 227 235
201 209 221
92 257 416
52 62 118
41 112 267
4 297 398
38 213 271
29 243 406
110 335 394
64 238 430
43 212 347
24 171 401
20 57 349
13 19 98
76 145 391
39 306 316
48 124 295
81 99 201
64 238 444
74 308 375
81 164 188
55 135 146
19 85 98
207 224 324
6 35 75
7 17 128
125 189 439
16 272 336
1 131 269
217 263 420
56 67 379
262 370 436
7 294 429
82 143 213
4 42 398
173 175 402
160 339 446
83 148 298
113 135 220
298 360 372
129 224 324
29 61 331
88 202 256
12 219 384
29 337 406
230 244 356
200 296 369
12 63 412
88 301 342
82 184 307
20 205 312
110 386 394
44 382 434
30 328 414
30 414 443
112 340 419
52 265 327
43 212 354
14 255 274
45 162 416
33 115 284
13 19 364
37 190 283
28 158 160
43 64 444
251 308 375
72 172 285
36 81 164
264 289 310
88 106 256
28 170 426
53 242 367
43 64 347
41 45 446
21 287 382
197 410 440
41 112 446
63 255 412
16 34 309
155 329 383
41 45 416
99 130 201
133 424 430
217 263 400
151 207 324
124 212 347
46 229 351
127 137 156
127 149 156
128 294 392
129 216 324
130 201 221
39 275 306
100 130 343
49 136 372
135 146 220
185 302 427
55 90 135
130 343 355
4 42 285
131 269 399
155 257 403
180 397 439
132 216 324
133 154 424
136 170 372
206 231 349
243 256 391
136 155 383
137 156 196
97 137 252
174 278 391
154 253 424
139 272 336
211 317 367
50 140 299
59 365 437
143 161 271
48 66 259
320 325 340
180 208 252
144 334 415
238 281 444
19 85 362
71 144 415
145 384 412
96 147 311
147 182 311
7 128 294
3 202 256
150 207 418
150 207 378
163 305 373
39 275 293
152 314 362
2 200 393
152 194 314
153 350 438
29 61 106
153 260 350
43 197 440
60 152 250
77 155 237
155 237 386
24 223 285
186 240 445
266 337 406
155 284 403
28 158 170
92 257 387
69 211 346
158 170 385
158 251 375
33 231 449
158 160 375
72 248 431
143 161 209
54 193 342
200 265 327
162 257 329
329 383 426
38 163 373
199 365 437
5 168 310
36 68 81
130 262 370
170 383 426
173 363 425
176 410 440
173 363 379
181 405 419
185 210 302
223 285 377
232 332 367
72 199 344
200 296 327
87 201 209
206 231 237
275 306 361
136 386 407
211 276 346
31 153 435
211 276 417
181 357 419
286 303 418
32 182 447
33 231 349
63 363 425
26 217 400
89 120 184
82 184 213
18 50 292
78 364 369
54 229 351
248 315 431
251 360 385
211 232 367
161 209 221
244 280 356
110 237 386
238 281 445
188 307 323
242 332 368
242 332 441
242 367 441
106 243 256
244 261 409
244 280 409
59 102 300
251 308 319
156 252 439
199 344 377
23 88 202
253 402 424
255 274 363
94 261 352
261 352 409
264 290 310
275 293 442
21 215 322
70 268 312
268 303 312
150 268 366
143 213 271
70 268 366
49 136 407
263 420 436
285 344 377
159 288 365
16 235 336
325 357 419
90 302 427
279 303 418
9 307 323
203 317 367
246 325 340
11 21 382
320 325 419
183 358 401
