38 163 305
124 295 390
3 95 215
304 420 445
77 155 386
218 333 411
62 191 381
2 12 402
117 144 270
107 309 314
64 71 347
218 277 411
176 208 390
65 97 421
43 354 440
51 108 370
176 241 390
159 365 417
238 444 445
38 305 373
92 260 416
57 103 121
41 287 416
166 174 256
160 181 405
11 168 287
56 274 363
185 210 356
29 145 243
158 160 339
66 167 259
133 359 448
48 167 295
62 128 191
13 47 413
14 274 363
219 384 388
2 253 402
14 89 274
38 179 271
56 363 379
9 157 178
157 277 411
9 157 333
200 253 318
154 258 424
157 333 411
9 188 307
99 130 262
82 209 213
86 108 119
8 108 119
159 205 365
69 276 346
42 292 398
125 180 439
69 211 232
288 346 417
72 344 377
72 248 396
211 276 317
199 396 437
140 282 292
69 211 276
96 147 182
81 87 201
182 273 311
68 81 164
299 345 447
179 184 213
82 87 188
38 163 271
11 21 287
41 162 416
168 287 382
373 382 434
5 38 373
291 305 373
44 291 373
198 282 292
31 140 163
70 312 422
205 303 312
231 284 449
115 349 358
205 312 358
110 169 216
115 387 403
57 121 349
70 236 422
57 103 169
112 405 419
198 225 374
41 45 162
77 155 284
110 216 386
91 244 261
158 251 385
190 283 308
251 319 375
141 251 319
160 181 375
141 251 298
74 75 375
11 168 353
106 243 391
6 74 75
76 255 412
61 101 301
190 204 428
52 381 413
1 139 269
13 98 413
131 139 250
34 101 351
6 134 348
204 222 428
94 222 428
6 35 122
94 222 261
1 269 399
39 293 442
93 341 414
39 275 442
39 293 316
39 275 316
295 361 390
167 259 306
48 66 167
48 138 334
48 66 138
10 117 138
10 66 138
228 328 414
192 254 328
84 228 254
330 359 448
117 138 334
10 117 254
84 117 254
228 254 328
109 228 414
109 228 330
93 293 442
30 306 443
93 191 442
93 191 414
128 191 392
191 392 414
7 17 294
7 17 118
7 62 118
40 389 395
52 62 381
142 326 423
296 364 369
296 369 393
296 326 364
200 265 296
296 326 423
200 296 393
7 52 62
52 327 423
109 392 414
109 294 392
318 330 448
84 228 330
318 330 429
104 402 408
154 253 318
2 105 393
105 369 393
78 105 369
2 12 219
104 175 402
76 145 412
14 76 363
14 89 264
179 184 290
363 379 425
76 255 363
9 56 120
173 379 425
67 277 430
56 178 233
281 444 445
186 238 240
186 218 277
186 218 445
186 238 445
408 424 430
238 240 430
133 258 359
71 270 359
133 154 258
84 117 270
117 144 334
71 347 415
212 241 390
197 281 445
43 281 444
197 217 410
43 197 281
126 400 432
26 410 432
176 421 432
176 241 440
26 400 432
26 217 420
79 126 400
26 217 410
197 420 445
262 304 420
197 217 420
262 420 436
36 68 164
263 400 436
130 262 436
8 79 126
79 263 400
87 201 221
100 214 343
130 221 355
51 100 137
51 100 370
86 263 370
100 137 214
65 97 380
86 108 370
51 97 380
51 108 380
208 361 390
51 97 137
149 156 196
73 226 368
127 137 196
156 196 252
159 288 417
123 159 288
123 159 397
276 346 417
69 73 232
73 232 332
32 203 367
73 332 368
50 299 345
73 189 226
127 214 226
127 149 196
127 137 214
53 242 441
32 147 203
32 53 249
96 147 203
315 376 431
53 367 441
32 53 367
211 232 332
203 211 367
59 317 365
102 300 437
22 58 300
59 102 437
58 248 315
22 58 248
22 300 437
72 199 396
58 300 315
72 172 431
172 273 431
273 376 431
96 182 311
50 182 345
163 271 299
53 187 355
179 213 271
161 271 299
161 234 299
161 234 249
234 299 447
53 249 355
99 130 221
161 221 249
187 343 355
221 249 355
99 201 221
164 188 323
82 213 307
143 209 213
68 99 201
68 81 201
27 304 445
9 56 178
9 120 307
184 213 307
9 188 323
82 87 209
82 188 307
120 184 307
289 290 310
89 184 290
89 264 290
56 120 274
289 310 353
5 168 353
5 290 310
5 310 353
287 382 434
289 322 353
11 21 322
6 75 193
41 45 112
21 41 287
313 329 339
45 112 446
313 339 446
257 313 329
45 313 446
45 162 313
162 257 416
44 153 260
162 257 313
257 387 403
257 284 403
92 245 374
92 245 387
92 350 374
92 260 350
31 435 438
153 435 438
44 153 291
153 291 305
163 305 435
31 163 435
153 305 435
31 350 438
18 42 292
31 140 282
198 350 374
225 292 398
18 42 285
18 172 273
205 223 401
72 199 377
199 223 377
24 223 377
4 24 171
18 172 285
4 171 297
20 312 358
171 183 297
171 183 401
225 247 398
198 225 292
225 245 374
33 115 349
77 231 284
207 224 378
110 231 237
103 129 169
57 169 206
57 206 349
121 236 422
20 312 422
20 121 422
70 103 366
70 150 366
159 205 303
207 279 418
279 286 303
150 366 378
279 286 418
207 378 418
129 216 224
151 207 224
70 150 268
129 169 216
151 224 324
216 224 324
132 151 324
49 170 372
25 177 407
151 177 207
132 151 177
386 394 407
177 394 407
335 386 394
216 335 386
49 386 407
155 383 386
136 383 386
49 136 386
49 136 170
136 170 383
28 170 372
329 339 426
158 160 251
28 158 385
28 372 385
360 372 385
83 141 298
148 298 360
25 195 372
25 177 195
37 148 195
37 83 190
141 283 319
283 308 319
6 35 74
160 251 375
75 181 375
35 74 308
190 204 308
91 204 222
91 204 308
91 230 244
244 261 280
185 348 356
230 244 280
210 280 356
91 222 261
116 122 230
230 280 356
35 122 230
116 134 356
116 230 356
61 106 331
46 54 229
134 348 356
320 340 419
54 193 229
193 246 342
193 246 325
75 181 357
112 405 446
23 246 340
215 267 340
23 95 340
166 215 289
95 215 340
215 289 322
11 322 353
166 215 256
14 174 264
166 174 264
88 256 391
3 215 256
88 106 391
29 145 337
256 278 391
174 256 278
80 165 404
165 266 406
54 101 301
29 331 337
16 235 272
23 246 342
61 301 342
0 16 351
194 309 314
165 384 406
235 272 336
15 165 266
15 309 404
145 337 406
165 384 388
80 165 364
15 165 404
80 107 404
107 309 404
40 85 389
139 152 250
13 85 98
85 98 389
13 19 85
60 250 399
381 389 433
60 395 399
194 314 362
16 114 194
16 114 272
152 194 362
114 152 272
114 152 194
1 131 399
389 395 399
1 131 139
131 250 399
90 302 352
389 399 433
139 227 336
55 227 239
46 54 351
227 235 336
0 16 235
16 34 111
54 101 351
16 34 351
185 229 348
0 46 351
90 210 302
90 135 146
185 210 427
261 280 409
302 352 409
90 135 352
113 135 352
113 146 220
113 371 433
269 399 433
113 428 433
269 371 433
113 135 146
341 414 443
328 414 443
65 380 421
49 372 407
40 362 395
86 119 263
93 293 341
115 245 387
98 381 389
0 55 427
8 108 126
176 410 432
2 105 219
177 190 195
104 408 430
96 300 376
67 104 379
67 104 430
103 129 224
78 219 388
59 102 317
102 203 211
111 266 337
98 381 413
139 152 272
32 147 182
96 273 311
96 102 203
87 161 209
47 142 423
94 113 352
18 182 273
94 113 428
212 354 440
90 146 239
89 120 274
132 216 335
34 61 101
31 198 282
40 85 362
73 125 189
37 83 148
54 301 342
270 330 359
96 102 300
275 306 316
115 183 358
78 165 388
77 110 386
60 152 362
19 314 362
53 242 321
14 76 174
115 183 338
102 211 317
72 285 344
71 258 359
64 71 258
70 121 236
19 107 314
160 405 446
70 103 121
73 125 346
28 158 426
81 87 188
64 424 430
23 88 342
108 126 380
100 130 370
205 358 401
64 258 424
37 190 195
308 319 375
115 284 403
55 90 239
0 55 235
141 190 283
55 210 427
22 248 437
155 284 329
32 182 345
48 334 415
97 252 421
53 187 321
30 328 443
211 367 441
21 215 267
48 295 415
4 247 297
19 326 364
5 373 382
132 335 394
24 285 377
96 273 376
7 265 429
15 111 309
87 161 221
18 50 182
76 174 391
3 95 202
34 61 331
27 36 262
12 384 412
50 140 292
88 106 342
10 66 259
15 111 266
13 19 326
214 226 368
145 243 391
60 362 395
31 198 350
63 255 363
113 220 269
150 286 378
56 67 233
24 223 401
8 79 263
121 349 358
260 287 416
150 286 303
4 247 398
124 212 390
112 267 340
145 384 406
2 200 253
6 116 122
27 262 304
21 41 267
23 95 202
47 413 423
32 345 447
78 165 364
7 52 265
19 80 364
4 24 285
27 218 333
77 110 231
61 106 342
251 298 360
5 168 382
9 27 323
154 318 448
137 196 252
173 402 425
33 284 449
9 27 333
16 111 194
140 163 299
55 227 235
92 257 416
41 112 267
6 193 229
149 189 439
64 238 430
43 212 347
24 171 401
76 145 391
64 238 444
113 269 371
30 259 306
124 295 415
74 308 375
6 116 134
81 164 188
25 372 407
91 230 308
8 119 263
75 193 357
5 38 290
125 189 439
56 67 379
7 294 429
0 46 427
4 42 398
10 254 259
173 175 402
12 402 425
160 339 446
78 105 219
83 148 298
280 302 409
27 218 445
224 366 378
300 315 376
27 36 323
88 202 256
12 219 384
12 63 412
126 421 432
127 189 226
32 234 447
132 177 394
112 340 419
12 63 425
32 234 249
52 265 327
43 212 354
30 259 328
33 115 284
34 331 337
43 64 444
72 172 285
34 111 337
52 413 423
36 99 262
115 245 338
36 164 323
28 170 426
43 64 347
197 410 440
63 255 412
155 329 383
13 47 326
126 380 421
6 229 348
166 289 290
110 169 206
47 142 326
124 212 415
17 62 128
20 121 358
35 230 308
123 125 180
123 180 397
123 125 288
125 288 346
276 317 365
127 149 189
128 294 392
17 128 294
130 263 436
130 263 370
100 130 343
130 343 355
4 42 285
265 296 423
83 141 190
132 216 324
210 280 302
110 206 237
257 284 329
212 347 415
206 231 349
97 137 252
139 220 227
174 278 391
154 253 424
139 220 269
139 272 336
50 140 299
59 365 437
143 161 271
320 325 340
144 334 415
19 85 362
145 384 412
146 220 227
36 68 99
146 227 239
3 202 256
149 156 439
109 330 429
293 316 341
2 200 393
153 350 438
153 260 350
26 420 436
43 197 440
60 152 250
133 154 448
266 337 406
225 245 338
92 257 387
33 231 449
158 339 426
72 248 431
143 161 209
54 193 342
329 383 426
67 233 277
166 264 290
167 306 361
199 365 437
167 295 361
186 277 430
170 383 426
109 294 429
104 175 379
173 175 379
150 268 303
176 208 252
38 179 290
176 410 440
178 233 277
157 178 277
181 405 419
186 240 430
187 214 321
177 190 207
190 207 279
208 252 439
193 325 357
148 195 360
195 360 372
187 214 343
225 247 338
206 231 237
275 306 361
253 408 424
69 73 346
181 357 419
205 223 365
212 241 440
253 402 408
214 321 368
248 396 437
276 365 417
33 231 349
63 363 425
180 208 439
89 120 184
18 50 292
287 373 434
199 223 365
103 224 366
55 90 210
78 364 369
185 229 427
248 315 431
46 229 427
251 360 385
242 332 368
242 332 441
106 243 331
29 243 331
176 252 421
156 252 439
23 88 202
192 254 259
192 259 328
44 260 287
94 261 352
261 352 409
265 318 429
200 265 318
21 215 322
265 327 423
70 268 312
268 303 312
143 213 271
111 194 309
84 270 330
144 270 415
71 270 415
285 344 377
286 378 418
44 287 373
183 297 338
247 297 338
17 62 118
211 332 441
325 357 419
306 341 443
306 316 341
19 80 107
26 400 436
242 321 368
246 325 340
320 325 419
183 358 401
