10 68 81
18 64 66
20 25 69
35 52 90
18 27 77
58 89 99
6 29 51
20 82 97
42 58 99
16 21 96
15 65 68
9 59 65
50 68 81
63 66 77
18 27 70
0 24 54
5 30 71
34 55 92
42 58 85
0 32 33
48 52 61
47 82 97
20 69 82
29 51 60
5 32 67
5 32 88
5 88 98
33 51 60
6 29 85
29 85 95
58 83 95
22 83 95
58 85 95
6 51 85
21 23 89
16 69 96
21 49 96
16 21 89
7 49 96
7 69 96
17 59 65
9 49 59
9 15 65
7 41 78
15 41 53
7 41 53
10 26 81
15 41 68
10 41 68
28 44 75
8 28 37
8 19 50
28 37 44
8 28 75
37 39 44
8 19 75
3 19 75
13 43 63
3 19 93
27 63 77
19 46 93
3 27 93
17 18 65
18 66 77
4 42 87
4 64 66
24 38 54
43 73 92
3 27 63
2 37 39
34 73 74
2 43 73
3 43 63
34 73 92
2 14 62
14 31 36
14 36 62
31 35 36
31 35 56
35 56 90
52 55 94
35 52 55
30 40 57
48 52 90
54 56 90
5 30 57
24 45 71
24 30 38
30 40 61
24 30 71
4 13 72
42 85 98
4 42 64
1 42 99
12 57 72
12 80 87
4 80 87
32 67 76
33 47 60
33 88 98
32 33 88
5 67 71
11 45 86
0 76 84
0 32 76
11 84 86
0 24 86
24 45 86
0 84 86
46 91 93
13 72 94
27 70 93
25 69 83
16 69 83
65 68 91
46 68 91
67 76 84
11 67 84
2 62 73
62 73 74
40 61 94
23 59 79
35 55 74
7 49 53
40 57 72
70 91 93
3 39 43
2 39 43
38 54 90
38 48 90
8 37 50
16 58 83
16 58 89
26 37 78
13 43 92
11 45 71
1 79 99
17 59 79
19 50 68
13 63 66
26 50 81
23 79 89
26 37 50
33 51 85
12 42 87
30 38 61
34 55 74
18 70 91
5 12 57
35 36 74
9 49 53
4 13 66
9 15 53
20 22 60
22 60 95
38 48 61
3 44 75
55 92 94
20 25 83
3 39 44
4 12 72
1 18 79
79 89 99
5 12 98
19 46 68
52 61 94
1 18 42
13 92 94
18 65 91
33 85 98
40 72 94
18 42 64
29 60 95
17 18 79
20 22 83
26 41 78
11 67 71
21 23 49
23 49 59
20 47 60
10 26 41
20 47 97
12 42 98
36 62 74
4 12 80
