35 36 62
10 68 81
18 64 66
20 22 25
20 25 69
35 52 90
13 43 55
13 40 94
22 47 97
1 17 79
58 89 99
6 29 51
21 49 59
20 82 97
17 23 59
21 23 59
16 21 96
10 37 78
10 26 37
1 17 18
15 65 68
9 59 65
65 70 91
50 68 81
2 73 74
63 66 77
40 52 61
34 55 92
1 23 79
0 32 33
40 52 94
48 52 61
47 82 97
20 22 97
20 69 82
29 51 60
22 25 83
22 47 60
33 51 60
22 29 60
58 83 95
58 85 95
1 18 64
1 42 64
17 23 79
21 23 89
16 69 96
21 49 96
16 21 89
7 49 96
7 69 96
9 49 59
9 15 65
7 41 78
46 65 68
15 41 53
7 41 53
10 41 78
10 26 81
15 41 68
27 46 93
46 65 91
10 41 68
28 44 75
28 37 44
3 19 75
19 46 50
13 43 63
3 19 93
27 63 77
19 46 93
46 50 68
18 66 77
18 65 70
4 42 87
4 64 66
13 57 72
13 55 94
34 73 74
2 43 73
3 43 63
43 55 92
2 62 74
35 62 74
2 14 62
14 31 36
14 36 62
31 35 36
31 35 56
35 56 90
52 55 94
35 52 55
30 40 57
48 52 90
54 56 90
13 40 57
24 45 71
24 30 38
30 40 61
24 30 71
4 13 72
4 42 64
12 57 72
12 80 87
4 80 87
12 57 98
32 67 76
33 47 60
32 33 88
11 45 67
5 67 71
45 67 71
0 84 86
27 70 77
25 69 83
16 69 83
67 76 84
11 67 84
32 67 88
27 63 93
58 85 98
42 58 98
57 88 98
5 57 71
30 57 71
35 55 74
33 51 88
19 50 75
7 49 53
11 45 84
45 84 86
15 49 53
3 39 43
2 39 43
38 54 90
38 48 90
51 88 98
16 58 83
16 58 89
9 15 49
13 63 66
26 50 81
12 42 87
30 38 61
34 55 74
6 85 95
6 85 98
0 24 45
5 57 88
27 46 91
4 13 66
8 26 50
5 67 88
38 48 61
1 58 99
3 44 75
0 24 38
3 39 44
4 12 72
8 28 50
2 39 44
18 70 77
0 38 54
0 32 84
1 23 89
1 89 99
6 29 95
1 42 58
6 51 98
17 18 59
34 43 92
18 59 65
0 45 86
3 63 93
22 29 83
26 28 37
8 26 28
27 70 91
28 50 75
29 83 95
12 42 98
2 37 44
32 76 84
34 43 73
4 12 80
