18 64 66
20 22 25
8 50 81
13 43 55
18 27 77
1 17 79
42 58 99
21 23 59
16 21 96
1 17 18
15 65 68
9 59 65
3 39 75
39 44 75
8 26 81
2 73 74
63 66 77
18 27 70
0 24 54
40 52 61
34 55 92
42 58 85
0 32 33
40 52 94
11 76 84
48 52 61
47 82 97
22 25 83
22 47 60
33 51 60
22 29 60
22 29 95
58 83 95
22 83 95
58 85 95
6 51 85
23 89 99
16 83 89
16 69 96
7 49 96
7 69 96
9 49 59
9 15 65
7 9 49
46 65 68
10 41 78
8 26 37
46 65 91
10 41 68
28 44 75
8 28 37
8 19 50
28 37 44
8 28 75
8 19 75
3 19 75
19 46 50
13 43 63
3 19 93
27 63 77
19 46 93
3 27 93
46 50 68
46 70 91
18 66 77
4 42 87
4 13 63
24 38 54
13 55 94
3 27 63
34 73 74
2 43 73
3 43 63
43 55 92
2 62 74
2 14 62
14 31 36
14 36 62
31 35 36
31 35 56
52 55 94
35 52 55
30 40 57
48 52 90
30 48 61
54 56 90
24 30 38
30 40 61
4 13 72
42 85 98
4 42 64
1 42 99
12 57 72
12 80 87
4 80 87
42 87 98
12 57 98
32 67 76
12 87 98
51 85 98
33 47 60
32 33 88
5 67 71
11 67 76
0 76 84
0 32 76
0 84 86
83 89 99
23 79 99
10 78 81
26 78 81
13 72 94
27 70 93
69 82 97
25 69 83
16 69 83
32 67 88
63 64 66
4 63 64
23 59 79
46 70 93
40 57 94
57 72 94
57 88 98
5 57 71
30 57 71
35 55 74
41 53 78
52 56 90
33 51 88
11 45 84
45 84 86
3 39 43
2 39 43
38 54 90
51 88 98
16 23 89
26 37 78
21 59 96
11 45 71
25 69 97
1 79 99
17 59 79
10 50 81
7 9 53
58 83 99
34 55 74
6 85 95
18 70 91
35 52 56
0 24 45
5 57 88
35 36 74
16 21 23
9 15 53
7 53 78
5 67 88
4 12 72
2 39 44
6 29 60
1 18 42
18 65 91
6 29 95
18 42 64
20 22 47
41 53 68
17 18 59
34 43 92
18 59 65
24 30 45
0 45 86
11 67 71
20 25 97
10 50 68
20 47 97
6 51 60
30 45 71
30 48 90
2 37 44
30 38 90
15 53 68
36 62 74
34 43 73
49 59 96
4 12 80
