18 64 66
20 22 25
35 52 90
8 50 81
22 47 97
1 17 79
58 89 99
21 49 59
42 58 99
21 23 59
16 21 96
10 37 78
4 63 66
10 26 37
1 17 18
15 65 68
9 59 65
2 3 39
2 73 74
63 66 77
34 55 92
42 58 85
1 23 79
0 32 33
11 76 84
48 52 61
47 82 97
20 22 97
22 25 83
22 47 60
5 88 98
33 51 60
6 29 85
29 85 95
58 83 95
22 83 95
58 85 95
1 18 64
1 42 64
1 23 99
23 89 99
16 69 96
21 49 96
7 49 96
7 69 96
17 59 65
9 49 59
9 15 65
7 15 53
10 41 78
10 26 81
28 44 75
28 37 44
8 28 75
3 19 75
13 43 63
3 19 93
27 63 77
19 46 93
3 27 93
17 18 65
18 66 77
4 42 87
4 64 66
5 57 98
4 13 63
34 35 55
3 27 63
34 73 74
2 3 43
2 43 73
3 43 63
34 35 74
2 62 74
2 14 62
14 31 36
14 36 62
31 35 36
31 35 56
35 56 90
52 55 94
35 52 55
48 52 90
54 56 90
24 45 71
30 40 61
4 13 72
42 85 98
4 42 64
1 42 99
12 57 72
12 80 87
4 80 87
42 87 98
12 57 98
32 67 76
12 87 98
33 47 60
32 33 88
11 67 76
0 76 84
0 32 76
0 84 86
43 92 94
46 91 93
13 72 94
27 70 77
25 69 83
16 69 83
65 68 91
46 68 91
32 67 88
40 61 94
23 59 79
41 53 78
33 51 88
19 50 75
8 50 75
11 45 84
45 84 86
13 43 94
40 57 72
38 54 90
38 48 90
30 38 71
51 88 98
16 58 83
16 58 89
16 23 89
24 38 71
11 45 71
10 41 53
9 15 49
17 59 79
10 50 81
19 50 68
30 38 61
18 70 91
6 85 98
0 24 45
26 28 81
35 36 74
16 21 23
27 91 93
7 15 49
22 60 95
7 53 78
5 67 88
38 48 61
3 44 75
0 24 38
55 92 94
25 69 82
3 39 44
4 12 72
2 39 44
18 70 77
10 53 68
0 38 54
19 46 68
52 61 94
6 29 60
25 82 97
18 65 91
40 72 94
6 51 98
34 43 92
29 60 95
30 67 71
0 45 86
5 30 40
11 67 71
20 25 97
5 40 57
26 28 37
10 50 68
27 70 91
6 51 60
5 30 67
2 37 44
15 53 68
36 62 74
8 28 81
34 43 73
4 12 80
