-960.814 789.858
-429.812 -409.021
-1880.09 1962.93
524.173 -819.18
197.253 496.632
-130.691 -1479.43
688.554 -397.717
-513.721 -1865.79
280.165 330.078
-204.438 738.771
-893.29 -413.686
1839.23 -1260.53
1253.56 -1956.03
-1208.32 375.395
-249.076 -1296.37
776.94 790.11
1493.49 -1652.87
-1618.91 1613.4
-1689.94 905.262
-1205.78 507.31
-598.106 663.532
1027.88 -1909.55
-1734.18 -1485.84
-1775.34 545.981
844.234 20.2174
-715.249 1950.94
1606.53 -876.024
-1309.59 860.094
-832.055 -517.91
-764.51 918.869
185.721 -1987.57
-291.02 -320.789
-1640.44 90.069
-707.386 -1330.39
-1004.67 86.8369
1176.92 397.226
-1249.63 204.801
487.674 -983.815
718.957 712.33
1562.17 -436.809
-1267.45 -1153.08
-485.865 -1660.92
-29.1067 204.547
1199.17 1138.84
1686.64 -1565.34
57.7074 -127.642
-1552.91 1766.69
1551.57 -1193.35
-143.244 -1155.82
-523.737 852.087
931.019 -1346.81
-750.687 1681.39
857.987 1736.99
-1302.43 -423.056
449.317 -1740.26
1140.14 1181.86
-893.345 -1345.73
1520.94 1077.55
858.817 720.117
216.387 545.454
1154.78 -1725.91
-1582.19 1601.87
-1959.22 1969.38
-1591.48 -102.463
-1186.44 -115.214
-1250.38 1744.58
537.973 -1.06234
1425.97 -604.04
-264.075 -1876.46
972.905 -1814.76
-1616.72 113.04
1367.11 -510.065
767.31 888.05
-1432.52 -373.873
-391.833 783.87
-1828.42 -1237.05
1057.96 -1410.61
-1635.18 1098.75
-1441.23 -1226.66
-1003.72 -627.665
658.128 -254.093
-883.084 -803.899
1744.84 -1457.12
592.061 -519.23
-1333.57 -435.034
-333.988 -950.294
1678.01 -966.882
539.641 445.316
1921.17 1107.12
-1928.56 -470.665
-109.005 -1756.97
292.282 -1051.04
-1167.58 657.101
-1952.3 -608.809
1430.44 -956.012
763.526 88.571
789.895 1880.44
1284.67 534.74
-1576.67 -123.267
-1984.49 -910.248
1441.7 -318.479
139.457 1119.71
714.64 -1320.9
-434.978 635.808
1786.22 -363.534
-1834.86 -322.783
-120.509 457.424
626.177 711.909
-885.475 673.881
-1896.9 -1455.03
1717.87 866.626
633.539 507.764
747.067 -81.7893
-957.496 1170.39
1794.94 -941.987
-1739.86 1236.64
739.534 399.602
356.348 -545.826
1078.7 1921.37
-1910.02 864.923
-442.165 -1744.88
-1457.86 1437.33
712.548 1168.32
149.235 1827.07
-157.802 252.335
-1627.96 -439.933
-881.04 1005.58
-1932.17 1866.03
-1076.21 -889.665
1036.42 -1281.27
168.348 1296.57
1955.38 -1092.12
-303.833 311.725
362.056 -1225.13
233.094 452.038
1639.79 1790.93
707.162 -1818.07
1228.26 -580.29
1350.25 -622.509
-753.218 -807.555
1629.83 -381.177
752.512 -1251.21
-1375.6 820.343
-1385.19 -451.807
1930.68 1651.23
266.927 99.0257
947.8 222.303
1006.91 -1356.03
-1465.97 -631.036
-581.165 767.122
1821 -941.375
558.052 528.164
-759.445 -213.692
1947.87 -1409.2
1163.8 -805.344
-216.753 793.625
813.479 -1464.24
1542.41 1437.88
1356.1 -1842.77
-1013.93 1286.78
1808.46 1253
-614.194 756.259
-524.696 -1607.29
1400.23 9.33221
-238.322 -1180.94
-1223.55 -417.32
-122.315 1334.51
-1889.16 1118.24
-879.185 -1941.28
1709.04 -1715.39
-746.628 -507.71
1078.24 -1933.15
28.0487 620.651
1504.73 -615.849
777.877 -1509.19
-1329.07 586.336
1743.81 56.7362
-657.405 -780.888
449.45 -1257.18
1228.44 -1788.87
-438.118 -1995.1
-206.193 1439.57
1339.41 -95.3495
557.808 -1539.78
-36.6328 266.851
-1255.16 1216.74
1759.14 1823.07
1283.59 -212.811
443.726 788.324
1171.34 -778.398
1279.13 1842.27
1807.94 1022.94
-100.993 -849.466
-1757.95 -1651.54
-106.645 1470.5
-1440.42 1455.24
1475.39 353.391
894.805 814.801
-1741.96 -547.387
1275.02 221.409
1719.46 -1980.14
-561.852 1478.6
1842.93 -1278.26
-734.206 286.657
1510.06 -1562.87
1508.26 789.194
-1720.6 1316.2
-187.867 178.411
-1533.27 54.184
526.868 360.087
-475.32 1086.45
-184.675 -999.925
-560.157 -1289.87
1814.88 -302.116
162.742 1089.9
1919.29 -117.794
1109.75 -642.559
-639.189 952.685
79.1808 626.604
-760.659 -410.756
1063.74 -1252.4
-1621.56 1343.14
-1936.2 190.571
-478.446 -1469.47
-1755.25 -1951.58
890.618 -230.566
1134.87 -1294.06
769.509 -1425.28
-583.929 584.385
272.6 1578.81
-325.719 191.893
-538.98 -1215.97
1549.33 821.831
1736.72 -371.485
-551.565 -1023.94
1217.76 -1487.83
-276.339 1596.2
1855.32 -212.54
-213.232 -623.13
317.99 31.5221
-574.708 -791.392
1800.96 -1439.84
-85.45 570.466
-865.119 1330.62
-845.15 1407.48
909.435 829.132
-400.626 -1629.54
1613.17 -851.292
1192.29 1349.89
777.224 -1359.28
-1674.05 -5.01716
-847.106 49.608
-408.82 -991.79
1837.07 1377.95
385.08 155.058
-590.531 1810.37
1363.67 -789.574
-1629.46 -721.784
1780.89 -494.583
-1391.16 -1064.26
-1087.1 1518.27
1764.87 512.272
1888.73 1378.04
1660.98 1081.01
727.926 438.204
1721.74 1053.87
-1566.81 -1125.37
-896.52 24.3669
-117.161 -1059.45
-597.686 -1732.08
1095.61 811.784
-1921.71 459.273
-1977.79 -1551.17
1737.49 1803.1
-45.7549 -1653.67
-1261.16 867.143
1864.6 -1496.28
-620.585 1753.33
1881.76 -959.604
834.343 609.682
1478.6 556.078
-336.446 1911.79
1430.71 767.034
-63.8458 -686.453
1707.58 1338.47
-418.534 803.188
150.252 -340.243
-737.539 172.462
108.585 -1000.05
-24.4372 -1937.17
-653.723 714.406
929.973 -789.122
1218.12 -1690.61
-1035.79 1099.88
-650.216 1798.55
-290.44 -1171.62
354.628 1373.11
-1259.83 -214.665
140.147 676.326
1098.88 -152.272
14.7946 -1319.65
-1349.08 -1834.95
340.105 -86.6232
337.508 -1551.31
913.327 -1686.93
-1488.48 -1740.4
1027.48 1441.49
-529.518 245.599
1750.88 434.688
-654.523 -899.335
233.238 1055.04
-70.9502 -1412.13
428.149 669.222
373.201 -1431.7
-654.452 -527.917
416.024 1360.34
152.431 1066.94
1525.39 -1507.46
-1019.68 -137.103
-1058.77 1893.64
175.968 -547.256
-1846.75 -796.555
-1105.76 -376.27
1449.04 -1354.88
-1941.58 -1205.48
-254.218 291.656
1849.56 1674.83
879.522 277.706
344.054 -747.276
846.002 1689.6
724.807 -737.974
1049.94 -1122.76
-1671.03 575.334
-630.226 -690.716
-1561.77 310.999
-797.073 614.2
1763.74 -643.825
1817.64 -1342.02
979.905 1266.69
-696.903 1038.32
-1938.79 1048.88
-670.021 1910.77
723.711 -1790.5
188.472 -932.235
-537.776 -965.526
-1242.63 -1812.97
296.5 1807.31
-935.731 625.467
382.645 434.043
1934.75 820.876
-1254.96 -862.322
-564.925 -1491.21
493.853 -747.28
-833.235 -526.242
-1480.59 469.862
-1487.92 -1419.38
-481.258 -157.941
-1508.62 -1757.55
51.5601 679.855
-689.783 1513.78
1714.33 67.5839
1700.82 10.8288
-125.105 -1234.92
-1363.7 -1742.46
1199.13 -1428.95
1078.42 1944.17
-291.275 -1486.51
-1547.04 -1797.42
-233.789 -380.279
-323.664 285.619
-1910.42 188.417
866.236 -391.675
-1969.52 1357.62
-149.222 82.036
37.4738 1161
-404.18 -248.198
-771.421 -703.364
1762.63 1103.47
61.721 -1601.07
1361.01 -739.151
-1030.03 439.429
-794.981 678.698
952.919 -342.025
881.276 -1280.87
1277.7 -1442.39
1004.75 1367.28
746.029 -129.015
-1024.4 776.504
-771.395 826.382
-1141.46 1266.08
-12.6227 454.361
-982.119 1215.96
1751 -1219.49
319.43 -187.282
-820.561 -319.557
1073.57 149.412
-1880.13 -1721.41
-1171.89 1072.79
-63.4395 1709.39
1791.92 -785.744
-1733 796.67
-1418.46 1013.03
-1332.34 -442.86
-210.469 -103.739
-1616.48 648.071
-837.661 370.9
-897.568 180.22
-413.144 -1146.57
960.731 1906.29
666.147 -1859.83
-413.271 -260.286
289.582 -293.399
18.3002 1117.69
-1220.61 1954.86
827.078 -1428.69
-830.883 1094.08
1367.98 -249.347
107.102 -1964.36
1307.79 1896.63
-68.0995 1691.32
544.705 1094.24
62.2149 1647.14
-725.541 1649.07
-1499.43 -1764.81
1555.36 1166.71
-1624.64 -857.914
-1093.57 664.943
848.687 924.728
-217.365 1628.08
879.589 -1390.29
-1800.61 -1951.29
1703.79 1567.38
-200.641 -189.109
1603.02 -892.849
-292.476 -465.083
-1201.53 -1747.77
-1370.84 860.682
1899.37 -96.3843
509.752 -1600.07
138.806 65.1088
1566.65 514.167
1207.19 -1526.93
-820.891 55.881
1397.8 961.744
-316.04 277.391
1571.46 -116.647
326.097 1275.25
-549.271 -1874.54
-913.864 -946.254
-767.393 793.66
