23 32 56
33 53 79
58 83 86
34 47 76
43 61 71
0 49 53
37 45 77
4 25 70
7 76 90
23 37 56
8 18 83
62 91 99
7 24 90
0 4 7
9 56 76
43 47 71
30 63 93
17 35 41
17 35 84
22 44 57
27 81 98
81 82 98
20 75 98
18 83 86
52 64 82
46 50 69
69 89 92
50 69 89
4 14 88
5 14 88
14 49 72
5 46 60
0 14 49
45 53 66
5 60 88
5 14 72
72 73 79
33 49 72
1 5 87
5 72 87
58 73 86
72 73 87
33 72 79
0 53 66
8 79 83
18 45 77
8 53 79
37 45 66
33 49 53
0 4 14
0 9 66
91 94 99
37 59 77
18 86 99
23 32 34
59 91 94
59 77 94
37 56 66
9 56 66
34 47 54
23 62 91
62 67 80
2 62 67
2 54 62
6 61 95
32 34 76
32 56 76
7 24 26
7 9 76
0 7 9
4 7 26
12 39 85
4 85 88
19 24 25
19 24 84
21 24 84
6 43 61
6 43 90
21 68 90
21 24 90
10 78 95
6 78 95
10 31 78
10 80 95
15 68 78
10 31 80
15 31 78
15 31 36
31 36 48
13 48 97
36 48 97
13 28 40
13 40 96
17 39 63
38 39 63
29 85 93
38 63 93
3 57 74
39 85 93
29 85 88
29 74 92
11 52 82
3 22 96
3 22 57
38 39 93
13 16 96
16 22 96
44 57 74
42 93 96
73 86 87
29 74 93
73 79 83
21 68 84
64 89 92
52 64 65
44 64 65
61 80 95
61 67 80
42 55 96
40 55 96
46 69 92
46 60 92
44 64 74
30 42 93
64 82 89
12 39 70
29 88 92
2 61 71
46 50 89
2 61 67
47 76 90
11 16 52
17 51 63
8 18 45
17 19 39
27 46 89
3 93 96
43 47 90
1 20 75
4 24 26
1 86 87
15 35 36
1 27 46
1 20 86
19 25 39
28 41 51
1 5 46
4 24 25
2 47 54
2 47 71
8 45 53
17 19 84
4 12 70
1 27 75
81 82 89
30 51 63
30 51 55
4 12 85
6 68 90
15 35 84
23 54 62
13 35 36
60 88 92
13 36 97
23 37 59
16 52 65
15 68 84
16 22 44
64 74 92
17 41 51
18 94 99
18 77 94
28 35 41
23 34 54
28 40 55
16 44 65
27 75 98
27 81 89
58 73 83
28 51 55
23 59 91
3 74 93
25 39 70
30 42 55
13 28 35
6 68 78
