23 32 56
33 53 79
58 83 86
43 61 71
19 39 84
4 25 70
7 76 90
23 37 56
8 18 83
20 75 86
62 91 99
7 24 90
43 47 71
30 42 51
35 41 51
30 63 93
17 35 41
44 52 74
17 35 84
11 16 65
22 44 57
17 39 84
11 52 65
64 74 89
81 82 98
40 51 55
1 75 86
20 75 98
18 83 86
52 64 82
1 75 98
46 50 69
64 81 89
69 89 92
60 69 92
50 69 89
46 60 69
4 14 88
5 46 60
0 14 49
72 73 79
1 5 87
58 73 86
72 73 87
8 79 83
8 53 79
37 45 66
18 77 99
0 4 14
91 94 99
37 59 77
18 86 99
23 32 34
59 91 94
37 56 66
34 47 54
23 62 91
62 67 80
2 54 71
2 62 67
2 54 62
6 61 95
28 35 97
35 36 97
47 54 71
32 56 76
7 24 26
7 9 76
0 7 9
74 89 92
19 24 25
35 36 84
19 24 84
21 24 84
6 43 61
61 67 95
6 43 90
21 68 90
21 24 90
15 21 84
10 78 95
6 78 95
10 31 78
15 68 78
10 31 80
15 31 78
15 21 68
15 36 84
42 51 55
13 28 97
13 48 97
36 48 97
13 40 96
28 35 51
17 39 63
3 30 42
38 39 63
38 63 93
3 57 74
29 85 88
29 74 92
64 81 82
44 52 65
52 64 74
3 29 74
11 52 82
3 22 96
3 22 57
3 30 93
38 39 93
3 42 96
13 16 96
16 22 96
44 57 74
73 86 87
73 79 83
9 66 76
59 94 99
42 55 96
40 55 96
33 49 79
12 39 70
49 72 79
49 72 87
29 88 92
32 47 76
56 66 76
2 61 71
12 85 88
10 67 80
59 77 99
0 9 53
46 50 89
2 61 67
47 76 90
17 51 63
12 39 93
8 18 45
27 46 89
43 47 90
4 24 26
1 86 87
1 27 46
12 85 93
3 85 93
0 4 26
19 25 39
10 67 95
1 5 46
5 49 87
18 37 45
0 7 26
4 24 25
0 33 49
8 45 53
13 28 51
0 33 53
1 27 81
4 12 70
9 45 53
3 29 85
15 31 48
30 51 63
5 14 49
4 12 88
9 45 66
6 68 90
23 54 62
60 88 92
13 40 51
23 37 59
14 60 88
5 14 60
15 36 48
16 22 44
17 41 51
18 37 77
23 34 54
1 81 98
16 44 65
27 81 89
58 73 83
23 59 91
25 39 70
6 68 78
32 34 47
