23 32 56
33 53 79
1 73 87
58 83 86
0 49 53
1 73 86
58 73 79
58 79 83
27 46 50
7 76 90
23 37 56
8 18 83
20 75 86
62 91 99
7 24 90
43 47 71
30 42 51
35 41 51
30 63 93
44 52 74
11 16 65
22 44 57
11 52 65
81 82 98
40 51 55
1 75 86
20 75 98
18 83 86
52 64 82
1 5 27
1 75 98
60 69 92
5 27 46
4 14 88
5 46 60
0 14 49
45 53 66
72 73 79
33 49 72
1 5 87
58 73 86
72 73 87
33 72 79
0 53 66
8 79 83
18 45 77
8 53 79
33 49 53
0 4 14
0 9 66
91 94 99
37 59 77
18 86 99
34 54 62
59 91 94
59 77 94
37 56 66
9 56 66
34 47 54
23 62 91
62 67 80
2 54 71
2 62 67
2 54 62
6 61 95
28 35 97
35 36 97
32 34 76
47 54 71
7 24 26
7 9 76
0 7 9
12 39 85
4 85 88
19 24 25
24 25 26
19 24 84
21 24 84
6 43 90
68 78 90
21 68 90
21 24 90
10 78 95
10 31 78
15 68 78
10 31 80
15 31 78
42 51 55
13 28 97
13 48 97
36 48 97
28 40 51
13 28 40
13 40 96
28 35 51
17 39 63
4 70 85
12 70 85
38 39 63
29 85 93
17 30 63
38 63 93
3 57 74
39 85 93
29 85 88
29 74 92
44 52 65
52 64 74
11 52 82
3 22 96
3 22 57
38 39 93
3 42 96
13 16 96
16 22 65
16 22 96
22 44 65
44 57 74
6 90 95
29 74 93
21 68 84
45 66 77
64 69 92
64 69 89
61 67 80
42 55 96
40 55 96
50 60 69
46 50 60
37 66 77
30 42 93
3 42 93
64 82 89
35 41 84
17 41 84
12 39 70
34 47 90
49 72 87
29 88 92
32 34 62
23 32 62
2 61 71
17 30 51
2 61 67
9 32 56
27 50 69
8 18 45
6 43 71
17 19 39
43 47 90
9 32 76
15 35 36
0 4 26
19 25 39
5 49 87
0 7 26
4 26 70
8 45 53
17 19 84
1 27 81
81 82 89
10 61 95
15 31 48
5 14 49
15 35 84
69 81 89
60 88 92
23 37 59
14 60 88
15 68 84
5 14 60
15 36 48
34 76 90
64 74 92
27 69 81
17 41 51
6 61 71
18 94 99
18 77 94
78 90 95
1 81 98
25 26 70
10 61 80
23 59 91
3 74 93
25 39 70
