69 151 380
17 194 407
103 274 294
46 187 358
88 200 300
17 55 354
71 150 331
112 277 365
83 199 415
127 217 367
0 102 414
59 333 429
33 224 404
38 148 292
38 164 447
45 91 400
97 203 415
97 163 241
40 146 351
12 373 404
173 373 430
208 326 395
49 94 136
58 211 416
236 379 393
14 63 159
99 281 291
27 130 192
52 113 434
159 210 393
1 368 440
139 280 289
171 172 264
15 128 357
57 88 180
196 248 344
196 242 422
242 388 425
80 317 334
80 141 334
57 181 232
68 317 334
263 265 410
55 338 354
161 209 354
237 372 433
209 338 354
82 184 372
0 102 117
46 156 282
68 334 392
265 276 358
169 171 172
7 76 157
34 50 378
362 383 432
48 250 396
7 76 78
38 292 447
95 169 171
118 284 447
207 229 351
18 59 429
105 107 198
148 229 292
64 284 360
64 126 134
38 148 332
207 229 292
146 222 351
105 107 239
148 222 351
148 222 332
38 164 255
100 340 445
96 308 340
100 205 364
91 297 398
6 12 23
12 23 97
115 199 415
190 215 384
73 89 107
12 33 304
224 244 404
373 404 427
13 166 231
19 283 355
256 273 356
14 252 393
30 119 158
72 310 345
135 293 366
11 218 430
359 406 419
160 195 435
25 213 310
13 54 132
236 379 416
74 214 368
44 189 349
402 408 413
4 29 259
4 216 259
56 84 225
274 374 438
51 214 298
129 291 377
31 143 377
65 99 281
274 409 438
139 257 289
55 92 223
122 251 341
113 125 295
147 202 337
13 436 440
14 159 393
251 295 341
39 201 252
57 262 403
128 357 439
169 314 378
50 108 178
43 169 401
168 357 439
8 167 357
43 168 172
43 169 172
168 172 439
8 15 357
15 128 403
46 156 200
69 167 353
69 167 380
57 180 232
15 57 403
172 264 439
128 403 439
57 181 262
262 403 439
85 344 425
248 344 425
180 196 232
196 248 425
80 141 242
196 242 425
37 242 388
37 80 317
37 80 242
120 397 437
71 150 390
150 331 386
27 192 194
68 223 437
53 92 194
53 397 437
17 92 194
17 55 92
55 223 392
37 68 437
187 334 392
46 187 282
68 223 392
37 68 317
180 196 422
141 242 422
265 358 433
237 263 338
82 184 338
82 237 372
55 184 392
99 182 266
182 409 438
55 184 338
209 263 338
82 237 338
28 79 138
253 374 438
182 253 438
104 193 445
28 79 294
28 138 294
56 225 243
101 142 217
36 56 410
56 138 243
209 263 410
149 245 342
84 149 245
142 217 250
101 149 342
152 245 308
36 114 149
217 250 396
204 226 371
102 204 414
127 226 367
36 112 114
101 114 149
117 276 353
46 276 358
102 204 277
0 69 353
112 226 277
204 371 414
226 367 371
204 226 277
0 117 353
108 151 178
66 151 376
108 151 376
50 108 311
24 314 378
178 380 401
151 178 380
108 311 376
50 178 378
7 62 411
24 34 378
169 261 314
78 335 343
7 62 175
7 86 157
7 86 411
48 142 250
152 322 330
48 275 330
176 183 312
64 134 432
126 186 284
126 134 220
7 78 335
78 312 343
220 335 449
131 335 343
154 261 339
131 220 335
7 175 335
47 247 361
186 441 449
154 247 449
254 303 447
47 313 361
116 118 303
73 254 260
73 254 333
47 260 313
254 260 313
18 219 429
18 207 219
18 207 292
18 292 447
18 59 447
118 303 447
116 118 186
254 303 313
303 313 361
126 220 441
220 441 449
118 186 284
64 126 284
126 186 441
222 302 332
83 165 415
20 146 222
238 255 320
40 207 351
148 229 351
190 239 384
40 198 429
40 105 198
16 67 327
105 146 384
40 105 146
20 215 384
90 163 241
105 239 384
90 190 387
6 23 106
90 190 215
90 215 241
20 215 241
106 299 347
23 97 163
20 165 241
20 146 384
115 203 415
6 12 304
100 288 445
137 297 398
91 297 445
193 340 445
84 225 296
3 100 288
115 137 271
205 323 364
3 100 364
328 375 432
278 322 328
206 322 328
278 322 330
275 278 330
84 245 296
152 245 342
193 296 340
245 296 308
100 205 340
193 225 296
96 205 340
296 308 340
288 297 445
104 267 443
29 243 443
124 267 443
110 366 370
42 70 391
174 402 408
119 135 431
42 366 370
42 293 366
45 110 158
119 135 366
110 119 366
158 173 430
363 419 431
30 158 442
30 119 431
158 430 442
110 119 158
45 110 400
91 124 267
91 227 400
137 271 398
218 430 442
271 398 421
11 109 430
109 244 430
244 404 427
12 33 404
33 224 299
33 299 304
73 107 198
327 347 394
299 347 394
121 224 240
121 299 394
109 224 244
121 224 299
21 170 309
16 121 240
16 67 399
16 240 399
22 170 309
109 224 240
240 309 399
240 309 389
11 60 197
22 309 389
11 109 389
109 240 389
30 326 442
11 197 218
197 218 381
256 356 381
218 316 326
235 283 355
208 256 316
177 195 273
195 208 273
208 256 273
22 60 170
60 170 356
21 309 399
170 188 283
170 283 356
188 235 287
19 355 444
188 235 283
155 235 287
350 382 405
155 350 423
25 336 417
98 155 423
153 233 310
98 155 235
98 235 355
19 177 283
153 233 444
44 72 349
25 213 417
213 269 420
19 230 336
230 336 417
208 395 435
256 316 381
218 316 381
218 326 442
208 316 326
30 93 431
195 208 435
160 195 420
160 349 435
93 363 431
93 395 435
305 363 419
166 231 406
44 75 448
305 406 419
189 349 435
75 189 305
44 75 189
75 306 448
44 140 448
310 345 416
13 132 436
140 345 412
132 236 393
54 132 236
54 236 412
252 379 393
14 201 252
39 379 416
39 252 379
159 202 337
63 202 272
63 159 202
132 210 393
74 136 214
49 74 136
74 258 428
159 210 426
132 210 436
329 337 426
159 337 426
166 306 406
13 231 368
13 368 440
35 129 298
35 81 413
221 318 346
221 346 424
4 29 221
29 221 424
29 243 259
4 162 216
4 221 318
31 291 377
129 162 377
103 143 216
99 182 409
31 274 409
65 144 281
136 179 279
144 281 369
94 185 369
10 315 321
185 321 369
10 144 321
10 77 144
144 321 369
65 266 446
65 99 266
2 182 266
246 325 407
77 246 325
192 194 407
77 144 325
32 61 285
130 192 246
192 246 407
27 130 386
150 268 390
249 268 390
61 130 386
10 77 285
61 130 285
280 390 425
249 280 390
111 307 385
111 123 385
52 111 307
113 295 341
113 125 352
113 352 434
145 185 321
145 315 321
49 94 234
125 258 352
147 258 337
258 352 428
113 307 341
122 307 341
52 113 307
122 307 319
122 251 270
122 301 319
39 58 286
39 58 416
58 211 301
58 286 301
211 301 319
120 388 437
388 390 425
311 371 376
371 376 414
265 365 410
293 359 402
174 359 402
187 358 392
358 392 433
357 380 401
211 319 418
78 312 396
72 310 349
200 300 353
35 298 413
99 291 409
281 291 369
129 291 298
52 289 434
257 289 434
287 382 399
74 329 368
155 287 350
278 362 432
265 276 365
117 276 365
176 275 396
48 275 396
273 283 356
125 258 295
10 257 285
32 257 285
255 360 375
167 357 380
255 348 375
238 255 348
255 320 332
253 374 410
257 315 434
244 373 427
191 275 362
236 345 416
234 352 428
231 359 406
134 220 343
143 216 377
216 243 259
138 216 243
213 230 269
212 348 375
212 328 375
83 212 238
212 238 348
10 257 315
1 210 440
206 212 328
147 202 295
37 388 437
202 251 270
73 198 333
198 333 429
195 269 420
177 195 269
53 194 386
193 225 243
31 291 409
179 291 369
261 314 411
186 247 449
270 286 301
184 372 433
184 392 433
183 362 383
181 196 344
181 196 232
179 279 291
19 177 230
176 191 275
176 183 191
266 325 446
174 368 408
174 231 368
167 300 353
173 398 421
26 173 398
95 171 290
60 197 356
87 171 290
287 350 382
170 188 287
21 170 287
169 178 378
168 357 401
43 168 401
165 320 332
20 165 222
278 328 432
165 222 302
79 374 410
4 162 318
2 266 325
2 161 253
161 209 253
270 272 286
160 349 420
154 335 339
154 335 449
169 178 401
247 303 361
141 187 282
115 137 199
3 137 199
135 419 431
134 312 343
24 86 314
49 74 428
174 231 359
11 60 389
56 79 138
53 71 397
56 79 410
176 312 396
48 330 342
50 76 371
50 311 371
36 56 149
150 268 386
50 86 157
54 306 448
213 349 420
3 323 364
75 306 406
85 87 290
206 212 323
48 101 342
31 143 274
47 73 260
81 162 318
61 268 386
96 152 308
135 359 419
53 92 223
197 356 381
42 402 413
42 293 402
42 346 424
42 346 413
145 234 352
51 214 368
44 140 345
44 72 345
103 143 274
19 153 444
164 284 447
41 73 89
59 333 447
56 84 149
141 282 422
12 97 373
35 129 162
24 34 86
111 123 280
62 175 261
152 330 342
173 271 421
32 139 280
32 61 268
93 189 435
71 120 390
94 145 234
34 50 86
227 370 391
22 60 389
87 262 439
1 210 426
47 154 247
94 179 369
64 375 432
141 187 334
161 325 407
134 183 312
41 47 154
0 66 151
244 373 430
17 161 407
228 367 396
86 314 411
19 153 336
98 355 444
134 183 432
8 57 88
213 230 417
135 293 359
5 350 423
1 329 426
136 214 298
14 39 272
32 249 268
136 279 298
3 288 297
106 107 387
5 350 405
14 63 272
116 247 303
3 137 297
26 45 91
207 219 429
0 376 414
183 383 432
116 186 247
79 274 294
236 345 412
35 81 162
165 241 415
26 91 398
0 69 151
0 66 376
46 200 276
21 287 399
77 130 246
282 324 422
96 152 322
9 307 385
97 241 415
76 228 367
81 318 346
162 216 377
6 299 304
111 280 289
42 70 424
25 153 310
8 15 57
14 39 201
254 333 447
42 370 391
41 47 73
164 255 360
213 310 349
53 223 437
32 249 280
200 276 353
23 106 387
54 140 412
32 139 257
5 98 233
51 368 408
62 261 411
50 76 157
23 90 163
120 388 390
17 161 354
13 166 306
217 367 396
39 272 286
175 335 339
183 191 362
25 153 336
147 258 295
64 360 375
202 251 295
85 87 262
210 436 440
93 189 305
26 158 173
237 263 265
51 298 408
29 124 424
298 408 413
29 124 443
36 112 410
27 194 386
145 352 434
65 325 446
209 253 410
67 107 405
67 327 347
67 107 347
67 382 399
67 382 405
70 124 391
2 161 325
91 124 227
96 206 322
71 120 397
91 104 445
122 270 301
74 329 337
74 258 337
26 45 158
75 305 406
1 329 368
76 78 396
76 228 396
77 130 285
121 327 394
53 331 386
3 199 323
5 98 423
79 274 374
112 365 410
81 346 413
83 238 320
104 243 443
83 199 323
83 212 323
114 127 217
49 234 428
85 181 262
124 227 391
88 156 324
87 171 264
87 264 439
70 124 424
177 230 269
13 54 306
88 156 200
94 145 185
97 203 373
8 88 167
88 167 300
6 106 299
88 324 422
9 307 319
88 180 422
112 114 226
91 104 267
94 136 179
165 302 332
30 93 326
93 305 363
93 326 395
96 206 323
53 71 331
96 205 323
48 101 142
145 315 434
40 207 429
202 270 272
98 233 444
76 367 371
156 282 324
38 255 332
131 220 343
279 291 298
237 265 433
115 271 373
102 277 365
102 117 365
164 284 360
103 138 294
103 138 216
275 278 362
54 140 448
104 193 243
173 271 373
83 165 320
2 182 253
106 107 347
107 190 387
175 261 339
107 190 239
101 114 217
110 227 370
85 181 344
110 227 400
177 273 283
52 111 289
114 127 226
9 133 319
115 203 373
16 121 327
23 90 387
65 144 325
133 319 418
123 133 385
9 133 385
