24 86 411
78 228 396
69 151 380
103 274 294
46 187 358
88 200 300
71 150 331
112 277 365
83 199 415
127 217 367
141 156 422
0 102 414
90 163 387
62 314 411
191 275 278
33 224 404
38 148 292
38 164 447
101 114 127
97 203 415
97 163 241
16 121 394
12 373 404
208 326 395
49 94 136
58 211 416
99 281 291
17 354 407
31 99 291
52 113 434
1 368 440
139 280 289
171 172 264
46 200 353
15 128 357
8 88 300
57 88 180
180 324 422
80 317 334
71 390 397
8 15 88
57 181 232
68 317 334
161 209 354
79 138 410
237 372 433
209 338 354
112 265 365
82 184 372
117 265 276
46 156 282
265 276 358
311 371 414
66 69 151
34 50 378
176 183 275
362 383 432
48 250 396
7 76 78
38 292 447
95 169 171
118 284 447
207 229 351
105 107 198
64 284 360
64 126 134
191 362 383
38 148 332
6 106 304
146 222 351
105 107 239
212 323 328
38 164 255
164 360 447
191 278 362
206 323 328
96 308 340
100 205 364
91 297 398
79 209 374
6 12 23
3 115 137
12 23 97
115 199 415
107 239 387
107 347 387
73 89 107
224 244 404
373 404 427
13 166 231
256 273 356
14 252 393
19 230 269
30 119 158
160 213 349
135 293 366
11 218 430
359 406 419
160 195 435
305 306 406
25 213 310
54 306 412
236 379 416
9 319 385
74 214 368
1 210 436
1 74 368
402 408 413
4 29 259
56 138 410
4 216 259
56 84 225
274 374 438
274 294 374
179 281 369
31 143 377
274 409 438
145 185 234
139 257 289
55 92 223
113 125 295
147 202 337
13 436 440
251 295 341
39 201 252
52 123 289
85 262 290
128 357 439
169 314 378
50 108 178
43 169 401
168 357 439
43 168 172
168 172 439
8 15 357
15 128 403
46 156 200
69 167 353
69 167 380
8 167 300
57 180 232
120 388 425
87 262 290
172 264 439
128 403 439
262 403 439
181 232 344
85 344 425
248 344 425
180 196 232
196 248 425
37 242 388
37 80 317
37 80 242
120 390 425
120 397 437
71 150 390
10 32 285
150 331 386
27 192 194
120 390 397
71 331 397
68 223 437
53 331 397
53 92 194
53 397 437
17 55 92
55 223 392
187 392 433
187 282 334
46 187 282
68 223 392
37 68 317
156 324 422
141 156 282
88 180 324
187 358 433
372 392 433
117 265 365
79 209 410
237 263 338
82 184 338
82 237 372
184 372 392
55 184 392
99 182 266
182 409 438
209 253 374
31 99 409
82 237 338
79 294 374
28 79 138
253 374 438
182 253 438
104 193 445
28 79 294
28 138 294
36 56 410
142 217 250
101 149 342
152 245 308
36 114 149
76 228 371
102 204 414
217 228 367
127 226 367
36 112 114
101 114 149
46 276 353
117 276 353
46 276 358
102 204 277
0 69 353
226 367 371
0 66 69
108 151 178
167 380 401
66 151 376
108 151 376
50 108 311
24 314 378
178 380 401
151 178 380
108 311 376
311 376 414
50 178 378
24 314 411
24 34 378
62 261 314
169 261 314
62 175 339
62 261 339
7 86 411
228 367 371
48 142 250
48 275 330
183 191 275
76 78 228
131 134 343
176 183 312
212 328 348
64 134 432
328 362 432
183 191 383
126 186 284
78 312 343
131 335 343
154 261 339
131 220 335
7 175 335
154 247 449
47 313 361
116 247 361
116 118 303
41 154 247
73 254 260
73 89 260
73 333 429
73 254 333
47 260 313
254 260 313
116 303 361
59 254 333
18 207 219
18 207 292
284 360 447
18 292 447
64 360 432
116 118 186
254 303 313
303 313 361
118 186 284
64 126 284
83 165 415
238 255 320
148 229 351
73 198 429
40 198 429
40 105 198
105 146 384
40 105 146
20 215 384
90 163 241
105 239 384
190 239 387
90 190 387
6 23 106
20 215 241
106 299 347
106 163 387
23 106 163
23 97 163
20 165 241
115 203 415
106 299 304
6 12 304
100 288 445
137 297 398
84 225 296
3 115 199
205 323 364
328 348 375
360 375 432
278 328 362
205 206 323
328 375 432
96 205 206
48 152 342
275 278 330
152 308 322
48 152 330
84 245 296
152 245 342
193 296 340
100 205 340
193 225 296
96 205 340
288 297 445
104 267 443
29 243 443
293 402 413
174 402 408
42 293 413
119 135 431
42 366 370
42 293 366
45 110 158
45 158 173
158 173 430
363 419 431
30 158 442
30 119 431
158 430 442
110 119 158
45 110 400
227 370 400
26 45 173
218 430 442
271 398 421
11 109 430
373 427 430
109 244 430
244 427 430
244 404 427
12 33 404
33 224 299
107 327 347
106 347 387
73 107 198
107 382 405
327 347 394
299 347 394
121 299 394
109 224 244
121 224 299
16 327 394
67 107 327
109 224 240
240 309 389
11 109 389
109 240 389
30 326 442
11 197 218
197 218 381
256 356 381
208 256 316
208 256 273
22 60 170
60 170 356
21 309 399
21 170 188
21 188 287
170 188 283
170 283 356
188 235 287
188 235 283
155 235 287
350 382 405
350 405 423
25 336 417
5 405 423
5 233 423
153 233 310
98 233 423
98 155 235
19 336 444
19 177 283
153 336 444
153 233 444
19 177 269
25 213 417
213 269 420
19 230 336
230 336 417
256 316 381
218 316 381
208 316 326
93 363 435
160 349 435
93 363 431
93 395 435
305 363 419
166 231 406
140 306 448
75 305 306
305 406 419
75 189 305
72 140 345
75 306 448
54 236 412
252 379 393
14 63 201
39 63 201
14 201 252
39 379 416
39 252 379
39 63 272
132 210 393
94 185 234
1 74 329
132 210 436
329 337 426
166 306 406
1 436 440
174 231 408
231 368 408
35 129 298
35 81 413
221 318 346
346 413 424
221 346 424
138 243 259
29 243 259
138 216 259
4 162 216
103 143 216
31 103 143
99 182 409
35 81 129
145 352 428
94 185 369
10 315 321
185 321 369
10 144 321
10 77 144
144 321 369
2 182 266
246 325 407
161 354 407
77 246 325
192 194 407
77 144 325
2 325 446
32 61 285
192 246 407
150 268 390
249 268 390
32 61 249
10 77 285
61 249 268
10 257 434
280 390 425
52 111 123
249 280 390
111 123 385
123 280 289
113 295 341
113 125 352
10 315 434
113 352 434
145 185 321
145 315 321
49 94 234
145 234 428
147 258 337
113 307 341
122 307 319
122 251 270
122 270 286
39 58 286
39 58 416
58 211 301
58 286 301
211 301 319
173 421 430
210 393 426
120 388 437
133 385 418
110 366 400
293 359 402
174 359 402
209 338 410
258 337 428
220 335 441
335 441 449
16 327 399
211 319 418
218 316 442
316 326 442
78 312 396
72 310 349
222 302 351
200 300 353
35 298 413
129 291 298
52 289 434
257 289 434
287 382 399
155 287 350
286 301 319
61 285 386
283 355 444
176 275 396
48 275 396
273 283 356
271 421 430
65 266 281
125 258 295
255 360 375
255 348 375
238 255 348
255 320 332
245 296 340
237 263 358
132 236 436
236 345 416
231 368 440
13 231 440
231 359 406
217 228 250
226 371 414
146 222 384
59 219 333
302 332 351
143 216 377
263 265 358
190 215 239
213 230 269
83 212 238
212 238 348
206 278 328
159 202 426
147 202 295
202 251 270
9 319 418
196 242 388
195 269 420
196 388 425
177 195 269
160 195 213
195 213 420
194 331 386
193 225 243
27 192 386
130 192 386
190 215 241
75 189 448
44 189 448
189 305 363
186 247 441
126 186 220
184 338 354
57 181 403
180 242 422
179 279 291
136 179 214
177 195 208
62 175 411
7 175 411
167 300 353
173 398 421
186 220 441
26 173 398
95 171 290
60 197 356
87 171 290
287 350 382
169 178 378
168 357 401
43 168 401
165 320 332
20 165 222
165 222 302
247 441 449
237 358 433
232 248 344
4 162 318
2 161 253
161 209 253
159 202 272
270 272 286
154 335 339
154 335 449
152 278 322
169 178 401
152 278 330
148 207 229
148 207 292
100 288 364
135 419 431
134 312 343
49 74 428
174 231 359
98 283 355
179 281 291
42 70 370
366 370 400
18 59 219
176 312 396
12 33 299
50 76 371
195 395 435
72 345 416
51 214 279
11 22 309
72 189 349
50 311 371
43 171 172
36 56 149
150 268 386
15 88 403
50 86 157
72 140 448
49 74 214
3 323 364
48 101 342
2 65 266
271 373 430
53 194 331
81 162 318
112 204 277
61 268 386
135 359 419
53 92 223
197 356 381
16 121 224
177 208 273
51 214 368
80 282 334
84 245 342
41 47 260
125 352 428
49 136 214
56 84 149
12 97 373
81 162 377
24 34 86
80 141 422
43 169 171
84 149 342
51 279 298
42 413 424
32 139 280
41 89 260
263 338 410
196 232 248
31 129 291
29 221 318
9 385 418
34 50 86
227 370 391
138 225 243
87 262 439
1 210 426
13 236 436
306 345 412
10 32 257
94 179 369
130 285 386
161 325 407
21 22 170
134 183 312
31 129 377
40 146 207
8 357 401
98 355 444
134 183 432
111 113 307
213 230 417
18 59 254
30 326 431
135 293 359
1 329 426
18 254 447
111 307 319
228 250 396
3 288 297
17 184 354
65 144 369
159 393 426
3 137 297
26 45 91
207 219 429
0 376 414
183 383 432
116 186 247
236 345 412
11 309 389
7 335 343
17 55 184
7 78 343
165 241 415
21 22 309
26 91 398
0 66 376
45 227 400
21 287 399
45 91 227
97 241 415
90 190 241
63 159 393
81 318 346
162 216 377
41 247 361
42 70 424
245 308 340
25 153 310
76 86 157
67 107 382
4 29 318
93 326 431
164 255 360
213 310 349
53 223 437
126 131 220
32 249 280
16 224 240
101 127 142
132 236 379
16 309 399
202 337 426
32 139 257
63 159 272
103 274 409
51 368 408
251 307 341
22 60 197
50 76 157
349 363 435
126 131 134
140 306 345
13 166 306
39 272 286
175 335 339
25 153 336
189 349 363
147 258 295
81 129 377
96 308 322
202 251 295
11 22 197
67 327 399
195 208 395
215 239 384
8 167 401
51 298 408
115 137 398
3 288 364
298 408 413
12 299 304
29 124 443
36 112 410
27 194 386
41 47 361
145 352 434
65 325 446
92 194 407
67 382 399
122 286 319
68 187 392
99 266 281
70 124 391
2 161 325
91 124 227
70 370 391
96 206 322
44 72 189
204 226 414
74 329 337
74 337 428
20 222 384
77 130 285
219 333 429
80 242 422
77 130 192
91 267 443
3 199 323
68 187 334
118 254 303
80 141 282
81 346 413
83 238 320
37 68 388
77 192 246
104 243 443
83 199 323
83 212 323
181 262 403
49 234 428
2 65 446
85 181 262
124 227 391
88 156 324
7 76 86
122 251 307
124 221 424
87 171 264
68 388 437
87 264 439
70 124 424
13 54 306
88 156 200
180 196 242
97 203 373
72 310 416
179 214 279
112 114 226
94 136 179
165 302 332
91 124 443
17 92 407
93 326 395
206 278 322
98 155 350
65 281 369
48 101 142
148 332 351
145 315 434
98 235 283
98 350 423
40 207 429
202 270 272
98 233 444
111 319 385
100 193 445
38 255 332
100 193 340
102 117 353
91 267 297
56 138 225
115 271 398
279 291 298
0 102 353
115 271 373
102 277 365
13 54 236
102 117 365
103 138 294
103 138 216
31 103 409
104 193 243
83 165 320
104 297 445
16 240 309
104 267 297
2 182 253
14 63 393
19 283 444
110 119 135
85 181 344
177 273 283
52 111 113
112 204 226
146 207 351
112 263 410
110 135 366
114 127 226
115 203 373
118 254 447
29 124 221
125 258 428
112 263 265
65 144 325
57 88 403
127 142 217
132 379 393
44 72 448
123 133 385
