24 86 411
78 228 396
69 151 380
103 274 294
61 150 386
46 187 358
88 200 300
71 150 331
112 277 365
83 199 415
127 217 367
141 156 422
0 102 414
20 165 302
33 224 404
38 148 292
38 164 447
101 114 127
97 203 415
97 163 241
40 146 351
44 72 140
12 373 404
208 326 395
49 94 136
58 211 416
236 379 393
99 281 291
27 130 192
52 113 434
159 210 393
1 368 440
139 280 289
171 172 264
46 200 353
95 171 264
57 88 180
85 262 344
80 317 334
71 390 397
92 223 437
8 15 88
57 181 232
68 317 334
263 265 410
161 209 354
101 127 217
237 372 433
209 338 354
82 184 372
0 102 117
46 156 282
68 334 392
167 200 353
265 276 358
43 357 401
34 50 378
48 176 396
48 250 396
7 76 78
175 335 449
38 292 447
95 169 171
118 284 447
207 229 351
105 107 198
64 126 134
38 148 332
6 106 304
146 222 351
105 107 239
20 222 302
212 323 328
83 199 212
38 164 255
100 340 445
206 323 328
100 205 364
91 297 398
115 203 271
3 115 137
190 215 384
107 239 387
73 89 107
12 33 304
224 244 404
373 404 427
13 166 231
67 107 399
345 412 416
14 252 393
19 230 269
30 119 158
135 293 366
359 406 419
160 195 435
140 306 412
25 213 310
54 306 412
236 379 416
9 319 385
74 214 368
124 391 424
54 166 306
44 189 349
402 408 413
174 293 359
4 29 259
56 138 410
4 216 259
51 214 298
42 70 413
179 281 369
279 281 291
31 143 377
274 409 438
139 257 289
55 92 223
113 125 295
147 202 337
13 436 440
202 251 272
39 201 252
57 262 403
181 262 344
87 95 264
87 262 264
87 95 290
169 314 378
178 378 401
43 168 357
43 169 401
8 167 357
43 168 172
168 172 439
8 15 357
15 128 403
15 57 88
46 156 200
69 167 353
69 167 380
167 200 300
57 180 232
15 57 403
172 264 439
128 403 439
57 181 262
181 232 344
85 344 425
248 344 425
180 196 232
196 248 425
80 141 242
37 80 317
120 397 437
37 120 388
71 150 390
10 32 285
150 331 386
27 192 194
120 390 397
71 331 397
68 223 437
53 331 397
53 92 194
53 397 437
17 55 92
53 92 437
55 223 392
187 392 433
187 334 392
187 282 334
46 187 282
68 223 392
37 68 317
156 324 422
141 156 282
141 242 422
187 358 433
372 392 433
265 358 433
79 209 410
263 265 433
237 263 433
82 184 338
82 237 372
184 372 392
55 184 392
99 182 266
2 161 209
82 237 338
253 374 438
104 193 445
225 243 443
104 225 443
101 142 217
36 56 410
209 263 410
142 217 250
101 149 342
152 245 308
36 114 149
76 228 371
204 226 371
102 204 414
217 228 367
127 226 367
36 112 114
101 114 149
46 276 353
117 276 353
46 276 358
102 204 277
0 69 353
112 226 277
226 367 371
204 226 277
0 66 414
66 376 414
0 117 353
108 151 178
66 151 376
34 50 157
108 151 376
50 108 311
24 314 378
169 378 401
108 311 376
311 376 414
7 62 411
24 314 411
24 34 378
169 261 314
62 175 339
62 261 339
7 62 175
7 86 411
228 367 371
78 176 396
48 142 250
152 322 330
48 176 275
48 275 330
78 176 312
76 78 228
176 183 312
212 328 348
64 134 432
183 191 383
126 186 284
126 134 220
78 312 343
131 335 343
154 261 339
131 220 335
7 175 335
175 339 449
47 247 361
154 339 449
186 441 449
154 247 449
116 247 449
254 303 447
47 313 361
116 247 361
116 118 303
73 333 429
47 260 313
254 260 313
116 303 361
18 207 219
18 207 292
18 292 447
18 59 447
238 348 375
118 303 447
126 220 441
116 186 449
126 186 441
238 255 375
83 165 415
20 146 222
238 255 320
40 207 351
148 229 351
190 239 384
73 198 429
40 198 429
105 146 384
20 215 384
105 239 384
190 239 387
90 190 387
6 23 106
20 215 241
106 163 387
23 106 163
23 97 163
20 165 241
20 146 384
199 212 323
203 271 373
6 12 304
137 297 398
91 297 445
193 340 445
84 225 296
3 100 288
3 115 199
115 137 271
3 100 364
328 348 375
328 375 432
96 205 206
278 322 330
275 278 330
101 142 342
48 142 342
84 245 296
152 245 342
193 296 340
245 296 308
100 205 340
193 225 296
296 308 340
104 267 443
104 193 225
29 243 443
91 227 391
110 366 370
42 70 391
293 402 413
70 391 424
70 413 424
42 293 413
174 293 402
119 135 431
42 366 370
42 293 366
45 110 158
30 158 442
30 119 431
110 119 158
45 110 400
26 45 398
110 370 400
91 124 391
227 370 400
91 227 400
137 271 398
218 430 442
271 398 421
11 109 430
109 244 430
244 404 427
12 33 404
33 224 299
33 299 304
107 327 347
73 107 198
107 382 405
327 347 394
299 347 394
121 224 240
121 299 394
109 224 244
121 224 299
21 170 309
67 107 327
16 121 240
107 382 399
22 170 309
109 224 240
240 309 389
11 109 389
109 240 389
30 326 442
197 218 381
218 316 326
235 283 355
208 256 316
177 269 420
177 195 273
195 208 273
208 256 273
22 60 170
60 170 356
21 309 399
21 170 188
21 188 287
170 188 283
170 283 356
188 235 287
188 235 283
155 287 382
155 235 287
25 336 417
153 233 310
98 155 235
98 233 355
98 235 355
19 177 283
233 355 444
153 233 444
19 177 269
44 72 349
213 269 420
19 230 336
230 269 417
230 336 417
256 316 381
218 316 381
218 326 442
208 316 326
160 195 420
177 195 420
93 363 435
160 349 435
93 363 431
93 395 435
305 363 419
166 231 406
140 306 448
305 406 419
75 189 305
72 140 345
75 306 448
44 140 448
122 286 301
140 345 412
132 236 393
236 412 416
252 379 393
14 201 252
39 252 379
63 202 272
63 159 202
132 210 393
125 147 295
136 179 369
159 210 426
132 210 436
329 337 426
13 54 166
166 306 406
13 231 368
13 368 440
214 368 408
231 368 408
35 129 298
35 81 413
221 318 346
346 413 424
221 346 424
4 29 221
138 243 259
29 243 259
138 216 259
143 162 377
4 162 216
4 221 318
129 162 377
103 216 294
99 182 409
65 144 281
179 279 281
51 214 408
214 279 298
144 281 369
145 352 428
185 321 369
2 325 407
10 77 144
144 321 369
2 161 407
2 182 266
246 325 407
77 246 325
192 194 407
2 325 446
32 61 285
130 192 246
192 246 407
61 150 268
27 130 386
150 268 390
249 268 390
61 130 386
32 61 249
10 77 285
61 249 268
61 130 285
52 257 289
280 390 425
249 280 390
125 147 258
111 123 385
123 280 289
52 111 307
113 295 341
52 257 434
315 352 434
145 315 352
49 94 234
145 234 428
147 258 337
113 307 341
122 307 341
52 113 307
122 307 319
122 251 270
122 301 319
122 270 286
39 58 286
39 270 286
58 211 301
9 211 319
58 286 301
211 301 319
9 211 418
54 412 436
91 398 400
45 398 400
388 390 425
133 385 418
265 365 410
357 380 401
258 337 428
220 335 441
335 441 449
16 327 399
72 310 349
222 302 351
35 298 413
294 374 438
99 291 409
129 291 298
287 382 399
74 329 368
278 362 432
265 276 365
117 276 365
283 355 444
256 273 381
273 283 356
65 266 281
262 264 403
264 403 439
73 260 333
255 360 375
167 357 380
255 320 332
254 313 361
254 303 361
257 315 434
244 373 427
132 236 436
191 275 362
231 359 406
217 228 250
134 220 343
59 219 333
302 332 351
253 409 438
83 212 238
212 238 348
10 257 315
1 210 440
209 237 263
209 237 338
205 206 364
206 323 364
206 278 328
205 308 340
204 311 414
159 202 426
147 202 295
39 201 272
115 199 203
199 203 415
11 197 430
196 242 388
196 388 425
194 331 386
31 291 409
191 362 432
191 383 432
190 215 241
75 189 448
44 189 448
261 314 411
189 305 363
185 315 321
184 338 354
180 242 422
274 294 438
136 179 214
176 191 275
176 183 191
158 173 442
173 398 421
26 173 398
173 271 430
60 197 356
165 320 332
278 328 432
232 248 344
4 162 318
160 349 420
151 178 401
151 380 401
148 207 229
148 207 292
40 146 198
106 304 347
136 185 369
134 312 343
65 77 144
49 74 428
174 231 359
182 253 409
31 143 409
58 379 416
145 185 315
18 59 219
48 330 342
50 76 371
195 395 435
72 345 416
11 22 309
50 311 371
96 205 308
43 171 172
213 349 420
49 74 214
3 323 364
75 306 406
85 87 290
2 65 266
271 373 430
53 194 331
37 80 388
81 162 318
96 152 308
197 356 381
80 282 334
84 245 342
41 47 260
125 352 428
19 153 444
39 251 272
39 251 270
164 284 447
49 136 214
41 73 89
59 333 447
12 97 373
35 129 162
24 34 86
144 315 321
43 169 171
84 149 342
152 330 342
173 271 421
32 139 280
94 145 234
196 232 248
31 129 291
9 385 418
227 370 391
138 225 243
1 210 426
47 154 247
10 32 257
173 430 442
64 375 432
134 183 312
41 47 154
0 66 151
28 79 374
31 129 377
6 23 97
244 373 430
174 231 402
17 161 407
254 260 333
19 153 336
134 183 432
6 12 97
79 253 374
30 326 431
135 293 359
5 350 423
1 329 426
111 307 319
228 250 396
3 288 297
106 107 387
17 184 354
128 168 439
5 350 405
100 288 297
14 63 272
3 137 297
15 168 357
207 219 429
65 77 325
183 383 432
68 120 437
155 382 405
100 297 445
11 309 389
35 81 162
7 335 343
17 55 184
7 78 343
165 241 415
0 69 151
21 287 399
77 130 246
204 311 371
2 209 253
41 73 260
197 218 430
96 152 322
15 128 168
97 241 415
90 190 241
63 159 393
81 318 346
39 58 379
25 153 310
124 221 443
76 86 157
254 333 447
90 241 387
36 149 225
42 370 391
93 326 431
299 304 347
164 255 360
28 216 294
103 143 409
213 310 349
32 249 280
273 356 381
16 309 399
103 162 216
202 337 426
32 139 257
103 274 409
5 98 233
62 261 411
22 60 197
50 76 157
120 388 390
17 161 354
349 363 435
36 56 225
28 138 216
25 153 336
189 349 363
64 360 375
25 213 269
202 251 295
85 87 262
11 22 197
67 327 399
210 436 440
25 269 417
195 208 395
26 158 173
28 294 374
51 298 408
28 79 410
50 108 378
28 138 410
298 408 413
34 86 157
14 201 272
36 112 410
27 194 386
13 54 436
65 325 446
155 350 405
236 412 436
92 194 407
122 251 295
37 68 120
99 266 281
96 206 322
91 104 445
74 329 337
26 45 158
74 337 428
75 305 406
1 329 368
359 363 419
77 130 285
219 333 429
121 327 394
79 209 253
91 267 443
3 199 323
5 98 423
112 365 410
359 363 431
80 141 282
80 242 388
113 125 434
81 346 413
83 238 320
231 402 408
49 234 428
2 65 446
88 156 324
7 76 86
124 221 424
135 359 431
88 156 200
180 196 242
94 145 185
97 203 373
8 88 167
88 167 300
72 310 416
88 324 422
88 180 422
179 214 279
112 114 226
91 104 267
165 302 332
91 124 443
64 126 360
17 92 407
93 326 395
206 278 322
98 155 350
148 332 351
98 350 423
40 207 429
111 319 385
38 255 332
131 220 343
56 138 225
279 291 298
102 277 365
102 117 365
164 284 360
275 278 362
103 143 162
122 295 341
83 165 320
16 240 309
2 182 253
84 149 225
106 107 347
29 221 443
105 146 198
14 63 393
108 178 378
19 283 444
110 119 135
177 273 283
111 123 289
94 136 185
110 135 366
52 111 289
114 127 226
116 118 284
10 144 315
116 186 284
16 121 327
125 258 428
125 352 434
126 284 360
163 241 387
123 133 385
