24 86 411
69 151 380
103 274 294
65 144 446
61 150 386
46 187 358
17 55 354
71 150 331
112 277 365
83 199 415
127 217 367
90 163 387
59 333 429
33 224 404
38 148 292
45 91 400
97 203 415
97 163 241
12 373 404
143 162 216
208 326 395
49 94 136
58 211 416
99 281 291
27 130 192
31 99 291
52 113 434
139 280 289
171 172 264
46 200 353
167 357 401
8 88 300
85 262 344
196 242 422
242 388 425
80 317 334
80 141 334
8 15 88
55 338 354
161 209 354
209 338 354
112 265 365
82 184 372
46 156 282
167 200 353
265 276 358
311 371 414
66 69 151
169 171 172
7 76 157
34 50 378
157 311 371
362 383 432
48 250 396
7 76 78
175 335 449
38 292 447
95 169 171
118 284 447
207 229 351
18 59 429
105 107 198
64 126 134
191 362 383
38 148 332
6 106 304
146 222 351
105 107 239
148 222 351
302 320 332
148 222 332
83 238 348
83 199 212
38 164 255
38 255 320
191 278 362
96 308 340
100 205 364
3 137 288
12 203 373
91 297 398
79 209 374
271 373 421
115 199 415
190 215 384
73 89 107
224 244 404
12 97 203
373 404 427
13 166 231
11 22 60
256 273 356
30 119 158
11 218 430
160 195 435
305 306 406
25 213 310
54 306 412
236 379 416
9 319 385
74 214 368
124 391 424
402 408 413
4 29 259
4 216 259
51 214 298
42 70 413
129 291 377
31 143 377
274 409 438
10 139 257
145 185 234
139 257 289
55 92 223
122 251 341
113 125 295
147 202 337
13 436 440
251 270 272
202 251 272
251 295 341
39 201 252
52 123 289
57 262 403
181 262 344
87 262 264
169 314 378
43 169 401
8 167 357
43 168 172
43 169 172
168 172 439
8 15 357
15 128 403
46 156 200
69 167 353
69 167 380
167 200 300
8 167 300
15 57 403
172 264 439
128 403 439
57 181 262
181 232 344
85 344 425
248 344 425
180 196 232
196 248 425
80 141 242
196 242 425
141 282 334
37 80 317
120 397 437
71 150 390
10 32 285
150 331 386
27 192 194
71 331 397
68 223 437
53 331 397
53 92 194
53 397 437
27 331 386
17 55 92
55 223 392
37 68 437
187 334 392
187 282 334
46 187 282
68 223 392
37 68 317
180 196 422
141 242 422
156 200 324
265 358 433
79 209 410
237 263 338
82 184 338
82 237 372
55 184 392
99 182 266
182 409 438
209 253 374
31 99 409
55 184 338
209 263 338
82 237 338
28 79 138
253 374 438
182 253 438
104 193 445
28 138 294
101 142 217
36 56 410
209 263 410
36 84 149
149 245 342
84 149 245
142 217 250
101 149 342
152 245 308
36 114 149
217 250 396
76 228 371
102 204 414
217 228 367
127 226 367
36 112 114
101 114 149
46 276 353
117 276 353
46 276 358
102 204 277
0 69 353
226 367 371
66 376 414
0 66 69
108 151 178
167 380 401
50 108 311
24 314 378
108 311 376
311 376 414
50 157 311
24 314 411
24 34 378
169 261 314
62 175 339
62 261 339
78 335 343
7 62 175
7 86 157
76 157 371
228 367 371
217 228 396
48 142 250
48 275 330
76 78 228
134 183 383
176 183 312
64 134 432
164 255 375
134 383 432
183 191 383
134 183 343
126 186 284
126 134 220
7 78 335
78 312 343
220 335 449
131 335 343
183 312 343
154 261 339
131 220 335
7 175 335
175 339 449
47 247 361
154 339 449
186 441 449
154 247 449
116 247 449
254 303 447
47 313 361
116 118 303
73 254 260
73 333 429
41 47 89
73 254 333
47 260 313
254 260 313
59 254 333
18 219 429
18 207 219
18 207 292
284 360 447
18 292 447
238 348 375
118 303 447
116 118 186
254 303 313
303 313 361
126 220 441
220 441 449
118 186 284
116 186 449
126 186 441
164 360 375
222 302 332
238 255 375
83 165 415
97 165 415
20 146 222
38 320 332
165 302 320
238 255 320
148 229 351
190 239 384
73 198 429
40 198 429
40 105 198
16 67 327
105 146 384
40 105 146
20 215 384
90 163 241
105 239 384
90 190 387
6 23 106
20 215 241
97 165 241
23 97 163
20 165 241
20 146 384
115 203 415
6 12 304
137 297 398
137 288 297
3 100 288
115 137 271
205 323 364
3 100 364
83 212 348
96 206 308
328 375 432
278 322 328
206 308 322
206 322 328
152 308 322
84 245 296
152 245 342
193 296 340
100 205 340
96 205 340
104 267 443
104 193 225
124 267 443
110 366 370
42 70 391
293 402 413
70 391 424
70 413 424
35 408 413
174 402 408
359 419 431
42 293 413
119 135 431
42 366 370
45 110 158
45 158 173
158 173 430
363 419 431
30 158 442
30 119 431
158 430 442
110 119 158
45 91 398
45 110 400
26 45 398
91 124 267
91 227 400
26 398 421
26 45 173
218 430 442
26 173 421
11 109 430
373 427 430
109 244 430
244 427 430
244 404 427
12 33 404
73 107 198
107 382 405
327 347 394
299 347 394
121 299 394
109 224 244
21 170 309
16 67 399
22 170 309
109 224 240
240 309 389
11 60 197
11 109 389
109 240 389
30 326 442
11 197 218
197 218 381
208 256 316
208 256 273
177 273 356
22 60 170
60 197 381
60 170 356
21 309 399
21 170 188
21 188 287
170 188 283
188 235 287
155 287 382
155 350 382
350 382 405
155 350 423
350 405 423
25 336 417
5 405 423
98 155 423
5 233 423
153 233 310
98 233 423
98 235 355
19 177 283
153 233 444
25 310 336
25 213 417
213 269 417
213 269 420
19 230 336
230 269 417
230 336 417
256 316 381
218 316 381
208 316 326
160 195 420
160 349 435
93 363 431
93 395 435
305 363 419
166 231 406
140 306 448
75 305 306
189 349 435
75 189 305
153 310 336
72 140 345
75 306 448
54 236 412
14 201 252
39 252 379
147 202 251
63 202 272
63 159 202
132 210 393
210 329 426
147 251 295
94 185 234
136 179 369
1 74 329
1 210 329
329 337 426
166 306 406
1 436 440
13 231 368
13 368 440
174 231 408
231 368 408
35 129 298
81 129 162
35 81 413
221 318 346
346 413 424
221 346 424
4 29 221
138 243 259
138 216 259
143 162 377
4 162 216
4 221 318
31 291 377
129 162 377
103 143 216
2 266 446
99 182 409
31 274 409
129 279 291
35 81 129
129 279 298
214 279 298
145 352 428
10 315 321
10 144 321
10 77 144
144 325 446
65 266 446
2 182 266
246 325 407
77 246 325
192 194 407
77 144 325
2 325 446
130 192 246
192 246 407
61 150 268
27 130 386
150 268 390
10 32 139
249 268 390
32 139 249
32 61 249
10 77 285
61 249 268
52 257 289
10 257 434
139 249 280
280 390 425
52 111 123
249 280 390
111 123 385
123 280 289
52 111 307
113 295 341
52 257 434
10 315 434
315 352 434
145 315 352
49 94 234
125 258 352
258 329 337
145 234 428
147 258 337
258 352 428
113 307 341
122 307 341
52 113 307
122 307 319
122 251 270
122 270 286
39 58 286
58 211 301
58 286 301
211 301 319
173 421 430
373 421 430
210 393 426
120 388 437
388 390 425
293 359 402
174 359 402
187 358 392
358 392 433
258 329 428
326 395 431
211 319 418
317 334 392
218 316 442
316 326 442
72 310 349
305 359 419
88 300 324
35 298 408
294 374 438
281 291 369
287 382 399
286 301 319
278 362 432
265 276 365
117 276 365
283 355 444
176 275 396
48 275 396
65 266 281
237 265 372
262 264 403
264 403 439
125 258 295
245 296 340
132 236 436
236 345 416
231 359 406
226 371 414
134 220 343
212 348 375
212 328 375
206 212 328
159 202 426
37 388 437
195 269 420
177 195 269
305 359 406
93 395 431
191 275 330
179 291 369
191 278 330
190 215 241
75 189 448
44 189 448
261 314 411
185 315 321
184 372 433
184 392 433
179 279 291
274 294 438
136 179 214
19 177 230
177 195 208
176 191 275
188 235 355
176 183 191
95 171 290
87 171 290
170 177 356
170 177 283
169 178 378
168 357 401
43 168 401
20 165 222
278 328 432
165 222 302
29 259 443
232 248 344
4 162 318
2 161 253
161 209 253
270 272 286
160 349 420
27 194 331
152 278 322
169 178 401
152 278 330
151 178 401
247 303 361
151 380 401
148 207 229
148 207 292
144 185 369
106 304 347
137 271 421
115 137 199
3 137 199
136 185 369
49 74 428
174 231 359
60 256 381
1 132 436
58 379 416
56 79 138
7 62 86
145 185 315
56 79 410
176 312 396
12 33 299
48 330 342
195 395 435
72 345 416
11 22 309
72 189 349
50 86 157
213 349 420
72 140 448
49 74 214
3 323 364
85 87 290
206 212 323
48 101 342
31 143 274
53 194 331
37 80 388
47 73 260
81 162 318
112 204 277
137 398 421
53 92 223
1 74 440
16 121 224
177 208 273
51 214 368
84 193 296
103 143 274
42 135 366
188 283 355
19 153 444
49 136 214
36 84 225
60 256 356
38 164 360
141 282 422
24 34 86
33 121 224
68 317 392
152 330 342
33 121 299
32 61 386
93 189 435
71 120 390
196 232 248
34 50 86
227 370 391
138 225 243
62 86 411
47 154 247
13 236 436
306 345 412
64 375 432
130 285 386
161 325 407
41 47 154
28 79 374
40 146 207
6 23 97
17 161 407
19 153 336
32 285 386
15 57 180
78 228 312
98 355 444
6 12 97
18 59 254
30 326 431
135 293 359
18 254 447
111 307 319
14 39 272
106 107 387
65 144 369
128 168 439
100 288 297
159 393 426
14 63 272
116 247 303
15 168 357
207 219 429
100 297 445
236 345 412
11 309 389
42 135 293
21 287 399
77 130 246
282 324 422
15 128 168
90 190 241
14 252 379
63 159 393
81 318 346
39 58 379
245 308 340
14 39 201
67 107 382
14 379 393
42 370 391
299 304 347
15 88 180
213 310 349
53 223 437
16 224 240
132 236 379
16 309 399
23 106 387
66 108 151
202 337 426
51 368 408
47 73 89
62 261 411
120 388 390
17 161 354
98 235 287
23 163 387
36 56 225
140 306 345
13 166 306
39 272 286
144 185 321
147 258 295
64 360 375
85 87 262
195 208 395
93 189 305
237 263 265
28 294 374
51 298 408
50 108 378
91 104 297
12 299 304
29 124 443
3 212 323
36 112 410
66 102 414
0 66 102
66 108 376
92 194 407
67 327 347
67 107 347
67 382 399
122 286 319
99 266 281
2 161 325
91 124 227
3 199 212
71 120 397
44 72 189
204 226 414
74 368 440
38 360 447
57 180 181
77 130 285
121 327 394
80 242 388
113 125 434
81 346 413
83 238 320
104 243 443
114 127 217
49 234 428
84 193 225
124 227 391
124 221 424
135 359 431
87 171 264
177 230 269
13 54 306
228 312 396
72 310 416
88 324 422
88 180 422
179 214 279
91 104 267
64 126 360
17 92 407
93 305 363
114 204 226
96 206 323
98 155 287
65 281 369
243 259 443
96 205 323
48 101 142
1 132 210
40 207 429
98 233 444
111 319 385
100 193 445
156 282 324
100 193 340
131 220 343
102 117 353
56 138 225
0 102 353
115 271 373
102 277 365
200 300 324
13 54 236
102 117 365
103 138 294
103 138 216
104 225 243
83 165 320
104 297 445
16 240 309
2 182 253
106 107 347
74 329 428
107 190 387
180 181 232
14 63 393
107 190 239
101 114 217
108 178 378
19 283 444
110 119 135
110 227 370
110 227 400
146 207 351
112 263 410
265 372 433
94 136 185
110 135 366
112 114 204
114 127 226
9 133 319
115 203 373
16 121 327
29 124 221
125 352 434
112 263 265
126 284 360
132 379 393
44 72 448
133 319 418
123 133 385
9 133 385
