250.44 664.548
-123.904 1571.66
380.29 -1762.28
-519.281 1319.09
699.393 -1374.16
-1230.95 -57.1795
1094.59 -1512.49
-1213.68 621.236
1044.21 -1559.78
-223.281 1113.44
-1239.11 178.522
-1970.13 -1847.56
245.405 -1221.66
383.078 600.834
1312.34 1291.69
-1577.99 -437.215
-43.7656 298.102
-865.56 -1663.48
535.826 615.159
1655.61 -764.781
1241 -1575.34
1178.04 335.591
-1087.83 1964.36
-1043.17 1956.38
-1595.42 733.546
1069.82 -834.536
-1087.93 1099.69
-682.097 1157.47
1878.03 1700.98
-241.693 1190.38
992.667 180.313
-1246.84 -1051.1
-1521.58 -112.4
-714.574 1014.24
-1497.24 -1058.96
-1750.54 1743.76
-634.299 1427.5
79.3488 277.873
1391.86 1036.18
234.255 1796.44
-230.278 -695.926
-1038.1 681.791
-1596.23 279.803
-160.736 -1718.2
-19.2161 1597.57
1472.17 -1026.55
-222.116 -1774.67
-77.6474 256.3
112.932 1207.78
-729.459 615.691
-1851.18 -480
359.449 -485.481
-1052.5 -1561.2
1792.39 -1660.64
1474.97 26.6475
-1864.21 -755.304
1330.72 -902.308
1926.49 1734.49
1377.5 -234.25
-1983.72 -641.721
-636.679 1488.45
331.73 1141.21
1713.79 -1745.92
-602.495 -173.283
1461.86 668.046
-1557.59 1610.68
-1811.95 801.857
-874.801 -864.454
1240.65 -1082.41
-525.097 715.628
944.239 -389.305
1960.32 274.96
708.387 1886.81
9.44692 85.8827
-347.44 25.7297
1444.16 1015.88
-485.816 -224.108
157.087 -772.031
29.9748 1554.59
1054.69 -508.164
222.638 1497.09
-897.484 410.685
298.951 227.715
1546.23 -460.395
1145.31 -978.866
-1744.77 89.5448
631.829 -1784.44
-1635.5 -659.783
-1897.63 373.952
1426.1 -245.074
-1600.32 870.261
-1229.19 -86.1349
-1353.85 927.893
1141.83 676.128
482.485 196.52
-1832.04 -1294.88
-306.387 -729.519
1115.81 1992.56
1498.2 662.04
-467.831 643.502
1683.17 -212.598
-1266.95 315.003
2.95767 -902.448
1655.22 105.323
1471.5 1081.32
1860.25 1871.18
-48.42 -1368.94
-214.95 597.733
1558.95 -1073.12
-726.139 41.4339
1123.4 -558.174
746.558 -1182.98
712.306 -137.634
-1190.42 210.502
-1475.59 341.75
-1146 -1792.42
-1870.85 -412.949
522.583 132.109
684.602 177.802
-1762.57 156.106
-740.879 -1902.32
27.2905 1210.7
-1271.26 1812.34
-191.566 -1712.31
-1260.78 1082.3
329.119 1862.63
-1475.88 -924.323
-1320.36 1236.43
938.043 -510.774
-553.071 1462.45
1830.98 300.933
1670.03 1960.13
1887.98 192.612
92.236 572.585
-1629.59 329.668
-1271.31 -370.465
427.35 755.982
-1159.76 1156.09
568.322 648.67
1443.77 1307.55
-269.034 -227.109
1170.17 255.087
848.568 1849.82
-508.486 -213.389
-660.955 938.443
-750.939 -829.979
-760.624 -1080.91
-869.852 -872.641
1111.7 1222.38
1699.94 1482.12
-447.948 -1571.36
-888.349 1979.4
1184.62 -48.1128
1135.49 -247.061
-1399.44 579.26
-939.515 331.523
-1647.85 -1769.34
-1413.39 1200.72
-1919.52 78.1233
-1012.67 -580.475
-983.434 236.391
589.545 255.942
1155.48 1719.69
1383.3 267.183
942.077 1083.24
-250.701 -1505.87
1511.88 860.95
-1526.47 696.497
-1187.16 1609.02
-1550.56 -586.605
188.28 -490.079
1744.92 540.431
-259.419 -1668.47
-258.85 -178.94
409.651 728.481
1240.58 1426.22
-1035.13 -169.87
-317.842 -1879.65
-450.177 -934.541
387.536 -1508.1
-1851.3 -1863.17
-1013.97 1660.58
997.785 -540.438
357.08 1810.62
-931.418 806.516
-775.983 1256.86
-1683.56 -1031.07
-202.707 57.0182
-699.538 1538.44
1878.08 1710.11
266.924 1118.66
1136.33 1231.8
-1051.21 -1181.51
1352.15 498.617
-116.053 -260.316
990.517 32.6504
-123.482 1976.55
-306.766 -1125.7
-563.89 -1949.69
-1315.07 504.692
856.83 -91.0576
-238.446 1173.27
877.877 1558.85
-769.714 -1821.66
1097.29 -891.636
1888.45 -635.786
-1772.97 1024.78
-1403.99 -824.18
1843.27 1948.16
1674.44 -272.782
-312.159 664.954
1759.87 1564.36
641.502 -546.898
-1561.34 -1922.39
-496.584 -876.412
582.304 -1639.75
1032.53 -1656.14
1533.51 -89.5921
1902.7 -1236.2
88.7475 999.994
-127.836 -22.7998
-1635.79 99.1917
-998.017 -1039.78
1275.01 -1154.75
-1091.62 949.449
572.471 596.217
-385.597 332.339
160.576 -1744.1
1785.44 599.239
-1666.48 -711.143
1722.83 915.82
-350.897 755.358
1259.68 -817.383
-1334.23 1162.38
-53.5824 754.513
162.376 1818.58
-1268.29 526.584
-82.2262 -266.304
1486.8 -807.214
578.949 -1604.82
-1857.77 -848.58
991.394 -243.362
1483.76 -848.03
12.5424 1269.2
1751.21 346.059
-1441.94 1474.04
-738.121 207.16
229.394 -1478.44
1389.78 895.16
1683.94 -663.805
-350.327 -153.686
-845.223 381.387
-1627.1 1072.55
-1884.92 1859.7
-1734.66 694.032
-1745.12 -1592.43
1845.45 1246.27
164.209 1329.21
-1601.76 -1823.25
598.412 -1850.55
522.81 1156.47
1623.49 1784.69
-636.371 -147.118
-1693.75 -1246.59
-1251.96 1990.18
89.6017 397.715
-163.501 1244.38
-1220.9 209.398
316.93 -1105.82
69.0981 582.267
1588.22 323.976
989.839 1433.67
-429.753 -845.952
762.882 -31.5113
-669.201 -638.706
117.939 1853.61
-1482.24 -258.573
1638.3 -118.608
1594.31 1944.55
634.799 -1657.65
1934.73 -1275.6
740.065 -228.771
1968.78 1519.17
1980.63 285.709
-1586.65 49.7247
-1132.02 -1998.43
-1626.3 1857.81
1435.24 -56.0524
-988.137 198.121
1912.44 342.662
1559.42 30.3757
196.271 -1922.82
1771.8 -165.43
-41.4292 1366.11
-220.885 -1406.63
1708.46 -286.155
-682.23 448.526
1485.07 -713.451
-32.3068 1465.7
1572.26 381.045
-484.575 -1559.77
382.615 -110.874
-1701.95 -182.146
1833.07 -690.088
-1984.02 1745.51
1652.57 1575.39
-224.115 -151.155
1652.57 -452.312
1683.41 -388.859
-1086.2 -537.47
204.51 -1377.74
1176.37 1522.28
1070.78 661.449
-1191.17 -961.522
127.15 -1618.91
1419.52 1642.58
-1178.68 -197.862
-468.299 -880.628
1619.99 -635.225
429.284 1635.97
-889.716 81.8577
1211.36 886.17
1930.7 863.93
-1566.14 1614.12
-1524.93 -652.344
-923.353 679.581
-30.0856 -1746.98
201.861 -959.301
914.471 1010.69
79.177 -958.38
1391.78 -501.3
-1315.8 -1786.9
1300.84 215.897
-667.529 920.831
1580.67 1761.76
556.8 -1309.04
-156.387 -231.84
1577.13 -225.685
-1367.91 -1989.02
-611.568 -892.84
-641.362 465.079
1786.74 1328.55
718.1 -11.3979
-1630.75 -367.429
-1000.71 448.429
674.191 -1608.93
1947.13 1358.39
-1395.83 1247.97
-425.716 -63.3606
168.799 -845.045
-301.606 -1274.4
-154.089 1542.01
493.759 -576.964
-683.678 1125.85
-565.981 704.754
-1766.99 792.657
-830.167 -1980.25
121.209 1887.93
8.35176 490.461
-479.496 1007.64
-1061.11 -1805.3
1398.71 -1113.98
1553.08 -1997.12
-1866.01 -872.633
-60.4796 302.785
282.322 1637.91
1028.38 -1871.77
1179.92 -477.857
-448.732 -1503.76
-1352.01 985.287
1201 -1119
-222.056 -1629.17
-1099.25 1899.15
-1741.23 909.101
389.615 -220.731
-83.2554 1328.5
-26.0348 -684.543
-1785.48 -472.952
-681.662 -1651.49
654.415 1257.86
651.295 -1063.26
895.774 -320.321
-935.031 75.6959
1201.82 616.237
571.94 1849.81
-398.476 -227.061
-1269.19 1379.47
143.771 -368.438
1278.62 402.536
-1459.34 -331.764
-1818.19 457.407
-1003.26 155.771
1772.86 -788.737
1682.82 -908.797
-440.227 337.233
-1650.94 -1788.93
1273.97 1244.84
-109.254 -1661.06
-679.469 -907.432
955.175 1892.47
