38 48 289
20 269 281
55 151 296
104 159 242
3 263 293
207 266 287
19 131 140
123 207 225
37 170 224
34 246 253
38 176 289
27 34 228
22 175 270
40 175 291
35 68 291
100 229 277
200 266 287
24 153 279
180 200 287
61 233 234
125 133 159
54 239 252
113 190 275
13 168 232
50 96 130
50 113 147
83 96 130
203 281 290
56 63 257
57 139 285
5 232 265
0 181 248
23 131 227
0 127 181
27 170 289
9 92 256
63 127 142
172 198 295
95 241 285
85 230 268
11 14 109
11 187 198
187 198 295
79 246 264
246 253 267
35 136 261
52 246 267
33 40 112
31 256 271
37 117 205
24 116 226
235 271 283
47 66 179
28 231 277
69 152 209
30 35 68
7 35 272
191 242 276
73 242 255
104 191 242
129 133 159
104 125 159
129 159 242
87 129 133
73 124 129
61 193 233
39 110 260
6 166 251
55 254 296
42 64 151
10 254 286
55 144 254
254 286 296
210 247 286
148 210 225
210 286 296
210 225 247
10 247 286
29 180 200
151 210 296
44 61 234
118 216 298
64 233 234
42 55 151
44 155 234
3 41 293
29 41 180
153 200 279
153 200 266
116 153 266
96 150 188
106 145 188
65 263 293
141 218 275
39 145 212
39 110 212
77 124 219
110 212 219
87 124 129
73 129 242
141 186 218
171 212 218
147 199 275
141 199 275
113 147 275
4 12 274
4 12 147
50 130 147
83 150 288
17 115 197
83 96 150
13 169 232
57 97 139
67 74 162
74 105 255
73 199 255
74 94 105
53 168 232
74 94 237
74 162 237
53 232 265
5 94 237
5 94 265
13 168 204
94 105 265
105 196 265
203 214 290
168 204 220
13 204 206
78 121 249
122 167 206
75 167 294
84 182 278
99 203 214
95 154 238
57 107 120
122 167 294
56 98 173
18 189 194
75 97 194
78 128 249
75 121 249
78 121 215
215 240 248
78 215 240
91 183 288
65 91 185
183 240 288
91 197 280
181 183 280
91 183 280
115 181 280
63 72 257
115 197 280
21 127 235
21 115 259
16 21 259
76 184 283
23 98 227
62 173 268
0 174 194
131 140 227
56 63 208
46 49 189
142 184 283
72 174 257
174 189 194
0 72 174
139 241 285
70 95 241
60 85 86
70 95 154
99 154 238
70 146 154
62 202 268
46 230 268
23 62 202
172 202 295
14 60 86
85 86 268
60 85 126
102 126 214
126 146 154
93 102 126
93 109 126
52 246 264
51 158 164
43 158 187
43 187 250
81 264 291
52 143 192
51 253 267
51 158 253
34 253 295
19 23 131
27 163 289
163 176 289
38 132 176
79 81 264
79 81 292
81 114 211
175 262 291
38 132 201
22 201 262
114 211 262
58 224 270
22 175 262
66 80 299
80 111 223
58 138 270
22 201 245
111 138 270
111 175 270
22 119 245
22 119 270
48 170 289
27 170 221
48 170 245
37 170 221
9 117 205
37 117 221
31 36 271
24 116 153
16 36 103
47 156 266
116 156 266
116 156 226
9 92 161
31 92 256
9 161 205
9 117 256
58 224 299
58 138 299
59 134 231
157 165 297
66 179 222
123 225 247
66 222 297
1 179 222
1 47 179
69 152 222
59 134 177
32 177 244
134 231 284
2 136 261
32 149 244
2 8 134
35 261 272
149 157 160
7 30 35
15 33 282
7 101 282
112 137 223
30 68 291
33 101 282
7 30 101
30 33 101
35 136 291
216 287 298
15 272 282
122 249 294
99 238 269
207 225 287
140 221 228
125 217 233
123 209 247
122 206 249
37 205 224
203 269 281
45 191 251
174 189 257
46 189 243
18 189 243
106 188 263
76 184 221
89 184 221
181 240 248
181 183 240
172 202 268
77 171 219
171 212 219
13 169 249
100 166 277
110 239 260
66 160 297
157 160 297
149 160 272
99 203 269
158 187 295
3 155 260
15 160 272
135 149 165
130 147 273
4 147 273
145 190 275
145 212 218
144 166 251
144 166 254
142 235 283
140 208 227
44 155 260
135 165 297
133 193 236
132 176 292
83 130 288
130 273 288
128 162 274
85 126 230
125 193 233
124 219 236
124 186 218
73 124 186
87 124 133
1 123 222
75 121 194
119 170 245
119 170 270
139 195 241
118 216 287
118 148 210
118 155 234
115 127 181
114 262 291
180 287 298
127 142 235
111 138 299
80 111 299
110 219 236
110 236 239
99 154 214
25 196 290
49 189 257
205 224 299
80 108 223
139 195 243
75 97 167
57 97 107
97 107 278
104 125 191
96 145 188
158 253 295
170 224 270
93 187 250
93 102 143
92 156 161
65 91 279
91 150 288
91 150 185
90 177 244
8 90 177
128 169 249
38 48 245
26 95 238
21 115 127
36 103 226
31 36 226
19 34 140
33 108 160
89 142 184
16 24 103
3 41 180
26 238 269
31 156 226
20 107 120
88 209 247
121 215 248
31 92 156
49 56 257
76 256 271
88 100 229
43 52 192
26 120 269
26 95 285
25 53 281
126 154 214
149 244 272
17 24 197
24 197 279
23 62 173
0 63 72
43 158 164
51 52 267
11 93 187
148 225 287
21 235 271
0 63 127
43 93 250
125 191 217
27 34 246
46 146 230
71 217 233
54 61 193
30 33 291
118 151 210
55 144 251
19 202 295
143 192 213
13 206 249
18 97 243
43 192 213
18 97 194
73 141 186
40 111 223
123 207 266
69 88 229
20 120 269
6 231 284
10 166 254
63 89 208
12 67 74
10 88 100
0 121 194
56 98 208
5 169 232
93 143 213
47 156 161
38 201 245
5 162 169
47 66 299
43 93 213
4 273 288
76 271 283
6 191 276
124 133 236
39 106 263
132 211 292
16 21 271
12 67 274
6 166 277
70 195 241
29 65 279
65 150 188
123 152 222
78 178 288
79 176 292
28 82 277
19 34 295
84 204 206
16 36 271
73 141 199
27 221 228
25 281 290
3 180 298
14 60 126
40 111 175
84 204 220
59 82 231
26 120 285
132 211 262
11 14 86
118 148 287
196 214 290
149 157 165
8 134 177
14 109 126
19 23 202
12 147 199
81 114 291
123 152 209
4 178 288
135 222 297
4 178 274
16 17 115
6 276 284
27 163 246
15 33 160
84 220 281
39 260 263
8 90 261
7 272 282
78 240 288
2 8 261
84 107 278
32 59 177
10 100 166
11 86 172
20 84 281
3 260 263
11 93 109
12 74 255
12 199 255
46 49 268
32 149 258
20 84 107
3 118 155
97 139 243
53 196 265
29 200 279
16 115 259
10 88 247
34 140 228
40 112 223
41 65 293
239 252 260
244 261 272
69 82 229
5 162 237
42 71 233
6 191 251
42 64 233
97 167 182
43 52 164
70 195 243
145 218 275
44 252 260
84 182 206
46 70 243
1 47 123
47 123 266
49 173 268
47 161 205
33 112 137
47 205 299
3 118 298
49 56 173
98 208 227
64 118 151
50 96 145
39 106 145
50 145 190
57 120 285
50 113 190
23 98 173
28 82 231
25 53 196
128 162 169
126 146 230
29 41 65
53 168 220
53 220 281
0 121 248
167 182 206
97 182 278
54 193 236
89 140 221
54 236 239
132 201 262
45 55 71
42 55 71
45 55 251
86 172 268
125 133 193
77 171 218
6 231 277
78 128 274
24 103 226
77 124 218
32 59 258
59 69 82
59 69 258
91 197 279
54 61 252
44 61 252
63 89 142
46 70 146
16 17 24
64 118 234
69 135 222
66 80 108
65 150 185
65 188 263
90 244 261
66 108 160
78 178 274
67 162 274
33 40 291
69 88 209
69 135 258
75 249 294
11 172 198
45 71 191
71 191 217
76 117 221
76 117 256
89 140 208
81 211 292
33 108 137
79 163 176
79 163 246
51 52 164
82 229 277
108 137 223
135 149 258
