29 65 293
38 48 289
32 135 258
207 266 287
26 238 285
29 41 293
37 170 224
34 246 253
204 206 220
38 176 289
35 68 291
148 207 287
6 166 284
6 45 251
88 229 247
100 229 277
28 229 277
3 44 263
180 216 287
61 233 234
54 239 252
50 96 130
50 113 147
83 96 130
203 281 290
56 63 257
83 130 273
0 181 248
23 131 227
106 150 188
0 127 181
127 235 283
76 89 184
9 92 256
158 187 253
86 202 268
86 172 202
172 198 295
11 14 109
43 213 250
11 109 250
187 253 295
51 164 267
187 198 295
79 246 264
23 34 295
140 221 227
33 40 112
132 176 211
31 256 271
37 117 205
235 271 283
47 66 179
28 231 277
28 88 229
28 82 88
82 88 209
7 35 272
15 149 160
73 242 255
104 191 217
104 125 159
73 77 186
87 133 219
54 61 239
39 110 260
61 236 239
104 125 217
6 166 251
166 251 254
144 251 254
118 148 151
210 247 286
210 286 296
10 247 286
29 180 200
151 210 296
42 45 55
3 44 155
29 65 200
29 41 180
153 200 266
65 200 279
65 263 293
141 218 275
145 188 190
39 145 212
39 110 212
77 124 219
133 193 219
110 212 219
44 54 252
12 67 255
87 124 219
73 77 124
145 190 212
171 212 218
212 218 275
113 147 275
12 67 162
4 130 147
50 130 147
4 130 273
17 115 197
83 273 288
83 96 150
162 169 274
162 232 237
67 74 162
67 74 255
74 105 255
53 168 232
5 232 237
74 162 237
94 105 265
25 53 265
25 196 214
203 214 290
25 214 290
75 122 249
13 128 206
84 167 206
78 121 249
0 75 194
122 167 206
75 167 294
84 167 182
84 182 278
20 84 206
99 126 154
99 203 214
70 139 195
26 99 238
57 97 278
57 107 278
97 194 243
75 122 294
122 167 294
122 128 206
56 98 173
75 97 194
75 121 249
122 128 249
78 121 215
215 240 248
183 240 288
91 197 280
181 183 280
91 183 280
115 181 280
63 72 257
17 115 259
115 197 280
21 127 235
21 115 259
21 115 181
21 127 181
16 21 259
76 256 283
36 235 271
127 142 283
256 271 283
76 184 283
56 98 227
62 173 268
56 208 227
89 208 227
131 140 227
56 63 208
142 184 283
0 72 174
18 194 243
85 146 230
99 126 214
99 154 238
62 202 268
62 98 173
49 174 189
172 202 295
14 60 109
102 126 214
126 146 154
93 109 250
93 102 250
102 143 213
102 213 250
43 143 213
43 143 192
43 158 187
43 187 250
81 264 291
52 143 192
52 164 267
51 253 267
51 158 253
34 253 295
19 23 34
19 23 131
19 34 228
27 163 289
27 140 221
76 221 256
81 262 291
163 176 289
38 132 176
79 81 264
79 81 292
81 114 262
81 114 211
132 201 211
175 262 291
111 175 223
80 111 223
58 138 270
22 201 245
22 119 245
22 119 270
27 170 221
48 170 245
37 205 299
37 170 221
170 224 245
9 117 205
37 117 221
31 92 226
31 36 271
47 156 266
116 156 266
116 156 226
9 92 161
31 92 256
66 205 299
15 108 160
90 149 244
66 179 222
69 222 258
66 222 297
1 179 222
1 47 179
69 152 222
69 82 258
32 177 258
134 231 284
2 8 134
35 261 272
149 157 160
80 108 137
90 149 272
2 8 90
231 277 284
22 262 270
175 262 270
136 261 291
35 261 291
238 241 285
94 237 265
61 233 236
34 228 246
125 217 233
215 240 288
78 215 288
20 206 281
206 220 281
186 199 218
141 199 218
195 243 268
18 189 243
91 185 279
181 240 248
181 183 240
180 266 287
180 200 266
77 171 219
171 212 219
13 168 169
100 166 277
65 185 279
165 222 258
135 165 258
162 274 288
162 168 169
110 239 260
66 160 297
157 160 297
157 222 297
157 165 222
154 238 241
151 210 247
151 225 247
148 151 225
150 188 190
135 149 165
141 147 275
141 147 199
111 138 175
138 175 270
2 136 272
186 199 255
132 201 245
19 131 228
128 274 288
125 193 236
1 123 222
123 148 207
119 224 245
118 216 287
78 178 249
118 155 234
128 178 249
113 212 275
113 190 212
111 138 299
80 111 299
110 236 239
110 193 219
110 193 236
118 180 216
80 108 299
108 160 299
15 108 282
57 107 285
74 105 237
104 129 159
88 123 209
103 116 226
33 101 108
101 108 282
10 100 247
128 178 288
107 120 285
246 253 264
253 264 267
75 97 167
70 95 146
95 146 154
92 156 161
136 261 272
135 149 244
91 150 185
8 90 177
38 48 245
7 149 272
23 62 227
36 103 226
31 36 226
32 90 177
3 41 180
52 264 267
94 105 237
20 107 120
121 215 248
27 131 228
49 56 257
27 48 170
26 99 269
43 52 192
26 120 269
30 40 68
6 45 191
25 168 204
25 204 220
76 221 227
100 229 247
17 24 197
24 197 279
22 114 262
63 89 184
61 155 234
25 105 265
24 116 266
24 153 200
95 154 241
37 138 299
71 217 233
176 211 292
92 156 226
20 99 203
73 104 129
55 144 251
57 195 243
83 91 183
10 286 296
123 207 266
20 120 269
39 106 188
118 180 298
10 166 254
63 89 208
7 35 68
7 33 40
17 36 103
47 156 161
5 53 265
4 273 288
17 103 116
6 191 276
7 33 101
68 175 291
39 106 263
0 72 142
60 102 126
123 152 222
78 178 288
7 30 40
4 147 199
79 176 292
0 18 194
0 127 142
50 96 190
71 233 234
60 126 146
25 281 290
3 180 298
7 15 149
2 90 272
82 152 209
60 93 109
40 175 223
59 82 231
13 169 274
26 120 285
41 263 293
15 101 282
4 12 199
88 225 247
20 203 281
37 58 224
14 60 85
27 48 289
16 17 36
118 148 287
149 157 165
8 134 177
47 66 161
16 21 235
11 198 250
5 53 232
13 168 206
24 153 266
123 152 209
7 15 101
0 174 189
6 276 284
46 49 243
104 242 276
22 201 211
27 163 246
10 55 144
39 260 263
73 87 124
168 204 206
10 144 254
84 107 278
9 66 161
9 221 256
195 230 268
70 146 195
25 53 168
10 100 166
66 160 299
125 233 236
146 195 230
25 220 281
12 199 255
13 128 274
12 162 288
46 49 268
39 145 188
25 105 196
20 84 107
17 24 116
3 118 155
14 85 86
11 14 172
9 117 221
27 131 140
24 200 279
16 17 259
45 64 71
49 72 174
16 36 235
40 112 223
3 41 263
239 252 260
5 237 265
104 191 276
59 177 231
42 64 118
42 118 151
43 51 158
58 119 270
46 243 268
187 198 250
97 167 182
43 51 164
43 52 164
57 97 243
166 277 284
44 252 260
42 45 64
60 93 102
32 90 244
1 47 123
47 123 266
49 173 268
33 112 137
63 142 184
123 148 225
3 118 298
49 56 173
49 72 257
49 189 243
76 89 227
50 113 190
88 123 225
28 82 231
42 55 296
0 18 189
14 86 172
20 99 269
44 54 155
85 86 230
54 61 155
134 177 231
97 182 278
62 202 295
45 55 251
125 133 193
77 171 218
57 139 195
42 151 296
87 129 159
9 66 205
57 241 285
58 119 224
44 260 263
60 85 146
91 197 279
86 230 268
32 135 244
10 55 296
70 95 139
95 139 241
62 98 227
73 186 255
23 62 295
38 132 245
96 150 190
64 118 234
65 150 263
65 150 185
73 104 242
162 168 232
7 30 68
40 68 175
37 58 138
11 172 198
4 12 288
45 71 191
71 191 217
64 71 234
63 72 142
73 87 129
0 75 248
81 211 292
33 108 137
77 186 218
79 163 176
79 163 246
22 114 211
80 112 223
80 112 137
59 82 177
106 150 263
75 121 248
69 82 152
82 177 258
83 91 150
83 183 288
87 125 133
57 139 241
27 228 246
87 125 159
