29 65 293
38 48 289
29 41 293
19 131 140
37 170 224
204 206 220
38 176 289
27 34 228
22 175 270
10 100 229
35 68 291
6 191 284
88 229 247
100 229 277
28 229 277
3 155 298
180 216 287
24 153 279
64 71 233
54 239 252
113 190 275
13 168 232
50 96 130
4 273 274
203 281 290
5 232 265
0 181 248
273 274 288
0 127 181
27 170 289
76 89 184
9 92 256
158 187 253
86 202 268
89 184 208
86 172 202
11 14 198
85 230 268
11 14 109
11 109 250
187 253 295
79 246 264
35 136 261
52 246 267
52 164 192
33 40 112
31 256 271
112 175 223
47 66 179
28 231 277
69 152 209
135 165 222
82 88 209
135 157 165
33 108 112
15 149 160
191 242 276
73 242 255
191 276 284
104 191 242
104 191 217
73 77 186
61 193 233
39 110 260
42 64 71
45 55 144
45 71 217
6 166 251
55 254 296
166 251 254
144 251 254
45 144 251
55 144 254
210 247 286
148 210 225
210 286 296
64 151 234
210 225 247
151 210 296
64 233 234
42 45 71
155 234 298
3 44 155
44 155 234
92 161 226
47 207 266
153 200 279
153 200 266
17 197 279
116 153 266
17 24 279
96 150 188
65 263 293
39 145 212
39 110 212
110 219 239
87 124 129
73 77 124
145 190 212
77 171 212
171 212 218
113 147 275
12 67 162
4 12 274
17 115 197
83 273 288
13 169 232
12 162 274
67 74 162
74 105 255
73 199 255
74 94 105
74 94 237
74 162 237
5 94 237
5 94 265
13 168 204
94 105 265
203 214 290
75 122 249
13 204 206
78 121 249
20 84 206
107 120 269
99 203 214
20 107 269
99 120 269
70 139 195
26 99 120
75 97 278
97 194 243
75 122 294
122 167 294
75 97 194
0 215 248
78 121 215
215 240 248
91 197 280
181 183 280
91 183 280
115 197 280
21 127 235
16 21 259
76 89 221
56 98 227
131 140 227
46 49 189
72 174 257
63 72 127
49 173 257
0 72 127
0 72 174
18 194 243
60 85 86
70 95 154
70 146 154
62 202 268
62 98 173
23 62 202
23 202 295
23 62 98
172 202 295
14 60 86
85 86 268
60 85 126
102 126 214
126 146 154
102 143 213
52 246 264
43 158 187
81 264 291
52 143 192
52 164 267
51 253 267
51 158 253
34 253 295
19 23 131
27 34 163
27 140 228
27 140 221
76 221 256
81 262 291
163 246 292
79 81 264
79 246 292
79 81 292
81 114 262
81 114 211
175 262 291
114 211 262
40 112 175
30 33 40
66 80 299
111 175 223
80 111 223
111 175 270
22 119 245
22 119 270
48 170 289
27 170 221
48 170 245
37 170 221
170 224 245
9 117 205
37 117 221
31 92 226
31 36 271
24 116 153
16 36 103
1 123 207
156 161 226
116 156 226
9 92 161
31 92 256
9 161 205
66 205 299
80 138 299
59 134 231
165 222 297
123 225 247
1 179 222
1 47 179
1 47 207
1 123 152
69 82 258
69 82 209
32 177 258
2 136 261
32 149 244
2 8 134
149 157 160
135 149 157
108 112 137
15 33 282
80 108 137
33 101 282
7 30 101
30 33 101
15 149 272
7 15 272
35 136 291
75 278 294
115 259 280
238 241 285
229 247 286
10 229 286
125 217 233
215 240 288
78 215 288
20 206 281
206 220 281
122 206 249
200 207 287
75 194 249
0 194 215
193 236 239
191 217 251
190 212 218
174 189 257
46 189 243
18 189 243
186 218 275
181 240 248
181 183 240
179 222 297
66 179 297
175 201 262
172 187 198
13 169 249
168 232 265
100 166 277
65 185 279
34 163 253
110 239 260
66 160 297
157 160 165
125 159 233
99 203 269
125 159 217
156 161 205
154 238 241
152 209 247
118 151 298
151 234 298
83 150 273
96 150 273
130 147 273
4 147 273
142 235 283
141 147 275
141 147 199
140 208 227
138 205 299
133 193 239
128 274 288
128 162 274
127 181 280
21 127 259
85 126 230
87 124 133
124 133 219
123 148 207
122 167 182
122 182 206
121 194 215
121 194 249
58 119 138
118 216 287
118 148 210
118 207 287
78 178 249
128 178 249
50 113 130
113 130 147
99 154 214
118 180 216
25 196 290
77 110 124
49 189 257
110 124 219
109 213 250
93 109 213
107 167 182
104 129 159
103 116 226
102 109 126
73 124 242
128 178 288
56 98 257
98 173 257
98 131 227
23 98 131
57 97 107
97 107 278
96 145 188
93 102 213
91 183 240
91 240 288
8 90 177
128 169 249
63 127 235
38 48 245
38 81 132
37 117 138
36 103 226
133 219 239
31 36 226
19 34 140
33 108 160
159 193 233
107 167 278
127 259 280
93 102 109
32 90 177
163 246 267
26 57 107
30 68 175
29 180 298
29 180 287
88 209 247
84 107 182
76 256 271
26 154 238
81 163 292
26 107 120
126 154 214
149 244 272
25 53 204
29 200 287
25 204 220
25 53 105
36 235 283
26 99 154
22 38 245
96 145 190
190 218 275
95 154 241
43 164 267
38 81 176
26 57 238
20 203 269
71 217 233
54 61 193
118 151 210
104 129 242
19 23 295
7 35 261
57 195 243
143 192 213
117 138 205
39 106 260
18 174 189
13 206 249
10 286 296
43 192 213
73 141 186
7 261 272
8 59 134
51 158 267
14 172 198
39 106 188
118 180 298
10 166 254
27 163 176
65 106 188
7 35 68
12 67 74
141 186 275
5 169 232
119 138 270
5 162 169
185 197 279
76 271 283
17 103 116
6 134 231
68 175 291
1 69 222
6 166 277
29 65 279
65 150 188
78 178 288
4 147 199
19 34 295
0 18 194
6 134 284
73 141 199
25 281 290
87 133 159
14 60 126
59 82 231
30 40 175
41 263 293
22 38 132
132 211 262
15 101 282
20 203 281
37 58 224
0 18 174
196 214 290
81 132 211
163 253 267
16 21 235
11 198 250
14 109 126
3 29 298
7 15 101
58 224 245
3 252 263
16 17 115
187 213 250
15 33 160
27 176 289
8 90 261
96 130 273
2 8 261
4 12 255
9 221 256
195 230 268
106 252 263
70 146 195
10 254 296
10 100 166
200 207 266
1 69 152
146 195 230
12 74 255
25 220 281
64 151 296
118 148 207
160 165 297
46 49 268
39 145 188
32 149 258
83 91 185
25 105 196
20 84 107
17 24 116
44 61 233
9 117 221
16 17 103
29 200 279
16 115 259
8 59 177
16 36 235
34 140 228
3 41 263
239 252 260
244 261 272
63 76 208
5 162 237
3 44 252
6 191 251
187 198 250
43 164 192
43 158 267
57 97 243
44 233 234
84 182 206
32 90 244
45 55 296
46 195 243
47 116 266
47 116 156
56 63 72
4 199 255
47 156 205
123 148 225
49 62 268
49 62 173
63 208 227
42 45 296
22 175 201
124 129 242
123 152 247
28 82 231
53 105 265
58 119 245
128 162 169
126 146 230
14 86 172
3 29 41
50 96 113
54 193 236
89 140 221
54 236 239
132 201 262
56 72 257
77 171 218
6 231 277
57 139 195
87 129 159
57 238 285
57 241 285
47 66 205
53 168 265
77 110 212
45 217 251
106 252 260
54 61 252
70 95 139
44 61 252
95 139 241
80 111 270
63 76 142
46 195 268
53 168 204
56 63 227
63 142 235
69 135 222
65 106 263
66 80 108
76 142 283
104 159 217
65 150 185
90 244 261
66 108 160
133 159 193
22 132 201
7 30 68
37 58 138
69 135 258
36 271 283
42 64 296
91 185 197
89 140 208
76 184 208
43 187 213
77 186 218
80 112 223
80 112 137
59 82 177
80 138 270
81 163 176
172 187 295
167 278 294
82 177 258
28 82 229
82 88 229
96 113 190
83 91 288
83 150 185
57 139 241
135 149 258
