-1323.23 -809.488
-646.762 -43.9095
-1505.15 284.874
1722.04 390.579
961.99 1181.58
1449.37 -1500.16
917.858 -841.207
-1714.19 112.225
-1405.31 1048.52
623.147 250.919
810.9 -1919.43
308.586 -1584.39
-1827.6 1182.55
-1029.96 -1088.89
1750.52 285.317
453.641 -1572.71
1475.83 1806.88
383.383 1970.68
91.7523 105.424
361.255 -946.258
-712.992 -189.377
-446.417 -1795.13
969.416 -160.608
317.091 1564.1
-1112.09 -1059.76
-184.977 1698.81
-979.189 -1876.39
-1885.58 -806.786
1306.15 -915.547
104.322 1056.67
1369.77 -1442.04
1483.97 845.598
-1635.16 -132.65
816.275 456.594
1972.77 -822.47
1510.34 -740.218
988.153 -936.08
-535.352 -42.4309
903.311 1781.74
-478.327 1791.22
-1278.02 1336.7
1490.03 -257.21
1460.31 1604.45
936.004 766.46
-1311.1 -959.674
-176.866 -1941.33
-401.711 -692.899
904.266 -36.8698
1174.45 -279.459
-1580.28 1147.22
898.071 1930.06
-1592.99 -113.776
-1006.02 -128.345
1843.79 1897.29
-346.605 -634.534
1688.51 375.373
-1297.84 1178.54
-1881.84 -1837.53
782.988 1054.17
928.927 1471.89
-1905.51 -1247.94
1530.55 -307.218
59.1622 434.821
1655.91 -766.387
-1844.64 -1924.36
-1619.16 1053.43
-1994.3 -1212.16
-1060.34 -1000.32
659.498 -1216.55
-1103.03 -1687.11
148.916 -1414.52
688.266 851.078
1764.02 806.43
1013.55 547.009
-139.403 -57.5275
18.8952 -44.9095
694.534 -450.55
1647.87 -1246.3
1984.27 1303.78
-12.6912 -1860.37
1379.42 368.146
1193.07 1385.12
1155.99 -1867.28
-1615.21 -184.513
-1083.83 -718.241
128.38 1065.09
-132.763 -1183.35
-83.8318 -368.742
1623.08 -1070.29
-1821.73 -516.327
872.186 197.162
1438.76 -433.28
1746.61 1086.64
320.416 1730.88
390.421 -1692.28
1870.52 -230.158
675.87 1063.58
-845.041 -168.141
1196.31 -460.249
1647.35 -1887.52
821.511 -224.274
1177.57 -1311.25
592.372 -906.26
320.006 215.447
23.4537 498.272
1699.12 -1104.36
-1304.57 1137.88
462.359 -1557.95
224.519 -1217.22
-1827.07 -1385.06
-909.5 -1956.55
384.781 1766.37
1107.03 1539.74
-401.771 303.338
-920.509 -754.425
415.82 1901
1021.3 -406.608
-1410.25 -386.327
687.132 909.756
1829.12 -1289.41
-591.972 1528.24
-393.775 103.463
666.123 -1931.42
545.509 -1109.36
-1148.64 718.438
-494.418 -58.1403
761.884 1890.36
-291.77 -131.086
1430.1 1306.46
-1827.75 -1490.41
-1447.97 588.072
-1589.4 1573.34
-1818.54 -999.654
-812.991 868.595
1910.1 -983.871
1579.18 -681.87
-1455.63 -814.594
1421.59 1210.49
-746.009 -32.8987
-1898.87 105.351
-1314.46 -393.285
-1952.79 1447.42
-502.922 -244.559
-683.662 -1072.82
-938.1 -511.41
-563.226 -386.065
-1923.34 -152.63
-812.729 -1741.88
847.715 374.279
1126.72 757.817
1390.41 705.901
-1924.05 1934.78
1891.31 1497.54
1145.27 -854.701
-535.36 1246.4
1250.65 150.18
-1146.88 1297.86
-402.396 350.194
-946.699 913.942
1277.37 115.201
-1597.47 -1285.85
1729.14 -1520.81
561.518 -1083.59
-1262.68 -590.767
1290.69 1864.04
-1832.95 681.093
569.939 -1757
615.869 461.246
1740.54 -238.863
1606.54 -794.824
-992.462 857.194
1355.36 -139.346
155.054 -1047.04
-1789.15 1208.36
1866.9 1488.22
-676.444 -1730.57
-1797.63 -947.309
-1251.37 763.888
-30.9031 -514.056
-1826.88 -740.218
-650.019 -1659.83
1940.87 1919.92
-1416.83 556.744
381.167 -1676.3
-1682.12 -12.2885
-471.12 -674.581
-1155.09 -1115.76
1186.07 999.96
-162.804 1396.92
208.316 -295.902
885.142 1531.87
-26.4694 1087.51
-1415.44 722.157
-148.6 553.659
-1791.9 24.521
1813.44 -441.918
364.692 1754.32
-521.998 947.86
311.06 1859.17
1271.56 628.941
-153.12 -1199.56
1954.36 691.786
-315.32 1140.43
-308.254 1521.88
537.354 1900.06
-774.026 -577.503
1431.93 1199.5
-1489.99 -1983.5
-78.3389 361.409
570.155 129.761
-1614.07 383.596
1687.84 750.622
137.913 -834.155
-301.518 -1551.03
-974.987 -1029.95
1077.91 871.893
-229.511 1032.28
-436.321 1455.17
172.709 1255.43
977.045 -1289.94
1155.49 -1796.98
132.559 587.421
1402.52 642.568
603.917 -675.815
-996.023 -825.928
1453.95 -610.093
1557.67 1141.79
-1859.47 -304.419
-1692.37 -160.989
144.554 -667.353
809.057 -777.531
-1795.46 -1420.45
-1745.26 -231.78
-1965.29 427.453
-976.354 1011.76
1137.52 -1820.87
1214.78 -729.925
766.555 617.302
1912.64 -629.529
1941.49 -1083.38
544.543 1395.43
306.528 102.211
537.222 447.058
1797.79 844.856
-1713.93 -57.6536
-1822.5 1095.13
1164.82 -1617.96
1674.67 1419.56
150.264 1709.39
-152.988 1173.91
721.145 -1015.47
1353.04 -64.076
254.602 119.598
-1446.77 167.246
1490.07 -1505.29
1083.87 34.6123
1890.15 -609.606
-1863.18 427.368
1837.45 1934.62
-727.776 -1876.48
-123.038 -550.273
1218.65 -958.223
-168.229 893.317
-1538.66 1982.04
602.703 308.348
1155.95 -676.152
1292.88 508.989
1259.77 -452.522
-1371.41 1813
1714.72 -1881.34
-1692.29 798.59
153.269 -1802.14
-1811.02 290.092
625.226 -1973.56
224.708 1897.45
-1850.04 -1898.33
-652.822 1368.6
-856.553 1178.95
261.92 -395.216
1160.98 -1135.38
1913.13 316.93
188.471 1206.01
-1174.08 -551.758
-1246.51 -545.494
-738.759 -1531.79
-426.838 -431.048
1266.8 1726.43
-233.19 1455.78
16.5229 -1607.96
1482.22 -1758.77
-1710.51 1632.18
-1657.1 -363.335
1000.78 -513.652
-1184.39 -737.299
1091.13 1976.6
127.324 1004.26
293.528 -1684.21
210.273 1119.45
-235.963 963.759
-1426.05 1025.28
1431.97 147.115
-1405.77 698.769
-126.455 361.04
154.553 1890.07
753.076 -363.227
-1868.7 1042.56
-731.049 -1525.8
-1320.77 -1730.27
-39.4515 -505.159
-467.567 -948.319
-528.561 1659.76
-1944.05 1764.97
1975.55 266.218
884.414 -260.411
-770.022 1458.37
-1235.13 -1338.05
-394.519 -640.903
1360.71 1479.03
1720.14 -484.732
1369.09 473.213
1152.04 1500.39
-484.224 -1579.01
1974.59 195.004
-1309.28 -64.8581
1689.84 223.158
986.823 -838.716
-117.085 1042.77
-1073.75 -141.532
-691.013 1810.66
1598.06 538.964
1269.03 -1637.08
1200.91 -1125.49
-277.979 561.626
-1646.46 -557.842
-1923.11 1722.63
1915.37 1228.93
1223.02 -568.853
1649.93 1197.62
1626.15 -1659.35
-867.24 1316
563.809 -1880.42
-1522.72 -1553.28
1162.35 -596.47
305.192 -1528.66
-785.805 -96.751
1010.3 -1516.77
266.173 211.214
-642.263 1988.19
-1227.16 -288.726
-569.649 -1150.27
-566.095 -654.278
-1921.33 -1343.07
776.869 1728.59
1854.55 403.019
-1930.75 -1012.69
-280.986 633.055
-893.109 196.294
1079.78 -1730.76
1599.82 -615.028
-1259.42 -1185.98
1288.22 1750.88
-702.757 -445.606
-37.9031 654.98
-457.412 734.936
-1633.75 972.939
1584.67 -199.841
-1681.34 1663.34
457.089 1095.53
1391.93 311.637
-501.45 1461.18
1298.94 1217.56
94.2332 -1594.16
-586.142 -825.987
-1324.92 -986.319
558.985 -584.341
-172.301 -152.794
-833.458 1124.94
1401.6 1128.64
-220.077 -1055.81
-136.425 146.176
1917.13 -551.756
1946.34 -1764.21
-888.419 403.424
1331.32 -1496.49
-1284.94 -1170.13
1964.69 -1985.99
-1952.57 58.9239
-1580.16 -538.709
1232.94 -905.081
474.972 -208.078
510.578 -1697.33
1639.13 1677.12
1427.61 1040.73
805.759 -792.463
1984.92 -1330.67
1353.71 1902.05
117.579 1300.05
-1862.17 1229.16
-296.528 1469.15
1732.67 418.533
-1700.98 1697.36
432.538 -1653.54
-243.712 852.379
-192.253 -1010.78
1947.3 -1717.28
781.147 457.877
-1414.61 420.276
134.997 -1986.99
-538.995 -1059.24
-779.458 -554.077
-389.909 -1425.74
-652.032 1727.67
1874.3 -514.198
956.83 -422.223
-1045.04 689.503
1996.31 -746.022
386.867 428.847
-399.566 -1856.85
-718.774 1408.18
-867.621 -771.475
1690.9 1913.53
1686.4 -1723.71
333.802 -178.601
-1710.7 1794.81
762.155 -490.162
-759.27 -1627.75
84.0939 588.698
-1900.09 -41.6018
-1925.5 1056.74
1536.17 -970.544
-253.753 1532.48
283.433 -1866.89
-38.6689 1883.87
-1723.73 1242.56
1292.05 -591.352
-1528.92 982.947
-677.826 -1842.52
1259.24 1655.98
-21.1172 1548.53
1450.78 -1258.96
-941.629 -1308.49
-886.717 1142.47
1280.21 -786.802
-899.137 1354.71
-1730.06 -1362.96
-1615.83 16.1901
-1830.48 667.602
149.304 130.853
551.469 425.573
-626.59 -156.483
1834.22 -155.507
-1173.54 -843.606
1.977 -1914.3
-1187.63 1980.86
1634.23 -1736.85
-1278.1 -1307.39
-1045.33 -164.82
1835.07 -1765.12
1048.38 -1064.07
1589.6 1318.32
-427.028 1973.76
-665.489 -257.507
641.366 1483.82
1873.35 -807.165
-90.6123 -753.243
1036.35 -256.392
1091.25 1862.82
900.002 -906.773
1948.52 1712.37
-925.914 1582.75
1975.53 -204.016
-1724.64 -1069.8
1631.16 -1889.57
-834.92 679.542
-953.639 -1245.33
-2.13702 619.333
-1271.56 1332.37
-1638.17 1369.8
816.189 -1764.83
-1437.36 -1274.42
-518.07 1598.99
469.185 -1426.82
1461.81 -630.813
-333.594 1410.32
-918.44 740.492
993.076 -942.912
-1463.52 1268.43
-12.7143 -1832.36
1378.86 1152.37
847.181 -1574.78
1907.04 -1154.96
1044.56 -1364.52
-1822.58 1406.38
-1994.72 993.607
1641.56 -1432.08
1719.18 -876.515
-1833.09 188.369
-303.336 1628.72
1557.56 1363.07
1039.05 -1360.88
