672.859 -720.164
599.553 -910.815
290.751 -66.1493
-556.44 -1239.33
-1938.69 133.826
-856.013 -1760.84
-99.7976 189.386
406.85 1093.3
-523.434 -563.515
-1586.66 1073.26
883.852 1468.08
1041.65 -1308.37
172.767 -484.746
1760.69 -712.165
393.503 -31.4895
-1800.28 -933.638
1248.35 799.271
155.546 -460.902
-1266.88 1599.11
299.766 -1205.57
-267.068 1443.75
-966.415 1633.13
-366.861 1440.44
726.431 1109.71
-1123.08 1139.77
182.968 1760.77
607.85 -775.378
-1547.6 -1219.38
739.876 -1786.91
68.4519 -866.62
181.602 268.17
199.741 -570.051
-932.558 -1644.71
969.047 -199.436
1954.39 -731.187
594.993 -312.674
-1287.43 1628.58
-679.54 345.704
1069.01 -1953.11
-544.59 1945.93
1186.66 1638.38
1706.71 -205.492
-1137 -1840.89
575.125 1602.88
-1627.8 -1356.42
-1263.74 553.802
911.747 935.997
1983.75 1979.19
1291.29 952.797
-220.248 1245.68
-1778.39 -1625.25
-1067 -1065.82
-1996.68 253.464
1279.88 1072.34
300.355 -1264.71
1018.27 -512.987
-1626.33 724.977
1281.52 -763.332
884.086 -143.354
-1160.46 1256.29
500.223 -424.2
-189.913 -588.03
-1488.2 -206.162
-608.842 1803.08
-1253.36 1170.91
1048.76 -1031.75
1545.66 1981.77
-97.5793 1548.98
235.23 -817.699
621.317 -1464.41
-82.4094 -360.412
22.5979 291.258
-1635.43 -695.881
1527.93 1248.65
1160.76 -1632.53
504.937 -339.013
-56.7305 -1684.98
1072.96 455.066
108.862 -1535.88
258.148 855.497
1635.03 -693.09
1823.74 1180.68
-711.324 -273.838
729.66 1523.91
908.463 -649.023
-1940.51 -1173.95
990.565 82.0892
1117.31 1355.13
1386.21 645.238
603.782 546.973
1012.71 -891.281
-1792.04 -1044.02
-576.257 1280.92
1411.04 1532.6
1745.03 -330.808
388.101 1380.06
976.102 211.842
560.738 -1735.22
1938 -709.602
1788.68 846.468
