2 13 46
11 21 32
15 17 43
11 18 32
1 9 47
6 20 45
0 37 42
13 37 44
2 24 26
6 15 43
18 20 45
11 12 26
2 21 46
12 24 26
12 17 39
6 15 45
6 19 20
17 29 43
29 38 43
0 22 39
22 39 48
2 30 37
35 40 42
16 33 36
33 35 40
33 40 41
25 33 36
25 33 41
14 40 41
2 13 37
2 24 30
10 28 46
20 21 23
10 14 28
14 28 44
5 20 23
10 23 46
5 10 23
21 23 46
16 33 47
7 29 49
4 29 49
17 29 39
8 27 35
1 27 35
1 33 35
14 37 44
5 10 36
0 8 22
9 16 47
14 40 42
6 38 43
1 27 49
7 22 29
18 20 21
4 9 34
1 9 49
3 6 31
2 11 26
0 8 35
2 11 21
4 9 49
0 35 42
3 6 38
7 22 49
13 28 44
0 37 39
1 33 47
29 39 48
4 29 38
11 15 17
11 12 17
8 22 49
10 25 36
11 18 45
13 28 46
9 16 34
24 30 37
12 37 39
12 24 37
3 4 38
14 25 41
10 14 25
14 37 42
6 19 31
18 21 32
11 15 45
8 27 49
22 29 48
