11 21 32
15 17 43
12 15 17
1 9 47
4 7 29
0 22 27
6 20 45
9 34 47
3 4 29
13 37 44
2 24 26
11 12 26
12 17 39
15 18 45
6 15 45
6 19 20
17 39 48
3 29 38
29 38 43
4 7 49
7 48 49
22 48 49
1 9 27
0 8 42
1 8 27
0 8 27
1 8 47
16 34 47
35 40 42
16 33 36
33 35 40
25 33 36
25 33 41
2 24 30
10 28 46
14 28 44
10 25 41
5 20 23
10 23 46
35 42 47
8 42 47
0 39 42
16 33 47
18 32 45
9 27 49
22 27 49
24 26 39
12 26 39
7 43 48
17 43 48
14 37 44
14 40 42
13 21 46
14 28 41
4 9 34
0 22 48
7 29 43
2 11 26
3 15 19
3 15 43
12 15 32
3 19 31
2 11 21
20 21 45
33 35 47
4 9 49
15 18 32
13 28 44
23 25 36
3 38 43
13 28 46
0 39 48
24 30 37
14 33 40
20 21 46
2 13 21
2 13 30
13 30 37
11 12 32
14 33 41
14 37 42
6 15 19
21 32 45
20 23 46
10 23 25
5 23 36
24 39 42
10 28 41
24 37 42
