11 21 32
15 17 43
11 18 32
0 22 27
6 20 45
3 4 29
0 37 42
6 15 43
18 20 45
6 19 20
4 7 49
0 22 39
22 39 48
8 35 42
0 30 37
0 8 42
0 8 27
16 34 47
35 40 42
16 33 36
5 10 25
14 40 41
14 40 44
14 28 44
5 20 23
5 25 36
5 10 23
37 40 42
25 36 40
35 36 40
16 33 47
24 30 39
8 27 35
1 27 35
24 26 39
12 26 39
2 26 30
24 26 30
25 40 41
25 28 41
11 15 26
10 21 46
6 38 43
1 27 49
13 21 46
14 28 41
10 13 46
6 11 15
6 29 38
10 13 28
18 20 21
4 9 34
1 9 49
3 6 19
7 22 48
2 11 26
12 15 26
7 17 39
6 11 45
1 35 47
3 19 31
10 20 21
33 35 47
4 9 49
7 27 49
13 28 44
1 9 34
10 20 23
4 7 17
7 22 27
11 18 45
11 13 21
1 34 47
2 13 30
13 30 37
13 37 40
13 40 44
17 38 43
0 30 39
33 35 36
15 17 39
17 29 38
18 21 32
4 17 29
3 6 29
7 39 48
2 11 13
12 15 39
10 25 28
