53 263 331
43 182 319
32 181 281
17 64 71
211 283 310
146 205 250
17 29 64
13 130 305
176 206 249
176 229 249
149 257 340
101 121 202
36 247 348
36 247 279
32 35 136
91 223 241
55 63 94
54 247 279
1 4 14
149 194 257
1 45 295
4 14 165
86 184 196
36 159 210
188 229 328
161 215 262
219 304 318
298 318 328
168 217 318
72 266 334
95 172 258
95 243 327
8 309 315
79 214 332
79 193 323
139 146 250
44 193 323
84 144 303
258 266 334
76 220 297
240 296 339
0 13 214
81 216 259
102 157 325
26 140 325
102 216 237
155 231 239
205 250 332
48 87 170
78 173 186
185 222 230
28 102 325
28 236 287
230 245 306
225 291 333
272 274 316
185 225 333
5 10 175
128 175 233
9 85 246
185 225 230
271 293 322
66 118 269
134 138 255
107 134 244
69 90 112
67 187 235
69 112 226
50 59 272
22 169 276
114 128 342
63 235 265
4 94 165
20 116 294
56 70 223
20 119 210
17 19 27
62 247 348
36 70 279
27 119 210
34 56 223
34 56 294
36 70 159
116 235 265
34 223 338
223 265 338
55 63 265
4 63 94
1 4 63
1 14 45
7 91 251
124 145 164
142 164 257
54 279 343
136 229 288
164 194 257
136 229 249
52 346 349
124 145 162
249 346 349
206 249 349
124 138 164
52 124 166
124 138 166
134 138 166
144 207 324
77 115 312
77 115 262
2 176 229
76 161 215
39 95 334
172 313 327
95 172 327
2 188 229
285 298 318
219 318 328
32 181 247
217 304 318
71 168 217
64 71 168
168 300 318
143 243 280
285 300 318
156 285 298
143 156 282
154 243 311
29 116 331
82 154 243
39 95 243
80 82 310
95 258 334
72 125 221
72 266 345
31 183 341
31 125 299
53 301 326
211 283 321
53 321 331
53 167 263
183 212 326
53 167 301
65 192 227
110 120 192
167 263 309
75 212 326
190 261 302
24 65 192
198 208 261
75 174 326
75 174 208
31 299 341
97 299 341
97 267 341
120 192 227
120 190 302
120 238 302
38 139 250
38 51 129
38 51 139
51 126 153
83 88 111
8 51 126
123 214 332
98 123 252
146 261 302
79 205 332
193 209 347
0 42 256
79 256 323
57 117 296
0 13 104
131 201 240
152 240 296
79 193 205
201 240 339
44 193 209
97 198 307
97 299 307
220 266 345
61 76 297
76 220 266
61 76 161
100 201 339
57 296 339
207 224 324
84 204 303
84 134 144
100 278 284
178 278 303
140 157 325
28 102 287
28 89 325
81 216 237
102 216 287
92 157 178
46 117 337
46 158 337
13 104 305
123 141 214
83 88 203
68 74 335
68 132 286
78 173 259
6 30 173
6 11 130
216 259 287
111 132 286
173 186 218
3 48 253
74 335 336
18 40 132
151 199 336
18 111 132
30 47 200
9 177 246
218 253 275
186 218 275
10 170 177
5 9 10
5 175 306
10 87 170
186 239 275
9 10 177
21 177 246
253 254 275
155 231 260
21 155 246
16 60 213
225 230 245
191 222 260
5 9 85
191 222 230
85 191 260
5 230 306
60 175 306
22 50 59
60 114 175
189 245 314
16 60 114
114 128 175
103 128 342
16 105 213
103 128 272
109 180 316
180 274 316
50 272 316
50 58 316
180 293 322
180 274 322
195 271 322
26 41 325
137 195 271
137 292 320
189 292 314
242 292 320
134 244 255
138 164 194
182 197 277
43 148 319
93 264 320
137 271 293
58 109 148
58 109 316
101 163 234
171 270 289
127 163 248
268 273 340
127 202 268
86 121 184
187 196 235
86 99 196
121 202 268
45 273 295
86 101 121
99 187 196
99 187 226
69 228 289
90 171 289
69 90 289
169 270 330
147 169 276
59 128 272
22 49 59
49 59 233
59 128 233
23 276 308
147 276 308
37 67 73
33 37 329
113 319 320
65 301 309
167 301 309
229 288 328
219 288 328
219 288 304
281 288 304
68 286 335
92 102 157
7 91 343
28 291 333
90 179 308
91 223 265
92 117 290
87 199 335
79 214 256
83 111 286
145 162 251
84 204 269
146 238 302
72 80 334
160 258 313
76 258 266
76 160 258
84 134 269
75 198 208
61 224 297
70 223 343
75 198 267
70 279 343
131 220 297
48 87 335
146 193 205
7 35 54
64 280 331
44 131 323
29 64 331
33 37 67
22 23 276
143 156 243
30 200 218
240 256 323
85 155 260
75 183 212
150 234 248
118 264 320
56 70 159
35 54 247
68 74 132
53 183 321
53 183 326
113 148 319
89 245 291
0 117 337
2 77 176
239 254 275
50 58 106
49 179 308
199 335 336
21 48 254
163 234 248
47 286 335
25 270 317
50 106 108
62 122 247
45 142 257
44 299 345
121 273 295
44 209 307
44 299 307
43 197 234
86 99 101
91 241 343
55 91 94
51 139 232
102 135 237
69 101 228
24 309 315
14 91 251
136 281 288
228 270 317
143 280 300
80 211 221
41 189 242
63 235 295
14 91 165
121 268 273
217 281 304
105 272 274
6 30 96
48 170 177
52 162 346
3 47 48
75 267 341
19 36 122
20 210 294
55 91 265
11 96 214
243 280 311
47 48 335
16 103 114
80 82 243
15 74 151
14 145 251
10 87 199
56 159 210
146 232 238
65 301 326
52 124 162
33 49 233
27 36 210
51 98 129
88 123 252
10 151 199
90 147 171
33 67 179
7 54 343
51 153 232
3 47 200
97 198 267
98 123 250
67 112 226
21 239 254
35 136 249
100 201 224
12 138 194
12 149 277
30 83 286
91 94 165
33 49 179
121 184 295
18 40 252
26 118 320
85 155 246
89 189 325
17 29 119
139 146 232
67 187 226
0 214 256
125 211 221
14 142 164
21 48 177
169 171 270
0 42 152
43 182 197
24 65 309
14 45 142
161 262 324
92 102 158
28 236 260
77 188 262
244 255 277
88 123 141
69 101 226
44 220 345
37 233 329
88 203 214
110 126 315
3 200 218
25 106 148
30 96 203
82 154 283
26 41 242
104 158 337
3 218 253
110 232 238
21 155 239
30 47 286
34 116 294
90 112 179
39 80 334
6 173 259
137 292 314
7 35 249
42 152 240
7 249 346
101 163 202
65 174 227
231 236 260
16 103 105
17 27 119
6 11 96
56 210 294
71 122 181
17 19 71
162 251 346
74 151 336
57 117 290
96 203 214
154 311 321
147 169 171
174 190 208
34 116 338
77 176 312
172 258 313
19 71 122
22 50 108
15 40 74
19 27 36
38 98 129
115 133 324
72 80 221
25 270 330
26 66 118
7 251 346
183 211 321
280 321 331
26 66 140
150 197 234
0 152 296
109 148 180
72 125 299
28 89 291
188 298 328
12 255 277
30 173 218
133 134 166
89 189 245
57 284 290
33 233 329
6 130 259
1 63 295
123 250 332
38 98 250
32 35 247
148 234 344
22 108 169
46 92 158
92 178 278
107 244 264
100 284 339
99 101 226
100 207 224
101 234 317
101 228 317
102 135 158
36 122 348
103 105 272
105 195 274
103 114 342
104 135 305
88 111 252
104 135 158
51 98 252
105 245 314
105 213 245
106 108 169
106 169 330
25 106 330
107 118 269
107 118 264
80 211 310
110 126 153
110 153 232
72 299 345
110 120 238
18 111 252
67 112 179
113 137 320
127 163 202
113 137 293
113 148 293
28 222 260
115 133 176
0 117 296
115 176 312
29 116 119
228 270 289
116 265 338
58 106 148
12 149 194
30 83 203
120 174 190
120 174 227
40 74 132
231 236 239
122 181 247
82 283 310
60 213 306
125 183 211
31 125 183
48 253 254
188 215 262
8 126 315
66 204 269
130 135 237
130 135 305
13 130 214
75 183 341
5 191 230
44 131 220
131 201 224
131 224 297
46 92 117
131 240 323
23 49 308
133 144 324
133 134 144
133 166 176
107 134 269
213 245 306
32 136 281
28 222 333
93 182 277
105 137 314
92 278 290
140 178 303
66 140 204
88 141 214
143 282 300
71 181 281
195 274 322
24 110 192
248 268 340
144 207 278
144 278 303
42 240 256
71 217 281
146 193 347
215 298 313
37 73 233
148 180 293
43 148 234
25 148 317
90 147 308
148 317 344
57 284 339
2 77 188
150 197 340
154 283 321
156 243 327
156 282 300
156 313 327
156 298 313
184 196 235
14 145 164
115 262 324
160 215 313
61 161 224
161 224 324
223 241 343
166 206 349
166 176 206
52 166 349
64 168 280
168 280 300
26 242 320
93 244 264
93 182 320
182 319 320
184 235 295
12 138 255
65 174 326
150 248 340
78 186 236
188 215 298
189 242 292
41 189 325
20 116 119
76 160 215
257 273 340
140 204 303
100 207 278
190 208 261
62 122 348
234 317 344
5 85 191
209 261 307
209 261 347
140 157 178
11 130 214
39 80 243
149 277 340
0 104 337
185 222 333
186 236 239
236 259 287
78 236 259
130 237 259
81 237 259
22 23 49
105 137 195
93 244 277
127 248 268
156 285 300
24 110 315
45 257 273
225 245 291
198 261 307
146 261 347
197 277 340
278 284 290
280 311 321
