62 181 247
35 162 251
53 263 331
43 182 319
91 162 251
17 64 71
97 198 208
127 248 340
17 29 64
13 130 305
228 317 344
149 257 340
101 121 202
1 63 235
36 247 348
91 223 241
1 235 295
91 162 165
54 247 279
1 4 14
14 145 162
184 268 273
188 229 328
136 162 346
161 215 262
219 304 318
298 318 328
64 282 300
20 29 116
95 243 327
139 232 238
98 123 332
8 309 315
38 129 332
75 212 267
79 214 332
11 13 96
44 131 297
76 220 297
42 152 296
0 13 214
102 157 325
11 13 130
205 250 332
78 173 186
185 222 230
28 102 325
28 236 287
89 189 291
272 274 316
185 225 333
5 10 175
128 175 233
185 225 230
41 242 292
271 293 322
66 118 269
196 235 295
228 289 317
69 90 112
67 187 235
58 106 108
22 169 276
114 128 342
63 235 265
20 29 119
20 116 294
56 70 223
17 19 122
29 64 280
29 280 331
62 247 348
20 70 294
20 159 210
34 56 223
34 294 338
56 70 294
34 56 294
36 70 159
20 70 159
116 265 294
116 235 265
34 223 338
265 294 338
55 91 223
55 63 265
14 162 165
55 94 165
1 4 63
184 196 295
55 91 165
142 164 257
7 241 343
7 35 251
32 35 54
54 279 343
164 194 257
32 136 288
52 346 349
206 249 349
52 166 176
52 124 166
133 176 312
124 138 166
77 115 262
298 313 327
219 281 304
156 298 327
76 161 215
172 313 327
2 188 229
285 298 318
219 318 328
219 281 288
181 281 304
17 71 122
64 168 300
168 300 318
143 243 280
298 313 328
143 156 282
154 243 311
29 116 331
82 154 243
154 283 311
39 95 243
39 82 243
80 82 310
39 80 82
160 172 313
160 172 258
160 258 266
72 80 310
220 299 345
53 301 326
211 283 321
53 167 263
183 212 341
183 212 326
53 167 301
167 263 309
75 212 326
65 227 301
139 238 302
24 192 315
24 65 315
97 299 341
174 190 261
120 192 227
8 110 126
38 51 129
38 250 332
38 51 139
51 126 153
8 51 126
98 129 252
123 214 332
79 205 332
98 129 332
0 79 256
0 79 214
0 42 256
79 256 323
0 13 104
131 201 240
152 240 296
201 240 339
44 193 209
97 198 307
97 299 307
76 160 266
125 299 345
220 266 345
76 220 266
61 76 161
100 207 297
131 201 297
100 144 207
207 224 297
107 264 269
100 278 303
66 204 303
100 278 284
46 92 157
178 278 303
157 178 303
93 107 264
140 157 325
28 102 287
28 89 325
135 158 237
102 216 287
46 157 158
46 117 337
46 158 337
0 42 296
88 141 203
123 141 214
51 129 252
18 40 88
83 88 203
6 30 173
173 200 218
30 47 335
173 186 218
48 199 336
3 48 253
30 173 200
15 74 336
30 68 286
151 199 336
18 111 132
10 87 151
30 47 200
48 87 199
15 151 336
87 151 199
186 218 275
10 170 177
85 191 230
5 9 10
5 175 306
10 87 170
186 239 275
21 177 246
21 253 254
21 155 246
21 155 254
185 222 260
191 222 260
191 222 230
85 191 260
5 230 306
5 85 230
60 114 175
60 213 245
16 103 342
16 114 342
114 128 175
103 128 342
16 105 213
50 272 316
113 293 319
109 148 293
41 189 292
118 264 269
93 113 319
134 244 255
93 107 244
138 194 255
12 194 255
138 164 194
182 197 277
93 264 320
93 113 320
58 109 148
58 109 316
101 163 234
171 270 289
101 127 202
127 163 248
121 184 268
268 273 340
86 101 226
86 121 184
187 196 235
121 202 268
86 99 226
45 273 295
184 273 295
101 127 163
86 101 121
99 187 196
99 187 226
69 228 289
67 112 187
270 289 317
169 270 330
147 169 276
147 276 308
33 37 329
53 326 331
225 314 333
291 314 333
65 301 315
100 297 339
201 297 339
44 297 299
189 291 314
229 288 328
219 288 328
54 247 281
28 291 333
90 179 308
92 117 290
83 111 286
82 211 310
72 80 334
78 186 239
102 157 237
81 216 239
105 195 322
77 133 312
77 115 133
61 76 224
37 73 179
67 73 179
155 239 254
70 279 343
70 247 279
70 223 241
70 241 343
69 112 187
149 150 277
6 11 30
82 211 283
68 111 132
68 111 286
23 33 276
38 250 347
7 35 54
143 156 243
38 146 347
77 188 215
2 229 312
240 256 323
22 59 276
85 155 260
59 103 272
150 234 248
118 264 320
81 102 216
68 74 132
43 148 293
32 136 162
0 117 337
239 254 275
282 285 318
49 59 128
81 102 237
163 234 248
69 90 171
25 270 317
242 271 320
66 140 157
44 209 307
44 299 307
43 293 319
106 148 344
43 150 197
198 209 261
125 299 341
28 236 333
51 139 232
75 97 267
69 187 226
117 240 296
69 101 228
36 70 247
175 245 306
11 130 173
84 107 244
8 110 120
17 27 210
38 139 302
13 104 337
17 19 210
40 141 252
69 171 289
21 87 177
231 236 333
52 162 346
205 209 347
3 253 254
174 198 261
3 47 48
183 326 331
6 11 173
52 176 349
13 305 337
243 280 311
47 48 335
55 265 338
25 106 317
18 83 88
3 218 275
136 249 349
79 205 323
52 124 162
43 150 234
20 27 210
90 147 171
76 224 297
7 54 343
51 153 232
3 47 200
134 166 255
15 18 40
137 242 292
38 146 302
12 149 277
30 83 286
12 149 257
137 189 292
41 118 242
4 55 63
85 155 246
89 189 325
17 29 119
231 239 260
125 211 221
49 128 233
14 142 164
40 88 141
169 171 270
109 180 274
43 182 197
14 45 295
113 271 320
78 81 239
8 120 192
11 30 96
78 81 259
72 221 310
14 45 142
161 262 324
84 144 204
75 97 208
23 59 276
244 255 277
69 101 226
138 166 255
37 233 329
4 14 94
3 200 218
30 96 203
82 154 283
12 194 257
32 54 288
31 211 341
110 232 238
15 18 74
77 215 262
103 105 322
90 112 179
39 80 334
146 190 302
48 74 335
42 152 240
100 204 303
16 103 105
17 27 119
137 271 322
18 83 111
19 159 210
106 317 344
57 117 290
21 48 253
95 258 327
21 48 87
147 169 171
48 74 336
2 188 312
22 50 108
23 233 329
78 130 173
3 254 275
22 50 272
22 59 272
72 258 266
23 49 233
23 33 329
115 133 324
137 195 322
33 37 308
26 66 118
183 211 321
26 66 140
105 195 314
55 223 338
1 14 295
141 203 214
59 103 128
98 141 252
28 89 291
12 255 277
64 280 282
24 65 227
133 134 166
125 221 266
66 157 303
57 284 290
33 276 308
26 41 140
5 85 246
23 49 59
190 261 347
205 240 323
148 234 344
39 258 334
39 95 258
22 108 169
41 140 325
57 240 339
8 192 315
100 284 339
97 212 267
98 123 141
99 184 196
149 150 340
86 99 184
100 144 204
103 272 322
122 159 348
105 245 314
105 213 245
106 108 169
168 217 304
106 169 330
25 106 270
84 107 204
107 204 269
58 108 316
50 108 316
109 274 316
113 271 293
20 27 119
109 293 322
109 180 322
78 130 259
110 126 153
110 153 232
62 122 181
110 120 238
67 112 179
72 258 334
30 74 335
60 114 213
0 117 296
57 117 240
58 106 148
118 242 320
30 83 203
120 174 190
120 174 227
4 55 94
131 193 240
231 236 239
183 321 331
71 122 217
122 181 304
138 162 164
31 125 211
18 74 132
125 266 345
31 125 341
66 204 269
130 135 237
130 135 305
72 221 266
106 270 330
13 203 214
44 131 193
93 182 319
46 92 117
133 144 324
54 281 288
133 134 144
133 166 176
135 158 337
135 305 337
127 202 340
181 247 281
10 177 246
136 346 349
137 189 314
93 182 277
137 195 314
124 138 162
176 206 229
142 257 273
45 142 273
155 239 260
87 170 177
144 224 324
144 207 224
84 144 244
134 144 244
172 258 327
42 240 256
13 96 203
37 73 233
43 148 234
90 147 308
57 284 339
216 239 287
174 208 301
156 243 327
157 158 237
157 178 290
92 157 290
14 145 164
115 262 324
36 159 348
19 122 159
160 215 313
61 161 224
180 272 274
161 224 324
37 179 308
97 212 341
183 211 341
167 309 315
167 301 315
32 35 162
174 198 208
60 175 245
176 206 349
180 272 322
14 94 165
185 231 333
198 209 307
185 231 260
150 197 277
150 248 340
24 192 227
77 188 312
41 189 325
120 190 238
190 238 302
146 190 347
76 160 215
174 227 301
257 273 340
64 168 217
202 268 340
193 205 209
193 205 240
206 229 249
26 41 118
62 122 348
208 301 326
176 229 312
168 304 318
75 208 326
209 261 347
9 10 246
0 104 337
188 215 328
215 313 328
220 297 299
122 217 304
211 221 310
205 250 347
225 230 306
225 245 306
225 245 314
101 228 234
64 71 217
228 234 344
145 162 164
16 114 213
280 283 311
130 237 259
81 237 259
30 68 74
236 239 287
7 241 251
91 241 251
137 242 271
93 244 277
282 285 298
136 249 288
229 249 288
5 9 246
278 284 290
178 278 290
143 280 282
280 283 331
156 282 298
282 300 318
283 321 331
