62 181 247
90 171 179
53 263 331
115 133 312
66 140 303
2 77 312
17 64 71
211 283 310
97 198 208
127 248 340
146 205 250
62 71 122
17 29 64
52 124 346
78 259 287
176 206 249
28 260 333
149 197 277
149 257 340
101 121 202
1 63 235
1 4 14
149 194 257
4 14 165
161 215 262
62 71 181
44 209 299
39 72 80
198 307 347
98 123 332
11 83 203
38 129 332
258 266 334
76 220 297
78 236 287
0 13 214
81 216 259
26 140 325
78 173 186
47 335 336
28 102 325
28 236 287
230 245 306
89 189 291
28 89 333
5 10 175
128 175 233
9 85 246
41 242 292
271 293 322
66 118 269
228 289 317
69 226 228
69 90 112
67 187 235
43 148 344
58 106 108
114 128 342
33 179 308
27 29 119
63 235 265
4 94 165
20 116 294
56 70 223
19 27 210
29 64 280
62 247 348
36 70 279
34 56 223
34 294 338
34 56 294
36 70 159
116 235 265
34 223 338
223 265 338
1 4 63
7 91 251
142 164 257
7 241 343
32 281 288
54 279 343
136 229 288
136 229 249
32 136 288
52 346 349
2 176 312
206 249 349
52 124 166
124 138 166
144 207 324
77 115 312
115 161 262
156 298 327
95 172 327
2 188 229
71 168 217
64 71 168
168 300 318
143 243 280
156 282 285
298 313 328
156 285 298
143 156 282
154 243 311
82 154 243
39 72 334
160 172 313
160 172 258
160 258 266
72 211 221
31 125 299
154 283 310
53 301 326
53 321 326
53 321 331
53 167 263
65 167 301
53 167 301
110 120 192
65 167 309
167 263 309
24 192 315
120 190 227
24 65 315
75 174 326
209 307 347
97 208 267
97 267 341
209 299 307
120 192 227
120 232 238
8 110 126
38 51 129
38 250 332
51 126 153
8 51 126
98 129 252
98 123 252
98 129 332
193 209 347
0 79 256
0 42 256
79 256 323
57 117 296
0 13 104
152 240 296
44 193 209
97 198 307
97 299 307
76 160 266
125 299 345
220 266 345
61 76 297
76 220 266
61 76 161
100 201 339
57 296 339
100 144 207
207 224 324
107 264 269
46 92 157
178 278 303
28 102 287
28 89 325
102 158 237
135 158 237
81 216 237
92 157 178
46 92 290
117 296 337
46 158 337
13 96 214
104 296 337
88 141 203
11 96 203
123 141 252
123 141 214
88 141 252
51 129 252
83 88 203
68 74 335
68 132 286
78 173 259
6 30 173
6 11 130
6 130 173
130 173 259
216 259 287
173 200 218
173 186 218
78 186 231
3 48 253
30 173 200
186 231 239
74 335 336
151 199 336
15 151 336
9 177 246
186 218 275
10 170 177
85 191 230
5 9 10
5 175 306
10 87 170
186 239 275
9 10 177
21 177 246
21 155 254
78 231 236
189 225 291
191 222 260
5 9 85
5 230 306
5 85 230
60 114 175
16 105 272
16 103 342
114 128 175
103 128 342
16 105 213
16 103 272
180 274 316
58 148 344
180 293 322
180 274 322
113 293 319
41 189 292
105 213 314
26 41 325
137 292 320
189 292 314
242 292 320
118 264 269
134 244 255
149 197 340
182 197 277
93 264 320
93 113 320
58 109 148
43 234 344
171 270 289
101 127 202
127 163 248
268 273 340
86 121 184
121 202 268
86 99 226
45 273 295
101 127 163
99 187 226
69 228 289
101 226 228
67 112 187
50 108 169
270 289 317
147 171 270
23 33 308
58 106 344
22 50 169
22 49 59
23 276 308
147 276 308
33 37 179
49 233 329
33 37 329
266 334 345
219 304 328
46 290 337
117 290 337
219 288 304
281 288 304
285 304 318
18 132 286
0 79 332
89 185 333
83 88 286
91 223 265
145 162 251
88 111 286
107 144 244
188 229 288
80 82 154
80 143 243
79 250 332
21 246 260
61 224 297
285 304 328
37 73 179
67 73 179
155 239 254
70 223 343
70 279 343
131 220 297
69 112 187
68 74 336
68 132 336
6 11 30
161 215 313
146 193 205
7 35 54
47 87 199
22 23 276
86 121 226
60 114 342
240 256 323
59 103 272
150 234 248
118 264 320
27 116 119
35 54 247
38 146 250
4 63 265
56 70 210
43 148 293
50 274 316
239 254 275
282 285 318
49 59 128
48 87 254
163 234 248
47 48 87
69 90 171
25 270 317
46 102 158
45 142 257
38 51 232
44 299 345
60 245 314
43 293 319
70 159 210
43 277 319
43 197 234
2 77 115
72 221 345
72 80 211
58 180 316
55 91 94
17 19 29
18 132 336
69 187 226
137 271 320
72 334 345
8 65 315
201 207 224
54 247 348
47 68 286
175 245 306
14 91 251
143 280 300
32 136 346
39 172 334
14 91 165
38 139 302
22 147 169
121 268 273
20 56 210
22 50 274
217 281 304
2 176 249
69 171 289
21 87 254
105 272 274
21 87 177
3 253 254
174 198 261
3 47 48
19 36 122
183 212 267
55 91 265
124 138 194
80 82 243
14 145 251
25 106 317
10 87 199
116 294 338
136 249 349
65 301 326
43 182 277
58 109 180
2 115 262
11 30 83
47 200 286
20 27 210
10 151 199
19 36 159
7 54 343
51 153 232
3 47 200
134 166 255
15 18 40
38 146 302
12 138 194
101 317 344
12 149 277
30 83 286
3 200 254
91 94 165
41 118 242
18 40 252
205 250 323
89 189 325
7 35 346
131 220 345
231 239 260
54 279 348
125 211 221
49 128 233
14 142 164
0 42 152
43 182 197
14 45 295
113 271 320
99 196 235
15 18 336
8 65 309
14 45 142
84 144 204
75 267 326
0 123 332
28 236 260
30 200 286
244 255 277
138 166 255
4 94 265
285 298 328
37 233 329
104 130 305
39 80 327
31 211 341
79 250 323
39 95 172
104 158 337
200 254 275
90 112 179
7 91 223
146 190 302
137 292 314
147 179 308
42 152 240
65 174 227
60 213 314
231 236 260
243 311 321
47 199 336
8 110 192
211 212 283
20 27 116
137 271 322
17 19 71
19 159 210
106 317 344
204 269 303
57 117 290
96 203 214
20 56 294
154 311 321
39 95 327
21 155 260
32 35 346
188 219 288
19 71 122
22 147 276
89 185 291
22 272 274
22 59 272
124 164 346
36 279 348
23 49 329
23 33 329
80 154 310
115 133 324
137 195 322
26 66 118
280 321 331
26 66 140
200 218 275
105 195 314
150 197 234
1 14 295
2 229 249
141 203 214
59 103 128
109 148 180
12 255 277
31 97 341
24 65 227
133 134 166
100 278 339
46 102 157
66 269 303
57 284 290
32 35 247
190 261 347
85 191 246
147 171 179
131 201 323
92 178 278
8 192 315
80 143 156
55 94 265
107 244 264
201 296 339
11 96 130
99 184 196
86 99 184
99 187 235
101 228 317
36 122 348
102 140 157
105 195 274
185 225 245
13 104 130
104 135 305
88 111 252
172 298 313
104 135 158
201 240 323
104 152 296
75 174 267
110 120 153
106 108 169
168 217 304
106 169 330
25 106 270
84 107 204
107 204 269
80 211 310
145 164 346
58 108 316
50 108 316
113 271 293
110 126 153
13 96 130
18 111 252
67 112 179
113 277 319
93 113 277
120 153 232
38 139 232
102 237 287
115 161 324
29 116 119
116 265 338
118 242 320
163 234 344
12 149 194
101 121 226
121 184 273
18 111 286
124 194 257
124 164 257
48 253 254
31 125 211
188 215 262
139 232 302
174 208 267
130 135 237
1 196 295
130 135 305
106 270 330
133 166 312
44 131 193
131 193 323
212 267 326
131 201 224
131 224 297
44 131 345
133 144 324
133 134 144
0 123 214
7 223 241
127 202 340
181 247 281
136 346 349
92 278 290
137 195 314
140 178 303
84 107 144
155 239 260
143 282 300
87 170 177
31 97 299
144 204 303
193 205 323
71 181 281
195 274 322
134 144 244
100 144 278
144 278 303
42 240 256
145 162 346
71 217 281
146 193 347
37 73 233
147 270 330
147 169 330
148 180 293
57 284 339
150 197 340
154 283 321
14 145 164
76 160 161
160 161 313
61 161 224
161 224 324
0 104 152
223 241 343
101 163 344
29 116 280
166 206 349
166 176 206
52 166 349
183 211 341
166 176 312
7 162 251
64 168 280
168 280 300
172 298 327
172 258 334
174 198 208
60 175 245
93 244 264
47 68 335
183 267 341
185 191 222
12 138 255
185 191 230
185 230 245
185 225 291
65 174 326
150 248 340
24 192 227
196 273 295
188 219 328
2 188 262
41 189 325
120 190 238
190 238 302
146 190 347
191 246 260
102 140 325
190 227 261
184 196 273
257 273 340
100 201 207
201 240 296
202 268 340
26 41 118
62 122 348
168 304 318
32 247 281
183 211 212
140 157 178
212 283 321
212 321 326
60 213 342
16 213 342
188 215 328
215 313 328
19 27 29
1 196 235
125 221 345
185 222 333
222 260 333
225 245 314
189 225 314
80 156 327
232 238 302
130 237 259
81 237 259
22 23 49
216 237 287
93 244 277
45 257 273
198 261 347
174 227 261
278 284 290
7 162 346
278 284 339
116 280 331
243 280 321
282 300 318
