22 245 302
303 426 462
222 318 483
326 353 384
266 289 425
1 55 151
13 287 387
10 205 460
68 75 153
175 357 478
34 192 453
26 53 471
222 278 483
354 371 426
295 399 443
17 67 229
17 149 349
227 312 355
268 319 347
17 57 231
79 225 430
67 141 149
179 429 455
48 207 312
42 267 293
117 218 248
94 256 493
77 275 284
14 77 338
288 424 496
2 127 440
202 398 440
156 317 424
65 156 403
127 205 416
2 12 440
5 215 309
38 222 318
251 475 497
78 109 150
251 297 497
16 24 119
439 458 479
322 333 419
91 160 446
215 309 451
381 426 462
148 246 383
1 61 152
8 120 260
92 297 497
172 181 260
88 472 477
175 263 478
95 313 357
78 109 177
102 447 473
36 313 337
103 173 279
209 332 401
125 454 472
68 153 187
233 376 428
186 415 454
110 374 469
15 162 281
107 265 348
192 264 315
6 268 348
158 295 443
226 453 499
164 319 391
67 141 323
90 258 348
22 138 356
18 22 302
138 356 430
79 98 121
129 198 388
319 320 347
89 129 247
48 198 207
23 51 466
138 308 339
237 245 468
110 438 469
93 106 157
341 420 428
204 255 484
157 390 492
10 205 351
243 390 492
31 185 203
365 404 408
270 408 492
18 100 404
290 334 482
129 168 247
37 50 62
62 203 314
256 330 418
41 276 363
370 386 485
370 386 455
182 345 459
99 345 459
81 360 400
4 364 494
134 142 389
326 353 393
50 62 444
86 277 336
42 122 487
32 42 293
266 286 425
171 266 286
269 324 392
27 284 331
199 416 460
236 305 372
64 71 375
3 238 390
238 321 341
193 283 362
33 64 285
33 285 465
362 387 395
250 287 419
13 387 395
63 145 446
39 70 486
212 322 416
133 311 450
156 317 327
116 190 194
66 213 457
202 228 338
101 200 253
80 147 410
183 210 232
38 318 359
43 411 437
342 411 489
201 295 489
201 342 489
24 119 411
105 411 437
24 411 489
43 406 411
342 406 411
434 458 479
382 475 497
97 251 303
354 426 479
97 303 426
82 458 470
215 431 451
439 458 470
381 426 434
426 434 479
301 354 371
278 301 483
318 439 483
301 354 479
63 160 446
272 303 309
91 160 191
146 309 462
146 296 462
405 439 470
132 145 221
160 191 441
63 311 445
91 191 240
191 240 431
5 146 309
5 91 146
5 91 215
193 283 423
333 362 436
39 423 431
58 70 329
362 387 436
283 362 395
283 395 451
181 219 260
166 395 451
166 395 491
166 176 491
272 309 451
272 303 442
303 309 462
382 442 475
176 382 491
135 219 394
92 135 297
8 47 260
36 181 313
61 135 297
92 382 497
92 113 135
61 135 219
250 387 436
250 287 387
13 120 465
8 120 465
219 260 394
260 394 395
47 172 260
95 341 428
8 47 465
47 321 465
109 313 357
175 357 421
109 357 421
36 181 219
109 177 313
172 181 313
177 313 337
109 150 421
19 78 150
102 257 473
19 78 473
28 102 257
78 257 473
1 55 152
55 152 476
251 366 476
115 447 473
148 174 383
115 173 447
165 197 417
103 173 447
16 279 490
165 174 417
88 148 169
115 148 169
165 197 490
197 417 498
155 246 401
295 399 401
214 332 368
332 399 401
125 214 332
155 209 401
148 155 246
88 148 155
19 88 477
211 217 226
7 397 499
186 211 415
75 211 226
130 332 368
211 214 217
195 241 254
214 254 368
7 217 499
34 192 265
217 226 499
107 143 348
397 453 499
7 217 241
107 136 195
45 234 306
73 325 443
130 332 399
72 130 306
72 130 399
158 325 443
15 158 325
15 45 162
195 241 315
17 231 281
162 281 449
15 57 158
15 57 231
136 281 449
15 231 281
149 335 349
67 229 323
137 164 319
141 300 323
141 149 164
17 67 149
54 137 300
40 268 348
40 143 348
107 136 349
107 195 264
124 349 377
40 124 143
7 241 315
195 264 315
7 315 397
90 265 348
6 258 348
79 225 249
6 79 258
207 227 312
6 79 98
79 131 258
159 268 347
126 207 220
137 319 320
98 121 355
159 227 355
79 121 299
121 312 355
48 168 312
126 179 388
126 179 220
48 168 198
129 168 198
89 129 474
168 247 466
23 118 299
87 121 299
118 249 299
23 87 299
118 225 249
79 249 299
21 237 467
23 118 237
22 46 245
18 396 448
270 373 404
106 448 469
22 46 356
18 22 396
138 308 430
308 430 463
22 138 396
192 315 397
34 438 453
192 397 453
25 396 438
25 34 438
438 452 453
263 376 428
187 263 452
110 438 452
68 175 415
68 175 187
175 187 263
263 428 478
93 233 374
93 157 420
110 233 374
110 376 452
110 233 376
263 376 452
106 374 469
93 106 374
20 106 448
20 106 157
270 404 408
270 373 492
50 343 365
18 100 302
139 204 255
139 204 242
242 372 402
30 353 393
50 167 444
83 353 444
139 167 255
62 273 314
30 353 444
134 276 418
31 94 185
185 314 379
273 314 379
62 123 273
37 123 292
37 62 123
343 365 404
84 343 404
37 84 100
84 100 404
21 433 467
185 203 314
140 334 482
290 482 485
140 334 379
94 290 334
89 140 482
89 474 482
129 179 429
129 179 388
29 370 378
386 429 455
74 218 409
74 218 248
99 370 409
99 370 459
29 370 455
182 378 459
29 378 427
370 378 459
74 99 409
290 485 493
94 290 493
31 330 393
248 256 418
252 330 393
276 330 418
35 134 389
154 364 494
142 208 389
134 142 418
60 208 345
56 182 294
182 294 378
56 189 294
294 378 427
358 361 389
60 208 389
223 358 361
294 427 461
189 294 461
282 358 495
154 461 494
154 223 282
0 32 435
81 161 400
289 298 435
154 223 364
60 358 389
223 282 358
60 358 495
44 81 494
44 298 494
298 425 494
0 44 298
42 346 480
307 346 480
35 144 161
49 326 384
49 363 384
41 134 276
122 171 413
42 267 480
104 108 384
59 244 413
171 180 266
32 435 487
122 244 413
122 171 180
42 104 346
122 180 487
0 298 435
32 42 487
180 289 487
289 435 487
274 324 432
180 266 289
425 457 494
289 298 425
86 235 413
274 286 425
230 274 286
274 425 432
324 392 432
69 392 432
69 101 253
66 200 271
188 275 304
96 275 304
27 188 275
111 183 232
200 210 271
232 304 398
232 398 440
216 262 284
216 235 385
77 262 284
27 275 284
216 284 331
216 262 385
14 77 280
77 262 280
3 243 390
235 305 385
305 372 402
196 204 236
3 196 243
3 33 238
10 71 351
71 316 351
316 340 351
10 369 460
10 71 369
288 488 496
199 350 369
287 350 419
199 322 350
199 369 460
205 416 460
2 127 416
14 310 385
310 340 351
14 338 412
14 310 412
77 228 338
202 228 398
202 338 440
190 317 327
156 327 403
11 212 416
11 212 424
199 322 416
212 424 496
322 350 419
212 322 496
58 329 496
206 422 488
70 193 329
63 328 445
39 471 486
63 160 328
58 445 471
26 445 471
63 145 221
58 133 422
133 206 450
133 206 422
145 147 194
405 446 470
178 184 407
145 405 446
145 147 407
163 380 410
178 380 410
80 147 194
327 403 456
163 403 456
12 163 380
111 170 232
12 170 259
111 170 259
112 178 380
12 259 380
66 200 253
183 210 271
111 183 259
66 253 457
66 213 271
425 432 457
52 405 457
85 112 380
85 112 114
184 367 407
114 367 405
184 224 367
301 479 483
439 479 483
438 448 469
414 429 485
386 429 485
179 427 455
29 427 455
283 423 451
423 431 451
422 488 496
415 454 472
415 472 477
150 415 421
175 415 421
414 482 485
127 412 440
361 389 400
20 373 448
119 366 411
105 366 411
223 361 364
43 359 406
349 377 391
335 349 391
307 346 384
104 346 384
345 352 495
344 371 426
310 340 385
93 233 420
107 124 143
4 361 400
97 105 344
105 251 366
104 122 244
28 257 337
316 340 464
42 104 122
243 408 484
102 103 151
37 100 292
200 232 304
69 269 291
370 409 485
91 240 431
85 213 380
0 32 480
235 261 331
95 172 481
94 334 379
94 185 379
92 113 491
39 53 441
51 89 466
409 485 493
230 261 324
214 241 254
92 382 491
88 115 169
95 357 478
52 85 457
99 142 208
101 188 291
159 320 347
82 381 434
36 61 219
90 308 463
338 412 440
57 158 229
82 434 458
261 291 331
73 399 443
100 292 379
176 272 451
216 235 331
80 190 194
96 228 275
80 163 410
80 163 456
47 172 321
204 242 372
79 131 463
20 157 492
76 305 402
112 184 224
9 76 86
95 428 478
75 153 187
85 114 405
19 150 415
233 420 428
137 164 300
58 70 471
83 353 402
69 253 457
69 269 392
21 23 237
68 211 415
50 84 343
2 65 416
56 182 345
193 329 333
63 221 450
4 81 494
34 265 339
26 53 445
65 156 424
89 247 466
3 239 464
246 383 498
59 104 108
59 86 413
17 57 229
56 345 352
76 86 336
296 381 462
55 366 476
55 103 151
54 137 320
44 81 480
214 217 241
1 36 61
45 162 449
33 64 375
322 329 333
21 89 140
2 12 65
91 146 296
209 332 472
95 321 481
152 297 476
165 173 490
1 28 337
52 85 405
86 108 277
225 356 430
49 276 330
39 191 431
71 239 316
14 262 280
125 186 211
59 86 108
21 23 51
196 236 305
88 209 472
69 432 457
99 208 345
19 415 477
6 98 268
4 81 360
80 190 327
85 213 457
72 73 399
310 351 412
91 296 446
39 191 441
83 242 402
74 142 418
102 103 447
63 311 450
12 170 440
81 144 161
11 65 416
53 160 441
90 265 339
35 161 400
98 268 355
200 210 232
296 446 470
40 268 319
43 278 344
124 377 391
16 24 490
1 102 151
35 144 480
23 168 466
125 211 214
9 235 305
90 308 339
14 262 385
49 326 393
49 252 330
35 307 480
88 115 473
76 277 353
74 248 418
1 28 102
15 45 73
64 285 369
15 73 325
107 124 349
21 140 433
1 36 337
167 255 365
4 361 364
70 193 423
39 53 471
95 321 341
75 187 452
34 138 339
127 205 351
188 291 331
213 259 271
45 72 306
45 234 449
239 316 464
9 76 305
3 196 464
272 382 442
80 327 456
53 328 445
87 121 312
116 221 450
9 86 235
159 227 320
322 329 496
55 119 366
204 236 372
40 319 391
188 200 304
74 99 142
225 237 468
136 281 349
226 452 453
23 87 168
56 189 352
13 285 465
228 304 398
70 471 486
117 218 409
302 433 467
81 144 480
174 417 498
30 62 203
32 267 293
123 292 379
55 103 119
49 252 393
230 261 286
94 256 330
69 101 291
105 344 437
34 138 396
76 277 336
245 356 468
25 34 396
301 344 371
83 139 242
38 43 359
68 75 211
38 43 278
38 222 278
225 356 468
65 163 403
12 65 163
196 385 464
41 307 384
41 363 384
43 344 437
40 124 391
71 239 375
32 267 480
49 276 363
87 168 312
24 489 490
53 160 328
91 215 431
13 285 287
129 414 474
171 235 413
112 178 184
170 232 440
157 390 420
112 114 367
112 224 367
302 379 433
61 152 297
31 94 330
113 135 395
45 72 73
116 132 145
116 132 221
117 409 493
16 119 279
103 119 279
149 335 391
54 220 320
13 120 395
120 260 395
123 273 379
117 248 493
125 186 454
126 198 388
126 198 207
88 155 209
127 351 412
76 353 402
237 302 467
251 297 476
128 201 342
128 342 406
129 414 429
178 407 410
190 206 488
133 311 445
77 228 275
21 51 89
58 133 445
4 360 400
41 134 307
135 394 395
136 195 234
136 234 449
59 104 244
139 167 444
83 139 444
140 379 433
3 33 375
190 317 424
108 277 384
145 367 407
145 367 405
115 148 173
148 173 174
149 164 391
340 385 464
97 344 426
261 269 324
54 229 300
154 189 282
154 189 461
39 70 423
131 258 463
35 389 400
116 190 450
141 164 300
165 173 174
171 235 286
19 88 473
172 321 481
173 279 490
174 383 498
166 176 451
177 257 337
78 177 257
50 167 365
101 188 200
27 188 331
261 269 291
18 373 448
190 288 424
190 206 450
147 407 410
190 288 488
193 333 362
116 145 194
35 134 307
196 305 385
75 226 452
197 295 401
197 246 401
285 350 369
197 489 490
396 438 448
58 422 496
197 295 489
18 373 404
196 204 243
113 395 491
31 203 393
30 203 393
204 243 484
251 303 442
11 65 424
207 227 320
207 220 320
37 50 84
255 365 484
213 259 380
130 306 368
64 71 369
125 332 472
189 282 352
118 225 237
20 373 492
96 228 304
229 300 323
230 274 324
234 254 306
365 408 484
237 245 302
238 341 420
0 44 480
33 238 465
238 321 465
82 296 470
3 239 375
90 258 463
414 474 482
30 62 444
128 359 406
243 408 492
95 172 313
46 245 356
197 246 498
195 234 254
248 256 493
82 296 381
250 333 419
250 333 436
251 442 475
183 259 271
235 261 286
60 345 495
107 264 265
192 264 265
176 272 382
159 268 355
277 353 384
17 281 349
282 352 495
285 287 350
238 390 420
97 105 251
278 301 344
100 302 379
79 430 463
254 306 368
