22 245 302
23 51 237
303 426 462
82 446 470
68 75 153
175 357 478
26 53 471
108 277 353
130 254 306
222 278 483
186 214 454
354 371 426
295 399 443
17 67 229
17 149 349
118 237 468
29 179 455
268 319 347
17 57 231
79 225 430
121 168 312
48 207 312
42 267 293
117 218 248
94 256 493
225 430 468
86 277 413
14 77 338
9 76 402
288 424 496
2 127 440
205 310 351
202 398 440
156 317 424
11 65 156
65 156 403
127 205 416
116 132 450
2 12 440
278 344 437
251 475 497
78 109 150
251 297 497
97 105 437
16 24 119
91 160 446
53 441 471
381 426 462
13 120 260
148 246 383
113 382 491
1 61 152
8 120 260
88 472 477
175 263 478
95 313 357
78 109 177
102 447 473
36 313 337
295 489 490
103 173 279
16 103 119
454 472 477
125 454 472
68 153 187
233 376 428
186 415 454
15 162 281
125 214 454
107 265 348
158 295 443
164 319 391
164 335 391
137 141 300
159 227 347
217 241 254
90 258 348
22 138 356
308 339 463
18 22 302
131 430 463
319 320 347
23 51 466
20 373 404
138 308 339
237 245 468
110 438 469
396 448 469
341 420 428
204 255 484
157 390 492
10 205 351
243 390 492
31 185 203
270 408 492
18 100 404
290 334 482
87 121 168
137 220 320
386 414 429
129 168 247
370 409 493
37 50 62
256 330 418
41 276 363
182 345 459
99 345 459
81 360 400
117 248 256
4 364 494
104 307 346
104 108 244
134 142 389
59 108 244
326 353 393
50 62 444
277 336 353
86 277 336
171 286 413
266 286 425
171 266 286
269 324 392
235 286 413
285 287 369
199 416 460
236 305 372
64 71 375
3 238 390
193 283 362
33 64 285
33 285 465
3 239 316
63 221 311
250 287 419
63 145 446
11 156 424
39 70 486
190 206 288
133 311 450
156 317 327
206 288 488
190 288 317
116 190 194
202 228 338
101 200 253
80 147 410
183 210 232
16 489 490
38 318 359
43 278 437
201 342 406
43 411 437
201 295 489
201 342 489
24 119 411
16 24 489
105 411 437
43 406 411
97 344 437
278 344 371
97 303 426
82 458 470
215 431 451
439 458 470
381 426 434
301 354 371
301 439 483
318 439 483
301 354 479
301 439 479
63 160 446
82 296 446
82 381 462
272 303 309
82 296 462
91 160 191
146 296 446
405 439 470
132 145 221
91 146 446
215 240 431
160 191 441
91 191 240
191 240 431
5 146 309
5 91 146
329 333 362
193 283 423
333 362 436
39 423 431
58 70 329
362 387 436
166 176 272
283 395 451
181 219 260
166 395 451
166 395 491
176 382 442
166 176 491
166 272 451
303 309 462
382 442 475
303 442 475
176 382 491
135 219 394
1 36 219
8 47 260
394 395 491
61 135 297
92 113 135
61 135 219
113 135 491
135 394 491
13 260 395
250 387 436
250 287 387
13 120 465
219 260 394
260 394 395
47 172 481
95 341 428
47 321 481
109 313 357
95 357 428
109 177 313
172 181 313
177 313 337
1 28 36
109 150 421
78 257 337
150 175 415
150 415 477
19 78 150
150 175 421
19 150 477
19 78 473
28 102 257
28 36 257
78 177 337
36 257 337
1 61 219
119 366 476
251 366 476
115 447 473
115 173 447
173 174 279
16 103 279
165 197 417
103 173 447
197 295 490
165 174 417
115 173 174
197 383 498
174 383 417
88 148 169
115 148 169
197 246 383
383 417 498
165 197 490
197 417 498
295 399 401
214 332 368
125 214 332
148 155 246
88 148 155
19 88 477
415 454 477
186 211 214
75 153 452
75 226 453
7 397 499
75 211 226
130 332 368
211 214 217
195 241 254
214 254 368
7 217 499
214 217 254
34 192 265
107 143 348
195 234 306
7 217 241
195 254 306
45 234 306
130 254 368
73 325 443
72 130 306
158 325 443
45 162 234
17 136 349
162 234 449
17 231 281
162 281 449
15 57 231
136 281 449
15 231 281
17 136 281
149 335 349
67 229 323
54 229 323
137 164 319
54 300 323
137 141 164
141 300 323
149 164 335
141 149 164
17 67 149
54 137 300
40 377 391
40 124 377
107 136 349
124 349 377
7 241 315
7 315 397
90 265 348
356 430 468
90 131 258
6 258 348
79 225 249
6 79 98
90 131 463
159 268 347
227 320 347
126 207 388
126 207 220
137 319 320
54 137 220
98 121 355
159 227 355
121 312 355
48 168 312
126 179 388
126 179 220
48 168 198
87 168 466
168 247 466
23 118 299
87 121 299
23 87 466
118 249 299
23 87 299
118 225 249
79 249 299
118 225 468
23 118 237
22 46 245
270 373 404
106 448 469
20 404 448
22 46 356
79 131 430
308 430 463
22 138 396
138 265 339
192 315 397
192 397 453
25 34 138
34 138 265
25 138 396
25 34 438
110 438 452
153 187 452
68 175 415
68 175 187
175 187 263
357 428 478
93 157 420
110 376 452
110 233 376
106 374 469
93 106 374
20 106 448
93 420 428
270 404 408
270 373 492
18 100 302
83 167 444
30 31 203
83 139 167
139 204 255
139 204 242
242 372 402
76 336 353
9 305 402
50 167 444
50 167 255
139 167 255
62 273 314
30 31 393
30 203 444
134 276 418
31 94 185
62 203 444
185 314 379
273 314 379
273 292 379
62 123 273
123 273 292
37 123 292
37 62 123
37 292 379
18 404 448
37 100 379
37 84 100
84 100 404
21 433 467
140 334 379
94 290 334
21 51 140
51 89 140
89 474 482
129 179 429
129 179 388
29 179 427
386 414 485
370 485 493
99 370 409
99 370 459
29 370 455
182 378 459
370 378 459
74 99 409
117 256 493
94 290 493
31 330 393
248 256 418
252 326 393
252 330 393
276 330 418
35 134 389
60 345 352
142 208 389
134 142 418
56 189 495
60 208 345
56 182 294
182 294 378
56 189 294
294 378 427
60 352 495
189 282 495
56 352 495
60 208 389
223 358 361
189 282 461
282 358 495
154 461 494
154 282 461
154 223 282
0 32 435
81 161 400
223 282 358
60 358 495
360 361 400
4 360 494
4 360 361
44 81 494
81 360 494
44 298 494
0 44 298
35 144 161
49 326 384
49 252 363
49 252 326
49 363 384
41 134 276
104 307 384
104 108 384
59 244 413
59 108 277
59 277 413
171 180 266
32 435 487
122 171 180
0 298 435
180 289 487
274 324 432
289 298 425
86 235 413
230 274 286
324 392 432
69 392 432
69 101 253
230 261 269
111 183 232
12 232 440
200 210 271
2 12 163
232 304 398
96 228 398
232 398 440
216 262 284
77 262 284
216 261 331
9 86 305
216 235 261
3 316 375
14 77 280
77 262 280
310 340 464
305 385 464
3 243 390
305 372 402
196 204 236
3 196 239
3 196 243
10 71 351
239 340 464
196 239 464
239 316 340
316 340 351
329 333 496
10 71 369
287 350 369
288 488 496
199 350 369
287 350 419
199 322 350
199 369 460
205 416 460
2 11 65
2 127 416
310 340 351
14 338 412
14 310 412
77 228 338
202 228 398
202 338 440
2 11 416
190 317 327
156 327 403
116 190 206
288 317 424
11 212 416
11 212 424
212 424 496
322 350 419
212 322 496
58 329 496
39 441 471
206 422 488
39 471 486
63 160 328
58 445 471
26 445 471
63 145 221
116 206 450
58 133 422
133 206 450
133 206 422
145 147 194
132 145 194
116 132 194
405 446 470
178 184 407
145 405 446
112 178 224
145 147 407
85 213 259
183 213 271
85 259 380
178 380 410
80 147 194
327 403 456
163 403 456
12 170 232
111 170 232
12 170 259
183 213 259
111 170 259
112 178 380
12 259 380
183 210 271
111 183 259
52 85 114
66 213 271
425 432 457
114 224 367
52 405 457
112 114 224
178 184 224
184 367 407
184 224 367
290 482 493
386 455 485
283 423 451
423 431 451
422 488 496
333 419 496
322 419 496
414 482 485
127 412 440
30 393 444
434 439 479
361 389 400
13 387 465
263 376 478
376 428 478
93 374 428
301 371 483
370 378 427
29 370 427
119 366 411
105 366 411
223 361 364
354 434 479
71 351 375
349 377 391
335 349 391
344 371 426
108 326 384
80 190 456
107 124 143
105 251 366
102 103 151
200 232 304
146 296 309
35 161 389
98 121 299
69 269 291
97 303 475
97 251 475
0 32 480
274 286 432
95 172 481
94 334 379
94 185 379
51 89 466
286 425 432
89 334 482
88 115 169
209 399 401
86 235 385
52 85 457
218 248 409
99 142 208
101 188 291
82 381 434
341 390 420
338 412 440
57 158 229
82 434 458
261 291 331
73 399 443
44 81 144
78 102 257
80 190 194
62 185 314
96 228 275
86 305 385
80 163 410
238 321 390
80 163 456
180 293 487
204 242 372
20 157 492
211 217 499
9 76 86
75 438 452
15 73 162
72 332 399
72 130 332
12 163 410
58 70 471
83 353 402
69 253 457
69 269 392
47 238 465
68 186 415
50 84 343
16 165 174
56 182 345
33 64 238
26 53 445
89 247 466
22 396 448
68 186 211
108 326 353
47 172 181
207 312 355
161 389 400
15 57 325
17 57 229
16 174 279
60 358 361
56 345 352
76 86 336
43 201 406
55 103 151
24 342 406
168 198 388
13 283 387
237 302 433
209 332 472
135 297 497
95 321 481
10 205 369
38 318 483
104 244 346
152 297 476
223 364 494
48 207 388
92 475 497
14 385 464
179 386 455
289 298 487
39 191 431
14 262 280
70 193 362
196 236 305
88 209 472
69 432 457
99 208 345
6 98 268
85 213 457
72 73 399
13 283 395
25 396 469
39 191 441
5 272 309
47 238 321
83 242 402
296 309 462
5 215 272
74 142 418
102 103 447
84 365 408
81 144 161
27 77 275
53 160 441
119 152 476
180 266 425
90 265 339
83 353 393
98 268 355
27 216 331
176 272 303
200 210 232
38 278 359
25 438 469
40 268 319
482 485 493
370 455 485
1 102 151
6 40 268
5 215 240
35 144 480
70 329 362
67 149 323
20 93 157
14 262 385
35 307 480
88 115 473
192 265 315
16 165 490
74 248 418
1 28 102
2 65 163
64 285 369
15 73 325
107 124 349
47 120 465
21 140 433
241 264 315
42 267 346
24 342 489
4 361 364
43 128 278
5 91 240
84 343 365
63 311 328
70 193 423
45 73 162
60 361 389
237 433 467
62 185 203
95 321 341
83 393 444
92 113 475
235 262 385
200 253 271
14 310 464
79 98 299
188 291 331
209 246 401
213 253 457
45 72 306
109 175 421
6 79 131
316 351 375
354 426 434
53 328 445
20 93 106
113 382 475
207 227 355
24 406 411
57 158 325
204 236 372
40 319 391
188 200 304
74 99 142
8 47 120
90 339 463
138 308 356
127 205 310
27 216 284
70 471 486
117 218 409
27 188 304
84 404 408
298 457 494
89 140 334
285 287 387
52 114 367
32 267 293
55 103 119
230 261 286
94 256 330
69 101 291
245 356 468
278 371 483
21 51 467
43 128 201
55 151 152
83 139 242
12 380 410
89 247 474
68 75 211
38 222 278
38 222 483
65 163 403
51 237 467
41 307 384
41 363 384
47 181 260
44 144 480
48 198 388
32 267 480
115 148 383
128 278 359
6 131 258
52 367 405
53 160 328
196 305 464
129 414 474
109 175 357
157 390 420
302 379 433
321 341 390
61 152 297
31 94 330
45 72 73
112 114 380
85 114 380
117 409 493
55 119 152
267 307 346
66 253 271
122 244 346
42 122 346
40 124 348
27 77 284
136 195 264
88 155 209
127 310 412
76 353 402
96 275 398
251 297 476
129 414 429
178 407 410
199 212 416
132 221 311
64 238 375
132 311 450
133 311 445
226 397 453
77 228 275
124 143 348
58 133 445
41 134 307
92 135 497
136 195 234
136 234 449
107 136 264
233 374 428
140 379 433
145 367 407
145 367 405
141 149 323
97 344 426
1 151 152
34 192 438
39 70 423
434 439 458
78 102 473
187 263 376
129 168 388
19 88 473
171 244 413
122 171 244
276 330 363
154 223 494
176 303 442
32 293 487
189 294 427
179 386 429
187 376 452
101 188 200
27 188 331
261 269 291
189 427 461
190 327 456
147 407 410
35 134 307
115 174 383
27 275 304
180 289 425
197 295 401
298 435 487
215 272 451
197 246 401
58 422 496
199 212 322
196 204 243
50 255 343
204 243 484
205 369 460
207 227 320
207 220 320
209 332 399
37 50 84
211 226 499
6 40 348
18 22 448
66 213 253
275 304 398
42 180 293
181 219 313
64 71 369
75 438 453
125 332 472
20 373 492
129 247 474
230 274 324
110 233 469
233 374 469
216 235 262
237 245 302
3 238 375
0 44 480
33 238 465
298 425 457
195 241 264
42 122 180
414 474 482
192 438 453
243 365 484
243 408 492
155 209 246
243 365 408
95 172 313
46 245 356
74 248 409
36 219 313
285 387 465
250 333 419
250 333 436
255 343 484
235 261 286
107 264 265
264 265 315
267 307 480
159 268 355
283 362 387
97 105 251
230 269 324
100 302 379
308 356 430
311 328 445
226 397 499
343 365 484
252 330 363
