22 245 302
23 51 237
20 157 373
303 426 462
222 318 483
326 353 384
266 289 425
82 446 470
13 287 387
10 205 460
68 75 153
26 53 471
222 278 483
354 371 426
72 73 306
295 399 443
17 67 229
17 149 349
227 312 355
118 237 468
29 179 455
268 319 347
17 57 231
79 225 430
67 141 149
179 429 455
48 207 312
42 267 293
77 275 284
14 77 338
9 76 402
288 424 496
202 398 440
156 317 424
65 156 403
127 205 416
2 12 440
5 215 309
38 222 318
251 475 497
78 109 150
251 297 497
16 24 119
439 458 479
322 333 419
283 431 451
39 431 441
191 431 441
215 309 451
381 426 462
13 120 260
148 246 383
113 382 491
1 61 152
8 120 260
92 297 497
172 181 260
88 472 477
175 263 478
61 251 297
95 313 357
19 115 169
78 109 177
102 447 473
36 313 337
102 151 447
103 119 151
295 489 490
125 454 472
68 153 187
233 376 428
186 415 454
110 374 469
15 162 281
107 265 348
192 264 315
6 268 348
17 158 229
158 295 443
226 453 499
164 319 391
67 141 323
217 241 254
90 258 348
22 138 356
308 339 463
18 22 302
138 356 430
79 98 121
131 430 463
319 320 347
48 198 207
21 379 433
23 51 466
20 373 404
138 308 339
237 245 468
110 438 469
396 438 469
93 106 157
341 420 428
204 255 484
157 390 492
37 84 343
243 390 492
31 185 203
196 243 484
365 404 408
270 408 492
18 100 404
290 334 482
129 168 247
185 334 379
256 330 418
41 276 363
370 386 485
74 99 345
370 386 455
182 345 459
99 345 459
81 360 400
104 307 346
134 142 389
326 353 393
50 62 444
76 83 402
86 277 336
171 286 413
32 42 293
266 286 425
171 266 286
235 286 413
285 287 369
236 305 372
196 204 484
64 71 375
285 287 465
3 238 390
193 283 362
33 64 285
33 285 465
3 239 316
283 423 431
250 287 419
63 145 446
39 70 486
133 311 450
156 317 327
190 194 327
116 190 194
202 228 338
147 178 410
101 200 253
80 147 410
183 210 232
38 318 359
278 301 371
201 342 406
128 201 406
43 128 406
201 295 489
201 342 489
24 119 411
105 411 437
342 406 411
434 458 479
278 344 371
97 251 366
97 251 303
354 426 479
97 303 426
82 458 470
215 431 451
439 458 470
381 426 434
426 434 479
301 354 371
301 439 483
278 301 483
318 439 483
301 354 479
301 439 479
63 160 446
82 296 446
82 381 462
272 303 309
82 296 462
91 160 191
146 309 462
146 296 446
146 296 462
405 439 470
132 145 221
215 240 431
160 191 441
63 311 445
91 191 240
191 240 431
5 146 309
5 91 146
329 333 362
193 283 423
39 193 423
333 362 436
39 423 431
58 70 329
193 329 362
362 387 436
166 176 272
283 395 451
181 219 260
166 395 451
166 395 491
166 176 491
272 309 451
166 272 451
272 303 442
303 309 462
382 442 475
176 382 491
135 219 394
92 135 297
8 47 260
36 181 313
61 135 297
92 113 135
61 135 219
113 135 491
13 260 395
250 387 436
250 287 387
13 287 465
13 120 465
8 120 465
219 260 394
260 394 395
47 172 481
47 172 260
95 341 428
8 47 465
321 341 481
47 321 481
47 321 465
95 341 481
95 357 428
36 181 219
172 181 313
177 313 337
1 28 36
109 150 421
78 257 337
150 415 477
19 78 150
102 257 473
19 88 169
19 78 473
28 102 151
28 102 257
78 257 473
28 36 257
78 177 337
36 257 337
1 55 152
119 366 476
251 366 476
97 105 366
55 119 151
115 447 473
115 173 447
165 197 417
103 151 447
197 295 490
165 174 417
115 173 174
88 148 169
19 115 473
115 148 169
165 197 490
197 417 498
125 209 332
295 399 401
125 209 472
148 155 246
88 148 155
75 211 415
75 226 453
211 217 226
7 397 499
186 211 415
75 211 226
130 332 368
211 214 217
7 217 499
34 192 265
217 226 499
107 143 348
397 453 499
195 234 306
7 217 241
73 325 443
72 130 306
45 73 325
17 57 158
17 231 281
162 281 449
15 57 158
15 57 231
136 281 449
15 231 281
149 335 349
67 229 323
137 164 319
141 300 323
141 149 164
17 67 149
54 137 300
40 268 348
107 195 264
124 349 377
107 192 264
7 315 397
90 265 348
90 131 258
6 258 348
79 225 249
207 227 312
90 131 463
159 268 347
6 159 268
126 207 220
137 319 320
98 121 355
159 227 355
121 312 355
126 179 388
126 179 220
48 168 198
87 168 466
168 247 466
23 118 299
21 51 237
23 87 466
118 249 299
23 87 299
118 225 249
79 249 299
118 225 468
46 245 468
21 237 467
23 118 237
22 46 245
245 302 433
18 396 448
270 373 404
20 404 448
22 46 356
18 22 396
138 308 430
46 356 468
79 131 430
308 430 463
22 138 396
192 315 397
34 438 453
107 192 265
25 34 138
25 396 438
75 452 453
25 138 396
25 34 438
263 376 428
187 263 452
68 75 415
68 175 415
68 175 187
175 187 263
263 428 478
357 428 478
93 157 420
110 233 374
110 376 452
110 233 376
263 376 452
106 374 469
93 106 374
20 106 448
20 106 157
93 420 428
270 404 408
18 100 302
30 31 203
50 255 484
139 242 402
76 83 353
242 372 402
9 305 402
83 139 402
50 167 444
50 167 255
139 167 255
62 273 314
30 31 393
30 203 444
134 276 418
31 94 185
62 203 444
185 314 379
273 314 379
273 292 379
62 123 273
123 273 292
37 123 292
37 62 123
37 292 379
18 404 448
343 365 404
37 100 379
37 84 100
21 140 379
21 433 467
51 247 466
94 185 334
140 334 379
94 290 334
21 51 140
51 89 247
51 89 140
89 474 482
129 179 429
129 179 388
29 179 427
386 429 455
117 218 493
99 370 409
99 370 459
29 370 455
29 378 427
74 99 409
117 256 493
218 409 493
248 256 418
35 41 307
276 330 418
35 134 389
35 41 134
74 142 345
154 364 494
142 208 389
134 142 418
142 208 345
60 208 345
56 182 294
56 189 294
294 378 427
358 361 389
60 208 389
223 358 361
189 282 461
294 427 461
189 294 461
154 461 494
154 282 461
154 223 282
81 161 400
289 298 435
154 223 364
60 358 389
223 282 358
60 358 495
161 361 400
360 361 400
4 360 361
44 81 494
81 360 494
44 298 494
0 44 298
307 346 480
35 144 161
252 276 330
49 326 384
49 252 363
252 276 363
41 134 276
41 307 363
104 307 384
104 108 384
42 122 244
230 235 261
59 244 413
171 180 266
32 435 487
122 171 180
32 42 487
180 289 487
289 435 487
274 324 432
180 266 289
289 298 425
86 235 413
274 286 425
274 425 432
324 392 432
69 392 432
69 101 253
69 101 188
101 188 304
188 275 304
69 291 392
69 188 291
230 261 269
27 188 275
111 183 232
101 200 304
12 232 440
200 210 271
232 304 398
96 228 398
232 398 440
216 262 284
77 262 284
27 275 284
216 261 331
216 235 261
3 316 375
14 77 280
77 262 280
310 340 464
3 243 390
305 372 402
196 204 236
3 196 239
3 196 243
3 33 238
239 340 464
196 239 464
239 316 340
316 340 351
329 333 496
10 71 369
287 350 369
288 488 496
199 350 369
287 350 419
199 322 350
205 416 460
2 11 65
2 127 416
310 340 351
14 338 412
14 310 412
77 228 338
127 338 412
202 228 398
202 338 440
2 11 416
190 317 327
156 327 403
11 212 416
11 212 424
322 333 496
212 424 496
322 350 419
212 322 496
39 70 193
70 193 329
58 70 486
58 311 445
58 471 486
63 328 445
26 328 445
160 328 441
26 53 328
53 328 441
63 160 328
58 445 471
26 445 471
63 145 221
80 194 456
133 206 450
147 178 407
145 147 194
132 145 194
116 132 194
405 446 470
178 184 407
145 405 446
112 178 224
145 147 407
85 213 259
145 405 407
183 213 271
85 259 380
163 380 410
80 147 194
163 410 456
194 327 456
80 410 456
327 403 456
163 403 456
12 170 232
111 170 232
12 170 259
183 213 259
111 170 259
52 213 457
183 210 271
111 183 259
66 213 271
425 432 457
52 85 213
52 405 457
85 112 380
178 184 224
85 112 114
184 367 407
114 367 405
184 224 367
367 405 407
290 482 493
414 429 485
386 429 485
415 454 472
415 472 477
150 415 421
175 415 421
414 482 485
43 406 437
93 374 428
119 366 411
105 366 411
223 361 364
360 364 494
71 351 375
349 377 391
335 349 391
345 352 495
344 371 426
50 343 484
107 124 143
97 105 344
212 416 460
243 408 484
200 232 304
35 161 389
6 98 258
6 98 159
79 98 131
370 409 485
214 217 368
106 396 448
0 32 480
95 172 481
34 397 453
39 53 441
89 334 482
409 485 493
88 150 477
209 399 401
218 248 409
30 83 393
406 411 437
157 270 492
159 320 347
82 381 434
36 61 219
341 390 420
82 434 458
261 291 331
73 399 443
79 87 299
44 81 144
62 185 314
96 228 275
238 321 390
204 242 372
0 32 298
112 178 410
9 76 86
75 153 187
73 234 306
85 114 405
72 332 399
72 130 332
133 311 422
137 164 300
69 253 457
56 182 345
109 175 478
63 221 450
34 265 339
37 62 343
65 156 424
61 152 476
61 251 476
1 28 55
246 383 498
59 104 108
59 86 413
53 471 486
56 345 352
76 86 336
45 73 234
54 137 320
1 36 61
45 162 449
33 64 375
109 177 357
168 198 388
13 283 387
2 12 65
7 195 241
48 87 168
15 158 443
16 165 279
104 244 346
84 100 343
52 85 405
24 342 411
92 475 497
14 385 464
86 108 277
225 356 430
14 262 280
125 186 211
59 86 108
98 131 258
29 370 459
9 235 385
196 236 305
4 360 364
88 209 472
69 432 457
28 55 151
72 73 399
13 283 395
2 127 338
74 142 418
63 311 450
19 88 150
81 144 161
119 152 476
90 265 339
83 353 393
27 216 331
200 210 232
38 278 359
50 62 343
49 307 363
329 422 488
40 268 319
43 278 344
124 377 391
482 485 493
16 24 490
5 215 240
35 144 480
125 211 214
10 199 460
14 262 385
49 326 393
30 83 444
35 307 480
182 294 459
16 165 490
76 277 353
74 248 418
291 324 392
64 285 369
107 124 349
42 267 346
24 342 489
4 361 364
43 128 278
79 87 121
5 91 240
237 433 467
62 185 203
92 113 475
235 262 385
75 187 452
34 138 339
200 253 271
14 310 464
127 205 351
106 396 469
188 291 331
209 246 401
213 253 457
109 175 421
316 351 375
45 234 449
31 252 393
272 382 442
87 121 312
113 382 475
116 221 450
9 86 235
159 227 320
9 305 385
204 236 372
40 319 391
157 270 373
136 281 349
90 339 463
56 189 352
27 216 284
29 378 459
174 417 498
298 457 494
31 252 330
89 140 334
71 205 351
2 338 440
32 267 293
32 298 435
42 180 487
49 252 393
94 256 330
105 344 437
100 343 404
76 277 336
98 159 355
146 160 446
10 199 369
89 247 474
38 222 278
225 356 468
65 163 403
12 65 163
196 385 464
58 311 422
43 344 437
44 144 480
40 124 391
48 87 312
32 267 480
115 148 383
128 278 359
24 489 490
109 357 478
129 414 474
110 452 453
157 390 420
112 114 367
112 224 367
7 195 264
302 379 433
112 380 410
321 341 390
31 94 330
116 132 221
55 119 152
16 119 279
103 119 279
149 335 391
54 220 320
66 253 271
10 71 205
40 124 348
117 218 256
125 186 454
125 214 368
126 198 388
126 198 207
88 155 209
127 310 351
127 310 412
96 275 398
129 414 429
190 206 488
77 228 275
124 143 348
133 422 488
133 206 488
135 394 395
135 395 491
136 195 234
136 234 449
59 104 244
139 167 444
83 139 444
233 374 428
3 33 375
190 317 424
108 277 384
149 164 391
97 344 426
91 146 160
54 229 300
34 192 397
161 361 389
116 190 450
15 162 325
12 163 259
163 259 380
141 164 300
165 173 174
165 173 279
129 168 388
171 244 413
122 171 244
174 383 498
204 242 255
27 188 331
261 269 291
189 352 495
189 282 358
189 358 495
177 313 357
190 288 424
190 206 450
190 288 488
39 53 486
7 264 315
136 195 349
115 174 383
107 195 349
196 305 385
197 295 401
197 246 401
199 212 322
251 303 442
11 65 424
207 227 320
207 220 320
209 332 399
199 212 460
66 213 253
275 304 398
217 254 368
45 162 325
267 346 480
218 248 256
130 306 368
64 71 369
256 290 493
229 300 323
129 247 474
230 274 324
216 235 262
365 408 484
235 274 286
230 235 274
237 245 433
0 44 480
33 238 465
238 321 465
298 425 457
241 254 306
42 122 180
195 241 306
414 474 482
139 242 255
243 408 492
155 209 246
42 244 346
269 291 324
95 172 313
197 246 498
74 248 409
125 332 368
250 333 419
250 333 436
251 442 475
94 256 290
60 345 495
176 272 382
49 307 384
277 353 384
173 279 447
17 281 349
283 362 387
110 438 453
294 378 459
230 269 324
100 302 379
254 306 368
15 325 443
343 365 484
103 279 447
58 329 422
329 488 496
