22 245 302
23 51 237
303 426 462
326 353 384
266 289 425
10 205 460
68 75 153
197 246 295
34 192 453
26 53 471
108 277 353
245 433 467
130 254 306
222 278 483
186 214 454
354 371 426
295 399 443
17 67 229
29 179 455
268 319 347
17 57 231
79 225 430
67 141 149
48 207 312
42 267 293
94 256 493
225 430 468
77 275 284
86 277 413
14 77 338
288 424 496
2 127 440
11 65 156
65 156 403
127 205 416
116 132 450
2 12 440
251 475 497
251 297 497
222 278 359
97 105 437
16 24 119
439 458 479
322 333 419
91 160 446
283 431 451
53 441 471
381 426 462
148 246 383
113 382 491
1 61 152
8 120 260
88 472 477
175 263 478
95 313 357
102 447 473
36 313 337
102 151 447
38 222 359
295 489 490
103 173 279
155 209 472
16 103 119
209 332 401
125 454 472
68 153 187
186 415 454
15 162 281
125 214 454
107 265 348
6 268 348
158 295 443
164 319 391
164 335 391
67 141 323
335 377 391
268 319 391
90 258 348
18 22 302
319 320 347
21 379 433
23 51 466
237 245 467
138 308 339
110 438 469
396 448 469
204 255 484
157 390 492
10 205 351
243 390 492
196 243 484
270 408 492
414 429 474
290 334 482
137 220 320
386 414 429
129 168 247
370 409 493
37 50 62
31 94 256
62 203 314
256 330 418
41 276 363
74 99 345
182 345 459
99 345 459
81 360 400
4 364 494
104 108 244
134 142 389
59 108 244
326 353 393
50 62 444
86 277 336
171 286 413
32 42 293
171 266 286
269 324 392
235 286 413
253 432 457
285 287 369
199 416 460
310 385 464
236 305 372
196 204 484
64 71 375
285 287 465
3 238 390
3 33 64
238 321 341
193 283 362
33 64 285
33 285 465
283 423 431
63 221 311
250 287 419
333 419 436
39 70 486
190 206 288
212 322 416
133 311 450
156 317 327
206 288 488
190 288 317
116 190 194
147 178 410
101 200 253
80 147 410
183 210 232
38 318 359
278 301 371
201 342 406
128 201 406
43 128 406
342 411 489
201 295 489
201 342 489
24 119 411
105 411 437
24 411 489
342 406 411
434 458 479
97 344 437
278 344 371
97 251 366
105 119 366
354 426 479
97 303 426
82 458 470
215 431 451
439 458 470
381 426 434
426 434 479
301 354 371
278 301 483
301 354 479
63 160 446
272 303 309
91 160 191
146 296 446
405 439 470
132 145 221
215 240 431
160 191 441
91 191 240
191 240 431
5 146 309
329 333 362
193 283 423
39 193 423
333 362 436
39 423 431
58 70 329
362 387 436
283 395 451
181 219 260
166 395 451
166 395 491
166 176 491
272 303 442
303 309 462
382 442 475
176 382 491
135 219 394
92 113 382
8 47 260
36 181 313
394 395 491
61 135 297
92 113 135
61 135 219
250 387 436
13 120 465
8 120 465
219 260 394
260 394 395
8 47 465
109 313 357
36 181 219
109 177 313
172 181 313
177 313 337
1 28 36
109 150 421
150 415 477
19 78 150
102 257 473
19 150 477
28 102 151
28 102 257
1 55 152
55 152 476
119 366 476
251 366 476
55 119 476
97 105 366
105 119 411
115 447 473
148 174 383
115 173 447
173 174 279
16 103 279
103 151 447
103 173 447
16 279 490
197 295 490
165 279 490
165 174 417
165 174 279
197 383 498
88 148 169
19 115 473
115 148 169
197 246 383
246 295 401
197 417 498
155 246 401
125 209 332
295 399 401
332 399 401
155 209 401
125 209 472
148 155 246
19 88 477
186 211 214
75 153 452
75 226 453
211 217 226
186 211 415
75 211 226
130 332 368
211 214 217
195 241 254
214 254 368
34 192 265
217 226 499
107 143 348
195 234 306
7 217 241
195 254 306
130 254 368
73 325 443
72 130 306
72 399 443
17 231 281
162 281 449
15 57 158
15 57 231
136 281 449
15 231 281
67 229 323
137 164 319
141 300 323
149 164 335
335 349 377
141 149 164
17 67 149
220 227 320
54 137 300
6 98 355
124 143 349
40 124 377
40 268 348
107 195 264
107 143 349
124 349 377
7 315 397
90 265 348
356 430 468
90 131 258
6 258 348
79 225 249
90 131 463
159 268 347
6 159 268
137 319 320
54 137 220
159 227 355
6 159 355
48 168 312
126 179 388
126 179 220
48 168 198
168 247 466
23 118 299
21 51 237
87 121 299
118 249 299
23 87 299
118 225 249
79 249 299
118 225 468
21 237 467
23 118 237
22 46 245
245 302 433
270 373 404
106 448 469
22 46 356
308 430 463
22 138 396
138 265 339
192 315 397
34 438 453
192 397 453
25 34 138
34 138 265
25 138 396
25 34 438
187 263 452
110 438 452
153 187 452
68 175 415
263 428 478
93 157 420
110 376 452
110 233 376
263 376 452
106 374 469
93 106 374
20 106 448
93 420 428
270 404 408
270 373 492
18 100 302
83 167 444
139 242 402
242 372 402
83 139 402
30 353 393
50 167 444
83 353 444
50 167 255
62 273 314
30 353 444
307 363 384
134 276 418
185 314 379
273 314 379
273 292 379
62 123 273
100 379 433
123 273 292
37 123 292
37 62 123
37 84 100
84 100 404
100 302 433
21 140 379
21 433 467
51 247 466
185 203 314
140 334 482
140 334 379
94 290 334
89 140 482
51 89 247
129 429 474
89 474 482
129 179 429
129 179 388
29 179 427
386 414 485
370 485 493
99 370 409
99 370 459
29 370 455
29 378 427
142 248 418
74 99 409
74 142 248
117 256 493
94 290 493
248 256 418
31 256 330
252 326 393
35 41 307
276 330 418
35 134 389
35 41 134
154 364 494
60 345 352
142 208 389
134 142 418
60 208 345
56 182 294
56 189 294
294 378 427
60 352 495
60 208 389
223 358 361
294 427 461
189 294 461
154 461 494
154 223 282
0 32 435
81 161 400
154 223 364
223 282 358
60 358 495
161 361 400
360 361 400
4 360 361
44 81 494
44 298 494
298 425 494
0 44 298
42 346 480
307 346 480
35 144 161
252 276 330
49 252 363
49 252 326
252 276 363
41 134 276
41 307 363
42 267 480
104 108 384
42 122 244
230 235 261
108 353 384
59 244 413
59 108 277
59 277 413
171 180 266
32 435 487
122 171 180
0 298 435
32 42 487
180 289 487
274 324 432
180 266 289
425 457 494
289 298 425
86 235 413
269 291 331
230 274 286
230 269 274
274 425 432
324 392 432
69 253 432
69 392 432
230 235 286
69 101 253
69 101 188
101 188 304
188 275 304
69 188 291
230 261 269
269 274 324
27 188 275
111 183 232
101 200 304
2 12 163
232 304 398
96 228 398
77 96 275
127 338 440
216 262 284
216 235 385
77 96 228
77 262 284
27 275 284
261 269 331
9 86 305
216 262 385
14 77 280
77 262 280
310 340 464
3 243 390
305 372 402
3 196 239
3 196 243
3 33 238
10 71 351
3 64 375
196 239 464
71 316 351
316 340 351
10 369 460
10 71 369
287 350 369
250 419 436
288 488 496
199 350 369
287 350 419
199 322 350
199 369 460
205 416 460
2 11 65
2 127 416
14 310 385
310 340 351
14 338 412
14 310 412
127 338 412
202 228 398
202 338 440
2 11 416
190 317 327
156 327 403
116 190 206
288 317 424
11 212 416
11 212 424
199 322 416
212 424 496
322 350 419
212 322 496
39 70 193
58 70 486
58 311 445
58 133 311
58 471 486
63 160 328
58 445 471
26 445 471
58 133 422
147 178 407
405 446 470
178 184 407
145 405 446
145 147 407
85 213 259
85 259 380
163 410 456
80 410 456
327 403 456
163 403 456
111 170 232
12 170 259
111 170 259
12 259 380
52 213 457
183 210 271
111 183 259
200 210 304
210 232 304
66 213 271
425 432 457
52 85 213
114 224 367
52 405 457
85 112 380
112 114 224
85 112 114
184 367 407
184 224 367
290 482 493
301 479 483
386 455 485
441 471 486
197 417 490
165 417 490
415 454 472
415 472 477
150 415 421
175 415 421
414 482 485
43 406 437
13 387 465
93 374 428
373 404 448
20 373 448
223 361 364
307 346 384
104 346 384
344 371 426
28 257 337
316 340 464
243 408 484
100 404 448
37 100 292
146 296 309
98 121 312
48 126 388
35 161 389
6 98 258
98 121 299
69 269 291
79 98 131
97 251 442
0 32 480
95 341 420
235 261 331
95 420 428
95 172 481
94 334 379
94 185 379
318 439 479
214 241 254
88 115 169
95 357 478
86 235 385
218 248 409
85 114 367
85 367 405
406 411 437
83 167 255
83 139 255
159 320 347
82 381 434
36 61 219
118 237 245
90 308 463
57 158 229
82 434 458
100 292 379
44 81 144
176 272 451
31 94 203
216 235 331
80 190 194
94 185 203
86 305 385
210 253 271
47 172 321
79 131 463
20 157 492
76 305 402
48 126 207
112 184 224
112 178 410
9 76 86
75 438 452
95 428 478
116 133 450
233 263 428
74 142 208
19 88 115
73 234 306
19 257 473
72 332 399
72 130 332
12 163 410
137 164 300
83 353 402
69 269 392
68 187 263
68 211 415
47 238 465
50 84 343
56 182 345
109 175 478
4 81 494
126 207 227
26 53 445
61 152 476
22 396 448
1 28 55
47 172 181
68 175 263
207 312 355
17 57 229
60 358 361
56 345 352
76 86 336
296 381 462
45 73 234
55 103 151
77 202 338
214 217 241
1 36 61
45 162 449
168 198 388
13 283 387
322 329 333
21 89 140
19 78 257
15 158 443
135 297 497
95 321 481
38 318 483
104 244 346
52 85 405
92 475 497
179 386 455
22 308 356
289 298 487
39 191 431
71 239 316
14 262 280
70 193 362
98 131 258
29 370 459
202 232 398
196 236 305
4 81 360
92 382 475
28 55 151
80 190 327
17 335 349
13 283 395
25 396 469
39 191 441
5 272 309
47 238 321
80 145 194
296 309 462
5 215 272
217 397 499
74 208 345
12 170 440
84 365 408
81 144 161
53 160 441
90 265 339
27 216 331
296 446 470
39 441 486
25 438 469
329 422 488
43 278 344
482 485 493
7 217 397
370 455 485
16 24 490
5 215 240
35 144 480
23 168 466
70 329 362
90 308 339
20 93 157
14 262 385
35 307 480
182 294 459
192 265 315
76 277 353
2 65 163
64 285 369
80 145 147
4 361 364
43 128 278
5 91 240
84 343 365
63 311 328
45 73 162
60 361 389
95 321 341
79 98 299
127 205 351
188 291 331
213 253 457
213 259 271
109 175 421
45 234 449
17 149 335
239 316 464
9 76 305
31 252 393
272 382 442
80 327 456
53 328 445
87 121 312
20 93 106
7 241 264
207 227 355
22 138 308
159 227 320
18 100 448
322 329 496
97 303 442
11 317 424
196 236 372
136 281 349
23 87 168
56 189 352
11 156 317
27 216 284
117 218 409
29 378 459
174 417 498
30 62 203
84 404 408
31 252 330
32 267 293
5 146 446
77 202 228
55 103 119
42 180 487
76 277 336
245 356 468
12 380 410
89 247 474
68 75 211
38 222 483
65 163 403
196 385 464
47 181 260
43 344 437
44 144 480
73 162 325
71 239 375
266 274 425
48 198 388
32 267 480
128 278 359
87 168 312
24 489 490
5 91 446
53 160 328
109 357 478
112 178 184
170 232 440
157 390 420
112 380 410
113 135 394
113 394 491
116 133 206
116 132 145
117 409 493
13 120 395
120 260 395
66 253 271
40 124 348
117 218 256
125 214 368
126 220 227
127 310 351
28 36 337
127 310 412
76 353 402
96 275 398
251 297 476
132 221 311
132 311 450
226 397 453
21 51 89
124 143 348
133 422 488
133 206 488
92 135 497
136 195 234
136 234 449
233 374 428
145 367 407
145 367 405
115 148 173
148 173 174
148 155 472
109 150 177
78 150 177
97 344 426
196 242 372
54 229 300
154 189 282
154 189 461
161 361 389
15 162 325
88 148 472
141 164 300
129 168 388
171 244 413
122 171 244
172 321 481
174 383 498
166 176 451
177 257 337
78 177 257
204 242 255
179 386 429
27 188 331
189 352 495
189 282 358
189 358 495
116 145 194
7 264 315
136 195 349
107 195 349
196 204 242
196 305 385
298 435 487
215 272 451
202 232 440
50 255 343
31 203 393
30 203 393
200 210 253
37 50 84
18 22 448
66 213 253
275 304 398
218 248 256
145 221 446
64 71 369
75 438 453
118 245 468
318 479 483
20 373 492
229 300 323
129 247 474
233 263 376
110 233 469
233 374 469
365 408 484
61 297 476
238 341 420
0 44 480
63 221 446
33 238 465
82 296 470
3 239 375
195 241 264
42 122 180
414 474 482
30 62 444
139 242 255
243 408 492
42 244 346
95 172 313
46 245 356
74 248 409
82 296 381
125 332 368
250 387 465
250 287 465
251 442 475
255 343 484
183 259 271
98 312 355
107 264 265
264 265 315
176 272 382
266 274 286
40 268 377
268 377 391
17 281 349
49 326 363
283 362 387
238 390 420
294 378 459
79 430 463
72 306 443
73 306 443
308 356 430
311 328 445
15 325 443
226 397 499
343 365 484
326 363 384
58 329 422
329 488 496
