55 60 162
51 64 124
26 81 194
13 26 194
13 26 37
13 37 64
99 114 181
14 114 160
3 115 185
64 78 145
114 160 171
24 151 171
99 139 181
22 79 147
139 147 183
22 139 147
91 119 164
23 141 180
147 153 183
8 10 28
41 61 87
7 44 150
10 32 159
47 90 196
62 88 157
19 50 196
50 169 196
77 82 94
36 46 182
4 125 153
48 130 190
40 48 190
54 104 189
84 88 154
15 57 121
100 131 188
34 54 118
67 75 106
72 92 195
29 92 131
4 39 192
5 156 172
6 57 121
15 88 143
11 66 173
21 26 37
21 37 102
21 26 126
80 126 142
3 24 124
69 138 162
55 60 102
13 64 194
24 124 151
37 64 124
20 115 179
20 51 115
5 135 172
3 51 115
112 128 166
71 72 105
24 128 166
3 128 185
3 24 128
3 51 124
55 124 151
0 38 142
38 59 162
24 137 166
56 112 137
17 49 109
22 99 139
139 181 183
23 25 141
14 114 181
14 59 160
69 138 160
23 155 180
33 127 181
25 96 119
14 59 89
0 60 80
60 80 102
0 80 142
38 60 162
38 59 155
0 38 60
136 164 180
136 155 180
10 76 159
25 119 141
43 82 146
9 41 178
9 41 87
41 61 91
61 76 87
28 61 76
8 32 101
8 28 117
101 113 117
32 101 150
101 113 150
8 101 117
8 10 32
10 28 76
77 82 133
43 82 110
140 169 196
110 132 167
140 169 187
140 158 187
47 74 140
18 129 152
43 110 132
18 176 184
158 167 176
18 167 176
158 167 187
53 152 183
53 132 186
30 53 186
53 132 152
79 147 153
40 125 129
40 129 184
27 120 177
4 79 153
120 177 193
27 48 120
63 177 193
34 42 54
27 177 182
40 48 120
47 140 196
12 83 90
47 130 190
18 129 184
40 184 190
47 83 90
44 50 94
19 44 50
7 44 94
12 68 93
12 90 93
2 68 191
47 74 190
31 47 83
31 47 130
54 83 148
48 130 148
54 118 148
12 68 199
2 68 199
54 104 199
2 104 199
84 154 168
88 154 163
27 34 118
34 36 46
67 111 170
67 100 116
63 177 182
36 75 182
67 75 111
63 111 170
62 88 143
11 15 88
107 121 161
15 165 175
107 108 121
15 108 143
15 108 121
29 92 195
15 57 175
70 131 188
6 70 188
16 73 170
67 106 116
73 131 170
16 63 170
39 52 97
95 134 144
52 105 134
22 95 144
24 49 137
72 73 92
73 92 131
128 149 185
56 71 137
5 56 149
49 71 137
112 137 166
5 135 149
35 179 198
1 135 179
98 135 172
98 135 179
98 179 198
35 103 172
29 57 123
35 58 173
58 174 175
103 123 197
29 123 197
58 123 175
11 66 174
11 15 165
57 123 175
58 66 174
58 103 123
35 58 103
58 66 173
103 172 197
156 172 197
84 168 189
69 160 162
154 168 191
132 152 167
55 151 162
151 160 171
167 169 187
82 133 146
129 152 183
119 164 180
62 107 116
105 134 144
22 99 144
33 96 127
94 110 169
50 94 169
140 158 176
7 94 133
77 94 133
84 88 189
25 96 127
67 100 170
26 81 126
81 126 145
35 78 179
20 78 179
98 172 198
126 136 142
74 176 184
74 184 190
56 71 195
63 111 182
71 72 195
62 65 157
42 65 157
65 106 116
62 65 116
36 65 75
65 75 106
135 149 185
64 81 194
79 95 97
62 108 143
61 113 117
5 56 156
56 156 195
56 112 128
21 80 102
21 80 126
55 102 124
16 39 63
74 140 176
119 141 180
38 136 142
12 54 199
9 76 87
39 63 192
17 109 171
64 81 145
16 52 105
90 93 196
6 29 131
16 72 73
14 127 181
23 59 155
22 79 95
107 116 161
32 150 159
12 54 83
17 114 171
14 89 127
29 156 195
45 86 96
11 165 175
38 136 155
19 93 196
4 120 193
31 130 148
9 45 76
100 116 188
116 161 188
4 40 125
2 104 168
126 136 164
16 39 52
45 76 85
34 36 65
1 135 185
62 107 108
4 192 193
2 168 191
19 44 68
30 122 186
1 115 179
17 99 114
19 68 93
104 168 189
4 40 120
138 151 160
43 122 159
35 172 198
6 29 57
7 146 150
138 151 162
4 39 79
17 99 144
1 115 185
9 96 119
6 70 131
154 163 191
82 94 110
7 133 146
6 161 188
6 121 161
51 64 78
53 181 183
28 61 117
129 153 183
9 119 178
37 102 124
11 174 175
76 122 159
41 91 119
23 25 89
110 167 169
30 33 53
27 48 148
27 118 148
27 34 182
34 46 182
30 33 96
30 45 86
30 45 85
23 59 89
30 86 96
30 85 122
18 152 167
52 95 97
31 83 148
125 129 153
43 122 186
88 157 189
75 111 182
34 42 65
25 89 127
9 45 96
16 72 105
100 131 170
41 119 178
71 105 144
39 79 97
43 146 159
43 132 186
76 85 122
29 156 197
59 160 162
17 49 144
49 109 171
49 71 144
20 51 78
24 49 171
52 95 134
42 54 157
33 53 181
56 128 149
63 192 193
54 157 189
146 150 159
