55 60 162
13 37 64
56 71 72
64 78 145
89 127 181
99 139 181
22 139 147
59 89 155
141 164 180
91 119 164
23 141 180
147 153 183
8 10 28
53 86 96
41 61 87
125 129 152
7 44 150
10 32 159
47 90 196
32 146 159
19 50 196
50 169 196
77 82 94
4 125 153
39 192 193
4 79 97
40 48 190
54 104 189
15 57 121
42 62 157
100 131 188
34 54 118
67 75 106
29 92 131
4 39 192
1 135 149
5 156 172
6 57 70
6 57 121
121 161 188
103 156 172
11 66 173
21 26 37
80 126 142
80 102 126
55 138 151
69 138 162
55 60 102
64 145 194
81 145 194
13 64 194
20 35 78
24 124 151
20 115 179
20 51 115
3 51 115
56 112 149
99 109 171
71 72 105
17 99 109
3 128 185
3 24 128
138 160 171
0 38 142
38 59 162
55 138 162
138 151 171
24 49 109
24 137 166
56 112 137
95 97 134
99 114 171
23 25 141
14 59 160
69 138 160
23 155 180
23 89 155
33 127 181
25 96 119
14 89 181
23 89 127
14 59 89
0 60 80
60 80 102
0 80 142
38 60 162
38 59 155
0 38 60
38 142 155
23 25 127
119 141 164
136 142 155
91 119 178
10 76 159
41 91 178
25 119 141
45 85 86
33 53 96
43 82 146
30 85 86
41 61 91
61 76 87
28 61 113
28 61 76
8 32 101
8 28 117
101 113 117
28 113 117
32 101 150
101 113 150
8 101 117
8 10 32
10 28 76
32 146 150
50 110 169
7 133 150
77 82 133
7 77 133
43 82 110
19 90 196
18 129 152
18 176 184
74 158 176
158 167 187
43 122 132
53 152 183
122 132 186
79 147 153
40 125 129
40 129 184
4 120 192
120 192 193
4 79 153
120 177 193
27 177 182
40 48 120
27 48 118
48 118 148
18 129 184
40 184 190
12 83 199
19 90 93
12 68 93
12 90 93
2 68 191
54 83 199
47 74 190
31 47 83
27 34 46
54 83 148
54 118 148
12 68 199
2 68 199
154 163 168
84 154 168
84 104 168
84 157 189
84 104 189
42 62 65
42 157 189
88 154 163
63 75 111
36 42 65
27 34 118
34 36 42
27 46 182
34 36 46
67 111 170
63 75 182
67 75 111
63 111 170
107 121 161
107 108 121
15 108 143
15 108 121
6 121 188
70 131 188
6 70 188
39 52 63
16 73 170
39 63 193
73 131 170
52 73 105
17 71 144
52 97 134
52 105 134
22 95 144
24 49 137
71 105 134
73 92 131
16 52 73
128 149 185
56 71 137
112 128 149
1 149 185
49 71 137
112 137 166
1 179 185
1 135 179
98 135 179
98 179 198
35 103 172
29 57 123
35 58 173
58 174 175
56 72 195
29 195 197
29 123 197
58 123 175
165 174 175
11 15 165
57 123 175
58 66 174
35 58 103
58 66 173
63 182 193
69 160 162
132 152 186
53 152 186
132 152 167
147 181 183
139 147 181
88 143 157
167 169 187
133 146 150
82 133 146
62 143 157
109 151 171
24 109 151
62 107 116
104 163 168
103 195 197
33 96 127
22 95 147
50 94 110
73 92 105
25 96 127
41 87 178
9 87 178
53 86 186
67 100 170
26 81 126
81 126 145
84 154 157
88 154 157
104 163 191
98 172 198
125 152 183
47 74 196
74 158 187
126 136 142
74 176 184
74 184 190
22 139 144
49 71 109
71 95 144
11 66 165
125 153 183
65 106 116
62 65 116
71 95 134
36 65 75
65 75 106
155 164 180
79 95 97
62 108 143
58 123 197
57 165 175
15 57 165
5 56 156
56 156 195
21 37 151
21 102 151
20 35 198
19 44 94
17 99 139
9 76 87
20 179 198
30 86 186
107 116 161
43 110 167
79 95 147
103 156 195
26 102 126
45 86 96
12 47 90
13 81 194
19 50 94
31 130 148
4 39 52
12 47 83
9 45 76
24 51 124
100 116 188
116 161 188
4 40 125
55 102 151
11 88 143
126 136 164
14 99 114
66 165 174
2 54 199
45 76 85
62 107 108
5 98 172
19 44 68
30 122 186
19 68 93
46 75 182
16 52 170
4 40 120
43 122 159
35 172 198
177 182 193
56 135 149
9 96 119
18 158 176
14 160 171
72 92 105
13 37 81
82 94 110
3 115 179
29 57 70
17 139 144
51 64 78
53 181 183
9 119 178
3 24 51
74 140 196
29 72 92
24 112 166
37 124 151
76 122 159
24 112 128
4 52 97
169 187 196
110 167 169
43 132 167
67 100 106
21 26 102
31 47 190
136 155 164
29 70 131
2 54 191
29 72 195
34 42 189
30 85 122
18 152 167
48 148 190
31 83 148
31 130 190
14 114 171
5 56 135
11 15 143
27 48 177
34 54 189
100 106 116
44 77 94
9 45 96
36 46 75
14 99 181
37 51 124
140 187 196
37 51 64
100 131 170
26 37 81
43 146 159
76 85 122
7 44 77
74 140 187
17 71 109
48 120 177
59 160 162
20 51 78
5 98 135
130 148 190
18 158 167
58 103 197
52 63 170
33 53 181
3 179 185
54 104 191
