55 60 162
51 64 124
13 26 37
13 37 64
22 79 97
14 114 160
110 167 187
56 71 72
57 70 131
29 57 131
64 78 145
136 142 164
26 126 145
20 64 78
114 160 171
99 139 181
139 147 183
59 89 155
91 119 164
9 45 86
147 153 183
8 10 28
41 61 87
125 129 152
76 85 159
7 44 150
10 32 159
47 90 196
32 146 159
19 50 196
22 95 97
50 169 196
77 82 94
36 46 182
4 125 153
48 130 190
176 184 190
40 48 190
104 168 191
54 104 189
84 88 154
15 57 121
100 131 188
34 54 118
67 75 106
72 92 195
62 107 161
67 131 170
62 116 161
29 92 131
67 100 131
4 39 192
5 156 172
6 57 70
6 57 121
121 161 188
103 156 172
15 88 143
11 66 173
21 26 37
21 37 102
126 142 164
80 126 142
3 24 124
69 138 162
55 60 102
64 145 194
20 51 64
81 145 194
13 64 194
26 81 145
20 35 78
24 124 151
37 64 124
20 115 179
20 51 115
3 51 115
56 112 149
112 128 166
71 72 105
24 128 166
3 128 185
3 24 128
3 51 124
0 38 142
38 59 162
138 151 171
56 112 137
139 181 183
23 25 141
23 89 155
33 127 181
59 69 162
14 59 89
60 80 102
38 59 155
10 76 159
96 119 178
25 33 127
25 119 141
33 53 96
43 82 146
9 41 178
41 61 91
61 76 87
28 61 76
8 32 101
8 28 117
32 101 150
30 85 186
8 101 117
8 10 32
10 28 76
85 122 159
18 132 152
32 146 150
85 122 186
77 82 133
43 82 110
140 169 196
18 132 167
110 169 187
140 169 187
47 74 140
18 129 152
18 176 184
158 167 176
74 158 176
18 167 176
158 167 187
53 152 183
53 132 186
30 53 186
53 132 152
79 147 153
40 125 129
40 129 184
4 120 192
120 192 193
4 79 153
120 177 193
34 42 54
27 177 182
40 48 120
47 140 196
12 83 90
74 176 190
18 129 184
40 184 190
12 83 199
47 83 90
44 50 94
19 44 50
7 44 94
12 68 93
12 90 93
2 68 191
83 130 148
54 83 199
47 74 190
31 47 83
31 83 130
54 83 148
48 130 148
54 118 148
12 68 199
2 68 199
54 104 199
163 168 191
2 104 199
2 104 191
154 163 168
84 88 157
84 154 168
84 157 189
88 154 163
63 75 111
36 42 65
27 34 118
34 36 42
34 36 46
67 111 170
67 100 116
63 75 182
36 75 182
67 75 111
63 111 170
62 106 116
11 15 88
107 121 161
15 165 175
107 108 121
15 108 143
15 108 121
29 92 195
15 57 175
6 121 188
70 131 188
6 70 188
100 161 188
39 52 63
16 73 170
67 106 116
100 116 161
16 52 63
73 131 170
16 63 170
39 52 97
17 71 144
95 134 144
52 105 134
22 95 144
5 56 195
72 73 92
73 92 131
5 156 195
128 149 185
56 71 137
112 128 149
49 71 137
112 137 166
1 179 185
98 179 198
35 103 172
29 57 123
35 58 173
103 123 197
56 72 195
29 195 197
29 123 197
11 66 174
11 15 165
57 123 175
58 103 123
35 58 103
63 182 193
66 173 174
84 168 189
55 151 162
88 143 157
141 155 180
82 133 146
119 164 180
101 117 150
62 143 157
109 151 171
109 114 171
62 106 157
65 106 157
105 134 144
103 195 197
94 110 169
50 94 169
7 94 133
77 94 133
9 86 178
79 139 147
22 79 139
23 141 155
98 172 198
125 152 183
74 158 187
22 139 144
49 71 109
69 138 171
69 160 171
125 153 183
42 65 157
36 65 75
65 75 106
135 149 185
155 164 180
62 108 143
61 113 117
0 60 142
60 80 142
21 80 102
20 35 198
14 59 69
119 141 180
17 99 139
38 136 142
17 109 114
39 63 192
20 179 198
86 96 178
16 52 105
90 93 196
16 72 73
14 127 181
14 69 160
13 26 81
43 110 167
14 89 127
58 173 174
103 156 195
11 165 175
38 136 155
13 81 194
19 93 196
123 174 175
4 40 125
55 102 151
0 60 162
14 99 114
45 76 85
1 135 185
62 107 108
5 98 172
58 123 174
19 44 68
17 99 114
19 68 93
104 168 189
4 40 120
41 45 87
43 122 159
35 172 198
102 124 151
177 182 193
49 137 166
7 146 150
138 151 162
56 135 149
4 39 79
0 38 162
1 98 135
113 117 150
82 94 110
3 115 179
7 133 146
17 139 144
53 181 183
28 61 117
37 102 124
11 174 175
41 91 119
23 25 89
26 80 126
43 132 167
21 26 80
27 48 148
31 47 190
27 118 148
27 34 182
136 155 164
34 46 182
30 45 86
30 45 85
30 53 96
30 86 96
25 33 119
52 95 97
31 130 190
43 122 186
5 56 135
33 96 119
27 48 177
25 89 127
1 98 179
16 72 105
14 99 181
41 119 178
49 109 151
71 105 144
39 79 97
9 41 45
45 76 87
43 146 159
43 132 186
74 140 187
17 71 109
48 120 177
24 49 151
5 98 135
24 49 166
52 95 134
42 54 157
33 53 181
3 179 185
63 192 193
54 157 189
