2 110 148
36 92 175
112 155 190
38 112 122
63 90 93
22 92 191
114 119 135
46 56 71
15 74 146
3 14 124
111 126 149
0 53 121
85 109 177
119 135 198
63 90 188
122 175 183
20 174 177
92 175 183
152 161 196
1 96 154
1 96 138
29 87 95
39 154 171
99 135 141
27 182 197
136 146 163
107 139 195
57 100 105
7 55 195
7 55 140
83 115 194
17 72 117
14 21 124
121 145 150
13 98 158
8 142 157
29 95 160
29 42 87
47 64 108
52 150 166
19 121 145
19 121 176
53 121 176
16 131 172
16 20 131
3 164 172
4 115 194
88 115 164
20 83 131
83 88 115
20 120 177
22 92 93
16 48 134
48 101 143
45 134 155
42 45 190
45 155 190
42 87 118
22 63 93
73 90 93
73 90 109
85 90 156
22 63 188
33 62 96
138 180 188
9 189 191
92 183 191
33 50 189
9 50 152
9 50 189
50 152 196
33 96 189
31 32 199
32 165 199
31 32 193
144 165 199
94 144 199
39 62 94
62 94 144
11 67 78
60 67 170
54 68 170
67 170 179
60 67 78
60 78 171
114 116 197
119 125 198
99 147 184
1 154 184
1 138 180
85 90 109
109 120 177
85 141 156
135 141 198
72 89 194
59 79 89
44 185 186
25 57 100
30 68 159
24 57 136
25 44 133
133 136 163
6 100 105
57 133 136
25 57 133
25 27 44
24 136 146
24 57 105
6 43 105
6 12 43
15 139 146
6 12 34
34 55 195
55 76 181
56 58 76
76 168 181
28 80 167
7 84 140
7 110 162
91 132 151
7 84 162
2 35 110
2 148 173
28 66 153
28 46 80
35 153 167
35 75 167
28 153 167
4 37 103
4 103 115
37 111 149
21 51 111
13 61 126
51 61 126
49 65 98
13 49 98
51 111 126
14 104 176
77 128 129
41 86 187
26 40 187
70 77 169
26 82 130
23 26 82
65 98 158
13 61 158
2 123 173
8 123 157
148 151 173
26 148 151
154 171 184
156 180 188
90 156 188
1 156 184
91 151 157
40 150 178
74 148 195
7 148 195
54 147 170
74 146 179
101 143 175
96 138 189
138 188 189
91 132 157
26 130 151
130 132 151
125 192 198
123 151 157
123 151 173
66 117 153
54 116 147
114 182 197
99 114 147
37 111 124
21 111 124
52 108 150
41 77 128
102 117 153
40 64 108
145 150 178
39 62 96
37 103 115
8 35 123
87 108 118
2 35 123
59 81 119
61 97 158
40 47 69
8 35 102
40 86 178
32 165 196
81 119 182
30 179 186
36 73 175
29 38 112
28 66 71
66 71 89
27 127 137
3 16 172
85 192 198
27 100 137
23 26 70
29 42 190
19 128 129
79 125 192
11 78 113
23 97 169
38 152 183
0 150 166
146 163 186
27 127 168
51 61 77
55 58 84
44 116 185
22 189 191
19 145 178
20 174 194
49 65 102
82 142 157
16 20 48
85 141 198
18 19 178
9 152 183
99 114 135
88 164 172
18 41 128
147 171 184
17 37 149
6 55 181
62 144 165
23 97 142
65 102 142
7 110 148
19 104 129
32 161 196
6 127 168
44 116 197
6 100 137
40 47 64
5 80 167
6 127 137
13 102 117
26 70 187
94 113 199
12 107 146
6 34 55
8 102 142
78 94 113
31 67 113
73 92 93
3 115 164
20 83 194
3 16 53
83 88 172
22 188 189
56 76 81
65 97 142
38 122 183
41 77 187
56 59 71
0 16 53
29 38 152
5 75 167
20 48 120
4 17 194
50 165 196
40 108 150
130 132 157
27 168 182
146 179 186
17 72 194
3 14 176
0 121 150
0 45 166
0 16 134
52 108 118
74 139 195
4 17 37
3 115 124
42 52 118
29 112 190
99 141 156
0 45 134
9 183 191
10 32 161
39 78 94
42 45 52
46 58 84
12 107 195
12 43 146
12 34 195
35 75 110
23 70 169
18 86 178
35 102 153
18 19 128
13 17 149
13 17 117
39 96 154
39 78 171
13 49 102
13 126 149
14 21 51
14 51 104
1 156 180
10 32 193
79 174 192
79 119 125
68 185 186
30 159 179
48 134 155
44 163 186
44 133 163
45 52 166
107 139 146
23 82 142
46 56 58
46 80 84
47 69 95
48 101 155
83 131 172
33 50 165
87 95 108
51 77 129
51 104 129
76 81 106
67 179 193
54 68 185
54 116 185
27 44 197
3 53 176
55 58 76
55 84 140
18 41 86
56 59 81
59 79 119
28 46 71
40 86 187
60 147 170
60 147 171
61 77 169
61 97 169
73 120 143
33 62 165
75 110 162
65 97 158
66 89 117
11 67 113
31 67 193
6 168 181
114 119 182
68 170 179
68 159 179
30 68 186
69 95 160
59 71 89
36 73 92
73 109 120
15 74 139
5 75 84
75 84 162
47 95 108
76 106 182
72 89 117
76 168 182
70 77 187
79 174 194
79 89 194
5 80 84
81 106 182
48 120 143
82 130 157
99 156 184
85 174 192
85 174 177
114 116 147
19 104 176
25 27 100
31 113 199
37 115 124
73 143 175
101 112 155
101 112 122
101 122 175
24 105 146
43 105 146
