2 110 148
103 115 124
36 92 175
112 155 190
38 112 122
63 90 93
114 119 135
59 71 81
13 66 117
15 74 146
16 48 143
111 126 149
0 16 172
0 53 121
119 135 198
63 90 188
152 161 196
1 96 154
54 99 147
1 96 138
33 165 196
29 87 95
39 154 171
141 156 180
114 119 197
99 135 141
1 99 141
6 100 127
114 116 135
106 168 182
15 139 195
107 139 195
57 100 105
7 55 195
7 55 140
46 56 80
91 142 157
14 21 124
21 37 124
121 145 150
97 142 158
13 98 158
97 158 169
8 142 157
61 158 169
91 157 173
29 95 160
40 52 64
47 64 69
40 64 69
0 16 166
0 3 172
0 3 53
131 164 172
16 131 172
3 164 172
88 115 164
83 88 115
22 92 93
38 112 190
101 155 175
73 101 143
16 48 134
48 101 143
112 155 175
45 155 190
38 42 190
36 101 175
73 90 93
73 90 109
9 189 191
9 50 152
9 50 189
50 152 196
33 96 189
32 165 199
31 32 193
144 165 199
94 144 199
39 62 94
62 94 144
11 67 78
54 68 170
30 159 186
60 67 78
60 78 171
114 116 197
119 125 198
99 147 184
1 141 180
147 154 171
1 99 184
1 154 184
1 138 180
147 154 184
39 62 154
73 109 143
85 177 192
109 120 177
85 141 156
135 141 198
72 89 194
83 174 194
59 79 89
56 58 80
27 44 185
106 119 182
100 127 137
81 106 119
25 27 137
27 185 197
25 57 100
159 179 186
133 136 163
6 100 105
25 100 137
25 57 133
27 137 182
24 136 146
24 57 105
6 43 105
15 74 195
34 55 195
6 34 181
58 76 84
56 58 76
34 55 181
5 58 80
28 80 167
7 84 140
5 84 162
5 58 84
5 75 162
35 110 162
35 75 162
2 148 173
123 157 173
28 66 153
28 46 80
35 153 167
28 153 167
17 117 149
4 72 194
4 37 103
4 103 115
37 103 124
21 51 104
21 51 111
13 61 126
51 61 126
49 65 98
13 49 98
51 111 126
65 142 158
26 40 187
70 77 169
23 26 187
82 130 132
23 70 97
23 70 187
82 97 142
70 97 169
23 82 97
65 98 158
13 61 158
2 123 173
2 8 123
8 123 157
26 148 151
33 189 196
50 189 196
180 188 189
145 176 178
74 163 179
156 180 188
134 155 166
40 150 178
74 148 195
7 148 195
54 147 170
96 138 189
138 180 189
137 168 182
127 137 168
16 134 166
83 131 174
125 192 198
20 131 174
120 174 192
120 177 192
163 179 186
22 93 188
41 77 128
41 86 128
145 150 178
40 150 166
29 38 87
66 102 153
147 170 171
12 107 139
87 108 118
59 81 119
26 91 151
12 34 43
8 35 102
40 86 178
32 165 196
18 104 128
30 159 170
30 68 170
16 109 120
28 66 71
27 44 133
85 192 198
26 91 132
11 78 113
24 133 136
38 152 183
0 150 166
51 61 77
23 130 132
22 183 191
17 21 37
22 92 183
47 69 160
14 21 176
21 111 149
22 189 191
49 65 102
4 83 115
125 174 192
38 87 118
85 141 198
19 129 178
19 21 176
9 152 183
53 145 176
18 104 129
46 71 81
53 121 145
62 144 165
17 21 149
23 26 132
16 109 143
65 102 142
8 35 110
7 110 148
40 41 187
19 104 129
32 161 196
6 127 168
27 119 197
49 66 102
5 80 167
85 90 177
42 52 190
23 82 130
8 102 142
73 92 93
3 115 164
4 17 117
24 57 133
3 14 115
4 72 117
25 27 133
22 188 189
56 76 81
38 122 183
41 77 187
18 86 128
19 21 104
29 38 152
15 43 139
38 42 118
19 176 178
60 170 171
20 120 174
6 34 43
14 115 124
33 62 154
3 14 176
12 43 139
0 121 150
33 96 154
52 108 118
4 17 37
20 120 131
42 52 118
5 35 75
16 120 131
9 183 191
10 32 161
36 73 101
31 67 94
106 168 181
12 107 195
12 34 195
18 86 178
35 102 153
71 72 117
71 72 89
4 83 194
13 126 149
13 117 149
5 35 167
51 77 128
44 133 185
2 8 110
31 32 94
82 91 132
10 32 193
79 119 125
54 116 197
40 52 166
48 134 155
45 155 166
45 52 166
54 99 135
79 125 174
46 56 81
47 52 108
47 52 64
47 95 160
48 101 155
13 49 66
60 67 159
54 185 197
87 95 108
51 104 128
18 129 178
45 52 190
67 179 193
54 116 135
83 131 164
54 68 185
3 53 176
55 84 140
59 79 119
28 46 71
60 159 170
61 77 169
33 62 165
76 81 181
67 94 113
11 67 113
67 159 179
31 67 193
68 133 163
6 168 181
91 148 173
68 133 185
68 163 186
83 88 164
30 68 186
59 71 89
66 71 117
85 90 188
36 73 92
74 136 146
74 136 163
47 95 108
70 77 187
78 113 171
79 174 194
79 89 194
81 106 181
82 91 142
32 94 199
7 84 110
84 110 162
92 112 175
76 84 181
55 84 181
85 156 188
15 43 146
90 109 177
91 148 151
92 112 122
92 122 183
63 93 188
40 41 86
94 113 171
39 94 171
27 119 182
24 105 146
43 105 146
