103 115 124
36 92 175
112 155 190
59 72 89
22 92 191
4 17 149
59 71 81
33 50 196
13 66 117
8 49 102
16 48 143
111 126 149
0 16 172
0 53 121
85 109 177
141 192 198
152 161 196
161 165 196
1 96 138
33 165 196
39 154 171
141 156 180
114 119 197
90 156 180
6 100 127
114 116 135
54 68 116
136 146 163
107 139 195
7 55 195
7 55 140
46 56 80
7 74 110
83 115 194
2 8 35
29 95 160
87 95 118
95 108 118
52 64 108
47 64 108
40 52 64
47 69 108
47 64 69
40 64 69
0 16 166
19 121 176
0 121 166
16 20 131
3 164 172
3 14 53
88 115 164
83 88 115
16 48 134
48 101 143
45 134 155
42 87 118
36 92 93
22 63 188
9 189 191
33 50 189
9 50 152
9 50 189
50 152 196
31 32 193
39 62 94
54 68 170
67 170 179
30 159 186
159 170 179
60 78 171
68 159 170
99 116 135
119 125 198
1 99 184
73 109 143
85 177 192
109 120 177
85 141 156
85 141 192
174 177 192
20 83 174
79 89 125
83 174 194
59 79 81
59 79 89
56 58 80
100 127 137
127 168 181
25 27 137
27 185 197
68 116 185
30 68 159
133 136 163
57 133 136
24 136 146
43 139 146
12 34 107
7 74 195
15 139 146
6 127 181
34 107 195
6 12 34
34 55 195
6 34 181
46 66 71
56 58 76
76 168 181
5 58 80
7 84 140
5 84 162
5 58 84
5 75 162
7 110 162
91 132 151
7 84 162
2 148 173
28 66 153
28 46 80
35 75 167
28 46 66
28 153 167
21 37 111
4 17 72
4 72 194
21 51 111
13 61 126
51 61 126
13 49 98
51 111 126
14 104 176
86 128 178
41 70 187
41 86 187
41 70 77
26 40 187
70 77 169
23 26 187
26 82 130
82 97 142
23 26 82
70 97 169
23 82 97
2 123 173
2 8 123
8 123 157
91 151 173
148 151 173
26 148 151
180 188 189
154 171 184
40 150 178
54 147 170
36 143 175
101 143 175
138 141 198
96 138 189
138 180 189
127 137 168
16 134 166
91 132 157
26 130 151
130 132 151
128 145 178
125 192 198
19 121 129
125 174 194
54 116 147
114 135 198
114 119 198
114 185 197
18 128 145
113 144 199
85 109 156
44 57 133
43 100 105
6 43 100
42 112 122
41 77 128
41 86 128
138 141 180
145 150 178
15 74 186
39 62 96
40 150 166
63 90 180
38 42 87
66 102 153
147 170 171
42 155 190
1 96 184
34 76 181
61 97 158
100 105 137
8 35 102
33 62 94
40 86 178
18 104 128
81 119 182
16 109 120
33 94 144
27 137 168
29 38 95
14 37 124
11 78 113
13 66 102
79 81 119
38 152 183
146 163 186
145 150 166
51 61 77
55 58 84
32 33 165
22 189 191
125 174 192
82 142 157
20 88 131
20 83 88
42 45 155
38 42 122
9 152 183
3 14 164
18 121 129
18 121 145
18 104 129
88 164 172
46 71 81
147 171 184
10 165 193
17 59 72
16 109 143
19 104 129
1 138 198
4 37 111
27 119 197
2 74 110
34 58 76
6 43 139
36 93 143
5 28 80
17 59 117
13 65 98
4 103 124
4 37 124
78 94 113
31 67 113
6 12 107
9 92 183
28 75 167
70 97 187
22 188 189
15 146 186
56 76 81
65 97 142
38 122 183
29 38 152
2 35 75
32 33 199
14 121 176
60 170 171
114 116 185
61 65 158
130 132 157
20 120 174
27 168 182
74 159 179
14 115 124
9 92 191
11 60 170
73 93 143
2 75 110
16 88 131
52 108 118
72 125 194
74 139 195
10 161 165
42 52 118
14 21 37
4 111 149
116 147 184
11 60 78
42 45 52
11 67 170
32 113 199
5 28 75
13 17 149
13 17 117
39 96 154
13 49 102
38 87 95
42 112 190
13 126 149
51 77 128
14 21 51
44 133 185
14 51 104
63 73 93
120 174 177
14 115 164
2 74 148
79 119 125
31 32 113
8 65 98
40 52 166
16 88 172
48 134 155
25 44 57
14 53 121
46 56 81
33 62 189
57 105 137
63 92 93
8 65 157
48 101 155
6 107 139
62 96 189
51 104 128
59 71 117
76 81 106
45 52 134
78 94 171
94 113 144
0 53 172
3 53 172
67 179 193
102 153 167
55 84 140
25 57 137
40 86 187
74 159 186
25 27 185
13 61 65
61 77 169
61 97 169
63 73 90
16 20 120
22 63 92
63 180 188
75 110 162
65 97 158
65 142 157
73 109 156
99 116 184
11 67 113
31 67 193
68 133 163
23 97 187
68 133 185
8 49 98
68 163 186
4 103 194
30 68 186
69 95 160
69 95 108
66 71 117
52 134 166
73 90 156
34 55 58
15 74 139
76 106 182
76 168 182
121 145 166
72 89 125
81 106 182
82 130 157
33 144 199
91 123 157
1 99 198
91 123 173
19 104 176
92 122 175
92 122 183
39 94 171
96 154 184
27 119 182
101 112 155
101 112 122
25 44 185
101 122 175
32 165 193
35 102 167
103 115 194
57 105 136
99 135 198
24 105 136
24 105 146
43 105 146
