103 115 124
63 90 93
4 17 149
46 56 71
96 188 189
13 66 117
82 132 142
18 145 178
111 126 149
85 109 177
141 192 198
63 90 188
96 138 188
122 175 183
9 152 191
152 161 196
161 165 196
1 96 138
33 165 196
29 87 95
54 60 170
141 156 180
114 119 197
106 168 182
74 179 186
43 107 139
136 146 163
7 55 195
7 55 140
46 56 80
97 158 169
8 142 157
61 158 169
8 65 142
29 95 160
152 183 191
87 95 118
40 52 150
40 52 64
47 64 69
40 64 69
52 150 166
40 145 150
40 145 178
40 178 187
41 77 86
14 53 176
0 121 166
16 131 172
3 164 172
3 14 53
4 37 149
20 83 131
83 88 115
109 120 143
101 155 175
16 48 134
48 101 143
112 155 175
16 45 134
45 134 155
45 52 108
42 87 118
112 122 175
36 101 175
22 63 93
36 93 101
73 90 93
138 180 188
188 189 191
9 189 191
9 50 152
9 50 189
50 152 196
33 96 189
11 31 67
144 165 199
39 62 94
62 94 144
54 68 170
60 78 171
30 68 185
114 116 197
119 125 198
99 147 184
1 99 184
147 154 184
39 62 154
73 109 143
109 120 177
85 141 156
79 89 125
59 79 89
56 58 80
127 168 181
127 168 182
25 27 137
116 185 197
30 68 159
74 163 186
133 136 163
6 100 105
57 133 136
25 27 44
24 136 146
24 43 146
43 139 146
12 34 107
15 139 146
15 74 195
12 43 107
34 107 195
34 55 195
6 34 181
58 76 84
56 58 76
34 55 181
7 84 140
35 110 162
91 132 151
35 75 162
2 35 110
2 148 173
28 46 80
66 72 117
4 72 194
4 37 103
37 103 124
21 51 104
51 77 169
51 61 126
51 61 169
49 65 98
13 49 98
14 21 104
77 86 128
41 70 187
26 40 187
23 26 187
82 130 132
82 97 142
70 97 169
23 82 97
13 61 158
2 123 173
8 123 157
148 151 173
26 148 151
33 189 196
50 189 196
32 161 199
156 180 188
91 151 157
85 141 177
1 138 141
127 137 181
6 137 181
91 132 157
26 130 151
130 132 151
125 192 198
111 124 149
37 124 149
123 151 157
123 151 173
20 120 194
120 174 194
120 174 192
125 174 194
120 177 192
45 118 190
54 116 147
99 116 147
114 135 198
114 119 198
113 144 199
7 110 195
21 111 124
44 57 133
8 65 102
42 112 122
41 86 178
41 77 169
138 141 180
29 38 87
38 42 87
121 145 176
36 92 183
8 35 123
2 35 123
59 81 119
35 80 167
1 96 184
100 105 137
12 34 43
17 126 149
21 111 126
15 146 163
21 51 126
81 119 182
30 179 186
63 188 191
30 44 186
28 66 71
66 71 89
27 127 137
161 165 199
11 78 113
41 70 169
28 80 153
38 152 183
145 150 166
8 102 167
22 183 191
22 92 183
36 175 183
22 36 93
3 21 164
45 95 118
49 65 102
125 174 192
6 24 43
38 42 122
18 51 128
99 114 135
27 127 182
18 104 129
88 164 172
21 124 164
62 144 165
3 14 21
0 16 45
31 32 161
27 119 197
2 74 110
10 31 193
6 100 137
23 26 130
30 44 185
83 103 194
5 35 80
23 82 130
42 118 190
13 65 98
4 17 117
20 83 194
4 72 117
83 88 172
70 97 187
56 76 81
15 107 195
65 97 142
38 122 183
56 59 71
18 86 128
0 16 53
29 38 152
11 60 67
41 178 187
0 53 176
120 131 143
8 35 167
6 24 105
6 34 43
33 62 154
1 141 198
73 93 143
33 96 154
0 45 166
0 121 176
72 125 194
20 120 131
11 113 199
5 35 75
13 65 158
11 32 199
93 101 143
11 60 78
19 129 145
106 168 181
18 86 178
22 36 92
13 102 153
13 49 102
42 112 190
11 31 32
17 61 117
51 77 128
88 124 164
16 53 172
2 74 148
14 104 129
79 119 125
15 74 163
45 112 155
30 159 179
48 134 155
25 44 57
39 147 154
44 163 186
44 133 163
44 185 197
45 112 190
45 52 166
39 147 171
73 85 109
57 105 137
47 52 108
47 52 64
47 69 95
13 28 66
48 131 143
16 48 131
48 101 155
83 131 172
15 107 139
60 67 179
58 80 84
18 129 145
94 113 144
3 53 172
132 142 157
67 179 193
54 68 185
54 116 185
27 44 197
102 153 167
55 84 140
45 95 108
56 59 81
25 57 137
59 79 119
54 60 147
28 46 71
60 147 171
13 61 117
60 170 179
33 62 165
22 63 191
65 97 158
66 72 89
76 81 181
31 67 193
14 19 129
10 31 161
23 97 187
68 170 179
68 159 179
4 103 194
69 95 160
59 71 89
85 90 188
73 85 90
5 75 84
75 84 162
19 145 176
47 95 108
88 115 124
78 113 171
121 145 166
72 89 125
83 103 115
18 51 104
5 80 84
74 110 195
80 153 167
81 106 181
81 106 182
7 84 110
84 110 162
76 84 181
55 84 181
85 156 188
17 61 126
1 99 198
99 114 116
94 113 171
39 94 171
14 19 176
96 154 184
141 177 192
27 119 182
13 28 153
57 105 136
99 135 198
24 105 136
