38 163 305
3 95 215
70 303 312
12 255 412
77 155 386
218 333 411
62 191 381
117 144 270
107 309 314
64 71 347
218 277 411
167 295 306
65 97 421
176 241 390
332 367 441
159 365 417
241 354 440
14 174 278
177 190 279
41 287 416
183 205 401
56 274 363
381 389 413
158 160 339
133 359 448
219 384 412
219 384 388
296 327 423
76 243 391
56 363 379
9 157 178
9 157 333
157 333 411
27 36 304
400 420 436
9 188 307
72 248 315
99 130 262
8 108 380
86 108 119
8 108 119
97 208 252
69 211 232
72 248 396
50 140 163
140 282 292
96 147 182
81 87 201
182 273 311
68 81 164
27 36 164
299 345 447
179 184 213
38 163 271
11 21 287
373 382 434
5 38 373
44 291 373
198 282 292
31 140 163
205 303 312
42 297 398
110 169 216
57 121 349
198 225 374
41 45 162
77 155 284
152 272 336
37 177 195
190 283 308
251 319 375
74 319 375
141 251 319
160 181 375
339 405 446
11 168 353
76 255 412
75 325 357
61 101 301
190 204 428
29 106 331
1 139 269
204 222 428
94 222 428
6 35 122
55 90 427
39 293 442
295 306 361
39 275 442
39 293 316
39 275 316
48 138 334
48 66 138
192 254 328
84 228 254
330 359 448
10 117 254
84 117 254
109 228 414
109 228 330
30 341 443
128 191 392
7 17 118
98 389 413
40 389 395
13 142 326
13 47 142
142 326 423
296 364 369
200 265 429
200 296 393
265 327 429
84 228 330
104 402 408
154 253 318
2 105 393
78 105 369
12 219 412
76 145 243
2 12 219
104 175 402
12 63 255
76 145 412
14 89 264
89 184 274
104 173 175
67 104 408
56 178 233
186 240 277
186 238 240
67 408 430
186 218 277
408 424 430
238 240 430
84 330 359
71 270 359
133 154 258
71 334 415
71 144 334
71 144 270
212 347 354
71 347 415
212 347 390
197 281 445
43 197 281
43 410 440
410 432 440
176 421 432
79 126 400
26 217 410
262 304 420
262 420 436
36 68 164
263 400 436
8 79 126
79 263 400
263 370 436
51 100 137
130 355 370
86 263 370
86 108 370
8 126 380
97 176 421
65 421 432
156 189 439
97 176 208
73 226 368
73 125 439
127 137 196
156 196 252
123 125 397
159 288 417
123 159 288
123 159 397
156 180 439
69 73 125
149 189 226
69 125 346
69 73 232
73 232 332
32 203 367
127 137 214
187 242 321
226 242 368
242 368 441
53 242 441
53 187 242
32 53 249
315 376 431
53 367 441
32 53 367
203 211 367
22 58 300
59 102 203
58 248 315
22 300 437
72 199 396
96 182 311
100 343 355
50 182 345
234 249 447
234 299 447
143 161 213
161 221 249
187 343 355
221 249 355
99 201 221
164 188 323
36 68 262
68 99 262
27 304 445
36 262 304
9 323 333
9 56 178
184 213 307
9 188 323
82 87 209
82 188 307
120 184 307
56 120 274
120 184 274
289 310 353
287 382 434
21 41 112
11 21 322
6 75 193
41 45 112
21 41 287
313 329 339
45 112 446
45 162 313
162 257 313
284 403 449
257 387 403
260 350 438
163 305 435
31 163 435
153 260 438
31 140 282
198 350 374
205 223 401
199 223 377
24 223 377
225 245 247
20 349 358
183 247 297
231 237 449
245 247 338
225 245 374
33 115 349
207 224 378
110 231 237
103 129 169
57 206 349
33 206 349
121 236 422
20 121 349
20 312 422
20 121 422
70 268 303
70 103 236
159 205 303
207 279 418
268 286 303
177 207 279
150 366 378
129 224 378
207 378 418
129 216 224
150 268 286
216 324 335
129 169 216
216 224 324
132 151 324
132 324 335
151 177 207
132 151 177
386 394 407
155 383 426
155 329 426
49 136 170
136 170 383
329 339 426
360 372 385
25 177 195
37 148 298
37 148 195
141 283 319
6 35 74
35 91 230
75 181 375
35 74 308
190 204 308
91 204 222
91 230 244
244 261 280
230 244 280
210 280 356
35 122 230
116 134 356
61 106 331
46 54 229
320 340 419
246 320 340
193 246 325
75 181 357
75 193 325
112 405 446
246 320 325
21 267 322
23 246 340
23 95 340
215 289 322
14 174 264
166 264 289
174 256 278
384 406 412
80 165 404
165 266 406
16 235 272
61 101 331
23 246 342
54 193 301
61 301 342
0 16 351
34 111 331
194 309 314
165 384 406
235 272 336
111 337 406
15 165 266
15 309 404
15 266 309
145 406 412
165 384 388
15 165 404
80 107 404
107 309 404
13 85 98
13 19 85
40 60 362
40 60 395
60 250 362
16 194 309
194 314 362
16 114 194
152 250 362
16 114 272
152 194 362
114 152 272
114 152 194
389 395 399
1 131 139
55 227 239
46 54 351
227 235 336
0 16 235
16 34 351
185 229 348
0 46 351
261 280 409
302 352 409
318 429 448
330 429 448
93 414 442
12 402 425
180 397 439
294 392 429
109 392 429
124 390 415
347 390 415
92 374 387
245 374 387
372 394 407
371 428 433
191 414 442
113 371 428
59 365 396
199 365 396
296 364 423
326 364 423
251 360 375
212 354 390
353 373 382
31 350 435
350 435 438
43 347 440
267 340 405
115 338 349
34 331 351
101 331 351
320 325 419
267 322 340
293 316 442
316 341 414
310 353 373
5 310 373
266 309 406
305 435 438
286 303 418
90 302 427
101 301 351
298 360 372
306 341 443
115 338 403
24 285 377
285 344 377
381 399 433
210 280 302
280 302 409
276 288 417
271 299 345
150 268 366
264 289 310
264 290 310
92 260 374
260 350 374
153 260 305
260 291 305
44 260 291
260 287 416
259 306 443
30 259 443
64 258 444
92 257 260
257 260 416
166 256 264
174 256 264
192 254 259
253 318 429
200 253 429
251 298 360
153 305 438
152 250 336
247 338 358
183 247 358
246 301 342
193 246 301
245 387 403
44 260 287
145 243 406
106 243 278
243 278 391
176 241 432
49 372 407
238 258 444
238 258 430
70 236 312
236 312 422
55 235 427
0 235 427
232 332 367
211 232 367
46 229 427
185 229 427
73 226 439
225 247 297
225 297 398
67 104 379
83 141 251
254 328 414
116 122 280
137 214 343
77 110 231
14 76 89
155 386 407
6 116 134
45 313 339
88 95 202
72 172 285
72 285 344
51 196 252
64 71 258
238 281 444
154 424 430
49 136 155
28 170 426
59 300 437
10 254 259
19 107 314
67 157 178
67 178 233
76 89 274
18 182 273
65 108 380
63 363 425
62 118 413
60 131 250
48 66 295
59 365 417
5 179 310
171 297 401
59 211 317
22 58 437
58 315 376
57 110 169
56 120 307
9 56 307
173 363 425
146 220 371
55 135 239
54 229 348
51 97 252
59 396 437
76 278 391
89 184 264
222 244 261
51 108 355
154 258 430
104 173 363
14 76 278
110 216 335
74 283 308
51 137 196
78 364 369
338 349 358
50 271 345
67 277 411
56 67 233
49 155 407
48 334 415
48 124 295
127 196 226
228 254 414
87 201 209
125 397 439
59 203 211
13 47 98
131 250 336
12 253 402
253 408 424
197 304 445
327 413 423
241 432 440
176 208 361
71 133 258
77 110 386
43 197 420
42 172 285
161 209 221
28 49 372
73 332 441
222 352 409
158 360 385
103 169 236
40 85 98
279 303 418
197 304 420
17 62 118
187 214 343
65 97 108
81 99 201
135 146 239
25 195 298
35 91 204
62 381 413
143 213 307
67 157 411
11 289 322
110 335 394
60 131 395
117 270 359
81 82 87
80 165 388
131 269 433
11 287 382
99 221 355
65 126 432
18 292 398
200 265 327
126 410 432
168 353 382
50 140 292
58 300 376
25 177 372
164 323 333
18 172 431
59 317 417
93 316 442
43 64 347
68 81 99
127 214 321
306 316 341
7 327 429
2 12 253
17 128 191
8 79 263
10 66 144
5 179 213
74 283 319
24 223 401
155 284 403
13 19 326
381 389 399
6 134 193
3 166 256
82 209 307
73 368 441
184 290 310
81 82 188
4 42 285
30 341 414
2 200 253
6 116 122
54 301 351
77 284 449
48 124 415
78 219 388
103 129 366
66 259 306
95 322 340
99 130 355
154 318 448
80 364 388
105 296 369
47 98 413
16 34 309
52 327 413
115 403 449
5 38 213
151 207 324
7 52 327
38 291 305
40 98 389
18 376 431
185 210 302
113 135 371
10 117 144
28 49 170
11 289 353
103 268 366
43 217 410
124 361 390
7 17 128
181 357 419
275 306 361
156 180 252
56 67 379
4 171 401
4 24 285
77 231 449
84 117 359
27 164 333
18 50 292
222 261 409
54 193 348
64 281 444
3 215 289
20 183 205
147 345 447
184 264 290
19 314 362
18 273 376
149 196 226
146 227 239
4 24 401
61 106 342
50 163 271
88 202 256
18 50 182
6 75 375
0 46 427
78 105 219
30 192 328
19 326 364
10 66 259
180 208 252
18 42 398
59 102 300
325 357 419
45 339 446
17 62 191
113 135 428
37 83 251
109 191 414
18 42 172
116 280 356
20 183 358
19 80 107
20 205 312
30 328 414
21 112 405
2 200 393
21 267 405
275 306 316
31 198 350
43 64 281
27 218 445
133 154 448
11 168 382
29 337 406
25 298 372
38 213 271
186 238 281
134 210 356
211 276 288
26 126 400
1 131 269
37 83 177
27 218 333
29 111 337
148 195 298
31 198 282
66 167 306
58 248 396
57 121 169
218 281 445
43 217 420
30 192 259
211 276 417
181 405 419
147 182 345
32 96 203
32 96 147
72 199 344
41 162 257
134 185 348
143 161 209
44 287 373
7 128 294
34 111 309
131 395 399
287 373 434
83 141 190
35 204 308
37 251 298
130 262 370
19 85 362
40 85 362
102 300 376
189 226 439
63 255 363
51 97 108
58 396 437
88 95 342
253 402 408
88 106 278
88 256 278
70 103 268
340 405 419
155 257 313
3 166 289
92 257 387
69 211 346
94 135 428
94 135 352
3 95 202
95 215 322
23 95 342
96 102 203
185 302 427
96 273 376
96 273 311
51 100 355
96 102 376
8 119 263
104 363 379
127 226 242
105 296 393
156 189 196
131 139 336
83 177 190
66 138 144
88 106 342
67 240 430
29 106 406
106 243 406
7 294 429
108 355 370
135 146 371
109 330 429
211 288 346
110 206 237
67 240 277
110 386 394
65 126 380
173 175 425
134 193 348
66 167 295
6 74 375
33 115 449
47 142 413
4 42 171
170 383 426
86 119 263
3 202 256
122 230 280
71 133 359
124 295 361
42 171 297
123 125 288
125 288 346
26 126 410
159 223 365
127 242 321
128 294 392
199 344 377
129 366 378
183 297 401
131 399 433
132 335 394
19 80 364
134 185 210
90 135 302
135 302 352
136 155 383
55 227 235
28 158 426
139 220 336
139 220 269
141 190 283
142 413 423
245 338 403
143 209 307
57 110 206
29 111 331
146 220 227
147 249 447
32 147 249
132 177 394
138 144 334
78 364 388
76 255 274
55 90 135
176 361 390
181 339 405
12 63 425
7 118 413
179 184 310
155 313 329
155 257 403
7 52 413
206 237 449
158 360 375
158 339 426
159 205 223
211 317 417
93 316 414
158 160 375
38 291 373
121 169 236
41 257 416
172 315 431
72 172 315
2 105 219
175 402 425
177 372 394
109 191 392
207 224 324
158 372 385
100 137 343
347 354 440
160 181 339
262 370 436
187 214 321
53 187 249
255 274 363
187 249 355
81 164 188
149 189 196
150 286 378
286 378 418
198 292 398
198 225 398
200 296 327
201 209 221
111 309 406
28 158 372
33 206 449
154 253 424
213 234 299
241 354 390
161 213 249
213 234 249
213 271 299
26 217 400
217 400 420
186 218 281
220 227 336
220 371 433
220 269 433
91 222 244
94 222 352
199 223 365
