124 295 390
3 95 215
218 333 411
62 191 381
306 316 361
218 277 411
167 295 306
176 208 390
51 108 370
332 367 441
159 365 417
238 444 445
241 354 440
57 103 121
177 190 279
41 287 416
166 174 256
183 205 401
5 38 179
381 389 413
28 158 339
158 160 339
112 267 419
124 334 415
219 384 412
48 167 295
62 128 191
364 369 388
219 384 388
296 327 423
76 243 391
2 253 402
14 89 274
63 173 425
258 424 430
9 157 178
187 321 343
154 258 424
9 188 307
86 108 119
8 108 119
97 137 196
69 211 232
288 346 417
72 344 377
72 248 396
199 396 437
182 273 311
68 81 164
27 36 164
82 87 188
38 163 271
373 382 434
5 38 373
291 305 373
44 291 373
198 282 292
24 285 344
57 121 349
110 231 386
112 405 419
198 225 374
77 155 284
152 272 336
37 177 195
6 193 348
251 319 375
160 181 375
74 75 375
11 168 353
6 74 75
75 325 357
29 106 331
193 229 348
80 326 364
52 381 413
55 146 239
34 101 351
6 134 348
94 222 428
55 90 427
295 306 361
39 293 316
295 361 390
10 66 138
228 328 414
192 254 328
330 359 448
109 228 414
109 228 330
93 293 442
30 306 443
328 341 414
93 191 442
17 294 392
7 17 294
7 17 118
40 389 395
19 40 362
13 142 326
62 118 128
13 47 142
142 326 423
78 369 388
200 265 296
200 296 393
109 392 414
265 296 327
318 330 448
84 228 330
318 330 429
200 253 393
154 402 424
154 253 402
154 253 318
105 369 393
78 105 369
12 219 412
402 408 424
173 379 425
56 233 379
157 178 233
56 178 233
27 333 445
281 444 445
218 333 445
186 238 240
186 218 277
186 218 445
186 238 445
408 424 430
238 240 430
64 71 359
71 270 359
64 258 359
133 154 258
117 144 334
212 347 354
43 197 410
197 217 410
43 197 281
43 410 440
410 432 440
176 421 432
26 217 410
197 217 420
262 420 436
36 68 164
8 79 119
79 86 119
51 100 137
130 355 370
51 100 370
86 263 370
100 137 214
65 97 380
86 108 370
8 126 380
65 421 432
208 361 390
51 97 137
97 196 252
73 226 368
73 125 439
156 196 252
159 288 417
123 159 397
156 180 439
149 189 226
73 332 368
332 368 441
127 149 226
127 214 226
127 137 214
187 242 321
242 368 441
53 242 441
53 187 242
32 53 249
96 147 203
315 376 431
53 367 441
32 53 367
203 211 367
22 58 300
59 102 203
58 248 315
22 58 248
72 199 396
18 50 140
273 311 376
182 345 447
50 182 273
50 182 345
143 161 213
187 343 355
99 201 221
164 188 323
27 304 445
9 56 178
9 188 323
82 87 209
120 184 307
289 290 310
56 120 274
289 310 353
5 290 310
6 75 193
41 45 112
21 41 287
313 329 339
45 112 446
28 339 426
45 313 446
45 162 313
162 257 416
162 257 313
257 284 403
115 338 387
92 245 374
92 245 387
260 350 438
44 153 291
153 291 305
163 305 435
31 163 435
153 305 435
153 260 438
198 350 374
225 292 398
18 50 273
205 223 401
72 199 377
245 338 387
4 171 297
20 349 358
171 223 401
183 247 338
198 225 292
198 282 350
245 247 338
225 245 374
77 231 284
207 224 378
110 231 237
103 366 378
103 129 169
57 206 349
121 236 422
20 121 349
20 312 422
20 121 422
70 268 303
103 121 236
70 103 236
103 129 378
70 103 366
159 205 303
207 279 418
177 207 279
279 286 303
150 366 378
279 286 418
150 286 418
129 224 378
129 216 224
216 224 324
49 170 372
151 177 207
132 151 177
49 386 407
155 383 386
136 383 386
49 136 386
49 136 170
136 170 383
28 170 372
329 339 426
360 372 385
83 141 298
298 360 385
25 177 195
37 148 298
37 148 195
37 83 298
141 283 319
75 181 375
35 74 308
190 204 308
91 204 222
91 230 244
230 244 280
91 222 261
230 280 356
116 134 356
46 54 229
134 348 356
116 122 134
54 193 229
193 246 342
320 325 357
193 246 325
75 181 357
75 193 325
112 405 446
320 357 419
215 289 322
264 289 290
166 264 289
166 174 264
3 88 256
174 256 278
165 266 406
29 331 337
61 101 331
3 88 202
23 246 342
111 331 337
34 101 331
34 111 331
139 152 336
111 337 406
15 309 404
111 266 406
165 384 388
80 107 404
107 309 404
13 85 98
19 40 85
13 19 85
40 60 362
40 60 395
194 314 362
16 114 272
389 395 399
90 302 352
139 227 336
55 227 239
227 235 336
16 34 111
16 34 351
90 210 427
0 227 235
0 46 351
90 210 302
90 135 146
185 210 427
210 302 409
90 135 352
113 135 352
55 90 146
113 220 371
269 399 433
180 397 439
294 392 429
109 392 429
67 379 411
25 372 394
372 394 407
371 428 433
113 371 428
296 364 423
326 364 423
364 369 393
280 356 409
43 347 440
123 346 397
125 346 397
100 343 370
328 341 443
320 325 340
246 325 340
323 333 411
313 405 446
242 321 368
310 353 382
5 310 373
296 364 393
308 319 375
298 360 372
141 298 319
93 293 341
306 341 443
31 282 438
381 399 433
282 350 438
197 281 420
199 365 437
43 281 347
281 304 445
275 293 442
39 275 293
56 274 379
114 272 362
152 272 362
163 271 345
271 299 345
70 268 366
150 268 366
265 294 327
263 420 436
92 260 374
260 350 374
260 287 416
258 359 448
133 258 448
64 258 444
92 257 260
257 260 416
192 254 259
253 318 429
253 265 429
60 250 395
248 396 437
183 247 401
145 243 406
106 243 278
243 278 391
49 372 407
238 258 444
238 258 430
33 237 349
70 236 312
236 312 422
0 235 351
234 345 447
157 233 411
233 379 411
145 243 255
232 332 367
211 232 367
231 403 449
231 284 403
46 229 427
185 229 427
229 348 356
73 226 439
67 104 379
82 179 213
82 143 213
155 329 383
14 255 274
21 41 267
88 95 202
69 73 346
73 125 346
72 172 285
72 285 344
71 117 270
176 208 252
28 170 426
70 205 312
19 107 314
200 253 265
12 175 219
267 320 340
107 194 309
69 276 317
130 263 370
144 334 415
82 179 184
185 210 229
190 222 428
66 254 259
35 74 134
1 139 152
11 21 434
245 247 398
63 255 412
63 379 425
59 365 417
241 390 432
171 297 401
59 211 317
81 87 188
257 284 313
58 315 376
58 96 311
69 211 317
58 311 376
122 230 308
6 74 134
17 118 392
56 120 307
9 56 307
150 207 378
59 276 417
313 339 405
54 61 301
54 61 101
44 153 287
76 278 391
247 297 401
89 184 264
19 80 326
9 323 411
14 76 278
110 216 335
122 230 356
88 301 342
58 96 300
67 277 411
343 355 370
16 235 351
100 321 343
244 280 409
48 124 295
47 389 413
110 394 407
87 201 209
47 98 389
125 397 439
59 203 211
13 47 98
46 227 427
172 292 398
93 191 341
310 373 382
327 413 423
46 101 351
241 432 440
41 45 416
131 250 395
110 129 169
61 88 331
38 163 373
8 79 400
176 390 432
42 172 285
143 201 209
41 112 267
174 264 278
40 85 98
265 294 429
104 408 430
10 66 254
54 193 342
161 221 355
234 299 345
25 195 298
158 251 375
15 111 309
70 205 303
89 120 184
11 289 322
110 335 394
149 189 439
88 106 331
31 153 438
210 356 409
32 234 249
69 232 332
99 262 436
11 382 434
80 165 388
99 221 355
143 161 201
65 126 432
192 259 328
10 117 334
8 97 108
126 410 432
3 256 289
168 353 382
225 245 398
11 322 340
164 323 333
18 172 431
8 126 400
48 167 259
21 287 434
64 281 347
23 95 246
68 81 99
16 235 336
306 316 341
7 52 381
186 277 430
104 175 379
74 308 375
82 143 209
15 111 266
13 19 326
381 389 399
33 231 449
4 42 398
87 99 201
9 157 411
4 42 285
65 97 176
31 163 282
1 139 220
7 118 381
96 102 300
95 322 340
217 263 420
99 130 355
154 318 448
80 364 388
69 346 417
52 327 413
115 403 449
151 207 324
155 231 386
69 73 332
77 155 231
206 237 349
7 52 327
40 98 389
18 376 431
1 131 152
4 247 297
35 122 308
190 283 319
11 289 353
63 173 175
5 179 184
181 357 419
25 177 394
156 180 252
33 349 358
103 169 206
5 184 290
27 164 333
222 261 409
64 281 444
59 276 317
3 215 289
145 255 412
54 301 342
60 152 362
184 264 290
19 314 362
18 273 376
12 63 412
251 298 319
161 201 221
36 68 99
146 227 239
8 97 380
99 263 436
4 247 398
150 286 303
33 231 237
10 84 254
166 256 289
140 163 282
39 316 361
32 234 447
1 220 269
18 282 292
180 208 252
18 140 282
147 203 367
10 84 117
59 102 300
27 36 262
22 59 300
97 176 252
46 54 101
38 179 213
20 183 358
20 183 312
267 320 419
19 80 107
293 316 341
32 182 447
133 154 448
11 168 382
29 337 406
25 298 372
38 213 271
26 126 400
26 217 263
36 99 262
1 131 269
37 83 177
148 195 298
30 167 328
76 243 255
60 152 250
16 272 336
31 153 435
329 383 426
45 162 416
181 405 419
124 354 390
32 147 182
33 115 358
11 267 340
44 287 373
171 344 377
131 395 399
287 373 434
83 141 190
89 264 278
159 199 365
84 228 328
84 254 328
274 363 379
71 144 415
7 294 327
167 259 328
86 263 400
189 226 439
63 255 363
79 86 400
51 97 108
27 262 304
59 365 437
88 95 342
0 46 227
88 106 278
88 256 278
61 88 301
80 165 266
91 261 409
91 244 409
92 257 387
30 167 306
94 113 428
94 113 352
94 302 352
94 222 302
50 140 345
3 95 202
95 246 340
95 215 322
23 95 342
14 76 255
14 89 278
191 341 414
96 102 203
99 130 263
30 328 443
22 248 437
11 21 267
100 214 321
135 146 220
57 103 206
64 347 415
104 277 430
67 104 277
105 219 388
105 253 393
2 105 253
78 105 388
83 177 190
10 138 334
29 106 406
106 243 406
107 194 314
109 330 429
110 129 216
110 206 237
110 169 206
15 266 404
110 386 407
16 111 114
65 126 380
116 122 356
114 194 309
114 194 362
115 183 338
115 183 358
115 257 403
115 257 387
33 115 449
214 321 368
184 188 307
69 276 417
47 142 413
117 270 330
170 383 426
62 118 381
118 128 392
22 59 437
149 156 439
190 308 319
35 122 134
262 281 304
124 138 334
48 124 138
124 212 415
124 212 354
26 126 410
55 227 427
63 363 379
128 191 414
128 392 414
131 152 250
131 269 399
132 216 335
132 151 216
132 335 394
151 216 324
163 305 373
111 114 309
212 347 415
113 135 220
127 137 149
137 156 196
137 149 156
270 330 359
66 138 259
48 138 259
139 220 227
84 117 330
39 275 361
140 163 345
141 190 283
190 204 222
142 413 423
80 266 404
145 384 412
146 220 227
132 177 394
96 147 311
147 182 311
32 147 367
150 207 418
150 268 303
175 402 408
181 339 405
153 260 287
155 313 329
155 284 313
81 87 99
158 298 385
158 251 298
262 281 420
159 205 223
159 288 346
123 159 346
159 223 377
159 199 377
91 204 230
161 249 355
158 160 375
145 165 406
4 171 285
24 171 285
24 171 344
171 223 377
172 248 315
72 172 248
18 172 292
172 315 431
2 105 219
42 172 398
145 165 384
175 219 402
173 175 379
26 263 400
207 224 324
158 372 385
104 175 408
347 354 440
160 181 339
82 184 188
12 63 175
186 240 430
53 187 249
255 274 363
187 249 355
81 164 188
71 117 144
65 176 421
183 205 312
204 230 308
28 158 372
210 229 356
64 71 415
213 234 299
241 354 390
161 213 249
213 234 249
213 271 299
214 226 368
2 219 402
220 371 433
220 269 433
222 302 409
89 120 274
