38 163 305
124 295 390
3 95 215
12 255 412
77 155 386
62 191 381
7 52 294
306 316 361
107 309 314
64 71 347
218 277 411
176 208 390
332 367 441
238 444 445
241 354 440
38 305 373
183 205 358
177 190 279
41 287 416
183 205 401
44 287 416
160 181 405
5 38 179
67 157 277
185 210 356
381 389 413
112 267 419
219 384 412
48 167 295
62 128 191
364 369 388
219 384 388
296 327 423
2 253 402
258 424 430
9 157 178
187 321 343
157 277 411
67 104 173
64 347 444
154 258 424
9 188 307
72 248 315
86 108 119
214 321 343
125 180 397
199 205 365
125 180 439
69 211 232
72 344 377
72 248 396
96 203 300
50 140 163
140 282 292
81 87 201
182 273 311
22 248 396
179 184 213
82 87 188
373 382 434
5 38 373
291 305 373
44 291 373
31 140 163
205 303 312
42 297 398
115 349 358
205 312 358
70 236 422
110 231 386
25 49 407
115 338 358
160 339 405
132 177 335
152 272 336
37 177 195
6 193 348
141 251 319
160 181 375
339 405 446
11 168 353
106 243 391
76 255 412
29 106 331
193 229 348
131 139 250
34 101 351
6 134 348
94 222 428
6 35 122
1 269 399
39 293 442
39 275 442
30 328 341
39 293 316
39 275 316
275 316 361
295 361 390
167 259 306
48 295 334
48 138 334
228 328 414
192 259 306
192 254 328
330 359 448
228 254 328
109 228 414
109 228 330
30 341 443
328 341 414
93 191 442
7 17 294
7 17 118
7 62 118
40 389 395
142 326 423
296 364 369
78 369 388
296 369 393
296 326 364
200 265 296
200 265 429
296 326 423
200 296 393
52 327 423
109 392 414
265 296 327
318 330 448
84 228 330
318 330 429
200 253 393
104 402 408
154 253 402
154 253 318
105 369 393
78 105 369
12 219 412
104 175 402
12 63 255
76 145 412
76 255 363
9 56 120
104 173 175
157 178 233
56 178 233
27 333 445
186 240 277
281 444 445
186 238 240
186 218 277
186 238 445
408 424 430
238 240 430
133 258 359
64 71 359
71 270 359
64 258 359
133 154 258
43 347 444
71 334 415
71 144 334
124 347 415
212 347 354
71 347 415
43 281 444
43 197 281
43 410 440
410 432 440
26 410 432
176 421 432
79 126 400
26 217 410
262 304 420
262 420 436
100 214 343
130 221 355
130 355 370
86 263 370
65 97 380
208 361 390
156 208 252
214 242 321
73 226 368
73 125 439
156 196 252
123 125 346
159 288 417
73 189 439
214 226 242
73 332 368
127 149 226
127 214 226
127 137 214
226 242 368
32 147 447
315 376 431
32 53 367
203 211 367
59 317 365
22 396 437
102 203 300
96 300 315
58 248 315
22 300 437
72 199 396
199 205 223
58 300 315
72 315 431
72 172 431
172 273 431
18 50 140
273 376 431
273 311 376
182 345 447
100 343 355
147 182 447
18 140 292
50 182 345
179 213 271
161 234 299
161 234 249
161 221 249
187 343 355
221 249 355
164 188 323
36 68 262
68 99 262
27 304 445
9 323 333
9 56 178
9 120 307
184 213 307
9 188 323
82 87 209
120 184 307
289 290 310
89 264 290
289 310 353
11 21 322
6 75 193
313 329 339
45 112 446
28 339 426
45 162 313
257 284 403
260 350 438
163 305 435
31 163 435
153 260 438
18 42 292
31 140 282
31 282 350
198 350 374
18 42 285
72 172 344
205 223 401
72 199 377
199 223 377
172 285 344
18 172 285
245 338 387
4 171 297
4 42 297
20 312 358
198 282 350
33 115 403
33 115 349
169 206 237
207 224 378
110 231 237
103 366 378
110 169 237
103 129 169
57 206 349
121 236 422
20 312 422
20 121 422
70 268 303
150 378 418
70 103 366
70 150 366
159 205 303
207 279 418
177 207 279
150 366 378
279 286 418
150 286 418
207 378 418
132 151 324
151 177 207
132 151 177
25 49 372
386 394 407
177 335 394
77 231 386
28 170 383
136 170 383
329 339 426
28 383 426
360 372 385
148 298 360
25 177 195
37 148 298
37 177 190
37 148 195
37 83 190
141 283 319
190 204 308
91 204 222
91 230 244
230 244 280
116 122 230
116 134 356
134 348 356
320 340 419
54 193 229
193 246 342
193 246 325
75 181 357
75 193 325
267 340 419
215 267 340
95 215 340
215 289 322
3 88 256
3 215 256
256 278 391
174 256 278
80 165 404
165 266 406
54 101 301
29 106 243
193 301 342
29 331 337
3 88 202
23 246 342
61 88 342
54 193 301
61 301 342
111 331 337
194 309 314
165 384 406
139 152 336
15 165 266
15 309 404
165 384 388
15 165 404
80 107 404
107 309 404
139 152 250
19 40 85
40 60 395
381 389 433
114 152 272
114 152 194
389 395 399
131 250 399
389 399 433
139 227 336
227 235 336
16 34 111
54 101 351
16 34 351
0 227 235
0 46 351
90 210 302
185 210 427
210 302 409
113 220 371
113 146 220
113 371 433
269 399 433
113 428 433
113 135 146
405 419 446
52 413 423
12 402 425
294 392 429
109 392 429
92 374 387
59 365 396
199 365 396
251 360 375
280 356 409
31 350 435
350 435 438
43 347 440
93 341 442
320 325 419
320 325 340
246 325 340
293 316 442
316 341 442
311 315 376
96 311 315
305 435 438
70 303 422
61 301 331
101 301 331
124 295 415
44 291 416
306 341 443
260 291 416
285 344 377
225 282 398
197 281 420
281 304 445
281 304 420
380 421 432
276 288 417
276 288 346
89 274 290
163 271 345
271 299 345
268 279 286
268 279 303
111 266 337
265 294 327
263 420 436
92 260 374
260 350 374
153 260 305
260 291 305
257 383 426
155 257 383
257 338 387
92 257 260
257 260 416
166 256 264
174 256 264
192 254 259
253 318 429
200 253 429
251 298 360
60 250 395
153 305 438
234 249 345
249 345 447
22 248 300
183 247 401
247 338 358
183 247 358
145 243 406
53 242 367
242 332 368
64 238 258
238 258 430
0 235 351
56 233 363
232 332 367
211 232 367
231 237 349
33 231 349
46 229 427
185 229 427
185 229 356
229 348 356
54 229 351
46 229 351
225 245 338
225 247 338
225 247 297
225 297 398
198 225 282
83 141 251
58 248 300
82 143 213
36 81 164
13 98 389
2 78 219
14 76 89
250 395 399
155 386 407
6 116 134
45 313 339
74 251 375
21 41 267
69 73 346
73 125 346
65 380 421
51 196 252
71 117 270
49 136 155
59 300 437
130 263 370
75 357 419
79 400 420
190 222 428
66 254 259
76 89 274
65 97 252
63 379 425
29 243 406
25 148 360
5 179 310
241 390 432
171 297 401
59 211 317
81 87 188
154 402 408
122 230 308
20 57 358
139 146 239
57 121 236
55 90 210
51 97 252
59 396 437
53 249 447
76 278 391
247 297 401
53 242 321
53 187 321
108 119 380
73 149 226
158 170 385
222 244 261
51 108 355
14 76 278
110 216 335
51 100 214
51 137 214
51 137 196
152 314 362
16 235 351
49 155 407
48 66 259
244 280 409
47 389 413
87 201 209
47 142 326
93 191 341
241 432 440
130 263 436
13 47 326
25 148 195
110 129 169
61 88 331
43 197 420
28 158 160
176 390 432
42 282 292
77 155 257
57 70 103
24 171 401
41 112 267
136 170 385
158 360 385
174 264 278
40 85 98
265 294 429
104 408 430
10 66 254
19 40 60
17 62 128
17 62 118
67 173 425
111 114 194
234 299 345
81 99 201
64 238 444
135 146 239
62 381 413
15 111 309
188 213 307
11 289 322
110 335 394
149 189 439
88 106 331
210 356 409
69 232 332
99 262 436
11 382 434
13 47 389
80 165 388
11 21 41
111 114 272
2 78 253
23 95 202
164 323 333
9 218 411
59 102 211
48 167 259
6 35 75
23 95 246
68 81 99
16 235 336
186 218 333
306 316 341
8 79 263
28 160 339
24 223 401
33 284 449
82 143 209
15 111 266
13 19 326
78 105 253
222 302 352
33 231 449
55 210 427
184 290 310
9 157 411
10 228 254
4 42 285
242 332 441
0 55 239
6 116 122
23 88 342
77 284 449
78 219 388
1 139 220
52 294 327
125 159 397
154 318 448
20 57 121
80 364 388
0 55 427
103 224 378
74 181 375
35 74 319
151 207 324
69 73 332
10 48 138
206 237 349
40 98 389
35 122 308
10 117 144
190 283 319
11 289 353
19 85 98
43 217 410
27 36 333
90 135 239
181 357 419
25 177 394
233 363 379
103 224 324
103 169 206
36 164 333
77 231 449
222 261 409
10 84 228
111 194 309
60 152 362
145 384 406
161 201 221
162 257 329
96 203 367
166 289 290
5 168 382
57 70 236
67 157 379
36 68 81
166 256 289
167 295 361
143 161 299
18 50 182
76 145 391
13 19 98
0 46 427
30 192 328
1 220 269
19 326 364
32 96 367
21 215 267
79 126 380
10 84 117
19 60 362
59 102 300
27 36 262
42 282 398
45 339 446
76 274 363
35 74 75
5 373 382
37 83 251
70 268 286
116 280 356
38 163 179
74 75 181
19 80 107
21 215 322
156 208 439
10 48 66
11 168 382
23 88 202
163 179 271
29 337 406
25 360 372
26 126 400
28 158 170
34 101 111
242 367 441
26 380 432
26 126 380
65 252 421
43 217 420
35 308 319
124 212 347
60 152 250
0 227 239
16 272 336
211 276 417
181 405 419
33 284 403
211 276 346
124 354 390
32 96 147
41 162 257
143 161 209
44 287 373
133 154 359
186 333 445
77 257 284
9 218 333
215 256 289
287 373 434
83 141 190
89 264 278
19 107 362
37 251 298
86 108 355
86 355 370
63 255 363
67 379 425
51 97 108
198 245 387
27 262 304
32 53 447
73 149 189
55 90 239
10 138 144
112 419 446
129 216 324
92 257 387
69 211 346
94 113 428
94 113 135
94 135 352
3 95 202
95 246 340
79 263 420
14 89 278
191 341 414
97 108 380
51 100 355
131 139 399
99 130 436
101 111 331
102 203 211
57 103 206
295 334 415
8 119 263
24 223 285
103 129 324
105 253 393
8 79 380
106 256 391
88 106 256
74 251 319
67 240 430
107 314 362
70 150 286
25 394 407
109 330 429
110 129 216
172 182 273
99 130 201
67 240 277
110 386 394
16 111 272
45 112 162
173 175 425
115 257 403
75 325 419
116 230 280
117 270 330
86 119 263
120 184 290
149 156 439
190 308 319
120 274 363
56 120 363
152 194 314
124 212 354
136 372 385
266 337 406
11 41 287
63 363 379
128 294 392
17 128 294
128 191 414
128 392 414
244 261 409
130 201 221
41 112 162
132 216 335
132 216 324
19 80 364
143 271 299
90 135 302
135 302 352
136 155 383
49 136 372
139 227 239
127 137 149
137 156 196
137 149 156
270 330 359
139 146 220
7 62 413
84 117 330
1 139 399
115 257 338
141 190 283
190 204 222
143 213 271
47 413 423
145 384 412
145 243 391
67 104 430
96 147 311
147 182 311
138 144 334
12 219 402
57 349 358
12 63 425
154 359 448
159 205 417
154 408 424
179 184 310
7 52 413
157 233 379
158 360 375
8 119 380
159 288 346
123 159 346
91 204 230
161 201 209
162 313 329
50 163 345
158 160 375
166 264 290
167 306 361
168 310 353
123 125 159
5 168 310
120 274 290
303 312 422
41 257 416
4 171 285
24 171 285
18 172 182
47 142 423
175 402 425
207 224 324
347 354 440
53 187 249
187 249 355
82 188 213
81 164 188
71 117 144
30 192 443
192 306 443
198 225 245
198 374 387
204 230 308
205 365 417
11 287 434
208 252 421
176 208 421
180 208 439
211 365 417
211 317 365
241 354 390
26 217 400
217 400 420
257 329 426
2 219 402
220 371 433
220 269 433
91 222 244
222 302 409
94 222 352
223 285 377
