38 163 305
304 420 445
77 155 386
218 333 411
62 191 381
139 227 269
7 52 294
218 277 411
65 97 421
51 108 370
176 241 390
159 365 417
38 305 373
92 260 416
177 190 279
41 287 416
166 174 256
44 287 416
5 38 179
185 210 356
381 389 413
28 158 339
29 145 243
158 160 339
133 359 448
52 142 423
133 318 448
13 47 413
219 384 388
296 327 423
56 363 379
9 157 178
200 253 318
64 347 444
154 258 424
157 333 411
27 36 304
9 188 307
99 130 262
82 209 213
86 108 119
8 108 119
125 180 397
69 276 346
125 180 439
288 346 417
72 344 377
72 248 396
199 396 437
140 282 292
96 147 182
81 87 201
182 273 311
22 248 396
68 81 164
179 184 213
168 373 382
291 305 373
44 260 416
44 291 373
70 312 422
110 169 216
115 387 403
70 236 422
57 103 169
77 155 284
110 216 386
91 244 261
37 177 195
141 251 319
11 168 353
106 243 391
6 74 75
21 112 267
190 204 428
29 106 331
1 139 269
13 98 413
46 185 229
204 222 428
94 222 428
39 293 316
48 138 334
228 328 414
84 228 254
330 359 448
10 117 254
84 117 254
228 254 328
109 228 414
109 228 330
128 191 392
7 17 294
7 17 118
7 62 118
98 389 413
40 389 395
47 52 142
142 326 423
200 265 429
296 326 423
200 296 393
52 327 423
265 327 429
318 330 448
84 228 330
200 253 393
238 430 444
2 105 393
12 219 412
2 12 219
2 253 393
402 408 424
14 89 264
76 255 363
9 56 120
56 233 379
67 277 430
157 178 233
186 238 240
408 424 430
238 240 430
133 154 258
64 430 444
124 347 415
176 432 440
212 241 390
212 241 354
43 197 281
410 432 440
126 400 432
26 410 432
176 421 432
176 241 440
126 380 432
26 400 432
26 217 420
26 217 410
262 304 420
197 217 420
262 420 436
8 79 119
79 263 400
79 86 119
263 370 436
87 201 221
100 214 343
130 221 355
130 355 370
51 100 370
86 108 370
97 176 421
214 242 321
149 156 196
73 226 368
127 137 196
123 125 346
123 125 397
159 288 417
123 159 288
123 159 397
149 189 226
123 288 346
69 125 346
276 346 417
73 232 332
32 203 367
73 332 368
50 299 345
332 368 441
127 149 226
127 214 226
127 149 196
127 137 214
242 368 441
53 242 441
32 147 203
96 147 203
32 147 447
315 376 431
53 367 441
32 53 367
211 232 332
203 211 367
59 317 365
22 396 437
59 102 203
58 248 315
22 58 248
72 199 396
199 205 223
96 182 311
182 345 447
147 182 447
50 182 345
163 271 299
179 213 271
234 249 447
161 234 249
99 130 221
187 343 355
99 201 221
164 188 323
143 209 213
68 99 201
68 81 201
68 99 262
27 304 445
36 262 304
9 120 307
184 213 307
9 188 323
82 87 209
120 184 307
89 184 290
89 264 290
289 310 353
5 290 310
5 310 353
44 287 434
21 41 112
289 322 353
6 75 193
21 41 287
313 329 339
28 339 426
45 313 446
45 162 313
162 257 416
44 153 260
257 387 403
257 284 403
92 245 374
92 245 387
44 153 291
153 291 305
163 305 435
153 305 435
31 140 282
198 350 374
225 292 398
72 172 344
205 223 401
72 199 377
199 223 377
24 223 377
4 24 171
172 285 344
225 245 247
4 171 297
20 349 358
171 183 297
171 183 401
183 247 297
33 403 449
198 282 350
245 247 338
33 115 403
33 115 349
77 231 284
110 231 237
103 129 169
57 169 206
57 206 349
121 236 422
20 121 422
70 103 366
70 150 366
159 205 303
207 279 418
177 207 279
279 286 418
207 378 418
129 216 224
129 169 216
151 224 324
216 224 324
132 151 324
25 177 407
151 177 207
132 151 177
386 394 407
177 394 407
335 386 394
216 335 386
49 386 407
155 383 386
155 383 426
49 136 386
49 136 170
329 339 426
148 298 360
25 177 195
37 148 298
37 148 195
37 83 298
141 283 319
6 35 74
35 74 308
190 204 308
91 204 222
244 261 280
185 348 356
230 244 280
210 280 356
91 222 261
230 280 356
35 122 230
46 54 229
116 122 134
193 246 325
75 181 357
75 193 325
215 267 340
95 215 340
215 267 322
11 322 353
166 264 289
88 256 391
3 88 256
88 106 391
29 145 337
256 278 391
174 256 278
29 106 243
29 331 337
3 88 202
23 246 342
54 193 301
0 16 351
235 272 336
15 165 266
15 309 404
145 406 412
145 337 406
165 384 388
15 165 404
80 107 404
107 309 404
40 85 389
13 85 98
85 98 389
13 19 85
381 389 433
60 250 362
194 314 362
16 114 194
152 250 362
1 131 399
389 395 399
389 399 433
139 227 336
46 54 351
227 235 336
16 34 351
185 229 348
0 227 235
0 46 351
90 210 302
90 135 146
185 210 427
261 280 409
94 352 428
146 220 239
405 419 446
328 414 443
93 414 442
173 402 425
371 428 433
191 414 442
113 371 428
371 399 433
150 366 418
165 364 404
40 362 395
306 361 443
312 358 422
100 343 370
341 361 443
316 341 361
115 338 349
326 364 369
296 326 369
320 325 419
320 325 340
246 325 340
187 321 355
53 321 355
293 316 442
316 341 414
313 405 446
205 312 401
273 311 431
311 376 431
311 315 376
96 311 315
124 295 415
24 285 377
285 344 377
155 284 426
257 284 329
31 282 438
282 350 438
281 420 445
197 281 420
199 365 437
43 281 347
281 347 444
380 421 432
210 280 302
280 302 409
276 365 417
275 293 442
39 275 293
268 286 418
268 279 286
268 279 303
266 384 406
111 266 337
264 289 310
264 290 310
263 420 436
92 260 374
30 259 443
253 402 424
156 252 439
251 308 375
60 250 395
247 338 358
183 247 358
246 301 342
193 246 301
49 372 407
227 239 269
220 239 269
33 237 349
234 345 447
208 252 439
231 403 449
231 284 403
211 232 276
45 416 446
225 247 297
225 297 398
198 225 282
103 224 366
251 308 319
83 141 251
78 165 369
78 165 388
77 110 231
139 272 336
14 76 89
88 95 202
65 380 421
71 270 330
64 71 258
136 170 386
71 117 270
176 208 252
70 268 418
28 170 426
70 205 312
19 107 314
78 105 296
267 320 340
107 194 309
57 70 121
75 357 419
144 334 415
67 104 175
76 89 274
1 139 152
11 21 434
165 266 384
18 182 273
65 108 380
64 258 424
63 255 412
63 363 425
25 148 360
59 211 317
67 175 379
70 121 236
17 118 392
14 166 174
109 294 429
173 363 425
55 90 210
54 229 348
313 339 405
53 249 447
53 242 321
158 170 385
53 161 249
122 230 356
51 100 214
51 137 214
51 137 196
70 205 268
88 301 342
338 349 358
62 118 191
67 277 411
343 355 370
49 360 372
225 282 292
48 334 415
79 86 370
48 66 259
59 203 211
47 142 326
25 372 407
12 253 402
73 125 226
176 208 361
13 47 326
25 148 195
71 133 258
131 250 395
61 88 331
78 296 369
43 241 354
77 110 386
43 212 354
8 79 400
42 172 285
57 70 103
24 171 401
3 166 215
92 257 416
158 360 385
7 47 52
224 366 378
104 408 430
4 297 398
161 221 355
186 281 444
38 168 353
187 214 343
31 140 435
65 97 108
234 299 345
69 232 276
35 91 204
15 111 309
183 312 401
67 157 411
366 378 418
188 213 307
89 120 184
149 189 439
14 166 264
88 106 331
31 153 438
11 382 434
81 82 87
11 267 322
79 263 370
7 62 381
44 373 382
18 292 398
10 192 328
200 265 327
50 140 292
9 178 233
35 91 244
9 56 233
164 323 333
18 172 431
8 126 400
48 167 259
157 323 333
93 316 442
21 287 434
143 161 234
23 95 246
44 382 434
7 381 413
158 298 360
22 96 300
133 154 253
2 12 253
24 223 401
1 269 371
74 308 375
1 152 250
15 111 266
13 19 326
6 134 193
1 131 250
3 166 256
222 302 352
112 267 320
0 46 185
33 231 449
0 16 114
55 210 427
4 42 398
81 82 188
4 42 285
0 55 239
54 301 351
116 348 356
23 88 342
78 219 388
96 102 300
41 112 416
43 212 347
52 294 327
70 150 418
38 168 373
20 57 121
0 55 427
74 181 375
35 230 244
17 109 392
10 48 138
206 237 349
7 47 413
10 117 144
190 283 319
114 139 272
60 362 395
49 360 385
27 36 333
5 179 184
124 361 390
173 363 379
181 357 419
5 38 353
22 58 96
10 254 328
5 184 290
36 164 333
4 24 285
85 314 362
18 50 292
222 261 409
0 114 272
54 193 348
111 194 309
145 255 412
12 63 412
0 185 427
162 257 329
6 35 134
67 157 379
33 231 237
167 295 361
18 50 182
76 145 391
39 316 361
10 192 259
153 350 374
78 105 219
30 192 328
97 156 252
19 326 364
10 66 259
18 42 398
133 253 318
59 102 300
76 145 255
76 274 363
125 226 439
22 59 300
97 176 252
113 135 428
63 402 425
109 191 414
18 42 172
38 163 179
74 75 181
19 80 107
200 330 429
10 48 66
27 218 445
11 168 382
151 207 378
34 61 331
163 179 271
25 360 372
14 76 174
28 158 170
26 263 420
12 63 402
37 83 177
43 197 440
76 174 391
27 218 333
83 251 298
16 34 194
113 269 371
218 281 445
1 371 399
30 192 259
124 212 347
200 318 330
0 227 239
31 153 435
45 162 416
167 306 443
181 405 419
143 161 209
34 111 194
34 301 351
131 395 399
83 141 190
53 161 355
34 331 337
35 204 308
159 199 365
19 85 314
130 262 370
71 144 415
40 85 362
214 242 368
189 226 439
63 255 363
51 97 108
59 365 437
32 53 447
87 161 221
174 278 391
23 88 95
88 101 301
61 88 101
90 146 239
55 90 239
218 277 430
10 138 144
112 419 446
92 257 387
217 410 440
95 246 340
96 102 203
97 156 196
167 259 443
20 358 422
30 328 443
11 21 267
135 146 220
64 347 415
103 129 224
17 109 294
105 296 393
83 177 190
87 161 209
107 194 314
20 57 349
8 108 126
109 330 429
110 206 237
110 169 206
112 320 419
116 122 356
134 193 348
113 220 269
118 128 191
114 139 152
114 194 362
115 245 387
115 245 338
75 325 419
116 134 348
117 270 330
170 383 426
294 327 429
18 273 431
118 128 392
22 59 437
149 156 439
190 308 319
58 96 315
80 364 404
120 274 363
35 122 134
56 120 363
186 218 430
124 212 390
71 133 359
124 295 361
73 125 232
266 337 406
51 97 196
132 216 335
132 216 324
132 335 394
112 416 446
19 80 364
143 271 299
113 135 220
90 135 302
135 302 352
135 352 428
160 251 298
84 117 330
39 275 361
71 330 359
140 163 299
50 140 299
140 163 435
141 190 283
36 164 262
143 234 299
143 213 271
34 111 337
145 243 391
95 202 215
108 126 380
67 104 430
132 177 394
138 144 334
175 402 408
151 224 378
176 361 390
181 339 405
153 350 438
153 260 374
64 424 430
49 170 385
9 157 323
157 233 379
284 329 426
159 199 205
114 152 362
158 160 298
93 316 414
162 313 329
68 164 262
165 364 369
166 289 322
166 215 322
167 306 361
167 295 415
48 167 415
341 414 443
170 383 386
219 384 406
172 248 315
72 172 248
172 315 431
2 105 219
173 175 402
173 175 379
26 263 400
109 191 392
34 61 101
160 181 251
104 175 408
181 251 375
160 181 339
183 312 358
34 101 301
262 370 436
186 240 430
187 214 321
43 241 440
82 188 213
81 164 188
71 117 144
219 406 412
211 332 441
198 225 245
198 245 374
69 125 232
200 296 327
3 202 215
0 235 272
205 268 303
180 208 439
211 276 365
211 317 365
211 367 441
64 71 415
154 253 424
214 226 368
186 238 444
197 217 440
186 218 281
222 302 409
94 222 352
89 120 274
