53 305 365
32 96 289
345 358 427
75 117 306
29 122 184
48 205 295
72 102 392
32 64 96
182 348 357
22 23 136
118 122 184
177 234 248
243 248 433
199 302 421
13 14 194
110 427 439
185 332 370
202 366 404
280 312 372
13 194 391
5 238 410
93 165 280
9 55 291
116 232 388
171 301 424
200 254 277
353 375 418
101 261 307
90 97 229
266 373 413
204 373 413
72 104 392
21 257 375
236 288 381
123 374 445
243 248 414
177 207 270
207 292 295
2 148 327
70 222 382
222 273 382
266 296 341
10 222 432
10 41 127
175 224 347
10 127 222
273 378 432
222 273 432
70 327 382
62 196 430
10 41 224
32 274 289
96 137 365
146 287 402
253 309 347
24 64 149
244 354 402
13 14 419
44 51 271
168 213 423
43 210 213
73 155 179
5 73 311
13 120 365
53 137 365
13 120 391
198 237 274
48 292 295
349 358 427
87 116 335
202 366 420
6 284 333
38 315 358
79 213 423
79 191 213
5 238 311
75 312 372
75 339 386
95 360 437
165 286 403
280 312 415
8 160 390
50 385 415
78 334 361
164 361 398
95 334 437
6 284 396
87 212 256
69 164 230
162 254 301
250 254 301
9 87 335
6 63 396
259 366 404
283 284 333
55 134 211
225 250 396
225 284 396
25 28 251
88 236 278
31 104 114
88 107 278
31 97 114
107 151 384
28 251 424
170 247 319
3 346 376
35 247 448
220 228 376
0 187 447
17 139 298
49 139 298
175 328 347
83 216 347
83 253 347
216 328 347
57 328 413
83 298 359
57 216 328
17 298 359
22 23 341
350 426 444
23 136 240
338 351 359
17 139 221
72 104 221
17 72 221
76 114 293
80 102 392
163 329 353
163 353 418
80 186 307
80 163 186
80 104 392
80 104 307
31 104 307
65 261 381
257 288 381
101 257 375
89 101 375
89 375 418
21 257 288
233 340 445
21 374 440
21 201 374
21 112 375
112 201 297
21 112 201
132 144 350
94 350 426
125 145 426
226 316 414
94 145 426
141 145 356
136 240 356
136 318 356
125 141 145
37 60 342
40 68 368
40 203 406
40 68 406
123 297 340
29 184 364
123 340 445
112 297 308
60 342 443
60 297 308
202 393 420
38 176 291
4 265 442
387 420 443
4 205 366
207 270 295
37 279 342
37 68 406
166 177 207
205 270 295
177 270 279
177 248 433
148 166 370
243 322 414
36 140 142
316 322 414
226 296 444
68 193 368
144 226 234
144 193 234
132 193 368
144 350 444
341 426 444
144 226 444
132 144 193
36 142 180
296 341 444
142 180 296
175 224 321
41 224 272
33 321 432
36 140 378
36 180 273
36 273 378
45 316 322
2 327 382
2 148 433
45 273 382
30 70 195
158 430 431
41 127 195
30 56 115
70 127 222
30 195 407
41 195 407
70 127 195
148 166 433
166 177 433
52 323 399
166 185 370
19 198 417
214 332 370
19 185 303
32 56 214
11 32 56
32 274 303
185 303 332
237 274 289
24 302 421
11 32 196
62 196 282
54 149 282
158 287 397
56 115 214
59 199 302
54 282 313
126 206 330
42 59 231
106 287 314
42 59 128
158 397 430
287 314 397
106 146 287
106 146 206
18 354 402
18 99 402
128 146 206
54 206 330
18 42 99
59 231 263
59 128 206
59 199 263
26 199 421
62 92 282
92 282 313
149 196 282
53 190 305
13 305 365
156 192 391
190 210 305
26 53 137
44 61 394
43 268 435
210 213 419
12 117 306
8 99 161
99 161 271
79 245 423
12 161 245
73 179 311
238 242 311
192 194 391
20 138 155
47 156 192
20 155 179
20 223 246
74 345 358
74 246 379
74 379 434
47 138 156
20 138 246
47 73 155
47 138 155
156 258 412
258 323 412
156 198 412
96 120 365
96 120 289
19 52 185
19 399 417
198 412 417
19 52 399
174 207 408
52 185 408
52 323 408
174 323 408
174 207 292
174 217 292
249 265 442
86 239 292
86 249 442
217 239 292
86 239 434
38 358 442
74 358 442
48 249 265
55 58 134
4 259 366
4 259 383
9 87 212
55 211 291
4 176 383
55 333 335
63 116 335
78 116 388
9 212 291
9 55 335
87 116 232
66 172 299
103 339 377
100 218 380
131 208 439
87 208 256
208 212 256
212 315 349
315 349 358
110 131 439
349 427 439
131 360 363
110 345 427
46 223 345
1 111 238
100 110 218
39 218 380
20 39 242
20 39 223
135 238 410
12 135 410
111 135 306
12 135 306
1 111 133
111 133 306
111 135 238
39 238 242
7 117 312
12 117 161
75 117 312
75 339 372
75 306 386
103 339 386
339 372 377
27 105 227
93 372 377
66 299 377
93 299 377
98 100 363
98 172 264
66 98 172
98 264 437
165 227 286
173 188 403
275 280 415
93 165 403
93 280 372
227 275 362
7 82 390
7 82 117
82 117 161
7 50 390
165 275 280
165 227 275
105 109 152
160 281 390
109 160 281
8 160 395
27 227 286
152 352 441
197 352 395
27 105 441
105 362 385
105 227 362
105 152 441
27 150 441
150 441 446
352 395 441
91 130 150
27 130 150
91 130 336
16 355 398
91 355 409
173 267 336
173 286 403
219 264 348
119 173 188
119 172 188
267 357 428
182 334 348
157 436 446
182 334 361
15 153 367
157 355 446
178 357 428
16 178 355
304 436 446
15 367 371
69 200 254
171 225 301
162 254 277
162 241 277
15 170 304
15 304 371
15 167 235
71 220 319
147 317 405
220 228 405
147 228 405
25 159 251
229 326 384
25 28 269
183 389 411
151 384 400
159 276 320
276 320 331
34 262 294
118 294 325
251 262 324
225 284 324
108 283 310
171 251 424
147 162 424
225 250 301
162 301 424
34 262 324
55 58 333
124 181 310
58 283 333
134 181 369
108 283 284
58 134 181
259 401 404
134 259 369
259 369 401
300 401 404
121 325 416
300 325 416
300 401 416
118 300 325
118 300 449
108 121 124
108 121 425
108 124 310
276 331 422
183 276 422
294 331 422
143 151 400
88 107 285
107 151 278
25 143 159
374 440 445
151 278 389
364 440 445
29 122 411
29 389 411
129 260 285
31 65 252
31 252 260
97 169 255
154 229 255
154 169 255
97 229 255
31 169 260
31 97 169
107 154 285
154 169 344
113 189 429
215 229 326
90 215 229
90 97 209
77 337 447
77 114 209
97 114 209
187 447 448
77 209 337
189 290 438
189 290 429
35 247 346
187 247 448
35 113 448
170 187 247
3 228 376
71 235 319
15 167 170
167 235 319
67 170 304
167 170 319
0 170 187
67 81 170
0 77 447
0 77 293
77 114 293
183 411 422
122 411 422
399 412 417
61 394 435
300 393 404
281 385 390
50 385 390
157 371 436
62 92 314
180 226 316
314 397 430
147 241 317
134 211 259
121 294 325
258 379 434
125 318 356
100 377 380
125 136 318
125 141 356
39 238 380
4 205 265
78 116 343
264 334 348
60 308 406
30 115 327
151 183 389
35 113 346
113 189 346
110 131 363
216 351 359
109 197 352
16 182 361
180 273 316
109 281 385
29 364 389
86 249 292
115 148 327
14 192 194
72 102 353
3 189 438
42 99 231
98 100 377
217 258 434
94 132 368
93 172 403
89 186 307
89 101 307
113 447 448
54 126 313
87 131 208
91 409 428
85 369 401
178 355 428
85 181 369
26 84 199
80 102 329
142 266 296
78 164 361
85 121 124
233 340 393
74 86 434
74 86 442
4 38 442
5 73 191
14 73 191
72 338 359
17 72 359
71 220 405
69 157 200
67 81 293
78 334 388
67 76 293
85 401 416
175 321 328
78 164 343
64 149 196
139 253 309
32 64 196
171 225 251
33 140 328
63 250 396
168 394 423
15 241 405
37 60 406
24 96 137
226 234 248
24 54 302
43 394 435
108 294 425
236 278 440
23 266 373
23 204 373
85 121 416
21 236 288
19 198 274
19 274 303
108 284 324
48 249 292
22 125 426
98 360 437
123 297 374
15 153 241
44 161 394
279 387 443
224 272 347
2 45 382
118 184 449
3 189 346
3 228 424
20 179 311
14 213 419
20 242 311
24 64 96
2 45 322
225 251 324
11 56 431
22 341 426
42 244 354
211 291 383
14 191 213
1 377 380
6 333 335
156 246 258
157 200 371
44 161 271
5 79 191
84 199 263
21 236 440
169 260 344
28 269 438
2 243 433
45 273 316
5 79 410
202 393 404
10 224 321
69 157 230
23 204 240
38 212 291
57 216 351
46 218 345
247 319 346
13 210 305
102 329 353
69 250 254
200 367 371
91 336 428
158 407 431
14 47 73
2 243 322
3 28 438
395 441 446
24 26 421
13 210 419
93 172 299
4 38 176
40 94 368
105 109 385
34 108 294
14 47 192
18 42 354
16 178 182
304 395 446
99 231 271
6 63 335
33 140 432
15 71 405
50 312 415
51 84 263
63 116 343
126 206 314
159 183 276
226 248 414
44 84 435
15 71 235
290 429 447
109 160 395
364 389 440
230 355 398
63 250 343
43 190 210
3 28 424
323 399 412
37 177 234
48 205 265
26 84 435
10 321 432
26 53 435
37 68 193
252 260 285
156 198 391
87 95 232
204 351 413
65 261 307
176 291 383
30 56 431
69 164 250
34 108 324
98 360 363
74 246 345
7 50 312
126 313 314
118 122 294
37 177 279
62 314 430
94 132 350
37 193 234
122 294 422
40 94 203
42 128 244
95 232 334
44 61 435
205 270 387
44 51 84
217 239 434
54 126 330
204 240 338
275 385 415
154 229 384
100 110 363
128 146 402
128 244 402
129 154 285
65 236 381
30 407 431
129 154 344
11 196 431
184 364 445
130 286 336
27 130 286
1 133 377
38 212 315
133 306 386
119 173 219
103 133 386
49 139 253
58 181 283
269 326 400
140 328 413
140 266 413
87 95 360
119 172 219
140 378 432
140 142 266
143 159 183
121 294 425
54 206 302
94 145 353
145 353 356
147 162 241
80 163 329
150 355 446
91 150 355
107 154 384
138 156 246
109 197 395
158 272 407
203 308 406
8 161 390
82 161 390
164 250 343
81 170 293
0 170 293
264 334 437
41 272 407
172 219 264
172 188 403
173 219 267
24 54 149
184 233 449
129 260 344
178 182 357
190 268 435
180 226 296
181 283 310
257 261 381
184 233 445
185 207 408
166 185 207
163 186 418
89 186 418
245 394 423
319 346 376
53 190 435
112 203 375
196 430 431
205 366 420
304 371 436
143 269 400
198 237 391
200 241 277
66 98 377
233 393 449
112 203 308
94 203 375
101 257 261
204 338 351
215 269 326
219 267 348
205 387 420
59 206 302
106 206 314
355 409 428
90 209 215
209 215 337
43 190 268
158 272 347
211 259 383
212 349 439
92 313 314
43 213 394
168 213 394
24 26 137
32 214 303
214 303 332
173 286 336
215 269 438
83 216 359
174 217 323
217 258 323
46 218 223
39 218 223
110 218 345
232 334 388
104 221 309
57 351 413
139 221 309
208 212 439
147 228 424
25 143 269
157 230 355
164 230 398
200 241 367
88 236 285
23 266 341
1 238 380
240 353 356
240 338 353
153 241 367
241 317 405
60 297 443
161 245 394
79 245 410
223 246 345
113 429 447
103 133 377
159 251 320
251 262 320
270 279 387
236 252 285
65 236 252
83 253 298
49 253 298
12 245 410
115 148 370
246 258 379
231 263 271
143 151 183
51 263 271
87 131 360
109 152 352
267 348 357
326 384 400
275 362 385
278 389 440
94 353 375
16 361 398
279 342 443
120 289 391
237 289 391
290 337 447
262 294 320
294 320 331
30 70 327
201 297 374
297 420 443
300 393 449
8 304 395
31 65 307
220 319 376
33 321 328
85 124 181
267 336 428
215 337 438
290 337 438
72 338 353
297 340 420
340 393 420
115 214 370
22 125 136
