179 265 363
99 156 357
65 277 373
225 281 359
156 289 357
65 254 373
93 133 323
191 334 352
19 209 340
259 289 329
52 224 313
198 351 391
15 30 214
124 229 236
11 173 395
32 199 295
173 207 249
29 168 307
51 250 330
57 310 342
47 168 307
133 166 373
166 277 373
14 34 177
222 233 360
128 188 288
14 34 323
80 188 263
19 99 156
81 196 258
78 263 379
168 269 388
57 87 310
130 155 388
95 148 244
67 276 362
50 225 359
115 225 327
16 25 100
10 21 132
56 191 334
1 141 356
171 318 352
127 329 384
119 204 320
107 171 352
229 236 300
86 127 208
83 333 375
28 184 256
15 30 163
206 280 283
16 97 131
35 116 290
43 53 261
101 147 247
262 350 381
164 194 245
164 245 284
164 284 306
12 286 337
149 181 227
28 124 184
350 387 395
181 205 303
243 348 375
181 243 275
83 198 333
195 259 271
198 333 391
61 351 391
205 303 391
219 287 294
63 93 323
133 257 323
32 136 295
49 358 390
166 169 277
3 298 308
57 87 196
57 65 342
158 310 342
158 330 342
79 168 269
51 79 250
29 79 168
79 81 250
29 79 81
87 158 310
81 87 196
78 222 360
65 170 254
57 65 170
9 203 230
9 234 254
170 254 385
203 254 385
9 203 254
9 128 234
133 166 257
7 45 136
14 152 177
4 34 323
152 177 186
4 63 323
4 34 186
34 177 186
152 186 376
4 186 389
172 253 273
82 93 288
128 234 372
128 188 263
121 198 215
259 329 384
140 271 273
253 271 273
83 121 198
89 121 215
195 215 271
46 146 361
220 232 378
117 127 384
76 329 357
107 153 301
289 329 357
99 216 279
191 318 352
148 209 340
78 222 263
19 99 216
150 216 374
155 168 388
0 90 392
55 130 155
51 79 269
268 269 276
130 269 388
90 150 392
55 276 362
192 268 324
67 143 285
39 285 319
268 285 319
50 225 327
107 162 242
50 191 359
174 267 336
1 141 246
56 141 246
10 56 246
129 142 327
137 192 268
192 274 324
115 137 225
151 274 324
248 345 386
151 274 332
192 274 332
10 21 142
100 248 345
322 345 386
272 322 386
187 266 346
187 221 266
21 110 132
21 111 142
235 267 346
10 132 267
132 235 267
6 100 221
25 100 103
16 100 131
25 103 353
25 70 353
27 98 102
2 98 102
98 299 328
1 204 320
20 54 62
206 223 283
175 189 383
119 180 214
54 62 180
180 365 370
180 214 365
20 54 223
20 206 223
54 223 339
1 204 356
119 226 320
54 226 339
162 204 242
204 242 356
107 251 292
76 107 301
86 153 301
153 208 383
119 204 383
153 189 383
86 153 208
256 261 265
124 184 229
184 256 368
256 270 368
28 53 315
43 200 261
75 261 377
256 265 270
125 179 343
125 179 363
30 135 163
52 120 135
62 180 370
72 197 349
52 135 224
41 44 120
5 62 328
31 103 353
72 197 291
197 217 349
44 109 183
109 183 217
183 193 218
197 218 291
31 72 353
161 371 380
58 161 371
161 291 380
218 291 380
237 371 380
193 218 380
190 296 326
22 125 312
22 101 247
22 237 313
22 247 312
71 247 312
71 147 247
58 331 371
68 190 296
185 326 331
237 331 371
31 77 103
103 165 367
123 326 331
77 123 159
35 103 290
116 122 382
35 116 154
138 165 382
3 138 262
116 122 190
68 122 190
75 240 393
122 138 382
108 296 317
108 210 296
68 210 296
68 122 228
38 92 147
38 71 297
38 71 147
38 92 377
92 335 393
240 335 393
75 200 261
33 75 240
43 200 207
194 207 245
69 84 157
40 173 249
40 91 387
84 157 286
84 91 387
262 286 381
84 286 381
12 262 286
26 201 241
3 12 262
26 201 213
24 64 314
74 118 293
74 118 347
144 231 321
85 149 167
18 213 321
18 284 306
181 243 348
53 73 338
194 207 398
73 182 398
73 182 338
43 53 73
239 243 375
85 315 348
96 275 303
181 275 303
303 333 391
181 205 227
60 176 199
106 176 399
149 282 364
104 144 231
106 355 364
106 176 355
176 199 295
176 238 399
61 205 227
106 202 399
61 205 391
202 238 399
45 136 238
176 238 295
186 255 376
186 255 264
7 45 255
8 211 376
7 255 376
136 238 295
7 32 136
32 199 358
60 176 355
49 316 390
42 178 287
8 316 390
166 219 294
49 294 366
60 66 355
74 347 394
24 42 64
42 64 287
13 341 344
74 293 314
278 293 344
36 354 397
13 298 302
325 341 344
287 325 341
64 287 325
166 169 219
298 308 397
13 298 397
350 381 387
165 367 382
126 336 346
267 336 346
240 335 369
228 335 369
322 324 345
118 321 347
191 318 359
112 318 359
315 361 375
64 314 325
237 313 380
308 311 397
231 306 321
18 306 321
239 303 375
303 333 375
13 302 344
76 301 329
208 300 383
293 314 325
190 290 326
178 287 366
287 294 366
272 324 396
253 271 389
215 271 389
259 271 289
140 271 289
229 270 300
268 281 319
261 265 377
179 265 377
80 263 273
263 273 379
8 252 376
141 251 356
251 334 352
107 251 352
266 272 346
174 246 267
10 246 267
207 245 249
96 239 303
202 238 305
47 233 307
47 233 244
104 231 398
228 350 369
228 262 350
228 317 335
226 309 339
137 225 268
225 268 281
223 283 309
223 309 339
114 221 304
100 221 248
221 248 266
220 236 300
13 36 397
71 125 312
63 172 253
69 94 157
85 104 167
67 143 374
67 268 285
31 72 161
110 145 151
77 159 290
66 282 394
73 207 398
35 103 154
48 152 376
82 93 172
116 190 290
42 66 178
59 378 384
248 266 272
134 145 272
61 264 351
60 66 178
59 259 384
315 348 375
57 196 258
57 203 230
3 12 241
50 56 327
272 322 324
234 254 372
54 119 226
62 299 328
60 178 366
124 220 236
81 250 330
49 166 294
122 228 262
67 268 276
119 139 214
46 59 195
51 330 342
45 61 305
45 61 264
162 175 204
44 109 217
17 105 126
116 154 367
5 41 370
5 41 328
22 101 185
40 91 245
49 358 366
37 179 343
23 157 337
37 125 297
39 281 359
169 311 354
13 36 341
55 362 374
3 201 298
44 217 328
78 148 209
139 214 270
51 65 342
5 62 370
198 264 351
93 133 373
59 195 259
248 272 386
69 245 284
32 358 376
88 299 304
12 23 241
47 95 244
1 226 320
164 194 231
46 195 215
17 126 280
84 381 387
251 292 356
11 33 75
41 120 370
201 213 321
10 56 129
46 89 215
148 340 392
183 197 217
9 222 263
9 233 258
95 155 168
113 125 363
43 73 207
27 72 353
166 252 257
233 244 360
11 75 200
71 125 297
16 98 299
29 81 258
1 126 336
18 23 241
3 201 241
93 372 373
75 92 377
80 188 288
1 174 336
19 150 392
9 128 263
24 66 394
9 222 233
4 63 253
100 131 160
1 174 246
17 88 206
208 220 232
16 70 102
20 88 299
72 161 291
1 126 309
8 166 316
124 146 378
101 147 185
77 123 331
81 87 330
214 365 370
24 74 314
117 232 378
50 56 191
23 94 157
69 94 284
124 220 378
27 70 353
46 89 361
59 146 378
11 173 200
194 231 398
66 355 364
10 129 142
134 272 396
58 77 331
30 214 370
152 252 257
28 53 261
135 163 224
52 313 380
61 227 305
22 224 313
45 255 264
126 283 309
31 58 77
54 119 180
22 125 224
77 103 290
36 219 287
169 277 311
112 216 279
199 358 366
99 279 357
40 387 395
38 297 377
114 160 221
20 62 299
53 85 338
19 156 289
112 143 285
44 52 120
107 242 356
37 125 343
56 141 251
48 252 376
1 226 309
78 209 260
140 260 379
6 100 160
278 302 344
28 315 361
4 253 389
18 213 241
18 94 284
80 82 288
7 32 376
149 227 305
40 173 395
233 258 307
186 198 389
16 25 70
41 44 328
39 285 359
55 269 276
134 151 396
11 33 240
8 211 358
17 105 187
17 187 304
6 160 221
17 206 280
93 128 372
159 290 326
9 230 258
350 369 395
18 23 94
37 179 377
19 150 216
82 172 273
19 209 289
20 88 206
157 286 337
149 212 282
2 16 102
131 160 304
39 281 319
149 167 212
56 251 334
40 245 249
107 175 189
240 369 395
124 146 361
198 215 389
24 74 394
86 127 329
11 240 395
27 70 102
53 85 315
151 324 396
311 354 397
57 230 258
211 358 376
28 124 361
29 258 307
31 58 161
209 260 289
113 265 363
12 23 337
67 362 374
80 82 273
139 270 300
69 84 245
30 120 370
84 91 245
52 183 193
8 358 390
85 104 398
85 149 181
85 181 348
85 182 338
85 182 398
76 107 357
86 301 329
87 158 330
17 88 304
147 296 326
89 361 375
0 90 155
55 90 155
105 126 346
90 150 374
93 128 288
63 93 172
186 198 264
21 110 151
56 129 327
96 239 243
96 243 275
201 278 293
37 297 377
97 299 304
27 98 349
98 328 349
103 154 367
104 144 212
104 167 212
0 155 392
105 187 346
28 256 261
55 130 269
107 162 175
107 153 189
107 292 356
107 171 357
108 210 228
112 171 357
75 92 393
110 235 346
110 132 235
111 151 332
21 111 151
14 152 323
111 192 332
111 142 327
111 115 327
112 143 216
112 285 359
112 279 357
113 125 224
113 163 265
147 296 317
116 367 382
117 127 208
117 208 232
117 378 384
118 201 293
119 139 383
16 97 299
140 260 289
208 220 300
89 121 375
47 95 168
83 121 375
52 193 380
122 138 262
36 287 341
126 280 283
19 340 392
97 131 304
78 260 379
134 145 151
2 16 98
44 52 183
184 229 270
95 148 392
30 120 135
140 273 379
24 42 66
108 228 317
143 216 374
147 317 335
110 145 346
92 147 335
78 148 360
148 244 360
46 59 146
149 305 364
22 185 237
48 152 252
45 238 305
95 155 392
49 166 316
169 219 354
212 347 394
123 159 326
114 160 304
66 282 364
113 163 224
163 265 270
15 163 270
164 231 306
8 166 252
112 171 318
152 257 323
170 203 385
173 200 207
139 300 383
175 204 383
57 170 203
217 328 349
147 185 326
183 197 218
184 270 368
185 237 331
187 221 304
293 325 344
27 72 349
212 282 394
55 90 374
111 115 137
60 199 366
201 278 302
201 298 302
118 201 321
202 305 364
106 202 364
111 137 192
145 272 346
68 210 228
144 212 321
212 321 347
26 213 241
254 372 373
15 214 270
36 219 354
