112 191 318
179 265 363
111 115 142
99 156 357
140 259 271
65 277 373
225 281 359
156 289 357
65 254 373
93 133 323
144 212 282
191 334 352
19 209 340
1 309 336
97 131 160
259 289 329
52 224 313
107 251 334
198 351 391
15 30 214
125 297 343
194 231 306
60 199 358
13 278 302
173 207 249
29 168 307
51 250 330
47 168 307
19 156 209
222 233 360
133 372 373
128 188 288
140 259 289
0 95 392
216 279 374
57 87 310
95 148 244
55 90 362
47 155 168
112 191 359
67 276 362
115 225 327
248 346 386
62 88 206
141 251 292
272 346 386
184 229 368
107 334 352
171 318 352
107 171 352
146 236 378
27 102 353
16 97 131
35 116 290
101 185 331
11 369 395
262 350 381
164 194 245
262 350 395
164 245 284
164 284 306
18 23 284
164 194 306
350 387 395
227 305 364
195 259 271
205 303 391
49 60 358
219 287 294
63 93 323
49 358 390
166 169 277
49 60 366
36 169 219
36 341 397
3 298 308
65 330 342
51 65 330
51 79 250
47 258 307
47 244 360
87 158 310
81 87 196
29 81 307
78 244 360
95 148 340
47 233 360
9 230 233
78 222 360
196 230 258
47 233 258
65 170 254
9 203 230
230 233 258
203 230 385
9 234 254
170 254 385
203 254 385
234 254 373
9 203 254
9 128 234
234 372 373
14 152 177
93 288 372
93 133 372
4 34 186
264 351 389
80 82 188
82 188 288
78 148 379
128 222 263
121 198 215
259 329 384
83 121 198
89 121 215
195 259 384
59 195 384
46 146 361
139 229 300
220 236 378
208 236 300
117 127 384
76 329 357
289 329 357
99 216 279
191 318 352
76 171 357
99 171 357
19 95 392
78 148 244
78 222 263
19 95 340
150 216 374
19 216 392
155 168 388
0 95 155
51 79 269
268 269 276
150 216 392
143 279 374
39 137 319
67 276 285
192 268 324
39 137 281
67 143 285
39 285 319
137 225 281
143 285 359
107 242 292
141 292 356
50 191 359
174 267 336
10 56 142
56 141 246
10 56 246
134 324 396
56 129 142
192 274 324
115 137 225
151 274 324
248 345 386
151 274 332
192 274 332
21 111 332
100 248 345
322 345 386
272 322 386
248 266 346
187 266 346
187 221 266
132 235 346
126 267 336
132 235 267
17 88 280
280 283 309
97 114 160
6 131 160
100 248 266
25 100 103
25 103 353
25 70 353
27 349 353
98 299 328
20 62 206
1 204 320
206 223 283
54 180 226
180 365 370
180 214 365
223 283 339
242 292 356
162 204 242
204 242 356
107 251 292
76 107 171
76 107 301
153 162 175
86 127 301
153 208 383
153 175 189
153 189 383
86 153 208
208 220 236
229 270 368
256 261 265
15 139 214
15 265 270
124 184 229
179 261 377
28 53 315
179 261 265
75 261 377
15 163 265
37 343 377
179 343 377
52 120 135
62 120 370
5 41 120
52 135 224
41 44 120
5 62 328
5 62 120
72 197 291
197 217 349
44 109 183
109 183 217
183 193 218
197 218 291
31 72 291
58 161 371
161 291 380
218 291 380
22 237 313
22 247 312
71 247 312
101 185 326
185 326 331
58 77 161
103 165 367
123 326 331
3 138 262
68 122 190
75 240 393
108 296 317
108 210 317
210 317 335
68 122 228
38 92 147
101 147 296
38 71 147
92 335 393
240 335 393
228 240 335
75 200 261
194 207 245
11 33 173
40 91 387
11 33 369
228 240 369
84 350 387
84 91 387
84 350 381
262 286 381
23 94 284
12 241 337
3 12 262
26 201 213
23 241 337
24 64 314
118 144 321
144 231 321
85 149 167
18 213 321
18 284 306
73 182 398
43 73 398
43 53 73
124 146 236
96 239 333
239 243 375
96 303 333
303 333 391
104 144 231
106 355 364
106 176 355
106 305 364
66 178 366
106 202 305
106 202 399
202 227 305
198 351 389
255 264 351
45 136 238
186 255 376
186 255 264
8 252 257
8 211 376
7 255 376
136 238 295
32 199 358
60 66 366
49 316 390
42 178 287
178 287 294
8 316 390
166 294 316
24 314 394
74 347 394
24 42 64
13 341 344
278 293 302
74 314 394
13 278 344
278 293 344
36 354 397
3 298 302
13 298 302
325 341 344
64 325 344
298 308 397
154 367 382
85 338 348
225 327 359
50 327 359
322 324 345
49 316 366
237 313 380
22 312 313
308 311 397
158 310 330
310 330 342
231 306 321
18 306 321
127 301 384
208 300 383
13 298 341
298 341 397
238 295 399
280 309 336
112 279 359
276 285 319
243 275 348
272 324 396
271 273 379
269 276 362
256 265 368
262 286 337
12 262 337
260 271 379
140 260 271
8 252 376
40 249 387
173 249 387
141 246 356
174 246 267
10 246 267
207 245 249
243 348 361
243 361 375
22 237 247
234 288 372
128 234 288
59 232 384
104 231 398
205 227 303
265 270 368
125 224 312
28 200 256
28 256 368
86 107 301
29 79 388
59 220 232
195 253 271
75 240 369
53 73 315
196 258 307
38 71 377
37 71 343
71 125 312
69 157 381
69 157 284
85 104 167
67 90 374
67 143 374
67 90 362
110 145 151
66 282 394
35 103 154
136 199 295
68 190 326
48 152 376
80 128 263
64 293 344
161 237 371
116 190 290
66 176 295
42 66 178
143 279 359
63 93 288
68 101 296
86 153 242
45 61 399
134 145 272
191 327 334
187 235 346
56 327 334
3 12 241
272 322 324
226 283 339
43 53 200
62 299 328
38 75 393
17 105 304
122 228 262
47 95 155
119 139 214
46 59 195
71 297 343
105 114 304
162 175 204
44 109 217
74 144 347
71 101 247
42 219 287
17 105 126
76 329 384
76 301 384
5 41 328
40 91 245
182 338 348
38 92 393
39 281 359
169 311 354
36 325 341
193 218 313
44 217 328
66 176 355
35 103 123
35 123 159
45 61 255
34 63 177
69 245 284
73 182 348
33 75 200
33 173 200
192 268 319
14 133 257
47 95 244
1 226 320
55 269 362
46 195 215
17 126 280
42 64 325
117 232 384
124 315 348
224 312 313
14 133 323
201 213 321
46 89 215
183 197 217
21 110 346
4 63 288
124 184 315
10 142 267
124 146 348
159 190 290
43 200 398
58 237 331
8 133 316
113 125 363
7 32 255
78 80 263
175 189 320
4 264 389
71 125 297
7 32 358
100 131 266
18 23 241
34 186 376
29 79 250
3 26 241
59 220 378
6 221 266
15 30 135
105 126 235
2 102 353
31 72 103
1 174 336
2 16 304
24 66 394
9 222 233
62 88 299
16 114 304
87 250 330
137 192 332
4 82 172
268 276 319
11 173 387
68 101 326
2 17 98
77 123 331
66 199 295
148 340 379
31 77 123
38 75 377
77 161 291
7 358 376
0 90 150
60 66 199
19 156 216
78 80 273
214 365 370
90 130 388
52 120 183
68 108 296
2 27 102
3 26 201
71 101 147
4 186 264
46 89 361
106 176 295
133 166 316
59 146 378
21 111 267
194 231 398
66 355 364
134 272 396
58 77 331
30 214 370
117 220 232
2 16 70
135 163 224
2 17 304
88 206 283
14 252 257
169 277 311
9 128 222
25 100 131
110 151 332
4 172 253
90 130 269
209 260 379
28 184 315
74 118 144
72 197 353
6 105 221
4 82 288
28 184 368
29 87 250
14 152 252
28 53 200
29 168 388
52 193 313
61 202 399
56 141 251
48 252 376
3 293 302
179 343 363
1 226 309
0 150 392
6 105 160
204 246 356
4 253 389
35 159 290
21 132 267
15 135 163
20 54 226
15 229 270
15 139 229
16 25 70
20 206 226
41 44 328
39 285 359
181 227 303
16 97 114
124 236 300
8 211 358
17 98 299
6 131 266
23 94 337
17 88 299
18 26 241
82 172 273
18 26 213
36 42 219
197 349 353
69 84 381
126 235 267
31 103 123
20 54 180
20 62 370
45 238 399
50 191 327
181 275 348
21 132 346
56 251 334
40 245 249
29 81 87
36 42 325
198 215 389
16 25 131
32 136 199
8 133 257
55 90 269
34 152 376
311 354 397
211 358 376
226 283 309
11 387 395
237 247 331
32 136 255
113 265 363
119 189 383
78 273 379
79 130 269
79 130 388
80 128 188
31 77 291
80 82 273
83 239 333
83 333 391
83 198 391
69 84 245
30 120 370
84 91 245
52 183 193
8 358 390
85 104 398
85 149 181
85 181 348
85 182 338
85 182 398
86 208 220
86 127 220
90 155 388
87 196 230
87 158 330
88 280 283
57 87 230
89 361 375
33 75 369
0 90 155
153 162 242
61 202 205
90 150 374
96 181 303
134 151 324
4 34 63
92 317 335
64 293 314
94 286 337
94 157 381
94 286 381
56 129 327
96 239 243
96 243 275
2 70 353
37 71 377
27 98 349
98 328 349
172 271 273
103 154 367
228 369 395
104 144 282
104 167 282
105 114 160
105 187 221
105 187 235
106 295 399
228 262 395
58 237 371
35 154 382
101 247 331
86 107 242
194 200 398
119 189 320
111 137 332
111 142 267
125 343 363
169 219 294
113 125 224
113 163 265
147 296 317
126 280 336
115 129 327
116 138 382
20 180 370
117 127 220
118 201 293
118 293 314
74 118 314
119 139 383
34 152 177
44 120 183
72 103 353
83 121 239
89 121 375
138 165 367
73 315 348
122 138 262
124 229 300
61 255 351
170 310 342
133 166 277
133 277 373
134 145 151
180 214 320
45 136 255
178 316 366
122 138 190
116 138 190
138 367 382
35 116 382
200 256 261
30 120 135
140 156 289
24 42 66
2 27 98
202 205 227
144 212 347
178 294 316
96 181 275
110 145 346
92 147 317
206 223 339
99 156 216
46 59 146
63 177 323
48 152 252
156 209 260
68 108 210
94 157 284
36 169 354
212 347 394
159 190 326
123 159 326
161 237 380
66 282 364
209 340 379
113 163 224
140 156 260
21 110 332
112 171 318
195 253 389
112 171 279
167 282 364
149 167 364
3 201 293
57 170 230
170 230 385
65 170 342
121 239 375
14 177 323
99 171 279
172 253 271
173 200 207
1 174 204
139 300 383
174 204 246
175 204 320
146 348 361
180 226 320
149 181 364
181 227 364
217 328 349
183 197 218
218 313 380
212 282 394
57 170 310
137 192 319
194 200 207
195 215 389
81 196 307
111 115 137
115 129 142
166 169 294
118 201 321
61 205 351
205 351 391
206 226 339
145 272 346
68 210 228
210 228 335
119 214 320
