179 265 363
111 115 142
99 156 357
44 183 193
24 66 355
65 277 373
225 281 359
260 273 379
156 289 357
144 212 282
191 334 352
19 209 340
97 131 160
52 224 313
15 30 214
5 328 349
11 173 395
194 231 306
32 199 295
13 278 302
29 168 307
51 250 330
19 156 209
140 209 289
133 166 373
166 277 373
63 82 93
156 209 289
46 59 89
80 172 273
19 99 156
99 171 318
81 196 258
78 263 379
168 269 388
95 148 244
141 251 334
67 276 362
112 143 359
115 225 327
16 25 100
6 114 221
97 114 304
184 229 368
174 246 336
171 318 352
127 329 384
86 127 208
15 139 270
206 280 283
16 97 131
30 135 370
43 53 261
101 185 331
262 350 381
23 94 286
164 194 245
262 350 395
164 245 284
18 23 284
164 194 306
181 205 303
227 305 364
83 198 333
4 172 389
195 259 271
219 287 294
133 257 323
32 136 295
166 169 277
36 219 341
3 201 302
36 169 219
3 298 308
65 330 342
57 65 342
51 65 330
51 79 250
79 81 250
29 79 81
87 158 310
81 87 196
81 258 307
29 81 307
95 148 340
78 222 360
57 65 170
203 230 385
9 234 254
170 254 385
203 254 385
133 166 257
48 152 257
186 264 389
80 82 172
78 148 379
128 222 263
121 198 215
140 209 260
172 253 389
83 89 121
46 361 375
83 121 198
83 89 375
89 121 215
195 215 271
46 89 375
46 59 378
220 236 378
208 236 300
117 127 384
76 329 357
99 216 279
191 318 352
76 171 357
99 171 357
78 222 263
19 99 216
155 168 388
0 90 392
51 79 269
268 269 276
130 269 388
90 150 392
137 268 319
67 276 285
192 268 324
39 285 319
107 242 292
1 246 336
107 162 242
50 191 359
56 129 191
10 174 246
56 141 246
137 192 268
192 274 324
111 115 332
151 274 324
248 345 386
151 274 332
100 248 345
324 345 396
322 345 386
187 266 346
187 221 266
226 320 339
21 110 132
21 110 145
21 111 142
280 283 309
97 114 160
17 105 280
25 100 103
16 100 131
16 97 304
6 114 160
27 98 328
25 70 353
27 349 353
98 299 328
20 62 206
88 299 328
1 204 320
206 223 283
113 135 163
54 180 226
119 214 383
180 214 365
20 54 223
20 206 223
54 223 339
1 204 356
1 320 339
54 226 339
242 292 356
162 204 242
204 242 356
107 251 292
86 127 301
153 189 383
86 153 208
208 220 236
139 208 300
229 270 368
256 261 265
15 139 214
15 265 270
124 184 229
256 270 368
28 53 315
179 261 265
43 200 261
15 163 265
256 265 270
37 343 377
37 38 377
30 365 370
125 179 363
113 135 224
30 214 365
52 120 135
120 135 370
52 135 224
5 62 328
27 328 349
197 217 218
197 217 349
183 193 218
31 72 353
58 161 371
161 291 380
218 291 380
193 218 380
190 296 326
52 120 193
22 237 313
22 247 312
71 147 247
123 190 326
68 190 296
185 326 331
58 123 331
103 165 367
123 326 331
103 159 290
123 159 190
35 103 290
3 138 262
116 159 290
116 122 190
116 159 190
68 122 190
122 138 228
108 296 317
228 262 369
68 122 228
240 335 393
296 317 335
43 200 207
194 207 245
11 33 173
69 84 157
40 207 249
40 91 387
40 91 207
69 84 91
228 240 369
138 228 262
84 157 286
94 157 286
262 286 381
84 286 381
23 94 284
12 241 337
23 286 337
3 12 262
23 241 337
212 282 347
149 181 348
118 144 321
144 231 321
85 149 167
182 338 398
194 207 398
85 338 398
43 53 73
96 239 275
96 275 303
181 275 303
60 176 199
106 176 399
85 149 348
104 144 231
282 347 394
176 199 295
355 364 394
61 205 391
255 264 351
45 255 351
45 136 238
186 255 264
48 252 257
8 252 257
8 48 252
32 211 358
136 238 295
7 32 136
282 364 394
8 316 390
166 219 294
49 294 366
178 294 366
24 355 394
74 347 394
13 341 344
13 278 344
36 354 397
325 341 344
64 325 344
166 169 219
36 169 277
298 308 397
13 298 397
150 374 392
143 362 374
315 338 348
85 338 348
225 327 359
50 327 359
133 323 373
322 345 396
191 318 359
112 318 359
49 316 358
237 313 380
193 313 380
308 311 397
158 310 330
310 330 342
231 306 321
18 306 321
305 364 399
76 301 329
296 335 393
176 295 399
238 295 399
99 279 318
112 279 318
276 285 319
243 275 348
253 271 389
215 271 389
259 271 289
140 271 289
229 270 300
269 276 362
266 272 386
80 263 273
263 273 379
262 286 337
12 262 337
261 343 377
209 260 340
260 271 273
140 260 271
259 329 357
259 289 357
141 251 356
251 334 352
40 249 387
249 350 387
247 297 312
266 272 346
71 247 297
141 246 356
47 244 307
202 305 399
239 361 375
239 303 333
96 239 303
47 233 307
47 233 244
59 232 384
203 230 254
228 240 317
223 283 309
114 221 304
221 248 266
28 256 368
86 107 301
13 36 397
59 220 232
53 73 315
72 197 218
72 218 291
72 77 161
37 71 343
71 92 147
8 32 211
69 94 157
85 104 167
57 196 342
55 90 388
38 71 92
60 66 176
17 105 221
35 103 154
48 152 376
80 128 263
11 33 393
161 237 371
64 278 293
42 66 178
63 323 373
188 234 372
62 365 370
67 285 359
45 61 227
60 66 178
132 142 235
57 196 258
3 12 241
9 233 234
55 130 388
75 200 377
234 254 372
67 143 359
60 178 366
81 250 330
49 166 294
69 207 245
22 297 312
71 297 343
45 227 305
42 64 314
31 72 77
44 183 218
162 175 204
44 109 217
205 303 333
74 144 347
24 42 314
42 178 294
42 219 287
141 191 334
116 154 367
5 41 370
41 120 193
41 44 193
39 225 281
1 223 309
91 350 387
11 240 393
19 216 374
39 281 359
36 277 311
36 311 354
13 36 341
188 288 372
55 362 374
333 351 391
66 176 355
45 202 305
260 340 379
5 62 370
34 186 389
198 264 351
34 63 177
69 245 284
55 90 150
111 145 332
33 75 393
59 89 215
33 75 200
33 173 200
55 269 362
42 64 325
117 232 384
124 315 348
251 292 356
69 91 207
6 221 248
41 120 370
56 141 191
105 126 309
116 154 290
124 184 315
9 233 258
32 49 358
58 237 331
86 153 162
113 125 363
43 73 207
233 244 360
1 126 336
18 23 241
14 63 177
7 186 376
10 126 336
45 202 399
34 186 376
93 372 373
3 26 241
59 220 378
44 109 218
15 30 135
105 126 235
105 235 346
173 350 395
146 361 378
80 188 288
105 280 309
2 16 304
22 101 147
100 131 160
77 123 161
17 88 206
208 220 232
16 70 102
4 82 172
268 276 319
72 161 291
22 101 331
196 310 342
1 126 309
8 166 316
0 340 392
124 146 378
101 147 185
148 340 379
139 153 208
239 275 361
81 87 330
64 278 344
31 77 123
38 75 377
68 108 296
2 27 102
24 74 314
3 26 201
17 221 304
69 94 284
3 13 298
27 70 353
10 235 267
4 34 389
194 231 398
134 272 396
14 63 323
62 180 365
155 168 244
42 287 294
0 155 388
42 219 325
28 53 261
7 186 255
11 262 395
22 224 313
63 93 373
22 125 224
124 243 348
112 216 279
0 95 340
10 174 336
28 184 315
74 118 144
0 155 244
3 13 302
5 41 217
182 207 398
72 197 353
213 293 314
5 217 349
28 184 368
243 275 361
82 93 372
52 193 313
124 243 361
0 95 244
6 100 160
219 325 341
32 49 199
1 223 339
18 213 241
80 82 288
7 32 376
6 100 248
15 135 163
9 230 254
119 175 320
233 258 307
8 32 376
16 25 70
26 213 293
39 225 319
39 285 359
10 126 267
124 236 300
134 151 396
214 226 320
8 211 358
17 206 280
17 299 304
9 230 258
17 88 299
18 118 213
137 225 319
107 171 301
18 164 284
61 181 205
197 349 353
2 16 102
19 374 392
126 235 267
59 215 384
20 54 180
41 44 217
134 272 346
45 238 399
31 103 159
11 262 369
50 191 327
181 275 348
22 147 247
22 237 331
124 146 361
198 215 389
24 74 394
22 125 297
8 166 257
25 31 353
4 63 82
26 201 293
248 266 386
27 70 102
14 177 376
151 324 396
311 354 397
8 48 376
57 230 258
29 79 269
29 168 269
31 123 159
113 265 363
119 189 383
179 261 343
179 297 343
80 128 188
147 296 393
82 288 372
83 239 375
83 239 333
139 270 300
11 240 369
8 358 390
85 231 398
85 104 231
86 107 162
173 249 350
87 158 330
115 192 274
147 296 326
46 361 378
107 171 251
106 364 399
91 350 381
84 91 381
4 34 63
2 98 304
64 293 314
124 236 378
198 333 351
34 177 376
201 278 293
21 132 142
153 214 383
92 147 393
98 299 304
125 179 297
35 154 290
172 271 273
103 154 367
104 144 364
104 167 364
105 187 221
105 187 346
28 256 261
37 38 71
55 130 269
108 210 228
75 92 393
109 217 218
58 237 371
110 134 145
110 235 346
110 132 235
21 111 145
316 358 390
14 152 323
112 143 216
25 31 103
113 125 224
170 254 373
113 163 265
115 129 327
18 164 306
115 274 332
116 138 382
116 122 138
116 367 382
117 127 208
117 208 232
322 386 396
118 213 314
74 118 314
119 175 189
138 165 367
137 192 225
58 123 161
124 229 300
128 233 360
128 222 360
129 142 246
56 129 246
19 340 392
18 118 321
0 90 388
1 246 356
20 62 180
14 152 376
134 145 151
110 134 346
7 136 255
49 199 366
45 136 255
138 367 382
45 351 391
10 142 235
24 42 66
10 142 246
108 228 317
139 153 214
143 216 374
67 143 362
61 181 227
2 27 98
144 212 347
144 282 364
55 150 374
145 151 332
240 317 335
78 148 360
148 244 360
68 108 210
49 166 316
161 237 380
162 175 189
149 167 364
168 244 307
152 257 323
57 170 230
170 230 385
65 170 373
171 251 352
76 171 301
172 253 271
127 301 329
175 204 320
106 176 364
176 355 364
149 181 364
181 227 364
73 182 207
182 315 338
147 185 326
73 182 315
272 386 396
88 206 328
153 162 189
128 188 234
38 75 92
129 191 327
115 192 225
195 259 329
195 329 384
87 196 310
115 129 142
198 264 389
60 199 366
45 61 391
173 200 249
200 207 249
200 261 377
201 278 302
205 333 391
62 206 328
68 210 228
128 233 234
26 213 241
254 372 373
180 214 226
119 214 320
195 215 384
