179 265 363
111 115 142
44 183 193
24 66 355
65 277 373
148 260 379
156 289 357
65 254 373
93 133 323
191 334 352
1 309 336
259 289 329
52 224 313
124 229 236
31 77 161
113 224 363
32 199 295
13 278 302
29 168 307
51 250 330
57 230 385
133 166 373
166 277 373
14 34 177
128 188 288
140 259 289
19 99 156
99 171 318
81 196 258
67 276 362
115 142 327
126 280 309
31 161 291
97 114 304
174 246 336
171 318 352
127 329 384
229 236 300
139 229 270
28 53 256
28 184 256
15 30 163
30 135 370
43 53 261
53 256 261
101 185 331
101 147 247
69 91 245
164 194 245
262 350 395
164 245 284
164 284 306
149 181 227
181 205 303
83 198 333
195 259 271
205 303 391
63 93 323
133 257 323
166 169 277
36 219 341
201 213 293
3 298 308
277 311 354
158 310 342
158 330 342
51 79 250
79 81 250
29 79 81
47 244 360
87 158 310
78 244 360
95 148 340
47 233 360
78 222 360
196 230 258
57 170 385
65 170 254
203 230 385
170 254 385
203 254 385
9 128 234
48 152 257
7 45 136
14 152 177
186 264 389
93 288 372
93 133 372
4 63 323
4 34 186
264 351 389
198 253 389
4 186 389
63 82 172
80 82 172
82 188 288
78 148 379
148 209 260
83 89 121
215 253 271
46 361 375
83 121 198
195 215 271
46 146 361
139 229 300
46 59 378
220 232 378
59 117 384
117 127 384
99 216 279
99 112 279
112 143 279
191 318 352
99 112 318
76 171 357
148 209 340
78 222 263
95 155 244
150 216 374
155 168 388
0 90 392
51 79 269
268 269 276
130 269 388
90 150 392
55 276 362
143 150 374
39 281 285
137 268 319
67 276 285
192 268 324
67 143 285
141 292 356
50 191 359
10 174 246
56 141 246
10 56 246
129 142 327
137 192 268
192 274 324
115 137 192
145 151 324
111 115 332
151 274 324
248 345 386
151 274 332
105 114 187
100 248 345
322 345 386
272 322 386
134 145 324
248 266 346
187 266 346
187 221 266
226 320 339
132 235 346
126 267 336
21 110 145
10 132 267
132 235 267
126 309 336
1 283 309
280 283 309
17 105 280
105 126 280
25 100 103
25 103 353
16 97 304
16 17 304
25 70 353
2 98 102
98 299 328
1 204 320
175 189 383
119 180 214
119 214 383
54 62 180
180 214 365
223 283 339
1 204 356
119 226 320
54 226 339
242 292 356
162 204 242
204 242 356
107 251 292
76 107 171
76 107 301
139 214 383
86 153 301
86 127 301
139 208 383
139 208 300
15 265 270
124 184 229
184 256 368
256 270 368
28 53 315
33 75 207
43 200 261
75 261 377
15 163 265
256 265 270
30 365 370
113 135 224
163 265 363
113 163 363
52 120 135
5 41 120
52 193 237
72 197 349
120 135 370
41 44 109
52 135 224
27 328 349
31 103 353
41 109 217
197 217 349
44 109 183
109 183 217
183 193 218
31 72 291
31 72 353
161 371 380
161 291 380
101 237 331
218 291 380
237 371 380
193 218 380
52 120 193
193 237 380
52 237 313
22 101 247
22 237 313
22 101 237
22 247 312
71 247 312
71 147 247
101 185 326
58 123 331
103 165 367
58 77 123
77 123 159
103 159 290
35 103 290
154 165 367
35 103 367
154 165 382
35 154 367
138 165 382
3 138 262
68 122 190
75 240 393
122 138 382
108 296 317
108 210 317
108 210 296
228 262 369
68 122 228
38 92 147
38 71 147
38 92 377
240 335 393
296 317 335
75 200 261
43 200 207
75 200 207
194 207 245
11 33 173
40 173 249
11 33 369
228 240 369
94 157 286
84 350 381
23 94 284
12 241 337
3 12 262
3 12 201
26 201 213
118 213 293
23 241 337
149 181 348
74 118 293
74 118 347
118 213 321
18 213 321
18 231 306
94 245 284
43 207 398
182 338 398
194 207 398
73 182 398
85 338 398
43 73 398
46 146 378
96 239 275
96 275 303
181 275 303
303 333 391
85 149 348
104 144 231
104 194 231
106 355 364
106 176 355
106 305 364
106 202 305
106 202 399
45 202 238
198 351 389
255 264 351
202 238 399
45 136 238
176 238 295
186 255 376
186 255 264
7 45 255
48 252 257
8 252 257
7 255 376
60 66 366
42 178 287
282 364 394
166 294 316
24 42 178
24 314 394
74 347 394
24 42 64
74 293 314
278 293 302
74 314 394
13 278 344
325 341 344
64 325 344
298 308 397
13 298 397
341 344 354
344 354 397
36 341 354
315 338 348
85 338 348
1 336 356
225 327 359
50 327 359
50 327 334
322 345 396
144 321 347
118 321 347
191 318 359
112 318 359
49 316 366
49 316 358
22 312 313
308 311 397
239 303 375
303 333 375
76 301 329
236 300 378
296 335 393
116 290 382
178 287 366
287 294 366
262 286 350
286 350 381
283 320 339
278 293 314
278 314 344
243 275 348
294 316 366
262 286 337
12 262 337
140 259 273
259 271 273
8 257 390
8 252 376
251 334 352
251 327 334
248 272 346
1 283 320
141 246 356
246 336 356
207 245 249
155 244 307
47 244 307
243 348 361
239 361 375
96 239 303
234 288 372
128 234 288
47 233 307
230 254 373
9 230 373
57 230 310
203 230 254
225 285 359
224 343 363
125 224 312
223 280 283
221 248 266
78 95 244
77 161 371
29 79 388
75 240 369
72 197 218
72 218 291
71 297 377
38 71 377
71 125 312
123 159 331
69 84 387
69 286 381
63 172 253
8 32 211
69 94 245
69 94 157
24 355 364
55 90 388
48 152 376
116 190 290
66 176 295
63 93 288
5 217 328
62 365 370
20 62 339
69 157 286
134 145 272
45 61 227
10 111 132
56 251 292
55 130 388
55 150 362
18 144 321
54 119 226
17 105 304
122 228 262
84 350 395
97 160 221
189 208 383
51 330 342
45 227 305
105 114 304
162 175 204
43 73 315
149 194 398
42 219 287
41 120 193
20 206 339
41 44 193
40 91 245
49 358 366
78 95 148
37 125 297
225 281 285
121 215 253
10 111 142
36 166 169
333 351 391
9 222 360
66 176 355
45 202 305
139 214 270
51 65 342
5 62 370
153 189 208
45 61 255
46 59 333
248 272 386
55 90 150
111 145 332
137 225 327
68 210 317
164 194 231
272 322 396
42 64 325
124 315 348
13 344 397
6 221 248
224 312 313
80 82 263
10 56 129
183 197 217
21 110 346
87 196 250
12 26 201
124 184 315
9 233 258
124 146 348
159 190 290
169 277 354
58 237 331
27 72 353
78 80 263
71 125 297
29 81 258
18 23 241
0 19 155
24 66 366
179 256 261
18 144 231
34 186 376
75 92 377
36 166 219
19 150 392
122 190 382
33 173 249
4 63 253
100 131 160
87 250 330
5 299 328
17 88 206
16 70 102
268 276 319
37 261 343
40 91 173
124 146 378
66 199 295
39 276 285
5 120 370
19 156 340
239 275 361
60 66 199
78 80 273
8 136 376
59 89 333
125 224 343
4 14 323
46 333 375
117 232 378
11 91 173
3 13 298
27 70 353
133 166 316
121 195 384
16 97 160
15 30 365
11 91 387
10 129 142
134 272 396
62 180 365
68 228 240
32 136 238
117 220 232
42 219 325
11 262 395
156 171 357
54 119 180
39 276 319
9 128 222
25 100 131
54 62 339
10 174 336
199 358 366
12 26 241
28 184 315
58 77 371
10 267 336
37 261 377
63 82 288
3 13 302
5 41 217
112 143 285
243 275 361
29 168 388
37 125 343
48 252 376
31 77 159
3 293 302
179 343 363
140 260 379
6 100 160
219 325 341
4 253 389
18 213 241
149 227 305
6 100 248
56 141 292
119 175 320
233 258 307
15 214 365
76 289 357
16 25 70
55 269 276
16 131 160
8 211 358
17 98 299
6 160 221
23 94 337
17 206 280
9 230 258
17 88 299
68 317 335
137 225 319
61 181 205
18 23 306
19 155 340
0 19 392
24 314 344
69 84 381
20 88 206
2 16 102
83 89 333
126 235 267
20 62 88
43 53 315
39 281 319
149 167 194
155 168 307
31 103 159
11 262 369
181 275 348
21 132 346
40 245 249
33 207 249
5 62 88
24 178 366
85 149 398
24 364 394
16 25 131
24 64 344
27 70 102
34 152 376
311 354 397
29 258 307
30 113 163
69 91 387
11 387 395
179 261 343
78 273 379
79 269 388
80 271 273
147 296 393
153 189 301
82 188 263
84 387 395
8 358 390
86 127 220
90 155 388
16 17 98
87 158 330
115 192 274
147 296 326
33 75 369
59 89 384
0 90 155
105 126 346
107 171 251
159 185 326
133 316 390
124 236 378
198 333 351
94 286 337
56 129 327
97 114 187
97 187 221
37 297 377
175 189 301
126 235 346
92 147 393
27 102 328
9 234 373
98 102 328
104 144 212
104 167 212
32 199 211
105 187 346
106 176 238
32 238 295
106 238 399
55 130 269
107 162 175
76 289 329
133 234 372
75 92 393
199 211 358
58 237 371
99 150 216
35 154 382
225 281 319
101 147 326
21 111 132
21 111 145
316 358 390
14 152 323
143 216 279
112 285 359
115 274 332
117 127 220
59 117 378
121 198 253
119 175 383
34 152 177
121 195 215
68 240 335
89 121 384
122 138 262
56 251 327
61 255 351
133 234 373
170 310 342
134 324 345
2 16 98
134 345 396
7 136 376
115 137 327
184 229 270
140 156 289
140 273 379
8 32 136
143 216 374
67 143 362
61 181 227
35 290 382
144 212 347
145 151 332
110 145 346
166 287 294
23 284 306
206 223 339
149 305 364
95 155 340
206 223 280
80 172 271
153 208 220
19 99 150
86 153 220
99 156 171
156 209 260
81 196 250
156 209 340
36 169 354
212 347 394
159 185 331
159 190 326
107 162 292
162 242 292
140 156 260
164 231 306
166 219 287
104 167 194
167 212 282
167 282 364
190 210 326
149 167 364
152 257 323
3 201 293
30 113 135
65 170 342
50 191 334
171 251 352
172 253 271
127 301 329
175 204 320
146 348 361
179 256 265
217 328 349
182 315 338
73 182 315
128 188 222
183 197 218
184 270 368
188 222 263
27 72 349
68 190 210
212 282 394
116 190 382
57 170 310
195 259 329
195 329 384
196 230 310
87 196 310
143 150 362
133 257 390
60 199 366
61 205 351
205 351 391
208 300 378
208 220 378
145 272 346
5 88 299
210 296 326
26 213 241
107 175 301
9 233 360
15 214 270
4 14 34
