26 62 238
53 218 341
18 160 305
53 218 454
52 312 381
84 177 489
52 312 450
267 384 455
32 156 163
29 322 451
26 378 396
66 228 439
26 62 378
4 121 125
161 420 488
74 324 469
104 323 340
10 302 355
251 399 460
129 172 355
8 295 395
12 97 376
379 427 466
33 82 495
68 300 470
210 363 456
211 340 381
87 401 446
141 271 303
273 411 450
61 401 443
99 401 446
24 281 403
5 141 303
52 149 202
155 289 430
87 261 346
124 234 306
351 386 472
267 326 384
68 319 470
118 363 479
43 300 455
69 236 384
101 433 464
62 84 308
62 84 439
62 417 439
116 121 125
49 132 358
49 334 384
123 192 222
123 415 462
287 336 348
258 415 462
59 165 240
74 354 410
54 177 468
17 31 229
7 59 240
34 402 420
32 332 487
32 163 467
74 225 324
36 280 467
54 225 324
292 356 451
31 263 438
274 378 385
372 391 425
90 262 275
120 207 242
209 338 406
152 158 437
11 103 250
11 249 250
230 435 493
38 243 491
106 131 139
15 193 299
0 19 465
131 388 421
149 256 463
45 169 327
0 38 316
157 307 492
178 275 390
379 414 427
94 130 409
64 105 409
64 310 382
83 191 463
113 191 318
46 56 175
197 201 404
110 359 370
22 291 466
76 89 138
148 379 414
105 353 409
94 423 484
89 138 248
231 267 455
137 231 362
137 247 362
231 455 478
43 455 478
39 236 384
39 384 455
39 236 300
39 300 455
159 407 485
30 167 196
3 428 483
118 479 499
198 210 335
198 319 335
114 159 485
343 407 485
33 159 198
170 227 333
63 279 297
279 333 474
86 412 474
86 136 412
86 117 136
115 412 429
93 412 429
109 237 475
46 190 264
99 216 457
216 237 475
37 118 363
37 108 196
37 108 118
167 281 413
44 212 403
212 365 403
433 448 472
212 365 453
20 147 212
87 346 413
87 413 446
87 261 401
244 261 346
71 213 272
92 244 418
71 272 418
146 361 453
272 361 430
215 289 357
146 357 386
20 44 212
20 44 472
351 433 472
51 223 436
337 433 464
101 260 433
51 101 269
260 345 447
69 252 384
44 448 472
69 236 479
3 448 483
3 118 499
246 345 447
98 246 331
246 331 345
282 331 482
49 334 358
252 334 384
132 259 369
334 358 369
234 306 328
132 358 369
49 326 384
234 326 328
91 124 326
124 234 326
221 342 447
51 221 436
233 306 328
84 308 468
84 177 468
84 228 489
54 127 324
54 308 468
4 66 121
112 127 489
84 228 439
66 360 368
228 368 489
112 311 320
66 228 368
4 125 439
4 66 439
116 121 405
121 162 314
112 368 489
162 311 360
112 360 368
40 123 462
258 314 415
100 258 458
258 458 462
100 258 326
47 287 348
40 458 462
123 192 415
165 240 424
27 287 336
47 185 364
47 235 348
59 165 285
7 240 371
240 371 444
192 320 415
112 311 360
127 177 489
54 127 177
50 383 393
74 225 283
127 324 469
36 373 467
36 280 283
165 410 424
59 285 350
59 309 350
156 420 488
156 402 420
245 309 350
75 166 387
161 245 488
144 199 304
199 241 497
241 487 497
477 487 497
32 156 487
32 332 467
31 42 229
208 373 494
330 356 451
67 406 438
36 373 498
29 292 451
208 373 377
54 225 498
288 378 385
29 288 292
1 274 322
1 2 396
2 337 416
101 269 464
183 284 351
6 183 284
194 215 357
155 215 289
322 445 451
6 194 445
29 274 322
289 361 430
153 189 211
73 224 298
73 206 219
179 206 406
78 169 341
73 104 219
18 78 169
154 352 390
45 169 341
178 352 390
169 301 327
18 169 301
18 78 160
28 305 437
242 305 437
239 242 437
134 152 158
95 195 286
209 286 338
28 158 437
134 158 179
73 206 224
67 206 406
179 209 406
208 338 494
180 338 494
95 286 440
23 95 122
134 195 286
23 304 497
23 95 440
199 304 497
161 245 387
245 309 387
75 325 387
75 85 480
81 85 144
166 268 422
75 166 480
249 317 375
23 122 397
251 460 491
15 172 193
128 168 226
19 70 367
293 375 399
432 452 496
387 432 496
164 432 452
164 432 442
8 186 423
129 316 355
38 129 316
10 355 442
143 316 355
14 344 355
143 344 355
19 119 465
0 398 465
119 398 465
226 347 389
19 35 367
80 188 366
173 188 205
14 142 344
111 173 232
14 102 490
14 21 102
173 188 220
14 79 355
14 21 79
79 355 423
79 423 484
48 135 423
135 266 423
94 266 409
94 266 423
25 133 257
25 105 257
64 107 409
64 107 307
154 275 390
130 204 220
94 130 204
80 352 449
178 352 449
107 154 275
151 178 372
78 298 341
73 104 218
151 372 425
202 218 454
13 340 381
13 202 218
153 323 340
153 211 340
153 229 323
5 83 473
61 145 273
61 92 401
61 443 473
141 443 473
83 256 473
83 256 463
58 149 425
149 202 454
58 151 425
90 157 262
408 461 463
113 191 463
56 318 376
270 329 376
56 270 376
55 318 376
56 175 318
55 113 318
271 303 459
41 264 459
5 141 473
141 265 271
41 115 264
46 175 278
115 174 264
126 392 394
197 394 486
126 359 486
126 394 486
110 181 270
110 181 392
181 270 329
9 176 329
9 76 394
76 394 404
138 294 476
197 394 404
197 201 255
89 201 404
89 201 255
76 89 404
9 176 394
9 12 76
64 148 310
310 382 408
294 414 476
22 138 476
138 248 313
22 138 313
253 419 466
25 133 419
8 48 423
48 135 296
8 48 395
186 355 423
248 291 313
22 291 313
186 315 400
197 255 400
332 487 494
477 487 494
180 477 494
373 467 494
332 467 494
427 466 476
22 466 476
282 448 499
3 448 499
17 430 445
414 427 476
293 421 460
244 418 453
44 403 448
403 448 483
251 398 491
72 388 460
50 383 469
74 383 469
97 376 408
281 365 413
346 365 413
363 470 479
126 359 392
110 359 392
289 357 361
280 354 467
77 354 467
285 350 354
77 350 354
260 345 433
247 343 362
150 339 490
208 338 438
338 406 438
27 336 383
290 335 470
319 335 470
282 331 448
331 345 448
181 329 392
176 329 392
45 327 372
178 327 372
321 408 426
68 319 343
319 343 407
162 311 314
23 304 397
236 300 479
68 300 343
295 315 400
293 399 460
292 356 377
292 373 498
276 291 395
291 295 395
311 314 415
284 351 386
36 283 498
74 283 354
279 412 474
277 389 437
274 288 385
272 361 453
272 418 453
265 271 475
190 270 370
110 270 370
269 337 416
268 317 422
174 264 370
190 264 370
46 264 278
277 367 389
264 278 380
345 433 448
98 259 441
258 326 405
258 314 405
266 353 409
248 255 291
143 254 316
0 254 316
207 254 301
48 253 296
253 291 466
252 369 441
252 334 369
292 373 377
249 250 375
11 249 422
255 295 400
89 248 255
247 300 343
244 261 401
92 244 401
72 243 460
243 460 491
239 242 277
240 383 444
26 238 396
109 237 459
235 336 348
226 347 493
259 369 441
97 321 408
160 224 305
223 233 238
223 233 436
192 222 393
27 222 393
221 306 436
221 260 447
221 259 342
18 301 305
284 357 386
218 298 341
73 218 298
217 359 486
136 217 412
65 217 359
216 265 475
216 265 457
269 337 464
214 325 387
189 213 450
147 212 386
208 330 356
208 263 330
207 242 305
207 301 305
5 83 175
59 235 309
42 67 219
82 227 333
83 175 191
149 461 463
79 111 203
93 279 412
82 117 486
244 346 453
102 188 490
74 383 424
23 440 497
25 379 466
70 128 398
71 213 450
69 441 482
382 408 492
80 154 352
71 92 418
65 359 370
64 382 492
321 349 426
121 314 405
69 282 499
290 363 470
63 363 456
203 204 481
24 167 281
62 288 378
61 273 411
61 145 256
60 88 452
13 104 340
60 140 496
78 224 298
7 59 235
388 421 460
144 214 325
55 408 463
63 170 456
53 391 425
53 149 454
64 105 148
51 101 260
312 381 450
115 217 412
96 255 291
61 256 473
43 137 247
109 271 459
55 113 463
47 235 309
99 443 457
50 127 469
61 92 411
146 357 361
64 307 492
46 56 270
175 191 318
40 364 458
12 76 97
80 254 449
75 85 325
31 42 438
42 104 323
52 145 149
37 63 363
40 185 364
171 238 417
66 121 162
193 299 388
134 152 435
69 282 482
300 470 479
38 398 491
15 72 388
74 410 424
143 339 344
51 269 416
98 259 342
107 130 154
78 160 224
148 349 426
65 115 217
330 445 451
41 237 459
171 417 439
27 40 287
53 149 425
21 102 111
264 303 380
233 306 436
28 158 206
57 93 279
11 397 422
34 199 214
31 263 445
11 122 397
0 38 398
60 140 184
28 224 305
38 172 243
170 198 456
8 186 315
166 387 496
48 253 276
94 204 484
57 279 297
7 371 444
7 235 336
82 333 474
35 120 254
198 210 456
47 309 364
51 223 416
346 365 453
6 194 357
16 434 446
95 122 195
249 317 422
149 461 492
96 255 295
199 241 402
62 288 308
5 303 380
80 254 431
38 129 172
15 72 172
80 154 188
2 223 396
2 223 416
13 104 218
106 193 302
33 82 227
99 401 443
34 199 402
42 104 219
25 419 466
0 19 35
211 381 450
145 149 256
69 479 499
187 397 422
240 383 424
1 378 396
115 237 429
48 276 395
0 35 254
70 128 367
5 175 380
85 144 304
76 97 138
30 108 196
49 132 200
131 193 388
7 336 444
2 183 337
25 105 148
42 229 323
1 6 183
69 252 441
239 277 437
30 428 483
25 148 379
3 108 118
336 383 444
15 299 388
29 274 288
54 292 498
45 53 391
46 190 270
65 115 174
30 403 483
331 441 482
109 271 475
30 108 428
281 365 403
27 40 222
60 88 184
106 164 452
16 37 297
159 198 319
21 79 111
54 292 308
43 137 231
88 182 374
16 57 297
16 37 196
96 291 295
16 167 446
154 188 220
85 187 304
17 153 189
151 178 275
17 189 430
1 322 445
77 163 350
17 153 229
63 170 279
71 411 450
52 202 381
6 284 357
107 130 409
19 70 398
1 274 378
264 303 459
34 214 420
111 203 204
180 286 338
347 389 437
311 320 415
10 164 442
37 63 297
178 301 449
143 254 339
43 231 478
98 331 441
170 279 333
35 120 367
16 57 434
102 173 205
152 347 437
156 245 350
27 383 393
28 206 224
3 108 428
17 31 445
33 114 495
33 114 159
33 198 227
72 172 243
208 356 377
117 217 486
8 295 315
98 246 342
216 237 429
1 6 445
88 106 452
81 85 325
254 301 449
161 214 387
183 351 433
114 343 362
140 268 317
176 392 394
19 119 398
88 106 374
88 182 184
66 162 360
103 168 226
102 188 205
85 166 480
12 329 376
71 92 411
57 93 434
155 430 445
161 214 420
93 216 434
97 138 321
62 238 417
290 335 363
246 342 447
42 67 438
99 216 434
99 434 446
9 12 329
102 111 232
40 123 222
11 103 122
103 128 168
103 226 493
103 230 493
155 194 445
85 166 187
24 30 403
1 2 183
105 353 471
266 353 471
105 257 471
106 139 193
151 262 275
106 131 374
107 157 307
175 278 380
107 157 275
159 319 407
208 263 438
103 122 230
112 192 320
128 226 389
127 192 393
114 231 267
114 231 362
180 477 497
114 267 495
204 481 484
114 343 485
67 206 219
102 173 232
41 115 237
100 364 458
116 125 171
116 171 233
116 233 328
116 326 328
116 326 405
288 292 308
165 354 410
82 117 474
86 117 474
40 47 185
120 277 367
51 221 260
189 213 272
91 124 221
43 247 300
112 127 192
187 304 397
134 209 286
50 127 393
128 251 399
263 330 445
128 251 398
128 250 375
138 321 349
77 163 467
140 184 317
128 375 399
128 367 389
142 339 490
131 139 193
40 47 287
408 461 492
131 293 374
120 242 277
132 200 221
133 253 296
24 30 167
133 253 419
134 179 209
134 195 435
189 272 430
135 296 471
135 266 471
117 136 217
103 128 250
173 204 220
138 294 349
140 166 268
91 200 221
141 265 457
141 443 457
170 198 227
14 142 490
65 174 370
81 144 325
347 435 493
58 151 492
146 212 386
148 408 426
225 283 498
146 212 453
203 481 484
106 164 302
20 147 472
147 386 472
124 221 306
148 294 414
148 294 349
148 310 408
52 273 450
58 149 492
150 188 490
150 188 366
93 216 429
150 254 431
150 254 339
150 366 431
253 276 291
151 157 262
133 296 471
151 157 492
155 194 215
152 347 435
223 238 396
130 154 220
156 163 350
156 241 402
156 241 487
90 157 275
158 179 206
52 145 273
156 245 488
10 164 302
45 372 391
165 285 354
111 173 204
140 166 496
167 413 446
122 195 230
60 452 496
133 257 471
125 171 439
142 339 344
171 233 238
120 207 254
182 293 375
132 221 259
180 286 440
49 200 326
180 440 497
178 301 327
280 283 354
182 293 374
182 317 375
182 184 317
183 337 433
166 187 422
16 167 196
189 211 450
131 293 421
45 53 341
193 302 355
172 193 355
195 230 435
144 199 214
80 366 431
91 200 326
55 376 408
13 202 381
210 335 363
79 203 484
