144 161 214
18 160 305
52 312 381
267 384 455
153 189 430
32 156 163
26 378 396
66 228 439
26 62 378
4 121 125
161 420 488
74 324 469
50 112 393
104 323 340
163 280 467
251 399 460
366 431 490
379 419 466
12 97 376
113 408 463
379 427 466
33 82 495
176 181 329
68 300 470
211 340 381
93 412 474
16 63 297
146 386 453
65 174 359
141 271 303
93 279 474
273 411 450
61 401 443
167 413 434
104 219 323
99 401 457
124 234 306
236 470 479
351 386 472
267 326 384
68 319 470
98 331 482
62 171 233
101 433 464
36 225 498
62 417 439
116 121 125
49 132 358
40 185 287
49 334 384
123 192 222
123 415 462
258 415 462
27 192 383
59 165 240
54 177 468
17 31 229
77 163 280
77 285 354
7 59 240
332 477 487
23 144 304
32 332 487
32 163 467
74 225 324
54 288 308
219 229 323
42 67 206
372 391 425
90 262 275
209 338 406
23 180 440
161 325 387
7 235 309
166 187 397
230 435 493
38 243 491
11 249 317
106 131 139
10 106 442
38 129 243
10 106 302
0 19 465
131 388 421
45 169 327
150 431 490
254 431 449
0 38 316
80 188 220
157 307 492
178 275 390
94 130 409
58 157 492
310 408 426
64 310 382
382 408 461
56 190 270
113 191 318
264 380 459
46 56 175
294 349 426
148 379 414
96 248 291
253 276 466
89 138 248
231 267 455
170 198 210
137 231 362
43 247 478
43 455 478
39 384 455
39 236 300
159 407 485
68 319 407
236 300 470
3 428 483
198 210 335
37 63 456
198 319 335
33 170 198
114 159 485
170 227 333
170 210 456
170 333 456
93 279 297
63 279 297
279 333 474
86 412 474
86 136 412
57 93 297
86 117 136
82 86 474
115 117 217
115 136 412
303 380 459
115 412 429
93 412 429
278 303 380
109 237 475
216 237 475
16 37 63
16 167 434
30 196 428
108 196 428
212 365 403
433 448 472
20 147 212
87 346 413
92 261 401
87 413 446
401 443 457
244 261 346
284 351 357
71 213 272
17 155 430
215 289 357
351 357 386
146 357 386
20 386 472
20 147 386
20 44 472
183 337 351
51 223 396
51 269 396
101 260 433
44 448 472
69 236 479
3 448 483
98 246 331
246 331 345
290 470 479
49 334 358
132 259 369
334 358 369
132 259 342
132 221 342
234 306 328
132 358 369
49 326 384
221 342 447
233 238 306
233 306 328
62 171 417
84 177 468
54 308 468
112 127 489
66 360 368
228 368 489
112 311 320
66 228 368
116 121 405
121 162 314
112 368 489
47 185 287
121 258 314
258 314 415
100 258 458
100 258 326
123 192 415
123 222 287
165 240 424
47 235 348
59 165 285
7 240 371
240 371 444
74 383 410
27 192 222
27 336 444
192 320 415
192 383 393
127 177 489
54 127 177
50 383 393
74 225 283
127 324 469
36 373 467
77 280 354
240 424 444
165 410 424
245 350 488
7 59 309
77 285 350
383 410 424
156 402 420
81 161 325
161 245 488
34 161 214
199 241 497
477 487 497
32 156 487
28 158 179
332 373 494
31 42 229
208 338 406
208 373 494
330 356 451
67 406 438
263 330 451
330 356 377
208 373 377
54 225 498
292 356 498
288 378 385
2 396 416
269 416 464
269 396 416
194 215 357
155 215 445
1 6 322
17 155 445
213 272 430
189 213 430
153 189 211
42 219 229
31 42 67
42 206 219
78 169 341
169 301 327
45 178 372
78 160 298
18 169 301
73 298 341
239 277 389
239 347 437
11 230 493
347 437 493
95 195 286
209 286 338
134 158 179
160 224 298
67 206 406
179 209 406
208 406 438
208 338 494
95 286 440
23 95 122
23 95 440
23 85 187
81 144 161
161 245 387
245 309 387
23 187 397
88 452 496
140 268 422
249 317 375
11 122 230
11 122 317
23 122 397
134 195 230
152 435 437
435 437 493
11 103 493
251 460 491
72 388 421
293 375 399
60 184 496
60 182 184
60 88 496
72 293 421
139 193 302
131 164 452
106 139 302
164 432 452
164 432 442
8 186 423
129 172 243
172 193 302
15 172 243
0 143 316
38 129 316
10 355 442
0 19 254
0 254 339
14 344 355
19 119 465
119 398 465
35 367 389
226 367 389
35 120 277
35 277 389
120 239 277
35 120 207
207 254 449
207 301 449
178 327 449
366 431 449
301 327 449
80 188 366
14 142 344
142 143 344
111 173 232
14 21 102
14 79 355
14 21 79
79 423 484
48 135 423
135 266 423
48 253 395
94 204 481
154 275 390
107 154 409
130 204 220
130 154 409
94 130 204
178 262 275
45 178 327
78 298 341
73 104 218
53 391 454
391 425 454
145 256 473
13 340 381
73 218 341
211 312 381
153 229 323
211 312 450
61 145 473
61 92 401
265 443 457
61 443 473
141 443 473
5 175 318
149 202 454
90 157 262
382 461 492
408 461 463
113 191 463
270 329 376
56 270 376
55 318 376
46 56 190
55 113 318
41 264 459
5 141 473
41 115 264
115 117 136
46 264 380
175 278 303
46 278 380
46 175 278
174 190 370
65 174 217
65 117 217
65 117 359
197 394 486
110 181 392
181 270 329
176 181 394
9 176 329
76 394 404
89 96 255
197 394 404
89 96 248
89 201 255
9 12 76
310 382 408
294 414 476
138 248 313
253 419 466
48 253 419
8 48 423
48 135 296
253 276 395
8 48 395
8 186 295
276 291 466
248 291 313
22 291 313
186 315 400
197 255 400
186 295 315
180 477 494
3 448 499
216 446 475
22 427 476
44 403 448
403 448 483
403 428 483
241 402 497
251 398 491
178 390 449
75 387 480
387 432 452
252 384 441
334 384 441
50 383 469
74 383 469
55 376 426
131 374 452
365 386 453
118 363 499
272 361 418
314 360 415
289 357 361
356 373 377
156 350 420
350 420 488
261 346 401
345 448 499
331 345 482
282 345 482
260 345 433
337 464 472
337 351 472
290 335 470
319 335 470
311 360 415
112 311 368
64 307 409
109 303 475
68 300 343
48 296 419
294 310 426
293 399 460
72 293 460
22 291 427
276 291 395
40 287 462
74 283 410
379 427 476
63 279 456
274 288 385
272 411 418
71 272 411
272 289 430
272 289 361
265 271 475
141 271 443
265 271 443
166 268 397
267 362 495
266 423 484
266 481 484
94 266 481
263 445 451
345 433 448
151 262 425
178 262 372
244 261 418
258 326 405
121 258 405
256 461 463
201 255 404
197 255 404
280 283 467
249 250 375
246 260 345
246 260 447
243 460 491
262 372 425
239 242 301
238 306 436
26 238 396
109 237 459
231 267 362
235 336 348
235 336 444
379 414 476
226 347 493
226 239 347
36 225 467
225 283 467
160 224 305
27 222 336
283 354 410
221 260 447
51 221 223
221 223 436
18 301 305
53 218 391
218 372 391
174 217 264
115 217 264
216 413 434
215 289 430
155 215 430
215 322 445
194 215 322
189 213 450
147 212 386
211 323 340
153 211 323
247 362 478
208 263 330
120 207 239
188 205 220
5 83 318
82 227 333
296 353 471
433 464 472
33 159 362
102 150 490
79 186 423
79 111 203
131 164 442
76 201 404
82 117 486
76 89 201
244 346 453
286 338 494
70 128 398
71 213 450
137 455 478
67 263 438
31 67 263
156 402 497
141 175 303
4 66 171
39 43 247
36 356 498
66 171 439
64 382 492
64 353 409
321 349 426
245 285 350
117 126 486
203 204 481
24 167 281
62 84 468
62 288 378
61 145 450
61 273 411
24 281 365
13 104 340
99 446 475
26 62 233
18 160 169
255 315 400
83 191 318
58 149 454
27 424 444
281 346 365
110 392 486
4 125 171
51 269 464
51 101 260
113 408 426
33 198 319
52 145 202
47 235 309
50 127 469
146 357 361
64 307 492
5 256 473
61 273 450
46 174 190
12 76 97
87 99 446
61 92 418
145 312 450
40 258 458
40 185 364
40 100 364
193 299 388
81 325 387
40 100 458
134 152 435
279 333 456
39 252 384
265 457 475
39 247 343
93 216 237
39 69 252
5 83 256
64 105 353
38 398 491
15 72 388
9 76 176
54 127 225
37 210 363
20 212 403
57 216 434
32 332 373
41 237 459
2 378 396
171 417 439
29 54 288
21 102 111
50 112 127
13 53 218
129 172 302
39 43 455
35 70 367
34 144 304
10 129 355
31 263 445
15 72 460
28 224 305
166 387 496
8 291 395
107 307 409
13 202 454
8 96 295
7 371 444
19 207 254
82 333 474
282 479 499
98 334 369
17 153 430
346 365 453
6 194 357
95 122 195
6 284 351
5 141 175
96 255 295
199 241 402
89 97 138
62 288 308
29 322 445
109 303 459
15 243 460
62 228 439
10 129 302
24 30 196
25 257 353
13 104 218
34 144 214
145 202 256
78 160 169
33 82 227
290 479 499
58 151 454
34 199 402
242 301 305
8 96 291
2 337 464
207 239 301
181 190 270
6 183 351
75 81 480
60 88 374
28 242 305
58 461 492
80 352 366
115 237 429
0 142 339
23 81 144
69 441 479
39 300 343
123 287 462
70 128 367
11 103 249
47 336 348
268 397 422
36 356 373
49 132 200
131 193 388
26 233 238
133 296 419
83 191 256
173 205 220
33 159 407
2 183 337
290 363 499
116 234 326
1 6 183
25 148 310
69 252 441
0 142 143
246 259 342
79 186 355
61 411 418
291 427 466
68 407 485
15 299 388
29 274 288
54 292 498
32 373 467
29 54 292
76 176 394
91 200 234
216 413 446
4 121 162
23 81 85
19 35 70
21 79 111
22 294 476
33 319 407
332 477 494
16 57 297
28 239 437
16 37 196
75 81 387
167 346 413
28 206 406
137 362 478
77 163 350
17 153 229
88 374 452
47 287 336
71 411 450
52 202 381
130 220 352
25 133 148
1 274 385
6 284 357
1 378 385
19 70 398
62 84 228
46 174 264
47 185 309
19 35 207
110 174 370
22 294 313
94 266 471
311 320 415
24 365 403
25 133 296
25 105 310
130 154 390
13 53 454
25 105 353
1 29 322
16 57 434
102 173 205
222 287 336
1 2 378
4 66 162
58 151 157
27 383 424
28 134 158
28 134 437
28 206 224
129 344 355
156 487 497
28 239 242
226 239 389
98 441 479
3 108 428
185 309 364
29 356 451
29 445 451
16 24 196
30 403 428
81 85 480
17 31 445
33 362 495
206 224 298
38 398 465
34 199 304
97 376 426
133 148 379
37 210 456
68 343 485
87 99 401
40 258 462
19 119 398
76 89 97
2 416 464
66 162 360
103 168 226
56 175 376
90 154 275
90 107 154
102 188 205
85 166 480
62 308 468
387 452 496
12 329 376
57 93 216
93 237 429
94 353 409
97 138 321
290 335 363
246 342 447
98 259 369
98 479 482
60 182 374
133 379 419
99 457 475
9 12 329
102 111 232
14 102 150
87 346 401
212 365 386
102 188 366
28 179 406
102 366 490
103 128 168
103 226 493
82 86 117
103 249 250
104 206 219
85 166 187
24 30 403
166 387 480
149 256 461
64 105 310
1 2 183
107 157 307
90 107 157
108 118 363
108 118 499
0 38 465
3 108 499
208 263 438
208 330 377
6 194 322
110 126 174
112 192 320
112 192 393
110 126 486
55 113 426
110 181 370
114 247 362
114 247 343
180 477 497
114 343 485
7 235 444
73 104 206
58 149 461
271 303 475
134 230 435
20 44 403
102 173 232
41 115 237
116 125 171
116 171 233
116 233 328
116 234 328
1 29 274
116 326 405
117 126 359
165 354 410
92 261 418
97 321 426
255 295 315
51 221 260
124 221 436
91 124 221
73 206 298
126 174 359
94 353 471
98 246 259
111 173 203
15 172 299
127 225 324
128 251 399
128 251 398
128 250 375
138 321 349
128 375 399
129 143 344
129 143 316
130 352 390
131 139 193
131 293 374
106 131 442
132 200 221
134 179 209
162 314 360
135 296 471
135 266 471
282 479 482
103 128 250
59 285 309
137 231 455
173 204 220
138 294 349
25 257 296
146 244 453
140 166 268
140 184 496
91 200 221
352 366 449
142 150 339
52 145 312
184 317 422
29 292 356
146 361 418
146 244 418
167 281 346
352 390 449
124 306 436
203 481 484
134 195 209
148 294 414
180 286 494
39 69 236
161 402 420
80 220 352
150 254 431
150 254 339
223 238 436
140 184 422
151 157 262
151 425 454
37 196 363
223 238 396
156 163 350
311 360 368
180 199 304
128 168 367
114 159 362
169 341 372
34 161 402
98 334 441
165 285 354
140 166 496
122 195 230
168 226 367
45 169 372
245 285 309
172 193 299
173 203 204
175 318 376
84 177 228
138 294 313
177 228 489
51 101 464
33 170 227
180 199 497
182 293 375
218 341 372
180 286 440
23 180 304
49 200 326
14 142 150
257 296 353
181 190 370
280 283 354
181 394 486
181 392 486
182 293 374
317 397 422
182 317 375
182 184 317
134 152 437
91 124 234
122 317 397
189 211 450
148 294 310
131 293 421
191 256 463
195 209 286
108 196 363
16 24 167
200 234 326
282 345 499
149 202 256
13 202 381
210 335 363
79 203 484
