16 36 45
13 36 44
17 19 30
12 13 44
9 10 38
3 6 8
26 35 39
2 34 35
9 26 38
10 38 39
26 38 39
6 8 17
15 23 28
13 23 28
4 15 28
5 23 47
13 23 36
36 44 45
12 13 28
4 12 28
12 29 31
4 12 29
16 31 45
4 15 18
1 14 40
7 21 22
21 22 46
22 29 48
3 22 31
16 31 32
22 29 31
9 10 37
21 41 46
9 41 46
9 37 46
1 9 41
2 35 39
10 33 39
8 17 30
8 30 42
27 42 47
23 36 47
27 42 49
5 27 47
5 23 43
17 24 25
20 33 34
31 44 45
8 42 47
3 8 31
12 31 44
7 14 21
8 31 32
30 42 49
6 20 33
0 6 25
0 20 34
5 11 19
5 19 27
33 34 39
8 32 47
0 25 34
3 6 33
16 36 47
3 10 33
4 18 29
0 6 20
5 11 43
7 14 18
7 18 22
3 10 22
18 22 48
11 17 19
2 34 39
19 30 49
11 17 43
14 15 40
1 14 41
14 15 18
10 22 37
17 24 43
14 21 41
16 32 47
18 29 48
6 17 25
19 27 49
22 37 46
