16 36 45
13 36 44
17 19 30
9 10 38
3 6 8
2 34 35
0 17 25
9 26 38
26 38 39
6 8 17
2 20 34
32 36 47
15 23 28
13 23 28
4 15 28
14 18 40
13 23 36
32 42 47
16 32 36
36 44 45
12 13 28
4 18 48
4 12 28
16 31 45
1 14 40
1 21 41
22 29 48
7 22 48
16 31 32
22 29 31
9 10 37
21 41 46
9 41 46
9 37 46
1 9 41
2 20 39
20 33 39
0 20 25
0 6 17
6 10 33
20 25 34
11 24 43
19 30 42
5 27 43
19 42 49
8 32 42
27 42 49
5 23 43
11 27 43
17 24 25
31 44 45
22 31 37
3 8 31
5 42 47
6 10 37
3 31 37
7 21 46
3 6 37
5 36 47
8 31 32
6 20 33
33 38 39
7 37 46
1 14 48
4 15 40
2 26 35
4 18 40
2 26 39
12 13 29
0 6 20
8 17 42
7 22 37
7 21 48
1 21 48
5 27 42
14 18 48
11 17 19
11 17 24
13 29 44
17 30 42
29 31 44
4 12 48
12 29 48
5 23 36
10 33 38
11 19 27
19 27 49
