13 36 44
17 19 30
3 6 8
2 34 35
9 26 38
0 6 33
15 23 28
4 15 28
14 18 40
5 23 47
14 18 21
3 37 46
7 18 48
1 14 40
1 14 21
7 21 22
1 21 41
7 18 21
3 22 31
16 31 32
22 29 31
21 41 46
1 9 41
20 33 39
10 33 39
0 20 25
0 20 33
6 10 33
20 25 34
11 24 43
8 32 42
23 36 47
5 27 47
5 23 43
37 38 46
9 38 41
38 41 46
36 42 47
26 35 38
3 8 31
6 10 37
3 6 37
16 29 31
8 31 32
30 42 49
4 28 44
4 12 44
29 44 45
42 47 49
0 6 25
6 17 30
2 10 39
2 35 38
2 10 37
6 8 42
20 34 39
27 47 49
6 30 42
16 32 42
17 19 25
7 22 29
7 12 29
4 15 40
16 29 45
16 36 44
4 18 40
7 12 48
3 21 46
2 37 38
13 28 36
5 11 43
2 34 39
3 21 22
19 30 49
11 19 25
23 28 36
11 24 25
4 12 18
12 18 48
5 11 27
16 36 42
16 44 45
6 17 25
11 19 27
19 27 49
13 28 44
12 29 44
