16 36 45
13 36 44
17 19 30
3 8 32
3 6 8
2 34 35
9 26 38
15 23 28
13 23 28
4 15 28
3 31 32
36 44 45
3 37 46
12 13 28
4 12 28
16 31 45
4 15 18
1 14 40
7 21 22
22 29 48
7 22 48
3 22 31
16 31 32
22 29 31
3 10 37
9 41 46
9 37 46
1 9 41
10 33 39
5 27 43
8 32 42
27 42 49
11 19 49
5 23 43
17 24 25
11 43 49
10 37 38
36 42 47
20 33 34
5 42 47
5 13 47
30 42 49
6 20 33
29 44 45
0 6 25
2 26 38
2 10 39
0 20 34
2 10 38
6 8 42
33 34 39
21 22 41
16 32 42
0 25 34
9 37 38
2 26 35
6 17 42
27 43 49
3 6 33
14 21 48
5 13 23
29 31 45
3 10 33
12 13 29
0 6 20
3 41 46
7 21 48
3 22 41
5 27 42
14 18 48
11 17 19
2 34 39
19 30 49
13 29 44
11 17 43
17 30 42
14 15 40
1 14 41
4 12 18
12 18 29
14 15 18
17 24 43
13 36 47
14 21 41
16 36 42
18 29 48
6 17 25
