213 234 396
13 179 372
288 354 387
25 203 317
71 117 299
8 101 181
46 291 382
126 228 287
44 93 156
113 204 251
68 236 301
26 114 338
33 152 229
2 95 169
29 288 339
61 187 374
138 337 395
32 173 300
31 47 125
13 291 382
75 191 341
20 151 257
8 111 135
0 192 240
126 165 398
7 196 256
135 214 393
102 136 262
228 275 287
44 243 322
141 250 322
183 186 322
84 132 308
82 343 361
28 292 365
6 28 190
6 28 271
292 343 361
17 116 176
248 298 375
202 312 368
86 312 368
180 284 364
10 236 293
40 80 279
39 210 236
215 267 305
42 97 305
218 301 318
80 278 374
177 306 335
147 260 366
122 329 340
140 172 379
56 171 334
110 140 172
168 249 284
180 249 284
172 379 380
108 149 352
237 274 351
44 93 243
231 243 276
151 231 257
14 149 199
237 323 349
187 278 374
67 79 174
42 97 369
222 288 354
58 286 337
34 127 222
4 88 166
34 38 144
139 148 387
139 148 324
50 310 397
259 286 297
47 112 347
41 263 344
4 41 166
54 273 342
41 130 244
21 74 77
104 205 331
239 273 313
45 302 382
20 46 295
46 291 295
20 289 295
13 291 372
142 315 327
65 270 382
46 302 382
101 181 226
96 209 266
75 291 372
76 253 254
72 191 266
102 111 115
72 209 370
59 175 360
35 227 247
3 96 159
159 209 327
37 69 212
96 159 209
201 253 381
7 103 192
192 240 303
103 192 217
7 27 197
7 103 256
7 245 363
126 226 228
0 165 217
0 240 398
0 192 217
1 132 308
196 296 367
0 165 398
201 240 303
201 240 398
76 201 253
76 201 398
102 170 262
253 254 381
330 333 399
209 327 370
76 115 254
111 135 219
136 179 264
170 254 399
167 221 399
170 221 399
102 111 136
13 179 264
170 221 262
179 221 262
136 179 262
214 389 393
157 181 214
135 219 393
13 78 382
78 389 393
1 157 255
1 157 181
1 53 181
126 220 226
101 220 226
53 226 228
53 181 226
26 60 338
299 343 345
26 84 132
6 190 299
64 65 270
45 93 257
45 93 156
20 45 302
93 231 243
83 184 348
44 85 156
26 60 84
44 85 186
249 250 322
44 186 322
183 186 319
6 183 271
71 117 319
71 183 319
60 299 338
28 190 292
190 299 343
60 117 299
28 271 365
292 361 365
249 271 365
190 292 343
33 82 229
82 124 343
124 343 345
66 287 367
299 338 375
204 248 251
24 124 188
196 197 198
196 256 296
27 198 204
7 196 197
27 197 198
7 27 245
27 204 245
113 245 363
113 204 245
17 116 163
248 251 298
113 188 251
124 188 251
7 176 363
24 95 246
2 202 312
17 49 176
116 163 169
24 116 232
116 176 232
33 82 357
82 357 361
152 168 229
2 95 202
24 124 246
95 202 246
86 225 368
10 86 261
10 86 293
68 106 301
86 293 307
2 163 169
86 307 312
2 307 312
2 39 307
2 39 163
39 293 307
39 163 210
185 210 236
49 265 362
17 49 185
10 68 236
218 265 301
49 176 362
193 265 362
193 218 265
94 193 362
48 153 215
48 131 153
131 153 362
12 218 318
12 70 369
215 267 350
48 350 369
97 99 305
56 106 164
12 70 318
39 236 293
236 265 301
68 106 182
36 68 182
106 164 182
171 334 394
171 272 336
110 122 329
56 89 171
56 99 334
99 334 378
42 267 305
129 133 321
48 215 350
129 234 396
129 234 321
158 177 306
18 80 90
213 353 396
154 334 394
154 158 394
154 158 177
158 272 306
174 187 272
174 272 336
79 174 336
67 79 285
110 122 383
122 252 340
122 242 252
110 294 383
36 242 252
63 242 325
110 140 294
225 294 304
294 304 383
63 304 383
180 249 250
225 235 294
225 235 368
180 250 364
140 141 379
230 386 390
250 309 364
379 380 386
230 243 390
119 194 390
143 194 390
5 145 320
146 208 224
128 281 347
98 281 351
98 146 224
5 143 208
274 281 351
9 323 351
15 200 237
88 121 286
237 323 351
11 109 349
11 109 366
9 285 323
67 174 187
61 67 187
90 279 353
18 207 366
38 134 346
18 260 366
11 147 366
279 353 396
40 279 396
29 153 215
80 90 279
38 127 134
127 134 288
38 144 282
34 222 354
34 38 127
127 222 288
52 147 260
15 147 282
38 282 346
16 52 260
15 200 290
11 15 147
22 144 324
15 144 282
22 138 324
121 200 290
58 121 286
58 316 337
15 144 290
138 316 337
22 138 316
22 144 316
34 144 324
139 354 387
87 138 395
87 148 397
258 377 397
148 377 397
258 277 377
258 310 397
32 92 277
50 74 195
286 337 395
50 74 397
74 77 173
32 92 195
21 137 155
100 130 300
91 100 130
81 130 300
173 300 359
21 259 297
21 77 155
58 121 290
88 166 297
259 286 395
88 286 297
21 166 297
21 137 166
98 281 328
128 281 388
274 281 388
108 238 391
112 128 347
81 130 244
32 81 300
105 371 376
51 107 371
41 112 263
81 216 244
23 30 123
105 273 358
105 241 371
105 358 376
43 216 280
73 358 373
268 358 373
19 273 342
54 199 342
14 31 206
73 373 384
47 112 263
125 178 263
47 125 263
108 149 238
149 199 352
108 352 391
14 149 238
238 328 356
120 283 385
119 120 391
119 243 390
119 194 283
194 283 385
119 120 283
120 385 391
119 243 276
151 231 276
20 45 257
93 231 257
20 46 302
20 151 289
62 151 289
118 331 352
62 118 352
162 239 313
104 162 313
19 273 313
19 104 313
25 205 317
25 203 227
35 55 175
35 203 227
118 160 161
118 160 331
62 118 289
75 291 295
75 233 372
72 191 341
75 233 341
167 179 372
167 330 399
167 179 221
212 254 399
333 370 399
212 315 399
3 223 247
96 227 266
72 209 266
142 159 327
3 159 311
142 159 311
142 326 355
30 150 360
23 30 211
123 150 326
142 311 326
3 311 326
123 326 355
35 223 247
55 239 241
35 175 223
175 223 360
150 223 360
51 59 107
51 241 371
51 55 241
59 107 211
69 123 269
30 59 211
123 212 355
37 69 269
30 59 360
30 123 150
69 123 212
23 123 269
81 107 269
87 395 397
73 384 392
61 349 374
65 348 382
45 348 382
233 341 370
72 341 370
233 330 372
79 329 336
328 385 391
238 328 391
315 327 399
133 321 334
327 370 399
298 299 345
287 296 367
201 303 381
281 328 356
281 347 356
63 304 325
268 373 384
42 267 369
158 272 394
248 338 375
244 280 332
239 241 273
235 309 364
215 234 305
233 330 333
230 379 386
141 230 322
230 243 322
43 216 376
303 314 381
64 214 270
23 211 269
107 211 269
208 224 351
9 208 351
199 331 342
54 199 206
198 204 248
98 224 351
92 195 310
191 289 295
75 191 295
25 191 227
202 235 368
146 189 208
187 278 306
185 236 265
263 344 392
49 185 265
57 178 392
66 198 248
178 263 392
177 334 335
154 177 334
183 271 322
79 172 285
168 235 364
126 165 296
165 256 296
86 225 261
17 163 185
118 161 289
161 191 289
25 160 205
160 205 331
25 160 191
85 156 186
160 161 191
152 249 365
249 271 322
152 168 249
148 277 377
162 203 317
148 277 387
52 147 346
98 146 328
145 380 386
145 320 386
66 198 367
50 195 310
142 212 315
140 141 309
141 250 309
140 235 294
140 235 309
87 138 148
62 151 352
321 334 378
135 181 214
92 258 310
155 300 359
31 178 206
82 124 246
124 251 298
189 328 385
51 59 175
24 232 363
119 151 276
280 332 344
41 332 344
189 194 208
40 129 133
29 339 353
24 116 169
80 278 306
45 83 348
60 84 319
4 41 128
101 111 115
171 329 336
36 242 325
47 347 356
54 273 358
141 230 379
70 106 369
36 56 89
19 104 331
43 73 358
40 129 396
74 173 195
34 139 354
40 80 306
33 152 365
33 357 361
5 9 208
33 361 365
45 83 156
107 216 371
124 298 345
216 371 376
63 122 383
104 162 317
77 155 173
14 31 238
171 272 394
41 130 166
64 84 308
29 213 353
4 88 121
216 244 280
14 199 206
64 157 255
233 333 370
189 194 385
26 114 287
54 268 384
36 56 164
31 238 356
56 97 99
11 15 349
10 36 261
6 71 183
6 71 299
172 285 380
151 352 391
64 157 214
83 156 186
5 9 145
29 213 234
19 331 342
16 18 90
1 64 308
26 275 287
9 285 380
191 227 266
4 121 274
167 330 372
3 150 326
18 207 374
13 111 264
163 185 210
43 358 376
54 268 358
63 122 242
16 288 339
15 237 349
10 36 68
79 110 172
3 150 223
3 96 227
267 350 369
32 173 195
13 219 393
13 78 393
225 304 325
70 301 318
21 259 397
126 287 296
155 173 359
5 386 390
16 52 346
12 48 94
298 299 375
128 274 388
105 241 273
121 200 237
12 48 369
214 270 389
36 164 182
24 113 188
111 136 264
100 155 300
16 134 346
168 284 364
24 95 169
1 64 255
41 244 332
9 145 380
176 232 363
16 134 288
24 113 363
57 384 392
196 198 367
31 125 178
40 306 335
142 212 355
3 227 247
48 94 362
64 184 348
13 111 219
83 186 319
5 143 390
40 133 335
199 331 352
138 148 324
78 270 389
26 132 228
26 228 275
54 206 384
187 272 306
35 55 203
55 203 239
56 97 106
280 344 392
16 18 260
66 114 248
31 47 356
57 206 384
8 101 111
53 132 228
121 237 274
102 170 254
60 117 319
168 229 246
61 323 349
162 203 239
94 193 218
146 189 328
64 84 319
64 184 319
103 165 217
64 65 348
67 285 323
89 252 340
70 106 301
99 321 378
168 202 235
73 280 392
57 178 206
43 73 280
76 101 220
36 261 325
76 101 115
76 126 398
76 126 220
225 261 325
78 270 382
79 110 329
259 395 397
91 137 166
34 139 324
82 229 246
91 130 166
83 184 319
104 205 317
143 194 208
36 89 252
89 171 329
5 320 386
89 329 340
90 339 353
16 90 339
41 112 128
91 100 137
92 258 277
12 94 218
18 80 374
8 135 181
168 202 246
99 305 321
21 74 397
100 137 155
102 115 254
103 165 256
29 215 234
97 106 369
81 107 216
1 53 132
234 305 321
147 282 346
109 207 374
58 144 316
109 207 366
109 349 374
58 144 290
66 114 287
119 151 391
114 248 338
61 67 323
4 128 274
51 55 175
133 334 335
48 131 362
