213 234 396
83 184 186
13 179 372
288 354 387
25 203 317
141 230 386
71 117 299
64 65 184
157 214 255
126 228 287
44 93 156
83 156 348
63 242 383
26 114 338
33 152 229
2 95 169
66 198 204
29 288 339
36 242 261
61 187 374
31 47 125
45 65 348
45 156 348
20 151 257
66 204 248
201 303 314
13 78 219
103 217 256
135 214 393
102 136 262
45 65 382
64 214 255
126 287 367
65 184 348
228 275 287
44 243 322
183 186 322
84 132 308
82 343 361
28 292 365
66 196 367
6 28 190
6 28 271
248 298 375
168 249 365
124 251 345
168 235 368
202 312 368
86 312 368
180 284 364
10 236 293
40 80 279
39 210 236
215 267 305
42 97 305
218 301 318
70 97 369
80 278 374
40 133 334
97 99 106
177 306 335
134 288 339
122 329 340
140 172 379
56 171 334
110 140 172
168 249 284
180 249 284
172 379 380
4 274 388
121 200 274
108 149 352
237 274 351
44 93 243
231 243 276
151 231 257
14 149 199
237 323 349
187 278 374
67 79 174
222 288 354
4 88 166
139 148 387
139 148 324
50 310 397
200 237 274
4 41 166
21 74 77
206 268 373
239 273 313
14 238 356
331 342 352
45 302 382
20 46 295
20 289 295
75 289 295
25 205 331
13 291 372
65 270 382
46 302 382
96 209 266
75 291 372
76 253 254
72 191 266
102 111 115
25 227 266
59 175 360
35 227 247
3 96 159
159 209 327
37 69 212
96 159 209
201 253 381
8 101 115
7 103 192
7 27 197
7 245 363
165 217 256
0 240 398
126 220 398
76 220 398
196 296 367
201 240 303
76 201 253
201 314 381
102 170 262
253 254 381
330 333 399
209 327 370
76 115 220
76 115 254
101 115 220
8 111 115
136 179 264
170 254 399
167 221 399
170 221 399
102 111 136
13 179 264
170 221 262
214 389 393
157 181 214
135 219 393
8 135 214
78 219 393
13 78 382
78 389 393
1 157 255
1 157 181
1 53 181
53 226 228
53 181 226
26 60 338
299 343 345
6 190 299
64 255 308
64 65 270
45 93 257
45 93 156
20 45 302
93 231 243
83 184 348
44 85 156
184 186 319
83 85 186
83 85 156
249 250 322
183 186 319
6 183 271
71 117 319
71 183 319
60 299 338
28 190 292
190 299 343
60 117 299
28 271 365
292 361 365
249 271 365
299 345 375
124 229 246
82 124 343
251 298 345
124 343 345
114 338 375
26 114 275
66 287 367
126 296 367
66 114 375
66 196 198
66 248 375
299 338 375
24 124 188
196 197 198
196 256 296
27 198 204
7 196 197
27 197 198
7 27 245
27 204 245
113 245 363
113 204 245
248 251 298
298 345 375
124 188 251
24 95 116
24 188 363
7 176 363
2 202 312
17 49 176
116 163 169
24 116 232
116 176 232
33 82 357
82 357 361
152 168 365
152 168 229
2 95 202
95 116 169
95 202 246
168 202 368
36 68 261
86 225 368
10 86 261
10 86 293
68 106 301
86 293 307
2 163 169
86 307 312
2 307 312
39 293 307
39 163 210
12 94 193
185 210 236
49 265 362
17 49 185
218 265 301
49 176 362
193 265 362
193 218 265
94 193 362
48 131 153
131 153 362
12 70 369
215 267 350
48 350 369
42 267 350
129 133 396
97 99 305
56 106 164
70 97 106
12 70 318
39 236 293
236 265 301
10 68 261
68 106 182
36 68 182
106 164 182
171 334 394
171 272 336
110 122 329
56 89 171
56 99 334
56 99 106
99 334 378
42 267 305
129 133 321
48 215 350
129 234 396
158 177 306
18 80 90
213 353 396
40 133 396
278 306 335
40 334 335
154 334 394
80 278 335
158 272 306
174 187 272
174 272 336
79 174 336
79 172 380
67 79 285
110 122 383
122 252 340
242 261 325
86 261 325
110 294 383
63 225 304
36 242 252
63 242 325
110 140 294
294 304 383
63 304 383
180 249 250
225 235 368
180 250 364
140 141 379
230 386 390
140 294 309
250 309 364
379 380 386
9 145 285
141 379 386
141 230 243
230 243 390
320 380 386
145 320 380
143 194 390
5 145 320
146 208 224
128 281 347
143 146 189
98 281 351
9 208 224
98 146 224
5 143 208
143 146 208
274 281 351
237 323 351
11 109 349
11 109 366
109 366 374
145 285 380
9 285 323
79 285 380
40 80 335
207 366 374
18 207 366
38 134 346
18 260 366
279 353 396
40 279 396
16 90 353
18 90 260
16 90 260
16 52 134
38 127 134
34 222 354
52 147 260
15 147 282
38 282 346
52 134 346
16 52 260
15 200 290
11 15 147
22 144 324
22 138 324
58 316 337
58 290 316
138 316 337
144 290 316
22 138 316
22 144 316
34 144 324
139 354 387
87 148 397
258 377 397
148 377 397
258 310 397
32 92 277
92 277 310
32 74 173
50 74 397
32 92 195
137 155 359
21 137 155
77 155 359
100 130 300
137 300 359
91 100 130
81 130 300
173 300 359
21 77 155
88 166 297
259 286 395
88 286 297
21 166 297
21 137 166
100 137 300
4 128 388
98 281 328
128 281 388
274 281 388
112 128 347
41 91 166
81 130 244
81 216 371
216 280 332
51 107 371
41 112 263
244 332 344
57 73 384
43 280 392
23 30 123
43 73 376
105 358 376
43 216 280
268 358 373
203 239 317
54 199 342
206 373 384
54 268 273
268 273 358
14 31 206
54 206 268
73 373 384
47 125 263
108 149 238
149 199 352
108 352 391
14 149 238
238 328 356
238 328 385
120 283 385
119 120 391
143 189 194
119 194 283
119 276 391
194 283 385
119 120 283
120 385 391
119 243 276
151 231 276
20 45 257
93 231 257
20 46 302
151 276 391
20 151 289
62 151 289
25 160 331
199 342 352
162 239 313
19 273 313
19 104 342
25 205 317
35 55 175
25 191 266
118 160 331
62 118 289
233 330 370
75 233 372
72 191 341
75 233 341
167 330 399
212 254 399
315 327 370
330 333 370
167 233 330
333 370 399
315 370 399
212 315 399
3 223 247
96 227 266
3 159 311
142 159 311
30 150 360
23 30 211
3 311 326
35 223 247
162 239 317
55 239 241
105 239 241
35 175 223
175 223 360
150 223 360
51 55 241
81 107 371
30 59 211
123 212 355
30 59 360
30 123 150
69 123 212
23 123 269
81 107 269
87 395 397
61 349 374
233 341 370
72 341 370
79 329 336
133 321 334
142 311 355
277 310 377
258 310 377
126 296 398
191 289 341
15 282 290
358 373 376
281 328 356
281 347 356
72 266 370
47 263 347
158 272 394
41 244 263
244 263 344
243 250 322
105 239 358
239 273 358
235 309 364
225 235 304
215 234 305
75 289 341
9 224 323
220 226 228
126 220 228
0 217 398
165 217 398
43 216 376
64 214 270
23 211 269
107 211 269
104 205 342
200 237 349
54 199 206
98 224 351
92 195 310
188 251 363
194 243 390
119 194 243
12 193 318
190 292 361
190 343 361
187 278 306
185 236 265
263 344 392
49 185 265
179 233 372
57 178 392
154 177 394
158 177 394
177 334 335
154 177 334
183 271 322
168 235 364
141 243 250
165 256 296
17 163 185
17 163 176
116 163 176
161 191 289
118 160 289
160 161 289
25 160 191
159 315 327
142 159 315
160 161 191
165 296 398
235 294 309
152 361 365
249 271 322
150 326 355
148 277 377
148 277 387
52 147 346
98 146 328
50 195 310
142 212 315
140 141 309
141 250 309
87 138 148
62 151 352
136 221 262
321 334 378
112 263 347
136 167 221
113 251 363
51 105 376
24 95 124
51 59 211
51 107 211
11 260 366
32 50 195
58 337 395
51 105 241
31 178 206
209 266 370
189 328 385
51 59 175
33 82 124
24 232 363
29 48 153
91 130 244
280 332 344
46 75 295
29 339 353
13 46 291
43 57 73
34 38 222
39 163 307
60 84 319
4 41 128
171 329 336
38 127 222
37 123 269
47 347 356
15 200 349
51 371 376
8 135 219
81 173 300
36 56 89
101 181 220
34 38 282
34 144 282
34 139 354
33 357 361
33 152 361
5 9 208
216 371 376
104 162 317
14 31 356
43 57 392
171 272 394
101 181 214
64 84 308
29 213 353
4 88 121
14 199 206
19 54 342
33 124 229
29 48 215
189 194 385
36 56 164
11 147 260
10 68 301
11 15 349
76 240 398
8 111 219
6 71 183
6 71 299
151 352 391
224 323 351
5 9 145
29 213 234
46 75 291
19 54 273
122 252 383
87 337 395
4 121 274
0 103 192
62 118 331
0 240 303
95 124 246
3 150 326
18 207 374
60 84 132
21 286 297
123 150 355
13 111 264
163 185 210
242 252 383
84 184 319
79 110 172
10 236 301
3 150 223
44 85 322
3 96 227
70 301 318
21 259 397
5 386 390
12 48 94
25 35 203
144 282 290
167 179 233
19 162 313
181 220 226
12 48 369
113 248 251
214 270 389
36 164 182
111 136 264
13 46 382
168 284 364
25 35 227
42 97 350
176 232 363
31 125 178
19 104 162
142 212 355
62 331 352
21 259 286
61 174 187
3 227 247
48 94 362
13 111 219
127 134 222
5 143 390
138 148 324
78 270 389
26 132 228
26 228 275
187 272 306
2 163 307
35 55 203
7 103 196
55 203 239
280 344 392
31 47 356
57 206 384
58 88 286
53 132 228
58 121 200
58 200 290
102 170 254
58 286 395
26 60 132
87 138 337
60 117 319
81 216 332
113 204 248
205 331 342
168 229 246
61 323 349
63 86 325
64 84 184
146 189 328
129 305 321
67 285 323
89 252 340
1 132 255
70 106 301
37 69 123
99 321 378
57 178 206
74 173 359
129 234 305
74 77 359
108 385 391
78 270 382
58 88 121
79 110 329
85 186 322
80 279 353
32 50 74
80 90 353
32 81 173
259 395 397
91 137 166
34 139 324
0 192 303
81 244 332
136 167 179
104 205 317
36 89 252
63 86 225
89 171 329
5 320 386
89 329 340
0 103 217
41 112 128
91 100 137
41 91 244
18 80 374
97 350 369
168 202 246
99 305 321
193 218 318
21 74 397
8 101 214
102 115 254
103 196 256
29 215 234
1 53 132
108 238 385
147 282 346
109 349 374
114 275 287
66 114 287
76 201 240
73 373 376
61 67 323
125 263 392
125 178 392
235 294 304
134 339 353
132 255 308
51 55 175
61 67 174
48 131 362
134 222 288
311 326 355
16 134 353
