213 234 396
83 184 186
62 151 391
13 179 372
288 354 387
62 352 391
187 272 278
25 203 317
71 117 299
8 101 181
46 291 382
157 214 255
83 156 348
68 236 301
26 114 338
33 152 229
2 95 169
29 288 339
36 242 261
61 187 374
61 109 374
31 125 206
14 54 206
31 47 125
45 65 348
45 156 348
189 194 328
75 191 341
20 151 257
8 111 135
0 192 240
1 255 308
7 196 256
135 214 393
102 136 262
45 65 382
64 214 255
44 243 322
141 250 322
183 249 322
183 186 322
84 132 308
82 343 361
71 183 299
6 28 190
248 298 375
168 249 365
168 235 284
202 312 368
86 312 368
10 236 293
40 80 279
39 210 236
12 94 369
215 267 305
218 301 318
320 386 390
40 133 334
56 89 164
133 334 378
97 99 106
177 306 335
147 260 366
272 278 306
122 329 340
56 171 334
168 249 284
140 250 309
140 141 250
180 249 284
172 379 380
237 274 351
44 93 243
231 243 276
151 231 257
79 171 336
237 323 349
187 278 374
42 97 369
222 288 354
58 286 337
34 127 222
4 88 166
34 38 144
139 148 387
139 148 324
50 310 397
47 112 347
41 263 344
41 130 244
21 74 77
25 161 191
104 205 331
14 238 356
45 302 382
20 46 295
46 291 295
20 289 295
75 289 295
13 291 372
142 315 327
65 270 382
46 302 382
96 209 266
76 253 254
72 191 266
102 111 115
75 191 289
72 209 370
59 175 360
35 227 247
3 96 159
159 209 327
37 69 212
96 159 209
201 253 381
8 101 115
192 240 303
7 27 197
7 245 363
126 226 228
0 165 217
0 240 398
1 132 308
0 165 398
201 240 303
201 240 398
76 201 253
76 201 398
102 170 262
253 254 381
330 333 399
209 327 370
13 219 264
76 115 220
76 115 254
101 115 220
111 135 219
8 111 115
170 254 399
167 221 399
170 221 399
102 111 136
13 179 264
170 221 262
214 389 393
135 219 393
8 135 214
64 270 389
78 389 393
1 157 255
64 214 389
126 220 226
53 226 228
53 181 226
1 53 228
26 132 275
1 132 228
84 308 319
26 60 338
60 84 117
64 255 308
64 65 270
93 231 243
83 184 348
84 117 319
184 186 319
83 85 186
83 85 156
249 250 322
183 186 319
6 183 271
71 117 319
71 183 319
60 299 338
28 190 292
190 299 343
60 117 299
292 361 365
249 271 365
33 82 229
82 124 343
124 343 345
114 338 375
132 228 275
66 287 367
299 338 375
196 197 198
196 256 296
7 196 197
27 197 198
7 27 245
113 245 363
113 204 245
298 345 375
124 188 251
24 188 363
7 176 363
24 95 246
2 202 312
17 49 176
116 163 169
116 176 232
33 82 357
82 357 361
152 168 365
152 168 229
95 116 169
86 225 368
10 86 261
10 86 293
68 106 301
86 293 307
2 163 169
86 307 312
2 307 312
39 293 307
39 163 210
12 94 193
185 210 236
17 49 185
10 68 236
218 265 301
193 265 362
193 218 265
94 193 362
48 153 215
94 131 362
131 153 362
48 94 369
215 267 350
48 350 369
129 133 396
56 106 164
70 97 106
39 236 293
68 106 182
36 68 182
106 164 182
171 334 394
110 122 329
56 89 171
56 99 334
56 99 106
99 334 378
42 267 305
48 215 350
129 234 396
215 305 321
129 234 321
154 177 335
158 177 306
18 80 90
215 234 321
213 353 396
40 133 396
40 334 335
154 334 394
154 334 335
154 158 394
154 158 177
158 171 394
158 272 306
174 187 272
174 272 336
79 171 329
67 79 285
110 122 383
79 172 329
110 172 329
122 252 340
122 242 252
242 261 325
86 261 325
110 294 383
63 225 304
36 242 252
63 242 325
110 140 294
294 304 383
63 304 383
183 249 271
180 249 250
225 235 368
140 141 379
230 386 390
140 294 309
379 380 386
9 145 285
230 243 390
9 145 208
320 380 386
143 194 390
146 208 224
5 145 208
238 385 391
98 281 351
98 146 224
5 143 208
274 281 351
9 323 351
237 323 351
11 109 349
109 366 374
145 285 380
9 285 323
67 174 187
61 109 349
61 67 187
18 80 207
40 80 335
207 366 374
90 279 353
18 207 366
18 260 366
279 353 396
40 279 396
29 153 215
29 213 339
16 90 353
213 339 353
80 90 279
16 52 134
16 339 353
127 134 288
38 144 282
34 222 354
34 38 127
127 222 288
52 147 260
15 147 282
38 282 346
52 134 346
16 52 260
15 200 290
11 15 147
15 144 282
22 138 324
121 200 290
58 121 286
58 316 337
58 290 316
15 144 290
144 290 316
22 138 316
22 144 316
139 354 387
87 138 395
87 138 324
258 277 377
258 310 397
32 92 277
286 337 395
50 74 397
74 77 173
32 92 195
137 155 359
21 137 155
77 155 359
100 130 300
137 300 359
91 100 130
81 130 300
173 300 359
77 173 359
21 259 297
21 77 155
58 121 290
88 166 297
88 286 297
100 137 300
4 128 388
98 281 328
128 281 388
274 281 388
108 238 391
112 128 347
81 130 244
81 216 371
216 280 332
105 371 376
51 107 371
41 112 263
280 332 392
332 344 392
43 280 392
105 241 371
105 358 376
43 216 280
73 358 373
268 358 373
203 239 317
54 199 342
14 31 206
54 206 268
43 73 392
73 373 384
47 112 263
57 178 384
47 125 263
328 347 356
108 352 391
238 328 356
238 328 385
119 120 391
143 189 194
119 194 283
119 120 283
194 328 385
120 385 391
119 243 276
151 231 276
93 231 257
20 46 302
20 151 289
62 151 289
118 331 352
62 118 352
104 331 342
104 162 313
19 104 313
19 104 342
25 205 317
25 203 227
35 203 227
35 203 239
25 160 161
25 191 266
118 160 161
118 160 331
62 118 289
72 191 341
72 233 341
167 179 372
167 330 399
167 179 221
212 254 399
330 333 370
333 370 399
212 315 399
3 223 247
72 209 266
142 159 327
3 159 311
142 159 311
30 150 360
23 30 211
212 315 355
123 150 326
142 311 326
3 311 326
123 326 355
35 223 247
35 55 239
162 239 317
55 239 241
105 239 241
35 175 223
175 223 360
150 223 360
51 55 59
51 241 371
51 55 241
81 107 371
69 123 269
30 59 211
123 212 355
37 69 269
30 59 360
30 123 150
69 123 212
81 107 269
87 395 397
73 384 392
75 341 372
233 330 372
315 327 399
87 324 397
315 326 355
327 370 399
126 296 398
75 295 372
287 296 367
201 303 381
88 274 286
121 274 286
268 373 384
42 267 369
45 257 302
20 257 302
105 239 358
239 273 358
235 309 364
225 235 304
230 379 386
141 230 322
230 243 322
233 341 372
138 316 395
43 216 376
303 314 381
23 211 269
107 211 269
208 224 351
9 208 351
80 207 278
207 278 374
200 237 349
199 331 342
196 198 296
198 204 248
98 224 351
198 204 245
27 198 245
92 195 310
188 251 363
194 243 390
119 194 243
343 345 375
190 292 361
190 343 361
202 235 368
146 189 208
185 265 301
263 344 392
49 185 265
183 190 299
180 235 284
57 178 392
66 198 248
19 313 342
79 172 285
165 256 296
17 163 185
17 163 176
116 163 176
162 239 273
162 273 313
118 161 289
161 191 289
25 160 205
160 205 331
198 296 367
93 156 257
165 296 398
235 294 309
148 277 377
148 277 387
148 258 397
148 258 377
52 147 346
98 146 328
49 176 265
66 198 367
50 195 310
136 221 262
113 251 363
92 258 310
51 59 211
51 107 211
206 268 384
38 127 346
82 124 246
124 251 298
24 232 363
119 151 276
41 332 344
54 313 342
0 7 103
8 157 214
80 278 306
13 78 291
39 163 307
47 347 356
54 273 358
15 200 349
141 230 379
81 173 300
137 166 297
43 73 358
35 59 175
101 181 220
34 139 354
33 152 365
110 140 379
33 357 361
24 95 232
33 361 365
124 298 345
216 371 376
63 122 383
104 162 317
14 31 356
54 149 199
95 116 232
41 130 166
26 114 287
120 194 385
125 206 384
7 165 256
180 235 364
136 221 264
11 15 349
126 228 275
10 36 261
48 94 153
6 271 365
6 292 365
180 250 309
6 28 292
286 297 395
35 55 59
172 285 380
5 320 390
72 330 370
142 315 326
21 137 297
29 213 234
16 18 90
26 275 287
2 202 246
12 97 369
12 70 97
167 330 372
3 150 326
60 84 132
129 321 378
163 185 210
43 358 376
54 268 358
259 297 395
7 103 165
63 122 242
16 288 339
5 145 380
10 36 68
42 99 305
3 150 223
44 85 322
3 96 227
267 350 369
8 157 181
32 173 195
13 219 393
23 30 269
13 78 393
70 301 318
21 259 397
126 287 296
5 320 380
30 123 269
121 200 237
181 220 226
50 173 195
180 309 364
36 164 182
111 136 264
11 109 147
1 53 157
53 157 181
14 108 149
316 337 395
24 188 246
41 244 332
22 34 324
176 232 363
16 134 288
57 384 392
108 149 199
3 227 247
64 184 348
72 233 330
12 70 193
158 171 336
5 143 390
50 74 173
25 96 227
199 331 352
78 270 389
22 34 144
54 273 313
2 163 307
16 18 260
66 114 248
31 47 356
94 131 153
121 237 274
0 7 192
102 170 254
2 95 246
26 60 132
179 221 264
81 216 332
113 204 248
14 54 149
168 229 246
61 323 349
63 86 325
146 189 328
64 308 319
64 184 319
103 165 217
64 65 348
67 285 323
89 252 340
85 93 156
44 85 93
143 189 208
70 193 318
109 147 366
70 106 301
99 321 378
168 202 235
76 126 398
76 126 220
78 270 382
85 186 322
185 236 301
80 306 335
4 128 166
32 81 173
259 395 397
91 137 166
34 139 324
125 178 384
81 244 332
82 229 246
91 130 166
104 205 317
4 88 388
88 274 388
36 89 252
63 86 225
89 171 329
89 329 340
0 103 217
41 112 128
91 100 137
92 258 277
168 202 246
99 305 321
193 218 318
21 74 397
113 248 298
176 265 362
36 89 164
102 115 254
67 174 336
128 328 347
42 97 99
29 215 234
108 199 352
45 156 257
25 96 266
147 282 346
67 79 336
110 172 379
111 219 264
291 295 372
113 251 298
114 248 375
66 114 287
119 151 391
158 272 336
148 324 397
120 194 283
14 108 238
299 343 375
61 67 323
125 263 392
125 178 392
235 294 304
126 275 287
127 134 346
41 128 166
128 281 328
78 291 382
129 133 378
124 188 246
6 183 190
