213 234 396
83 184 186
13 179 372
25 203 317
71 117 299
64 65 184
46 291 382
157 214 255
63 242 383
68 236 301
26 114 338
36 89 340
33 152 229
2 95 169
66 198 204
4 41 112
29 288 339
36 242 261
138 337 395
98 146 189
14 54 206
31 47 125
189 194 328
75 191 341
20 151 257
66 204 248
66 275 287
0 192 240
13 78 219
1 255 308
126 165 398
135 214 393
102 136 262
64 214 255
126 287 367
65 184 348
64 184 308
44 243 322
141 250 322
183 249 322
183 186 322
84 132 308
71 183 299
28 292 365
6 28 190
17 116 176
248 298 375
113 188 363
124 251 345
168 235 284
202 312 368
86 312 368
40 80 279
12 94 369
215 267 305
218 301 318
80 278 374
56 89 164
97 99 106
177 306 335
134 288 339
122 329 340
140 172 379
110 140 172
180 249 284
172 379 380
4 274 388
121 200 274
44 93 243
231 243 276
151 231 257
237 323 349
187 278 374
42 97 369
16 134 339
4 88 166
34 324 354
34 38 144
139 148 387
139 148 324
50 310 397
50 92 310
100 137 166
200 237 274
281 328 347
41 263 344
73 358 376
4 41 166
43 216 371
41 130 244
21 74 77
25 161 191
239 273 313
45 302 382
25 205 331
13 291 372
142 315 327
65 270 382
46 302 382
96 209 266
75 291 372
76 253 254
72 191 266
102 111 115
25 227 266
59 175 360
35 227 247
3 96 159
159 209 327
37 69 212
96 159 209
201 253 381
7 103 192
192 240 303
103 192 217
7 27 197
7 245 363
0 240 398
0 192 217
126 165 256
1 132 308
196 296 367
126 256 296
76 201 253
102 170 262
253 254 381
330 333 399
209 327 370
102 115 170
76 115 220
76 115 254
101 115 220
115 170 254
136 179 264
170 254 399
170 221 399
102 111 136
13 179 264
170 221 262
179 221 262
136 179 262
214 389 393
157 181 214
135 219 393
8 135 214
78 219 393
64 270 389
78 389 393
1 157 255
64 214 389
1 157 181
1 53 181
53 226 228
53 181 226
299 343 345
26 84 132
64 255 308
64 65 270
45 93 257
45 93 156
93 231 243
83 184 348
184 186 319
249 250 322
183 186 319
6 183 271
71 117 319
71 183 319
60 299 338
28 190 292
190 299 343
60 117 299
292 361 365
249 271 365
33 152 357
33 82 229
251 298 345
124 343 345
66 114 275
114 338 375
26 114 275
66 287 367
126 296 367
66 114 375
66 248 375
196 256 296
7 196 197
27 197 198
7 27 245
113 245 363
113 204 245
17 116 163
298 345 375
113 188 251
124 188 251
24 188 363
24 176 363
7 176 363
2 202 312
17 49 176
116 163 169
116 176 232
24 176 232
33 82 357
82 357 361
152 168 365
152 168 229
2 95 202
95 116 169
95 202 246
168 202 368
36 68 261
86 225 368
10 86 261
10 86 293
86 293 307
2 163 169
86 307 312
2 307 312
39 293 307
39 163 210
17 49 185
218 265 301
193 265 362
193 218 265
94 193 362
48 94 131
94 131 362
48 131 153
131 153 362
70 106 318
48 94 369
215 267 350
48 350 369
129 133 396
56 106 164
70 97 106
12 70 318
39 236 293
10 68 261
68 106 182
36 68 182
106 164 182
171 334 394
110 122 329
89 171 340
56 89 171
56 99 106
99 334 378
42 267 305
129 133 321
48 215 350
129 234 396
129 234 321
154 177 335
158 177 306
18 80 90
40 334 335
154 334 394
80 207 374
154 334 335
158 272 306
174 187 272
174 272 336
36 252 340
67 79 285
110 122 383
79 172 329
110 172 329
171 329 340
122 252 340
122 242 252
242 261 325
122 242 383
110 294 383
36 242 252
63 242 325
110 140 294
225 294 304
294 304 383
63 304 383
183 249 271
180 249 250
225 235 294
180 250 364
140 141 379
230 386 390
140 294 309
250 309 364
379 380 386
230 243 390
9 145 208
320 380 386
143 194 390
146 208 224
128 281 347
5 145 208
238 385 391
98 281 351
9 208 224
98 146 224
5 143 208
9 323 351
15 200 237
88 121 286
11 237 349
237 323 351
11 109 349
11 109 366
9 285 323
61 67 349
61 109 349
18 80 207
90 279 353
279 353 396
40 279 396
29 213 339
16 90 353
80 90 279
16 339 353
38 127 134
38 144 282
34 222 354
52 147 260
15 147 282
16 52 260
15 200 290
11 15 147
11 15 237
22 138 324
58 121 286
58 316 337
58 290 316
138 316 337
144 290 316
22 138 316
22 144 316
139 324 354
139 354 387
87 138 395
87 138 324
258 377 397
148 377 397
258 277 377
258 310 397
32 92 277
50 74 195
32 74 173
50 92 195
21 74 259
74 77 173
32 92 195
32 74 195
21 137 155
100 130 300
91 100 130
81 130 300
21 77 155
88 121 274
88 166 297
88 286 297
21 166 297
21 137 166
100 137 300
4 88 274
4 112 128
4 128 388
98 281 328
128 281 388
108 238 391
98 189 328
112 128 347
91 100 166
81 130 244
32 81 300
51 107 371
41 112 263
280 332 392
332 344 392
43 280 392
43 371 376
23 30 123
43 73 376
105 358 376
43 216 280
73 358 373
268 358 373
54 199 342
54 268 273
268 273 358
14 31 206
43 73 392
73 373 384
125 178 263
31 47 347
47 125 263
328 347 356
108 149 238
108 352 391
14 149 238
238 328 356
238 328 385
119 243 390
119 276 391
119 120 283
194 328 385
119 243 276
151 231 276
93 231 257
20 46 302
151 276 391
20 151 289
62 151 289
25 160 331
162 239 313
19 273 313
19 104 342
25 205 317
25 203 227
35 55 175
35 203 227
35 203 239
25 160 161
25 191 266
118 160 161
118 160 331
62 118 289
72 191 341
72 233 341
167 179 372
167 179 221
212 254 399
330 333 370
333 370 399
212 315 399
3 223 247
96 227 266
3 159 311
150 223 326
30 150 360
23 30 211
123 150 326
3 311 326
123 326 355
35 223 247
35 55 239
55 239 241
105 239 241
35 175 223
3 223 326
175 223 360
150 223 360
51 55 241
69 123 269
30 59 211
123 212 355
37 69 269
30 59 360
30 123 150
69 123 212
23 123 269
81 107 269
87 395 397
73 384 392
281 351 388
65 348 382
45 348 382
75 341 372
339 353 396
299 338 345
233 330 372
79 329 336
315 327 399
87 324 397
133 321 334
327 370 399
142 311 355
168 284 365
194 283 390
15 282 290
63 304 325
159 311 327
268 373 384
42 267 369
72 266 370
47 263 347
45 257 302
20 257 302
201 240 381
105 239 358
239 273 358
237 351 388
235 309 364
215 234 305
230 379 386
141 230 322
230 243 322
9 224 351
222 354 387
233 341 372
222 288 387
167 221 330
220 226 228
126 220 228
0 217 398
165 217 398
303 314 381
23 211 269
107 211 269
18 207 260
104 205 342
199 331 342
98 224 351
198 204 245
27 198 245
196 197 367
191 289 295
75 191 295
190 292 361
190 343 361
146 189 208
221 330 399
187 278 306
183 190 299
180 235 284
57 178 392
178 344 392
154 177 394
158 177 394
79 172 285
168 225 368
119 283 390
86 225 261
17 163 185
118 161 289
161 191 289
85 156 186
137 155 300
152 357 361
235 294 309
152 361 365
148 277 377
162 203 317
148 277 387
52 147 346
49 176 265
66 198 367
143 386 390
142 212 315
140 141 309
141 250 309
237 274 388
62 151 352
321 334 378
112 263 347
92 258 310
51 105 376
51 59 211
51 107 211
11 260 366
58 337 395
51 105 241
155 300 359
31 178 206
82 124 246
209 266 370
20 46 289
32 300 359
51 59 175
29 48 153
46 75 295
41 332 344
189 194 208
338 345 375
39 185 210
13 78 291
34 38 222
39 163 307
45 83 348
60 84 319
101 111 115
171 329 336
38 127 222
49 185 301
51 371 376
8 135 219
141 230 379
101 181 220
119 385 391
197 198 367
49 265 301
158 336 394
24 95 232
45 83 156
107 216 371
109 187 374
31 347 356
104 162 317
77 155 173
14 31 238
54 149 199
101 181 214
95 116 232
41 130 166
134 282 346
67 323 349
19 54 342
29 48 215
54 268 384
120 194 385
31 238 356
180 235 364
11 147 260
76 240 398
50 259 397
126 228 275
178 263 344
6 271 365
8 111 219
82 124 361
40 334 396
172 285 380
151 352 391
50 74 259
83 156 186
72 330 370
40 80 278
29 213 234
46 75 291
19 54 273
16 18 90
9 285 380
142 311 327
249 284 365
12 97 369
12 70 97
62 118 331
167 330 372
95 124 246
21 286 297
13 111 264
163 185 210
84 184 319
5 145 380
42 99 305
44 85 322
3 96 227
267 350 369
225 304 325
6 28 365
155 173 359
5 320 380
16 52 346
5 143 386
171 336 394
144 282 290
19 162 313
181 220 226
133 334 396
36 164 182
111 136 264
46 289 295
16 134 346
41 244 332
9 145 380
22 34 324
57 384 392
81 216 280
40 278 306
31 125 178
40 306 335
19 104 162
142 212 355
62 331 352
108 149 199
21 259 286
61 174 187
3 227 247
13 111 219
72 233 330
127 134 222
199 331 352
78 270 389
26 132 228
26 228 275
22 34 144
24 95 188
54 206 384
187 272 306
2 163 307
7 103 196
16 18 260
57 206 384
8 101 111
58 259 395
53 132 228
58 121 200
58 200 290
58 259 286
60 117 319
113 204 248
14 54 149
205 331 342
168 229 246
162 203 239
207 260 366
103 165 217
81 280 332
67 285 323
85 93 156
10 68 293
44 85 93
68 236 293
68 106 318
99 321 378
57 178 206
240 303 381
76 126 398
76 126 220
225 261 325
78 270 382
85 186 322
185 236 301
39 185 236
259 395 397
81 244 332
82 229 246
91 130 166
84 184 308
26 84 338
104 205 317
94 193 318
60 84 338
143 194 208
5 320 386
68 301 318
61 109 187
95 124 188
92 258 277
12 94 318
99 171 334
168 202 246
56 99 171
99 305 321
193 218 318
113 248 298
8 101 214
176 265 362
36 89 164
103 165 256
103 196 256
67 174 336
42 97 99
29 215 234
81 107 216
1 53 132
108 199 352
234 305 321
147 282 346
109 207 374
67 79 336
109 207 366
168 225 235
113 251 298
76 201 240
158 272 336
119 120 385
148 324 397
120 194 283
124 343 361
126 275 287
213 339 396
78 291 382
51 55 175
32 173 359
61 67 174
134 222 288
311 326 355
38 134 282
6 183 190
