213 234 396
83 184 186
62 151 391
111 136 219
288 354 387
62 352 391
25 203 317
141 230 386
71 117 299
64 65 184
126 228 287
63 242 383
26 114 338
33 152 229
2 95 169
29 288 339
32 173 300
87 148 324
31 125 206
31 47 125
189 194 328
20 151 257
0 192 240
13 78 219
135 214 393
126 287 367
228 275 287
44 243 322
141 250 322
183 186 322
84 132 308
82 343 361
71 183 299
6 28 190
248 298 375
113 188 363
124 251 345
141 243 322
168 235 284
202 312 368
86 312 368
10 236 293
40 80 279
39 210 236
12 94 369
215 267 305
218 301 318
36 89 182
56 89 164
133 334 378
305 321 378
177 306 335
134 288 339
147 260 366
235 294 364
168 249 284
140 250 309
172 379 380
4 274 388
108 149 352
44 93 243
231 243 276
151 231 257
14 149 199
237 323 349
187 278 374
16 134 339
222 288 354
58 286 337
34 127 222
4 88 166
139 148 387
139 148 324
50 310 397
100 137 166
47 112 347
178 206 384
73 358 376
4 41 166
54 273 342
41 130 244
21 74 77
105 239 273
104 205 331
45 302 382
20 46 295
20 289 295
75 289 295
142 315 327
65 270 382
46 302 382
96 209 266
75 291 372
76 253 254
72 191 266
102 111 115
59 175 360
3 96 159
37 69 212
201 253 381
7 103 192
192 240 303
103 192 217
7 27 197
7 245 363
0 165 217
0 240 398
0 192 217
126 256 296
0 165 398
201 240 303
201 240 398
76 201 253
76 201 398
253 254 381
209 327 370
13 219 264
76 115 220
76 115 254
101 115 220
170 254 399
167 221 399
170 221 399
102 111 136
13 179 264
170 221 262
136 219 264
214 389 393
157 181 214
8 135 214
13 78 382
64 270 389
270 382 389
78 389 393
78 382 389
64 214 389
53 226 228
53 181 226
26 132 275
84 308 319
26 60 338
299 343 345
64 65 270
45 93 257
45 93 156
20 45 302
93 231 243
184 186 319
83 85 186
83 85 156
249 250 322
183 186 319
6 183 271
71 117 319
71 183 319
60 299 338
28 190 292
190 299 343
60 117 299
292 361 365
249 271 365
299 345 375
82 124 229
124 229 246
33 82 229
251 298 345
132 228 275
66 287 367
126 296 367
299 338 375
196 197 198
196 256 296
27 198 204
7 196 197
27 197 198
7 27 245
27 204 245
113 245 363
113 204 245
298 345 375
113 188 251
124 188 251
24 188 363
7 176 363
2 202 312
17 49 176
116 163 169
116 176 232
33 82 357
82 357 361
152 168 229
2 95 202
95 116 169
95 202 246
168 202 368
86 225 325
86 225 368
10 86 261
10 86 293
86 293 307
86 307 312
2 307 312
2 39 307
39 293 307
17 163 210
39 163 210
17 185 210
185 210 236
17 49 185
218 265 301
193 265 362
193 218 265
94 193 362
48 153 215
94 131 362
131 153 362
70 106 318
48 94 369
215 267 350
48 350 369
42 267 350
56 106 164
70 97 106
12 70 318
39 236 293
236 265 301
68 106 182
36 68 182
106 164 182
171 334 394
110 122 329
89 164 182
56 89 171
99 305 378
99 334 378
42 267 305
48 215 350
129 234 396
129 234 321
154 177 335
158 177 306
18 80 90
278 306 335
154 334 394
154 334 335
158 272 306
174 187 272
174 272 336
79 174 336
110 122 383
122 242 252
122 242 383
86 261 325
110 294 383
36 242 252
63 242 325
110 140 294
294 304 383
63 304 383
230 386 390
9 145 285
141 379 386
5 143 320
141 230 243
230 243 390
146 208 224
143 146 189
238 385 391
98 281 351
98 146 224
5 143 208
143 146 208
9 323 351
15 200 237
11 237 349
237 323 351
11 109 349
11 109 366
145 285 380
9 285 323
90 279 353
11 147 366
279 353 396
40 279 396
29 153 215
29 213 339
80 90 279
16 52 134
38 127 134
127 134 288
34 222 354
34 38 127
127 222 288
52 147 260
15 147 282
52 134 346
16 52 260
15 200 290
11 15 147
11 15 237
15 144 282
22 138 324
121 200 290
58 316 337
15 144 290
138 316 337
22 138 316
22 144 316
139 354 387
87 138 324
87 148 397
258 277 377
258 310 397
258 277 310
32 92 277
50 74 195
50 92 195
286 337 395
21 74 259
74 77 173
32 92 195
21 137 155
100 130 300
91 100 130
81 130 300
173 300 359
21 259 297
21 77 155
88 121 274
58 121 290
88 166 297
88 286 297
21 166 297
21 137 166
4 88 274
4 128 388
98 281 328
128 281 388
108 238 391
112 128 347
41 91 166
41 91 130
91 100 166
81 130 244
81 216 371
32 81 300
57 73 392
105 371 376
41 112 263
244 332 344
57 73 384
81 216 244
23 30 123
105 273 358
43 73 376
105 358 376
43 216 280
73 358 373
162 205 317
54 199 342
54 268 273
14 31 206
54 206 268
73 373 384
47 112 263
125 178 263
125 178 206
57 178 384
47 125 263
328 347 356
108 149 238
149 199 352
108 352 391
14 149 238
238 328 356
238 328 385
120 283 385
119 120 391
119 243 390
194 283 385
119 120 283
194 328 385
120 385 391
119 243 276
151 231 276
20 45 257
93 231 257
20 46 302
118 331 352
62 118 352
104 162 313
104 162 205
19 104 313
25 205 317
25 203 227
35 55 175
96 227 247
35 203 239
118 160 161
118 160 331
62 118 289
72 191 341
72 233 341
167 179 221
212 254 399
330 333 370
167 233 330
333 370 399
212 315 399
3 223 247
142 159 327
3 159 311
142 159 311
142 315 355
30 150 360
212 315 355
3 96 247
3 311 326
35 55 239
55 239 241
105 239 241
175 223 360
150 223 360
51 55 241
23 107 269
81 107 371
23 107 211
123 212 355
37 69 269
30 59 360
30 123 150
69 123 212
81 107 269
87 395 397
281 351 388
65 348 382
45 348 382
75 341 372
339 353 396
79 329 336
315 327 399
320 379 380
327 370 399
142 311 355
191 289 341
194 283 390
201 303 381
63 304 325
268 373 384
72 266 370
165 256 398
126 256 398
122 252 329
252 329 340
141 250 379
249 250 284
248 338 375
244 280 332
41 244 263
244 263 344
237 351 388
225 235 304
215 234 305
75 289 341
233 341 372
220 226 228
126 220 228
43 216 376
303 314 381
208 224 351
9 208 351
207 278 374
18 207 260
199 331 342
54 199 206
196 198 296
198 204 248
98 224 351
25 191 227
190 292 361
190 343 361
61 187 349
187 278 306
185 236 265
49 185 265
183 190 299
157 181 255
180 235 284
179 291 372
13 179 291
179 233 372
57 178 392
66 198 248
178 344 392
154 177 394
158 177 394
183 271 322
35 175 247
19 313 342
79 172 285
203 227 247
168 225 368
119 283 390
167 333 399
167 330 333
17 163 176
116 163 176
162 239 273
162 273 313
118 161 289
161 191 289
25 160 205
160 205 331
25 160 191
320 379 386
198 296 367
160 161 191
152 249 365
249 271 322
152 168 249
150 326 355
148 277 377
162 203 317
148 277 387
148 258 397
148 258 377
52 147 346
98 146 328
49 176 265
143 320 386
66 198 367
143 386 390
140 294 364
237 274 388
136 221 262
102 136 170
136 170 262
51 59 211
51 107 211
206 268 384
51 105 241
155 300 359
209 266 370
51 59 175
24 232 363
119 151 276
280 332 344
46 75 295
40 129 133
40 278 335
13 46 291
50 277 310
45 83 348
60 84 319
4 41 128
101 111 115
171 329 336
36 242 325
47 347 356
8 135 219
19 104 331
273 313 342
40 129 396
74 173 195
101 181 220
34 38 282
34 144 282
34 139 354
39 163 169
33 152 365
110 140 379
33 357 361
5 9 208
158 336 394
24 95 232
33 361 365
45 83 156
216 371 376
77 155 173
14 31 238
101 181 214
95 116 232
134 282 346
18 80 278
216 244 280
14 199 206
64 157 255
140 309 364
2 39 169
26 114 287
53 181 255
180 235 364
10 68 301
56 97 99
136 221 264
50 259 397
178 263 344
10 36 261
48 94 153
65 83 348
8 111 219
180 250 309
6 28 292
31 47 238
286 297 395
53 132 308
172 285 380
64 157 214
50 74 259
72 330 370
5 9 145
50 92 277
40 80 278
29 213 234
19 331 342
18 207 278
46 75 291
16 18 90
1 64 308
26 275 287
87 337 395
6 271 292
12 97 369
12 70 97
65 83 184
95 124 246
3 150 326
60 84 132
123 150 355
129 321 378
259 297 395
5 145 380
10 36 68
79 110 172
82 343 345
42 99 305
10 236 301
3 150 223
140 250 379
44 85 322
32 173 195
225 304 325
155 173 359
5 320 380
171 336 394
167 179 233
23 69 123
121 200 237
181 220 226
180 309 364
35 203 247
100 155 300
13 46 382
42 97 350
1 64 255
23 59 211
22 34 324
176 232 363
20 62 289
61 174 187
20 62 151
268 273 373
72 233 330
40 133 335
189 194 390
199 331 352
22 34 144
24 95 188
187 272 306
7 103 196
56 97 106
280 344 392
16 18 260
66 114 248
94 131 153
58 88 286
8 101 111
53 132 228
23 30 59
121 237 274
102 170 254
26 60 132
143 189 390
87 138 337
60 117 319
179 221 264
113 204 248
168 229 246
61 323 349
162 203 239
207 260 366
146 189 328
64 308 319
64 184 319
103 165 217
67 285 323
89 252 340
85 93 156
44 85 93
68 106 318
175 223 247
23 69 269
73 280 392
43 73 280
36 261 325
76 126 398
79 174 285
1 53 255
76 126 220
47 238 356
78 135 219
78 135 393
58 88 121
79 110 329
85 186 322
67 174 285
259 395 397
34 139 324
82 124 345
187 349 374
94 193 318
273 358 373
36 89 252
89 171 329
1 53 308
68 301 318
89 329 340
90 339 353
16 90 339
95 124 188
41 112 128
180 250 284
105 107 371
12 94 318
96 191 266
96 159 327
271 292 365
96 209 327
97 350 369
99 171 334
168 202 246
56 99 171
193 218 318
100 137 155
113 248 298
8 101 214
176 265 362
102 115 254
103 165 256
103 196 256
51 105 107
128 328 347
42 97 99
29 215 234
234 305 321
147 282 346
109 207 374
58 144 316
109 207 366
168 225 235
110 172 379
109 349 374
58 144 290
113 251 298
96 191 227
66 114 287
119 151 391
158 272 336
114 248 338
61 67 323
235 294 304
213 339 396
128 281 328
129 133 378
51 55 175
61 67 174
133 334 335
311 326 355
38 134 282
6 183 190
