1782.12 63.6944
-813.732 529.225
-726.813 903.397
-329.195 -1564.37
-75.3653 -1017.34
-133.288 1624.05
327.56 -197.916
-573.37 -122.859
1891.19 -129.036
-875.8 939.253
965.373 -1280.01
88.8723 -803.874
-45.5433 749.341
-1510.67 1422.51
1652.29 417.038
759.934 1434.42
-1519.27 1946.2
-36.3589 -246.08
849.599 1634.45
189.547 -1225.77
-1382.89 -1943.74
-1601.71 944.671
-141.657 -175.085
-1178.19 -250.465
1695.88 -53.9881
-1311.21 661.252
665.999 777.661
1857.38 -1379.54
-472.998 -1653.3
-1957.04 -820.706
763.742 802.894
-1386.29 1244.48
749.097 577.351
-1001.6 -401.305
211.797 1187.94
372.929 828.908
1244.2 771.214
-226.422 -897.455
-1403.87 595.39
852.08 -1707.99
-1458.6 1540.87
953.26 1207.4
318.53 810.638
1827.86 1845.53
1157.34 1870.82
-975.174 -78.9154
673.71 -361.464
-834.44 -577.193
-1784.11 163.955
1021.5 427.684
-648.102 -605.569
-743.408 -1403.9
-1834.35 1030.17
-301.356 -1238.23
-374.44 -1449.28
-946.218 166.962
-1908.41 -1992.96
-625.638 410.122
817.68 -797.782
255.653 -24.9777
-926.966 1280.48
1896.11 1746.74
-1080.98 -938.333
-830.448 -865.098
1225.62 -1808.95
1562.59 -1422.48
-414.515 -1180.82
-826.381 -248.869
1849.35 872.263
512.905 -525.091
1422.99 1566.69
1641.87 1514.58
1573.73 -983.767
-75.2986 391.409
218.451 -1819.65
-1633.57 1291.49
1460.83 -1737.46
1038.23 -1620.15
-675.796 -1792.22
-485.249 -1450.17
-1601.16 -922.662
-872.654 -15.6786
-103.484 300.965
1735.45 -254.135
-826.771 248.357
1220.77 -1403.78
-184.957 862.645
-1889.2 -611.228
1878.88 35.4969
1780.18 97.3295
215.852 -1853.39
-611.185 -323.314
-1590.85 -1572.95
56.5352 -266.647
-1365.17 1571.29
283.18 -966.337
-1351.38 1410.53
1017.98 545.141
-288.509 753.436
-1708.99 884.72
-998.207 1511.78
1480.94 816.837
374.425 1591.73
-1794.39 253.303
-372.772 1985.79
-1649.37 1843.08
-1867.6 -260.552
-480.234 -1458.45
166.493 1576.3
274.902 801.32
1147.59 -1441.92
1834.98 1796.21
1968.61 852.967
341.354 -319.901
-393.596 632.36
-1435.18 608.197
144.14 -1954.24
-574.966 -1481.43
1637.49 -369.358
771.868 -735.285
-383.569 1122.5
-892.205 -251.169
-1138.05 627.561
290.38 1028.44
203.862 -1434.72
-170.239 -648.55
-876.635 -335.256
-852.337 -908.028
-1482.29 1489.02
772.071 124.115
121.377 1336.89
-1267.69 -1734.48
1382.65 157.346
-1215.92 1020.13
1787.99 1555.95
-1715.15 -595.581
678.451 -607.358
1153.25 1540.4
-1979.8 -556.369
568.841 224.066
8.91359 -1601.4
1575.52 1132.28
63.3461 -1276.82
-1775.75 581.057
-1787.8 996.322
-1294.83 333.572
333.212 -562.516
599.089 -284.142
1594.83 1383.17
-1264.01 1382.82
939.121 -979.163
-1212.76 -382.428
413.479 1940.49
-842.028 433.682
-615.882 1726.81
-1342.25 1393.03
-1874.58 -1766.74
525.31 188.761
-1043.56 749.56
-1230.18 -831.362
-254.118 -525.009
1502.21 -1920.91
912.475 101.3
-205.048 507.304
-515.529 530.942
-109.878 -1576.41
1551.78 677.358
41.164 -34.742
617.845 1199.14
-1601.06 -1998.04
925.949 -943.312
1394.99 1051.36
-710.048 -79.6957
-759.874 246.395
-1330.14 9.9443
1415.03 415.747
1484.94 917.244
494.841 397.41
-981.456 -1710.21
-1095.29 503.014
820.736 794.836
926.606 372.515
-527.805 -1032.23
-1662.23 -1909.96
-1833.09 -1263.29
-1908 1092.86
-206.599 1487
144.219 1083.35
-592.698 1384.35
-670.253 77.167
-605.711 -1255.22
-1507.09 -1120.78
1662.02 987.755
1276.63 -1319.43
1277.55 -1818.65
1183.58 98.2838
976.185 110.188
-1529.2 -1551.62
1077.96 -1191.43
-1461.58 1244.86
-454.716 -1369.58
337.719 1338.68
-1882.58 -1518.06
422.038 -475.276
1866.28 1751.78
1601.89 -739.428
-1503.43 -1905.2
139.797 -1841.41
1082.56 -583.569
-1160.84 360.108
-402.22 -1977.26
-1541.61 -1426.03
132.926 -1070.81
-977.654 -789.116
-262.239 -439.234
-1544.25 1283.05
191.19 793.466
621.73 308.612
1275.4 -956.232
1833.34 1141.69
-1204.45 1435.23
-1597.74 -707.882
1530.03 542.056
-549.293 612.591
1958.49 289.864
-1027.3 -443.732
312.603 -568.91
130.234 -1554.47
360.281 1152.58
-343.587 -1901.96
-1286.65 112.161
1381.09 904.536
-1094.37 2.81734
-786.853 -1818.97
1046.59 -953.517
1322.72 1842.14
-1518.29 1724.98
-865.744 -1988.26
267.033 584.963
624.332 225.521
-1125.17 1597.03
1781.79 1187.43
-971.878 -87.9765
1632.96 1388.4
-935.397 -710.627
1486.44 -222.051
1401.53 867.531
-1317.51 -1692.84
-1129.65 -104.367
-1511.81 1916.93
942.116 1810.91
1759.07 1423.83
1535.89 -1106.67
1435.57 -197.081
1478.29 59.8992
-1971.56 -1646.88
-343.07 1810.23
1540.55 685.052
-277.747 1173.51
73.454 786.856
-1537.12 -440.102
-1435.19 1864.41
-1572.57 -752.709
-1828.43 -702.223
1142.92 -1340.24
-785.289 85.0396
-1529.33 -1026.22
-491.135 -1993.44
-132.891 -1055.57
-190.523 -654.601
1004.33 -162.082
-301.484 -1338.74
-351.853 -760.937
1346.31 1370.4
-1587.43 -580.233
157.256 -1124.55
979.665 722.062
-1260.14 1407.09
1969.35 -1088.56
-1295.13 1112.28
-428.8 -80.4177
-802.684 41.8727
893.364 706.182
48.4313 -1239.53
1650.61 1857.91
105.872 654.945
-304.174 1804.39
1316.21 1343.97
-956.55 662.52
714.373 -543.981
-1917.71 -1128.37
331.468 1061.95
1593.69 1071.33
469.047 1563.04
1982.76 1173.92
675.321 -446.036
-906.499 1872.64
1595.84 1986.87
578.819 -355.732
-1252.66 229.433
-497.823 853.211
-1115.62 1198
657.599 -1799.42
541.977 1701.05
863.104 -743.65
-842.931 945.391
127.979 1488.54
7.34387 -278.33
559.866 -1523.61
-715.285 542.631
1650.31 1960.04
-1903.4 -1256.19
1832.67 1692.43
-1269.32 411.493
-663.299 -521.986
-1359.07 838.878
-1668.78 -474.696
36.8816 988.823
-274.112 -1421.14
689.873 -1411.01
-164.792 1846.94
1534.38 1963.19
1335.48 -458.273
-315.142 -104.656
18.1182 969.573
-1562.02 -331.573
929.609 -1465.43
412.237 762.283
-1773 1142.91
-826.224 -436.296
-1379.07 -185.298
-1597.42 -1047.85
1340.01 439.464
1940.97 -934.106
1018.32 630.847
-345.113 -1146.47
477.788 -810.73
-1183.28 -186.734
730.998 501.575
1708.61 -1250.88
-528.852 -1853.41
417.543 -1599.24
-1318.84 -1170.22
1163.04 -1091.84
1972.69 -1663.19
471.863 -1406.38
151.517 874.445
-454.23 -508.477
-686.091 -513.255
557.417 -1667.77
-1882.41 -1787.7
-814.24 595.38
-598.426 2.47769
-1591.35 -1867.43
-1495.95 -1882.74
-1118.31 -24.7996
-1736.16 1299.23
375.957 -1055
-1870.99 -461.004
-146.844 -1898.29
-124.189 -1674.98
-1304.68 -1972.67
1199.46 241.095
-481.15 -1486.63
1727.84 -1923.73
-1154.4 1845.43
-1711.43 31.3634
440.812 -309.855
-1966.16 849.458
-177.283 -1462.11
966.715 704.405
513.094 1230.56
3.63619 -1110.95
-1824.45 132.648
428.047 28.7105
234.353 -1696.14
353.73 929.678
-1668.81 -446.806
-829.227 -149.964
66.5665 -1101.39
-73.6965 912.169
-1255.96 214.875
-1056.47 1184.86
1905.02 -1022.63
34.3148 -272.263
-484.732 -998.971
-1567.86 -1971.64
-1768.41 435.779
-1082.59 -1592.86
-1431.57 1345.46
435.851 802.78
1649.32 -1210.42
-267.542 1980.5
342.774 903.23
-169.46 -1590.66
1801.84 1756.84
1321.51 -1454.11
-28.2818 -1734.96
1730.74 -123.262
-757.583 -234.941
1604.48 757.685
766.089 -1963.38
786.047 997.675
472.397 1703.46
1404.81 1040.82
1048.92 -159.335
-156.396 698.239
630.245 1576.06
678.743 -1026.98
479.292 -1490.72
-617.64 281.135
-1733.87 -1296.13
827.023 237.845
-1031.09 557.767
-1885.42 211.33
-1677.17 1719.06
-1030.99 1088.92
1755.68 1755.06
86.5897 228.074
1458.52 -508.596
-731.102 507.443
1332.07 1112.5
-794.317 -37.6851
688.563 1884.43
935.334 -832.145
-1606.29 -1682.31
1448.99 -1340.16
-978.435 276.013
897.68 -9.52214
-1166.22 1012.26
-1798.19 -843.393
731.323 -829.177
-1754.48 487
-1074.12 332.112
-1284.93 -1615.59
1823.52 -16.0274
891.851 1155.59
-903.525 -1902.47
-882.1 1785.04
1981.96 -1946.77
-1047.11 -1624.33
-1629.07 -1598.12
-964.496 -607.506
677.896 1933.18
1382.97 1511.68
945.448 1584.78
-1331.72 -323.23
-1244.4 -1086.19
-1836.23 -318.512
1245.92 -1121.16
