13 175 354
17 206 372
42 124 207
10 28 353
90 274 289
193 224 396
42 207 373
49 210 217
14 295 407
300 311 378
73 125 143
31 375 432
81 139 376
46 65 413
243 339 415
65 260 319
49 210 285
80 393 411
14 223 366
190 248 306
214 310 316
163 199 395
66 112 386
154 291 331
71 137 187
76 156 304
141 291 331
82 241 337
47 86 94
272 396 430
33 231 234
93 99 321
10 79 322
224 396 430
30 180 417
174 183 227
14 164 295
162 269 351
41 162 246
45 403 432
170 314 376
231 234 407
34 36 64
1 314 333
152 356 410
170 353 376
165 297 322
125 143 148
10 79 353
314 333 376
125 198 257
75 99 324
18 142 436
89 105 198
89 93 198
222 271 370
13 19 175
18 77 167
332 334 354
222 271 340
332 400 404
65 319 413
17 127 372
25 62 413
19 92 175
61 121 221
0 29 126
51 244 422
113 243 391
130 166 194
229 296 315
201 236 277
155 210 285
8 134 348
29 217 339
275 387 397
34 267 406
207 230 373
59 134 348
42 124 184
59 298 312
66 239 254
38 58 279
8 209 254
229 315 329
157 284 431
25 51 319
186 365 418
25 62 365
52 306 329
248 338 385
248 306 385
157 190 248
43 55 248
118 190 418
135 157 431
88 144 349
270 282 443
131 144 349
205 282 443
261 308 440
205 232 443
163 196 199
176 308 360
110 232 261
150 278 399
163 182 445
173 247 336
100 416 445
187 299 382
39 173 336
38 111 279
8 145 254
225 371 382
182 299 395
67 138 379
249 383 429
54 136 409
21 60 171
21 136 409
12 171 179
12 30 200
226 323 384
204 317 384
60 292 441
44 82 317
317 323 384
12 158 200
47 82 392
168 301 345
180 224 430
168 180 224
345 363 435
193 224 367
75 266 355
109 272 324
22 75 355
99 272 324
78 266 355
301 367 423
234 309 448
40 56 435
33 56 448
148 350 425
40 78 355
168 345 435
305 355 363
301 363 423
193 357 367
357 367 423
301 345 363
168 269 447
41 162 269
7 120 269
7 269 447
7 68 180
168 180 447
7 180 447
180 289 417
68 180 289
68 90 289
41 120 269
41 120 246
7 68 120
177 240 333
234 252 407
212 231 407
5 14 366
14 212 407
14 212 223
162 223 351
33 212 231
33 234 448
40 128 448
79 353 376
1 219 314
28 170 353
139 177 309
85 240 252
234 309 344
234 252 344
85 192 211
91 328 343
240 252 344
85 238 240
286 393 411
45 286 393
31 368 434
31 368 432
230 373 403
152 219 394
356 375 410
170 219 314
28 170 219
64 297 322
152 251 267
251 406 442
36 64 208
79 128 350
53 165 297
64 318 322
79 165 322
165 350 402
79 81 376
40 56 448
79 165 350
40 128 350
148 257 425
40 259 350
148 350 402
259 350 425
125 148 257
259 266 425
257 321 425
105 125 198
99 321 425
89 105 222
89 93 222
143 148 402
73 98 125
73 98 297
77 115 167
23 332 334
175 354 404
70 208 334
70 334 370
32 70 370
32 250 370
36 208 334
251 267 406
34 380 406
13 19 380
108 381 449
0 347 387
27 92 275
347 380 426
287 307 356
0 29 388
92 275 387
347 387 426
92 387 426
0 126 387
27 142 436
27 92 142
142 175 404
92 142 175
332 354 404
23 332 400
18 119 400
222 340 372
119 271 340
18 401 436
167 340 372
115 206 372
115 167 372
2 62 127
62 127 372
2 46 413
2 62 413
185 195 389
195 260 389
17 46 61
65 195 260
159 243 244
121 185 195
159 243 391
113 243 415
159 260 389
121 185 221
18 77 401
27 401 436
113 293 391
293 387 397
0 388 449
201 277 422
51 244 260
244 359 422
159 244 260
126 293 387
201 359 422
51 260 319
25 294 341
25 319 413
25 281 365
255 281 341
25 51 294
181 201 236
25 281 341
181 236 428
398 419 428
166 181 194
130 166 374
181 201 210
166 181 210
210 217 339
49 149 285
20 103 149
106 242 390
74 155 285
103 149 285
74 103 285
290 335 381
203 228 307
20 149 161
20 103 228
290 381 449
0 108 449
0 108 347
20 228 335
20 161 290
20 290 335
228 335 405
380 405 406
203 228 405
287 406 442
152 251 442
230 369 444
203 287 307
230 307 356
230 356 403
230 307 369
172 242 390
124 207 325
106 132 325
106 124 184
106 124 325
45 373 403
8 134 184
66 239 302
24 95 112
95 116 209
80 225 386
24 299 395
66 95 112
87 111 264
145 239 254
66 95 209
95 116 327
111 264 279
87 111 151
59 312 348
4 59 218
4 59 134
66 209 254
8 42 184
106 184 390
59 218 298
172 218 358
188 298 312
218 298 358
166 374 412
194 419 421
130 194 421
281 398 428
123 281 398
130 229 421
101 130 374
101 374 412
296 315 446
130 296 446
96 123 346
130 229 296
315 420 446
55 338 427
72 122 427
72 122 420
122 315 420
310 420 446
188 310 420
188 298 310
43 57 424
43 57 443
157 284 424
306 329 385
55 248 338
122 338 385
122 338 427
118 190 306
52 118 408
52 96 329
118 365 408
52 118 306
96 365 408
52 96 408
118 365 418
135 157 190
135 190 418
160 253 284
135 273 431
144 186 326
88 144 262
253 284 431
57 263 424
263 265 377
110 191 265
191 265 377
110 263 265
205 280 440
97 196 280
110 261 349
205 280 282
97 280 282
57 232 443
58 270 279
97 270 282
43 270 443
196 280 440
24 146 395
35 146 395
24 225 299
35 199 395
225 299 382
163 182 395
182 187 299
140 233 445
163 196 360
213 237 258
237 361 445
176 308 437
176 360 361
131 215 349
215 237 437
213 237 445
104 213 258
104 233 258
247 336 399
114 247 399
131 215 278
114 150 399
173 247 256
26 86 433
86 114 392
47 86 392
26 94 433
86 94 433
39 71 100
173 256 379
137 187 382
39 67 173
67 173 379
39 67 71
140 233 258
182 416 445
71 100 416
182 187 416
71 187 416
137 216 382
137 138 379
216 371 382
6 83 330
216 291 371
66 80 386
6 80 83
117 320 328
91 288 343
3 37 330
94 154 331
94 154 256
102 227 249
50 383 429
76 304 441
183 313 438
156 227 414
141 331 383
300 311 362
133 178 313
30 378 417
30 180 200
12 30 171
60 171 179
30 54 409
174 183 342
183 342 438
102 183 227
69 304 342
156 174 227
21 60 69
156 174 304
174 304 342
60 69 304
235 384 441
60 179 292
158 179 292
16 292 441
60 304 441
129 331 383
76 129 147
129 220 331
129 220 226
235 364 384
226 364 384
11 131 202
82 337 392
131 153 202
12 158 179
16 158 292
44 169 276
1 410 434
45 393 439
263 377 424
375 410 434
163 360 445
360 361 445
196 360 440
357 363 423
305 357 363
356 403 432
72 107 420
104 233 445
102 183 313
310 316 358
75 99 266
97 270 279
46 65 195
93 257 321
37 91 178
63 98 125
88 253 262
88 110 349
181 194 419
214 316 412
87 151 312
85 252 407
11 202 337
83 328 352
15 72 245
9 103 155
66 80 302
253 262 431
126 293 415
77 206 221
77 185 221
76 414 429
61 206 221
76 235 441
79 81 448
102 141 383
88 110 191
47 94 323
73 84 402
43 245 427
144 262 431
202 241 337
47 82 317
67 137 138
3 91 352
287 405 406
64 98 297
17 61 206
58 197 245
35 97 279
81 309 448
153 202 276
11 150 392
192 283 288
325 369 444
54 303 313
38 107 151
63 64 208
94 220 226
283 320 434
50 76 429
49 161 217
189 216 379
46 61 121
45 286 368
356 375 432
85 238 283
116 264 327
255 277 341
102 249 383
43 157 424
42 45 439
40 363 435
44 82 241
1 152 410
16 158 200
152 267 394
64 267 318
53 84 165
93 99 372
164 268 295
122 315 385
68 90 120
50 76 147
37 141 291
6 291 330
27 185 397
154 189 216
14 48 362
14 48 164
29 126 415
335 380 405
80 302 393
205 261 440
4 184 390
131 150 278
45 368 432
16 204 384
96 229 346
140 258 336
1 238 240
105 125 250
40 355 363
130 214 310
24 146 327
22 75 324
32 63 70
63 64 98
87 209 264
8 87 348
5 246 366
46 121 195
211 295 407
3 83 352
8 42 145
73 84 297
77 115 206
54 313 438
99 266 425
13 334 354
5 311 362
9 103 132
88 160 253
9 106 242
29 339 415
29 161 388
67 71 137
3 83 330
96 123 365
160 284 424
103 228 369
32 63 250
2 17 127
15 197 245
40 259 266
3 37 91
57 110 232
123 419 421
42 145 439
48 268 288
238 283 434
205 232 261
11 337 392
79 128 448
5 90 246
76 156 414
63 70 208
9 106 132
22 109 396
274 311 378
57 110 263
4 134 184
33 212 223
305 355 357
1 240 333
308 360 440
1 152 219
90 120 246
119 271 400
73 143 402
35 97 199
83 117 328
6 225 371
181 419 428
4 172 218
155 316 358
5 90 274
30 54 303
37 102 178
24 95 327
6 291 371
53 84 297
50 147 383
16 169 200
123 281 365
33 269 351
114 150 392
16 384 441
21 30 409
22 193 357
38 72 107
21 69 342
335 347 381
169 204 317
15 38 72
91 133 178
23 334 370
22 109 324
43 157 248
1 238 434
26 114 247
8 87 209
9 172 242
23 271 370
237 258 278
84 165 402
44 169 317
13 36 334
38 58 197
24 112 386
63 125 250
43 55 427
11 131 150
26 86 114
202 241 276
80 83 117
139 333 376
34 64 267
96 229 329
37 291 330
93 198 257
153 169 276
85 192 283
155 316 412
74 103 155
35 146 279
21 136 342
40 78 266
28 219 394
43 245 270
44 241 276
33 223 351
31 375 434
168 269 435
30 303 378
33 56 269
10 28 394
77 185 401
107 188 420
39 140 445
34 36 380
91 328 352
103 132 369
39 100 445
135 273 418
302 393 439
37 102 141
76 235 364
29 161 217
38 111 151
15 38 197
6 80 225
94 220 331
26 94 247
145 239 302
109 272 396
19 92 380
186 273 431
97 196 199
267 318 394
117 286 320
117 286 411
207 325 444
18 119 167
303 313 378
289 378 417
151 188 312
123 398 419
152 287 442
113 293 415
283 320 328
87 312 348
129 226 364
76 129 364
101 130 214
130 310 446
133 288 300
91 133 288
133 313 378
133 300 378
277 281 428
54 136 438
139 177 333
142 400 404
5 14 362
18 142 400
144 326 431
145 302 439
228 307 369
155 172 358
146 279 327
93 222 372
236 277 428
129 147 383
107 151 188
152 287 356
92 380 426
153 169 200
154 216 291
215 349 437
154 189 379
210 243 339
154 256 379
160 191 377
177 309 344
9 155 172
159 293 391
88 160 191
42 45 373
160 377 424
162 223 366
162 246 366
48 164 268
2 17 46
4 172 390
39 140 336
168 224 367
261 308 437
27 185 401
207 230 444
168 301 367
16 169 204
101 214 412
264 279 327
21 30 171
176 237 361
47 317 323
155 166 210
177 240 344
72 245 427
108 347 381
185 293 389
185 293 397
186 326 431
290 388 449
116 209 264
201 210 243
22 193 396
211 268 288
283 288 343
318 322 394
119 167 340
137 216 379
222 250 370
105 222 250
227 249 429
192 211 288
227 414 429
255 277 281
94 247 256
215 237 278
13 36 380
278 336 399
136 342 438
243 244 359
94 226 323
201 243 359
159 293 389
104 213 445
24 225 386
261 349 437
211 268 295
155 166 412
56 269 435
23 271 400
85 211 407
186 273 418
5 274 311
81 139 309
58 245 270
277 294 422
277 294 341
27 275 397
258 278 336
22 355 357
283 328 343
80 117 411
203 287 405
288 300 362
48 288 362
274 289 378
161 290 388
51 294 422
315 329 385
298 310 358
102 178 313
176 237 437
286 320 368
320 368 434
10 322 394
132 325 369
49 149 161
335 347 380
229 346 421
123 346 421
