13 175 354
17 206 372
63 98 208
161 217 388
10 28 353
42 207 373
49 210 217
14 295 407
31 375 432
23 119 400
81 139 376
46 65 413
17 61 221
38 107 111
65 260 319
49 210 285
80 393 411
14 223 366
190 248 306
286 320 411
214 310 316
163 199 395
154 291 331
85 192 238
71 137 187
3 330 352
47 86 94
272 396 430
33 231 234
93 99 321
10 79 322
90 274 366
224 396 430
174 183 227
14 164 295
6 330 371
162 269 351
41 162 246
78 259 266
45 403 432
34 36 64
10 79 353
125 198 257
75 99 324
89 93 198
222 271 370
132 307 369
13 19 175
18 77 167
332 334 354
17 46 127
332 400 404
65 319 413
17 127 372
201 243 244
181 194 428
19 92 175
61 121 221
229 296 315
201 236 277
201 210 339
8 134 348
29 217 339
161 388 449
34 267 406
10 318 394
203 287 406
207 230 373
59 298 312
107 111 151
229 315 329
157 284 431
25 51 319
186 365 418
248 338 385
248 306 385
157 190 248
43 55 248
118 190 418
157 248 424
88 144 349
270 282 443
131 144 349
88 160 377
263 284 424
261 308 440
163 196 199
176 308 360
110 232 261
150 278 399
163 182 445
39 258 336
173 247 336
100 416 445
187 299 382
39 173 336
38 111 279
87 116 209
8 145 254
225 371 382
80 225 371
67 138 379
249 383 429
238 368 434
156 414 429
220 226 331
54 136 409
21 136 409
12 171 179
12 30 200
204 317 384
94 226 331
60 292 441
44 82 317
204 384 441
317 323 384
168 301 345
180 224 430
168 180 224
345 363 435
75 109 324
109 272 324
22 75 355
99 272 324
22 109 193
22 75 109
301 367 423
40 56 435
33 56 448
40 78 259
40 78 355
168 345 435
305 355 363
301 363 423
305 357 423
193 357 367
305 363 423
357 367 423
301 345 363
168 269 447
41 162 269
68 120 246
168 180 447
68 90 246
68 180 289
5 274 366
68 90 289
41 120 246
7 68 120
90 246 366
48 300 362
192 268 288
177 240 333
238 240 333
212 231 407
252 295 407
14 212 407
14 212 223
162 223 351
33 212 231
79 353 376
1 219 314
139 177 309
234 309 344
234 252 344
85 252 295
85 192 211
192 211 268
117 320 411
85 238 240
31 368 434
31 368 432
45 286 432
230 373 403
286 368 432
31 375 410
152 219 394
356 375 410
170 219 314
28 170 219
152 267 318
152 251 267
152 318 394
36 64 208
79 128 350
53 165 297
79 165 322
10 318 322
79 81 376
148 350 402
125 148 257
259 266 425
257 321 425
99 321 425
89 105 222
89 93 222
143 148 402
84 143 402
73 84 143
73 98 125
73 98 297
271 334 370
23 271 334
77 115 167
23 332 334
175 354 404
70 208 334
32 250 370
36 208 334
251 267 406
108 335 381
13 19 380
108 381 449
287 307 356
347 387 426
19 92 426
159 389 391
0 126 387
27 142 436
142 175 404
332 354 404
18 400 404
23 332 400
23 119 271
119 271 340
18 401 436
167 340 372
77 115 221
115 206 372
115 167 372
2 62 127
62 127 372
2 46 127
2 46 413
2 62 413
115 206 221
17 206 221
17 46 61
65 195 260
159 243 244
121 185 195
159 243 391
159 260 389
18 77 401
185 397 401
244 359 422
159 244 260
51 260 319
51 277 422
25 319 413
25 281 365
255 281 341
51 277 294
255 277 294
181 201 236
201 244 359
255 294 341
96 281 365
25 281 341
181 236 428
194 419 428
166 181 194
181 201 210
166 210 412
166 181 210
210 217 339
29 217 388
49 149 285
155 210 412
106 242 390
74 103 285
203 228 307
103 106 132
20 103 228
161 290 449
290 381 449
108 335 347
203 405 406
380 405 406
152 251 442
203 287 307
230 307 356
230 356 403
132 228 307
103 132 228
172 242 390
103 106 242
124 207 325
106 132 325
106 124 325
45 302 393
45 373 403
45 373 439
8 42 439
8 145 439
42 373 439
145 239 439
24 95 112
95 116 209
80 225 386
112 225 386
24 299 395
66 95 112
87 111 264
145 239 254
66 95 209
87 116 264
95 116 327
111 264 279
87 111 151
4 59 134
87 209 348
66 209 254
8 42 184
4 134 390
9 103 242
172 218 358
101 316 412
188 298 312
218 298 358
101 214 316
166 374 412
194 419 421
130 194 421
96 123 281
123 281 398
130 229 421
101 130 374
101 374 412
296 315 446
130 296 446
96 123 346
130 229 296
214 310 446
315 420 446
55 338 427
122 329 385
72 122 427
72 122 420
122 315 420
310 420 446
188 310 420
188 298 310
43 57 443
157 284 424
306 329 385
55 248 338
122 338 385
122 338 427
122 315 329
118 190 306
52 118 408
118 365 408
96 365 408
52 96 408
118 365 418
135 190 418
160 253 284
135 186 273
135 273 431
135 186 418
273 326 431
144 186 326
186 273 326
88 144 262
253 284 431
57 263 424
263 265 377
110 191 265
232 261 440
110 263 265
97 196 280
110 261 349
205 280 282
35 97 196
97 280 282
57 232 443
97 270 282
197 245 427
15 58 197
43 270 443
35 196 199
35 97 270
163 361 445
196 280 440
24 146 395
225 299 382
182 187 299
140 233 445
163 360 361
163 196 360
237 361 445
176 308 437
176 360 361
131 215 349
215 237 437
213 237 445
104 213 258
213 233 445
104 233 258
247 336 399
114 247 399
131 215 278
215 258 278
11 131 392
114 150 399
26 86 433
86 114 392
47 86 392
86 94 433
39 71 100
137 187 382
71 137 138
67 173 379
104 213 233
71 100 416
71 187 416
137 189 216
67 71 138
137 138 379
6 83 330
216 291 371
6 80 371
238 283 368
283 286 368
192 238 283
283 286 320
83 117 411
117 320 328
91 288 343
37 91 133
50 129 147
3 37 330
3 328 352
291 330 371
83 330 352
137 189 379
189 256 379
94 154 331
102 227 249
50 383 429
156 227 414
37 133 178
141 249 383
133 300 313
133 178 313
102 141 249
303 313 438
300 303 313
274 378 417
300 303 378
30 180 200
12 30 171
54 303 438
30 54 409
174 183 342
102 183 227
102 178 183
69 304 342
156 174 227
21 60 69
156 174 304
69 136 342
174 304 342
21 69 136
60 69 304
235 384 441
60 179 292
158 179 292
16 292 441
76 226 364
50 129 383
129 220 226
235 364 384
44 82 276
202 337 392
82 241 276
11 202 392
12 158 179
16 204 441
16 158 169
16 158 292
44 169 276
1 410 434
31 410 434
18 404 436
27 397 436
142 404 436
243 391 415
193 367 396
25 365 413
196 360 440
356 403 432
72 107 420
130 214 446
310 316 358
75 99 266
46 65 195
94 189 256
93 257 321
333 353 376
63 98 125
89 125 198
88 265 377
88 253 262
88 110 349
87 151 312
85 252 344
85 164 211
83 328 352
163 182 299
9 103 155
66 80 302
253 262 431
126 293 415
39 233 258
213 215 258
76 235 441
79 81 448
64 297 318
88 110 191
74 155 210
47 94 323
77 121 185
397 401 436
224 367 396
67 71 173
85 164 295
19 347 380
68 180 447
45 286 411
64 98 297
7 68 447
60 76 441
58 197 245
57 248 424
81 309 448
153 202 276
239 254 302
192 283 288
56 128 448
40 56 128
43 57 248
201 243 415
325 369 444
165 297 318
52 96 229
25 51 341
50 76 429
49 161 217
85 240 344
46 61 121
45 393 411
232 282 443
356 375 432
35 58 270
116 264 327
43 55 245
185 195 260
14 300 362
40 363 435
33 309 448
228 335 381
64 267 318
53 84 165
93 99 372
15 72 427
15 58 279
108 347 387
50 76 147
37 141 291
154 189 216
160 284 377
14 48 362
14 48 164
29 126 415
201 339 415
335 380 405
80 302 393
131 150 278
163 299 395
12 169 200
15 38 279
96 229 346
105 125 250
40 355 363
24 146 327
11 131 153
3 91 343
32 63 70
46 121 195
73 84 297
99 266 425
166 194 374
13 334 354
113 293 389
88 160 253
29 339 415
263 284 377
6 83 411
28 333 353
32 70 334
32 63 250
26 256 433
35 58 279
21 171 179
55 245 427
3 37 91
57 110 232
123 419 421
4 218 298
48 268 288
52 229 329
79 128 448
63 70 208
4 59 298
21 60 179
57 110 263
173 247 379
64 98 208
33 212 223
305 355 357
1 152 356
308 360 440
1 152 219
129 220 383
94 154 189
83 117 328
5 311 366
8 134 390
14 300 311
213 215 237
30 180 289
3 328 343
317 323 392
73 125 148
164 211 268
4 172 218
155 316 358
0 108 387
79 350 402
30 54 303
37 102 178
187 416 445
24 95 327
157 190 431
90 274 417
76 147 226
53 84 297
124 184 207
33 269 351
182 187 445
20 103 285
114 150 392
21 30 409
20 290 381
22 193 357
11 153 202
48 288 300
38 72 107
146 199 395
169 204 317
15 38 72
144 262 326
209 254 348
1 238 434
26 114 247
9 172 242
79 165 402
131 150 392
19 347 426
33 234 309
323 364 384
84 165 402
44 169 317
13 36 334
62 365 413
80 112 386
1 238 314
32 334 370
41 120 447
63 125 250
36 380 406
26 86 114
26 256 379
139 333 376
129 147 226
34 64 267
74 210 285
37 291 330
93 198 257
1 356 410
89 105 125
153 169 276
155 316 412
60 76 304
74 103 155
35 146 279
238 314 333
28 219 394
43 245 270
51 260 422
30 303 417
30 289 417
33 223 351
113 389 391
75 78 355
168 269 435
33 56 269
10 28 394
12 158 169
77 185 401
107 188 420
51 294 341
39 140 445
47 323 392
66 80 112
15 197 427
34 36 406
39 100 445
37 102 141
76 235 364
73 143 148
26 247 379
220 331 383
45 239 302
203 335 405
257 259 350
0 108 388
108 388 449
113 391 415
109 193 396
109 272 396
24 112 299
112 225 299
207 325 444
118 306 329
52 118 329
151 188 312
123 398 419
106 124 390
126 275 387
126 275 293
152 287 442
29 126 388
94 256 433
113 293 415
40 128 259
128 259 350
283 320 328
232 280 440
87 312 348
101 130 214
231 252 407
133 288 300
91 133 288
88 191 265
134 312 348
136 183 438
230 307 444
136 183 342
277 281 428
54 136 438
41 269 447
77 121 221
137 216 371
307 369 444
139 177 333
20 228 381
222 271 372
155 172 358
35 146 199
146 279 327
93 222 372
236 277 428
20 149 290
107 151 188
137 371 382
152 287 356
153 169 200
154 216 291
148 257 350
215 349 437
177 309 344
9 155 172
8 184 390
205 232 282
162 223 366
162 246 366
124 184 390
39 140 233
48 164 268
165 318 322
4 172 390
18 167 400
119 167 400
168 224 367
261 308 437
207 230 444
168 301 367
16 169 204
170 314 333
27 175 275
262 326 431
92 175 275
264 279 327
21 30 171
176 237 361
177 240 344
76 304 429
178 183 438
178 313 438
42 184 207
185 293 389
185 293 397
135 190 431
251 287 406
202 276 337
20 149 285
283 288 343
241 337 392
119 167 340
222 250 370
105 222 250
227 249 429
227 414 429
255 277 281
231 234 252
185 260 389
205 232 280
13 36 380
278 336 399
66 254 302
82 241 392
94 226 323
251 287 442
257 259 425
203 228 335
39 71 173
244 260 422
261 349 437
90 289 417
6 80 411
56 269 435
271 340 372
28 170 333
274 300 311
0 126 388
274 300 378
5 274 311
275 293 397
275 387 426
92 275 426
241 276 337
81 139 309
58 245 270
27 142 175
59 134 312
201 277 359
27 275 397
149 161 290
258 278 336
281 398 419
281 419 428
22 355 357
283 328 343
130 194 374
45 239 439
7 120 447
291 331 383
141 291 383
277 359 422
303 378 417
156 304 429
298 310 358
14 311 366
75 78 266
82 317 392
176 237 437
8 254 348
226 323 364
132 325 369
49 149 161
335 347 380
229 346 421
123 346 421
