13 175 354
17 206 372
123 398 421
63 98 208
42 124 207
90 274 289
164 211 295
42 207 373
49 210 217
14 295 407
300 311 378
31 375 432
81 139 376
46 65 413
107 151 312
65 260 319
49 210 285
80 393 411
14 223 366
80 83 411
190 248 306
286 320 411
214 310 316
176 361 437
154 291 331
66 80 393
82 241 337
272 396 430
33 231 234
93 99 321
10 79 322
168 224 301
274 289 417
249 414 429
30 180 417
174 183 227
14 164 295
162 269 351
78 259 266
45 403 432
170 314 376
231 234 407
34 36 64
375 403 432
1 314 333
152 356 410
170 353 376
314 333 376
125 198 257
18 142 436
89 105 198
32 208 250
89 93 198
99 222 372
13 19 175
332 334 354
63 208 250
17 46 127
332 400 404
65 319 413
17 127 372
398 419 421
19 92 175
61 121 221
0 29 126
51 244 422
130 166 194
229 296 315
201 236 277
201 210 339
155 210 285
8 134 348
29 217 339
161 388 449
34 267 406
1 219 410
66 302 393
59 134 348
42 124 184
59 298 312
66 239 254
8 209 254
101 130 446
155 358 412
229 315 329
25 51 319
186 365 418
52 306 329
248 306 385
157 190 248
118 190 418
135 157 431
157 248 424
88 144 349
270 282 443
131 144 349
88 160 377
263 284 424
15 72 197
261 308 440
176 308 360
110 232 261
150 278 399
163 182 445
258 278 399
26 94 256
173 247 336
187 299 382
39 173 336
35 146 327
8 145 254
225 371 382
80 225 371
67 138 379
156 414 429
220 226 331
21 136 409
12 171 179
12 30 200
226 323 384
204 317 384
94 226 331
60 292 441
204 384 441
317 323 384
12 158 200
16 44 169
168 301 345
180 224 430
168 180 224
345 363 435
193 224 367
109 272 324
22 75 355
99 272 324
75 266 425
301 367 423
234 309 448
40 56 435
139 309 448
40 78 259
40 78 355
40 355 435
355 363 435
168 345 435
305 355 363
301 363 423
22 305 355
193 357 367
357 367 423
301 345 363
224 301 367
168 269 447
41 162 269
7 68 180
168 180 447
7 180 447
180 289 417
68 180 289
68 90 289
223 246 366
41 120 246
7 68 120
192 268 288
177 240 333
212 231 407
14 212 407
14 212 223
162 223 351
33 212 231
1 219 314
28 170 353
139 177 309
81 139 448
85 240 252
234 309 344
85 192 211
192 211 268
117 320 411
240 252 344
85 238 240
286 393 411
45 286 393
31 368 434
31 368 432
356 375 403
152 219 394
356 375 410
170 219 314
28 170 219
152 219 410
152 251 267
251 406 442
36 64 208
79 128 350
53 165 297
64 318 322
79 165 322
148 350 402
125 148 257
259 266 425
257 321 425
105 125 198
99 321 425
93 99 222
89 105 222
89 93 222
143 148 402
73 98 125
73 98 297
77 115 167
23 332 334
32 250 370
32 70 208
251 267 406
108 335 381
13 19 380
108 381 449
27 92 275
347 380 426
287 307 356
0 29 388
293 389 397
92 275 387
92 387 426
159 389 391
0 126 387
142 175 404
92 142 175
18 142 404
18 400 404
23 332 400
18 119 400
119 271 340
18 401 436
18 119 340
167 340 372
77 115 221
2 62 127
62 127 372
2 46 127
2 46 413
2 62 413
115 206 221
61 121 195
17 46 61
65 195 260
185 389 397
121 185 195
159 243 391
113 126 293
159 260 389
121 185 221
18 77 401
293 389 391
185 397 401
113 293 391
201 277 422
51 244 260
244 359 422
113 126 415
201 359 422
51 260 319
51 277 422
25 294 341
25 319 413
25 281 365
255 281 341
25 51 294
51 277 294
255 277 294
181 201 236
255 294 341
25 281 341
181 236 428
398 419 428
166 181 194
130 166 374
181 201 210
166 181 210
210 217 339
49 149 285
20 103 149
106 242 390
74 155 285
103 149 285
9 74 155
74 103 285
203 228 307
9 74 103
20 103 228
161 290 449
347 380 405
290 381 449
108 335 347
20 228 335
228 335 405
380 405 406
203 228 405
335 347 405
287 406 442
152 251 442
230 369 444
203 287 307
230 307 356
230 356 403
230 307 369
103 132 228
172 242 390
124 207 325
106 132 325
106 124 184
106 124 325
45 302 393
45 373 403
45 373 439
8 134 184
45 302 439
8 145 439
42 373 439
66 239 302
80 225 386
24 299 395
87 111 264
145 239 254
66 95 209
35 279 327
116 279 327
116 264 279
72 197 427
87 111 151
8 209 348
59 312 348
4 59 134
87 209 348
66 209 254
106 184 390
172 218 358
316 358 412
188 298 312
218 298 358
166 374 412
194 419 421
130 194 421
281 398 428
96 123 281
123 281 398
130 229 421
101 130 374
101 374 412
296 315 446
130 296 446
96 123 346
130 229 296
315 420 446
55 338 427
122 315 420
310 420 446
188 310 420
188 298 310
107 188 312
43 57 424
43 57 443
157 284 424
306 329 385
122 338 385
122 338 427
52 96 408
118 365 418
135 157 190
135 190 418
160 253 284
135 273 431
144 186 326
88 144 262
57 263 424
263 265 377
110 191 265
110 263 265
205 280 440
110 261 349
205 280 282
43 55 270
97 280 282
57 232 443
58 270 279
97 270 282
58 197 270
197 245 427
35 270 279
15 58 197
43 270 443
197 245 270
35 97 270
196 280 440
24 146 395
24 225 299
225 299 382
182 187 299
140 233 445
213 237 258
176 308 437
176 360 361
215 308 437
131 215 349
237 361 437
215 237 437
215 237 258
258 336 399
104 213 258
213 233 445
104 233 258
247 336 399
131 215 278
215 258 278
82 317 323
114 150 399
26 86 247
26 86 433
86 114 392
47 86 392
26 94 433
39 71 100
137 187 382
67 173 379
104 213 233
140 233 258
71 100 416
182 187 416
137 189 216
137 138 379
216 291 371
6 80 371
6 80 83
192 288 343
283 286 368
283 286 320
192 283 343
83 117 411
91 288 300
117 320 328
91 288 343
37 91 133
50 129 147
3 37 330
3 328 352
291 330 371
137 189 379
102 227 249
76 364 441
156 227 414
227 249 414
37 133 178
178 183 313
133 300 313
91 133 300
300 311 362
14 311 362
133 178 313
274 378 417
30 180 200
12 30 171
54 303 438
30 54 409
174 183 342
102 183 227
102 178 183
69 304 342
156 174 227
156 174 304
174 304 342
60 69 304
235 384 441
60 179 292
158 179 292
16 292 441
235 364 441
76 226 364
50 129 383
129 220 226
235 364 384
226 364 384
44 82 276
202 337 392
82 241 276
11 202 392
153 202 337
82 337 392
153 241 337
169 200 276
153 241 276
12 158 179
16 44 204
16 204 441
16 158 292
153 200 276
44 169 276
1 410 434
27 397 436
243 391 415
375 410 434
25 365 413
163 360 445
360 361 445
196 360 440
357 363 423
305 357 363
72 107 420
310 316 358
46 65 195
93 257 321
63 98 125
136 409 438
88 265 377
88 253 262
88 110 349
181 194 419
214 316 412
87 151 312
85 252 407
75 324 425
86 114 399
83 328 352
82 204 317
44 82 204
163 182 299
79 81 353
193 396 430
253 262 431
77 185 221
61 206 221
100 182 416
207 373 403
79 81 448
102 141 383
50 249 429
88 110 191
47 94 323
73 84 402
397 401 436
67 71 173
69 171 179
115 167 206
67 137 138
287 405 406
64 98 297
17 61 206
60 76 441
11 150 392
13 70 334
56 234 448
56 128 448
157 253 431
40 56 128
201 243 415
325 369 444
55 248 424
38 107 151
52 229 346
52 190 306
52 118 190
81 353 376
50 249 383
50 76 429
49 161 217
199 299 395
72 420 427
37 91 343
46 61 195
45 286 368
232 282 443
85 238 283
102 249 383
185 195 260
16 158 200
35 97 280
21 69 171
152 267 394
64 267 318
53 84 165
183 303 438
64 165 297
5 246 274
15 58 279
122 315 385
68 90 120
50 76 147
37 141 291
52 365 408
154 189 216
160 284 377
14 48 362
14 48 164
29 126 415
201 339 415
13 36 70
205 261 440
4 184 390
131 150 278
15 38 279
45 368 432
108 347 426
140 258 336
105 125 250
24 146 327
11 131 153
22 75 324
33 56 234
23 222 370
87 209 264
5 246 366
211 295 407
64 165 322
27 92 436
3 83 352
73 84 297
148 259 350
13 334 354
252 344 407
9 103 132
88 160 253
9 106 242
29 339 415
29 161 388
67 71 137
101 214 310
263 284 377
3 83 330
32 70 334
0 387 426
55 245 427
1 240 434
57 110 232
4 218 298
48 268 288
238 283 434
52 229 329
54 409 438
205 232 261
79 128 448
82 323 392
281 365 408
6 83 371
9 106 132
215 261 308
274 311 378
4 59 298
57 110 263
173 247 379
64 98 208
4 134 184
33 212 223
38 264 279
1 240 333
308 360 440
129 220 383
90 120 246
119 271 400
73 143 402
83 117 328
22 109 272
5 311 366
55 245 270
92 142 436
3 37 343
181 419 428
3 328 343
73 125 148
164 211 268
4 172 218
79 350 402
83 330 371
30 54 303
37 102 178
24 95 327
22 272 396
76 147 226
53 84 297
86 247 399
38 111 264
16 169 200
33 269 351
36 70 208
114 150 392
21 30 409
20 290 381
22 193 357
11 153 202
47 94 433
38 72 107
21 69 342
146 199 395
15 38 72
144 262 326
23 334 370
28 79 353
22 109 324
0 108 426
77 167 340
47 86 433
20 335 381
283 368 434
55 248 385
9 172 242
79 165 402
84 165 402
24 66 95
62 365 413
80 112 386
32 334 370
24 112 386
41 120 447
63 125 250
36 380 406
11 131 150
26 256 379
8 184 439
175 332 354
139 333 376
129 147 226
34 64 267
37 291 330
93 198 257
85 192 283
10 28 79
60 76 304
21 136 342
18 77 340
28 219 394
30 303 417
24 66 112
33 223 351
100 182 445
31 375 434
75 78 355
168 269 435
167 206 372
33 56 269
10 28 394
243 244 260
77 185 401
107 188 420
39 140 445
47 323 392
66 80 112
34 36 406
39 100 445
135 273 418
37 102 141
234 344 407
73 143 148
55 338 385
29 161 217
38 111 151
207 230 403
175 332 404
26 247 379
96 281 408
220 331 383
41 162 223
0 108 388
108 388 449
113 391 415
145 239 302
19 92 380
186 273 431
267 318 394
207 325 444
303 313 378
126 275 387
126 275 293
152 287 442
40 128 259
128 259 350
283 320 328
87 312 348
88 191 265
136 183 438
136 183 342
277 281 428
41 269 447
137 216 371
137 187 416
71 137 416
139 177 333
99 324 425
222 271 372
145 302 439
228 307 369
52 96 346
155 172 358
35 146 199
236 277 428
20 149 290
137 371 382
152 287 356
92 380 426
154 216 291
154 189 379
154 256 379
177 309 344
9 155 172
157 253 284
41 223 246
205 232 282
163 199 299
48 164 268
4 172 390
39 140 336
207 230 444
148 257 259
101 214 412
262 326 431
60 69 179
21 30 171
155 166 210
177 240 344
76 304 429
183 303 313
42 184 439
122 420 427
186 326 431
193 224 430
196 199 280
23 222 271
196 199 360
163 199 360
22 305 357
116 209 264
116 209 327
95 209 327
22 193 396
213 361 445
213 237 361
215 261 349
318 322 394
222 250 370
105 222 250
255 277 281
132 228 369
185 260 389
13 36 380
238 240 434
159 243 260
243 244 359
90 246 274
43 55 424
94 226 323
201 243 359
94 256 331
154 256 331
257 259 425
52 118 365
24 225 386
39 71 173
155 166 412
56 269 435
271 340 372
23 271 400
101 310 446
85 211 407
186 273 418
5 274 311
275 293 397
27 275 397
149 161 290
283 328 343
203 287 405
288 300 362
48 288 362
7 120 447
291 331 383
141 291 383
303 378 417
315 329 385
156 304 429
298 310 358
14 311 366
75 78 266
300 313 378
10 322 394
132 325 369
49 149 161
35 199 280
229 346 421
123 346 421
