123 398 421
161 217 388
10 28 353
193 224 396
49 210 217
300 311 378
31 375 432
23 119 400
81 139 376
46 65 413
17 61 221
229 329 346
243 339 415
65 260 319
49 210 285
80 393 411
14 223 366
190 248 306
214 310 316
151 312 348
176 361 437
163 199 395
154 291 331
71 137 187
66 80 393
82 241 337
272 396 430
33 231 234
93 99 321
10 79 322
90 274 366
56 269 351
224 396 430
249 414 429
30 180 417
174 183 227
14 164 295
162 269 351
41 162 246
10 28 219
45 403 432
231 234 407
34 36 64
1 314 333
170 353 376
10 219 394
10 79 353
125 198 257
75 99 324
18 142 436
32 208 250
89 93 198
222 271 370
99 222 372
63 208 250
222 271 340
65 319 413
398 419 421
201 243 244
181 194 428
19 92 175
61 121 221
130 166 194
229 296 315
201 236 277
8 134 348
29 217 339
161 388 449
34 267 406
34 64 318
10 318 394
203 287 406
66 302 393
59 134 348
42 124 184
59 298 312
38 58 279
8 209 254
101 130 446
229 315 329
157 284 431
186 365 418
25 62 365
52 306 329
248 338 385
248 306 385
57 232 263
157 190 248
43 55 248
88 160 262
160 253 262
88 144 349
270 282 443
131 144 349
205 282 443
205 232 443
176 308 360
110 232 261
150 278 399
163 182 445
39 258 336
258 278 399
173 247 336
187 299 382
39 173 336
38 111 279
35 146 327
87 116 209
8 145 254
225 371 382
67 138 379
5 311 378
5 14 311
156 414 429
220 226 331
21 136 409
12 171 179
12 30 200
226 323 384
60 292 441
317 323 384
12 158 200
16 44 169
47 82 392
168 301 345
180 224 430
168 180 224
345 363 435
193 224 367
99 272 324
22 75 109
301 367 423
40 56 435
33 56 448
139 309 448
355 363 435
168 345 435
305 355 363
301 363 423
22 305 355
193 357 367
357 367 423
301 345 363
168 269 447
41 162 269
33 56 351
7 269 447
168 180 447
7 180 447
180 289 417
68 180 289
5 274 366
68 90 289
41 120 246
268 288 300
90 246 366
48 268 300
1 31 434
48 300 362
192 268 288
177 240 333
234 252 407
238 240 333
212 231 407
5 14 366
14 212 223
162 223 351
33 212 231
177 240 309
81 128 448
40 128 448
79 353 376
1 219 314
28 170 353
139 177 309
240 309 344
81 139 448
85 240 252
234 309 344
234 252 344
192 211 268
91 328 343
240 252 344
85 238 240
31 368 434
31 368 432
31 375 410
287 356 442
152 219 394
1 31 410
356 375 410
170 219 314
28 170 219
152 356 442
251 406 442
34 267 318
36 64 208
79 128 350
53 165 297
53 165 402
79 165 322
10 318 322
79 81 376
79 81 128
40 56 448
40 128 350
40 259 350
148 350 402
53 73 84
259 350 425
125 148 257
259 266 425
257 321 425
99 321 425
198 257 321
93 99 222
93 198 321
89 105 222
89 93 222
143 148 402
53 73 297
53 84 402
73 98 125
73 98 297
63 105 250
105 250 370
271 334 370
105 222 370
23 271 334
77 115 167
23 332 334
175 354 404
70 208 334
32 250 370
36 208 334
32 70 208
251 267 406
108 335 381
34 380 406
13 19 380
108 381 449
347 380 426
287 307 356
0 126 387
27 142 436
142 175 404
92 142 175
18 142 404
18 400 404
18 119 400
23 119 271
222 340 372
119 271 340
18 401 436
18 119 340
275 397 401
167 340 372
77 115 221
115 206 372
115 167 372
2 62 127
62 127 372
2 46 413
46 61 65
115 206 221
17 206 221
61 121 195
17 46 61
65 195 260
159 243 244
61 65 195
121 185 195
159 243 391
113 126 293
159 260 389
27 275 401
18 77 401
27 401 436
185 397 401
113 293 391
0 388 449
159 244 260
113 126 415
51 260 319
25 294 341
25 319 413
25 281 365
255 281 341
255 277 294
181 201 236
201 244 359
255 294 341
25 281 341
181 236 428
398 419 428
194 419 428
166 181 194
130 166 374
181 201 210
166 181 210
210 217 339
29 217 388
49 149 285
20 103 149
106 242 390
103 149 285
74 103 285
203 228 307
103 106 132
49 149 217
20 149 161
149 161 217
20 103 228
161 290 449
290 381 449
0 108 449
0 108 347
108 335 347
203 405 406
20 228 335
20 161 290
380 405 406
287 406 442
230 369 444
203 287 307
230 307 356
230 356 403
230 307 369
172 242 390
124 207 325
106 132 325
106 124 325
45 302 393
45 373 403
8 134 184
66 239 302
145 239 439
24 299 395
87 111 264
66 95 209
87 116 264
35 279 327
116 279 327
116 264 279
87 151 348
111 264 279
87 111 151
59 312 348
4 59 218
4 59 134
134 184 390
66 209 254
4 134 390
59 218 298
172 218 358
188 298 312
218 298 358
166 374 412
194 419 421
123 229 421
281 398 428
96 123 281
123 281 398
101 214 446
101 130 374
296 315 446
130 296 446
96 123 346
123 229 346
130 229 296
214 310 446
55 338 427
122 329 385
72 122 420
72 188 420
310 420 446
188 310 420
188 298 310
15 38 107
43 57 424
55 270 427
43 57 443
245 270 427
157 284 424
306 329 385
55 248 338
122 338 385
122 315 329
52 118 408
118 365 408
52 96 408
135 190 418
160 253 284
135 186 273
135 273 431
135 186 418
273 326 431
144 186 326
186 273 326
88 144 262
253 284 431
57 263 424
263 265 377
110 191 265
191 265 377
97 196 280
110 261 349
43 55 270
97 280 282
57 232 443
97 270 282
197 245 427
43 270 443
35 97 270
163 361 445
196 280 440
24 146 395
24 225 299
225 299 382
182 187 299
39 100 140
140 233 445
163 360 361
196 308 360
237 361 445
176 308 437
176 360 361
131 215 349
237 361 437
215 237 437
213 237 445
258 336 399
104 213 258
213 233 445
104 233 258
247 336 399
114 247 399
131 215 278
11 131 392
114 131 392
114 150 399
173 247 256
26 86 433
86 114 392
47 86 392
26 94 433
39 71 100
173 256 379
137 187 382
71 137 138
67 173 379
100 140 445
104 213 233
71 100 416
182 187 416
71 187 416
137 216 382
137 189 216
67 71 138
216 371 382
189 216 291
216 291 371
6 80 371
37 141 178
192 288 343
192 238 283
192 283 343
83 117 411
91 288 300
117 320 328
91 288 343
37 91 133
37 141 330
50 129 147
3 37 330
291 330 371
154 189 291
102 227 249
76 364 441
76 304 441
37 133 178
141 249 383
133 300 313
91 133 300
5 274 378
133 178 313
102 141 249
102 141 178
303 313 438
274 378 417
30 180 200
12 30 171
54 303 438
30 54 409
174 183 342
102 183 227
102 178 183
69 304 342
156 174 227
156 174 304
174 304 342
60 69 304
235 384 441
60 179 292
16 292 441
235 364 441
60 304 441
76 226 364
76 147 429
50 129 383
50 147 429
76 129 147
235 364 384
226 364 384
11 131 202
82 337 392
131 153 202
12 158 179
16 44 204
16 204 441
16 158 169
44 169 276
158 169 200
243 391 415
263 377 424
225 371 386
80 371 386
357 363 423
305 357 363
356 403 432
23 400 404
310 316 358
75 99 266
75 272 324
63 98 125
136 409 438
89 125 198
22 78 355
88 110 349
214 316 412
85 252 407
85 164 211
11 202 337
192 211 238
83 328 352
82 204 317
44 82 204
163 182 299
9 103 155
253 262 431
39 233 258
78 355 435
40 78 435
76 220 226
100 182 416
207 373 403
64 297 318
50 249 429
88 110 191
75 109 272
74 155 210
47 94 323
73 84 402
72 338 427
67 71 173
21 69 179
85 164 295
45 286 411
47 82 317
66 145 254
66 145 239
3 91 352
64 98 297
156 249 414
58 197 245
94 323 331
153 202 276
325 369 444
54 303 417
38 107 151
52 329 346
63 64 208
165 297 318
52 190 306
52 118 190
50 249 383
19 175 354
45 393 411
45 286 368
212 295 407
356 375 432
35 58 270
76 129 220
43 157 424
185 195 260
14 300 362
42 45 439
85 295 407
33 309 448
63 105 125
44 82 241
152 267 394
130 194 229
16 158 179
15 72 427
68 90 120
160 284 377
14 48 362
14 48 164
29 126 415
19 334 354
335 380 405
205 261 440
131 150 278
163 299 395
45 368 432
24 146 327
63 64 98
8 87 348
7 41 269
3 83 352
2 25 413
99 266 425
9 106 242
29 339 415
226 323 331
3 83 330
0 347 426
6 83 411
27 142 275
32 70 334
42 145 184
103 228 369
170 333 376
16 179 292
2 17 127
0 387 426
35 58 279
21 171 179
40 259 266
3 37 91
42 145 439
238 283 434
2 25 62
54 409 438
205 232 261
11 337 392
281 365 408
6 83 371
22 109 396
77 121 401
22 78 266
15 107 188
33 212 223
1 152 356
1 152 219
129 220 383
90 120 246
73 143 402
35 97 199
83 117 328
14 300 311
73 125 148
164 211 268
4 172 218
155 316 358
79 350 402
83 330 371
24 95 327
157 190 431
90 274 417
85 211 238
68 120 180
21 30 409
20 290 381
22 193 357
47 94 433
122 315 446
21 69 342
146 199 395
9 103 106
22 75 266
144 262 326
77 167 340
47 86 433
43 157 248
20 335 381
1 238 434
283 368 434
26 114 247
8 87 209
92 142 275
9 172 242
79 165 402
33 234 309
13 36 334
23 332 404
24 66 95
38 58 197
80 112 386
32 334 370
24 112 386
26 86 114
213 258 278
139 333 376
74 210 285
1 356 410
89 105 125
153 169 276
155 316 412
74 103 155
7 120 180
21 136 342
18 77 340
40 78 266
51 260 422
24 66 112
44 241 276
33 223 351
100 182 445
168 269 435
284 377 424
34 36 380
91 328 352
66 80 112
15 197 427
103 132 369
30 54 417
72 122 338
73 143 148
38 111 151
207 230 403
96 281 408
15 38 197
220 331 383
45 239 302
203 335 405
25 294 319
26 94 247
113 391 415
124 207 373
109 272 396
19 92 380
214 374 412
42 124 373
97 196 199
267 318 394
8 145 184
117 286 320
117 286 411
156 227 249
207 325 444
303 313 378
121 185 401
151 188 312
122 420 446
106 124 390
126 275 387
126 275 293
29 126 388
127 206 372
283 320 328
114 131 150
136 183 438
136 183 342
141 330 383
7 41 120
77 121 221
213 237 278
138 189 379
15 72 188
139 177 333
228 307 369
52 96 346
155 172 358
35 146 199
190 365 418
236 277 428
13 19 334
107 151 188
92 380 426
17 127 206
153 169 200
148 257 350
215 349 437
154 189 379
210 243 339
154 256 379
160 191 377
9 155 172
159 293 391
14 212 295
88 160 191
42 45 373
162 223 366
162 246 366
124 184 390
39 140 233
48 164 268
165 318 322
2 17 46
4 172 390
168 224 367
261 308 437
207 230 444
168 301 367
170 314 333
262 326 431
60 69 179
21 30 171
47 317 323
155 166 210
76 304 429
178 183 438
178 313 438
185 293 389
185 293 397
291 330 383
118 190 365
135 190 431
194 229 421
196 261 440
196 261 308
196 199 360
163 199 360
22 305 357
202 276 337
116 209 327
95 209 327
201 210 243
22 193 396
101 214 374
280 282 440
94 247 256
185 260 389
110 232 265
137 138 189
215 237 278
13 36 380
159 293 389
255 281 428
94 256 331
154 256 331
257 350 425
203 228 335
24 225 386
39 71 173
260 359 422
244 260 359
261 349 437
251 267 442
90 289 417
6 80 411
152 267 442
1 238 333
155 166 412
56 269 435
0 126 388
275 293 397
275 387 426
92 275 426
241 276 337
58 245 270
277 294 422
201 277 359
255 277 428
283 328 343
45 239 439
232 263 265
291 331 383
205 282 440
51 294 319
277 359 422
51 294 422
303 378 417
156 304 429
298 310 358
300 313 378
204 317 441
317 384 441
283 320 368
286 320 368
132 325 369
332 334 404
334 354 404
335 347 380
