306 320 436
220 280 364
34 225 284
32 205 461
162 438 463
158 360 390
35 78 259
89 288 383
11 107 163
65 84 340
179 272 299
5 69 474
85 115 207
179 229 238
108 169 207
196 295 299
0 222 270
189 373 445
86 356 363
223 273 455
307 349 365
233 336 366
67 411 465
113 219 436
7 117 488
13 316 334
116 265 334
94 144 359
281 339 401
162 173 384
129 336 366
175 286 454
173 282 384
418 480 483
371 375 400
46 113 335
8 106 379
320 432 436
2 51 219
353 457 477
8 12 257
28 106 200
276 451 454
78 330 396
158 435 453
210 435 453
28 44 390
319 389 405
4 328 409
107 119 250
4 193 328
14 55 471
82 103 288
103 383 388
30 134 151
54 134 151
70 177 237
32 205 481
68 406 473
137 148 290
141 148 318
16 394 480
225 284 344
218 447 486
11 404 469
420 423 433
0 225 270
164 222 270
85 115 216
69 378 469
140 179 272
108 140 426
91 140 272
108 179 229
91 140 426
0 133 216
58 131 498
25 226 278
135 343 407
110 268 285
56 348 492
10 343 407
376 385 446
6 33 190
37 337 479
349 365 431
105 251 307
293 359 431
64 293 494
251 307 321
217 444 492
18 50 88
48 199 440
19 226 339
165 194 397
87 122 316
94 123 144
67 117 411
434 465 477
117 341 411
67 306 488
79 341 411
117 341 490
13 121 452
13 334 470
150 242 310
87 109 316
116 334 421
13 75 109
13 75 316
75 109 316
122 309 334
122 316 334
265 309 334
334 421 470
94 153 359
153 186 359
129 168 188
186 233 336
186 233 359
129 188 422
36 188 313
168 188 313
36 188 228
241 282 384
214 282 287
241 346 384
116 310 421
241 242 282
51 113 219
197 455 493
198 314 408
72 197 493
197 214 287
198 287 408
72 314 335
100 118 355
262 451 478
276 286 454
32 302 481
61 276 358
113 331 358
46 244 358
61 276 302
32 302 461
257 331 377
12 257 331
8 12 172
76 257 377
46 113 358
236 253 398
253 256 398
45 320 432
306 308 434
67 117 488
67 434 465
67 306 434
308 434 477
201 353 457
76 360 379
76 360 377
292 312 457
120 210 234
234 303 312
41 60 239
20 298 441
20 170 298
35 125 259
35 78 396
39 52 301
20 66 441
62 260 387
62 203 457
66 260 387
62 83 387
43 83 246
63 319 389
23 319 405
368 409 482
23 291 405
62 83 203
23 368 409
152 203 352
119 152 352
119 250 409
23 319 409
31 149 177
4 250 409
4 193 250
252 279 414
63 240 389
55 95 240
103 288 383
252 279 471
55 95 471
95 279 471
291 389 405
39 259 301
89 288 305
103 300 459
103 300 388
82 103 114
82 114 180
15 193 250
107 132 250
15 132 250
132 149 163
70 149 177
114 180 459
70 149 163
11 163 350
208 338 447
208 391 447
266 439 486
136 338 447
351 439 486
176 245 340
103 114 459
300 439 459
171 351 486
300 351 439
161 171 351
65 243 443
230 380 462
151 380 462
54 134 161
54 151 462
30 134 323
323 388 450
30 323 450
383 388 450
17 78 330
330 342 396
182 342 396
47 235 380
182 267 396
182 267 304
35 267 396
26 38 267
112 290 473
274 375 424
230 371 375
371 393 400
112 375 400
137 290 473
80 187 394
99 220 364
80 187 324
187 220 324
80 394 437
80 86 324
143 480 483
0 133 225
143 416 483
68 104 406
68 137 473
202 243 371
57 202 433
154 185 249
24 340 423
24 245 340
84 161 171
84 176 340
218 391 447
11 208 350
208 338 350
59 218 391
139 420 485
59 154 185
5 69 469
97 139 249
85 474 489
85 207 474
381 420 423
97 139 449
34 225 449
97 449 489
133 225 449
0 184 222
164 222 332
115 167 426
108 140 179
81 91 204
81 91 426
91 184 204
378 404 469
325 404 429
108 169 412
115 167 216
345 354 412
107 132 163
294 345 412
179 238 299
21 238 299
98 315 476
272 299 476
91 272 297
184 222 332
138 196 247
56 285 333
138 174 183
142 269 332
142 297 332
382 417 428
49 155 329
49 131 155
49 58 131
183 221 497
92 442 458
74 131 498
361 458 498
102 264 442
157 226 275
192 278 444
226 278 339
110 268 407
56 285 348
209 268 407
74 131 367
155 329 343
10 155 248
10 155 343
49 147 329
42 147 329
135 280 382
135 215 407
189 215 373
156 364 445
220 280 382
156 280 364
100 374 495
53 141 355
262 430 451
262 317 478
100 374 493
118 355 475
53 100 355
100 118 493
189 419 445
99 362 495
374 484 495
224 362 495
224 484 495
128 322 419
71 254 263
128 263 322
110 166 407
71 227 254
227 254 385
251 321 472
77 261 337
29 37 374
29 223 455
228 261 463
77 232 261
77 105 337
105 307 365
228 232 261
96 232 422
64 293 359
6 190 464
22 64 494
18 88 181
64 359 369
165 194 401
3 410 440
18 181 464
22 448 494
3 33 283
3 283 403
206 217 444
3 403 410
124 403 410
73 192 278
73 191 192
73 278 339
73 281 339
50 88 194
165 339 401
19 369 397
19 165 339
19 165 397
118 475 493
386 472 479
251 472 479
11 469 496
415 437 480
394 437 480
34 433 449
357 431 467
430 451 454
258 424 481
175 424 481
289 416 468
415 418 483
344 415 416
243 371 462
230 371 462
367 370 466
362 419 445
362 364 445
99 362 364
448 460 487
96 359 422
233 359 422
276 358 451
317 355 478
300 351 388
323 351 388
343 382 428
135 343 382
202 340 433
340 423 433
327 433 468
325 378 404
361 442 458
324 417 428
308 320 477
320 353 477
319 328 409
318 326 394
16 318 394
98 315 497
311 332 356
212 310 491
306 308 320
89 305 330
205 304 481
304 461 499
213 304 342
182 304 342
303 312 457
44 303 457
44 303 390
158 303 390
302 331 461
307 321 425
296 439 459
266 296 439
198 287 314
277 381 423
57 289 433
273 438 463
223 273 463
272 297 392
272 315 392
272 315 476
225 270 344
270 344 415
26 267 499
136 266 338
266 296 338
263 385 446
62 260 457
260 292 457
253 256 490
159 256 452
97 249 489
248 333 466
246 301 389
83 246 387
66 246 387
86 324 428
27 244 335
243 443 462
65 243 340
240 301 389
158 239 360
237 296 459
70 237 338
236 253 490
2 236 306
7 236 306
235 330 342
234 303 453
210 234 453
96 232 467
231 310 421
47 230 274
230 274 375
188 228 422
228 232 422
227 376 385
142 297 497
277 381 420
157 226 247
224 321 484
223 261 463
327 416 468
58 221 498
183 221 361
2 219 306
217 227 348
85 216 489
216 449 489
284 327 433
215 373 445
135 215 280
156 215 280
214 347 438
197 214 438
213 304 481
22 448 487
47 213 235
211 464 487
190 211 464
211 349 431
211 293 431
9 211 293
86 147 363
61 302 331
98 299 476
148 262 430
34 284 433
80 86 356
79 372 465
42 329 343
80 311 437
6 181 464
48 194 199
77 105 365
0 167 216
77 126 357
354 402 412
271 469 496
84 176 486
37 386 479
73 93 281
367 458 498
71 283 403
25 111 444
109 395 413
119 409 482
71 124 403
11 107 404
330 383 450
51 113 408
65 443 462
43 291 389
59 154 271
64 194 397
50 64 194
63 279 414
27 72 493
18 50 64
64 369 397
60 158 239
125 246 441
213 258 481
58 221 269
246 259 301
147 356 399
58 147 399
59 185 218
57 202 371
63 95 279
57 371 393
60 210 435
102 111 275
105 337 479
53 326 456
227 348 376
53 141 326
159 231 256
128 224 419
21 294 412
17 305 330
133 216 449
98 183 497
187 220 394
54 84 161
71 128 263
196 226 247
128 195 425
297 392 497
166 189 419
47 213 258
11 59 208
200 201 457
150 242 313
131 155 248
39 52 259
107 404 429
38 41 267
18 22 64
197 273 455
128 224 321
3 88 440
333 370 466
35 41 267
124 191 206
220 324 417
14 288 305
2 130 236
105 251 479
77 357 467
63 328 414
268 285 333
57 104 289
33 307 425
79 121 413
87 122 127
27 475 493
235 380 427
63 319 328
48 124 440
148 317 355
77 232 467
15 31 149
15 132 149
36 346 384
18 464 487
14 55 301
136 266 447
8 106 200
415 418 480
12 113 432
12 113 331
241 242 313
26 146 461
327 344 416
16 137 148
13 159 470
35 41 298
205 304 461
14 52 301
79 452 490
41 60 210
83 203 368
209 268 333
173 214 282
9 448 494
147 356 363
129 233 366
9 460 487
29 223 261
14 82 288
89 330 383
116 310 491
48 93 124
239 360 377
315 392 497
5 249 489
66 246 441
178 292 312
27 358 451
150 212 310
42 86 147
112 175 375
7 117 490
248 367 466
169 207 325
90 99 100
15 31 328
14 17 305
209 248 407
213 235 342
17 78 259
43 83 368
7 306 488
163 338 350
190 211 349
220 326 394
9 448 460
128 321 425
27 244 358
282 287 408
1 242 282
40 241 346
256 452 490
5 474 489
5 154 249
8 76 379
33 195 283
30 330 427
164 270 311
54 65 462
5 271 469
47 274 424
107 255 402
130 231 256
148 290 430
79 341 490
27 72 335
197 273 438
84 171 486
15 193 328
254 263 385
30 151 380
129 233 422
157 174 361
16 137 480
1 282 408
270 311 437
21 229 238
9 211 487
5 154 271
20 178 260
91 297 332
174 183 361
12 45 432
123 372 465
61 331 358
235 330 427
14 82 471
53 90 456
18 22 487
28 44 457
20 120 178
14 17 52
59 271 496
56 444 492
37 261 337
55 240 301
13 159 452
160 277 423
31 82 471
80 311 356
27 451 478
166 322 419
116 153 491
63 95 240
25 278 444
23 43 368
93 194 281
91 184 332
31 328 414
45 320 353
58 269 399
30 380 427
120 170 210
231 421 470
6 33 181
59 208 391
26 461 499
47 258 424
20 66 260
47 230 380
37 374 386
9 293 494
27 475 478
108 229 412
224 362 419
82 177 180
20 120 170
29 37 261
31 82 177
29 374 493
26 38 146
46 244 335
57 393 406
31 252 471
30 330 450
42 343 428
54 65 84
11 59 496
31 252 414
113 314 408
221 361 498
35 125 298
146 331 377
36 162 384
169 402 412
79 372 395
49 58 147
131 248 367
36 241 313
202 243 340
36 40 241
43 246 389
36 40 346
38 239 377
107 354 402
142 221 497
16 148 318
8 76 257
166 189 407
38 146 377
92 367 458
38 41 239
290 430 454
42 86 428
87 127 395
110 285 348
71 128 195
164 311 332
276 286 302
194 281 401
92 264 442
69 378 474
106 379 390
93 124 191
48 93 194
266 447 486
2 51 101
53 90 100
159 231 470
12 45 172
1 101 408
152 368 482
270 415 437
96 431 467
196 294 299
96 359 431
267 304 499
98 138 183
98 295 299
99 100 495
3 88 181
99 220 456
101 231 242
101 130 231
94 153 309
51 101 408
102 275 442
102 264 333
170 210 298
102 111 444
56 102 444
355 475 478
104 137 143
68 104 137
23 43 291
104 289 416
104 143 416
45 172 353
1 101 242
107 255 429
108 115 426
108 115 207
109 121 413
13 109 121
125 246 259
87 109 395
264 333 370
110 348 376
141 148 355
111 226 275
145 321 484
21 229 412
25 111 226
393 400 406
220 326 456
112 406 473
112 290 454
289 433 468
113 314 335
145 374 484
269 356 399
113 432 436
209 248 333
116 153 265
207 378 474
119 152 482
120 234 312
124 410 440
180 237 459
92 367 370
157 361 442
122 123 309
122 123 127
186 212 336
94 123 309
284 327 344
231 242 310
123 144 465
175 286 302
124 206 217
124 217 227
28 106 390
237 296 338
112 400 406
125 298 441
79 395 413
98 138 295
126 357 431
127 372 395
173 347 438
74 367 498
112 175 454
220 382 417
129 150 212
129 150 168
157 275 442
129 212 336
71 124 227
130 236 398
130 256 398
217 348 492
24 160 423
79 411 465
160 185 420
137 143 480
138 157 247
138 157 174
219 306 436
138 196 295
57 104 406
139 185 485
139 185 249
139 433 449
139 420 433
162 228 463
167 204 426
141 318 326
88 194 440
160 277 420
142 221 269
166 263 322
71 195 283
79 121 452
29 455 493
145 374 386
145 386 472
148 262 317
2 101 130
150 168 313
269 332 356
56 102 333
191 192 444
152 203 368
17 52 259
153 265 309
33 195 425
21 294 299
162 173 438
158 303 453
90 99 456
160 176 245
160 176 486
160 218 486
169 255 429
134 161 323
8 172 353
81 204 426
33 190 307
161 323 351
3 33 181
70 163 338
123 127 372
166 263 446
110 166 376
166 376 446
167 184 204
0 167 184
169 255 402
169 325 429
72 197 314
10 248 407
153 186 491
77 126 365
173 214 347
41 210 298
175 302 481
175 375 424
146 331 461
177 180 237
126 365 431
120 178 312
156 215 445
160 185 218
186 212 491
178 260 292
60 158 435
24 160 245
189 215 407
360 379 390
73 93 191
145 321 472
36 162 228
190 307 349
191 206 444
194 199 440
197 287 314
8 200 353
200 201 353
28 200 457
7 236 490
92 264 370
415 416 483
207 325 378
185 420 485
