306 320 436
220 280 364
65 202 340
32 205 461
7 117 253
289 327 416
141 148 317
162 438 463
54 65 161
330 342 427
158 360 390
35 78 259
193 328 414
65 84 161
65 84 340
179 272 299
112 400 473
5 69 474
11 107 429
85 115 207
11 271 469
179 229 238
108 169 207
196 295 299
0 222 270
451 475 478
307 349 365
233 336 366
386 479 484
135 382 428
2 7 488
113 219 436
7 117 488
79 372 411
94 144 359
281 339 401
214 282 347
150 168 212
175 286 454
8 257 379
1 51 408
262 290 430
46 113 335
320 432 436
2 51 219
45 353 477
45 308 477
353 457 477
8 12 257
28 106 200
8 201 353
78 330 396
210 435 453
4 328 409
107 119 250
63 279 328
4 193 328
14 55 471
103 383 388
30 134 151
89 330 450
70 177 237
65 202 243
32 205 481
112 375 424
42 417 428
141 148 318
16 394 480
68 104 143
11 271 496
164 222 270
85 115 216
69 378 469
107 402 429
255 402 412
140 179 272
108 179 229
49 147 399
0 133 216
285 348 376
25 226 278
275 361 458
56 102 111
56 348 492
10 343 407
285 333 466
128 224 362
189 322 419
128 145 321
128 224 484
77 96 467
88 181 440
6 33 190
37 337 479
349 365 431
211 307 349
3 6 33
18 50 88
48 199 440
88 199 440
96 233 359
22 464 487
87 122 316
123 144 372
79 123 372
434 465 477
117 253 490
13 121 452
159 242 256
13 334 470
150 242 310
13 75 316
75 109 316
94 265 309
265 309 334
94 153 265
334 421 470
94 153 359
153 186 359
129 168 188
186 233 336
186 233 359
129 188 422
36 188 313
168 188 313
188 232 422
162 347 438
173 282 347
214 282 287
159 242 470
116 310 421
231 242 256
51 113 219
1 51 101
197 455 493
198 314 408
1 101 282
162 173 347
223 438 463
197 214 287
198 287 408
197 198 287
72 198 314
27 244 276
290 430 451
175 286 481
27 276 451
32 302 481
46 244 358
32 302 461
257 331 377
12 257 331
158 360 377
106 360 379
12 432 436
8 12 172
76 257 377
76 257 379
12 331 436
113 331 436
2 7 236
12 172 432
8 45 353
8 45 172
45 306 320
67 117 488
308 434 477
201 353 457
76 360 379
28 106 360
76 360 377
28 360 390
44 303 453
120 178 292
234 303 312
210 303 453
60 239 435
120 178 210
35 38 239
41 170 298
125 246 298
170 178 210
20 170 298
41 125 298
17 52 78
125 246 301
39 52 301
20 170 178
62 203 457
66 260 387
43 83 246
43 246 301
23 319 405
368 409 482
152 409 482
23 368 409
152 203 352
119 250 409
31 149 177
4 250 409
4 193 250
15 31 252
252 279 414
279 328 414
63 240 389
55 95 240
55 95 471
43 291 301
14 52 55
82 114 180
82 177 237
31 132 149
15 31 132
107 132 250
70 237 296
82 180 237
70 149 177
114 180 459
136 266 296
70 296 338
136 296 338
208 391 447
266 439 486
136 338 447
351 439 486
176 245 340
136 266 486
103 114 459
171 351 486
300 351 439
65 243 443
230 380 462
30 134 323
17 78 330
330 342 396
182 342 396
235 342 427
47 235 380
182 213 342
182 267 396
26 38 267
112 290 473
175 258 424
274 375 424
393 400 473
112 375 400
112 175 424
137 290 473
318 326 456
80 187 394
90 141 318
141 317 355
90 318 456
90 220 456
80 187 324
80 86 437
80 394 437
34 284 327
289 327 468
104 289 406
143 416 483
289 393 406
393 406 473
202 243 371
160 176 218
154 185 249
171 176 486
84 176 340
59 160 218
11 208 350
139 420 485
154 271 496
5 69 469
154 249 271
97 474 489
34 225 449
97 449 489
133 449 489
133 225 449
81 167 426
115 167 426
91 184 204
378 404 469
325 404 429
107 402 412
115 167 216
81 167 204
255 402 429
107 132 163
179 238 299
98 138 196
98 315 476
272 299 476
21 196 294
98 196 295
157 196 247
157 174 247
138 174 183
297 315 476
98 315 392
142 269 332
98 392 497
164 311 356
311 356 437
142 297 332
269 332 399
42 147 363
356 363 399
147 363 399
382 417 428
49 155 329
42 86 363
49 131 155
49 58 131
58 183 221
92 442 458
74 458 498
361 458 498
275 442 458
111 275 442
157 196 226
192 278 444
209 248 268
268 285 466
110 268 407
56 285 348
209 268 407
166 189 322
10 209 407
367 370 458
74 367 458
74 131 367
92 370 458
248 367 370
155 329 343
10 155 343
49 147 329
42 147 329
135 280 382
135 215 407
189 215 373
220 280 382
156 280 364
100 374 495
53 141 355
262 317 478
53 100 355
53 90 141
189 419 445
128 362 445
128 419 445
128 145 484
128 322 419
128 263 322
110 376 446
110 166 407
110 166 446
33 283 425
77 261 337
145 386 484
29 37 374
228 261 463
77 105 337
251 337 479
105 307 365
96 232 422
357 365 431
22 448 460
6 190 464
22 460 487
190 464 487
293 448 494
18 88 181
50 64 369
64 359 369
165 194 401
18 22 50
3 33 283
195 283 425
124 403 410
48 93 440
93 191 440
73 192 278
73 191 192
73 278 339
73 281 339
50 88 194
50 369 397
88 194 199
165 339 401
19 369 397
19 165 339
19 165 397
118 475 493
386 472 479
251 472 479
34 433 449
357 431 467
262 430 478
11 429 469
344 415 416
67 411 434
411 434 465
326 394 456
158 377 453
375 393 400
37 374 479
374 479 484
230 371 462
243 371 443
371 443 462
291 368 405
357 365 467
356 363 437
404 429 469
99 362 364
64 359 494
317 355 478
152 352 409
300 351 388
323 351 388
208 350 447
348 385 446
228 346 463
346 384 463
121 341 452
327 433 468
318 326 394
16 318 394
87 316 413
212 310 491
122 309 316
211 307 487
190 307 487
307 321 472
251 307 472
105 307 337
89 305 383
89 305 330
205 304 481
304 461 499
303 312 457
44 303 457
302 331 461
307 321 425
266 296 439
296 300 459
57 289 371
286 451 454
286 302 481
3 283 410
283 403 410
156 280 373
277 381 423
57 289 433
47 274 380
230 274 371
225 270 344
270 344 415
269 392 497
142 269 392
110 268 376
248 268 370
26 267 499
116 265 421
265 334 421
263 385 446
62 260 457
260 292 457
253 256 490
159 256 452
227 254 348
377 435 453
83 246 387
66 246 387
237 296 459
381 420 433
230 274 380
71 227 283
227 283 403
157 226 361
226 275 361
224 374 495
224 374 484
223 261 463
164 222 399
220 394 456
2 219 306
85 216 474
135 215 280
214 347 438
197 214 273
213 304 481
182 213 267
213 267 304
47 213 235
168 212 336
211 349 431
211 293 431
9 211 293
348 376 446
102 111 264
61 302 331
98 299 476
214 273 438
81 140 426
42 329 343
6 181 464
48 194 199
77 105 365
0 167 216
343 407 428
77 126 467
5 249 271
75 109 121
67 117 490
108 179 426
5 139 474
73 93 281
25 111 444
77 96 261
69 85 474
79 123 127
293 431 467
65 443 462
13 75 121
101 241 242
293 359 494
27 72 493
41 60 170
60 170 435
100 355 475
59 391 447
103 305 383
213 258 481
72 198 493
58 221 269
66 260 292
133 474 489
394 418 480
338 350 447
57 202 423
57 202 371
63 95 279
80 324 382
174 361 498
66 178 292
52 55 301
54 151 380
63 389 405
51 314 408
21 294 412
239 377 435
17 305 330
51 72 314
51 72 113
19 226 278
22 50 448
50 448 494
87 395 413
202 245 340
98 183 497
187 220 394
103 288 305
49 58 269
128 195 425
300 388 459
23 63 328
47 213 258
70 132 163
46 331 358
200 201 457
97 139 420
150 242 313
61 244 358
131 155 248
39 52 259
44 200 457
197 273 455
43 291 368
42 382 417
333 370 466
124 191 206
14 288 305
57 423 433
33 307 425
39 125 301
103 388 459
35 41 259
79 121 413
87 122 127
61 276 286
54 380 462
91 297 476
291 301 405
27 475 493
108 255 412
68 143 473
67 341 411
124 217 348
296 300 439
13 309 316
34 225 344
13 309 334
241 242 313
26 146 461
327 344 416
24 202 245
36 232 261
13 159 470
58 74 131
205 304 461
28 44 200
11 59 391
137 262 290
120 234 303
83 203 368
36 228 346
85 207 404
34 327 433
129 233 366
9 460 487
29 223 261
14 82 288
116 310 491
0 222 332
9 293 448
254 348 385
39 125 259
41 125 259
50 165 194
38 267 396
66 246 441
22 181 464
150 212 310
48 93 281
242 421 470
169 207 325
90 99 364
418 437 483
14 17 305
213 235 342
43 83 368
163 338 350
106 200 379
9 448 460
227 254 263
72 113 335
23 328 409
128 321 425
58 74 498
11 59 154
135 407 428
282 287 408
29 100 118
56 102 285
5 139 249
40 241 346
256 452 490
136 176 486
133 225 270
55 240 389
24 202 423
30 330 427
48 194 281
164 270 311
54 65 462
5 271 469
47 274 424
18 22 181
130 231 256
121 341 411
34 284 344
187 324 382
3 6 181
254 263 385
30 151 380
157 174 361
268 285 376
175 258 481
1 282 408
270 311 437
21 229 238
83 203 387
9 211 487
45 67 306
42 86 382
28 158 390
134 161 171
19 278 339
58 183 498
45 308 434
91 297 332
30 235 427
122 127 309
2 67 488
107 294 412
61 331 358
14 82 471
20 246 441
27 72 244
62 203 260
35 41 60
86 363 437
29 273 438
14 17 52
53 99 100
37 261 337
13 159 452
160 277 423
31 82 471
11 154 496
2 67 306
30 235 380
67 341 490
8 201 379
30 323 388
63 319 405
20 246 298
116 153 491
242 310 421
96 293 467
63 95 240
25 278 444
91 184 332
35 60 239
23 63 319
30 388 450
100 118 475
96 293 359
27 451 475
7 253 398
0 184 332
289 371 393
102 285 333
26 461 499
47 258 424
55 301 389
69 85 378
29 273 455
119 352 409
206 444 492
276 286 451
61 286 302
50 64 494
28 44 453
108 229 412
29 37 261
29 118 493
31 82 177
29 223 438
26 38 146
46 244 335
31 252 471
301 389 405
30 330 450
42 343 428
120 210 303
200 201 379
72 244 335
92 333 370
101 130 236
394 418 437
61 244 276
7 236 398
11 107 350
146 331 377
0 133 270
36 188 232
131 248 367
36 241 313
36 40 241
36 228 261
36 40 346
38 239 377
341 452 490
16 148 318
166 189 407
35 38 78
38 146 377
38 78 396
50 165 397
130 253 256
137 148 262
156 362 445
87 127 395
53 90 99
45 172 320
80 86 382
89 383 388
71 128 195
91 204 272
222 332 399
90 220 364
91 272 476
194 281 401
92 111 442
92 111 264
420 433 449
2 51 101
95 252 279
95 252 471
96 129 233
96 129 422
96 232 261
152 368 482
270 415 437
215 280 373
137 148 480
274 371 375
97 420 449
267 304 499
98 138 183
23 368 405
98 295 299
99 100 495
99 224 362
99 224 495
101 231 242
101 130 231
2 101 236
101 241 282
102 264 333
111 444 492
355 475 478
52 78 259
11 208 391
104 289 416
104 143 416
104 406 473
79 121 411
107 294 345
430 451 478
107 345 354
107 163 350
108 115 426
108 115 207
108 169 255
109 121 413
193 252 414
10 155 209
268 370 466
111 226 275
21 229 412
46 113 331
25 111 226
176 218 447
56 111 492
112 290 451
112 451 454
289 433 468
137 143 473
371 375 393
103 114 288
82 114 288
116 153 265
174 183 498
29 100 374
415 437 483
120 234 312
124 410 440
120 312 457
180 237 459
120 292 457
129 168 366
94 127 309
186 212 336
284 327 344
21 196 238
124 206 217
124 227 403
124 227 348
124 191 440
79 395 413
94 127 144
128 227 263
71 128 227
112 175 454
183 221 269
206 217 492
130 236 398
130 253 398
15 132 193
132 193 250
133 216 474
173 241 282
140 204 272
217 348 492
24 160 423
156 189 373
136 176 447
59 218 447
137 143 480
219 306 436
139 185 485
139 185 249
97 139 474
81 140 204
381 423 433
185 381 420
123 127 144
142 297 315
251 307 337
142 315 392
166 263 322
71 195 283
143 418 483
143 418 480
144 372 411
3 181 410
174 196 247
29 455 493
161 171 176
145 386 472
148 262 317
16 148 480
150 168 313
160 185 277
89 388 450
134 151 161
54 151 161
191 192 444
152 203 368
154 160 185
59 154 160
155 209 248
156 189 445
156 362 364
172 320 432
68 104 473
160 176 245
84 161 176
169 255 429
33 190 307
70 163 338
164 356 399
166 263 446
173 346 384
167 184 204
0 167 184
169 325 429
79 127 395
170 210 435
134 171 323
28 158 453
171 323 351
153 186 491
77 126 365
92 264 333
173 241 346
85 378 404
162 173 463
173 384 463
138 174 196
45 67 434
146 331 461
207 325 404
66 178 441
20 178 441
140 179 426
126 365 467
181 410 440
183 269 497
15 193 252
185 277 381
186 212 491
187 220 382
24 160 245
189 215 407
73 93 191
70 132 149
145 321 472
191 206 444
196 238 299
49 269 399
197 198 493
144 411 465
109 316 413
168 336 366
203 260 387
415 416 483
185 420 485
