306 320 436
121 452 490
160 176 277
220 280 364
65 202 340
32 205 461
7 117 253
162 438 463
330 342 427
158 360 390
35 78 259
65 84 161
65 84 340
179 272 299
85 115 207
179 229 238
108 169 207
16 143 480
311 415 437
451 475 478
233 336 366
135 382 428
2 7 488
130 231 398
113 219 436
7 117 488
87 121 413
79 372 411
281 339 401
214 282 347
150 168 212
129 336 366
101 242 282
418 480 483
175 205 304
320 432 436
2 51 219
45 353 477
45 308 477
353 457 477
144 372 465
8 201 353
61 302 461
276 286 481
175 258 304
35 41 239
210 435 453
28 44 390
125 259 301
319 389 405
107 119 250
63 279 328
14 288 471
63 240 279
103 383 388
30 134 151
202 371 393
57 289 468
34 420 449
57 202 393
65 202 243
213 258 424
137 148 290
141 148 318
11 404 469
420 423 433
85 133 489
0 225 270
255 325 429
11 404 429
140 179 272
108 179 229
157 275 361
0 133 216
58 221 399
157 174 183
58 131 498
25 226 278
227 348 492
56 102 111
128 224 362
189 322 419
128 145 321
118 451 475
128 224 484
376 385 446
128 195 321
88 181 440
6 33 190
64 293 494
251 307 321
18 50 88
48 199 440
19 226 339
88 199 440
96 233 359
94 123 127
123 127 395
87 121 395
123 144 372
94 123 144
434 465 477
372 411 465
117 253 490
79 121 395
79 341 411
117 341 490
13 121 452
168 241 313
13 334 470
116 334 421
13 75 316
75 109 316
265 309 334
334 421 470
153 265 491
153 186 336
153 186 359
186 233 336
186 233 359
129 188 422
36 40 228
168 188 313
40 313 346
40 228 346
214 282 287
116 150 310
116 150 212
116 310 421
51 113 219
197 455 493
198 314 408
1 101 282
162 173 347
197 347 455
273 438 455
223 438 463
72 314 335
118 451 493
262 451 478
27 276 451
61 276 358
27 451 493
46 244 358
257 331 377
12 257 331
76 257 377
2 306 436
2 7 236
2 219 436
45 306 320
67 117 488
308 434 477
201 353 457
44 312 457
66 178 260
120 234 292
120 210 234
234 303 312
44 303 312
60 239 435
35 38 239
41 60 239
41 170 298
125 246 298
20 298 441
20 170 298
41 125 298
35 125 259
35 41 125
125 246 301
246 298 441
43 83 203
83 246 441
20 66 441
66 83 441
62 260 387
62 203 457
62 292 457
66 260 387
66 83 387
43 203 291
23 291 368
43 83 246
63 319 389
152 203 352
152 203 482
203 368 482
203 291 368
31 149 177
4 250 409
15 193 414
4 193 250
252 279 414
279 328 414
63 240 389
252 279 471
95 279 471
291 389 405
39 259 301
39 78 259
14 52 55
82 288 471
82 103 114
82 114 180
82 177 237
31 132 149
15 31 132
107 132 250
132 149 163
82 180 237
266 296 459
70 149 163
70 338 350
70 163 350
208 338 447
208 391 447
136 338 447
103 114 459
300 351 439
65 243 443
151 380 462
230 375 380
30 134 323
323 388 450
30 323 450
30 427 450
235 342 427
47 235 380
47 213 274
182 267 396
26 38 267
26 146 499
182 213 304
205 304 499
213 258 304
175 258 424
112 175 290
47 235 342
230 371 375
112 375 400
137 290 473
16 318 326
80 187 324
187 220 324
80 86 437
80 86 324
187 326 394
143 480 483
225 344 415
164 311 415
86 356 437
0 133 225
225 270 415
139 420 449
34 327 468
34 284 327
143 416 483
202 243 371
160 176 218
202 340 423
202 423 433
34 433 468
24 340 423
24 245 340
11 208 350
208 338 350
59 154 185
11 208 496
169 378 404
154 249 271
97 139 249
85 474 489
381 420 423
34 420 433
97 139 449
34 225 449
97 449 489
85 133 216
164 222 332
115 167 426
81 91 204
0 184 204
169 255 325
378 404 469
325 404 429
108 169 412
107 402 412
169 325 404
345 354 412
107 354 412
107 132 163
294 345 412
179 238 299
21 238 299
272 299 476
184 222 332
138 174 247
157 196 247
138 196 247
157 174 247
138 174 183
98 315 392
142 269 332
98 392 497
311 356 437
382 417 428
135 343 428
155 248 367
49 58 399
157 183 361
49 58 131
221 269 399
183 221 497
92 442 458
131 155 367
74 458 498
74 131 498
361 458 498
248 370 466
157 226 275
157 196 226
278 444 492
25 226 275
226 278 339
217 227 492
56 278 492
166 189 322
166 215 407
74 131 367
248 367 370
155 329 343
10 155 248
10 155 343
135 215 407
189 215 373
71 195 403
156 364 445
195 321 425
99 364 445
220 280 382
156 280 364
100 374 495
53 141 355
262 317 478
53 100 355
189 419 445
128 362 445
99 362 445
99 362 495
90 99 495
224 362 495
128 419 445
128 145 484
128 322 419
71 254 263
128 263 322
110 376 446
166 189 215
251 321 472
33 283 425
33 321 425
321 386 472
145 321 386
29 37 374
29 37 223
37 223 463
228 261 463
77 232 261
77 105 337
126 357 467
105 307 365
96 232 422
96 357 467
9 211 349
22 448 460
22 460 487
190 211 487
293 448 494
18 88 181
165 194 401
18 181 464
18 22 50
22 448 494
3 33 283
3 283 403
195 283 425
195 283 403
3 403 410
124 403 410
93 281 401
48 93 440
191 192 206
93 191 281
73 192 278
73 191 192
73 278 339
73 281 339
73 191 281
165 339 401
19 369 397
19 165 339
386 472 479
251 472 479
11 469 496
37 463 479
302 461 481
175 454 481
394 437 480
289 416 468
416 437 483
415 416 437
344 415 416
411 434 465
166 407 446
110 407 446
208 391 496
230 380 443
158 377 453
375 393 400
123 372 395
243 371 443
220 364 456
90 364 456
275 361 442
152 352 482
300 351 388
323 351 388
228 346 463
346 384 463
341 411 434
16 326 480
361 442 458
86 324 417
262 317 430
311 332 356
122 309 316
251 307 479
105 307 337
89 305 383
89 305 330
44 303 390
158 303 390
119 352 482
9 293 349
23 291 319
197 287 347
198 287 314
286 451 454
242 282 310
156 280 373
277 381 423
274 375 380
47 274 380
29 273 374
272 297 392
272 315 392
110 268 376
268 348 376
26 267 499
136 266 338
266 300 459
266 300 439
263 385 446
262 430 454
253 256 490
159 256 452
159 256 421
256 310 421
377 435 453
250 409 482
97 249 489
249 420 485
246 301 389
24 277 423
43 246 291
176 245 277
173 241 347
241 282 347
150 241 310
240 301 389
234 312 457
234 303 453
210 234 453
96 232 467
231 253 398
231 253 256
227 376 385
142 297 497
277 381 420
133 225 489
225 449 489
224 374 495
67 341 434
222 270 415
327 416 468
58 221 498
183 221 361
187 220 326
135 215 382
215 280 382
213 274 375
212 265 334
102 111 264
86 147 363
98 299 476
84 245 340
4 23 328
81 140 426
141 290 430
82 103 383
79 121 490
42 329 343
77 261 463
6 181 464
48 194 199
77 105 365
0 167 216
185 277 420
76 158 377
5 249 271
75 109 121
37 386 479
108 179 426
56 285 492
196 294 295
71 217 227
230 371 443
70 180 296
69 169 207
71 124 403
16 143 318
80 187 437
20 66 170
40 188 313
13 75 121
106 200 360
59 154 271
64 194 397
50 64 194
70 266 296
62 120 292
64 369 397
41 60 170
60 170 435
100 355 475
5 69 207
59 391 447
59 185 218
68 104 416
227 348 376
76 106 379
53 141 326
51 314 408
49 147 363
21 294 412
239 377 435
17 305 330
22 50 494
39 55 240
98 183 497
110 209 268
68 143 416
49 363 399
214 287 347
71 128 263
300 388 459
23 63 328
297 392 497
71 124 217
46 331 358
200 201 457
77 337 463
46 51 113
326 394 480
293 359 369
293 357 431
333 370 466
114 180 296
82 288 383
5 378 469
182 267 499
124 191 206
61 331 461
220 324 417
14 288 305
2 130 236
187 394 437
90 326 456
36 40 188
107 350 429
268 285 333
61 302 481
57 104 289
103 388 459
70 180 237
87 122 127
42 49 147
126 232 467
17 182 330
235 380 427
68 143 473
39 240 301
47 182 213
18 464 487
21 108 412
5 85 207
24 245 277
17 78 396
136 266 447
13 309 316
34 225 344
13 309 334
74 92 367
327 344 416
36 232 261
13 159 470
19 165 194
21 108 229
50 194 199
209 268 333
17 182 396
62 120 260
9 460 487
76 158 360
64 293 369
10 135 407
56 111 278
14 55 95
23 368 482
9 293 448
23 409 482
50 88 199
5 249 489
11 350 429
38 267 396
25 275 442
98 183 295
42 86 147
112 175 375
70 149 237
90 99 364
89 427 450
418 437 483
14 17 305
209 248 407
76 106 360
6 464 487
55 240 279
10 135 343
54 151 443
190 211 349
106 200 379
53 90 326
9 448 460
4 193 414
266 351 439
4 23 409
27 244 358
81 91 140
100 273 374
91 140 297
39 52 55
56 102 285
256 452 490
175 430 454
5 474 489
0 167 204
162 438 455
8 76 379
212 265 491
307 365 431
61 276 481
380 443 462
79 341 490
34 284 344
4 328 414
84 176 245
254 263 385
30 151 380
5 69 378
27 276 358
1 282 408
8 172 432
100 273 455
21 229 238
83 203 387
9 211 487
5 85 474
45 67 306
418 437 480
5 469 496
96 129 366
45 308 434
122 127 309
2 67 488
59 391 496
98 272 315
85 115 167
61 331 358
0 184 270
27 72 244
74 92 458
18 22 487
28 44 457
29 273 438
14 17 52
59 271 496
13 159 452
291 319 405
31 82 471
5 271 496
71 254 385
32 175 481
70 266 338
268 285 348
2 67 306
200 360 390
8 201 379
112 290 400
307 349 431
213 375 424
161 171 323
23 63 319
114 296 459
100 118 475
96 293 359
7 253 398
30 380 427
120 170 210
87 122 413
85 167 216
141 317 430
17 39 78
102 285 333
6 33 181
107 169 255
98 272 476
241 282 310
69 169 378
27 197 493
89 330 427
173 313 346
27 72 197
206 444 492
276 286 451
66 170 178
50 64 494
31 82 177
29 223 438
26 38 146
46 244 335
57 393 406
31 252 471
42 343 428
51 314 335
200 201 379
31 252 414
72 244 335
33 307 321
188 212 491
288 305 383
221 361 498
7 236 398
37 145 386
146 331 377
169 402 412
79 372 395
36 228 261
294 295 299
38 239 377
6 190 487
149 177 237
36 188 422
37 145 484
37 224 484
142 221 497
8 76 257
67 117 341
139 249 420
35 38 78
38 146 377
38 78 396
47 182 342
32 175 205
86 356 399
86 363 399
42 86 428
71 227 385
86 417 428
87 127 395
45 172 320
89 383 388
71 128 195
90 100 495
55 95 279
164 311 332
92 264 442
93 124 440
93 124 191
93 194 401
48 93 194
137 143 148
266 447 486
2 51 101
53 90 100
96 129 422
1 101 408
96 233 366
175 290 430
215 280 373
107 169 402
150 168 241
98 295 299
231 256 310
101 231 242
101 130 231
94 153 309
51 101 408
102 264 333
355 475 478
104 400 473
104 400 406
104 289 416
94 144 153
45 172 353
107 255 429
234 292 457
107 163 350
108 115 426
307 337 479
108 115 207
141 148 290
109 121 413
110 209 407
25 111 278
264 333 370
46 113 331
176 218 447
111 264 442
393 400 406
220 326 456
120 170 178
269 356 399
113 432 436
137 143 473
371 375 393
113 331 432
100 118 455
118 455 493
119 250 482
120 178 260
124 410 440
92 367 370
94 127 309
192 206 278
17 39 52
19 194 397
164 222 415
284 327 344
231 242 310
124 206 217
142 184 332
182 330 342
32 461 481
77 126 232
266 351 486
126 357 431
116 212 334
49 131 329
220 382 417
129 153 336
206 217 492
129 153 188
130 236 398
131 155 329
15 132 193
132 193 250
12 331 432
156 189 373
59 218 447
146 205 499
246 291 389
138 196 295
46 51 335
57 104 406
28 200 390
167 204 426
140 272 297
141 318 326
141 355 478
141 317 478
142 184 297
142 221 269
206 278 444
143 148 318
166 263 322
144 153 359
3 181 410
161 171 176
286 454 481
146 205 461
91 204 297
2 101 130
96 293 357
160 185 277
269 332 356
89 388 450
134 151 161
54 151 161
14 95 471
151 443 462
153 188 491
337 463 479
153 265 309
15 31 414
154 249 485
290 400 473
154 185 485
156 189 445
293 349 431
172 320 432
21 294 299
158 303 453
68 104 473
159 421 470
84 161 176
134 161 323
8 172 353
81 204 426
33 190 307
65 161 443
54 161 443
3 33 181
162 347 455
12 257 432
166 263 446
173 346 384
72 197 314
10 248 407
170 210 435
171 323 351
77 126 365
122 316 413
173 241 313
162 173 463
8 257 432
173 384 463
45 67 434
37 224 374
175 375 424
171 176 351
176 351 486
146 331 461
176 447 486
126 365 431
42 49 329
36 232 422
140 179 426
181 410 440
262 451 454
182 304 499
138 183 295
184 222 270
160 185 218
168 188 212
285 348 492
25 111 442
190 307 349
197 287 314
198 282 287
198 282 408
28 200 457
109 316 413
202 433 468
57 202 468
62 203 387
92 264 370
184 204 297
185 420 485
209 333 466
209 248 466
