146 377 461
306 320 436
159 253 452
160 176 277
220 280 364
34 225 284
289 327 416
141 148 317
51 101 130
26 267 304
176 218 486
158 360 390
35 78 259
26 304 499
30 151 427
65 84 340
179 272 299
5 69 474
11 107 429
85 115 207
0 222 270
86 356 363
311 415 437
451 475 478
16 326 394
2 7 488
130 231 398
253 452 490
7 117 488
87 121 413
281 339 401
129 336 366
101 242 282
262 290 430
46 113 335
175 205 304
61 358 461
45 306 308
353 457 477
144 372 465
44 158 390
28 106 200
8 201 353
276 286 481
78 330 396
175 258 304
158 435 453
210 435 453
62 178 260
125 259 301
107 119 250
63 279 328
4 193 328
14 55 471
14 288 471
63 240 279
82 103 288
14 52 288
70 177 237
34 420 449
213 258 424
175 290 454
290 451 454
148 290 317
16 137 318
137 148 290
42 417 428
141 148 318
187 220 456
16 394 480
344 415 480
68 104 143
225 284 344
5 249 469
218 447 486
11 271 496
11 404 469
164 222 270
164 270 415
255 325 429
11 404 429
107 402 429
255 402 412
142 392 497
91 140 426
0 133 216
71 227 403
157 174 183
58 131 498
25 226 278
227 348 492
110 268 285
56 102 111
56 348 492
251 386 472
128 145 321
128 224 484
190 307 321
376 385 446
6 33 190
33 190 321
105 251 307
251 307 321
3 6 464
3 6 33
48 199 440
88 199 440
96 233 359
87 121 395
123 144 372
67 117 411
434 465 477
117 341 411
79 341 411
117 341 490
310 421 470
159 253 256
13 334 470
13 75 109
13 75 316
87 109 413
75 109 316
94 122 309
94 153 265
334 421 470
116 265 491
116 212 491
153 265 491
153 186 359
96 233 422
186 233 359
228 346 384
129 188 422
40 313 346
228 384 463
36 188 228
214 282 287
241 242 282
51 113 219
197 455 493
198 314 408
1 101 282
72 197 493
27 244 276
262 290 317
100 118 355
53 100 495
290 430 451
262 451 478
27 276 451
32 302 481
27 46 244
27 46 335
113 331 358
46 244 358
331 358 461
257 331 377
12 257 331
12 432 436
76 257 377
331 377 461
46 113 358
236 253 398
2 7 236
12 172 432
8 45 172
306 308 434
67 117 488
308 434 477
201 353 457
28 106 360
66 178 260
210 303 453
170 178 210
35 78 396
125 246 301
43 83 203
20 170 178
41 170 210
62 260 387
62 203 457
62 292 457
66 260 387
62 83 387
66 83 387
43 83 246
23 291 405
62 83 203
152 203 482
119 250 409
203 368 482
31 149 177
4 250 409
4 193 250
15 31 252
252 279 414
252 279 471
55 95 471
95 279 471
39 259 301
14 52 55
17 52 288
17 89 305
17 288 305
103 300 459
82 288 471
82 103 114
82 114 180
82 177 237
31 132 149
15 31 132
107 132 250
70 237 296
82 180 237
70 149 177
114 180 459
136 266 296
208 391 447
176 245 340
103 114 459
171 351 486
161 171 351
54 443 462
54 65 443
65 243 443
230 380 462
151 380 462
54 151 462
134 161 351
323 388 450
30 323 450
17 89 330
17 78 330
330 342 396
182 342 396
47 235 380
182 267 396
182 267 304
26 38 267
182 213 304
205 304 499
213 258 304
175 258 424
274 375 424
112 175 290
47 235 342
112 375 400
137 290 473
137 148 318
104 143 289
90 141 318
16 318 326
141 317 355
90 220 456
187 220 324
80 394 437
80 86 324
284 327 416
344 418 480
225 344 415
164 311 415
225 270 415
139 420 449
289 327 468
143 289 416
68 137 143
416 418 483
143 416 483
68 137 473
202 243 371
57 202 433
160 176 218
154 185 249
202 423 433
24 381 423
171 176 486
84 176 340
59 160 218
11 208 350
208 338 350
139 420 485
381 420 485
5 249 474
154 249 271
97 474 489
34 420 433
97 139 449
34 225 449
97 449 489
133 449 489
85 133 216
133 225 449
0 184 222
81 167 426
164 222 332
81 91 204
81 91 426
169 255 325
378 404 469
325 404 429
169 325 404
108 229 238
169 255 412
255 402 429
107 132 163
21 108 238
21 238 299
184 222 332
295 299 476
157 196 247
138 196 247
138 183 497
138 174 183
142 269 332
164 311 356
311 356 437
221 269 497
142 269 497
356 363 399
49 155 329
135 343 428
49 131 155
49 58 131
183 221 497
92 442 458
74 458 498
74 131 498
264 333 442
361 458 498
25 56 111
92 333 442
102 264 442
111 275 442
278 444 492
192 278 444
192 206 444
102 111 442
10 209 248
110 268 407
56 102 264
56 285 348
209 268 407
166 215 407
10 209 407
155 329 343
10 155 343
49 147 329
42 147 329
135 280 382
135 215 407
71 195 403
195 321 425
220 280 382
100 374 495
53 90 495
53 141 355
262 430 451
262 317 478
118 355 475
53 100 355
53 90 141
99 362 445
99 362 495
90 99 495
374 484 495
224 362 495
224 484 495
128 145 484
110 376 446
254 263 446
71 227 254
254 385 446
227 254 385
251 321 472
33 321 425
251 386 479
321 386 472
145 386 484
145 321 386
29 37 374
29 37 223
37 223 463
223 273 438
228 261 463
77 105 337
105 307 365
228 232 261
96 232 422
190 211 307
9 211 349
9 293 460
22 64 494
293 448 460
293 448 494
64 359 369
165 194 401
3 410 440
3 181 464
18 22 50
22 448 494
195 283 425
195 283 403
124 217 403
124 191 410
191 410 440
124 403 410
93 281 401
48 93 440
48 93 401
93 191 440
191 192 206
73 192 278
73 278 339
73 281 339
48 199 401
50 194 397
50 88 194
50 369 397
88 194 199
194 199 401
165 339 401
19 369 397
19 165 339
118 475 493
37 463 479
175 454 481
22 448 464
415 437 480
394 437 480
357 431 467
108 412 426
67 411 434
411 434 465
166 407 446
110 407 446
217 403 492
227 403 492
326 394 456
187 394 456
375 393 400
243 371 462
230 371 462
367 370 466
362 419 445
448 460 487
64 359 494
317 355 478
349 357 431
345 354 402
121 341 452
361 442 458
187 324 394
313 346 384
122 309 316
89 305 383
272 297 299
266 296 439
296 300 459
98 295 297
294 345 402
294 402 412
9 293 349
197 287 347
286 451 454
284 327 468
284 433 468
284 416 418
284 344 418
3 283 410
283 403 410
57 289 433
273 347 438
448 464 487
116 265 421
265 334 421
264 268 333
263 322 419
232 261 467
77 261 467
159 256 310
254 263 321
246 291 301
43 246 291
176 245 277
243 443 462
56 264 285
65 243 340
241 242 310
150 241 310
240 319 389
237 296 459
236 253 490
235 330 342
234 312 457
96 232 467
381 420 433
231 253 398
231 253 256
140 229 426
179 229 299
229 238 299
140 229 272
179 229 272
188 228 422
228 232 422
227 376 385
2 219 306
212 336 491
211 307 365
211 349 365
86 147 363
85 378 474
34 284 433
80 86 356
80 356 437
79 372 465
42 329 343
77 261 463
77 105 365
77 126 357
76 158 377
109 121 452
37 386 479
73 93 281
196 294 295
79 341 395
68 104 400
330 383 450
173 313 384
293 431 467
119 203 352
59 154 271
293 359 494
27 72 493
62 120 292
62 120 178
60 377 435
134 300 439
59 391 447
125 246 441
103 305 383
58 221 269
133 474 489
57 202 371
57 371 393
60 210 435
2 67 434
8 172 379
105 337 479
85 133 474
227 348 376
128 224 419
51 314 408
49 147 363
21 294 412
51 72 314
51 72 113
19 226 278
108 229 426
39 55 240
202 245 340
134 351 439
18 50 181
103 288 305
51 130 219
49 363 399
49 58 269
214 287 347
54 151 323
47 213 424
135 417 428
47 274 371
58 157 498
166 189 419
70 132 163
77 337 463
61 244 358
68 400 473
44 234 303
125 259 298
197 273 455
42 86 324
3 88 440
42 220 324
42 220 417
333 370 466
5 378 469
54 65 134
124 191 206
186 233 366
2 130 236
84 134 161
105 251 479
77 357 467
90 326 456
36 40 168
39 240 389
61 302 481
57 104 289
35 41 259
87 122 127
291 301 405
27 475 493
178 210 303
235 380 427
47 182 213
296 300 439
21 108 412
54 134 323
24 245 277
136 266 447
13 309 316
13 309 334
74 92 367
26 146 461
32 461 499
24 202 245
44 360 390
8 200 201
13 159 470
136 208 338
19 165 194
28 44 200
11 59 391
120 234 303
4 63 319
41 60 210
12 219 331
10 248 367
98 138 315
209 268 333
36 228 346
85 207 404
173 214 282
129 233 366
36 168 188
9 460 487
9 190 487
76 158 360
89 330 383
9 190 211
189 373 419
10 135 407
23 368 482
41 259 298
201 312 457
4 63 328
66 83 246
4 23 319
38 267 396
66 246 441
22 181 464
374 386 484
42 86 147
3 283 425
112 175 375
248 367 466
90 99 364
74 131 155
76 106 360
17 78 259
6 464 487
12 219 436
12 257 379
55 240 279
163 338 350
35 38 396
10 135 343
106 200 379
11 249 271
94 122 144
8 45 308
72 113 335
266 351 439
4 23 409
28 44 360
282 287 408
91 140 297
29 100 118
39 52 55
133 225 270
32 205 499
162 223 438
119 152 203
24 202 423
30 330 427
47 274 424
18 22 181
61 276 481
128 263 321
81 204 216
27 72 335
129 233 422
11 249 469
2 306 434
5 69 378
16 137 480
8 353 477
1 282 408
7 117 236
40 168 313
47 230 371
19 278 339
50 88 181
2 67 488
166 215 373
85 115 167
235 330 427
126 349 365
74 92 458
59 271 496
13 159 452
25 278 492
31 82 471
17 39 259
32 175 481
20 41 298
74 155 367
112 290 400
90 318 326
166 322 419
20 125 441
117 236 490
96 293 467
23 43 368
22 50 369
70 136 296
96 293 359
27 451 475
186 336 366
113 219 331
23 389 405
85 167 216
24 277 381
25 56 492
32 61 461
87 109 122
26 461 499
10 155 367
29 273 455
47 230 380
206 444 492
8 200 379
276 286 451
37 374 386
224 362 419
29 118 493
31 82 177
197 273 347
26 38 146
23 319 389
57 393 406
31 252 471
297 299 476
301 389 405
30 330 450
39 301 389
42 343 428
172 320 436
11 59 496
92 333 370
8 308 477
61 244 276
136 208 447
11 107 350
0 133 270
58 157 221
157 361 498
79 372 395
169 207 412
202 243 340
294 295 299
23 119 409
36 40 346
38 239 377
6 190 487
120 234 457
107 354 402
341 452 490
38 60 239
12 172 379
38 146 377
207 412 426
164 269 399
94 309 334
47 182 342
32 175 205
195 254 321
87 127 395
110 285 348
158 377 435
55 95 279
151 380 427
90 220 364
38 41 60
69 378 474
81 167 216
93 191 192
73 93 192
266 447 486
94 265 334
45 172 306
30 151 323
71 195 254
1 101 408
44 158 303
274 371 375
98 297 315
99 156 364
3 88 181
231 256 310
101 231 242
184 204 216
101 130 231
51 101 408
355 475 478
103 300 323
103 388 450
103 383 450
11 208 391
23 43 291
104 400 406
94 144 153
106 257 379
22 64 369
107 163 350
35 38 41
109 121 413
109 122 316
193 252 414
13 109 452
110 348 376
111 226 275
25 111 226
393 400 406
295 297 476
120 178 303
99 156 445
121 341 395
289 433 468
371 375 393
159 310 470
29 100 374
119 152 482
180 237 459
120 292 457
92 367 370
17 39 52
157 361 442
122 123 144
122 123 127
19 194 397
150 212 421
231 242 310
124 206 217
142 184 332
168 188 336
98 138 295
266 351 486
126 349 357
127 372 395
173 347 438
220 382 417
206 217 492
156 373 419
157 275 442
2 130 219
130 236 398
139 249 474
15 132 193
132 193 250
186 336 491
197 287 408
173 241 282
134 300 323
135 280 364
135 156 364
135 215 373
79 411 465
135 156 373
3 33 425
135 382 417
264 268 285
59 218 447
137 143 480
138 157 247
138 157 174
219 306 436
138 196 295
138 315 392
138 392 497
57 104 406
139 185 485
139 185 249
97 139 474
0 184 216
140 272 297
381 423 433
142 184 297
142 297 315
142 315 392
166 263 322
44 200 201
143 418 483
143 418 480
144 153 359
29 455 493
161 171 176
286 454 481
91 204 297
150 241 313
150 168 313
60 239 377
63 240 319
150 168 336
150 212 336
43 203 368
160 185 277
166 189 373
150 310 421
337 463 479
154 160 185
59 154 160
290 400 473
293 349 431
156 419 445
157 183 221
21 294 299
65 84 134
162 173 438
158 303 453
84 161 176
172 432 436
70 163 338
164 269 332
123 127 372
164 356 399
166 263 446
128 263 419
76 106 257
162 223 463
115 167 207
167 207 426
72 197 314
153 186 491
172 306 320
77 126 365
32 61 302
173 214 347
173 241 313
85 378 404
162 173 463
173 384 463
116 212 421
175 375 424
80 324 394
23 119 482
66 178 441
20 178 441
70 136 338
15 193 252
185 381 485
185 277 381
129 188 336
70 132 149
193 279 414
193 279 328
196 226 275
157 196 275
197 198 314
103 323 388
197 198 408
49 269 399
44 234 312
44 201 312
29 223 273
20 125 298
20 41 170
184 204 297
169 207 404
209 333 466
209 248 466
