62 181 247
90 171 179
53 263 331
115 133 312
66 140 303
44 220 299
2 77 312
43 182 319
219 229 328
91 162 251
17 64 71
2 77 262
2 188 215
211 283 310
146 205 250
62 71 122
227 301 326
17 29 64
105 195 292
52 124 346
117 284 290
13 130 305
57 100 339
176 206 249
67 90 112
149 197 277
176 229 249
228 317 344
149 257 340
1 63 235
36 247 348
36 247 279
36 62 348
32 35 136
91 223 241
91 162 165
55 63 94
54 247 279
149 194 257
1 45 295
134 144 324
133 161 324
36 159 210
35 54 343
188 229 328
136 162 346
161 215 262
31 125 221
219 304 318
62 71 181
298 318 328
143 243 327
64 282 300
72 266 334
44 209 299
20 29 116
211 321 326
75 208 267
139 232 238
198 307 347
98 123 332
8 309 315
38 129 332
79 214 332
11 13 96
44 131 297
258 266 334
76 220 297
0 13 214
102 157 158
81 216 259
140 157 303
155 231 239
11 13 130
205 250 332
48 87 170
78 173 186
6 30 83
47 335 336
28 236 287
155 246 260
185 260 333
89 189 291
272 274 316
41 89 189
109 180 293
5 10 175
128 175 233
185 225 230
108 169 330
41 242 292
271 293 322
93 277 319
137 293 320
41 242 264
150 182 197
142 145 164
228 289 317
67 187 235
69 112 226
43 148 344
58 106 108
73 233 329
67 90 179
27 29 119
63 235 265
4 94 165
20 29 119
20 116 294
56 70 223
17 27 29
20 119 210
17 19 122
17 19 27
19 27 210
29 64 280
71 181 217
62 247 348
32 54 247
36 70 279
55 223 265
27 119 210
34 56 223
34 294 338
7 91 241
56 70 294
34 56 294
36 70 159
116 235 265
70 223 279
34 223 338
223 265 338
55 91 223
55 63 265
55 94 165
4 63 94
1 4 63
1 14 45
7 91 251
55 91 165
142 257 340
149 194 277
45 142 340
142 164 257
7 35 251
32 35 54
54 279 343
164 194 257
52 346 349
2 176 312
206 249 349
124 138 164
52 166 176
52 124 166
133 176 312
124 138 166
115 133 161
115 161 262
2 176 229
219 281 304
2 215 262
156 298 327
76 161 215
39 95 334
172 313 327
95 172 327
76 160 313
2 188 229
188 215 313
188 313 328
285 298 318
219 229 288
219 318 328
219 281 288
17 71 122
71 168 217
64 71 168
64 168 300
143 243 280
143 156 327
156 282 285
282 285 300
156 285 298
143 156 282
154 243 311
82 154 243
174 227 326
154 283 311
82 154 310
80 82 310
160 172 313
160 172 258
76 215 313
72 125 221
160 258 266
72 211 310
72 80 310
72 266 345
72 211 221
72 125 345
220 299 345
31 183 341
154 283 310
31 211 221
53 301 326
211 283 321
243 280 331
53 321 326
53 321 331
53 167 263
183 212 341
183 211 326
183 212 326
31 183 211
65 167 301
53 167 301
65 167 309
167 263 309
65 227 301
139 238 302
24 192 315
75 174 326
212 267 341
75 174 208
209 307 347
97 299 341
97 267 341
209 299 307
174 190 261
120 192 227
120 232 238
8 110 315
8 110 126
38 51 129
126 153 232
38 250 332
51 126 153
8 51 126
123 214 332
146 205 347
79 205 332
98 129 332
0 79 256
0 79 214
0 42 256
79 256 323
42 152 323
42 256 323
57 117 296
0 13 104
131 201 240
152 240 323
201 240 339
44 193 209
97 198 307
97 299 307
44 220 297
76 160 266
125 299 345
220 266 345
61 76 297
76 220 266
61 76 161
133 134 324
131 201 297
100 201 339
57 296 339
57 100 284
207 224 297
107 264 269
84 134 144
100 278 303
66 204 303
100 278 284
178 278 303
157 178 303
26 118 140
195 272 322
28 89 325
102 158 237
130 237 305
135 158 237
81 216 237
46 117 290
46 92 290
57 117 284
46 117 337
117 296 337
46 158 337
13 96 214
104 296 337
13 104 305
135 237 305
0 104 296
104 305 337
88 141 203
11 96 203
123 141 214
88 141 252
18 40 88
83 88 203
40 88 252
68 132 286
78 173 259
6 30 173
6 11 130
6 130 173
130 173 259
216 259 287
30 47 335
173 186 218
48 199 336
3 48 253
186 231 239
74 335 336
15 74 336
30 68 286
18 40 132
151 199 336
10 87 151
30 47 200
48 87 199
15 151 336
87 151 199
9 177 246
48 170 253
3 200 253
10 170 177
85 191 230
5 9 10
5 175 306
10 87 170
9 10 177
21 177 246
21 253 254
253 254 275
155 231 260
21 155 246
41 89 325
28 231 236
16 60 213
189 225 291
185 222 260
5 230 306
5 85 230
22 50 59
60 213 245
16 103 342
16 114 342
103 128 342
16 105 213
103 128 272
109 180 316
180 274 316
50 272 316
50 58 316
180 293 322
113 293 319
109 148 293
195 271 322
41 189 292
105 292 314
213 245 314
105 213 314
137 195 292
137 195 271
137 292 320
189 292 314
242 292 320
118 264 269
93 113 319
134 244 255
138 194 255
149 197 340
12 194 277
138 164 194
150 197 248
182 197 277
182 277 319
43 148 319
242 264 320
93 264 320
137 271 293
148 293 319
113 293 320
93 113 320
58 109 148
58 109 316
43 234 344
171 270 289
147 169 270
25 317 344
150 163 248
150 163 234
127 163 248
268 273 340
197 248 340
127 202 268
45 273 340
86 101 226
86 121 184
187 196 235
121 202 268
86 99 226
45 273 295
86 101 121
99 187 196
99 187 226
69 228 289
90 171 289
37 67 179
50 108 169
270 289 317
147 171 270
169 270 330
23 33 308
50 58 108
147 169 276
22 50 169
22 49 59
37 73 329
23 276 308
23 49 276
147 276 308
37 67 73
49 233 329
33 37 329
102 287 325
28 287 325
64 280 282
75 267 326
212 267 326
77 262 312
198 261 347
136 249 288
248 268 340
229 249 288
93 244 277
93 244 264
107 244 264
81 237 259
130 237 259
236 259 287
228 234 344
189 225 314
225 245 314
225 230 306
191 222 246
298 327 328
159 210 294
243 321 331
144 207 303
100 207 303
193 205 323
66 204 269
181 217 281
100 201 207
200 218 275
97 198 267
231 260 333
196 273 295
12 194 244
85 191 246
146 190 347
190 238 302
120 190 238
178 278 290
181 247 281
78 186 236
185 225 291
185 191 230
180 272 274
170 177 253
21 177 253
176 206 349
114 175 342
128 175 342
60 175 245
115 262 312
168 304 318
168 285 318
138 166 255
101 163 228
163 228 234
161 224 324
61 161 224
70 159 294
22 49 169
102 237 287
23 49 329
49 169 276
24 309 315
205 209 347
41 140 325
26 41 140
39 243 327
125 299 341
41 118 264
51 153 232
6 83 203
200 253 275
83 111 286
19 36 122
38 139 302
38 146 302
127 248 268
49 59 128
37 179 308
120 174 227
38 51 232
26 41 118
35 241 343
239 254 275
96 203 214
92 157 158
116 280 331
49 128 233
0 152 296
136 162 251
28 291 333
38 139 232
217 281 304
184 196 273
80 82 243
313 327 328
43 150 234
107 204 269
30 173 218
12 244 277
78 236 259
36 62 122
120 192 315
174 198 208
186 231 236
223 241 343
16 60 175
20 210 294
121 184 273
18 111 286
110 120 315
180 272 322
152 240 339
1 196 235
69 101 228
95 172 334
3 47 48
6 11 203
23 33 329
21 239 254
30 74 335
72 80 334
201 207 297
194 244 255
51 98 252
218 239 275
190 261 347
5 85 246
1 4 165
39 80 243
0 42 152
50 59 128
185 291 333
39 95 327
21 155 239
98 141 252
147 171 179
61 224 297
198 208 267
157 178 290
28 231 333
120 174 190
135 158 337
14 145 165
3 47 200
43 150 182
84 134 244
38 146 250
29 116 280
16 105 195
121 268 273
30 200 218
24 192 227
136 346 349
24 65 309
116 265 338
14 142 145
19 36 210
31 125 341
25 106 148
168 217 304
16 103 195
25 148 344
5 9 246
1 196 295
92 157 290
47 48 336
32 247 281
143 280 282
18 83 88
7 35 241
145 164 346
18 132 286
110 120 126
172 258 334
84 107 244
222 246 260
243 283 311
32 136 281
145 162 346
67 187 226
67 112 226
24 65 227
69 101 226
133 134 166
68 74 132
46 92 158
40 74 132
25 270 330
185 191 222
1 14 165
25 270 317
15 40 74
69 112 289
58 106 148
106 108 330
51 98 129
133 166 176
33 37 308
146 190 302
30 83 286
50 128 272
216 237 287
14 45 142
131 240 323
39 80 334
225 245 306
145 162 165
186 218 239
98 123 141
16 114 175
18 83 111
99 184 196
86 99 184
79 205 323
102 140 325
120 126 232
102 140 157
118 140 269
103 195 272
131 193 323
134 166 255
135 305 337
193 205 209
25 106 330
90 112 289
28 89 291
116 294 338
121 127 202
174 198 261
121 127 163
141 203 214
101 121 163
30 68 74
44 131 193
35 136 251
84 107 204
136 281 288
136 249 349
175 245 306
278 284 290
223 279 343
124 164 346
66 140 269
144 204 303
84 144 204
144 224 324
243 283 321
144 207 224
168 285 300
147 179 308
52 176 349
152 296 339
