35 162 251
90 171 179
53 263 331
115 133 312
2 77 312
43 182 319
219 229 328
32 181 281
91 162 251
17 64 71
2 188 215
211 283 310
62 71 122
17 29 64
117 284 290
149 197 277
228 317 344
149 257 340
36 247 348
36 247 279
36 62 348
32 35 136
91 223 241
55 63 94
54 247 279
1 4 14
149 194 257
1 45 295
134 144 324
133 161 324
14 45 145
86 184 196
35 54 343
188 229 328
161 215 262
31 125 221
219 304 318
62 71 181
298 318 328
64 282 300
44 209 299
20 29 116
95 172 258
39 72 80
211 321 326
139 232 238
198 307 347
98 123 332
8 309 315
139 146 250
44 193 323
139 146 302
44 131 297
44 240 323
258 266 334
44 131 240
61 161 324
76 220 297
240 296 339
0 13 214
81 216 259
102 216 237
81 130 237
155 231 239
205 250 332
48 87 170
78 173 186
185 222 230
6 30 83
47 335 336
28 102 325
28 236 287
230 245 306
155 246 260
225 291 333
89 189 291
272 274 316
185 225 333
109 180 293
5 10 175
128 175 233
185 225 230
108 169 330
271 293 322
66 118 269
137 293 320
134 138 255
142 145 164
228 289 317
67 187 235
69 112 226
58 106 108
50 59 272
22 169 276
147 171 308
33 179 308
171 179 308
27 29 119
63 235 265
20 29 119
20 116 294
56 70 223
20 119 210
19 122 210
19 27 210
29 64 280
71 181 217
62 122 210
36 70 279
55 223 265
27 119 210
20 159 210
34 56 223
34 294 338
56 70 294
34 56 294
36 70 159
116 235 265
70 223 279
34 223 338
223 265 338
55 91 223
55 63 265
55 94 165
4 63 94
45 142 145
1 14 45
55 91 165
124 145 164
149 194 277
142 164 257
7 35 251
32 281 288
32 35 54
223 241 279
54 279 343
241 279 343
164 194 257
32 136 288
206 249 349
124 138 164
124 138 166
134 138 166
66 84 204
144 207 324
77 115 312
77 115 262
39 95 334
172 313 327
95 172 327
2 188 229
188 215 313
188 313 328
285 298 318
219 229 288
219 318 328
71 168 217
64 71 168
64 168 300
168 300 318
143 243 280
285 300 318
143 156 327
156 282 285
282 285 300
298 313 328
156 285 298
143 156 282
154 243 311
82 154 243
154 283 311
39 95 243
39 72 334
95 258 334
160 172 313
160 172 258
72 125 221
160 258 266
72 80 310
31 183 341
154 283 310
31 211 221
53 301 326
243 311 331
211 283 321
243 280 331
53 321 326
53 321 331
53 167 263
183 212 341
183 211 326
183 212 326
31 183 211
65 309 315
65 167 301
53 167 301
110 120 192
75 212 326
190 261 302
65 227 301
139 238 302
24 192 315
24 65 315
198 208 261
75 174 326
75 174 208
209 307 347
97 299 341
97 267 341
209 299 307
174 190 261
174 208 261
120 192 227
110 126 232
38 139 250
8 110 315
8 110 126
110 192 315
38 51 129
126 153 232
51 126 153
8 51 126
98 123 252
146 261 302
79 205 332
0 79 256
0 42 256
79 256 323
57 117 296
0 13 104
131 201 240
152 240 296
152 240 323
201 240 339
44 193 209
97 198 307
97 299 307
44 220 297
220 266 345
61 76 161
133 134 324
224 297 324
131 201 297
100 201 339
57 296 339
207 224 324
207 224 297
84 134 144
100 278 303
66 204 303
100 278 284
178 278 303
28 102 287
195 272 322
28 89 325
135 158 305
102 158 237
130 237 305
135 158 237
81 216 237
102 216 287
46 117 290
46 92 290
57 117 284
46 117 337
117 296 337
13 96 214
104 296 337
13 104 305
135 237 305
0 104 296
104 305 337
88 141 203
11 96 203
123 141 252
123 141 214
88 141 252
18 40 88
83 88 203
40 88 252
68 74 335
68 132 286
78 173 259
6 30 173
6 11 130
81 130 259
6 130 173
130 173 259
216 259 287
173 200 218
111 132 286
173 186 218
48 199 336
3 48 253
74 335 336
30 68 286
18 40 132
151 199 336
18 111 132
48 87 199
9 177 246
155 254 275
186 218 275
48 170 253
10 170 177
5 9 10
5 175 306
10 87 170
186 239 275
9 10 177
21 177 246
21 253 254
253 254 275
155 231 260
155 239 275
21 155 246
21 155 254
41 89 325
28 231 236
78 231 236
16 60 213
225 230 245
191 222 260
191 222 230
5 230 306
22 50 59
60 114 175
189 245 314
60 213 245
16 105 213
103 128 272
109 180 316
180 274 316
23 33 49
50 272 316
50 58 316
180 293 322
109 148 293
137 292 320
189 292 314
242 292 320
66 84 269
84 107 269
134 244 255
138 194 255
149 197 340
12 194 277
138 164 194
182 197 277
242 264 320
93 264 320
137 271 293
113 293 320
58 109 148
58 109 316
101 163 234
43 234 344
171 270 289
101 234 344
25 317 344
150 163 248
150 163 234
127 163 248
268 273 340
127 202 268
86 121 184
187 196 235
86 99 196
121 202 268
45 273 295
101 127 163
86 101 121
99 187 196
99 187 226
69 228 289
101 228 344
90 171 289
270 317 330
50 108 169
270 289 317
147 171 270
25 106 344
25 317 330
50 58 108
147 169 276
33 49 329
22 50 169
59 128 272
22 49 59
49 59 233
59 128 233
147 276 308
37 67 73
49 233 329
33 37 329
266 334 345
148 319 344
93 319 320
57 284 339
100 284 339
283 321 331
64 280 282
198 261 347
45 257 273
136 249 288
248 268 340
229 249 288
93 244 277
93 244 264
107 244 264
236 259 287
176 229 312
2 229 312
225 245 291
211 221 310
72 221 310
144 207 303
100 207 303
206 229 249
193 205 323
181 217 281
100 201 207
97 198 267
231 260 333
196 273 295
12 194 244
85 191 246
191 246 260
190 238 302
120 190 238
178 278 290
181 247 348
180 272 274
43 319 344
170 177 253
21 177 253
176 206 349
114 175 342
128 175 342
60 175 245
174 227 301
168 304 318
133 166 312
166 176 312
257 273 340
76 160 220
160 161 313
20 159 294
70 159 294
189 245 291
146 261 347
32 54 181
46 92 102
46 102 158
156 298 313
205 209 347
44 299 345
75 198 208
43 197 234
41 140 325
26 41 140
125 299 341
33 67 179
6 83 203
42 152 256
83 111 286
54 181 247
38 153 232
127 248 268
156 313 327
113 148 293
95 143 327
120 174 227
37 73 233
26 41 118
35 241 343
96 203 214
116 280 331
23 33 276
0 152 296
283 311 331
75 212 341
222 260 333
3 218 275
46 158 305
28 291 333
38 139 232
217 281 304
184 196 273
35 162 346
80 82 243
91 145 162
7 241 251
12 244 277
78 236 259
72 334 345
105 137 195
60 114 342
33 37 67
46 305 337
26 66 140
26 66 118
150 197 234
30 47 173
121 184 273
180 272 322
37 233 329
41 118 242
150 248 340
45 142 257
1 196 235
65 167 263
16 103 105
69 101 228
77 215 262
176 206 229
93 182 277
6 11 203
38 51 153
33 276 308
44 220 345
4 63 235
5 85 191
201 207 297
194 244 255
51 98 252
47 173 200
43 182 197
0 79 332
47 68 335
5 85 246
124 166 176
39 80 243
113 148 319
0 42 152
281 288 304
14 91 165
22 23 49
16 128 342
5 191 230
61 76 324
107 118 264
0 123 214
0 123 332
157 178 290
28 231 333
120 174 190
137 271 322
1 4 235
3 47 200
4 14 94
84 134 244
15 40 132
3 200 218
29 116 280
121 268 273
24 192 227
136 346 349
16 103 128
116 265 338
31 125 341
38 129 250
168 217 304
3 253 275
3 48 336
161 215 313
5 9 246
14 91 145
19 27 29
1 196 295
15 74 132
92 157 290
98 129 250
10 87 199
143 280 282
18 83 88
30 47 68
65 263 309
22 23 276
205 250 347
107 118 269
7 35 241
3 47 336
62 159 210
17 19 29
103 105 195
115 133 262
19 71 122
36 62 159
84 107 244
110 120 238
75 267 341
66 178 303
66 140 178
145 162 346
67 187 226
67 112 226
95 143 243
91 241 251
24 65 227
69 101 226
72 125 299
72 299 345
133 134 166
68 74 132
15 74 151
74 151 336
75 198 267
76 297 324
90 112 179
2 77 215
16 60 342
150 197 340
78 231 239
69 112 289
58 106 148
80 82 154
106 108 330
51 98 129
14 94 165
80 154 310
62 181 348
30 83 286
89 242 292
41 89 242
89 189 292
86 99 101
92 102 157
11 96 130
10 151 199
96 130 305
13 96 305
17 19 71
174 301 326
98 250 332
18 83 111
101 121 127
99 101 226
67 112 179
79 205 323
76 160 161
102 140 325
35 136 346
102 140 157
137 195 322
103 195 272
160 220 266
118 242 264
133 161 262
52 124 349
147 169 330
105 245 314
193 205 209
152 256 323
137 292 314
105 213 245
106 148 344
25 106 330
110 232 238
90 112 289
28 89 291
116 294 338
121 127 202
141 203 214
219 288 304
52 124 176
124 346 349
93 182 319
147 270 330
113 319 320
136 249 349
175 245 306
278 284 290
105 137 314
140 157 178
144 204 303
84 144 204
146 250 347
185 222 333
124 145 346
78 186 239
52 176 349
