90 171 179
53 263 331
43 182 319
219 229 328
91 162 251
17 64 71
2 77 262
2 188 215
127 248 340
17 29 64
117 284 290
13 130 305
176 206 249
67 90 112
176 229 249
228 317 344
149 257 340
1 63 235
36 247 348
36 247 279
36 62 348
32 35 136
136 249 346
91 162 165
55 63 94
54 247 279
149 194 257
14 145 162
1 45 295
4 14 165
133 161 324
14 45 145
36 159 210
35 54 343
188 229 328
136 162 346
161 215 262
31 125 221
219 304 318
168 217 318
72 266 334
44 209 299
283 311 321
39 72 80
211 321 326
75 208 267
139 232 238
198 307 347
98 123 332
110 120 232
11 83 203
8 309 315
38 129 332
75 212 267
79 214 332
79 193 323
44 193 323
84 144 303
11 13 96
44 131 297
44 240 323
258 266 334
44 131 240
61 161 324
76 220 297
0 13 214
102 157 158
81 216 259
102 157 325
92 178 290
26 140 325
178 278 284
81 130 237
155 231 239
11 13 130
205 250 332
48 87 170
6 11 83
78 173 186
6 30 83
47 335 336
28 236 287
230 245 306
155 246 260
225 291 333
185 260 333
89 189 291
185 225 333
109 180 293
5 10 175
128 175 233
9 85 246
185 225 230
108 169 330
66 118 269
107 134 244
142 145 164
228 289 317
69 90 112
67 187 235
43 148 344
58 106 108
50 59 272
22 169 276
114 128 342
67 90 179
33 179 308
63 235 265
4 94 165
20 116 294
56 70 223
20 119 210
17 19 122
19 122 210
17 19 27
19 27 210
29 64 280
71 181 217
36 70 279
55 223 265
27 119 210
34 56 223
34 294 338
56 70 294
34 56 294
36 70 159
116 265 294
116 235 265
70 223 279
34 223 338
265 294 338
223 265 338
55 91 223
55 63 265
14 162 165
55 94 165
4 63 94
1 4 63
45 142 145
184 196 295
7 91 251
55 91 165
124 145 164
142 257 340
149 194 277
45 142 340
142 164 257
7 35 251
32 281 288
32 35 54
54 279 343
136 229 288
136 229 249
32 136 288
124 145 162
124 162 346
124 138 164
52 206 349
52 176 206
124 138 166
84 107 134
115 133 161
77 115 262
115 161 262
219 281 304
2 215 262
76 161 215
172 313 327
95 172 327
76 160 313
2 188 229
188 215 313
188 313 328
285 298 318
219 229 288
219 281 288
217 304 318
17 71 122
64 168 300
64 143 280
168 300 318
143 243 280
285 300 318
143 156 327
156 282 285
282 285 300
298 313 328
156 285 298
143 156 282
154 243 311
82 154 243
174 227 326
154 283 311
82 154 310
39 95 243
39 82 243
80 82 310
39 72 334
39 80 82
160 172 313
160 172 258
76 215 313
160 258 266
72 266 345
72 211 221
31 183 341
31 125 299
53 301 326
211 283 321
243 280 331
53 167 263
183 212 341
65 167 301
53 167 301
110 120 192
65 167 309
167 263 309
75 212 326
139 238 302
120 190 227
212 267 341
31 299 341
209 307 347
97 299 341
97 267 341
209 299 307
174 190 227
174 190 261
120 192 227
120 232 238
110 126 232
8 110 315
139 153 232
8 110 126
38 51 129
126 153 232
38 250 332
51 126 153
83 88 111
8 51 126
123 214 332
98 123 252
79 205 332
98 129 332
193 209 347
0 79 256
0 79 214
0 42 256
79 256 323
42 152 323
42 256 323
57 117 296
0 13 104
131 201 240
152 240 323
79 193 205
201 240 339
193 205 347
44 193 209
97 198 307
97 299 307
44 220 297
125 299 345
220 266 345
61 76 161
224 297 324
131 201 297
100 201 339
57 296 339
84 204 303
84 134 144
100 278 303
178 278 303
93 107 264
140 157 325
195 272 322
28 89 325
135 158 305
102 158 237
130 237 305
135 158 237
81 216 237
46 117 290
92 157 178
46 92 290
178 284 290
57 117 284
46 117 337
117 296 337
46 158 337
13 96 214
104 296 337
13 104 305
135 237 305
0 104 296
88 141 203
11 96 203
123 141 252
123 141 214
88 141 252
18 40 88
83 88 203
18 88 111
40 88 252
68 132 286
78 173 259
6 30 173
81 130 259
130 173 259
216 259 287
30 47 335
111 132 286
173 186 218
48 199 336
3 48 253
186 231 239
74 335 336
15 74 336
30 68 286
18 40 132
151 199 336
18 111 132
40 68 132
30 47 200
48 87 199
15 151 336
9 177 246
186 218 275
48 170 253
5 9 10
5 175 306
10 87 170
186 239 275
21 170 253
21 177 246
21 170 177
21 253 254
253 254 275
155 231 260
21 155 246
21 155 254
41 89 325
28 231 236
16 60 213
225 230 245
185 222 260
5 9 85
5 230 306
22 50 59
60 114 175
189 245 314
60 213 245
16 60 114
16 114 342
114 128 175
16 105 213
103 128 272
16 103 272
109 180 316
180 274 316
58 148 344
50 58 316
109 148 293
195 271 322
105 292 314
213 245 314
105 213 314
26 41 325
137 195 271
189 292 314
93 113 319
134 244 255
93 107 244
138 194 255
12 194 277
43 182 234
43 148 319
242 264 320
93 264 320
137 271 293
93 113 320
58 109 148
58 109 316
101 163 234
43 234 344
25 317 344
150 163 248
150 163 234
127 163 248
86 101 226
86 121 184
187 196 235
121 202 268
86 99 226
45 273 295
184 273 295
86 101 121
99 187 196
99 187 226
101 226 228
90 171 289
69 90 289
67 112 187
147 171 270
23 33 308
25 106 344
50 58 108
58 106 344
147 169 276
59 128 272
59 128 233
22 49 276
23 276 308
23 49 276
147 276 308
33 37 179
49 233 329
33 37 329
53 326 331
321 326 331
102 287 325
28 287 325
57 284 339
100 278 339
198 261 347
93 244 277
243 311 321
236 259 287
176 229 312
228 234 344
69 226 289
226 228 289
191 222 246
225 245 291
72 221 345
125 221 345
219 298 318
183 211 212
211 212 326
159 210 294
243 321 331
144 207 303
100 207 303
206 346 349
66 204 269
127 202 340
202 268 340
201 224 297
181 217 281
200 218 275
278 284 339
97 198 267
182 197 234
231 260 333
12 194 244
85 191 246
190 238 302
120 190 238
181 247 281
78 186 236
185 191 230
181 247 348
180 272 274
101 228 234
60 175 245
171 270 317
171 289 317
133 166 312
166 176 312
138 166 255
76 160 220
70 159 294
189 245 291
146 261 347
102 237 287
50 274 316
23 49 329
64 143 300
45 268 340
24 309 315
156 298 313
44 299 345
133 144 324
77 133 312
17 29 119
40 68 74
83 111 286
38 139 302
38 146 302
31 183 221
50 272 274
156 313 327
7 223 241
113 148 293
95 143 327
37 73 233
26 41 118
35 241 343
239 254 275
149 182 277
96 203 214
92 157 158
116 280 331
11 130 173
0 152 296
155 239 254
136 162 251
28 291 333
217 281 304
180 271 322
107 204 269
30 173 218
12 244 277
78 236 259
36 62 122
105 137 195
138 194 257
174 198 208
80 211 310
26 66 140
186 231 236
26 66 118
223 241 343
150 197 234
20 210 294
121 184 273
9 170 177
7 91 223
180 272 322
37 233 329
41 118 242
24 110 192
150 248 340
152 240 339
1 4 45
1 196 235
24 110 315
6 11 173
69 187 226
93 182 277
4 14 45
140 178 303
54 247 281
38 51 153
32 54 281
23 33 329
44 220 345
30 74 335
5 85 191
16 195 272
100 207 224
194 244 255
51 98 252
39 172 258
124 166 176
45 268 273
113 148 319
0 42 152
16 128 342
2 77 229
5 191 230
147 171 179
61 76 324
22 49 233
107 118 264
198 208 267
28 231 333
3 47 200
17 27 119
38 146 250
22 108 169
39 258 334
29 116 280
16 105 195
121 268 273
30 200 218
24 192 227
24 65 309
16 103 128
9 10 170
3 253 275
3 48 336
39 95 172
1 196 295
174 208 326
10 87 199
205 250 347
107 118 269
7 35 241
3 47 336
133 134 144
22 50 108
222 246 260
64 71 217
65 301 326
95 143 243
24 65 227
69 112 187
67 73 179
37 73 179
133 134 166
46 92 158
25 270 330
76 297 324
77 115 133
185 191 222
77 229 312
25 270 317
36 122 210
15 40 74
106 108 330
51 98 129
180 271 293
72 80 211
206 249 346
75 208 326
62 181 348
146 190 302
183 211 221
30 83 286
89 242 292
41 89 242
89 189 292
216 237 287
10 151 199
99 184 196
64 168 217
86 99 184
219 298 328
138 164 257
100 201 224
38 139 153
149 150 340
160 220 266
104 158 305
118 242 264
134 166 255
52 124 349
104 158 337
147 169 330
105 137 292
25 106 330
149 182 197
113 137 320
28 89 291
113 137 293
29 116 119
20 116 119
121 127 202
174 198 261
121 127 163
141 203 214
101 121 163
71 122 181
62 122 181
52 124 176
3 200 275
124 346 349
140 204 303
30 68 74
93 182 319
147 270 330
35 136 251
65 227 326
84 107 204
22 59 233
175 245 306
137 242 320
137 242 292
140 157 178
66 140 204
223 279 343
143 282 300
144 224 324
144 207 224
146 250 347
146 190 261
147 179 308
149 150 197
152 296 339
154 211 283
154 211 310
