62 181 247
35 162 251
53 263 331
115 133 312
66 140 303
2 77 312
43 182 319
91 162 251
17 64 71
2 188 215
211 283 310
127 248 340
146 205 250
62 71 122
17 29 64
117 284 290
13 130 305
176 206 249
28 260 333
149 197 277
176 229 249
228 317 344
149 257 340
1 63 235
36 247 348
36 247 279
36 62 348
32 35 136
136 249 346
55 63 94
54 247 279
1 4 14
149 194 257
1 45 295
133 161 324
36 159 210
136 162 346
161 215 262
31 125 221
219 304 318
62 71 181
64 282 300
72 266 334
44 209 299
20 29 116
211 321 326
75 208 267
139 232 238
198 307 347
98 123 332
8 309 315
38 129 332
79 214 332
79 193 323
44 193 323
11 13 96
44 131 297
258 266 334
61 161 324
76 220 297
0 13 214
81 216 259
102 157 325
140 157 303
178 278 284
102 216 237
155 231 239
11 13 130
205 250 332
48 87 170
78 173 186
185 222 230
47 335 336
28 102 325
28 236 287
155 246 260
225 291 333
185 260 333
89 189 291
272 274 316
185 225 333
41 89 189
109 180 293
5 10 175
128 175 233
9 85 246
108 169 330
271 293 322
142 145 164
228 289 317
69 226 228
69 90 112
67 187 235
69 112 226
58 106 108
73 233 329
22 169 276
27 29 119
63 235 265
20 29 119
20 116 294
56 70 223
17 27 29
17 19 122
19 122 210
17 19 27
19 27 210
29 64 280
29 280 331
71 181 217
62 247 348
32 54 247
36 70 279
20 70 294
34 56 223
34 294 338
56 70 294
34 56 294
36 70 159
116 265 294
116 235 265
70 223 279
34 223 338
265 294 338
55 91 223
55 63 265
55 94 165
4 63 94
1 4 63
1 14 45
7 91 251
55 91 165
124 145 164
35 136 162
142 164 257
7 241 343
7 35 251
7 35 343
54 279 343
164 194 257
2 176 312
124 138 164
133 134 176
52 166 176
52 124 166
133 176 312
134 166 176
124 138 166
298 313 327
2 176 229
219 281 304
156 298 327
76 161 215
39 95 334
172 313 327
95 172 327
76 160 313
2 188 229
219 281 288
181 281 304
181 217 304
17 71 122
64 168 300
143 243 280
143 156 327
282 285 300
298 313 328
143 156 282
154 243 311
29 116 331
82 154 243
154 283 311
82 154 310
39 82 243
80 82 310
39 80 82
160 172 313
160 172 258
76 215 313
72 125 221
160 258 266
72 266 345
31 183 341
154 283 310
53 301 326
211 283 321
243 280 331
53 167 263
183 212 341
183 211 326
183 212 326
65 167 301
53 167 301
110 120 192
65 167 309
167 263 309
65 227 301
139 238 302
24 192 315
198 208 261
75 174 326
212 267 341
75 174 208
209 307 347
97 299 341
97 267 341
209 299 307
174 190 261
174 208 261
120 192 227
110 126 232
8 110 315
8 110 126
110 192 315
38 51 129
126 153 232
38 250 332
51 126 153
8 51 126
123 214 332
98 123 252
146 205 347
79 205 332
98 129 332
193 209 347
0 79 256
0 79 214
0 42 256
79 256 323
57 117 296
0 13 104
131 201 240
152 240 296
152 240 323
79 193 205
201 240 339
193 205 347
44 193 209
97 198 307
97 299 307
44 220 297
220 266 345
61 76 297
61 76 161
131 201 297
100 201 339
207 224 297
107 264 269
84 134 144
100 278 303
66 204 303
100 278 284
46 92 157
178 278 303
157 178 303
93 107 264
26 118 140
140 157 325
28 102 287
195 272 322
28 89 325
102 158 237
135 158 237
81 216 237
102 216 287
46 117 290
46 92 290
178 284 290
57 117 284
46 117 337
117 296 337
46 158 337
13 96 214
104 296 337
13 104 305
135 237 305
0 104 296
104 305 337
88 141 203
11 96 203
123 141 214
18 40 88
83 88 203
40 88 252
78 173 259
81 130 259
130 173 259
216 259 287
173 200 218
30 47 335
173 186 218
48 199 336
3 48 253
30 173 200
186 231 239
74 335 336
15 74 336
30 68 286
18 40 132
151 199 336
18 111 132
30 47 200
48 87 199
15 151 336
9 177 246
48 170 253
5 9 10
5 175 306
10 87 170
21 177 246
21 253 254
253 254 275
155 231 260
21 155 246
41 89 325
16 60 213
185 222 260
5 9 85
191 222 230
5 230 306
22 50 59
60 114 175
60 213 245
16 103 342
103 128 342
16 105 213
103 128 272
109 180 316
180 274 316
50 272 316
50 58 316
180 293 322
113 293 319
109 148 293
105 195 272
137 292 320
189 292 314
242 292 320
118 264 269
84 107 269
134 244 255
93 107 244
138 194 255
12 244 255
149 197 340
12 194 255
138 164 194
182 197 277
43 182 234
242 264 320
93 264 320
137 271 293
148 293 319
58 109 148
58 109 316
101 163 234
43 234 344
171 270 289
25 317 344
150 163 248
150 163 234
127 163 248
268 273 340
86 101 226
86 121 184
187 196 235
121 202 268
86 99 226
45 273 295
184 273 295
101 127 163
86 101 121
99 187 196
99 187 226
69 228 289
101 226 228
90 171 289
69 90 289
50 108 169
270 289 317
169 270 330
23 33 308
50 58 108
147 169 276
22 50 169
59 128 233
37 73 329
23 276 308
147 276 308
49 233 329
33 37 329
53 326 331
321 326 331
148 319 344
93 319 320
57 284 339
100 284 339
64 280 282
75 267 326
212 267 326
77 262 312
198 261 347
45 257 273
146 250 302
136 249 288
229 249 288
93 244 277
28 236 260
231 236 260
236 259 287
189 291 314
228 234 344
191 222 246
225 245 291
219 285 298
219 285 318
215 313 328
243 321 331
144 207 303
100 207 303
206 346 349
66 204 269
127 202 340
202 268 340
100 201 207
200 218 275
97 198 267
182 197 234
245 291 314
85 191 246
190 238 302
120 190 238
189 242 292
188 229 288
188 219 328
181 247 281
78 186 236
185 230 306
180 272 274
43 319 344
170 177 253
21 177 253
176 206 349
114 175 342
128 175 342
101 228 234
60 175 245
174 227 301
115 262 312
169 171 270
168 304 318
168 285 318
138 166 255
257 273 340
76 160 220
146 261 347
55 223 338
23 49 329
46 102 158
39 143 243
24 309 315
44 299 345
133 144 324
84 204 269
41 140 325
26 41 140
125 299 341
51 153 232
6 83 203
42 152 256
83 111 286
39 143 327
38 139 302
31 183 221
7 223 241
37 179 308
120 174 227
38 51 232
26 41 118
239 254 275
96 203 214
11 130 173
0 152 296
28 291 333
38 139 232
91 145 162
12 244 277
78 236 259
80 211 221
36 62 122
105 137 195
60 114 342
61 224 324
57 240 339
80 211 310
186 231 236
223 241 343
68 111 286
150 197 234
121 184 273
9 170 177
7 91 223
180 272 322
41 118 242
150 248 340
41 189 242
45 142 257
1 196 235
16 103 105
6 11 173
95 172 334
77 215 262
20 70 210
93 182 277
3 47 48
6 11 203
23 33 329
21 239 254
44 220 345
30 74 335
5 85 191
72 80 334
46 102 157
201 207 297
30 83 173
51 98 252
32 54 343
20 27 119
218 239 275
90 147 171
1 184 196
0 42 152
14 91 165
22 23 49
50 59 128
39 95 327
21 155 239
185 225 245
88 123 141
81 237 305
5 191 230
1 184 295
22 49 233
61 224 297
198 208 267
32 35 343
157 178 290
103 105 272
120 174 190
135 158 337
137 271 322
3 47 200
4 14 94
84 134 244
15 40 132
121 268 273
57 240 296
24 192 227
24 65 309
9 10 170
14 142 145
31 125 341
25 106 148
168 217 304
3 253 275
12 149 194
25 148 344
14 91 145
15 74 132
92 157 290
47 48 336
55 265 338
20 27 210
32 247 281
10 87 199
143 280 282
18 83 88
22 23 276
188 215 328
38 250 302
115 133 262
133 134 144
172 258 334
84 107 244
222 246 260
110 120 238
64 71 217
243 283 311
32 136 281
145 162 346
67 187 226
67 112 226
68 111 132
24 65 227
72 80 221
72 125 299
72 299 345
147 169 171
67 73 179
37 73 179
68 74 132
25 270 330
90 112 179
2 77 215
16 60 342
25 270 317
36 122 210
150 197 340
58 106 148
106 108 330
185 245 306
51 98 129
33 37 308
14 94 165
206 249 346
146 190 302
81 130 305
183 211 221
6 83 173
30 83 286
88 123 252
50 128 272
90 147 179
14 45 142
131 240 323
156 282 298
39 80 334
10 151 199
186 218 239
174 301 326
18 83 111
101 121 127
99 184 196
64 168 217
67 112 179
86 99 184
219 298 328
137 195 322
118 140 269
160 220 266
118 242 264
134 166 255
133 161 262
52 124 349
12 149 277
135 305 337
105 245 314
152 256 323
137 292 314
105 213 245
25 106 330
110 232 238
113 137 320
28 89 291
113 137 293
121 127 202
141 203 214
3 200 275
124 346 349
188 219 288
70 159 210
30 68 74
93 182 319
44 131 323
136 281 288
22 59 233
113 319 320
175 245 306
105 137 314
223 279 343
66 140 269
144 204 303
84 144 204
144 224 324
243 283 321
144 207 224
168 285 300
124 145 346
146 190 261
147 179 308
52 176 349
282 285 298
