62 181 247
90 171 179
53 263 331
115 133 312
66 140 303
44 220 299
43 182 319
91 162 251
2 188 215
211 283 310
97 198 208
146 205 250
62 71 122
17 29 64
117 284 290
57 100 339
28 260 333
149 197 277
228 317 344
149 257 340
101 121 202
1 63 235
36 62 348
32 35 136
91 223 241
91 162 165
55 63 94
54 247 279
149 194 257
14 145 162
1 45 295
4 14 165
133 161 324
14 45 145
36 159 210
136 162 346
161 215 262
219 304 318
62 71 181
64 282 300
44 209 299
20 29 116
39 72 80
75 208 267
139 232 238
198 307 347
98 123 332
11 83 203
8 309 315
38 129 332
75 212 267
44 131 297
258 266 334
61 161 324
76 220 297
42 152 296
0 13 214
81 216 259
102 157 325
26 140 325
102 216 237
48 87 170
6 11 83
78 173 186
185 222 230
47 335 336
28 102 325
28 236 287
230 245 306
155 246 260
89 189 291
272 274 316
109 180 293
5 10 175
128 175 233
9 85 246
108 169 330
41 242 292
137 293 320
134 138 255
142 145 164
228 289 317
67 187 235
69 112 226
58 106 108
50 59 272
73 233 329
22 169 276
33 179 308
63 235 265
4 94 165
20 29 119
20 116 294
56 70 223
20 119 210
19 122 210
17 19 27
19 27 210
29 64 280
71 181 217
62 247 348
36 70 279
55 223 265
27 119 210
34 56 223
34 294 338
7 91 241
56 70 294
34 56 294
36 70 159
116 265 294
116 235 265
70 223 279
34 223 338
265 294 338
223 265 338
55 91 223
55 63 265
14 162 165
55 94 165
4 63 94
1 4 63
45 142 145
7 91 251
55 91 165
149 194 277
142 164 257
7 241 343
7 35 251
32 281 288
7 35 343
223 241 279
54 279 343
241 279 343
136 229 288
136 229 249
32 136 288
206 249 349
124 138 164
52 206 349
52 176 206
133 176 312
124 138 166
134 138 166
66 84 204
144 207 324
77 115 312
77 115 262
298 313 327
156 298 327
172 313 327
95 172 327
2 188 229
71 168 217
64 168 300
143 243 280
143 156 327
282 285 300
298 313 328
143 156 282
154 243 311
82 154 243
154 283 311
39 72 334
160 172 313
160 172 258
160 258 266
72 211 310
72 80 310
72 211 221
220 299 345
31 183 341
31 125 299
154 283 310
53 301 326
243 311 331
211 283 321
243 280 331
53 321 326
53 321 331
53 167 263
183 212 341
65 309 315
53 167 301
167 263 309
75 212 326
190 261 302
65 227 301
139 238 302
24 192 315
120 190 227
24 65 315
198 208 261
75 174 326
212 267 341
75 174 208
209 307 347
97 208 267
97 267 341
209 299 307
174 190 227
146 198 261
120 192 227
120 232 238
38 139 250
8 110 315
8 110 126
38 51 129
38 250 332
51 126 153
8 51 126
123 214 332
98 123 252
146 261 302
146 205 347
98 129 332
146 198 347
193 209 347
0 79 256
0 42 256
79 256 323
57 117 296
0 13 104
131 201 240
152 240 296
152 240 323
201 240 339
193 205 347
44 193 209
97 198 307
97 299 307
44 220 297
76 160 266
125 299 345
220 266 345
61 76 297
76 220 266
61 297 324
61 76 161
224 297 324
131 201 297
100 201 339
100 144 207
57 100 284
207 224 324
100 144 303
107 264 269
84 134 144
100 278 303
66 204 303
100 278 284
178 278 303
26 118 140
140 157 325
28 102 287
195 272 322
28 89 325
135 158 305
102 158 237
130 237 305
135 158 237
81 216 237
102 216 287
46 117 290
46 92 290
57 117 284
46 117 337
117 296 337
46 158 337
13 96 214
0 42 296
104 296 337
13 104 305
135 237 305
0 104 296
88 141 203
11 96 203
123 141 252
123 141 214
88 141 252
18 40 88
83 88 203
40 88 252
30 83 111
68 132 286
30 111 286
78 173 259
6 11 130
6 130 173
130 173 259
216 259 287
47 200 336
30 47 335
173 186 218
48 199 336
78 186 231
3 48 253
186 231 239
74 335 336
30 68 286
18 40 132
151 199 336
30 47 200
48 87 199
9 177 246
186 218 275
48 170 253
85 191 230
5 9 10
5 175 306
10 87 170
186 239 275
21 177 246
21 253 254
253 254 275
21 155 246
21 155 254
41 89 325
78 231 236
16 60 213
191 222 260
5 9 85
191 222 230
5 230 306
5 85 230
22 50 59
60 114 175
189 245 314
272 274 322
60 213 245
16 103 342
103 128 342
16 105 213
103 128 272
180 274 316
50 272 316
50 58 316
180 274 322
113 293 319
109 148 293
26 41 325
137 195 292
137 292 320
189 292 314
242 292 320
118 264 269
93 113 319
66 84 269
84 107 269
134 244 255
138 194 255
12 244 255
149 197 340
12 194 277
12 194 255
150 197 248
182 197 277
242 264 320
93 264 320
137 271 293
148 293 319
113 293 320
93 113 320
58 109 148
43 234 344
171 270 289
25 317 344
150 163 248
150 163 234
101 127 202
127 163 248
268 273 340
197 248 340
127 202 268
45 273 340
86 101 226
86 121 184
121 202 268
86 99 226
45 273 295
101 127 163
86 101 121
99 187 226
112 187 226
69 228 289
90 171 289
37 67 179
67 112 187
50 108 169
270 289 317
147 171 270
23 33 308
50 58 108
147 169 276
22 50 169
59 128 272
59 128 233
37 73 329
22 49 276
23 276 308
23 49 276
147 276 308
33 37 179
37 67 73
49 233 329
33 37 329
266 334 345
148 319 344
167 301 309
283 321 331
64 280 282
146 250 302
248 268 340
93 244 277
93 244 264
107 244 264
81 237 259
130 237 259
28 236 260
231 236 260
236 259 287
176 229 312
228 234 344
225 245 291
72 221 345
125 221 345
219 285 298
219 285 318
215 313 328
212 321 326
211 212 321
183 211 212
159 210 294
206 229 249
193 205 323
201 224 297
181 217 281
196 273 295
105 195 314
193 240 323
85 191 246
191 246 260
190 238 302
120 190 238
178 278 290
174 190 208
190 208 261
188 229 288
188 219 328
181 247 281
185 225 291
185 230 245
43 319 344
170 177 253
21 177 253
114 175 342
128 175 342
60 175 245
174 227 301
168 304 318
168 285 318
101 163 228
163 228 234
160 161 313
70 159 294
189 245 291
23 49 329
46 92 102
46 102 158
39 143 243
3 200 336
133 144 324
17 29 119
42 152 256
231 239 260
39 143 327
39 172 334
38 153 232
127 248 268
26 41 118
239 254 275
96 203 214
116 280 331
283 311 331
155 239 254
222 260 333
3 218 275
136 162 251
28 291 333
38 139 232
217 281 304
184 196 273
180 271 322
31 97 299
31 97 341
80 82 243
43 150 234
30 173 218
12 244 277
58 109 180
78 236 259
72 334 345
36 62 122
138 194 257
60 114 342
120 192 315
79 205 250
57 240 339
20 210 294
121 184 273
139 250 302
9 170 177
18 111 286
110 120 315
41 118 242
45 257 340
45 142 257
1 4 45
1 196 235
16 103 105
69 101 228
77 215 262
58 180 316
176 206 229
93 182 277
4 14 45
140 178 303
54 247 281
120 126 153
38 51 153
32 54 281
247 279 348
23 33 329
30 74 335
155 239 260
30 83 173
100 207 224
51 98 252
32 54 343
43 182 197
17 64 168
0 79 332
124 166 176
39 80 243
195 292 314
281 288 304
2 77 229
185 291 333
39 95 327
185 225 245
147 171 179
22 49 233
32 35 343
157 178 290
137 271 322
43 150 197
84 134 244
17 27 119
3 200 218
36 279 348
29 116 280
121 268 273
30 200 218
57 240 296
24 192 227
136 346 349
17 71 168
9 10 170
25 106 148
168 217 304
3 253 275
25 148 344
3 48 336
161 215 313
39 95 172
1 196 295
92 157 290
10 87 199
143 280 282
18 83 88
188 215 328
103 105 195
145 164 346
18 132 286
115 133 262
133 134 144
110 120 126
172 258 334
19 71 122
84 107 244
145 162 346
24 65 227
69 101 226
133 134 166
68 74 132
40 74 132
25 270 330
15 74 151
74 151 336
0 214 332
90 112 179
2 77 215
16 60 342
77 229 312
25 270 317
36 122 210
15 40 74
69 112 289
58 106 148
80 82 154
106 108 330
51 98 129
133 166 176
80 154 310
180 271 293
183 211 221
6 83 173
89 189 292
41 89 292
92 102 157
156 282 298
11 96 130
10 151 199
96 130 305
13 96 305
17 19 71
174 301 326
65 301 309
18 83 111
99 184 196
67 112 179
86 99 184
219 298 328
138 164 257
79 205 323
99 196 235
76 160 161
100 201 224
137 195 322
118 140 269
103 195 272
104 158 305
120 153 232
118 242 264
133 161 262
52 124 349
104 158 337
147 169 330
105 245 314
152 256 323
105 213 245
25 106 330
90 112 289
28 89 291
31 125 183
141 203 214
219 288 304
52 124 176
124 346 349
125 183 221
188 219 288
30 68 74
93 182 319
44 131 193
131 193 240
99 187 235
147 270 330
35 136 251
22 59 233
136 249 349
175 245 306
79 250 332
278 284 290
140 157 178
124 164 346
66 140 269
144 204 303
84 144 204
185 222 333
168 285 300
147 179 308
282 285 298
