-676.747 420.966
1832.43 703.758
1474.89 -1648.31
-552.611 405.542
-1173.03 -1556.98
-1291.53 -106.024
-344.603 -1631.93
-1284.81 -1657.9
1884.61 -841.335
153.559 1196.24
-629.355 1528.34
1955.35 -102.064
206.116 -1048.46
998.07 -1314.01
-177.027 90.7048
1042.87 1146.23
-1488.33 875.304
-150.016 1986.56
1226.99 1297.37
392.102 -1946.03
1740.39 1100.57
-52.058 -604.209
1468.65 663.128
-262.108 1353.25
1821.79 1891.45
549.491 -807.562
1419.79 504.844
1090.37 -374.09
1456.38 88.4441
311.896 -720.648
-1820.85 -645.234
-1574.42 -1309.18
-1769.93 275.562
-1322.62 1457.06
-427.065 1069.48
1511.03 -686.67
170.057 -541.027
709.121 -361.296
-1877.9 -1552.99
-1008.04 1943.89
-1661.54 1541.45
-863.667 1758.26
46.2917 -1773.29
-615.832 -497.329
315.151 1696.06
782.023 494.299
-949.17 1207.6
1185.12 -719.1
-516.836 1862.5
-1262.04 1056.1
931.981 -1751
-1630.57 -897.962
-292.031 1078.55
740.742 -169.93
1525.56 1732.7
-226.035 1864.03
1274.15 910.298
1622.28 -679.562
1137 -993.548
823.109 -547.845
-1297.48 -394.868
1946.45 -246.654
-1187.27 1131.57
1034.25 295.897
994.073 1772.21
-648.004 -73.946
-1978.79 -278.576
1028.09 -270.825
-1200.03 -231.166
1559.25 -1674.46
-498.468 -666.789
-1810.44 -1224.32
-1756.49 1811.85
96.1163 1380.51
-1181.7 -1080.77
-1167.33 -479.185
524.357 -1220.88
1274.16 1337.09
1910.7 308.406
-367.013 904.768
80.6165 984.983
-1169.18 101.823
-1293.59 1858.91
1831 -493.619
-372.252 1390.24
-168.083 1129.28
-1276.54 21.4791
1904.96 -1033.04
-166.675 1.07498
-1652.52 651.624
920.3 -819.856
-1827.56 -555.343
-40.7337 1446.6
-1218.25 -130.039
-244.995 414.734
-1225.27 1835.62
-600.283 -394.449
-62.5556 106.124
-535.535 -231.557
1612.5 1092.21
-841.313 -555.579
221.493 -117.858
1465.9 126.452
849.106 -700.774
-1872.47 1196.58
1950.85 1047.83
-1623.27 -1876.71
-1507.52 335.993
1569.89 -725.77
-1794.05 -675.107
1688.96 -1019.32
-839.485 -911.319
586.235 1097.96
1194.8 -1949.3
-1133.6 807.309
1142.91 25.0887
-1748.27 -635.595
1907.23 1717.63
1490.86 756.337
-983.143 1618.38
-47.0806 -1032.29
666.21 329.647
-909.004 1158.69
-1334.36 -1339.12
-1567.08 -1128.41
-14.2228 -1878.11
-147.721 1146.29
-789.431 -1561.49
244.251 -1594.63
-1510.79 1110.65
1212.68 1632.13
-864.259 1464.41
-1003.47 -957.028
1182.05 -1512.61
1799.31 -1801.1
-1894.23 -247.772
-833.39 771.981
-1918.13 257.606
-69.3258 -1252.49
918.49 363.598
-380.891 -1095.73
485.486 1471.39
-1949.44 1696.05
1909.9 294.81
-1898.57 -1600.88
-594.537 1314.11
-1968.76 541.204
778.526 -972.228
1584.18 -39.4294
-484.84 1383.49
