23 96 131
47 185 198
85 103 157
58 68 195
25 61 167
113 120 182
133 141 179
35 167 168
21 144 150
21 43 150
16 121 183
40 66 189
20 110 119
46 139 155
21 43 165
19 30 85
43 163 184
72 79 95
28 40 151
103 136 186
28 92 157
65 140 171
7 31 65
103 186 199
130 131 143
96 156 180
67 75 138
5 118 135
9 64 191
31 65 82
51 104 128
140 162 197
40 151 189
0 142 179
84 104 194
113 133 134
2 59 175
22 132 174
61 71 196
12 107 115
12 22 148
29 67 75
14 54 148
14 44 118
53 132 174
14 54 112
54 86 112
6 62 108
26 161 167
106 109 161
120 134 196
63 69 109
30 155 173
94 105 175
36 155 173
95 120 182
73 78 123
47 110 119
8 124 172
33 57 177
35 124 172
91 129 185
47 110 198
47 91 185
122 154 178
45 122 154
20 70 119
55 89 125
21 89 165
55 78 198
34 43 150
43 163 165
21 89 125
89 165 198
55 89 198
16 121 152
2 59 63
21 125 144
58 63 158
3 46 127
85 103 127
46 81 155
46 127 139
2 58 149
2 36 173
69 71 94
71 105 126
36 81 155
30 139 155
19 66 85
19 30 79
3 103 127
24 92 199
154 178 186
129 137 178
137 178 186
42 129 137
42 80 187
24 42 199
24 42 80
28 60 151
24 80 145
102 145 166
80 145 166
28 92 102
28 40 157
131 143 190
23 60 130
23 130 131
23 96 187
23 80 187
29 41 64
93 187 191
7 83 147
1 143 194
7 83 143
1 83 143
88 140 147
9 162 193
49 140 197
49 142 179
0 128 179
84 88 142
1 84 194
0 84 142
1 84 88
51 66 189
104 189 194
51 104 189
113 120 134
133 134 196
113 128 133
71 94 105
69 106 109
61 161 167
63 109 158
26 109 161
12 25 168
25 107 196
61 106 161
25 61 196
71 126 196
107 133 196
128 133 179
120 126 196
75 77 138
9 29 48
29 41 67
9 29 64
41 67 169
67 138 169
101 115 117
107 117 133
115 118 164
14 118 148
107 115 117
12 22 168
5 44 118
44 112 170
41 64 135
4 5 135
38 153 192
112 170 192
4 5 170
5 44 170
14 44 112
38 86 108
86 112 192
6 38 108
38 86 192
35 53 168
22 54 132
115 118 148
22 54 148
12 115 148
12 25 107
26 167 172
25 167 168
35 167 172
6 62 132
6 35 132
54 62 132
35 53 132
57 87 111
87 114 124
57 87 114
13 146 181
33 57 114
27 188 195
2 58 63
8 74 100
74 188 195
26 27 109
26 172 188
26 27 188
58 68 158
27 68 195
10 16 149
59 94 175
2 36 149
2 105 175
121 125 152
16 149 152
18 116 183
10 18 160
52 121 183
144 149 152
125 144 152
11 55 78
11 98 123
13 98 123
11 78 123
17 39 78
39 73 181
17 39 99
39 73 78
39 146 181
32 37 97
15 76 176
6 87 111
39 99 146
15 76 111
76 99 111
97 176 177
140 162 171
101 141 169
49 138 179
138 141 179
51 128 182
113 128 182
73 123 181
101 117 141
105 120 126
101 115 164
101 164 169
52 98 183
37 97 195
97 146 176
92 102 145
92 103 157
162 171 193
47 91 119
91 119 122
93 96 156
1 83 88
83 88 147
82 90 193
82 90 191
31 82 156
72 105 120
79 95 182
19 79 182
92 103 199
76 146 176
76 99 146
74 172 188
96 131 180
74 97 195
74 97 100
13 97 98
69 71 106
45 70 136
60 130 194
70 119 122
82 171 193
30 85 127
18 58 160
28 60 166
8 33 177
13 97 146
41 118 164
82 93 156
2 72 173
153 170 192
91 122 129
46 50 56
143 156 180
22 53 168
20 110 198
20 70 136
20 136 184
19 51 66
4 135 153
46 56 81
7 143 156
59 63 94
43 50 184
97 100 177
10 58 149
93 96 187
52 121 125
29 48 77
7 31 156
130 143 194
65 82 171
36 144 150
45 154 186
41 164 169
10 18 183
2 72 105
28 102 166
23 60 80
137 186 199
3 50 103
15 57 111
45 136 186
35 87 124
64 135 153
40 66 157
10 58 160
4 153 170
8 100 177
11 52 98
20 163 184
9 90 191
19 51 182
9 90 193
8 74 172
60 189 194
10 16 183
68 109 158
22 53 174
66 85 157
84 104 128
37 58 195
30 72 173
34 36 150
117 133 141
20 159 198
15 57 177
60 80 166
24 92 145
45 70 122
8 33 124
48 162 197
18 58 116
72 95 120
30 72 79
34 36 56
163 165 198
34 50 56
82 93 191
49 88 140
42 137 199
30 127 139
6 35 87
122 129 178
13 123 181
36 144 149
52 55 125
37 58 116
32 37 183
37 116 183
20 159 163
41 118 135
36 56 81
34 43 50
32 98 183
61 71 106
11 52 55
15 176 177
3 46 50
63 69 94
9 48 162
48 77 197
49 77 197
49 77 138
49 88 142
50 103 136
131 180 190
50 136 184
29 75 77
138 141 169
0 84 128
54 86 108
54 62 108
159 163 198
65 140 147
32 97 98
60 151 189
33 114 124
7 65 147
27 68 109
143 180 190
