40 66 85
58 116 195
23 96 131
85 103 157
58 68 195
8 172 188
21 144 150
16 121 183
40 66 189
13 32 97
46 139 155
144 149 150
19 30 85
43 163 184
45 136 154
28 40 151
103 136 186
40 85 157
65 140 171
7 31 65
51 66 182
103 186 199
67 75 138
5 118 135
9 64 191
51 104 128
140 162 197
40 151 189
113 133 134
2 59 175
22 132 174
61 71 196
12 107 115
49 141 179
12 22 148
29 67 75
14 54 148
14 44 118
53 132 174
14 54 112
54 86 112
6 62 108
54 62 86
106 109 161
120 134 196
30 155 173
94 105 175
110 159 198
20 110 159
33 100 177
47 119 122
91 129 185
47 91 185
47 91 122
3 50 56
91 122 178
122 154 178
20 159 184
45 122 154
20 70 184
21 89 165
55 78 198
159 163 184
34 43 150
43 163 165
89 165 198
55 89 198
2 59 63
58 63 158
34 46 56
85 103 127
46 81 155
46 127 139
36 81 150
69 71 94
30 79 173
30 139 155
19 66 85
19 30 79
3 103 127
24 92 199
42 137 186
154 178 186
136 154 186
91 129 178
129 137 178
137 178 186
42 129 137
42 80 187
24 92 102
42 186 199
24 102 145
24 42 199
102 145 166
28 40 157
23 60 130
23 60 166
23 130 131
23 96 187
23 80 166
23 80 187
29 41 64
93 187 191
7 65 140
31 143 156
7 31 143
1 143 194
7 83 143
1 83 147
1 83 143
1 88 147
88 140 147
90 171 193
9 162 193
9 48 77
9 162 197
9 77 197
49 140 197
49 142 179
19 66 182
84 88 142
1 84 194
0 84 142
1 84 88
0 104 128
151 189 194
104 189 194
51 113 128
19 79 95
51 113 182
113 120 134
19 95 182
133 134 196
113 128 133
59 69 94
71 94 105
63 109 158
26 109 161
12 25 168
61 106 161
25 61 196
72 95 126
71 126 196
128 133 179
95 120 126
120 126 196
75 77 138
41 101 169
49 138 141
9 29 48
29 41 67
9 29 64
41 67 169
67 138 169
107 117 133
41 115 164
115 118 164
14 118 148
107 115 117
12 22 168
5 44 118
41 64 135
4 64 135
4 5 135
4 64 153
38 153 192
4 5 170
5 44 170
14 44 112
38 86 108
86 112 192
6 38 108
62 86 108
38 86 192
22 54 132
115 118 148
22 54 148
12 115 148
12 25 107
25 167 168
8 74 188
22 168 174
6 62 132
53 168 174
54 62 132
57 87 111
6 35 124
87 114 124
6 87 124
57 87 114
13 146 181
8 114 124
8 33 100
8 74 100
8 33 114
74 188 195
26 27 109
26 172 188
58 68 158
27 68 195
58 116 160
59 63 69
59 94 175
2 36 149
2 105 175
36 149 150
16 149 152
37 116 195
13 32 98
32 37 116
52 121 183
144 149 152
125 144 152
11 55 78
52 55 98
11 55 98
11 98 123
13 98 123
11 78 123
17 39 78
39 73 181
13 73 123
17 39 99
13 73 181
37 97 100
32 37 97
15 76 176
6 87 111
15 76 111
76 99 111
97 176 177
140 162 171
26 161 172
43 150 165
21 150 165
143 151 194
101 141 169
128 142 179
0 128 142
47 119 185
117 133 179
101 141 179
92 102 157
99 146 181
39 99 181
52 98 183
97 146 176
92 103 157
162 171 193
89 125 144
21 89 144
83 140 147
82 90 191
60 143 151
31 82 156
81 155 173
57 114 177
92 103 199
76 146 176
76 99 146
96 131 180
69 71 106
33 114 177
71 72 126
71 72 105
45 70 136
70 119 122
70 110 119
30 85 127
63 106 109
28 151 166
101 117 179
8 35 124
18 32 116
13 97 146
26 27 195
25 61 161
3 56 127
31 65 171
52 55 89
25 161 167
41 118 164
82 93 156
2 72 173
31 82 171
153 170 192
46 56 127
143 156 180
72 95 173
18 32 183
16 125 152
16 58 149
10 16 160
79 95 173
37 74 195
10 116 160
43 50 184
97 100 177
161 167 172
93 96 187
8 35 172
52 121 125
95 113 182
2 36 81
29 48 77
70 136 184
60 151 166
130 131 190
82 90 171
10 18 183
28 102 157
2 72 105
28 102 166
3 50 103
15 57 111
6 35 53
60 143 190
2 81 173
4 153 170
52 89 125
42 80 166
9 90 191
10 18 116
9 90 193
16 121 125
10 16 183
68 109 158
25 133 196
0 104 194
26 188 195
2 63 149
20 70 110
119 185 198
46 81 150
15 57 177
93 156 180
45 70 122
0 84 194
44 112 192
163 165 198
34 50 56
82 93 191
49 88 140
30 127 139
93 96 180
53 167 172
6 53 132
58 63 149
39 78 123
37 74 100
39 73 123
41 115 117
41 101 117
95 113 120
7 83 140
41 118 135
51 66 104
24 42 145
42 145 166
25 107 133
34 46 150
34 43 50
44 170 192
32 98 183
61 71 106
15 176 177
66 104 189
16 58 160
49 77 197
49 77 138
49 88 142
50 103 136
131 180 190
50 136 184
29 75 77
53 167 168
138 141 169
35 53 172
159 163 198
110 119 198
60 130 190
63 69 106
27 68 109
143 180 190
