23 96 131
85 103 157
58 68 195
25 61 167
35 167 168
21 144 150
21 43 150
32 52 183
16 121 183
40 66 189
13 32 97
19 30 85
43 163 184
45 136 154
72 79 95
28 40 151
28 92 157
65 140 171
7 31 65
103 186 199
96 156 180
5 118 135
9 64 191
51 104 128
140 162 197
40 151 189
2 59 175
22 132 174
61 71 196
12 107 115
12 22 148
4 153 192
29 67 75
14 54 148
53 132 174
14 54 112
54 86 112
6 62 108
26 161 167
30 155 173
95 120 182
73 78 123
33 100 177
74 100 195
33 57 177
91 129 185
47 91 185
3 50 56
20 159 184
45 122 154
20 70 184
55 89 125
21 89 165
55 78 198
159 165 198
159 163 184
34 43 150
159 163 165
21 89 125
89 165 198
55 89 198
2 59 63
21 125 144
58 63 158
34 46 56
34 43 184
3 46 56
3 46 127
85 103 127
46 127 139
36 81 150
2 58 149
69 71 94
30 139 155
19 66 85
19 30 79
3 103 127
24 92 199
154 178 186
3 50 136
136 154 186
91 129 178
129 137 178
137 178 186
42 129 137
42 80 187
24 42 80
28 60 151
24 80 145
102 145 166
80 145 166
28 92 102
28 40 157
0 84 104
60 143 194
23 130 131
23 96 187
23 80 166
23 80 187
29 41 64
93 187 191
7 65 140
1 143 194
1 83 143
88 140 147
90 191 193
90 171 193
9 162 193
9 191 193
49 140 142
9 162 197
49 140 197
49 142 179
0 84 142
1 84 88
0 104 128
104 189 194
19 79 95
19 95 182
59 69 94
61 161 167
63 109 158
26 109 161
12 25 168
25 107 196
25 61 196
71 126 196
128 133 179
120 126 196
101 138 141
48 75 77
9 29 48
29 48 75
29 41 67
9 29 64
41 67 169
101 115 117
101 138 169
41 115 164
115 118 164
14 118 148
107 115 117
12 22 168
44 112 170
41 64 135
4 64 135
4 5 135
4 64 153
38 153 192
4 5 170
5 44 170
14 44 112
38 86 108
86 112 192
6 38 108
38 86 192
35 53 168
22 54 148
12 25 107
26 167 172
25 167 168
35 167 172
22 168 174
6 62 132
53 168 174
57 87 111
87 114 124
57 87 114
13 146 181
33 57 114
2 58 63
26 27 109
26 172 188
26 27 188
58 68 158
27 68 195
58 116 160
59 63 69
2 36 149
2 105 175
16 149 152
18 116 183
13 32 98
55 121 125
52 121 183
144 149 152
125 144 152
11 55 78
32 52 98
52 55 121
52 55 98
11 55 98
11 78 123
17 39 78
39 73 181
17 39 99
39 73 78
39 146 181
99 146 176
32 37 97
15 76 176
6 87 111
39 99 146
76 99 176
15 76 111
76 99 111
97 176 177
140 162 171
49 138 179
138 141 179
23 130 166
60 130 166
51 128 182
113 128 182
128 142 179
0 128 142
128 133 134
73 123 181
120 133 134
47 119 185
117 133 179
101 117 141
117 141 179
41 115 169
101 115 169
105 120 126
110 119 185
37 97 195
97 146 176
94 105 126
92 102 145
92 103 157
91 154 178
162 171 193
91 122 154
47 91 119
91 119 122
93 96 156
83 143 156
83 140 147
1 83 88
83 88 147
82 90 191
31 82 156
81 155 173
107 117 196
72 105 120
81 139 155
46 81 139
71 94 126
67 77 169
92 103 199
74 172 188
96 131 180
69 71 106
7 83 156
45 70 136
70 119 122
70 110 119
117 133 196
97 100 195
30 85 127
63 106 109
28 60 166
27 74 188
8 35 124
13 97 146
31 65 171
41 118 164
82 93 156
77 138 169
2 72 173
31 82 171
24 42 137
24 137 199
22 62 132
143 156 180
22 54 62
21 43 163
21 163 165
20 110 198
19 51 66
12 115 118
67 75 77
16 125 152
16 58 149
10 16 160
1 104 194
4 112 170
10 116 160
97 100 177
4 112 192
93 96 187
3 103 186
8 35 172
33 74 100
5 14 44
2 36 81
7 31 156
70 136 184
36 144 150
130 131 190
1 84 104
82 90 171
10 18 183
2 72 105
28 102 166
137 186 199
59 94 105
15 57 111
6 35 53
35 87 124
60 143 190
40 66 157
84 88 140
2 81 173
120 134 182
84 140 142
19 51 182
10 18 116
16 121 125
8 74 172
60 189 194
10 16 183
68 109 158
5 14 118
66 85 157
113 134 182
20 70 110
12 118 148
46 81 150
37 58 195
30 72 173
20 159 198
8 33 74
15 57 177
24 92 145
45 70 122
8 33 124
11 13 123
72 95 120
27 74 195
30 72 79
34 50 184
110 185 198
34 50 56
82 93 191
30 127 139
6 35 87
13 123 181
36 144 149
37 58 116
32 37 183
37 116 183
6 53 132
3 136 186
11 13 98
7 83 140
41 118 135
51 66 104
113 128 134
34 46 150
61 71 106
15 176 177
66 104 189
16 58 160
48 77 197
9 48 197
49 77 197
49 77 138
131 180 190
50 136 184
54 86 108
54 62 108
120 133 196
59 105 175
60 151 189
61 106 109
33 114 124
60 130 190
61 109 161
63 69 106
27 68 109
143 180 190
