23 96 131
85 103 157
58 68 195
35 167 168
21 144 150
21 43 150
16 121 183
45 70 119
20 110 119
13 32 97
19 30 85
43 163 184
72 79 95
28 40 151
103 136 186
40 85 157
65 140 171
96 131 190
7 31 65
51 66 182
103 186 199
130 131 143
143 156 190
5 118 135
9 64 191
31 65 82
51 104 128
140 162 197
40 151 189
0 142 179
113 133 134
22 132 174
61 71 196
12 107 115
14 54 148
14 44 118
53 132 174
14 54 112
54 86 112
6 62 108
54 62 86
120 134 196
30 155 173
94 105 175
36 155 173
110 159 198
20 110 159
47 110 119
8 124 172
33 100 177
33 57 177
35 124 172
47 119 122
91 129 185
122 154 178
45 122 154
45 119 122
20 70 119
20 70 184
21 89 165
55 78 198
34 43 150
89 165 198
55 89 198
58 63 158
34 43 184
3 46 127
85 127 139
85 103 127
46 127 139
2 58 149
2 36 173
69 71 94
36 81 155
30 85 139
30 139 155
19 66 85
19 30 79
103 157 199
3 103 127
24 92 199
154 178 186
129 137 178
137 178 186
42 129 137
42 80 187
102 145 166
80 145 166
28 92 102
28 40 157
131 143 190
60 130 143
60 143 194
23 130 131
23 80 166
156 180 190
96 180 190
93 156 187
29 41 64
93 187 191
7 65 140
31 93 156
140 171 193
31 82 93
1 143 194
1 83 147
1 83 143
88 140 142
1 88 147
88 140 147
140 162 193
90 171 193
9 162 193
49 140 142
49 140 197
49 142 179
0 128 179
19 66 182
84 88 142
0 84 142
1 84 88
51 66 189
104 189 194
51 104 189
113 120 134
133 134 196
113 128 133
59 69 94
61 69 71
71 94 105
61 69 106
63 109 158
26 109 161
12 25 168
25 61 196
72 95 126
71 126 196
128 133 179
95 120 126
120 126 196
101 138 141
9 29 48
118 135 164
9 29 64
41 67 169
101 115 117
101 138 169
107 117 133
14 118 148
107 115 117
5 44 118
41 64 135
41 135 164
4 64 135
4 5 135
4 64 153
38 153 192
4 5 170
5 44 170
14 44 112
38 86 108
86 112 192
6 38 108
62 86 108
38 86 192
35 53 168
22 54 132
22 54 148
12 25 107
25 167 168
35 167 172
6 62 132
54 62 132
35 53 132
57 87 111
87 114 124
6 87 124
2 58 63
26 27 109
26 172 188
26 27 188
58 68 158
27 68 195
10 16 149
58 116 160
59 63 69
59 94 175
2 36 149
2 105 175
16 149 152
16 18 183
10 18 160
18 116 160
10 16 18
13 32 98
32 37 116
52 121 183
144 149 152
125 144 152
11 55 78
11 98 123
13 98 123
11 78 123
17 39 78
39 73 181
17 39 99
99 146 176
32 37 97
15 76 176
6 87 111
13 97 176
76 99 176
15 76 111
76 99 111
96 180 187
97 176 177
26 161 172
22 148 168
49 138 179
138 141 179
23 130 166
60 130 166
51 128 182
113 128 182
35 124 132
73 123 181
91 122 185
117 133 179
101 117 141
117 141 179
101 115 169
28 102 151
47 122 185
99 146 181
39 99 181
52 98 183
37 97 195
92 102 145
89 125 144
21 89 144
40 85 189
115 164 169
83 143 156
83 140 147
82 90 191
81 139 155
46 81 139
23 80 96
79 95 182
19 79 182
67 77 169
77 162 197
74 172 188
74 97 195
74 97 100
7 83 156
71 72 126
71 72 105
45 70 136
33 87 114
63 106 109
27 74 188
18 32 116
25 61 161
12 148 168
52 55 89
25 161 167
77 138 169
2 72 173
24 42 137
24 137 199
153 170 192
91 122 129
34 136 184
46 50 56
22 53 168
21 43 163
21 163 165
2 63 175
102 151 166
18 32 183
67 75 77
46 56 81
16 125 152
48 77 162
1 104 194
97 100 177
10 58 149
161 167 172
33 57 87
6 124 132
59 63 175
52 121 125
33 74 100
95 113 182
146 176 181
29 48 77
7 31 156
65 82 171
70 136 184
36 144 150
45 154 186
41 164 169
60 151 166
1 84 104
47 110 185
82 90 171
2 72 105
28 92 199
137 186 199
3 50 103
15 57 111
45 136 186
10 58 160
4 153 170
11 52 98
52 89 125
20 163 184
9 90 191
9 90 193
16 121 125
156 180 187
8 74 172
60 189 194
68 109 158
25 133 196
22 53 174
12 115 164
12 118 148
84 104 128
37 58 195
30 72 173
34 36 150
8 33 74
15 57 177
24 92 145
44 112 192
8 33 124
13 176 181
34 50 136
27 74 195
30 72 79
34 36 56
163 165 198
110 185 198
34 50 56
82 93 191
122 129 178
41 67 75
13 123 181
36 144 149
37 58 116
20 159 163
39 78 123
39 73 123
29 41 75
95 113 120
7 83 140
66 85 189
42 80 145
36 56 81
24 42 145
25 107 133
44 170 192
32 98 183
11 52 55
15 176 177
3 46 50
9 48 162
28 157 199
49 77 197
49 77 138
50 103 136
80 96 187
29 75 77
0 84 128
159 163 198
60 151 189
61 106 109
12 118 164
33 114 124
61 109 161
63 69 106
27 68 109
