12 17 23
5 20 44
2 19 26
24 39 47
23 32 38
1 4 25
8 16 29
1 27 28
1 8 27
20 27 49
20 27 28
5 41 44
20 28 44
0 2 17
0 6 41
0 17 38
17 23 38
0 32 38
18 32 42
6 33 42
6 32 42
0 6 32
14 24 47
11 14 31
9 18 37
3 22 45
22 43 45
3 13 22
3 13 36
10 13 22
24 25 39
24 25 46
8 16 27
4 7 34
10 13 36
18 42 48
30 40 49
10 35 36
33 39 47
6 28 41
28 41 44
28 33 39
19 26 30
7 34 36
21 31 43
22 31 43
8 29 35
2 5 26
14 21 31
5 20 26
4 21 34
9 11 14
3 21 45
15 33 47
4 25 46
20 30 49
21 24 46
2 12 19
16 27 40
21 43 45
14 15 42
4 21 46
1 28 39
0 2 41
2 12 17
1 8 36
3 21 34
19 30 40
1 25 39
14 18 37
27 40 49
3 34 36
8 35 36
16 19 40
20 26 30
1 4 36
11 22 31
9 14 37
4 7 36
2 5 41
14 15 47
14 18 48
14 21 24
14 42 48
6 28 33
15 33 42
12 16 19
