5 20 44
2 19 26
23 32 38
1 4 25
24 45 46
1 8 29
8 16 29
7 10 36
12 30 40
12 16 40
1 27 28
1 8 27
20 27 49
28 33 44
0 5 41
17 23 38
15 18 42
18 32 42
6 33 42
6 32 42
25 28 33
14 24 47
21 34 45
15 18 48
22 43 45
3 13 36
10 13 22
21 45 46
21 25 46
1 25 28
25 33 39
1 29 35
1 4 35
4 7 34
10 13 36
3 7 36
30 40 49
33 39 47
6 32 41
24 31 45
27 28 44
25 46 47
25 39 47
22 31 43
13 22 45
5 6 33
2 5 26
5 20 26
2 5 17
11 24 31
0 32 41
4 21 34
9 37 48
24 46 47
4 21 25
20 27 44
8 16 49
9 11 14
15 33 47
12 19 23
2 17 23
12 19 49
8 27 49
0 5 17
2 19 23
14 15 37
5 6 41
16 40 49
7 34 45
11 14 24
7 10 35
4 7 35
3 13 45
3 7 45
11 22 31
9 14 37
9 18 48
12 30 49
14 15 47
31 43 45
15 33 42
5 33 44
15 37 48
17 32 38
0 17 32
19 20 26
19 20 49
