5 20 44
2 20 26
24 39 47
23 32 38
14 24 31
8 16 29
20 26 49
16 30 40
12 16 40
1 27 28
1 8 27
20 27 49
20 27 28
20 28 44
28 33 44
2 5 20
0 2 17
0 32 38
14 24 47
21 34 45
11 14 31
14 37 47
11 31 43
22 43 45
11 22 43
10 13 22
27 30 49
4 7 34
3 7 36
15 42 48
18 42 48
10 35 36
6 33 41
6 32 41
24 31 45
28 33 39
2 26 30
13 22 45
8 29 35
1 4 21
26 30 49
0 32 41
4 21 34
9 37 48
9 11 14
2 19 40
4 8 36
21 24 45
2 30 40
12 19 23
1 4 8
0 23 38
2 17 23
21 24 46
1 25 46
5 33 41
6 39 47
1 28 39
2 19 23
0 2 41
6 18 42
0 17 23
1 21 46
6 15 42
1 25 39
3 10 36
7 34 45
3 10 13
6 33 39
6 15 47
8 35 36
8 16 30
3 13 45
3 7 45
8 27 30
9 14 37
9 18 48
6 18 32
4 7 36
2 5 41
25 39 46
31 43 45
5 33 44
15 37 48
15 37 47
24 39 46
12 19 40
