12 81 96
30 105 117
26 133 176
75 91 119
31 86 176
34 45 99
12 81 181
22 95 184
50 62 96
96 132 139
45 163 185
31 119 176
4 13 164
73 160 188
0 142 179
36 159 170
0 42 151
22 95 194
11 22 194
0 35 128
2 53 74
94 100 168
100 110 161
94 100 110
7 152 164
20 47 169
33 109 122
3 47 83
71 77 192
92 131 149
17 89 173
48 114 115
6 54 60
81 167 181
12 62 96
12 62 144
12 144 181
30 105 167
30 167 181
16 50 62
30 117 144
30 144 181
50 96 178
16 62 144
16 50 178
19 99 158
96 139 178
45 99 163
48 84 98
34 99 158
19 102 158
13 164 188
19 21 102
19 21 99
7 32 183
21 80 99
4 13 80
4 80 99
9 41 90
7 90 152
9 52 173
32 172 183
25 150 155
25 150 170
25 155 172
73 117 160
73 137 143
150 159 170
125 142 184
22 125 184
36 81 184
42 151 183
38 42 183
0 42 142
2 64 74
125 142 179
0 35 179
22 125 179
81 95 184
53 74 124
20 27 47
27 145 157
20 29 169
1 145 199
1 145 157
29 110 124
3 47 180
29 83 169
118 171 191
47 83 169
94 171 191
82 174 197
10 106 189
78 118 197
2 53 88
53 82 88
28 151 183
9 43 121
43 107 121
9 85 121
9 85 108
9 108 173
17 55 89
59 89 147
17 55 113
63 126 196
61 106 156
23 79 126
14 59 141
103 135 147
68 72 177
10 40 106
47 136 177
10 78 189
72 146 177
61 189 196
61 106 189
78 189 197
109 122 198
109 120 198
33 146 192
49 129 186
49 77 192
15 129 186
49 77 129
71 77 129
44 70 129
44 129 175
92 127 190
113 130 165
69 112 140
44 70 190
17 86 113
70 148 190
26 116 123
56 70 123
70 123 148
52 65 173
104 153 187
97 133 140
51 84 154
87 152 164
52 65 87
58 65 87
48 154 163
31 111 195
48 84 154
18 115 193
114 115 193
18 115 132
115 132 139
18 39 166
18 39 132
46 153 187
46 104 153
6 54 56
26 57 123
56 123 182
6 56 60
11 194 199
94 168 191
18 166 193
38 155 183
4 154 164
138 166 187
46 138 187
47 136 180
24 132 166
39 132 166
63 131 134
130 131 134
15 129 149
0 128 151
127 148 190
23 126 189
53 124 171
14 135 141
33 122 146
72 122 146
85 121 174
82 121 174
49 120 192
11 64 128
11 35 128
48 101 114
5 66 101
37 166 187
54 57 123
16 117 144
92 149 190
36 142 184
25 143 170
34 158 178
34 45 115
32 164 188
26 116 140
32 73 93
32 73 188
31 67 111
46 104 138
29 74 124
7 32 164
59 89 134
28 41 90
28 41 107
27 145 199
27 29 162
26 133 140
27 162 199
25 32 93
24 60 132
23 189 197
5 66 91
52 87 90
149 175 190
34 139 178
63 122 131
112 140 165
58 67 111
25 93 143
66 138 193
72 122 156
26 119 176
10 40 136
14 79 135
95 194 199
16 117 160
5 8 101
33 120 192
66 75 91
63 122 156
66 75 138
129 149 175
51 58 67
66 114 193
63 79 126
36 143 170
88 121 151
7 90 183
11 35 179
24 37 60
68 136 177
48 115 163
138 166 193
28 121 151
15 131 149
110 124 171
86 113 165
58 87 154
103 174 197
74 162 199
36 142 159
89 108 173
87 90 152
20 27 29
17 86 195
40 68 136
5 8 67
24 37 166
21 102 160
10 136 168
100 136 180
26 57 119
69 140 148
9 43 107
36 81 143
14 79 134
94 110 171
57 75 119
102 158 178
34 115 139
17 65 173
116 123 140
15 186 198
42 142 159
55 89 130
5 91 119
16 102 160
17 65 195
82 88 121
15 131 198
1 157 199
38 150 155
45 115 185
115 163 185
9 41 107
42 150 159
47 146 192
47 146 177
48 98 101
49 120 198
37 54 187
51 67 98
9 52 90
38 42 150
85 108 147
40 68 72
53 118 171
54 56 182
33 109 120
53 118 197
126 189 196
53 82 197
11 22 179
54 104 187
76 133 176
54 57 104
54 123 182
57 75 104
51 58 154
58 65 195
58 111 195
59 135 147
59 135 141
61 63 156
61 63 196
64 74 199
63 79 134
8 98 101
37 54 60
2 64 88
64 88 151
64 128 151
11 64 199
49 186 198
51 84 98
66 101 114
31 67 119
99 154 163
5 67 119
69 92 127
29 74 162
69 127 148
16 102 178
73 105 117
72 106 156
73 93 143
73 105 137
23 79 197
25 32 172
28 107 121
75 104 138
81 105 137
76 97 133
44 175 190
76 97 140
76 86 176
28 90 183
78 168 191
10 78 168
78 118 191
79 135 197
21 80 188
13 80 188
81 105 167
76 140 165
40 72 106
3 83 110
29 83 110
85 103 174
85 103 147
81 137 143
76 86 165
31 86 195
87 154 164
89 108 147
123 140 148
89 130 134
8 67 98
69 92 112
92 130 165
92 130 131
92 112 165
155 172 183
95 157 199
4 99 154
100 136 168
55 113 130
100 161 180
103 135 197
14 59 134
122 131 198
21 160 188
3 110 180
110 161 180
