12 81 96
89 147 173
69 127 131
100 161 168
13 21 80
69 112 130
75 91 119
31 86 176
5 31 91
12 81 181
22 95 184
96 132 139
45 163 185
31 119 176
7 164 188
22 35 179
0 42 151
22 95 194
100 110 161
7 152 164
161 168 180
20 47 169
10 94 191
63 122 196
33 109 122
3 47 83
71 77 192
133 140 148
63 130 131
69 130 131
59 130 134
108 147 173
48 114 115
66 91 104
139 158 178
81 167 181
12 144 181
32 93 172
32 93 188
30 144 181
16 50 178
4 154 163
19 99 158
34 45 185
96 139 178
34 139 158
45 99 163
4 99 163
48 84 98
7 32 188
19 102 158
13 164 188
7 32 183
117 144 160
4 13 80
4 80 99
4 51 154
7 90 152
9 52 87
9 52 173
25 93 172
38 142 159
102 160 188
13 21 188
32 172 183
38 172 183
38 155 159
25 155 172
73 117 160
73 137 143
22 125 184
36 81 184
38 42 142
38 155 172
0 42 142
2 64 74
11 35 64
22 125 179
81 95 184
95 157 194
20 27 47
74 124 199
1 145 199
29 110 124
3 47 180
118 171 191
47 83 169
94 171 191
53 94 124
135 174 197
78 118 197
2 53 88
53 94 171
28 151 183
43 107 121
9 85 108
9 108 173
59 141 147
59 89 147
55 89 113
14 59 141
103 135 174
47 136 177
63 131 198
33 72 122
78 189 197
15 175 198
33 72 146
33 146 192
49 129 186
49 77 192
15 129 186
15 129 175
15 120 186
44 70 129
44 129 175
149 175 198
113 130 165
79 126 134
63 130 134
69 112 140
76 86 113
112 130 165
92 127 131
69 127 140
44 70 190
116 123 148
70 148 190
116 133 148
56 70 123
70 123 148
26 75 104
97 133 140
76 113 165
76 86 97
31 91 119
65 111 195
51 84 154
58 65 111
87 152 164
58 65 87
51 58 111
51 67 84
67 84 98
18 115 193
24 37 54
114 115 193
18 39 132
24 54 132
24 37 187
46 66 104
46 153 187
75 91 104
46 104 153
56 123 182
57 123 182
6 56 60
11 194 199
49 186 192
120 186 192
122 156 196
106 156 189
61 156 189
1 145 194
93 143 150
143 150 170
47 136 180
136 168 180
126 134 196
24 132 166
39 132 166
0 128 151
128 142 179
0 128 142
92 127 149
127 140 148
127 148 190
126 156 196
61 126 156
14 135 141
29 124 162
124 162 199
85 121 174
82 121 174
82 118 174
114 138 166
48 101 114
18 39 114
5 66 101
26 57 153
20 29 110
36 142 179
2 53 124
36 81 167
36 143 167
36 125 184
11 35 194
63 109 198
6 57 182
46 66 166
94 100 124
10 78 191
4 13 51
28 88 121
28 41 90
28 41 107
27 145 199
27 29 162
28 88 151
26 75 119
27 162 199
25 155 159
8 48 101
17 52 87
24 46 187
23 189 197
5 66 91
16 144 160
64 88 128
24 46 166
112 140 165
1 194 199
13 87 164
62 96 144
44 149 190
15 109 198
72 122 156
26 119 176
27 145 194
86 97 133
36 150 159
26 116 176
10 40 136
17 65 87
14 79 135
6 54 132
10 100 168
5 8 101
33 120 192
8 48 98
34 115 185
31 51 111
44 149 175
10 94 100
64 128 179
36 143 170
17 55 86
43 85 121
7 90 183
13 51 87
26 104 153
5 31 67
68 136 177
118 174 197
27 157 194
48 115 163
127 149 190
39 114 166
49 71 129
9 43 85
53 88 171
19 21 188
3 83 169
2 74 124
36 142 159
92 149 198
36 150 170
87 90 152
41 87 90
57 116 123
105 143 167
20 27 29
17 86 195
86 111 195
6 60 132
54 57 187
40 68 136
5 8 67
55 86 113
68 146 177
92 131 198
23 79 135
68 72 146
6 54 57
10 136 168
93 160 188
57 153 187
9 43 107
14 79 134
50 62 178
102 158 178
23 135 197
6 56 182
23 61 189
34 115 139
19 102 188
15 109 120
19 80 99
34 45 158
16 102 160
9 41 87
17 52 173
17 65 195
78 106 189
82 88 121
18 114 193
31 51 67
88 128 151
38 151 183
49 71 77
63 134 196
115 163 185
9 41 107
47 146 192
47 146 177
17 55 173
82 88 118
50 62 144
37 54 187
45 99 158
85 108 147
16 50 144
103 135 141
33 109 120
36 125 179
19 21 80
55 89 173
18 115 139
26 57 116
20 110 169
59 113 130
18 132 139
61 79 126
23 61 79
64 74 199
25 150 159
63 109 122
62 96 178
51 58 87
2 64 88
11 64 199
3 110 169
105 137 143
66 114 138
66 101 114
66 138 166
16 102 178
59 89 113
73 105 117
72 106 156
73 93 143
73 105 137
97 140 165
28 107 121
28 90 183
116 133 176
38 42 151
10 78 106
78 118 191
30 105 144
12 96 144
10 72 106
48 84 163
84 154 163
85 103 174
85 103 147
31 86 111
86 133 176
35 64 179
88 118 171
22 35 194
8 67 98
73 93 160
25 93 150
76 97 165
100 110 124
10 40 68
103 141 147
10 68 72
14 59 134
105 117 144
30 105 181
105 167 181
3 110 180
110 161 180
