89 147 173
41 43 107
40 136 168
13 21 80
69 112 130
75 91 119
31 86 176
5 31 91
50 62 96
16 102 158
45 163 185
31 119 176
7 164 188
93 143 170
0 142 179
36 159 170
94 110 124
100 110 161
94 100 110
7 152 164
20 47 169
54 56 57
40 68 106
61 122 156
63 122 196
71 77 192
23 126 196
92 131 149
63 130 131
89 113 130
106 122 156
5 31 111
108 147 173
48 114 115
66 101 138
12 62 96
16 50 62
32 93 188
50 96 178
16 62 144
16 50 178
19 99 158
96 139 178
45 99 163
4 99 163
16 158 178
48 84 98
19 102 158
19 21 102
19 21 99
21 80 99
4 13 80
4 80 99
4 51 154
7 90 152
9 52 87
25 155 172
25 93 170
93 143 188
73 117 137
73 117 160
73 137 143
150 159 170
125 142 184
36 81 184
42 151 183
38 42 183
2 64 74
11 35 64
35 64 128
125 142 179
11 22 35
81 95 184
95 157 194
20 27 47
27 145 157
74 124 199
20 27 162
20 29 162
1 145 199
29 162 199
29 124 199
29 110 124
47 83 169
94 171 191
82 174 197
135 174 197
78 118 197
82 118 197
28 82 151
53 94 171
82 88 151
28 151 183
43 107 121
103 108 147
9 87 152
59 89 130
59 141 147
17 55 89
59 89 147
17 55 113
55 89 113
23 79 126
103 135 147
23 189 196
68 72 177
47 136 177
47 177 192
68 72 106
146 177 192
72 146 177
61 189 196
61 122 196
78 189 197
15 175 198
109 122 198
49 109 120
33 72 146
109 120 198
33 146 192
49 77 192
44 70 129
92 127 190
149 175 198
131 149 198
113 130 165
79 126 134
63 130 134
69 112 140
76 86 113
112 130 165
92 127 131
69 127 140
26 116 133
17 86 113
116 123 148
70 148 190
26 116 123
116 133 148
56 70 123
70 123 148
97 133 176
52 65 173
104 153 187
86 97 176
76 113 165
76 86 97
31 91 119
51 84 154
58 65 111
87 152 164
52 65 87
58 65 87
4 51 58
101 114 138
48 84 154
48 98 114
18 115 193
24 37 54
114 115 193
18 39 166
18 39 132
24 37 187
57 104 187
46 104 153
26 57 123
56 123 182
57 123 182
56 57 182
6 56 60
11 194 199
83 169 180
143 167 170
106 156 189
61 156 189
150 155 170
25 155 170
145 157 194
1 145 194
30 144 167
73 143 160
42 142 151
0 142 151
117 137 144
47 136 180
153 166 187
135 141 147
126 134 196
24 132 166
39 132 166
0 128 179
0 128 151
127 140 148
127 148 190
14 135 141
85 121 174
82 121 174
119 133 176
118 168 191
114 138 166
41 43 90
9 43 152
36 42 142
3 20 180
20 29 110
32 183 188
16 117 144
36 81 167
36 142 184
31 65 195
35 125 179
34 158 178
34 45 115
32 38 183
7 28 188
127 130 131
28 82 121
7 28 90
22 95 125
28 41 90
28 41 107
27 145 199
143 160 188
27 162 199
25 32 93
6 24 56
23 189 197
44 70 149
46 153 166
34 139 178
63 122 131
11 22 95
112 140 165
12 96 167
1 194 199
13 87 164
71 77 186
30 143 167
32 38 155
97 133 148
4 48 163
15 44 129
14 79 135
31 65 111
10 106 168
5 8 101
66 75 91
4 48 154
53 74 88
32 155 172
20 169 180
15 71 129
44 149 175
66 75 138
51 58 67
43 90 152
62 144 181
43 85 121
26 75 133
68 136 177
22 35 125
48 115 163
35 128 179
36 42 159
9 43 85
28 183 188
6 24 132
65 89 195
3 20 110
17 86 195
6 60 132
54 57 187
15 44 175
40 68 136
5 8 67
14 134 141
21 102 160
33 49 192
100 136 180
12 167 181
144 167 181
9 52 85
14 79 134
66 91 101
13 58 87
18 96 132
4 13 58
34 115 139
24 166 187
15 186 198
13 21 164
18 96 115
18 114 166
98 101 114
16 102 117
34 45 158
5 91 101
78 106 189
18 114 193
81 96 167
21 164 188
63 134 196
38 150 155
45 115 185
115 163 185
42 150 159
95 125 184
82 88 118
49 120 198
37 54 187
45 99 158
51 67 98
38 42 150
53 118 191
85 108 173
100 168 191
53 171 191
69 127 130
36 167 170
33 49 109
57 75 104
26 57 75
85 108 135
64 74 199
33 72 109
12 62 181
8 98 101
2 64 88
64 88 151
64 128 151
11 64 199
65 89 173
49 186 198
5 58 111
30 105 143
105 137 143
51 84 98
24 54 56
70 92 190
5 58 67
70 92 149
102 117 160
23 79 197
130 134 141
2 74 88
52 85 173
74 94 124
53 74 94
25 32 172
28 107 121
75 119 133
75 104 138
76 97 140
49 77 186
10 78 106
78 118 168
10 78 168
105 137 144
30 105 144
15 71 186
79 135 197
46 104 166
76 140 165
47 83 180
85 135 174
31 86 195
11 95 194
53 88 118
8 67 98
17 89 195
103 108 135
96 115 139
97 140 148
40 106 168
100 136 168
100 161 180
94 100 191
59 130 141
104 138 166
72 106 109
106 109 122
122 131 198
21 160 188
3 110 180
110 161 180
