30 105 117
13 21 80
75 91 119
31 86 176
34 45 99
96 132 139
45 163 185
31 119 176
7 164 188
7 28 107
22 35 179
0 35 128
10 40 168
3 29 110
100 110 161
10 78 118
7 152 164
20 47 169
61 122 156
33 109 122
3 47 83
71 77 192
23 126 196
10 118 191
48 114 115
66 101 138
12 144 181
81 143 167
105 137 167
30 117 144
30 144 181
16 50 178
19 99 158
34 45 185
96 139 178
45 99 163
34 139 185
48 115 185
115 139 185
34 99 158
19 102 158
19 21 102
19 21 99
4 13 80
4 51 154
7 90 152
38 155 159
25 150 170
25 155 172
137 143 167
81 143 170
36 81 170
36 81 184
38 155 172
38 42 183
0 42 142
2 64 74
11 35 64
35 64 128
22 125 179
11 22 35
81 95 184
95 157 194
20 27 47
27 145 157
74 124 199
27 145 162
20 29 169
1 145 157
29 110 124
3 29 83
29 83 169
40 68 177
2 88 151
47 83 169
94 171 191
14 23 79
82 174 197
135 174 197
78 118 197
82 118 197
28 82 151
82 88 151
28 151 183
9 43 121
9 85 121
9 85 108
59 89 130
59 141 147
59 89 147
17 55 113
63 126 196
61 106 156
23 79 126
103 135 174
14 23 135
146 177 192
61 106 189
78 189 197
109 122 198
33 146 192
49 77 192
15 129 186
44 70 129
113 130 165
76 86 113
112 130 165
17 31 195
44 70 190
26 116 133
116 123 148
26 116 123
116 133 148
56 70 123
70 123 148
76 113 165
65 111 195
51 84 154
58 65 111
87 152 164
51 58 111
51 67 84
31 111 195
5 67 98
5 8 98
48 84 154
48 163 185
48 98 114
18 115 193
24 37 54
114 115 193
18 39 132
24 39 132
46 153 187
46 104 153
26 57 123
56 123 182
6 56 60
11 194 199
49 186 192
120 186 192
32 172 188
10 168 191
125 159 179
157 194 199
136 168 180
63 131 134
130 131 134
0 128 151
92 127 149
94 124 171
14 135 141
29 124 162
124 162 199
33 122 146
72 122 146
85 121 174
82 121 174
26 119 133
119 133 176
23 61 196
41 43 90
38 42 159
41 107 121
9 43 152
18 39 114
39 101 114
54 57 123
37 39 187
32 183 188
16 117 144
47 136 192
36 125 184
35 142 179
0 35 142
25 143 170
34 158 178
7 41 90
4 13 87
32 38 183
48 67 84
1 162 199
94 100 124
7 28 188
28 82 121
22 95 125
73 93 137
52 87 152
27 29 162
25 155 159
24 60 132
6 24 56
23 189 197
34 139 178
63 122 131
11 22 95
12 96 167
13 87 164
7 41 107
62 96 144
44 149 190
59 79 141
25 93 188
25 93 143
15 109 198
72 122 156
36 150 159
31 86 113
97 133 148
4 48 163
15 44 129
6 24 60
16 117 160
5 8 101
33 120 192
52 58 87
4 21 163
66 75 91
4 48 154
53 74 88
32 38 172
31 51 111
44 149 175
9 52 152
66 75 138
0 42 183
43 90 152
63 79 126
4 21 80
25 172 188
9 52 108
70 140 190
69 97 127
127 149 190
97 140 190
100 168 180
1 145 162
92 149 198
36 150 170
28 183 188
89 108 173
3 47 136
21 99 163
20 27 29
48 67 98
54 57 187
142 159 179
0 151 183
15 44 175
3 136 180
68 146 177
92 131 198
68 72 146
21 102 160
26 57 119
93 160 188
12 167 181
36 125 159
57 153 187
17 31 113
66 91 101
50 62 178
57 75 119
102 158 178
23 135 197
23 61 189
39 138 166
136 177 192
109 120 186
13 21 164
17 52 65
42 142 159
55 89 130
5 91 119
98 101 114
41 43 121
15 149 198
39 101 138
16 102 160
17 52 173
5 91 101
17 65 195
78 106 189
18 114 193
31 51 67
4 51 87
92 112 130
1 157 199
49 71 77
81 96 167
21 164 188
97 112 165
95 125 184
17 55 173
49 71 186
82 88 118
50 62 144
73 93 117
52 58 65
37 54 187
52 108 173
85 108 147
16 50 144
53 118 191
103 135 141
54 56 182
100 168 191
39 46 166
33 109 120
53 171 191
54 123 182
55 89 173
57 75 104
18 115 139
57 104 153
39 46 187
61 63 122
61 63 196
18 132 139
64 74 199
25 150 159
62 96 178
63 79 134
40 168 177
51 58 87
8 98 101
2 64 151
64 128 151
11 64 199
136 168 177
31 67 119
5 67 119
69 92 127
69 97 112
24 54 56
16 102 178
70 140 148
73 105 117
72 106 156
73 105 137
2 74 88
28 107 121
74 124 171
53 74 171
75 104 138
76 97 133
10 78 106
76 86 133
79 130 134
12 96 144
15 149 175
59 79 130
14 79 141
10 72 106
46 104 166
71 129 186
85 103 174
85 103 147
86 133 176
11 95 194
53 88 118
89 108 147
69 92 112
92 130 131
93 117 160
93 137 143
97 140 148
76 97 165
97 127 190
100 110 124
10 40 68
55 113 130
100 161 180
94 100 191
103 141 147
10 68 72
24 37 39
104 138 166
30 105 181
105 167 181
15 109 186
122 131 198
21 160 188
3 110 180
110 161 180
