106 159 210
175 224 246
82 185 233
42 62 104
15 154 180
94 145 186
29 235 238
2 109 176
1 102 118
65 89 122
72 75 237
21 89 122
9 51 217
6 67 172
81 99 229
12 21 127
58 125 244
18 101 248
17 30 121
45 61 192
194 218 232
67 152 172
74 123 208
68 69 113
59 199 207
68 88 157
36 63 104
6 68 123
148 178 190
36 63 149
148 157 190
62 104 189
59 60 199
91 145 186
138 165 237
14 141 200
24 48 93
47 224 236
20 75 237
32 66 133
46 177 187
46 72 237
90 141 170
54 106 210
22 107 243
22 107 166
52 97 153
73 105 150
52 97 150
107 166 216
112 127 212
21 77 184
6 68 69
98 117 137
95 98 137
6 33 123
18 101 217
87 202 221
12 18 127
18 127 217
12 18 248
12 74 208
12 21 208
21 44 122
44 112 122
21 89 184
65 159 168
65 159 210
52 105 161
9 51 210
38 196 239
87 221 230
55 64 150
97 129 153
193 227 240
56 92 143
52 105 150
81 99 228
87 120 230
99 120 230
132 221 230
61 139 192
117 137 196
9 87 202
38 202 239
38 117 196
95 137 172
67 151 152
45 114 192
58 139 218
58 86 139
103 218 232
114 192 211
4 17 30
169 178 190
88 169 190
30 148 178
88 157 190
30 121 178
63 116 148
53 185 233
15 146 154
62 154 180
42 124 146
15 29 124
17 104 189
36 42 104
35 167 238
63 116 149
36 111 149
15 59 235
15 124 146
47 235 238
5 29 124
59 93 158
13 60 102
43 155 229
156 204 229
1 156 232
156 194 232
1 80 118
155 204 229
13 91 102
91 102 118
40 134 234
48 93 158
24 93 245
35 47 238
15 29 235
35 126 167
35 85 126
26 116 119
116 119 126
85 119 126
66 133 179
26 119 224
32 66 215
26 179 224
200 215 223
39 66 215
16 46 110
162 200 223
110 162 174
14 182 187
46 72 187
14 170 182
14 177 187
72 140 187
140 182 187
41 140 182
14 141 170
70 141 222
41 170 182
28 40 90
41 90 96
41 90 170
28 40 234
19 90 96
20 49 209
128 209 226
79 183 237
0 7 130
8 135 227
0 2 7
71 109 164
28 49 209
8 71 109
2 109 226
109 226 234
56 108 240
56 108 143
118 143 155
43 73 155
108 143 155
108 193 240
43 55 73
55 73 150
83 193 227
8 227 240
25 31 76
0 37 176
22 109 176
0 2 176
8 22 109
8 22 135
83 135 227
83 161 213
10 89 184
142 144 153
10 31 144
10 31 184
115 184 242
25 160 166
160 166 216
100 107 216
115 184 249
77 184 249
3 115 242
22 135 166
78 138 165
78 130 165
107 220 243
28 209 234
209 226 234
38 202 203
32 198 215
139 192 218
82 185 211
185 192 211
22 176 243
176 188 243
173 192 201
137 172 196
132 171 230
171 230 244
83 166 213
173 201 218
83 161 193
105 161 193
129 153 168
132 151 221
151 152 196
151 196 239
147 169 178
141 200 215
134 141 164
78 138 220
57 138 220
32 133 136
84 131 147
130 165 237
130 183 237
118 143 145
116 126 167
111 191 238
111 167 238
111 116 167
111 116 149
110 162 223
110 198 215
110 215 223
202 221 239
109 134 234
109 134 164
106 129 168
192 201 218
23 103 241
101 181 231
101 181 248
57 100 220
57 100 197
100 160 216
100 160 247
99 156 194
98 101 231
98 101 203
96 140 205
41 96 140
23 103 173
92 94 143
70 94 141
103 206 241
78 130 188
40 90 134
10 89 144
89 142 144
68 88 131
88 131 147
6 33 172
84 131 233
33 95 98
37 176 188
33 74 123
58 194 218
65 142 168
66 175 224
4 30 63
26 133 179
26 34 116
99 125 194
100 197 247
25 161 213
25 76 161
11 53 233
56 92 94
99 156 229
27 32 198
23 173 207
33 98 231
152 172 196
20 128 209
54 64 87
58 125 194
64 81 228
16 27 198
16 110 198
26 34 136
27 32 136
60 199 207
15 53 207
42 146 154
15 59 207
24 48 222
1 156 204
3 160 249
103 173 218
160 197 249
5 36 111
7 79 183
24 175 222
33 181 231
45 68 113
15 53 180
71 94 164
8 56 240
3 31 242
26 133 136
3 25 160
30 63 148
6 61 69
1 60 206
17 189 219
53 62 219
29 191 238
2 79 128
11 178 195
9 87 210
42 62 154
14 162 174
55 81 229
85 224 236
101 203 225
1 60 102
48 70 94
9 202 203
2 128 226
39 141 215
19 49 96
151 221 239
4 63 104
20 79 128
49 96 205
9 101 217
58 86 171
5 29 111
46 110 177
6 61 67
132 151 171
90 134 141
38 98 203
11 84 233
1 103 232
9 203 225
105 108 193
99 230 244
64 99 228
7 130 183
67 151 171
82 114 211
50 94 186
94 141 164
73 108 155
173 185 192
13 50 158
11 17 219
58 171 244
78 188 243
82 131 233
9 101 225
142 153 168
16 34 136
8 56 71
29 111 191
224 245 246
20 49 205
20 79 237
4 17 104
23 207 241
3 115 249
1 80 204
11 17 121
13 91 186
11 84 147
2 7 79
11 121 178
99 125 244
24 245 246
13 50 186
33 74 181
80 155 204
85 119 224
82 114 131
24 175 246
0 37 130
65 89 142
51 127 212
1 103 206
39 141 222
45 68 114
3 25 31
14 174 177
31 184 242
21 44 127
33 95 172
160 197 247
25 166 213
44 112 127
45 61 69
80 118 155
94 143 145
48 50 94
48 50 158
91 118 145
51 65 210
51 65 122
51 112 122
51 112 212
51 127 217
52 76 161
52 76 144
53 173 185
53 173 207
74 181 248
54 97 129
54 106 129
54 64 150
54 97 150
14 162 200
47 235 245
57 77 163
43 55 229
56 71 94
57 77 214
57 138 163
147 178 195
66 179 224
53 62 180
11 147 195
57 197 214
52 144 153
35 47 85
64 87 120
54 87 210
59 235 245
59 93 245
59 60 158
13 60 158
60 207 241
37 130 188
11 53 219
60 206 241
19 49 90
39 66 222
62 189 219
55 64 81
64 99 120
48 70 222
66 175 222
38 98 117
100 107 220
67 86 139
75 140 205
36 42 124
67 86 171
68 114 131
61 67 139
106 159 168
47 85 236
16 27 136
5 36 124
73 105 108
47 224 245
110 174 177
12 74 248
72 75 140
20 75 205
31 76 144
88 147 169
77 197 249
77 197 214
45 69 113
78 220 243
28 49 90
83 135 166
