106 159 210
175 224 246
82 185 233
62 146 154
35 85 236
94 145 186
2 109 176
60 199 206
65 89 122
92 94 145
9 51 217
97 106 129
81 99 229
139 201 218
61 86 139
45 61 192
74 123 208
68 69 113
113 114 131
59 199 207
68 88 147
68 88 157
36 63 104
36 42 111
59 60 199
53 59 207
23 206 241
91 145 186
138 165 237
14 141 200
24 48 93
13 91 158
47 224 236
46 72 237
72 96 205
54 106 210
22 188 243
22 107 243
55 81 228
21 44 112
65 89 168
52 97 150
107 166 216
112 127 212
21 77 184
6 68 69
98 181 231
98 117 137
18 101 217
87 202 221
12 18 127
18 127 217
21 112 127
127 212 217
51 212 217
21 44 122
44 112 122
129 159 168
106 129 159
132 202 221
54 64 120
87 221 230
54 87 120
156 194 229
55 64 150
52 153 161
54 97 106
81 99 228
87 120 230
151 171 239
132 221 230
61 139 192
86 151 171
117 137 196
33 95 181
95 137 172
67 151 152
6 67 69
67 86 151
45 114 192
45 113 114
45 61 113
61 67 86
23 173 201
139 192 201
114 131 211
82 131 211
114 192 211
4 17 30
169 178 190
4 30 148
63 116 148
4 17 63
4 63 148
11 219 233
68 84 147
53 185 233
53 59 180
17 63 104
36 42 104
35 167 238
36 111 149
5 191 238
59 93 158
15 59 180
13 60 102
43 155 229
199 207 241
199 206 241
23 103 201
23 103 206
103 201 218
1 206 232
156 204 229
1 156 232
99 194 229
1 80 156
155 204 229
80 156 204
13 91 102
70 94 186
50 91 186
92 143 145
41 72 140
48 50 91
141 200 222
50 70 186
24 93 245
35 47 236
35 126 167
35 85 126
26 136 179
34 116 136
200 215 223
39 66 215
39 200 215
110 162 198
32 136 198
27 110 198
16 27 34
162 200 223
110 162 174
14 182 187
14 170 182
14 177 187
72 140 187
41 72 96
14 141 170
70 141 222
41 170 182
39 200 222
72 75 205
75 96 205
19 90 96
128 209 226
79 183 237
0 7 130
8 135 227
0 2 7
28 209 226
28 226 234
28 49 209
8 71 109
8 71 240
43 73 155
108 143 155
108 193 240
43 55 73
83 193 227
22 109 176
0 2 176
144 153 161
10 89 184
10 31 184
115 184 242
25 160 166
160 166 216
100 107 216
3 160 242
115 184 249
77 184 249
3 115 242
22 37 188
78 138 165
0 78 130
78 130 165
107 220 243
188 220 243
78 188 220
138 163 214
57 138 214
120 228 230
224 235 245
38 202 203
11 195 219
26 179 236
178 195 219
121 178 219
173 192 201
137 172 196
132 171 230
171 230 244
132 171 202
169 178 195
159 168 210
65 168 210
163 197 214
163 197 249
161 193 213
105 161 193
157 169 190
151 152 196
151 196 239
52 150 161
147 169 195
70 141 164
134 141 164
78 138 220
57 138 220
95 137 181
66 133 175
32 133 162
32 133 136
133 136 179
130 165 237
130 183 237
129 142 144
129 144 153
58 125 171
125 171 244
111 124 191
89 122 184
26 119 136
116 119 136
118 143 145
38 117 239
116 126 167
111 191 238
111 167 238
42 111 124
111 116 167
111 116 149
8 109 135
99 228 230
22 109 135
107 135 166
102 118 145
91 102 145
101 181 231
101 181 248
57 100 220
57 100 214
100 160 216
100 160 247
98 101 231
98 101 225
41 96 170
90 96 170
56 92 108
48 91 93
91 93 158
40 90 234
40 90 134
52 97 129
6 33 172
84 131 233
33 74 123
33 181 248
98 137 181
31 76 242
15 29 59
15 29 154
27 110 177
31 142 144
99 125 194
100 197 247
80 102 118
27 34 136
85 116 119
23 53 173
26 85 236
21 122 184
30 148 157
152 172 196
10 89 168
133 175 224
21 74 208
133 179 224
20 49 79
17 121 178
16 27 46
26 85 119
58 125 194
71 164 234
17 42 189
39 66 175
20 72 237
55 64 120
6 152 172
55 105 161
61 67 113
15 62 180
38 171 239
20 72 75
9 51 54
51 54 210
33 68 123
17 30 178
17 42 104
5 29 47
7 79 183
8 193 227
79 128 209
25 160 242
71 94 164
88 157 169
1 60 206
21 74 127
6 67 152
38 171 202
17 189 219
12 18 101
2 109 234
49 79 209
30 157 178
90 134 170
14 162 174
55 81 229
1 60 102
9 202 203
0 22 176
0 22 37
40 134 164
5 35 47
5 124 146
5 35 238
12 33 248
9 101 217
58 86 171
71 109 234
68 84 113
10 129 142
38 98 203
8 193 240
27 46 177
11 84 233
98 203 225
9 203 225
105 108 193
99 230 244
2 79 226
7 130 183
70 94 164
20 75 96
73 108 155
62 124 146
157 178 190
53 207 241
42 62 189
173 185 192
19 20 96
56 71 108
41 140 187
5 146 154
23 53 241
82 131 233
9 101 225
47 224 235
19 20 49
179 224 236
5 29 154
10 129 168
144 161 213
3 197 249
12 74 127
224 245 246
134 141 170
66 133 162
22 107 135
17 121 219
32 162 198
20 79 237
3 115 249
76 83 213
11 84 147
2 7 79
10 31 142
12 101 248
2 226 234
99 125 244
24 245 246
15 62 154
28 90 234
53 62 189
72 177 187
92 108 143
36 63 116
36 116 149
0 37 78
37 78 188
29 47 235
48 70 246
39 175 222
77 163 249
40 164 234
41 182 187
14 174 177
5 124 191
31 184 242
33 95 172
46 72 177
160 197 247
83 166 227
29 59 235
85 116 126
6 33 68
80 118 143
27 136 198
84 113 131
25 76 242
51 65 210
51 65 122
51 112 122
51 112 212
53 173 185
52 129 153
83 193 213
53 219 233
53 189 219
54 87 202
55 150 161
54 64 150
54 97 150
14 162 200
9 54 202
206 218 232
58 156 194
135 166 227
43 55 229
100 197 214
53 62 180
11 147 195
58 156 232
58 218 232
59 235 245
117 196 239
59 93 245
59 60 158
13 60 158
143 155 204
19 49 90
55 73 105
42 62 124
48 50 70
66 162 223
12 33 74
38 98 117
66 215 223
175 222 246
100 107 220
67 69 113
24 48 246
3 160 197
70 222 246
56 71 92
71 92 94
71 108 240
73 105 108
110 174 177
76 144 213
82 192 211
25 76 83
31 76 144
88 147 169
79 128 226
1 80 102
28 49 90
80 143 204
55 120 228
82 185 192
86 139 218
25 83 166
103 206 218
58 86 218
