58 86 244
82 185 233
5 42 111
42 62 104
15 154 180
65 89 122
92 94 145
9 51 217
6 67 172
81 99 229
181 231 248
58 125 244
61 86 139
67 152 172
74 123 208
68 69 113
88 147 195
68 88 157
36 63 104
6 68 123
36 42 111
36 63 149
62 104 189
59 60 199
13 59 158
23 206 241
91 145 186
138 165 237
14 141 200
13 91 158
47 224 236
94 134 164
46 72 237
90 141 170
22 188 243
22 107 243
43 81 229
55 81 228
160 184 242
21 44 112
65 89 168
52 97 150
57 100 247
107 166 216
112 127 212
21 77 184
6 68 69
98 181 231
6 33 123
101 231 248
98 203 231
12 18 127
18 127 217
12 74 208
21 112 127
9 54 87
44 112 122
21 89 184
65 159 168
129 159 168
52 105 161
129 142 153
106 129 159
9 51 210
132 202 221
54 64 120
87 221 230
54 87 120
156 194 229
54 64 97
55 64 150
64 97 150
52 105 150
43 55 81
81 99 228
87 120 230
151 171 239
132 221 230
151 152 239
86 151 171
86 171 244
117 137 196
38 202 239
38 203 225
98 117 203
95 137 172
67 151 152
6 67 69
67 86 151
61 69 113
45 114 192
61 67 69
45 61 113
61 67 86
58 86 139
103 218 232
23 173 201
82 84 233
114 131 211
82 131 211
114 192 211
88 169 178
88 178 195
169 178 190
88 169 190
88 157 190
30 121 178
63 116 148
82 84 131
53 185 233
5 111 191
42 124 146
17 104 189
42 62 146
36 42 104
63 116 149
111 167 191
36 111 149
5 42 124
59 93 158
15 59 180
13 60 102
13 59 60
199 207 241
23 103 201
23 103 206
103 201 218
156 204 229
1 156 232
156 194 232
1 80 118
13 91 102
50 91 186
50 70 222
48 175 222
50 70 186
48 50 222
59 93 235
35 47 238
35 126 167
35 85 126
85 119 126
200 215 223
39 66 215
39 200 215
110 162 198
27 110 198
16 27 34
110 162 174
14 182 187
14 177 187
72 140 187
70 141 222
40 134 141
40 90 141
28 40 234
19 28 49
79 183 237
8 135 227
28 49 209
56 108 143
108 155 193
108 143 155
108 193 240
43 55 73
25 31 76
8 22 135
83 105 161
25 76 213
25 83 213
83 161 213
76 161 213
10 89 184
142 144 153
115 184 242
100 107 216
3 160 242
115 184 249
77 184 249
3 115 242
22 37 188
78 138 165
78 130 165
107 220 243
188 220 243
57 107 220
78 188 220
138 163 214
57 138 214
57 100 107
99 229 244
120 228 230
175 222 224
28 209 234
209 226 234
11 195 219
125 194 244
82 185 211
185 192 211
160 184 216
79 183 209
128 183 209
26 179 236
178 195 219
121 178 219
176 226 234
109 176 234
173 192 201
152 172 239
137 172 196
132 171 230
171 230 244
171 202 239
132 171 202
163 197 214
163 197 249
146 154 180
14 141 182
78 138 220
57 138 220
32 133 198
32 133 136
84 131 147
130 165 237
130 183 237
128 130 183
21 127 208
119 126 136
133 222 224
26 119 136
102 118 206
118 143 145
116 126 167
194 229 244
111 116 167
111 116 149
99 228 230
107 135 166
83 105 227
105 193 227
192 201 218
60 102 241
102 118 145
91 102 145
1 118 206
100 160 216
100 160 247
96 140 205
41 96 140
172 196 239
70 94 141
41 90 182
90 170 182
68 88 131
88 131 147
52 97 129
6 33 172
33 117 181
141 170 182
33 74 123
30 157 190
4 30 63
15 29 59
2 176 226
15 29 154
27 32 34
26 133 179
31 142 144
25 31 216
25 166 216
24 93 235
56 92 94
71 109 240
24 48 158
27 32 198
94 134 141
53 185 241
26 85 236
30 148 157
10 89 168
20 96 205
20 49 96
5 29 146
53 180 199
133 179 224
20 49 79
16 27 46
12 127 208
26 85 119
50 91 158
19 28 40
34 116 126
18 101 225
58 125 194
71 164 234
47 245 246
20 72 237
55 64 120
66 133 222
4 30 121
23 185 241
19 41 90
62 146 180
20 72 75
1 156 204
3 160 249
14 200 223
160 197 249
55 105 150
8 22 176
8 193 227
18 217 225
14 162 223
45 68 113
8 109 176
53 180 233
24 93 158
2 7 176
9 87 221
73 105 193
71 94 164
29 146 154
26 133 136
30 63 148
19 40 90
17 189 219
47 175 224
12 18 101
49 79 209
29 191 238
34 126 136
27 174 177
7 128 130
14 162 174
101 203 225
27 110 174
0 22 176
11 180 233
0 22 37
40 134 164
43 204 229
23 173 185
5 124 146
19 49 96
19 41 96
53 199 207
43 73 193
4 63 104
56 143 145
70 94 145
71 109 234
10 129 142
8 193 240
27 46 177
11 84 233
1 103 232
99 230 244
65 106 159
11 62 219
35 167 191
2 209 226
2 128 209
57 197 247
0 7 78
9 202 221
53 207 241
173 185 192
9 106 210
33 117 137
56 71 108
41 140 187
2 7 128
45 61 139
24 235 245
179 224 236
10 129 168
30 178 190
7 78 130
11 84 195
22 107 135
17 121 219
20 79 237
4 17 104
32 34 136
3 115 249
65 106 210
24 48 175
10 184 216
1 80 204
9 54 106
70 145 186
11 62 180
102 206 241
10 31 142
38 203 239
84 147 195
12 101 248
24 245 246
33 74 181
21 44 89
72 177 187
66 133 198
35 191 238
0 37 78
24 175 246
37 78 188
10 31 216
52 144 161
29 47 235
0 7 176
60 199 241
51 127 212
38 202 217
38 217 225
39 141 200
1 103 206
39 141 222
77 163 249
40 164 234
41 182 187
14 174 177
44 89 122
98 117 181
33 95 172
46 72 177
160 197 247
43 155 193
83 166 227
29 59 235
76 144 161
45 114 131
45 139 192
47 175 246
80 118 143
33 95 137
48 50 158
51 65 210
51 65 122
51 112 122
51 112 212
51 127 217
52 129 153
43 155 204
74 181 248
54 97 129
54 106 129
47 235 245
135 166 227
56 71 94
56 92 145
66 162 198
117 203 239
58 194 232
5 29 191
57 197 214
52 144 153
35 47 85
58 139 192
58 192 218
58 218 232
117 196 239
4 17 121
143 155 204
55 73 105
39 66 222
62 189 219
29 47 238
66 162 223
66 215 223
59 180 199
75 140 205
9 202 217
47 85 236
71 108 240
12 74 248
72 75 140
20 75 205
31 76 144
80 143 204
55 120 228
101 203 231
25 83 166
8 109 240
45 68 131
