82 185 233
79 128 183
15 154 180
65 89 122
74 123 181
21 89 122
112 122 212
81 99 229
181 231 248
18 101 248
61 86 139
74 123 208
68 69 113
113 114 131
59 199 207
68 88 147
68 88 157
36 63 104
6 68 123
36 42 111
36 63 149
59 60 199
11 195 233
13 59 158
53 59 207
91 145 186
70 94 134
80 118 204
47 224 236
46 72 237
90 141 170
56 92 164
22 107 243
52 97 153
43 81 229
125 230 244
21 44 112
65 89 168
52 97 150
100 216 247
12 181 248
77 214 249
12 74 181
21 77 184
6 68 69
33 123 181
98 117 137
6 33 123
101 231 248
98 203 231
12 18 127
12 18 248
21 112 127
51 122 212
9 54 87
21 44 122
44 112 122
21 89 184
129 159 168
89 129 168
89 129 142
9 51 210
132 202 221
54 64 120
38 196 239
54 87 120
156 194 229
64 97 150
52 153 161
97 129 153
193 227 240
81 99 228
132 221 230
117 137 196
38 202 239
38 117 196
98 117 203
38 117 203
95 137 172
137 152 196
152 196 239
61 69 113
45 114 192
45 113 114
45 61 113
61 67 86
58 125 218
23 173 201
139 192 201
82 84 233
114 131 211
82 131 211
4 17 30
169 178 190
30 148 178
63 116 148
121 178 195
82 84 131
53 185 233
82 173 185
53 59 180
53 185 207
62 154 180
42 124 146
36 42 104
111 149 167
116 126 149
63 116 149
111 167 191
36 111 149
5 191 238
5 42 124
59 93 158
15 59 180
13 60 102
13 59 60
23 103 201
1 206 232
156 204 229
1 156 232
99 194 229
156 194 232
1 80 118
1 80 156
80 156 204
13 91 102
50 91 186
40 134 234
70 134 141
141 200 222
48 175 222
47 235 246
235 245 246
35 126 167
35 85 126
126 149 167
34 116 136
32 133 179
200 215 223
39 66 215
32 136 198
162 200 223
110 162 174
162 174 177
14 182 187
46 72 187
14 170 182
72 140 187
70 141 222
41 170 182
40 134 141
40 90 141
134 164 234
72 75 205
19 90 96
20 49 75
128 209 226
130 165 183
79 183 237
0 37 188
0 2 7
28 209 226
28 226 234
28 49 209
56 71 164
8 71 109
109 226 234
56 108 240
56 108 143
43 73 155
108 143 155
108 193 240
83 193 227
25 31 76
0 37 176
0 2 176
8 22 109
8 22 135
83 135 227
25 76 213
25 83 213
144 153 161
83 161 213
10 89 184
10 89 142
10 31 184
115 184 242
25 160 166
160 166 216
100 107 216
160 216 247
115 184 249
77 184 249
197 214 249
3 160 247
22 135 166
197 214 247
78 130 165
107 220 243
115 242 247
175 222 224
200 215 222
202 217 225
38 202 203
11 195 219
121 195 219
109 176 226
132 171 230
171 230 244
14 170 200
169 178 195
159 168 210
65 168 210
83 161 193
105 161 193
157 169 190
52 150 161
147 169 195
118 145 204
135 227 240
132 151 202
197 247 249
32 133 198
106 129 210
129 159 210
129 142 144
129 144 153
138 183 237
8 135 240
125 171 244
87 120 221
99 120 125
120 125 230
26 119 179
26 119 136
116 119 136
102 118 206
114 201 211
110 198 223
110 162 223
27 110 136
22 109 243
109 188 243
148 157 178
68 113 147
100 107 214
57 107 214
23 103 241
103 194 206
103 125 194
60 102 241
102 118 145
91 102 145
100 214 247
1 118 206
41 96 170
90 96 170
96 140 205
41 96 140
92 145 186
92 134 164
92 94 134
103 206 241
40 90 234
6 33 172
33 98 137
64 81 150
24 59 93
4 30 63
15 29 59
2 176 226
15 29 154
27 110 177
39 66 224
31 142 144
26 32 179
14 46 187
26 32 136
67 137 152
114 192 201
99 125 194
24 48 158
57 78 165
138 165 183
85 116 119
33 98 231
22 166 216
22 107 216
21 74 208
5 29 146
133 179 224
20 49 79
17 121 178
18 101 225
64 81 228
71 164 234
17 42 189
20 72 237
16 46 177
60 199 207
151 202 239
55 105 161
42 146 154
3 242 247
20 72 75
14 162 177
17 30 178
17 42 104
19 96 205
67 152 239
18 217 225
33 181 231
53 180 233
24 93 158
66 133 224
79 128 209
9 87 221
8 56 240
141 170 200
29 146 154
3 25 160
30 63 148
3 25 242
88 157 169
6 61 69
72 140 205
103 125 218
21 74 127
17 189 219
47 175 224
49 79 209
6 61 172
55 81 150
103 139 201
42 62 154
101 203 225
48 70 94
25 31 242
55 73 81
2 128 226
18 112 127
43 204 229
23 173 185
5 124 146
5 35 238
9 212 217
4 63 104
56 143 145
71 109 234
132 151 171
18 112 212
110 136 198
5 29 35
105 108 193
64 99 228
11 62 219
35 167 191
16 27 177
0 188 243
7 130 183
67 151 171
73 108 155
202 203 225
0 7 78
57 138 165
9 202 221
157 178 190
42 62 189
9 106 210
13 50 158
19 49 205
49 75 205
41 140 187
67 137 172
45 61 139
179 224 236
16 34 136
8 56 71
144 161 213
12 74 127
7 78 130
17 121 219
20 79 237
23 185 207
4 17 104
23 207 241
2 7 183
24 48 175
9 54 106
64 97 129
43 73 81
18 212 217
102 206 241
11 62 233
10 31 142
29 35 235
84 147 195
24 245 246
13 50 91
28 90 234
14 46 177
66 133 198
35 191 238
35 47 235
84 195 233
24 175 246
2 128 183
37 109 188
37 109 176
82 201 211
115 247 249
61 67 172
103 139 218
39 222 224
41 182 187
31 184 242
24 59 245
42 111 191
5 42 191
33 95 172
120 221 230
29 59 235
85 116 126
57 78 107
45 139 192
47 175 246
48 50 94
39 215 222
33 95 137
50 92 94
50 92 186
84 113 131
48 50 158
51 65 210
51 65 122
43 155 204
55 150 161
54 106 129
85 179 236
14 162 200
57 77 163
56 92 145
57 77 214
57 138 163
143 145 204
35 47 85
59 235 245
0 78 243
194 206 232
60 207 241
143 155 204
19 49 90
55 73 105
86 125 171
9 51 212
62 189 219
62 180 233
64 99 120
54 64 129
48 70 222
66 198 223
58 86 125
66 215 223
67 86 171
67 151 239
9 202 217
47 85 236
16 27 136
73 105 108
110 174 177
76 144 213
31 76 144
88 147 169
78 107 220
78 220 243
28 49 90
101 203 231
86 139 218
82 173 201
83 135 166
25 83 166
84 113 147
85 119 179
58 86 218
