125 194 230
175 224 246
82 185 233
99 194 230
42 62 104
94 145 186
2 109 176
1 102 118
65 89 122
92 94 145
9 51 217
97 106 129
181 231 248
58 125 244
18 101 248
61 86 139
67 152 172
68 69 113
59 199 207
68 88 147
82 173 211
68 88 157
36 63 104
6 68 123
36 42 111
62 104 189
11 195 233
53 59 207
91 145 186
138 165 237
13 91 158
46 72 237
26 116 136
90 141 170
72 96 205
54 106 210
22 188 243
22 107 243
52 97 153
132 171 244
55 81 228
125 230 244
21 44 112
65 89 168
52 97 150
112 127 212
21 77 184
6 68 69
33 123 181
98 117 137
6 33 123
101 231 248
18 101 217
87 202 221
98 203 231
12 18 127
12 18 248
21 112 127
51 212 217
44 112 122
21 89 184
65 159 168
9 54 210
106 129 159
9 51 210
132 202 221
156 194 229
55 64 150
52 153 161
54 97 106
97 129 153
64 120 228
55 64 228
43 55 81
81 99 228
87 120 230
151 152 239
86 151 171
86 171 244
117 137 196
38 202 239
38 203 225
98 117 203
95 137 172
6 33 95
6 95 172
152 196 239
67 151 152
67 86 151
45 61 113
61 67 86
23 173 201
82 84 233
114 192 211
4 17 30
169 178 190
88 169 190
30 148 178
88 157 190
4 30 148
63 116 148
121 189 219
4 63 148
17 121 189
11 121 219
11 219 233
68 84 147
82 84 131
53 185 233
82 173 185
5 111 191
42 124 146
17 104 189
36 42 104
35 167 238
116 126 149
36 111 149
5 191 238
5 29 124
43 155 229
199 207 241
23 103 201
1 102 206
103 201 218
1 206 232
156 204 229
1 156 232
99 194 229
1 80 118
155 204 229
50 91 186
92 143 145
40 134 234
41 72 140
35 47 236
26 116 119
34 116 136
85 119 236
66 133 179
32 133 179
200 215 223
39 66 179
39 66 215
39 200 215
32 198 223
162 198 223
162 200 223
14 182 187
14 170 182
14 177 187
72 140 187
140 182 187
14 141 170
70 141 222
39 200 222
41 90 170
72 75 205
20 49 75
128 209 226
79 183 237
0 7 130
57 78 220
0 37 188
0 2 7
2 7 130
71 109 164
28 226 234
8 71 109
8 71 240
118 143 155
43 73 155
108 143 155
73 105 155
108 193 240
43 55 73
0 37 176
0 2 176
83 135 227
25 135 166
83 105 161
144 153 161
83 161 213
76 161 213
10 89 184
10 89 142
10 31 184
115 184 242
25 160 166
160 166 216
115 184 249
77 184 249
3 115 242
197 214 247
0 78 130
78 130 165
107 220 243
57 107 220
138 163 214
57 138 214
120 228 230
51 210 212
196 203 239
117 196 203
79 183 209
128 183 209
74 181 208
180 219 233
110 174 198
162 174 198
173 192 211
173 192 201
137 172 196
132 171 202
169 178 195
163 197 214
77 163 197
47 236 245
52 150 161
147 169 195
70 141 164
134 141 164
98 137 231
142 159 168
32 133 223
58 139 244
130 165 237
130 183 237
2 130 226
129 142 144
129 144 153
128 130 226
128 130 183
65 122 159
86 139 244
26 119 179
114 139 192
112 122 210
111 191 238
29 124 235
111 167 238
42 111 124
5 111 124
27 110 136
148 157 178
99 228 230
109 134 234
109 134 164
100 107 214
57 107 214
107 135 166
106 122 159
83 105 227
105 193 227
23 103 241
60 102 241
91 102 145
100 214 247
100 166 216
100 160 216
100 160 247
123 181 208
93 158 199
132 221 244
56 92 108
103 206 241
40 90 234
111 126 149
40 90 134
87 230 244
83 135 213
89 142 168
102 118 143
31 142 144
26 32 179
24 93 235
56 92 94
24 48 158
57 78 165
85 116 119
23 53 173
8 22 227
22 135 227
66 133 223
152 172 196
21 74 208
87 221 244
112 210 212
20 49 79
17 121 178
16 27 46
54 64 87
19 72 96
50 91 158
6 69 172
33 137 231
58 125 194
20 72 237
26 32 198
151 171 202
151 202 239
55 105 161
42 146 154
43 81 99
61 67 113
15 93 235
15 62 180
24 48 222
18 127 212
140 170 182
20 72 75
1 156 204
15 53 59
14 200 222
14 141 222
59 93 199
17 30 178
60 158 199
5 29 47
8 193 227
33 181 231
53 180 233
24 93 158
15 53 180
45 113 131
71 94 164
24 222 246
3 25 160
3 25 242
19 72 90
21 74 127
8 37 188
2 109 234
49 79 209
11 178 195
42 62 154
14 162 174
101 203 225
129 142 159
48 70 94
60 91 102
119 179 236
5 35 47
5 35 238
19 49 96
41 140 170
4 63 104
35 167 236
49 96 205
85 126 167
9 101 217
46 110 177
68 84 113
90 134 141
8 193 240
110 136 198
62 180 219
105 108 193
27 46 110
0 188 243
15 124 235
70 94 164
82 114 211
50 94 186
100 107 166
25 76 135
57 138 165
157 178 190
53 207 241
49 75 205
15 124 154
56 71 108
8 37 109
23 53 241
9 38 202
9 101 225
45 61 139
24 235 245
179 224 236
16 34 136
3 197 249
12 74 127
224 245 246
8 22 188
22 107 135
20 79 237
4 17 104
3 115 249
111 126 167
1 80 204
18 212 217
102 206 241
10 31 142
11 121 178
58 201 218
38 203 239
9 38 225
84 147 195
2 226 234
24 245 246
15 62 154
28 90 234
26 136 198
21 44 89
72 177 187
102 143 145
80 155 204
82 114 131
92 108 143
36 63 116
36 116 149
106 122 210
84 195 233
37 109 176
29 47 235
60 199 241
105 108 155
39 175 222
39 179 224
14 174 177
44 89 122
46 72 177
160 197 247
15 59 93
43 99 229
76 144 161
85 116 126
80 118 155
45 114 131
48 50 94
49 209 226
33 95 137
84 113 131
25 76 242
48 50 158
53 173 185
54 87 202
74 181 248
55 150 161
54 64 150
54 97 150
14 162 200
47 235 245
85 167 236
9 54 202
206 218 232
58 156 194
56 71 94
39 175 224
67 69 172
64 87 120
58 156 232
58 139 192
58 192 201
76 135 213
58 218 232
13 60 91
0 78 243
28 49 226
13 60 158
45 114 139
19 49 90
55 73 105
76 184 242
62 189 219
124 146 154
48 70 222
66 215 223
175 222 246
67 69 113
224 236 245
16 27 136
3 160 197
71 108 240
41 72 90
110 174 177
12 74 248
31 76 144
31 76 184
88 147 169
77 197 249
78 220 243
28 49 90
101 203 231
103 206 218
