101 106 121
56 136 147
55 101 121
75 76 107
26 95 129
11 82 116
11 22 94
43 48 74
85 97 117
27 100 149
0 51 118
0 21 127
8 42 93
83 139 148
63 83 96
48 74 125
90 102 123
2 20 40
20 72 114
9 25 72
39 59 148
53 59 148
33 82 99
83 92 96
42 58 130
1 64 71
10 28 73
8 81 93
120 124 140
60 65 79
6 38 115
0 21 37
0 118 127
50 51 118
50 118 127
0 51 125
3 110 142
4 74 80
3 44 142
0 31 37
31 44 142
31 44 80
62 110 142
35 85 117
62 84 110
35 49 62
31 62 142
61 106 117
61 84 117
3 4 106
3 44 80
3 4 80
43 74 121
0 74 125
3 61 106
55 79 101
55 65 79
63 96 145
30 131 145
2 23 141
27 50 100
51 100 125
50 51 100
23 27 149
23 27 50
48 87 149
87 123 141
2 40 141
43 123 131
40 123 141
40 90 123
25 54 89
9 89 132
9 25 89
2 132 147
2 9 132
7 57 86
54 57 89
57 86 89
7 56 137
56 136 137
64 69 88
56 64 71
12 41 76
104 105 126
1 76 107
54 57 59
53 63 148
53 54 59
30 96 145
63 109 145
63 83 148
39 139 148
58 92 130
55 92 96
17 91 111
39 75 107
10 34 73
12 32 103
12 104 105
39 75 139
103 105 111
41 64 88
67 69 135
69 88 135
32 67 135
5 67 69
56 64 69
32 103 122
12 103 105
15 103 122
10 15 122
18 68 128
5 32 67
68 122 128
18 69 77
18 77 128
73 128 134
77 98 128
28 73 128
28 122 128
34 45 113
10 28 122
34 134 146
34 73 134
119 134 146
34 45 146
11 116 144
119 120 146
98 128 134
119 134 144
78 115 144
38 115 144
11 78 144
116 119 144
8 10 29
8 14 42
42 65 93
60 79 101
16 22 143
60 65 93
13 81 93
11 22 99
11 82 99
22 60 99
22 60 143
47 85 112
85 97 112
26 49 129
49 129 133
52 95 108
19 52 95
95 108 129
16 22 94
6 19 52
132 136 147
30 121 131
43 121 131
60 112 143
97 112 117
90 102 114
46 101 112
60 101 112
23 141 149
52 94 108
92 130 139
91 126 139
91 130 139
7 86 137
86 132 136
105 111 126
86 89 132
85 129 133
47 112 143
36 109 145
41 64 76
55 58 92
116 120 124
0 31 74
31 49 62
54 66 114
29 113 124
29 33 82
83 92 139
32 68 122
24 26 95
19 24 95
45 120 146
10 29 113
17 103 111
62 84 117
32 41 135
48 100 149
20 40 90
36 123 131
31 37 49
47 70 129
15 17 103
8 29 33
31 74 80
6 52 115
5 32 68
6 19 24
11 78 115
8 15 17
7 57 71
2 9 20
8 33 81
1 39 107
16 70 129
18 68 69
6 24 38
30 55 96
36 131 145
13 60 93
75 126 139
52 94 115
116 119 120
4 74 121
16 94 108
13 60 99
3 61 84
39 59 71
42 55 58
29 124 138
29 82 138
14 17 91
1 64 76
7 56 71
53 63 109
13 33 81
30 55 121
20 90 114
13 33 99
11 94 115
66 102 114
43 48 87
46 112 117
3 84 110
8 14 17
9 20 72
86 136 137
8 10 15
4 106 121
16 47 70
14 42 91
16 47 143
75 104 126
16 108 129
46 106 117
41 88 135
42 55 65
42 91 130
57 59 71
36 53 102
43 87 123
45 113 124
46 101 106
47 85 129
12 32 41
48 100 125
87 141 149
54 72 114
35 49 85
36 102 123
82 124 138
49 85 133
53 54 66
36 53 109
1 39 71
25 54 72
91 111 126
35 62 117
45 124 140
45 120 140
5 68 69
12 76 104
75 76 104
10 34 113
53 66 102
82 116 124
