56 136 147
26 95 129
11 82 116
42 58 65
11 22 94
43 48 74
60 93 99
85 97 117
0 21 127
30 96 121
123 131 145
83 139 148
40 90 114
63 83 96
48 74 125
90 102 123
2 20 40
20 72 114
9 25 72
33 82 99
36 53 54
36 66 102
20 40 114
83 92 96
42 58 130
1 64 71
82 116 138
10 28 73
29 33 81
8 81 93
6 94 115
13 93 99
35 62 84
6 38 115
0 21 37
0 118 127
50 51 118
50 118 127
3 110 142
4 74 80
0 31 37
31 44 142
31 44 80
62 110 142
62 84 110
46 97 112
35 49 62
31 62 142
61 106 117
61 84 117
3 4 106
43 74 121
0 74 125
3 61 106
55 79 101
55 65 79
55 96 121
30 131 145
2 23 141
48 125 149
51 100 125
23 27 149
48 87 149
2 40 141
43 123 131
40 90 123
36 54 66
9 89 132
9 25 89
2 132 147
2 9 132
7 136 137
126 130 139
86 89 136
7 57 86
7 86 136
1 59 107
57 86 89
7 56 137
56 136 137
64 69 88
56 64 71
1 41 76
104 105 126
1 76 107
39 59 107
53 63 148
30 96 145
36 102 109
63 83 148
55 92 96
17 91 111
39 75 107
91 126 130
83 130 139
91 105 111
15 17 111
10 34 73
12 32 103
91 105 126
15 103 111
12 104 105
12 75 104
103 105 111
5 68 122
69 88 135
5 67 69
56 64 69
12 32 135
32 103 122
12 103 105
15 103 122
10 15 122
18 69 77
18 77 128
73 128 134
77 98 128
28 73 128
28 122 128
34 45 113
10 28 122
29 113 138
119 134 146
34 45 146
119 120 146
98 128 134
119 134 144
113 124 138
78 115 144
38 115 144
116 124 138
13 81 99
8 10 29
8 29 81
33 81 99
42 65 93
60 79 101
16 22 143
13 81 93
11 22 99
11 82 99
22 60 99
47 60 112
22 60 143
47 60 143
85 97 112
46 97 117
35 85 133
35 49 133
47 70 143
52 95 108
16 70 143
19 52 95
95 108 129
70 108 129
16 22 94
16 70 108
16 52 108
6 52 94
16 52 94
6 19 52
124 140 144
89 132 136
132 136 147
116 124 144
30 121 131
43 121 131
119 120 140
0 118 125
51 118 125
85 112 129
47 112 129
102 123 145
102 109 145
90 102 114
46 101 112
60 101 112
23 141 149
63 96 109
96 109 145
85 129 133
12 76 107
55 58 92
65 79 93
0 31 74
31 49 62
54 66 114
29 33 82
27 100 125
24 26 95
58 83 92
60 79 93
19 24 95
45 120 146
10 29 113
26 129 133
23 51 100
23 27 100
39 53 148
1 64 88
26 49 133
31 37 49
47 70 129
27 125 149
18 122 128
32 67 69
31 74 80
6 19 24
11 78 115
8 15 17
7 57 71
75 139 148
2 9 20
14 42 93
18 68 69
6 24 38
75 126 139
18 68 122
4 74 121
23 50 51
4 80 142
3 61 84
25 54 57
29 82 138
78 116 144
14 17 91
7 56 71
53 63 109
39 53 59
32 69 135
3 4 142
11 94 115
66 102 114
43 48 87
3 84 110
53 54 57
55 106 121
8 14 17
73 134 146
8 14 93
119 140 144
40 87 123
9 20 72
12 75 107
8 10 15
4 106 121
32 67 122
14 42 91
75 104 126
39 75 148
34 73 146
46 106 117
41 88 135
42 91 130
57 59 71
43 87 123
58 83 130
53 57 59
45 113 124
46 101 106
87 141 149
54 72 114
36 53 109
35 84 85
55 58 65
25 54 72
1 41 88
1 59 71
55 101 106
45 124 140
40 87 141
84 85 117
45 120 140
25 57 89
5 68 69
41 76 135
10 34 113
12 76 135
11 78 116
5 67 122
44 80 142
