101 106 121
56 136 147
31 37 62
55 101 121
75 76 107
11 82 116
42 58 65
11 22 94
43 48 74
60 93 99
85 97 117
27 100 149
46 60 101
0 21 127
30 96 121
0 74 80
123 131 145
8 42 93
83 139 148
63 83 96
48 74 125
90 102 123
20 72 114
37 49 62
9 25 72
39 59 148
53 59 148
33 82 99
2 20 72
8 14 91
42 58 130
7 56 57
8 17 91
1 64 71
82 116 138
10 28 73
29 33 81
8 81 93
120 124 140
6 94 115
13 93 99
47 70 85
35 62 84
78 94 115
6 38 115
0 21 37
0 118 127
50 51 118
50 118 127
0 31 80
4 74 80
0 31 37
31 44 142
31 44 80
62 110 142
62 84 110
46 97 112
31 62 142
61 106 117
61 84 117
3 4 106
4 74 106
3 4 80
43 74 121
0 74 125
74 106 121
3 61 106
55 79 101
55 65 79
55 96 121
63 96 145
30 43 131
30 43 121
30 131 145
48 87 123
2 23 141
43 48 123
51 100 125
50 51 100
23 27 149
43 123 131
40 90 123
56 57 71
36 53 63
9 89 132
2 9 72
9 25 89
2 132 147
2 9 132
126 130 139
7 57 86
57 86 89
7 56 137
56 136 137
64 69 88
56 64 71
1 57 71
12 41 76
1 57 59
75 104 139
54 57 59
53 63 148
53 54 59
30 96 145
63 109 145
36 63 109
63 83 148
39 139 148
58 92 130
17 91 111
39 75 107
91 126 130
91 105 111
15 17 111
10 34 73
12 32 103
15 103 111
104 126 139
12 104 105
39 75 139
103 105 111
69 88 135
5 67 69
56 64 69
32 103 122
12 103 105
15 103 122
5 18 69
5 32 67
5 18 68
18 69 77
18 77 128
73 128 134
77 98 128
28 73 128
28 122 128
34 45 113
10 15 17
29 113 138
119 134 146
45 113 140
34 45 146
119 120 146
98 128 134
119 134 144
113 124 138
113 124 140
78 115 144
38 115 144
11 78 94
116 119 144
116 124 138
8 10 29
8 29 81
8 10 17
8 14 42
42 65 93
60 79 101
13 81 93
47 85 112
46 60 112
85 97 112
46 97 117
35 85 133
52 95 108
19 52 95
95 108 129
16 52 108
6 52 94
16 52 94
6 19 52
132 136 147
0 118 125
51 118 125
60 112 143
102 123 145
90 102 114
60 99 143
22 99 143
23 141 149
95 129 133
16 94 143
92 130 139
91 104 105
87 100 149
7 86 137
86 132 136
86 89 132
85 129 133
70 85 129
47 112 143
36 109 145
55 58 92
116 120 124
65 79 93
54 66 114
22 94 143
49 95 133
29 33 82
83 92 139
32 68 122
24 26 95
60 79 93
19 24 95
10 15 28
45 120 146
10 29 113
23 27 100
1 64 88
32 41 135
20 40 141
20 40 90
18 122 128
32 67 69
22 82 99
5 32 68
6 19 24
15 28 122
1 39 107
16 70 129
6 24 38
2 20 141
116 119 120
18 68 122
11 22 82
3 61 84
25 54 57
29 82 138
78 116 144
13 33 81
20 90 114
13 33 99
32 69 135
66 102 114
3 84 110
73 134 146
80 110 142
40 87 123
1 39 59
86 136 137
16 47 70
14 42 91
16 47 143
34 73 146
16 108 129
46 106 117
41 76 107
1 41 107
41 88 135
36 102 145
42 91 130
36 53 102
46 101 106
26 49 95
12 32 41
48 100 125
87 141 149
54 72 114
53 54 102
35 84 85
55 58 65
25 54 72
1 41 88
54 66 102
55 83 96
55 83 92
40 87 141
84 85 117
45 120 140
35 62 133
91 104 126
25 57 89
49 62 133
23 50 100
12 76 104
75 76 104
48 87 100
10 34 113
11 78 116
3 80 110
44 80 142
