49 86 89
2 15 20
8 44 64
3 34 58
37 48 79
51 55 81
8 9 56
17 18 83
26 37 79
7 17 48
37 54 73
1 53 61
41 45 46
44 55 81
6 21 91
30 36 51
4 30 36
30 51 81
4 19 30
6 41 91
4 19 21
71 80 91
41 45 77
6 21 99
6 41 46
44 52 76
8 44 52
45 46 76
44 50 64
44 46 76
44 55 68
44 50 68
8 56 64
50 56 64
50 56 68
7 17 18
9 56 94
51 55 94
7 48 74
67 72 83
26 79 92
33 48 74
54 59 85
72 92 93
38 67 83
67 72 93
47 89 96
12 67 93
13 37 73
60 75 98
54 73 98
37 54 85
5 52 57
54 59 98
11 59 85
8 10 52
60 73 98
2 60 75
32 47 96
12 38 67
13 49 89
49 66 86
1 27 61
24 87 90
24 43 90
53 61 70
35 69 97
20 27 95
35 65 69
2 29 75
3 29 58
29 57 58
2 3 29
21 80 91
21 23 80
35 65 78
23 71 80
0 31 40
25 35 78
23 28 63
87 90 96
87 89 96
1 53 62
19 21 42
22 31 95
20 22 95
7 18 74
17 72 92
18 33 74
16 33 85
10 29 75
15 34 97
14 32 38
13 38 47
15 20 22
12 13 38
25 35 97
12 26 92
12 13 37
11 75 98
11 59 98
12 26 37
20 27 66
25 58 71
9 18 94
14 32 43
11 16 85
40 62 82
2 20 49
2 49 60
0 65 69
41 58 91
41 58 77
0 78 88
6 42 99
33 37 85
0 39 65
0 39 78
20 49 66
17 72 83
32 90 96
9 18 33
0 22 31
86 87 89
31 40 82
71 78 88
2 3 34
2 15 34
66 86 87
6 42 46
45 52 77
13 47 89
17 48 79
9 16 33
8 9 10
61 84 87
22 69 97
66 84 87
15 22 97
13 49 73
58 71 91
9 10 16
28 40 63
39 65 78
30 42 81
10 11 16
10 11 75
31 82 95
57 58 77
0 22 69
1 27 62
49 60 73
27 62 82
27 82 95
29 52 57
10 29 52
19 30 42
43 61 70
32 38 47
32 43 90
33 37 48
53 62 70
23 28 71
0 40 88
12 92 93
24 43 61
45 52 76
21 42 99
28 40 88
25 58 97
42 46 81
44 46 81
55 56 94
5 52 77
55 56 68
24 61 87
28 71 88
5 57 77
34 58 97
17 79 92
27 61 66
61 66 84
40 62 70
25 71 78
