59 75 98
2 15 20
41 77 91
8 10 16
51 55 81
10 16 29
13 26 37
17 18 83
26 37 79
7 17 48
17 48 92
12 13 26
32 87 90
25 35 58
19 30 81
34 35 58
6 21 91
30 51 81
4 19 30
6 41 91
4 19 21
71 80 91
6 21 99
42 46 99
6 46 99
19 42 81
6 41 46
5 45 77
9 33 94
55 68 94
44 50 68
7 17 18
9 56 94
51 55 94
11 59 75
7 48 74
67 72 83
72 83 92
17 83 92
48 79 92
54 59 85
38 67 83
67 72 93
47 89 96
12 67 93
37 54 85
11 59 85
2 60 75
14 38 47
12 38 67
38 47 89
49 66 86
66 84 86
24 87 90
14 43 90
14 32 90
1 27 95
53 61 70
1 53 70
22 31 62
22 62 82
1 82 95
31 40 62
1 62 82
35 65 69
22 82 95
15 22 95
39 65 69
21 80 91
25 71 91
10 29 57
21 23 80
35 65 78
23 71 80
0 31 40
0 28 63
25 35 78
0 40 63
23 28 63
87 89 96
84 87 89
84 86 89
33 74 85
48 74 85
73 75 98
60 73 75
22 39 69
13 38 89
22 31 39
19 21 42
7 18 74
32 87 96
13 49 86
1 27 53
13 37 54
15 34 97
46 52 76
12 13 38
12 26 79
8 10 57
9 16 85
12 72 92
14 32 96
3 29 75
20 27 66
11 16 29
9 56 64
2 3 75
25 58 77
5 45 46
11 16 85
14 47 96
2 20 49
2 49 60
48 79 85
13 54 73
8 16 64
8 52 57
25 78 88
0 78 88
25 28 71
0 39 78
20 49 66
4 30 51
4 36 51
0 28 88
15 20 27
2 3 34
3 29 34
2 15 34
25 28 88
37 79 85
18 74 94
44 56 64
33 74 94
13 86 89
9 16 64
8 46 52
12 79 92
43 70 90
8 46 64
55 68 81
61 84 87
22 69 97
15 22 97
13 49 73
39 65 78
9 33 85
12 72 93
25 77 91
57 58 77
27 53 61
54 59 73
49 60 73
41 46 77
50 56 94
0 31 39
34 57 58
24 70 87
29 34 57
34 69 97
34 35 69
61 70 87
23 28 71
11 29 75
44 68 81
44 50 56
21 42 99
24 70 90
44 46 64
45 46 77
42 46 81
44 46 81
15 27 95
50 68 94
5 57 76
52 57 76
5 57 77
59 73 98
27 61 66
61 66 84
1 62 70
40 62 70
5 46 76
