49 86 89
9 11 16
13 60 73
41 77 91
3 34 58
8 9 56
17 18 83
26 37 79
7 17 48
37 54 73
24 61 84
1 53 61
19 42 99
6 41 91
4 19 21
6 21 99
19 21 99
5 45 76
45 46 76
10 52 57
5 52 76
44 50 64
9 33 94
44 46 76
55 68 94
56 68 94
8 56 64
50 56 64
50 56 68
7 17 18
9 56 94
51 55 94
7 48 74
67 72 83
72 83 92
17 83 92
37 48 85
38 67 83
67 72 93
12 67 93
13 37 73
37 54 85
5 52 57
8 9 16
8 10 52
3 34 97
20 49 60
2 3 97
11 16 75
20 27 49
32 47 96
12 38 67
86 89 96
49 66 86
66 84 86
1 27 61
24 84 87
24 87 90
24 43 90
14 43 90
24 43 70
22 62 82
35 65 69
2 3 29
2 15 97
39 65 69
15 22 69
10 29 57
21 23 80
23 71 80
0 31 40
0 40 63
23 28 63
84 87 96
84 86 96
33 74 85
48 74 85
73 75 98
60 73 75
3 57 77
22 39 69
13 38 89
1 53 62
7 18 74
3 58 77
18 33 74
17 37 79
32 87 96
15 82 95
10 29 75
15 20 60
15 35 97
22 31 40
14 87 90
14 32 38
12 13 38
4 30 42
12 26 72
12 13 37
4 51 55
11 75 98
11 59 98
11 54 85
12 26 37
5 41 45
14 32 87
50 68 81
25 58 77
4 30 55
15 35 69
5 41 77
17 37 48
25 71 80
3 29 57
49 60 89
6 45 46
25 78 88
8 10 75
6 42 99
24 53 70
8 16 75
26 72 79
0 22 31
4 19 42
35 65 88
49 61 66
4 36 51
18 33 94
15 20 27
0 22 39
9 11 85
28 65 88
44 50 81
6 42 46
6 41 45
29 60 75
6 80 91
6 21 80
22 40 62
24 53 61
55 68 81
72 79 92
30 42 81
9 33 85
12 72 93
25 77 91
25 80 91
1 27 62
54 59 73
27 62 82
27 82 95
30 55 81
2 29 60
39 63 65
32 38 47
53 62 70
25 58 78
35 78 88
38 89 96
23 28 71
38 47 96
0 39 63
2 15 60
42 46 81
44 46 81
27 49 61
15 27 95
8 52 64
28 71 88
5 57 77
35 58 78
25 71 88
34 58 97
35 58 97
59 73 98
17 79 92
13 60 89
61 66 84
40 62 70
28 63 65
11 54 59
52 64 76
15 22 82
44 64 76
