49 86 89
16 29 75
27 49 66
2 15 20
13 60 73
3 34 58
8 10 16
37 48 79
10 16 29
17 18 83
7 17 48
12 13 26
12 13 89
27 66 84
39 65 88
19 42 99
42 44 46
19 30 81
23 25 71
44 55 81
30 36 51
4 30 36
4 19 30
6 41 91
4 19 21
71 80 91
6 21 99
19 21 99
19 42 81
5 45 76
45 46 76
5 52 76
42 44 81
44 46 76
44 55 68
44 50 68
50 56 68
7 17 18
7 48 74
67 72 83
26 79 92
72 83 92
17 83 92
38 67 83
67 72 93
12 67 93
13 49 60
13 37 73
60 75 98
11 33 85
8 9 16
54 59 98
60 73 98
11 16 75
2 60 75
20 27 49
14 38 47
86 89 96
13 49 89
49 66 86
66 84 86
32 86 96
24 43 90
14 43 90
14 32 90
24 43 70
27 61 84
22 62 82
35 65 69
2 29 75
2 3 29
15 22 69
10 29 57
21 23 80
35 65 78
23 71 80
0 31 40
0 28 63
65 78 88
25 35 78
28 39 88
0 28 39
0 40 63
33 74 85
48 74 85
1 53 62
22 62 69
7 18 74
3 58 77
18 33 74
33 56 94
15 82 95
15 35 97
13 26 79
1 27 53
13 37 79
15 34 97
12 89 96
25 35 97
12 26 92
51 56 94
8 10 57
12 72 92
14 32 96
11 75 98
11 59 98
11 54 85
28 63 88
5 41 45
9 56 64
25 58 71
11 16 33
38 67 96
5 8 57
15 35 69
14 47 96
5 41 77
3 5 77
3 29 57
2 20 49
2 49 60
12 67 96
6 45 46
41 58 91
41 58 77
25 78 88
24 32 90
6 42 99
24 53 70
0 31 65
0 39 65
32 84 87
24 32 87
31 65 69
18 33 94
15 20 27
2 3 34
2 15 34
6 42 46
3 5 57
6 41 45
6 80 91
6 21 80
31 40 69
44 56 64
24 53 61
17 48 79
9 16 33
61 84 87
58 71 91
5 8 52
12 72 93
23 25 88
27 53 61
1 27 62
27 62 82
27 82 95
30 55 81
51 55 56
32 84 86
53 62 70
9 33 56
37 73 98
37 54 98
38 47 96
40 62 69
44 50 56
25 58 97
30 51 55
37 48 54
48 54 85
8 9 64
15 27 95
8 52 64
55 56 68
24 61 87
34 58 97
17 79 92
40 62 70
11 54 59
23 63 88
52 64 76
15 22 82
44 64 76
