1635.51 -1782.46
470.765 1143.89
-1347.74 -74.9244
1444.28 -1004.41
-8.57871 88.9848
-120.592 1418.6
804.315 -224.385
1057.36 1934.55
1983.85 1985.78
466.444 115.456
-1778.45 -296.11
-1543.25 738.42
228.462 1827.68
-609.979 1231.92
-306.81 1322.15
1988.19 -671.297
1539.69 458.958
-1527.41 -1808.05
-1615.97 1916.87
-812.464 375.455
5.85751 1066.94
-205.941 -1189.83
-1157.44 -1148.58
-1255.28 -1173.59
-1162.8 1211.17
941.867 -941.248
-1084.94 1398.62
1797.17 1143.52
1226.3 -812.806
375.437 -1080.51
-1490.66 363.63
248.192 -1950.97
-1177.41 720.781
-1759.02 -793.377
637.654 -571.488
1582.08 -1356.49
-1504.54 -623.863
-546.316 -661.985
227.557 198.406
164.426 1064.76
-590.428 -893.707
-1876.49 324.628
-1495.09 1920.68
-531.853 1731.21
-892.122 1843.58
-1349.3 -382.781
207.214 898.891
-333.754 1029.8
-380.328 -92.778
-1763.57 -1742.67
1335.73 1818.5
-1099.16 1831.19
-805.359 354.52
-830.796 1422.2
-1447.07 1333.63
486.957 -37.5016
-1560.08 610.469
-1712.87 -1055.17
531.153 -244.726
-1323.96 1639.03
-401.142 -673.26
-743.751 1806.07
-1774.37 922.495
835.875 -154.698
-1170.28 1072.3
102.627 -1834.55
890.804 1003.46
1996.64 -1914.55
-642.016 -834.156
1507.64 -89.0897
-1500.53 -5.39999
1873.41 -1060.6
-1394.93 -1839.46
-115.772 1136.22
-84.1905 560.269
775.251 1514.67
1887.01 -1968.5
1320.74 -1887.36
953.996 156.614
-42.0588 1783.71
-771.085 -1939.43
1949.16 -1880.28
1064.03 1945.8
-1794.84 -1577.98
-888.352 1712.81
332.927 -388.878
-292.593 206.335
550.518 312.476
366.871 -1565.25
-551.303 -1717.32
995.014 -1776.05
1797.35 882.023
-1744.55 1118.09
994.662 1209.45
-725.299 -1047.4
993.159 503.616
-986.828 942.322
623.335 -1922.8
888.126 828.5
-1500.78 1999.77
541.307 832.148
-389.104 -1751.29
-961.517 -1838.59
561.191 1405.35
-1403.84 -1990.11
1688.03 1591.17
-1766.16 1485.38
473.197 -1510.71
603.469 -532.141
1698.73 1878.17
420.463 691.89
381.786 1433.64
-365.787 -994.878
1510.84 -1477.66
1833.62 -1989.94
-1477.89 374.929
842.208 133.01
623.643 1880.69
294.424 -815.166
1286.04 890.584
-805.278 974.079
481.758 -571.441
459.462 -1045.04
-82.1547 -937.069
422.814 -383.423
-1058.9 -1156.72
-1691.53 1322.89
-1723.09 -57.3195
-1671.99 1787.75
465.02 -1838.37
1797.81 987.134
536.56 640.021
-879.856 -839.797
520.712 1414.57
345.037 -193.244
305.152 1539.76
-1219.16 -1213.09
-1031.68 1240.3
-258.136 886.163
-1696.77 -1835.32
-1497.26 -755.671
-992.044 -1188.79
-1432.78 -715.131
753.889 -1104.77
-927.379 -781.091
-943.143 -1129.57
-1793.96 1593.42
1510.45 -673.814
-1246.38 31.1655
-1259.25 1098.66
1837.92 1045.91
638.417 -1381.24
1832.82 1606.73
1859.06 -425.321
492.898 -1837.72
-260.642 995.639
-593.387 747.315
1806.85 -26.1704
-1967.82 560.736
869.056 -895.196
1779.64 1925.91
-24.7622 1985.69
1519.33 -514.308
-688.126 -1727.05
1516.86 52.6277
1371.61 1354.78
-901.467 10.0252
1973.54 -1068.65
-383.24 1832.59
506.028 -1890.34
1994.88 -1754.61
1105.3 -598.512
992.701 912.145
1375.32 1024.88
-527.119 244.374
-1870.31 -747.474
170.287 104.927
-761.787 -310.382
1590.62 550.087
-37.4314 1107.48
-1397.29 -665.823
462.255 -298.752
1344.2 435.792
632.596 -1039.04
268.384 -861.376
-929.379 263.259
-615.99 -1824.08
1664.75 -1623.29
1088.06 1040.07
1401.6 -1439.06
-715.561 1531.28
-186.531 1454.73
-363.789 1051.68
-855.656 -773.171
-398.231 1106.91
-1665.7 204.484
-1558.91 796.559
1905.73 1785.29
-767.65 538.328
-1253.75 1500.73
1676.95 -183.125
-236.006 -939.038
-7.20729 -571.259
-562.327 -919.145
-1531.19 -1160.73
-358.201 -246.754
-1629.45 1455.27
-792.027 6.76289
506.95 352.317
1233.59 -1891.28
-540.771 1567.9
313.203 -99.6808
364.455 218.935
-314.389 1596.81
-1242.74 431.865
1097.54 -1565.79
-1751.26 -1138.47
-504.824 241.533
290.274 932.848
1322.39 759.081
1772.12 -1035.81
-1487.67 -1857.33
-1580.55 -279.7
149.432 926.405
-1927.38 -616.977
1035.13 -468.154
-1049.08 -651.672
1432.16 1315.37
1567.26 -882.224
912.18 -1675.47
1549.64 9.72001
-1241.26 1798.38
871.253 253.915
39.9141 -838.472
-813.236 -637.698
1920.61 -1041.12
326.489 -1567.06
-898.451 745.944
153.235 1250.98
-327.651 225.852
-1366 -1292.53
1757.7 -415.076
55.8029 1189.86
-1099.7 -376.934
-1692.36 1812.48
-52.4082 1857.28
-177.801 706.332
1655.66 -1306.55
-1039.75 -304.425
-145.02 147.011
1057.88 -224.411
1105.89 -615.634
208.525 -1792.56
-1869.69 -1638.24
1458.42 -197.34
587.612 -1907.57
510.134 345.309
-322.65 -1434.06
-464.829 577.649
189.003 -157.19
390.128 -1863.41
-299.911 -1787.67
842.927 -644.25
-1094.22 1803.17
1051.33 760.759
-49.8155 109.203
-1463.65 -943.924
1493.57 744.873
-736.483 1623.88
1106.63 -1278.06
-573.461 -305.756
-1185.64 1936.67
-1960.45 491.715
-1497.39 -425.276
-930.636 691.614
1417.53 1459.49
828.209 -882.377
1671.82 -328.865
473.374 -1422.4
-525.691 -475.301
1338.36 1424.49
1633.9 1874.71
-1519.43 1127.47
619.578 -255.914
751.351 -273.789
466.024 -1822.11
1420.46 1280.39
-1885.44 1460.01
-227.897 -1382.83
-965.267 841.467
1308.79 -1547.73
300.959 136.997
-430.11 -27.2226
1808.13 -1956.74
550.375 -717.559
-432.037 -111.268
-1293.07 -798.135
-236.562 -812.497
-1670.66 -1616.98
931.589 1080.69
109.226 -602.387
1258.58 -470.318
-1322 1373.14
-1010.31 450.105
1990.32 24.4227
-708.428 1299.1
476.69 1592.53
-563.899 -1953.42
-434.692 -755.767
-1910.16 -1884.32
526.673 -342.193
4.41628 1233.61
859.672 1767.85
-1578.89 1189.01
-1849.13 1352.7
269.696 260.096
-1249.69 -471.726
1789.78 -571.686
-1098.58 -1220.53
1878.42 -1108.27
803.891 -830.008
-1809.16 -719.42
-1237.48 -373.063
-672.84 327.831
871.169 -582.996
443.515 -602.157
1074.81 -1552.07
-1368.55 -65.5173
-1784.21 -947.44
-876.509 -1633.34
-1594.74 1393.19
626.752 -844.428
-1078.54 416.53
583.887 -177.123
1196 462.306
714.609 -0.112125
1632.3 905.445
1280.47 -1605.18
-1467.62 -1392.37
722.653 1403.55
24.6319 -833.832
-1198.61 -900.557
-385.9 -567.157
1033.93 -170.115
485.403 -1842.58
196.541 890.663
1550.6 -1176.71
-1953.76 -1527.93
1239.82 630.122
294.943 435.819
-907.572 -990.448
-1564.29 -1275.27
1915 1716.18
-880.452 -1552.62
-1676.2 1842.2
1850.93 348.435
-991.632 -1347.68
1447.88 622.468
85.1642 481.803
-1547.65 -1429.43
639.22 648.894
1461.23 189.824
1472.19 1507.47
661.889 712.008
137.587 -1043.17
-852.173 1230.02
-33.6165 -416.465
1954.74 -118.62
-700.29 -925.711
328.758 -376.487
-1083.51 179.686
1971.95 -75.1421
832.007 1419.83
-1452.67 -1082.83
-98.3712 -1000.32
-512.261 -1459.15
1648.57 -1051.03
730.672 1120.76
-1543.57 -607.439
-167.233 594.021
349.393 980.595
-175.964 -1684.22
-1435.87 -221.223
197.156 -136.161
853.066 -1474.09
1487.35 1769.56
705.6 1459.3
-305.586 -462.393
879.126 241.74
454.778 -1219.25
1241.42 1942.52
-678.397 889.992
-1108.51 -1947.72
10.7512 -652.08
-555.164 1843.52
1941.94 1794.23
824.113 -234.023
-1889.99 1388.24
1544.75 307.162
-747.918 397.82
833.076 -1260.57
167.376 -461.324
-1801.27 1861.79
1076.28 1077.86
103.53 -468.939
1858.62 -655.051
-526.422 -819.781
-1765.06 365.064
-767.506 245.692
1712.98 677.331
89.2105 1654.92
471.56 -1086.68
-579.099 581.566
-1698.43 -1034.34
-1111.27 -446.352
1363.48 1721.8
293.082 -469.148
-739.519 491.817
-607.358 -1663.24
-430.323 1496.17
-132.175 -571.707
-1158.88 1341.4
608.512 -923.939
-293.533 1841.01
1321.75 -580.549
518.337 -589.036
-925.624 -1010.1
324.287 495.277
1571.46 625.854
1460.93 -1539.81
-1820.5 824.408
-1818 472.584
-1644.74 -557.523
-1035.6 -252.098
-220.759 534.079
-755.927 1647.07
1962.37 85.1939
988.468 570.884
1161.25 -1305.06
411.89 483.008
114.386 -1069.77
1893.97 1188.76
-79.8759 218.259
-315.961 -508.412
-1155.89 -855.029
-48.2205 -976.385
1969.38 133.776
1496.2 -1675.36
1576.25 -1539.4
72.5409 -644.506
