-1102.74 217.942
1148.42 -560.335
-219.421 -957.49
1498.12 588.619
226.725 -855.132
122.985 -379.54
231.075 -52.4975
-297.042 -652.211
545.121 -1031.06
-795.143 -1299.45
-1191.09 1933.34
1440.65 558.205
70.0756 1104.78
228.902 376.728
304.211 533.101
514.521 1201.47
-1248.96 -337.054
-1358.87 531.622
705.456 -1860.74
-879.76 -1067.82
-715.874 1243.23
552.641 1515.2
-809.272 -1744.4
-1137.01 1735.85
-775.464 67.8464
-1563.61 33.4471
1.18345 1877.05
-1408.35 -1928.74
981.831 820.553
447.987 -713.958
-646.346 -1037.49
-1512.49 104.697
625.453 -871.355
-1363.68 -669.092
-732.098 -243.441
263.089 552.028
-1000.22 -1184.27
67.2279 190.512
-928.671 930.218
-73.6398 295.866
-1001.94 362.755
-1670.69 999.247
239.803 -1079.04
1070.51 -778.365
1741.52 -481.507
507.677 -904.828
481 995.188
1199.87 -893.547
-1876.17 1836.19
437.362 -608.265
-407.254 -1299.55
1943.76 592.53
-483.819 10.9905
-1216.96 587.511
-1058.79 709.402
-1116.62 -60.728
-927.843 -787.31
-1061.48 1311.96
133.654 -1990.97
-1466.4 -124.828
-472.481 1041.27
970.344 -1991.48
36.4596 170.213
-885.027 160.292
6.39958 1552.33
1552.03 1599.15
-1747.21 1495.79
191.675 -231.033
-493.22 974.717
-1643.52 447.988
-315.881 -760.145
-1612.74 756.276
452.544 -674.22
68.2364 -1413.8
-665.194 601.831
461.37 862.325
-356.897 -568.286
870.844 1679.56
1601.93 1985.82
-160.145 -391.673
1538.15 -608.118
-792.528 1790.94
-1112.33 1399.15
-440.096 394.452
373.864 -83.6179
-1157.56 -1942.02
1156.24 -770.299
814.259 -391.219
555.481 -1117.5
194.979 1890.29
1484.33 -1343.65
752.612 -872.569
88.0638 -376.544
-1193.01 -310.009
-390.727 646.849
1298.32 -852.575
-1961.27 -1494.21
-1061.64 -1073.6
1904.94 498.266
1320.86 278.801
-1585.35 -1836.7
336.784 1570.88
-607.002 -848.957
-820.334 1948.48
33.5391 1374.64
1838.77 -482.134
-1969.01 591.378
645.297 119.058
-1785.17 1452.29
1809.05 -175.893
99.1389 1107.37
971.532 137.87
1613.16 1909.89
1064.27 1518.09
408.16 385.129
-203.107 822.808
548.426 -1866.32
393.693 1941.42
-715.28 1573.36
1889.9 1318.26
948.004 1728.67
-1163.87 978.998
320.046 1481.42
-901.944 534.88
933.712 -1092.89
-1641.01 -967.149
-1985.53 1330.52
1170.72 1627.63
1240.41 234.995
1145.72 -351.428
-1379.88 -1057.39
-1528.62 1168.55
-923.712 865.073
1109.97 361.008
438.432 999.875
-320.733 -613.564
728.544 515.392
-1634.57 -951.41
-3.18594 -536.51
1583.47 -1069.47
370.595 1942.46
-36.6221 385.066
1272.98 -865.901
12.6924 513.388
1369.09 -841.589
-1838.04 1989.22
101.022 -1366.66
1157.77 1177.31
1498.41 267.74
-461.683 -63.1551
-732.385 1217.58
1323.28 1996.16
-267.024 1688.71
-955.252 1729.79
-847.797 -1371.78
-1339.68 1522.8
-1429.33 623.694
-92.1363 1843.65
1757.79 1920.56
357.038 1126.89
-921.033 518.997
1116.1 1179.99
1152.34 273.871
357.298 650.75
-1458.39 1895.62
-1412.4 -190.775
1113.2 1910.88
-194.616 -1153.83
1599.59 850.132
-1424.04 -1248.21
1478.35 -763.72
-1725.41 -1950.97
1859.97 182.454
1892.68 1617.77
103.01 249.713
744.654 1181.98
-1231.29 -139.241
361.966 1921.05
-1865.37 -1280.74
571.798 -1323.76
-1385.12 1159.39
485.466 1728.08
1070.27 -1709.15
-1425.75 669.858
1140.98 -849.782
1421.65 619.333
386.499 1696.24
668.358 246.473
-121.304 561.034
-135.76 1981.71
-1189.25 -1391.11
1163.68 -420.541
469.654 -474.35
-499.493 604.284
244.915 -1927.7
1280.52 859.795
1231.7 -234.009
587.874 301.967
56.8407 1162.13
-1028.17 -802.177
-1687.65 -1606.52
1817.16 698.845
-1910.28 485.515
-1054.68 -31.585
-953.451 809.558
-49.8784 -142.704
1418.45 -886.195
1436.75 -111.893
639.455 -1062.74
-1507.61 -1115.63
-990.434 1772.92
1744.16 -1758.74
-461.094 332.039
543.232 1595.75
-505.833 1515.06
-1206.43 -193.487
1908.54 -1389.27
-1494.64 1998.25
1096.24 -549.324
-33.3308 -1857.21
-1739.77 1916.79
0.0854125 1678.69
-969.404 -563.16
-433.205 1670.05
374.102 59.186
-1445.58 1383.67
-167.899 -1701.41
1624.93 1371.01
630.625 168.165
966.754 -1875.21
-316.777 1760.32
-68.6945 -408.242
-1628.95 436.664
-409.987 1467.29
1887.34 1556.68
1610.08 -1852.43
1473.47 -389.835
1826.26 -1495.93
1047.01 -606.942
-1825.88 -578.893
1452.24 -1271.46
-1195.23 -715.655
-972.872 -1570.29
-1344.65 1657.75
597.873 1622.11
1782.55 -1718.9
1382.43 -286.149
-127.146 1753.48
-1849.49 1462.87
1220.77 -1962.15
1019.55 830.851
-1814.57 493.021
-1558.98 -1988.31
997.09 1488.02
-595.249 1171.21
-1090.87 -1143.01
1899.75 -286.096
141.34 -1073.12
143.611 796.692
-1415.37 -1258.52
418.799 -1632.82
-977.42 -198.77
81.03 895.434
-445.289 231.545
358.3 -1224.52
269.4 -622.151
1606.33 454.83
1870.87 -1952.65
466.522 867.959
1535.37 1871.27
39.1691 -1555.5
-1271.73 -61.0794
158.406 869.607
865.8 -1697.98
-333.701 1450.43
-956.499 -1914.9
1817.61 66.0808
-113.671 -101.358
-1038.49 1441.04
-1869.81 1319.81
-1783.48 399.587
-1302.34 1822.86
-1145.58 -1431.47
1870.21 1320.94
1436.49 1405.58
1192.21 -524.338
1850.09 1920.48
1414.58 8.49187
790.086 280.383
310.509 -1543.62
-269.183 1354.01
-1458.52 -451.571
-579.909 427.813
1447.07 381.606
-131.146 1577.26
-298.579 85.3776
-23.1544 399.085
-91.7638 831.262
967.618 -221.554
152.201 404.111
