1489.22 -1902.14
-1881.53 285.925
1484.18 -238.364
443.292 1940.23
-385.579 -236.086
913.911 -54.7161
-1056.09 -1236.37
-315.8 1150.91
50.1378 -1407.68
-1157.83 1810.06
1175.5 438.934
-1826.27 -930.72
-827.958 1243.32
-1588.37 -936.435
-1387.29 1530.37
-1066.86 -1898.07
1628.24 -948.39
387.858 1112.42
813.246 -1168.85
1052.65 -1572.33
595.064 -33.4398
372.951 1538.97
730.192 -1942.85
689.882 -1219.67
-1350.53 1532.05
-1409.61 1824.97
-29.0125 -1235.88
-1105.75 1143.03
-1992.55 -694.122
-1793.41 -1379.84
-1163.75 -860.264
-1277.91 -1535.51
191.346 1109.95
1576.91 -995.408
1941.1 629.557
-567.741 536.164
-1403.88 1805.21
75.1374 1326.31
1862.36 -1234.98
-1893.36 -1488.17
-1702.93 -1302.97
-1663.2 268.061
-538.843 -768.956
-588.909 -531.395
536.922 -382.314
88.7645 1373.17
757.422 810.857
1837.66 -1051.23
-79.193 1414.57
-46.6398 -138.093
