1403.23 912.071
-961.315 173.771
-1187.17 -17.2879
-1122.07 -826.923
-1716.23 676.577
215.135 -968.6
-865.726 -15.2079
-1362.12 1836.4
1985.35 -1441.35
894.923 -1843.67
1922.49 1577.4
638.407 1384.59
974.198 -1801.51
250.454 -238.599
1963.43 372.888
1616.31 1366.66
-715.042 -1345
-459.571 97.7856
637.71 418.356
1270.86 921.482
-905.067 -514.002
1952.88 229.207
1470.79 -1409.24
65.6032 1456.14
-850.588 -1039.47
1612.46 -928.094
-1462.07 250.871
-1543.5 1512.13
449.358 706.952
-726.473 412.79
-920.16 -1110.16
-220.552 364.799
-455.163 1319.88
-1537.42 -1817.45
-261.768 1733.45
1104.03 833.165
-780.556 1056.91
-937.628 -1309.77
1647.67 1127.98
-1853.63 -1202.92
-1911.5 1758.83
-131.012 -1373.57
9.70583 325.486
-1861.44 -1540.94
-967.562 -587.917
871.854 112.279
301.922 -1348.7
-1522.92 1846.76
1971.18 -1060.34
-1970.69 -290.59
-1326.89 1133.33
-1457.42 -107.448
190.245 -395.053
582.786 -162.085
-1267.08 729.156
634.996 -1178.58
487.991 -1496.02
-552.147 -1502.3
829.47 -413.591
-1043.24 1861.91
998.491 1828.61
-25.8136 -699.586
-1520.08 451.263
-852.827 -1548.91
1390.92 -823.52
160.504 -1935.97
-1690.19 703.079
-43.4157 500.06
-1691.97 -1460.63
-1662.03 -959.051
1268.53 972.971
-137.627 -243.482
1476.95 1310.23
254.215 306.424
-1103.36 1210.98
168.332 1895.13
1039.59 -1857.48
-804.46 1519.51
593.782 342.713
1970.6 -15.2932
1519.19 131.105
48.7394 1829.01
-1165.82 -1994.68
329.067 -857.789
-1455.31 667.042
183.16 1813.22
-359.987 -1954.47
-430.263 -883.033
1355.76 1823.95
1423.39 -1747.61
1034.93 -408.276
-1852.48 74.5182
-265.758 -656.939
-405.975 -1671.98
1685.77 -435.374
312.731 1204.97
1695.73 -1638.53
1033.97 -1470.09
-1633.21 -636.959
-327.875 -1088.51
-1969.92 1855.29
-1275.29 -329.904
1900.82 294.445
787.063 1256.58
118.397 210.455
1508.97 -846.675
1802.18 1656.49
1227.84 -463.579
-1000.45 -1178.13
-135.554 -1314.67
386.494 -1822.82
1890.29 82.2242
-1461.35 924.269
612.139 -1094.56
-1712.69 -1715.74
-183.07 -1682.61
-1860.45 541.638
-12.5111 -1959.63
-1163.92 -1225.45
1296.95 954.48
985.007 805.918
-1892.2 787.186
462.411 1335.65
-1676.39 1461.96
-1842.48 188.053
-1852.71 544.009
365.23 -1962.41
-1373.77 903.878
961.856 1238.37
1809.32 1249.17
1522.64 -373.75
1566.56 1662.19
-1832.11 -445.952
1702.55 -996.029
328.6 999.501
1958.45 -686.393
-194.581 -1933.74
-1899.21 -1732.17
1401.9 -1575.6
1729.79 1559.42
612.454 1877.09
103.427 -1022.32
1914.67 729.66
1881.56 876.531
-31.9678 1690.88
125.697 -509.331
-682.868 -307.744
-847.145 -514.981
1246.3 -1144.59
488.99 -425.096
1854.91 447.441
888.512 -339.671
513.696 989.305
-71.8405 -84.4014
1413.71 -342.046
-524.983 26.1595
-464.958 1578.44
1003.84 -550.284
308.104 885.405
-1673.75 -1723.86
576.287 451.944
-233.195 1893.42
-1855.8 919.66
-621.562 1390.5
1775.07 1867.43
-1034.59 1629.98
314.869 1853.92
-709.691 -1171.44
843.224 1218.47
744.163 256.93
-1123.58 -1780.82
-1716.91 411.465
1797.62 1286.93
1861.18 105.727
172.338 -1812.57
381.863 -1251.37
639.371 -1851.33
-1357.96 783.571
1068.33 20.4823
174.074 843.396
-112.09 1139.48
473.376 -1797.22
993.401 1763.69
-968.657 -163.375
982.154 1775.51
-1906.44 1858.58
1994.69 -1623.36
270.042 1792.31
1663.58 131.223
-101.964 -164.085
318.651 -1720.1
584.541 -1041.98
-1571.43 1226.58
1741.59 1496.89
-752.933 -84.3328
340.289 1134.98
-944.851 -1186.34
1337.76 -1951.45
-1422.65 -1630.9
-114.824 1559.5
-1855.39 -21.2692
1418.08 -1860.71
355.375 -311.876
1931.6 18.9525
1819.35 -170.363
1854.87 137.997
109.536 439.409
1096.02 538.102
-334.007 837.613
34.9947 913.061
-1246.72 -1624.72
48.0382 -191.571
-811.052 -614.205
-143.021 -233.702
-245.105 1742.15
-674.197 -100.499
-279.114 -1256.12
38.7931 -1923.74
432.008 -29.6055
95.2135 251.354
1800.03 -49.9186
-1610.65 -90.4321
-1610.51 1485.37
-1552.33 55.4835
322.984 482.665
-1031.46 1076.26
857.948 1016.58
-1115.31 -1953.1
-1597.62 741.672
-186.805 157.272
483.827 1139
-1943.23 -1795.29
1882.88 95.5656
-1719.03 314.89
-1934.04 376.187
-1433.76 1865.99
-1673.73 -1044.4
-224.44 -1284.24
-1559.03 223.23
771.242 763.951
-1294.11 1739.79
-159.786 1563.84
756.368 724.907
1610.74 1158.75
-533.421 -576.067
-683.983 1950.41
-1437.07 -627.211
-1844.88 -1554.19
1468.36 -1563.91
760.702 1534.32
812.278 1326.95
1400.31 1138.55
-1717.46 -824.133
1854.3 -1276.49
1399.1 625.546
1487.46 -1895.01
365.332 -672.326
1668.83 -878.299
-1947.42 1279.57
-1719.55 -480.84
-1296.5 -403.537
-530.435 -733.564
969.253 -375.317
-287.752 437.608
60.7738 -1527.05
-28.0771 -1126.95
1799.9 -627.77
-1988.4 -1917.56
548.097 1865.9
-1194.05 -52.8071
491.449 -1706.59
52.1834 -1143.22
-378.918 -278.984
-21.5179 -326.337
-999.413 258.928
1192.82 -295.908
1855.39 -1337.61
970.528 824.644
287.071 -1317.22
-737.748 -1652.16
-844.273 1234.17
-779.104 -1044.38
-1393.6 -767.506
-961.937 1154.5
-901.603 -155.989
-898.306 1589.85
137.419 1153.88
-1553.37 1758.5
-1125.11 425.109
-567.835 -124.519
-1315.96 -1375.01
1579.57 -1460.57
-712.624 550.101
1364.07 1574.45
1232.88 -1373.67
1922.29 -1611.4
1860.5 -856.813
-655.771 -1533.1
375.682 382.292
1621.41 1474.08
-1773.7 -1276.9
1063.92 363.723
1876.98 1510.55
122.224 -1248.13
-64.3395 1554.39
627.352 619.698
-1820.62 206.926
1159.13 -533.248
-1242.97 523.2
-958.802 1989.9
1149.53 -1036.51
-1621.49 1010.03
106.677 -277.263
1476.93 -1517.64
-1894.97 1098.34
1956.44 -1668.67
1821.44 1020.36
695.055 1698.41
530.912 -1182.72
-1549.71 -1533.43
-1628.33 1077.64
1086.27 -1448.96
-715.436 245.397
17.7964 41.5907
-1231.4 1058.99
31.4946 1918.12
-1977.52 410.003
928.149 129.161
-1867.26 405.08
611.519 -1762.23
-496.583 567.956
-1430.9 -675.146
-411.684 1264.16
-976.731 -1880.77
-1918.57 -526.445
-1414.2 -1546.9
-1448.81 1672.07
-995.853 -164.242
-82.5315 1021.94
1877.35 686.066
80.9385 -91.157
604.189 103.423
-1681.15 -467.662
-1767.42 -1548.41
1937.42 844.103
-1310.65 -559.165
-587.941 -741.545
765.689 1000.37
-1477.39 1788.96
1119.6 -1395.95
-737.487 1705.4
-942.851 -186.294
1377.47 61.2958
1649.46 -705.057
-916.761 1526.81
1981.01 1164.18
-564.344 585.199
-732.399 -245.499
-1882.46 -499.815
206.087 -1945.04
-1655.71 895.442
-504.209 -243.654
-1846.1 -1738.52
-1243.28 -1323.49
-1949.56 1876.32
-719.446 -687.05
1581.73 337.702
1126.66 959.203
-1601 776.121
-1745.85 -517.762
302.933 -1764.84
-1353.58 1738.59
820.355 -85.9838
-506.91 937.892
1414.2 1699.18
992.848 1758.49
594.619 -1511.36
-485.166 748.516
-1249.88 271.555
1425.02 -1199.44
147.879 -1294.42
113.506 -270.393
1043.28 -759.837
-1311.19 1442.28
-1983.72 -1057.04
-1075.48 319.217
-821.888 -429.069
57.8061 1998.47
1484.95 1550.9
936.359 899.148
1250.07 -70.7936
657.636 -155.307
417.845 -1827.53
-1406.79 1167.96
444.025 -1981.77
1968.52 -1408.1
-1276.19 82.0261
321.511 1767.09
1322.19 1010.32
1209.37 1338.47
1953.28 -1866.12
-342.31 -868.612
-295.187 1715.5
-870.146 -810.24
1266.39 -1933.79
-1911.09 516.467
-4.58109 746.544
-1638.84 -1586.74
919.014 -1045.63
1581.23 -636.961
-1027.4 1549.75
-45.0577 -303.59
-368.226 -1723.55
-536.501 -1046.04
1286.77 -1327.13
-1707.56 1240.05
-1193.25 -49.8738
-1628.56 511.56
-334.377 -498.71
1701.32 -1067.98
-432.497 1790.23
1448.48 1562.92
536.771 1809.64
1976.19 -544.215
-1235.99 1557.41
818.824 -263.389
1107.16 -1226.23
1433.02 -1261.07
-949.781 -1103.48
-307.103 -1663.01
-430.615 -14.667
1577.04 376.133
1935.46 1948.48
-1112.31 -398.918
-550.233 -1410.99
533.097 1017.27
-1620.76 -18.4207
580.192 916.013
-208.779 556.378
-1628.2 555.231
113.791 1190.62
-1708.16 -779.048
1964.39 1724.86
-40.1135 -985.394
-1378.62 1652.78
-648.402 190.766
-361.883 -1071.36
-1433.1 -426.424
-1122.88 -545.408
1174.66 326.883
43.6057 -292.245
-655.847 422.847
1689.33 1924.35
-661.14 -519.445
480.723 -289.342
-1964.21 -1405.49
-1098.72 -1672.37
-184.534 -1134.33
-1947.51 1775.35
-119.727 -1326.13
1428.14 1231.87
864.638 -933.747
-1839.49 1431.54
639.829 -962.375
-1113.87 -185.513
1364.51 929.735
1522.24 -1291.34
-647.418 1211.58
-1366.99 691.442
-1307.87 1113.73
-1597.9 -1272.08
1708.24 -696.621
-944.454 -476.29
169.045 -891.964
-700.937 -1950.68
-218.093 -1272.8
1281.19 -1353.46
-206.547 1441.7
-1921.92 -1566.72
-1520.68 -1035.79
247.768 1843.83
1893.94 -229.99
-1447.51 -753.473
-1018.41 -814.501
1937.97 -326.282
-1700.77 -1659.93
401.636 -1992.53
-356.554 1457.18
-468.817 1812.49
-1434.78 830.246
1861.81 347.124
1557.45 1143
993.669 -649.102
584.697 1071.75
-215.82 1064.02
-1964.04 -1968.05
907.852 1929.9
-198.042 1460.34
-823.569 783.545
-1354.16 -885.601
