231 302 318
242 246 292
2 13 141
125 230 310
94 189 288
108 162 329
81 125 266
88 130 346
179 238 339
6 91 157
73 130 277
77 272 282
46 285 301
65 115 213
16 109 286
23 75 308
187 237 276
90 106 288
189 276 284
108 228 229
11 59 347
44 284 334
166 173 306
106 243 288
20 50 175
9 172 303
81 92 125
5 92 310
12 275 290
43 121 253
21 100 294
63 110 202
97 232 297
196 256 316
40 136 257
196 256 331
263 313 332
5 310 323
263 310 313
209 210 225
10 116 151
169 235 245
145 210 225
82 209 245
96 241 249
118 231 302
140 246 292
21 66 217
10 116 233
197 241 247
79 217 294
85 96 233
139 250 292
98 120 168
214 295 322
54 98 265
88 122 130
24 103 132
14 98 168
47 91 157
157 161 319
28 179 265
73 127 129
62 161 206
30 55 287
244 301 304
30 244 287
131 268 301
123 186 199
1 60 262
1 177 317
1 140 246
36 134 330
314 328 340
22 198 281
25 195 336
26 312 336
38 165 328
22 291 328
123 143 156
183 184 259
183 259 311
101 195 216
230 237 243
94 187 237
106 173 306
125 230 266
39 296 299
81 173 221
81 92 221
92 125 310
166 173 299
61 221 333
172 174 222
39 220 296
220 255 296
173 221 299
255 296 299
90 166 306
39 166 299
189 284 334
90 189 288
90 106 306
128 203 220
107 229 314
258 329 334
128 203 258
203 258 329
44 147 347
11 147 347
18 19 86
37 59 86
59 86 108
37 216 289
37 86 289
36 212 264
192 201 340
192 228 229
162 192 201
162 201 220
180 220 255
39 128 220
39 128 166
32 255 299
220 280 343
160 264 283
32 227 255
152 227 255
180 220 343
152 154 222
207 280 283
36 264 330
264 280 283
89 160 348
160 212 264
105 126 348
126 160 348
126 160 234
89 105 348
178 239 335
89 239 318
89 239 335
68 178 207
68 178 335
152 174 320
12 303 326
152 207 320
20 175 205
9 50 320
20 50 320
152 174 222
9 174 320
9 172 174
61 208 333
154 208 333
152 154 227
42 181 298
61 172 208
5 61 323
181 310 323
117 181 298
42 181 310
42 310 313
117 219 303
12 50 290
50 175 290
219 303 326
12 275 326
219 275 326
63 121 169
42 219 275
42 275 313
27 275 313
27 142 313
175 196 331
175 196 290
110 256 331
202 231 318
110 202 205
158 193 257
27 142 316
27 196 316
43 118 231
57 121 253
97 170 327
142 307 313
142 232 307
158 307 332
307 313 332
136 170 297
193 232 297
193 257 297
72 136 145
136 257 297
145 225 293
40 72 136
72 145 293
113 159 278
64 69 293
64 72 293
3 200 349
209 225 273
248 270 273
209 210 245
136 145 210
97 170 297
169 170 235
57 121 169
119 253 349
34 104 278
104 113 278
34 66 300
34 104 146
99 157 325
66 132 300
104 113 146
34 146 300
103 132 300
21 217 294
21 66 132
21 100 132
155 200 294
24 164 345
33 96 249
84 105 302
100 155 294
164 305 345
79 200 294
119 241 249
112 119 253
119 249 349
41 118 302
43 63 121
43 118 344
41 84 302
31 111 254
10 85 233
197 247 254
111 139 254
197 233 254
31 114 233
160 234 317
77 111 242
53 83 304
234 250 292
234 292 317
53 58 242
83 242 246
53 83 242
83 246 304
53 58 304
138 279 295
49 198 269
17 129 194
55 87 287
17 30 279
120 218 272
77 191 272
116 151 164
114 116 233
31 233 254
31 77 111
31 77 114
116 164 282
14 54 98
100 155 345
151 164 305
10 85 151
155 305 345
103 182 300
146 182 300
6 157 325
103 182 325
28 179 339
194 214 238
6 91 95
78 194 238
28 54 265
17 194 279
93 265 322
191 218 272
17 73 129
194 214 295
78 129 194
194 279 295
47 91 339
47 238 339
7 76 153
179 214 238
7 76 78
76 157 161
47 76 157
124 206 319
122 124 133
62 133 338
161 206 319
7 127 153
127 277 338
133 277 338
88 122 124
73 127 277
109 252 286
35 51 144
65 261 286
252 286 324
144 252 324
51 87 341
51 144 252
17 30 55
35 55 144
46 301 304
16 102 341
204 240 268
244 268 301
131 186 199
35 51 87
35 55 87
16 204 341
51 102 341
16 102 109
67 123 199
156 167 261
52 156 167
52 167 286
167 261 286
15 188 211
15 163 311
15 188 311
52 123 156
29 56 223
75 308 342
29 49 269
143 149 236
148 236 337
67 80 149
123 143 149
67 80 199
67 123 149
52 123 186
46 60 285
1 46 60
150 198 269
1 177 262
150 198 281
150 177 281
22 251 281
150 177 262
22 198 291
192 229 314
22 201 340
192 314 340
22 328 340
22 134 251
135 314 328
8 29 49
49 198 291
150 269 271
223 321 337
8 38 328
71 309 328
8 29 38
165 308 309
165 309 328
23 29 38
71 135 328
26 71 215
4 18 86
18 171 215
107 135 314
107 135 171
4 216 289
4 26 336
19 86 108
4 86 289
11 101 216
13 101 342
0 25 260
25 312 336
25 260 309
260 308 342
260 308 309
13 101 224
137 226 274
2 185 224
2 13 224
56 223 337
23 56 75
23 29 56
65 213 311
213 259 311
45 213 259
176 185 315
45 137 274
45 137 259
45 176 274
141 226 274
137 226 259
176 185 274
115 176 315
115 185 315
32 299 333
225 273 293
269 271 321
190 271 285
43 253 344
112 253 344
32 227 333
203 220 329
162 220 329
42 219 298
191 218 279
179 214 265
36 212 251
74 212 251
148 211 337
143 211 236
148 211 236
172 208 222
110 205 331
201 220 280
80 199 301
158 193 307
193 232 307
80 190 321
138 218 279
186 240 268
131 186 268
74 177 251
168 272 282
90 166 258
128 166 258
89 160 335
160 177 317
204 268 287
99 159 325
158 263 332
143 156 163
156 163 261
152 280 343
60 271 285
141 184 342
141 184 259
140 292 317
1 140 317
139 247 254
139 247 250
139 242 292
111 139 242
59 329 347
11 59 216
2 141 185
94 187 189
58 77 191
0 25 195
44 334 347
3 70 245
136 210 245
62 127 153
244 268 287
62 124 133
54 95 103
58 244 304
329 334 347
18 107 171
49 291 328
48 184 342
82 99 248
48 183 184
36 134 251
44 276 284
131 199 301
56 75 188
93 138 295
113 159 325
33 85 155
163 261 311
97 256 316
63 170 327
95 103 325
177 251 281
23 38 308
267 270 293
9 12 50
5 61 92
14 164 168
48 188 311
14 24 103
1 246 304
85 155 305
3 57 253
214 265 322
15 143 211
120 168 272
25 71 309
8 49 328
154 208 222
56 188 337
33 155 200
97 142 232
38 165 308
9 12 303
20 178 207
16 204 240
48 75 342
0 101 195
51 109 252
110 256 327
114 116 282
188 211 337
28 91 339
74 160 177
154 227 333
70 82 159
80 190 285
141 185 274
11 147 224
15 143 163
82 209 273
97 256 327
29 223 321
136 170 235
3 253 349
270 273 293
178 202 239
22 134 330
28 54 95
195 216 336
141 226 259
14 54 103
4 216 336
80 236 337
264 280 330
28 91 95
45 115 176
41 84 112
44 147 276
16 52 186
4 18 215
27 275 290
3 57 169
63 169 170
45 115 213
158 257 263
51 102 109
84 112 247
22 201 330
70 79 217
33 200 349
3 169 245
41 112 118
187 189 276
16 52 286
3 70 200
17 55 144
65 261 311
17 73 144
152 207 280
18 19 107
20 207 320
48 183 311
93 138 218
202 239 318
88 124 319
33 85 96
16 186 240
27 196 290
20 178 202
30 58 244
112 119 241
30 58 279
25 71 312
164 168 282
59 108 329
60 150 271
60 150 262
58 77 242
61 92 221
61 117 181
61 117 303
61 172 303
62 76 161
4 26 215
62 124 206
62 127 338
117 219 298
175 205 331
65 286 324
81 106 266
190 271 321
66 217 278
34 66 278
14 24 164
84 105 250
43 202 231
94 243 288
68 283 335
82 99 159
68 207 283
40 69 257
108 162 192
69 257 263
70 159 278
70 79 200
70 217 278
33 249 349
180 255 343
71 171 215
1 46 304
64 69 72
71 135 171
26 71 312
37 59 216
126 234 250
74 160 212
160 283 335
48 75 188
76 78 238
47 76 238
7 78 127
78 127 129
80 149 236
19 107 108
61 181 323
80 285 301
80 321 337
82 248 273
58 191 279
93 120 218
84 247 250
11 101 224
152 255 343
85 151 305
87 204 341
130 324 346
88 319 346
70 82 245
90 189 334
101 260 342
43 63 202
93 295 322
89 105 318
94 237 243
29 269 321
112 241 247
96 197 233
96 197 241
81 106 173
97 142 316
20 202 205
99 248 270
99 267 270
6 95 325
0 101 260
108 192 228
105 302 318
90 258 334
106 230 243
106 230 266
107 108 229
65 324 346
63 110 327
112 118 344
201 280 330
113 182 325
221 299 333
113 146 182
77 114 282
13 141 342
98 120 265
93 120 265
122 130 277
122 133 277
87 204 287
105 126 250
136 235 245
62 76 153
73 130 144
130 144 324
24 132 345
40 69 72
100 132 345
