231 302 318
11 37 216
242 246 292
2 13 141
4 195 336
125 230 310
19 107 229
152 180 255
94 189 288
108 162 329
70 82 278
32 221 299
138 191 279
63 110 256
81 125 266
179 238 339
6 91 157
73 130 277
77 272 282
46 285 301
204 244 287
65 115 213
16 109 286
148 188 337
16 186 286
23 75 308
8 49 291
94 237 288
44 329 347
187 237 276
237 243 288
189 276 284
94 187 276
94 189 276
108 228 229
44 147 284
11 37 59
32 221 333
44 284 334
111 139 292
166 173 306
106 243 288
81 173 266
9 172 303
81 92 125
43 121 253
21 100 294
63 110 202
40 136 257
256 316 327
196 256 331
263 313 332
169 170 327
209 210 225
225 270 273
105 247 250
10 116 151
169 235 245
200 249 349
145 210 225
63 256 327
89 105 302
118 231 302
140 246 292
21 66 217
197 241 247
79 217 294
139 250 292
98 120 168
14 24 168
214 295 322
54 98 265
88 122 130
14 98 168
157 161 319
124 133 206
82 159 278
225 267 293
146 182 325
28 179 265
204 244 268
88 124 346
122 130 133
143 156 261
30 58 304
138 295 322
244 301 304
46 246 304
131 268 301
123 186 199
1 60 262
1 177 317
36 134 330
8 291 328
26 312 336
19 108 229
141 184 226
183 184 259
183 259 311
101 195 216
230 237 243
94 187 237
106 173 306
106 173 266
125 230 266
81 173 221
81 92 221
92 125 310
172 174 222
39 220 296
154 172 222
220 255 296
173 221 299
90 166 306
189 284 334
90 189 288
147 276 284
128 203 220
107 229 314
258 329 334
128 203 258
203 258 329
44 329 334
44 147 347
11 147 347
108 162 228
108 329 347
18 19 86
37 59 86
59 86 108
37 216 289
37 86 289
36 212 264
162 203 220
162 203 329
162 192 201
162 201 220
180 220 255
39 128 220
39 128 166
220 280 343
160 264 283
32 227 255
152 227 255
180 220 343
207 280 343
207 280 283
36 264 330
264 280 283
89 160 348
160 212 264
105 126 348
126 160 348
126 160 234
89 105 348
178 239 335
89 239 335
68 178 207
68 178 335
12 303 326
12 50 303
20 175 205
9 50 320
20 50 320
152 174 222
9 174 320
9 172 174
154 172 208
61 208 333
154 208 333
61 172 208
5 61 323
181 310 323
117 219 303
12 50 290
9 50 303
219 303 326
12 275 326
219 275 326
63 121 169
42 219 275
42 275 313
27 275 313
27 142 313
175 196 331
27 196 275
110 256 331
202 231 318
63 202 231
110 202 205
158 193 257
27 142 316
43 118 231
97 170 327
97 316 327
158 193 232
142 307 313
142 232 307
307 313 332
136 170 297
40 257 263
193 257 297
136 257 297
145 225 293
40 69 263
40 72 136
64 69 293
82 209 248
3 200 349
99 248 267
209 225 273
225 267 270
248 267 270
209 210 245
63 169 327
136 170 210
170 210 235
97 170 297
169 170 235
210 235 245
57 121 169
119 253 349
34 104 278
70 79 278
3 70 82
34 66 300
82 159 248
34 104 146
99 157 325
99 159 248
66 132 300
104 113 146
34 217 278
34 146 300
103 132 300
113 146 325
34 66 217
79 217 278
24 100 132
21 217 294
21 66 132
21 100 132
155 200 294
33 96 249
84 105 302
85 155 200
79 200 294
33 200 249
43 63 231
112 119 253
3 57 349
119 249 349
41 118 302
43 63 121
43 118 344
41 84 302
119 241 247
84 105 247
139 250 254
31 111 254
10 85 233
197 233 241
111 139 254
197 233 254
111 242 292
160 234 317
53 83 304
234 250 292
234 292 317
83 246 304
53 58 304
138 279 295
80 131 301
30 191 279
30 58 191
17 30 279
120 218 272
116 151 164
31 77 114
116 164 282
93 98 265
14 54 98
85 151 155
10 85 151
155 305 345
151 155 305
24 100 345
14 24 54
103 182 300
28 54 103
146 182 300
6 157 325
28 179 339
28 95 103
6 91 95
28 54 265
93 265 322
93 138 322
93 98 120
120 138 218
191 218 272
93 120 138
138 191 218
194 214 295
78 129 194
194 279 295
47 91 339
47 238 339
179 214 238
7 76 78
122 124 133
62 153 161
62 133 338
62 133 206
7 127 153
127 277 338
133 277 338
88 122 124
130 133 277
73 127 277
55 73 144
109 252 286
65 261 286
252 286 324
73 144 346
144 252 324
51 102 252
144 324 346
102 109 252
17 30 55
35 55 144
46 301 304
16 102 341
30 244 304
204 240 268
244 268 301
131 186 199
186 204 240
35 51 87
16 204 341
16 102 109
67 123 199
16 186 204
156 167 261
65 286 346
286 324 346
52 156 167
65 163 261
167 261 286
15 188 211
15 188 311
148 188 211
183 188 311
29 56 223
75 308 342
29 49 269
143 149 236
148 236 337
80 131 199
67 80 149
60 190 271
67 80 199
67 123 149
52 123 186
1 46 60
74 177 281
1 177 262
150 198 281
150 177 281
22 251 281
150 177 262
74 251 281
22 134 251
75 183 342
8 29 49
223 269 321
223 321 337
29 223 269
26 71 215
71 135 215
4 18 86
18 171 215
107 135 314
4 216 289
4 26 336
19 86 108
4 86 289
4 195 216
0 25 260
260 308 342
101 147 224
137 226 274
2 185 224
2 141 274
183 184 342
0 260 342
56 223 337
48 75 183
23 56 75
48 183 188
23 29 56
65 213 311
45 176 213
184 226 259
213 259 311
45 213 259
45 137 259
2 185 274
141 226 274
137 226 259
115 185 315
42 298 310
90 288 306
106 288 306
22 281 328
185 274 315
269 271 321
198 281 291
49 269 291
43 253 344
112 253 344
191 242 272
89 239 302
158 232 332
192 229 340
32 227 333
42 219 298
179 214 265
176 213 315
36 212 251
74 212 251
143 211 236
148 211 236
209 248 270
110 205 331
201 220 280
198 269 271
150 198 271
197 247 250
124 206 346
195 312 336
80 190 321
186 240 268
131 186 268
152 180 207
166 173 296
24 168 345
168 272 282
167 186 286
52 167 186
90 166 258
128 166 258
162 228 229
162 192 229
89 160 335
99 159 325
158 263 332
151 164 345
151 305 345
101 147 216
11 147 216
143 163 261
141 184 342
140 292 317
1 140 317
137 274 315
174 207 320
0 25 195
96 119 241
97 193 232
53 242 246
54 103 132
52 123 149
62 127 153
2 13 101
92 310 323
39 166 296
95 182 325
18 107 171
115 213 315
24 54 132
36 134 251
53 191 242
42 263 310
46 190 285
7 153 161
52 149 156
38 308 309
56 75 188
17 55 127
50 196 290
35 51 252
113 159 325
32 296 299
53 83 246
32 255 296
71 165 328
42 263 313
23 38 308
164 168 345
214 265 322
12 196 290
47 91 161
15 143 211
2 101 224
100 294 345
31 111 242
197 250 254
120 168 272
25 71 309
11 108 347
71 314 328
56 188 337
31 77 242
97 142 232
20 178 207
0 101 195
11 59 108
31 114 254
1 46 140
114 116 282
239 302 318
5 92 323
28 91 339
15 65 311
55 73 127
154 227 333
80 190 285
8 23 29
0 13 342
155 294 345
47 76 161
15 143 163
3 209 245
53 58 191
3 82 209
8 165 328
178 202 239
22 134 330
154 222 227
62 161 319
5 61 333
77 242 272
80 236 337
264 280 330
28 91 95
41 84 112
4 18 215
3 57 169
158 257 263
7 76 161
8 38 165
84 112 247
25 195 312
22 201 330
8 23 38
25 308 309
10 114 233
3 169 245
152 174 207
41 112 118
206 319 346
22 192 340
3 70 200
209 270 273
30 55 244
18 19 107
20 207 320
10 114 116
117 181 219
202 239 318
33 85 96
38 165 309
62 206 319
22 314 328
181 298 310
0 13 101
143 149 156
20 178 202
25 260 308
27 256 316
27 196 256
281 291 328
25 71 312
164 168 282
60 150 271
60 150 262
61 117 181
61 117 303
61 172 303
4 26 215
85 233 241
62 127 338
64 145 293
121 253 349
175 205 331
22 192 201
190 271 321
72 136 210
46 140 246
17 129 279
68 283 335
68 207 283
173 296 299
129 194 279
70 79 200
71 165 309
64 69 72
26 71 312
57 121 349
35 144 252
71 135 314
72 145 210
180 207 343
73 88 130
73 88 346
126 234 250
74 160 212
74 160 317
198 269 291
74 177 317
160 283 335
48 75 188
17 127 129
76 78 238
47 76 238
7 78 127
78 127 129
78 194 214
78 214 238
80 149 236
61 181 323
80 285 301
80 321 337
137 176 315
181 219 298
232 307 332
85 96 241
33 85 200
87 102 341
20 175 196
87 204 341
35 87 287
90 189 334
91 157 161
5 92 333
92 221 333
152 222 227
35 55 287
12 196 275
95 103 182
55 244 287
96 119 249
20 50 196
97 142 316
51 87 102
97 193 297
20 202 205
22 314 340
6 95 325
104 159 278
104 113 159
90 258 334
106 230 243
229 314 340
106 230 266
46 60 190
107 135 215
107 171 215
15 65 163
112 118 344
201 280 330
114 233 254
77 114 282
13 141 342
112 119 247
64 72 145
87 204 287
105 126 250
40 69 72
45 137 176
