242 246 292
125 230 310
90 189 258
19 107 229
152 180 255
94 189 288
152 207 343
108 162 329
32 221 299
81 125 266
179 238 339
6 91 157
73 130 277
77 272 282
46 285 301
65 115 213
16 109 286
16 186 286
8 49 291
187 237 276
189 276 284
94 187 276
94 189 276
108 228 229
11 59 347
44 147 284
32 221 333
44 284 334
207 283 335
166 173 306
106 243 288
20 178 205
61 117 172
9 172 303
81 92 125
5 92 310
43 121 253
21 100 294
97 232 297
40 64 72
263 313 332
5 310 323
263 310 313
209 210 225
105 247 250
10 116 151
40 64 69
169 235 245
200 249 349
145 210 225
77 116 282
178 202 205
140 246 292
21 66 217
197 241 247
79 217 294
85 96 233
139 250 292
14 24 168
214 295 322
88 122 130
14 98 168
47 91 157
157 161 319
146 182 325
28 179 265
62 161 206
30 55 287
138 295 322
244 301 304
46 246 304
1 46 246
30 244 287
131 268 301
123 186 199
150 262 271
1 177 317
1 140 246
36 134 330
314 328 340
13 184 342
8 291 328
25 195 336
26 312 336
143 148 211
38 165 328
143 148 236
183 184 259
0 101 342
183 259 311
101 195 216
230 237 243
106 173 306
106 243 266
39 296 299
81 173 221
81 92 221
92 125 310
166 173 299
172 174 222
154 172 222
220 255 296
173 221 299
90 166 306
39 166 299
189 284 334
90 189 288
147 276 284
189 258 334
128 203 220
128 203 258
44 147 347
11 147 347
108 162 228
108 329 347
59 108 347
18 19 86
37 59 86
59 86 108
37 216 289
37 86 289
36 212 264
162 203 220
162 203 329
162 192 201
201 220 330
162 201 220
180 220 255
39 128 166
152 180 343
220 280 343
160 264 283
32 227 255
152 227 255
180 220 343
207 280 343
20 178 320
152 154 222
207 280 283
36 264 330
264 280 283
89 160 348
160 212 264
105 126 348
105 126 234
126 160 348
105 234 250
126 160 234
89 105 348
89 239 318
178 202 318
89 239 335
178 239 318
68 207 335
12 303 326
20 175 205
9 50 320
20 50 320
152 174 222
9 174 320
9 172 174
154 172 208
61 208 333
152 154 227
61 172 208
5 61 323
42 310 313
117 172 303
117 219 303
12 50 290
219 303 326
12 275 326
219 275 326
63 121 169
42 219 275
158 232 307
42 275 313
175 196 331
27 196 275
175 196 290
110 175 205
110 256 331
202 231 318
110 175 331
110 202 205
158 193 257
97 232 316
27 196 316
57 121 253
158 193 232
142 307 313
142 232 307
158 307 332
307 313 332
136 170 297
193 232 297
40 257 263
72 136 145
40 69 263
64 69 293
64 72 293
82 209 248
3 200 349
209 225 273
209 210 245
63 169 327
136 145 210
97 170 297
169 170 235
210 235 245
57 121 169
3 79 200
119 253 349
3 70 79
34 104 278
70 79 278
3 70 82
34 66 300
82 159 248
34 104 146
99 157 325
99 113 159
99 159 248
66 132 300
104 113 146
34 146 300
103 132 300
79 217 278
24 100 132
21 217 294
21 66 132
21 100 132
155 200 294
33 96 249
84 105 302
100 155 294
79 200 294
33 200 249
57 253 349
112 119 253
3 57 349
119 249 349
41 118 302
43 63 121
41 118 344
84 112 344
41 84 344
41 84 302
84 105 247
139 250 254
31 111 254
10 85 233
111 139 254
197 233 254
31 114 233
160 234 317
160 212 317
77 111 242
234 250 292
234 292 317
53 58 242
83 246 304
80 131 301
49 198 269
55 87 287
17 30 279
120 218 272
77 191 272
120 272 282
116 151 164
31 233 254
31 77 111
31 77 114
77 114 116
116 164 282
14 54 98
100 155 345
85 151 155
10 85 151
155 305 345
151 155 305
24 100 345
14 24 54
103 182 300
28 54 103
146 182 300
6 157 325
28 179 339
28 95 103
6 91 95
78 194 238
93 138 322
120 138 218
191 218 272
93 120 138
138 191 218
78 129 194
194 279 295
47 91 339
47 238 339
62 153 338
179 214 238
47 76 78
7 76 78
47 78 238
124 206 319
122 124 133
62 153 161
62 133 338
161 206 319
127 277 338
133 277 338
88 122 124
73 127 277
55 73 144
35 51 144
65 261 286
73 144 346
51 102 252
144 324 346
102 109 252
51 87 341
204 287 341
17 30 55
35 55 144
46 301 304
30 244 304
244 268 301
131 240 268
131 186 199
87 287 341
35 51 87
35 55 87
51 102 341
16 102 109
67 123 199
131 186 240
156 167 261
52 156 167
65 163 261
167 261 286
15 188 211
15 188 311
52 123 156
75 308 342
143 149 236
148 236 337
80 149 321
67 80 149
60 190 271
67 123 149
52 123 186
46 60 285
60 190 285
74 177 281
60 262 271
1 177 262
150 198 281
150 177 281
22 251 281
150 177 262
177 212 317
74 251 281
74 177 212
74 134 251
22 328 340
22 134 251
49 198 291
8 38 328
8 29 38
23 29 38
26 71 215
71 135 215
4 18 86
18 171 215
4 216 289
4 26 336
4 86 289
13 101 342
25 312 336
260 308 342
260 308 309
101 147 224
13 101 224
137 226 274
2 185 224
2 13 224
0 260 342
48 75 337
48 188 337
56 75 337
23 29 56
65 213 311
141 226 274
137 226 259
115 176 315
115 185 315
181 298 323
42 298 310
90 288 306
106 288 306
22 281 328
185 274 315
225 273 293
269 271 321
198 281 291
43 253 344
112 253 344
240 268 287
192 229 340
32 227 333
223 236 337
42 219 298
179 214 265
148 211 337
214 238 295
209 248 270
208 227 333
154 208 227
203 329 334
198 269 271
150 198 271
197 247 250
138 191 295
80 190 321
187 237 243
24 168 345
120 168 282
167 186 286
52 167 186
90 166 258
128 166 258
162 228 229
162 192 229
89 160 335
158 263 332
156 163 261
151 164 345
151 305 345
149 223 321
101 147 216
11 147 216
27 142 275
141 184 259
220 280 330
140 292 317
1 140 317
139 242 292
111 139 242
137 274 315
11 59 216
53 58 83
2 141 185
174 207 320
58 77 191
0 25 195
44 334 347
96 119 241
53 242 246
54 103 132
298 310 323
244 268 287
62 124 133
27 232 316
47 157 161
95 182 325
329 334 347
204 240 287
18 107 171
123 149 156
24 54 132
48 184 342
48 183 184
20 175 290
1 46 262
118 302 318
7 153 161
43 63 110
23 56 308
46 60 262
36 134 212
38 308 309
128 220 296
17 55 127
97 256 316
32 296 299
53 83 246
32 255 296
71 165 328
194 238 295
43 231 344
23 38 308
99 113 146
30 58 83
267 270 293
9 12 50
109 286 324
164 168 345
48 188 311
51 252 324
214 265 322
12 196 290
15 143 211
33 96 155
197 250 254
25 71 309
8 29 269
71 314 328
51 144 324
56 75 308
33 155 200
9 12 303
68 178 320
16 204 240
28 98 265
29 56 337
48 75 342
0 101 195
110 256 327
188 211 337
28 91 339
15 65 311
55 73 127
136 193 257
70 82 159
80 190 285
141 185 274
86 108 229
47 76 161
97 256 327
15 156 163
29 223 321
3 209 245
136 170 235
3 82 209
2 141 184
270 273 293
22 134 330
195 216 336
5 61 333
141 226 259
4 216 336
264 280 330
28 91 95
15 143 156
45 115 176
0 25 309
4 18 215
3 57 169
45 115 213
158 257 263
7 76 161
84 112 247
22 201 330
29 223 337
10 114 233
43 110 231
8 49 269
3 169 245
152 174 207
22 192 340
209 270 273
94 187 243
18 19 107
30 83 304
48 183 311
20 50 290
10 114 116
117 181 219
28 54 98
88 124 319
93 98 168
85 96 155
38 165 309
191 279 295
27 142 232
16 186 240
143 149 156
112 119 241
30 58 279
281 291 328
25 71 312
164 168 282
203 258 334
109 252 324
58 77 242
68 207 320
61 117 181
7 153 338
72 145 225
4 26 215
62 124 206
2 13 184
107 135 229
93 98 322
22 192 201
65 286 324
81 106 266
190 271 321
66 217 278
34 66 278
67 80 131
68 178 239
94 243 288
118 231 318
68 239 335
17 129 279
256 316 331
125 230 243
129 194 279
70 159 278
196 316 331
71 165 309
26 71 312
71 135 314
97 169 327
72 225 293
72 136 257
37 59 216
40 72 257
73 88 130
73 88 346
137 213 311
160 283 335
17 127 129
102 204 341
0 260 309
7 78 127
78 127 129
61 181 323
149 223 236
80 285 301
137 176 315
7 127 338
181 219 298
58 191 279
19 86 229
98 265 322
118 231 344
88 319 346
5 92 333
92 221 333
93 120 168
12 196 275
89 105 318
29 269 321
112 241 247
95 103 182
142 275 313
96 119 249
96 197 233
96 197 241
81 106 173
99 146 325
99 248 270
99 267 270
6 95 325
67 131 199
16 102 204
104 159 278
104 113 159
135 229 314
105 302 318
229 314 340
107 135 215
65 324 346
107 171 215
110 202 231
15 65 163
63 110 327
45 137 213
122 130 277
122 133 277
125 243 266
39 128 296
137 259 311
74 134 212
136 193 297
97 169 170
136 210 235
45 137 176
