11 37 216
242 246 292
2 13 141
125 230 310
90 189 258
19 107 229
152 180 255
94 189 288
108 162 329
138 191 279
178 207 320
81 125 266
88 130 346
179 238 339
6 91 157
73 130 277
77 272 282
46 285 301
204 244 287
65 115 213
16 109 286
16 186 286
23 75 308
8 49 291
44 329 347
187 237 276
90 106 288
230 243 266
189 276 284
94 187 276
94 189 276
108 228 229
11 37 59
44 284 334
111 139 292
106 243 288
81 173 266
20 178 205
61 117 172
9 172 303
81 92 125
5 92 310
43 121 253
21 100 294
40 136 257
256 316 327
196 256 331
40 64 72
263 313 332
5 310 323
209 210 225
225 270 273
40 64 69
169 235 245
200 249 349
145 210 225
89 105 302
178 202 205
89 302 318
247 250 254
140 246 292
21 66 217
197 241 247
85 96 233
139 250 292
98 120 168
214 295 322
54 98 265
88 122 130
28 95 339
47 91 157
157 161 319
124 133 206
225 267 293
6 103 325
62 161 206
204 244 268
143 156 261
138 295 322
46 246 304
131 268 301
123 186 199
150 262 271
1 177 317
36 134 330
314 328 340
22 198 281
8 291 328
26 312 336
135 171 215
19 108 229
38 165 328
22 291 328
123 143 156
183 184 259
183 259 311
101 195 216
230 237 243
106 243 266
106 173 266
125 230 266
81 173 221
81 92 221
92 125 310
61 221 333
5 92 221
90 128 258
90 128 166
90 166 306
189 284 334
90 189 288
90 106 306
189 258 334
128 203 220
128 203 258
44 329 334
44 147 347
11 147 347
108 329 347
18 19 86
37 59 86
59 86 108
37 216 289
37 86 289
36 212 264
162 203 220
134 201 330
162 203 329
192 228 229
162 192 201
162 201 220
39 128 166
152 180 343
220 280 343
32 227 255
180 220 343
20 178 320
207 280 283
36 264 330
264 280 283
36 74 212
89 160 348
160 212 264
89 105 348
89 239 318
178 202 318
89 239 335
68 178 207
178 239 318
20 175 205
20 50 320
152 174 222
61 208 333
5 61 221
61 172 208
5 61 323
181 310 323
117 172 303
117 219 303
12 50 290
9 50 303
219 303 326
12 275 326
219 275 326
63 121 169
42 219 275
158 232 307
42 275 313
175 196 331
27 196 275
175 196 290
110 256 331
202 231 318
110 202 205
158 193 257
97 232 316
27 142 316
43 118 231
57 121 253
97 316 327
158 193 232
142 232 316
142 232 307
158 257 332
158 307 332
257 263 332
307 313 332
136 170 297
193 257 297
136 257 297
145 225 293
40 72 136
64 69 293
99 248 267
209 225 273
225 267 270
248 270 273
248 267 270
209 210 245
63 169 327
97 170 297
169 170 235
210 235 245
57 121 169
34 104 278
3 70 82
34 66 300
34 104 146
99 157 325
66 132 300
104 113 146
34 217 278
34 146 300
34 66 217
24 100 132
21 66 132
85 96 200
21 100 132
155 200 294
24 164 345
33 96 249
84 105 302
100 155 294
85 155 200
33 96 200
79 200 294
33 200 249
84 112 119
119 249 349
41 118 302
43 112 253
43 63 121
43 112 344
43 118 344
41 118 344
84 112 344
41 84 344
41 84 302
139 250 254
31 111 254
10 85 233
197 247 254
111 139 254
197 233 254
111 242 292
160 212 317
234 250 292
234 292 317
83 242 246
53 83 242
83 246 304
138 279 295
17 30 279
120 218 272
116 164 282
85 151 155
10 85 151
151 155 305
24 100 345
103 182 300
28 54 103
146 182 300
6 157 325
103 182 325
28 179 339
6 95 103
28 95 103
6 91 95
78 194 238
28 54 265
179 214 322
93 265 322
93 138 322
191 218 272
138 191 218
78 129 194
194 279 295
47 238 339
62 153 338
179 214 238
7 76 78
124 206 319
122 124 133
62 153 161
62 133 338
161 206 319
62 133 206
127 277 338
133 277 338
88 122 124
73 127 277
73 130 346
55 73 144
35 51 144
65 261 286
73 144 346
51 102 252
144 324 346
17 55 73
102 109 252
17 30 55
35 55 144
30 244 304
204 240 268
190 285 301
244 268 301
131 186 199
51 102 341
16 102 109
67 123 199
156 167 261
65 286 346
286 324 346
52 156 167
65 163 261
167 261 286
15 188 211
15 163 211
15 188 311
148 188 211
183 188 311
52 123 156
75 308 342
143 149 236
148 236 337
67 80 149
60 190 271
123 143 149
67 80 199
67 123 149
52 123 186
80 190 301
60 262 271
1 177 262
150 198 281
150 177 281
22 251 281
150 177 262
22 198 291
192 229 314
192 314 340
22 328 340
22 134 251
22 134 201
223 269 321
29 223 269
8 38 328
26 71 215
71 135 215
4 18 86
18 171 215
107 135 171
4 216 289
4 26 336
19 86 108
4 86 289
0 25 101
13 101 342
25 101 195
260 308 342
260 308 309
101 147 224
13 101 224
137 226 274
2 185 224
2 141 274
2 13 224
48 75 337
48 75 183
23 56 75
48 183 188
56 75 337
23 29 56
65 213 311
176 185 315
45 137 274
45 176 274
2 185 274
141 226 274
137 226 259
176 185 274
115 176 315
115 185 315
32 299 333
42 298 310
275 307 313
269 271 321
49 269 291
105 250 348
126 250 348
191 242 272
223 236 337
223 236 321
152 222 255
42 219 298
143 211 236
126 317 348
214 238 295
148 211 236
154 208 227
172 208 222
110 205 331
203 329 334
201 220 280
80 199 301
198 269 271
150 198 271
195 312 336
142 275 307
80 190 321
94 187 288
187 243 288
187 237 243
186 240 268
131 186 268
180 255 296
180 220 296
74 177 251
89 264 335
168 272 282
167 186 286
52 167 186
166 296 299
166 221 299
166 173 221
99 159 325
154 227 255
152 280 343
151 164 345
151 305 345
101 147 216
11 147 216
143 163 261
27 142 275
141 184 342
141 184 259
140 292 317
1 140 317
53 58 83
174 207 320
96 119 241
97 193 232
31 114 282
54 98 168
50 303 326
47 157 161
39 166 296
10 116 164
18 107 171
82 99 248
36 134 251
53 191 242
20 175 290
1 46 262
46 244 301
42 263 310
264 283 335
118 302 318
46 190 285
44 276 284
7 153 161
43 63 110
46 60 262
131 199 301
38 308 309
128 220 296
14 54 168
36 74 251
35 87 341
113 159 325
47 95 339
32 296 299
32 255 296
71 165 328
46 244 304
194 238 295
42 263 313
177 251 281
23 38 308
30 58 83
109 286 324
14 164 168
14 24 103
51 252 324
3 57 253
12 196 290
31 111 242
120 168 272
25 71 309
11 108 347
8 29 269
106 166 306
10 151 164
71 314 328
51 144 324
48 148 188
154 208 222
112 253 349
24 103 300
31 77 242
16 204 240
29 56 337
11 59 108
31 114 254
1 46 140
110 256 327
114 116 282
89 160 264
15 65 311
70 82 159
8 23 29
21 79 217
32 208 333
32 208 227
47 76 161
82 209 273
143 163 211
3 209 245
136 170 235
53 58 191
3 82 209
47 91 95
3 253 349
9 174 222
48 148 337
195 216 336
77 242 272
141 226 259
14 54 103
4 216 336
9 172 222
264 280 330
45 115 176
0 25 309
44 147 276
24 132 300
4 18 215
3 57 169
45 115 213
7 76 161
25 195 312
8 23 38
29 223 337
10 114 233
70 79 217
35 51 341
43 110 231
8 49 269
3 169 245
152 174 207
22 192 340
17 73 127
152 207 280
30 55 244
18 19 107
30 83 304
20 50 290
10 114 116
117 181 219
93 138 218
88 124 319
50 174 320
38 165 309
16 186 240
21 79 294
181 298 310
75 183 184
27 256 316
27 196 256
30 58 279
25 71 312
164 168 282
28 265 322
203 258 334
109 252 324
61 117 181
7 153 338
4 26 215
64 145 293
100 155 305
175 205 331
107 135 229
22 192 201
70 200 349
190 271 321
14 24 164
84 105 250
72 136 210
68 178 239
46 140 246
118 231 318
68 239 335
17 129 279
68 283 335
82 99 159
68 207 283
160 317 348
40 69 257
108 162 192
69 257 263
129 194 279
9 50 174
70 159 278
70 79 200
70 217 278
3 70 349
71 165 309
26 71 312
12 50 326
71 135 314
72 145 210
97 169 327
137 213 311
126 234 250
74 212 317
198 269 291
74 177 317
75 184 342
17 127 129
102 204 341
0 260 309
76 78 238
47 76 238
7 78 127
78 127 129
80 149 236
61 181 323
80 236 321
106 166 173
7 127 338
181 219 298
82 248 273
58 191 279
84 119 241
84 241 247
93 120 218
84 247 250
28 179 322
87 204 341
35 87 287
88 319 346
101 260 342
35 55 287
12 196 275
55 244 287
96 119 249
96 197 233
96 197 241
97 193 297
100 305 345
0 101 260
108 192 228
16 102 204
104 159 278
104 113 159
135 229 314
46 60 190
112 119 349
110 202 231
15 65 163
63 110 327
201 280 330
113 182 325
114 233 254
221 299 333
113 146 182
45 137 213
13 141 342
98 120 265
93 120 265
64 72 145
122 130 277
122 133 277
87 204 287
126 234 317
39 128 296
137 259 311
31 77 282
97 169 170
136 210 235
154 222 255
