628.663 -1244.79
1331.38 1131.17
-1871.87 1906.81
1843.54 1411.22
-23.7607 14.1718
138.15 1075.08
355.378 1526.49
165.072 -164.099
-1936.9 1540.76
-357.08 289.818
-76.0866 -469.276
-755.111 -472.023
-304.342 1511.05
-1084.87 -1387.82
774.593 1757.78
-604.162 -596.744
-1487.01 -1272.78
-1465.58 -1358.88
-1365.97 -1622.04
-1947.67 610.264
392.134 190.483
-314.654 -1252.49
-283.03 1850.42
583.412 -219.927
1391.18 -1773.67
-1930.11 -684.906
-242.944 -685.22
843.071 1452.71
-1174.17 1758.21
-1935.1 1600.42
1515.99 -539.263
-996.325 -1971.02
187.952 -461.904
-1329.9 821.977
-83.9418 -1277.57
-567.758 -1691.81
912.912 1117.59
-944.297 -1370.12
968.006 1639.11
409.955 359.186
1865.45 479.846
1674.28 -377.497
1794.63 517.351
-924.782 -1379.55
275.556 -859.883
-1779.13 -208.455
600.854 -775.456
-179.478 -1211.19
762.641 490.617
1610.78 -1321.3
1213.05 -956.975
-1013.11 125.958
-1839.39 42.5932
755.84 1128.62
-318.292 -834.205
-512.194 -452.845
1645.64 -837.914
1169.66 1440.27
1679.44 -1755.12
-1939.28 -45.007
-615.007 -1718.41
1746.54 1985.85
-493.87 -432.941
-1225.35 -1731.23
-1942.32 -1614.56
-1052.53 1270.72
-571.538 -65.6401
-603.32 -410.924
1976.95 -1847.48
-1282.31 -341.339
-681.686 205.5
1205.82 -1036.05
1367.59 375.475
-1595.78 1047.02
620.352 -1535.06
-997.984 -1994.65
-1253.48 -1251.45
1991.19 252.655
315.613 -1234.15
521.425 373.289
-848.717 1468.9
-355.989 579.745
-596.745 1040.69
-1831.18 -619.792
1193.21 -1113.48
1038.87 -1488.48
1092.02 244.686
-524.521 459.602
-1379.84 -120.3
-493.376 1240.51
344.638 508.64
1245.86 1091.16
1257.19 1237.05
-656.184 -427.194
-1997.1 1865.24
1946.09 -845.822
1334.14 -409.894
1733.92 -1262.61
-1369.2 1902.74
117.6 1824.01
