-691.523 668.788
1442.72 159.062
-7.63892 -495.657
200.941 1986.64
1231.17 -151.049
-352.691 1113.78
1961.37 1308.38
-339.046 1144.77
-140.907 -1403.05
-927.34 618.27
-411.078 1718.5
537.81 -990.929
-536.23 535.443
757.785 573.532
853.378 646.044
1214.41 -1838.14
-685.168 657.126
320.918 1307.19
-1838.53 -1478.14
1293.83 1392.64
370.81 -1058.86
506.418 332.183
-1750.47 -1832.63
-523.049 108.62
-1235.68 549.611
-1273.11 353.246
268.109 1264.7
1362.32 1731.88
-199.857 120.102
305.411 -1346.48
-1233.85 -480.181
-1184.62 80.9784
-1823.05 1136.29
-611.828 -1661.59
1658.15 -1317.99
1731.05 28.9631
-376.851 237.473
-1638.85 -127.324
404.845 -161.902
1981.3 1169.17
-1612.29 -1291.81
-477.585 655.818
1972.89 -1115.27
387.697 -226.972
1004.83 -1306.89
426.549 1770.98
212.927 1241.93
-148.041 389.873
378.219 1240.13
728.288 36.3724
1922.14 459.342
-1934.66 -454.715
-1303.18 -1573.52
1417.96 1101.66
264.58 1399.26
270.828 652.289
-1892.56 1793.24
-691.893 -1919.67
-1322.02 1695.8
-146.645 1682.81
-1611.09 -1720.1
1453.79 601.839
1521.83 -694.252
-1008.29 -99.951
-1454.12 1720
1936.42 -1531.99
179.342 -1998.24
13.2982 876.157
-1571.76 -568.741
-22.1829 692.818
-1169.49 -1751.35
-654.893 -1062.04
-1958.11 653.215
-981.718 -1280.14
349.019 871.637
-1597.33 737.931
1151.54 1856.46
-660.23 673.37
-837.791 331.482
-1426.58 -291.913
51.4823 -1490.16
176.101 -1769.18
-1488.4 -1810.6
1106.98 -1060.16
-379.343 -915.201
1632.65 451.172
-666.556 -1022.24
1389.13 -624.667
1630.98 -1592.59
95.1964 -20.0048
1279.05 497.869
-1282.07 430.587
354.331 57.6965
-896.043 1516.54
-1610.82 -322.624
-775.372 440.661
187.217 1400.73
671.486 698.815
1590.13 -221.533
1638.65 -789.215
863.266 1271.31
1661.96 -1803.29
-1750.93 1051.08
-427.957 1880.04
1458.49 1667.24
-139.961 737.538
165.109 577.965
-831.875 -1480.56
-1364.34 272.082
-1964.02 -975.159
1949.46 -739.393
1465.5 136.675
-1338.66 136.988
-1164.51 -1748.54
1915.46 -1525.86
-537.753 778.721
1745.45 -875.797
975.432 1994.51
-1824.71 -1452.52
1874.56 1633.78
-1785.29 -265.403
371.317 379.823
-1687.44 1539.44
899.263 -1051.78
-188.477 935.243
-26.9347 -239.019
-1804.15 -561.433
1897.66 -1142.81
1575.56 -1266.85
-891.352 1491.01
-792.713 570.895
269.732 -1047.27
1695.1 -754.836
-1052.75 1870.39
-207.361 -1178.19
1504.16 7.3533
556.402 -124.519
-1612.82 868.965
-585.078 1286.44
1817.19 1226.44
221.682 -209.745
-1012.57 417.533
1228.82 -1114.92
1274.72 804.377
-381.772 -1616.63
295.388 825.515
954.262 -1434.88
1778.25 649.36
-189.717 -1274.5
519.745 1602.92
-452.699 23.9092
-389.725 -1896.3
1899.39 -2.54797
972.668 -685.688
-716.108 789.858
-1459.24 1505.57
-1419.89 -471.818
-76.8932 1808.93
413.263 -802.175
613.312 -1968.51
-418.809 -1091.3
857.006 -1464.55
-526.18 635.255
1184.81 1284.1
1360.75 -295.441
887.025 -1091.95
1728.47 -1502.7
-988.245 1627.86
494.753 1984.42
-1057.83 1778.64
774.281 -517.075
1284.22 1354.39
1011.11 -792.675
1163.33 -575.629
405.15 -223.36
-544.138 1986.34
685.34 -1687.13
-1478.21 -1840.84
948.123 1706.61
1443.26 308.873
-588.833 330.289
1216.92 -860.366
827.589 -1771.32
-1232.51 -677.659
-1786.9 -290.339
-899.014 987.385
1192.59 -1614.8
341.778 203.693
-407.471 -494.893
1628.06 1997.68
1281.75 -916.074
1984.02 -32.9126
-603.206 -1494.18
126.248 -1655.08
-1787.58 -430.489
653.79 -376.409
1899.8 -129.286
763.226 727.388
99.3941 1530.72
-1950.27 312.497
-759.621 -849.284
-700.118 -1567.03
-464.08 1641.66
636.659 1128.45
-853.233 264.723
1126.13 -1571.49
1348.65 1110.15
395.601 -1254.56
1615.97 -1478.15
-909.641 1828.39
91.3598 1744.15
-548.018 -8.84073
-385.136 -1784.79
-1281.45 1714.26
1745.93 -1231.72
26.7551 -1013.7
-81.0067 1326.64
-580.73 1454.91
968.297 -1944.07
583.362 -1884.94
320.651 -290.509
-1456.42 -330.701
-1180.36 939.179
414.742 -1564.39
1461.03 1505.1
-1736 -447.613
1249.25 -284.019
1543.55 -1135.89
-68.8106 -1737.91
-1421.63 -322.885
-969.628 605.127
663.42 949.365
-68.2365 -1917.31
404.278 -1099.94
-1861.38 -1012.36
-984.876 459.268
697.132 -441.298
-1871.43 1516.77
-1502.12 543.309
1952.38 1958.91
48.41 -1783.62
-488.704 -702.34
-67.6395 -945.158
161.774 1863.55
-683.063 740.145
-459.335 347.309
-654.728 -1795.92
-703.326 1277.04
-1713.23 1700.95
-1822.9 -1574.61
-1311.41 -807.78
884.66 1385.73
750.922 1013.23
902.498 1248.8
-443.464 854.878
1207.71 1604.95
1071.26 -1280.99
-1097.39 -996.382
-226.151 1064.38
-1132.83 1090.79
-195.475 407.833
-561.905 1149.8
611.918 734.769
426.832 898.692
435.722 603.928
1324.08 1124.32
1796.15 208.744
510.041 547.07
-778.029 -587.461
-204.128 778.507
-1732.58 -996.417
383.453 1338.67
-277.41 1286.06
-1657.71 1496.44
350.439 -790.54
587.225 -1845.04
1617.29 -1974.68
1304.76 229.211
760.089 -268.407
-872.097 -804.189
-1664.48 -1548.01
-1679.87 -1868.33
660.731 830.168
678.739 1882.7
-1757.29 -1525.39
661.209 -1489.88
-521.805 -955.338
1848.8 1200.78
-1669.28 -1808.91
697.224 681.16
-599.451 -715.551
836.124 -982.158
-690.231 140.885
1247.05 -1930.14
1872.48 -1625.04
-734.331 -1792
-1173.06 -414.203
-1660.33 1487.68
-1584.04 1018.41
1370.38 -1341.33
1493.02 31.5868
-831.206 -1028.79
1076.25 -982.408
-1828 1406.97
-791.319 869.223
88.1308 609.23
-1846.33 -1075.74
1627.07 -536.56
1065.14 874.126
-466.702 937.619
1249.08 798.967
1145.62 -1923.97
-1615.24 1485.29
1563.7 -1199.27
503.696 934.078
-540.6 -3.2842
-1034.34 628.194
967.93 -1958.09
1645.79 1139.93
1448.88 -1145.53
9.15276 -462.985
1463.7 162.824
461.27 1090.77
1626.26 -473.589
-35.1044 -840.437
-1535.97 -786.023
1958.53 1609.65
-709.997 -1656.71
1094.94 -1146.3
-855.977 -401.367
1787.78 603.422
1595.35 -1246.55
-768.384 563.279
-1204.64 -1122.6
-296.791 -1755.76
-268.131 1712.36
-218.741 -804.433
-124.814 -1757.47
-1713.66 -498.549
-231.06 251.232
661.014 232.97
1465.21 619.544
-157.381 -1244.79
962.838 -1062.44
-391.084 -1893.14
536.189 -603.303
710.283 131.538
150.142 1941.9
-1305.18 945.502
-1180.7 398.027
