81 197 208
13 170 208
4 90 112
65 182 243
19 116 213
0 27 115
129 131 137
1 49 230
28 186 242
2 119 211
22 182 243
13 170 188
29 126 204
29 117 186
17 206 241
6 226 235
66 169 175
9 171 200
32 192 249
57 72 153
67 69 157
11 52 103
30 94 164
30 150 164
48 116 213
74 111 229
18 36 174
21 48 212
6 152 235
39 53 63
45 130 165
14 184 191
98 101 147
46 230 246
53 102 120
39 63 107
35 77 132
16 54 247
92 123 134
27 115 184
92 113 134
35 117 225
62 82 191
28 186 238
170 197 208
28 197 242
10 78 81
60 76 161
108 126 139
108 172 243
13 60 208
13 60 161
170 188 238
13 161 188
173 186 238
29 177 204
117 186 242
173 188 238
29 77 162
29 173 186
162 177 224
40 87 92
29 162 177
50 56 210
50 56 204
29 126 173
56 126 204
57 65 182
6 222 226
121 156 167
4 118 195
4 90 118
9 200 249
9 26 240
142 192 249
12 142 221
12 190 194
153 163 245
57 65 72
57 182 245
57 153 245
71 200 249
10 135 194
12 88 221
71 97 190
10 190 194
71 97 239
71 190 249
109 171 200
9 26 171
71 109 239
71 109 200
110 218 240
9 218 240
4 195 228
26 110 240
69 157 215
67 145 157
145 219 239
10 86 242
97 145 239
43 103 207
24 70 94
30 70 94
52 59 103
30 59 70
43 59 103
43 133 207
3 227 236
21 41 47
48 116 212
116 203 212
48 79 155
18 94 174
94 164 174
21 164 174
21 41 48
41 48 155
75 80 216
136 152 201
48 146 213
44 227 236
33 124 236
44 195 227
120 149 199
120 149 241
17 102 241
102 120 241
8 125 234
136 201 205
37 89 189
8 80 234
20 80 93
34 61 93
8 75 80
20 61 93
80 216 233
95 229 233
178 189 237
49 230 246
8 75 176
75 176 216
96 149 237
37 130 191
176 187 230
89 99 189
98 147 151
31 89 99
7 51 143
51 101 147
7 51 147
7 147 151
89 100 143
1 166 187
37 89 100
37 130 189
37 100 191
14 82 191
160 166 187
73 160 187
1 187 230
73 187 220
160 189 237
96 149 241
63 64 199
149 181 199
130 178 189
45 130 191
130 165 178
154 165 178
2 119 148
0 115 154
27 42 211
2 27 211
107 128 231
64 181 199
53 63 199
53 120 199
152 180 235
58 180 235
54 131 169
54 131 137
105 131 169
137 231 247
54 137 247
40 87 106
87 92 123
66 87 106
66 87 179
87 179 224
25 77 162
25 77 132
117 225 232
123 134 214
123 225 232
117 140 232
123 214 232
84 185 209
85 193 196
85 104 140
122 129 158
83 185 248
2 148 248
83 104 185
82 84 209
216 233 244
95 233 244
22 223 226
222 223 226
38 215 227
33 213 236
3 213 236
19 213 227
3 213 227
133 203 207
116 203 207
83 193 248
96 183 237
144 183 237
176 216 244
167 172 235
172 226 235
121 172 210
121 167 172
88 163 223
149 154 237
72 153 161
148 193 196
148 193 248
62 143 191
7 143 151
44 168 195
85 140 214
140 214 232
108 139 243
139 217 243
78 153 161
16 202 247
129 137 138
144 160 237
123 132 225
119 129 211
129 138 211
64 128 181
108 126 172
87 123 224
123 132 224
119 129 158
119 148 158
19 116 215
115 184 191
45 115 191
22 226 243
114 136 152
5 114 136
114 124 168
100 143 191
32 112 223
38 110 215
19 215 227
104 140 185
109 171 219
109 219 239
105 106 122
69 103 215
32 112 218
17 102 205
102 159 205
62 101 143
105 122 131
99 160 166
96 125 183
96 125 241
18 94 111
55 128 181
84 140 185
144 160 220
23 49 166
33 146 213
33 124 198
65 217 243
33 146 198
31 98 99
39 180 202
148 158 196
2 185 248
27 42 141
85 134 214
26 110 215
4 110 218
142 192 221
4 112 218
25 162 224
127 206 241
15 47 233
26 171 219
0 27 141
73 160 220
23 99 166
23 98 99
22 223 245
192 221 223
21 203 212
56 126 172
40 92 122
51 101 143
9 32 218
78 81 161
49 74 101
163 223 245
112 222 223
16 54 169
16 167 202
16 156 167
16 156 175
55 138 141
8 144 220
36 47 229
1 49 166
26 157 215
31 98 151
16 169 175
39 91 180
4 110 228
145 157 219
20 79 198
91 152 180
30 59 150
172 226 243
48 79 146
116 207 215
21 36 174
31 143 151
10 86 190
2 185 209
195 227 228
115 154 165
8 125 183
8 144 183
36 111 229
0 55 181
11 67 68
126 139 173
0 149 154
122 129 131
21 150 164
5 114 124
11 67 103
78 153 163
154 178 237
21 150 203
17 136 206
38 110 227
0 149 181
32 192 223
42 138 211
18 36 111
12 88 194
39 202 247
2 14 209
90 114 152
43 133 203
67 69 103
78 135 163
88 221 223
8 176 220
46 176 244
26 157 219
58 180 202
17 136 205
9 32 249
35 132 225
46 95 229
12 142 190
0 55 141
113 122 158
50 177 204
85 113 158
5 61 198
11 86 97
22 182 245
5 124 198
85 158 196
79 146 198
15 80 233
60 81 208
49 74 229
2 14 27
14 27 184
99 160 189
14 82 209
15 20 155
15 41 155
76 81 161
5 34 136
15 41 47
15 20 80
56 172 210
39 53 91
90 118 168
39 107 231
39 231 247
88 135 194
60 76 81
47 229 233
58 167 235
42 138 141
21 36 47
156 175 210
24 59 70
43 150 203
20 79 155
90 112 222
68 97 145
28 197 238
46 95 244
46 176 230
46 229 246
110 227 228
40 106 122
49 98 101
23 49 98
49 229 246
50 66 210
50 66 179
50 179 224
103 207 215
50 177 224
139 173 188
34 93 127
55 138 231
55 128 231
176 187 220
29 77 117
20 61 198
83 85 193
45 115 165
58 167 202
52 59 86
24 59 86
43 59 150
121 156 210
63 64 107
142 190 249
125 127 241
65 139 217
124 168 236
118 168 195
66 105 169
66 105 106
66 175 210
90 114 168
67 68 145
74 94 111
6 90 152
91 159 205
65 72 139
72 139 161
170 197 238
11 52 86
125 127 234
74 94 101
11 68 97
86 97 190
35 77 117
34 127 206
10 81 197
10 78 135
80 127 234
80 93 127
25 132 224
83 85 104
137 138 231
10 197 242
139 161 188
31 89 143
85 113 134
34 136 206
92 113 122
44 168 236
88 135 163
6 90 222
5 34 61
91 102 159
53 91 102
91 152 201
64 107 128
91 201 205
