88 163 245
65 182 243
65 108 217
19 116 213
0 27 115
34 61 124
55 128 138
156 179 210
28 186 242
10 81 242
13 170 188
139 188 217
29 126 204
29 117 186
32 112 222
6 226 235
66 169 175
32 192 222
9 171 200
32 192 249
10 86 97
57 72 153
67 69 157
48 116 213
74 111 229
18 36 174
21 48 212
95 216 233
125 206 234
16 39 202
125 144 183
46 244 246
45 130 165
14 184 191
23 74 101
46 230 246
63 107 128
40 105 122
62 100 191
128 138 231
40 92 113
156 175 179
27 115 184
113 158 196
35 117 225
2 27 184
28 186 238
28 197 242
10 78 81
60 76 161
108 172 243
13 60 208
13 60 161
170 188 238
173 186 238
29 177 204
117 186 242
29 35 117
126 173 188
173 188 238
29 35 77
29 173 186
126 139 188
40 87 92
29 162 177
50 179 210
50 56 210
177 179 204
50 56 204
56 156 210
65 108 243
29 126 173
56 126 204
22 172 226
57 65 182
22 182 223
6 222 226
121 156 167
22 222 226
91 180 201
6 90 114
4 32 112
142 192 249
12 190 194
71 200 249
135 163 194
12 142 249
10 190 194
110 218 240
9 218 240
38 110 228
26 110 240
69 157 215
67 145 157
145 219 239
10 86 242
67 68 97
24 70 94
30 70 94
52 59 103
30 59 70
30 43 59
43 59 103
3 146 213
116 133 207
21 41 47
116 133 203
48 116 212
116 203 212
133 150 203
21 47 174
18 74 111
18 94 174
41 47 229
36 47 174
21 41 48
75 80 216
61 124 198
136 152 201
48 146 213
33 124 236
90 114 118
53 91 159
152 180 201
17 102 241
102 120 241
8 125 234
127 206 234
34 127 234
34 127 136
34 61 93
8 75 80
34 80 93
20 61 93
15 79 155
95 216 244
95 229 233
23 49 74
8 75 176
96 149 237
96 144 183
160 166 189
98 147 151
31 89 99
23 98 101
7 147 151
1 166 187
96 144 237
37 89 100
37 130 189
160 166 187
144 220 237
73 160 187
73 220 237
1 187 230
73 187 220
73 160 237
149 181 199
45 130 191
130 165 178
0 115 154
27 42 211
107 128 231
0 27 42
0 141 181
0 42 141
64 181 199
58 202 235
152 180 235
167 202 235
58 180 235
50 179 204
66 106 169
40 105 106
16 39 247
40 87 106
87 179 224
66 175 179
117 225 232
123 134 214
117 140 232
84 185 209
122 129 158
119 148 196
2 14 184
82 84 209
95 229 244
38 227 228
38 215 227
19 213 227
3 213 227
81 208 242
197 208 242
61 198 233
15 198 233
144 176 220
167 172 235
172 226 235
22 172 182
121 167 172
1 166 246
162 179 224
160 178 237
53 159 199
56 156 172
149 154 237
72 153 161
150 203 212
148 193 196
33 146 227
7 143 151
44 168 195
85 140 214
140 214 232
78 153 161
229 244 246
131 137 138
119 129 211
85 134 193
129 138 211
64 128 199
64 128 181
127 136 201
126 139 217
108 126 172
17 125 205
125 144 176
125 149 241
96 125 149
87 123 224
123 132 224
119 129 158
119 158 196
4 118 228
19 116 215
115 184 191
45 115 191
115 154 178
6 114 235
114 152 235
114 136 152
5 114 136
40 113 122
90 112 118
4 112 118
38 110 215
19 215 227
109 171 219
109 219 239
87 106 179
43 103 133
17 102 205
62 101 143
105 122 131
37 100 130
100 130 191
71 97 109
97 109 239
11 97 103
26 219 240
96 125 183
94 150 164
55 128 181
80 93 216
23 49 166
5 34 168
33 227 236
118 195 228
33 124 198
121 156 172
33 146 198
4 32 228
66 106 179
84 85 140
39 180 202
2 27 248
25 35 77
27 119 148
85 134 214
94 133 150
26 110 215
10 71 97
31 62 89
26 145 157
142 192 221
31 62 143
25 29 77
25 162 224
54 105 131
120 159 205
195 227 236
113 193 196
24 86 103
176 220 230
23 99 166
57 223 245
23 31 98
22 192 222
22 192 223
192 221 223
56 126 172
21 94 164
37 89 99
20 216 233
30 43 133
103 133 207
24 52 103
51 101 143
9 32 218
30 94 133
78 81 161
83 84 104
57 135 153
16 54 169
120 199 241
16 156 175
16 54 131
16 131 247
36 47 229
11 69 215
26 157 215
31 98 151
16 169 175
39 91 180
25 35 123
8 34 234
172 182 243
21 150 212
48 79 146
116 207 215
8 125 176
8 34 80
7 143 147
51 143 147
31 143 151
75 176 230
2 185 209
195 227 228
5 114 118
26 145 219
46 75 230
10 71 190
12 88 142
187 220 230
36 111 229
13 197 208
15 79 198
14 62 82
11 103 207
16 156 202
11 67 68
0 149 154
122 129 131
24 52 59
44 195 236
21 150 164
14 62 191
32 110 228
149 199 241
13 170 197
25 29 162
57 72 161
154 178 237
2 83 185
0 149 181
27 148 248
125 205 206
25 123 132
57 135 163
9 32 200
17 125 241
42 138 211
18 36 111
102 120 205
12 88 194
2 14 209
2 83 248
130 160 189
37 99 166
34 124 168
156 167 202
88 221 223
62 89 100
57 163 245
37 166 189
58 180 202
88 142 221
35 123 214
108 126 217
32 200 249
113 122 158
1 230 246
12 71 190
79 146 198
12 71 249
27 119 211
13 188 217
60 81 208
39 63 199
49 74 229
171 219 240
5 118 168
14 82 209
15 41 155
83 148 248
76 81 161
5 34 136
11 67 69
21 94 174
130 160 178
39 53 91
131 137 247
39 53 199
60 76 81
41 79 155
41 48 79
23 31 99
41 229 233
15 41 233
42 55 141
9 171 240
42 55 138
20 61 233
51 98 101
24 59 70
3 146 227
90 112 222
46 75 244
28 197 238
214 225 232
49 166 246
49 229 246
88 223 245
54 105 106
54 106 169
55 141 181
63 128 199
71 109 171
57 65 161
57 182 223
83 85 193
45 115 165
129 131 138
13 161 217
32 110 218
63 137 231
63 137 247
63 107 231
11 207 215
39 63 247
201 205 206
124 168 236
118 168 195
83 148 193
67 145 239
86 97 103
51 98 147
120 159 199
162 177 179
67 97 239
71 171 200
91 159 205
88 163 194
170 197 238
115 165 178
18 74 94
74 94 101
75 216 244
84 85 104
11 68 97
78 135 153
10 78 194
35 214 225
78 135 194
25 132 224
83 84 185
83 85 104
137 138 231
87 92 134
87 123 134
65 161 217
44 168 236
6 90 222
127 201 206
91 201 205
92 113 193
92 134 193
20 93 216
