81 197 208
13 170 208
88 163 245
65 182 243
48 79 198
19 116 213
38 157 215
0 27 115
6 90 112
61 79 198
55 128 138
13 170 188
29 117 186
17 206 241
6 226 235
9 171 200
57 72 153
12 88 163
69 103 207
67 69 157
11 52 103
11 68 69
30 94 164
30 150 164
19 207 215
48 116 213
74 111 229
18 36 174
21 48 212
19 116 207
45 130 165
14 184 191
23 74 101
45 184 191
96 183 241
105 129 131
62 100 191
128 138 231
105 106 169
27 115 184
113 158 196
105 122 129
83 193 196
62 82 191
28 186 238
28 197 242
28 170 238
10 78 81
76 78 81
13 60 208
13 60 161
170 188 238
13 161 188
173 186 238
126 173 188
173 188 238
29 35 77
29 77 162
29 173 186
162 177 224
126 139 188
40 87 92
56 121 156
177 179 224
50 56 210
50 56 204
56 156 210
56 126 204
6 222 226
121 167 226
121 156 167
167 226 235
6 114 152
6 90 114
142 192 249
12 142 221
10 135 194
12 88 221
12 142 249
10 190 194
71 97 239
71 190 249
109 171 200
71 109 239
9 218 240
4 218 228
110 218 228
38 110 228
69 157 215
67 68 69
67 145 157
145 219 239
97 145 239
11 69 103
24 70 94
30 70 94
30 59 70
30 43 59
43 133 207
19 38 215
69 207 215
3 146 213
116 133 207
21 164 212
48 146 198
116 133 203
150 164 203
48 116 212
133 150 203
48 79 155
18 36 47
18 74 111
21 164 174
36 47 174
75 80 216
136 152 201
33 124 146
48 146 213
33 124 236
19 38 227
3 33 146
38 195 228
44 118 168
44 118 195
44 124 168
44 124 236
3 33 236
124 146 198
5 114 168
53 91 159
17 205 206
120 149 199
120 149 241
17 102 241
102 120 241
8 125 234
125 183 241
8 80 234
20 80 93
34 61 93
8 75 80
34 80 93
20 61 93
15 79 155
15 61 79
95 229 233
23 49 74
8 75 176
75 176 216
8 144 176
96 144 183
160 166 189
98 147 151
31 89 99
23 98 101
1 23 166
7 51 143
62 100 143
31 89 151
99 166 189
1 166 187
96 144 237
37 89 100
37 130 189
37 100 191
14 82 191
144 220 237
73 187 220
96 149 241
63 64 199
149 154 178
45 115 184
149 154 181
45 115 154
0 154 181
0 115 154
27 42 211
2 209 248
107 128 231
42 141 211
55 138 211
55 141 211
53 63 199
53 120 199
58 202 235
167 202 235
58 180 235
40 87 106
87 179 224
87 132 224
25 77 162
117 225 232
123 134 214
123 225 232
117 140 232
123 214 232
83 196 248
148 196 248
83 185 248
185 209 248
2 14 184
2 148 248
216 233 244
95 233 244
95 229 244
19 213 227
3 213 227
176 216 244
144 176 220
172 222 226
22 172 222
108 172 217
22 172 182
165 178 189
29 162 173
160 220 237
160 178 237
160 178 189
26 157 240
130 165 189
72 153 161
119 148 211
2 148 184
27 148 184
190 194 249
85 140 214
140 214 232
139 161 217
16 202 247
92 134 158
123 132 225
131 137 138
119 129 211
129 138 211
129 148 196
119 129 148
64 128 181
55 128 141
126 139 217
108 126 172
126 162 173
12 194 249
126 162 204
122 158 196
4 118 228
114 136 152
85 113 193
90 112 118
4 112 118
116 164 212
71 109 249
109 171 219
109 219 239
87 106 179
66 106 175
105 106 122
32 112 218
17 102 205
62 101 143
7 100 147
32 192 218
89 100 147
96 149 178
96 178 237
38 44 195
38 44 227
37 45 130
5 34 168
118 195 228
162 177 204
26 38 110
7 51 98
66 106 179
29 35 225
60 78 153
84 85 140
28 117 242
28 117 186
25 35 77
30 133 150
27 148 211
85 134 214
10 71 97
142 192 221
106 169 175
27 42 181
4 112 218
25 162 224
54 105 131
127 206 241
23 49 246
123 132 134
113 193 196
73 160 220
23 98 151
23 99 166
22 223 245
39 63 202
22 192 222
109 200 249
89 147 151
22 192 223
192 221 223
56 121 226
56 126 172
122 129 196
6 152 180
37 89 99
20 80 216
20 216 233
30 43 133
136 201 206
34 124 198
40 92 122
51 101 143
10 97 242
9 219 240
37 99 189
83 84 104
157 219 240
18 41 111
16 54 169
16 156 175
16 54 131
16 131 247
5 34 114
26 110 218
16 169 175
24 86 97
53 91 202
145 157 219
172 182 243
6 32 192
91 152 180
6 192 222
73 160 166
26 218 240
18 164 174
1 176 187
8 125 183
8 144 183
10 71 190
1 46 230
28 170 208
52 59 207
16 156 202
53 120 205
7 100 143
14 185 209
24 52 59
6 32 112
1 176 230
34 114 136
192 218 249
57 72 161
78 153 163
25 132 225
9 171 219
1 23 246
25 35 225
34 61 198
56 172 226
21 41 174
6 180 235
102 120 205
43 59 207
39 202 247
2 14 209
29 117 225
34 124 168
156 167 202
78 135 163
88 221 223
57 163 245
18 41 47
3 44 227
18 94 164
46 176 244
37 45 191
73 166 187
58 180 202
0 27 181
108 126 217
50 177 204
28 197 208
12 135 194
11 24 97
22 182 245
41 47 174
11 24 52
14 83 185
15 61 233
60 81 208
49 74 229
14 82 83
116 164 203
15 41 155
26 38 157
21 41 155
131 137 247
90 118 168
12 135 163
60 76 81
41 111 229
23 31 99
41 229 233
15 41 233
113 134 158
3 44 236
20 61 233
42 141 181
156 175 210
51 98 101
24 59 70
21 48 155
68 97 145
46 176 230
46 229 246
40 106 122
49 229 246
50 66 175
50 66 179
50 175 210
50 177 179
92 132 134
52 103 207
45 154 178
88 223 245
54 105 169
176 187 220
128 141 181
57 65 161
57 153 163
83 85 193
64 149 181
129 131 138
86 97 242
60 76 78
53 159 205
63 137 231
45 165 178
63 137 247
63 107 231
39 63 247
63 64 107
201 205 206
64 149 199
125 127 241
87 92 132
65 172 243
65 172 217
57 65 245
65 182 245
90 114 168
67 68 145
91 159 205
7 98 147
125 127 234
18 74 94
74 94 101
9 200 218
53 63 202
1 46 246
84 85 104
11 68 97
34 127 206
10 81 197
10 78 135
80 127 234
34 80 127
82 83 84
25 132 224
83 85 104
137 138 231
10 197 242
139 161 188
46 229 244
200 218 249
85 113 134
34 136 206
60 153 161
65 161 217
23 31 151
91 152 201
64 107 128
91 180 202
91 201 205
92 122 158
