26 110 157
65 182 243
19 116 213
34 61 124
129 131 137
2 119 211
10 81 242
22 182 243
13 170 188
17 206 241
6 226 235
57 72 153
67 69 157
30 94 164
30 150 164
19 207 215
74 111 229
114 118 168
6 152 235
125 206 241
14 184 191
98 101 147
31 99 151
63 107 128
105 129 131
39 107 247
40 105 122
62 100 191
39 63 107
16 175 202
27 115 184
113 158 196
105 122 129
35 117 225
83 193 196
85 104 193
28 186 238
170 197 208
28 197 242
10 78 81
108 172 243
76 78 81
13 60 161
13 161 188
29 177 204
126 173 188
29 173 186
126 139 188
40 87 92
29 162 177
50 179 210
50 56 210
177 179 204
50 56 204
56 126 204
6 222 226
121 156 167
167 226 235
22 222 226
91 180 201
4 118 195
9 200 249
4 32 112
22 222 223
142 192 249
12 190 194
57 65 72
71 200 249
12 142 249
10 190 194
71 109 200
110 218 240
4 195 228
110 218 228
38 110 228
26 110 240
69 157 215
67 68 69
67 145 157
171 219 239
109 171 239
10 86 242
24 70 94
24 52 70
30 70 94
52 59 70
30 59 70
30 43 59
30 43 150
43 133 150
43 133 207
21 41 47
116 133 203
116 203 212
133 150 203
48 79 155
94 164 174
21 164 174
21 41 48
41 48 155
75 80 216
61 124 198
136 152 201
33 124 236
90 114 118
44 118 168
44 118 195
44 124 168
44 124 236
5 114 168
159 201 205
152 180 201
17 102 241
102 120 241
8 125 234
136 201 205
37 89 189
127 136 206
8 80 234
34 61 93
8 75 80
34 80 93
20 61 93
15 79 155
98 99 166
8 75 176
75 176 216
8 144 176
96 144 183
98 147 151
31 89 99
51 62 101
51 101 147
98 99 151
96 144 237
37 89 100
37 130 189
144 220 237
73 160 187
73 220 237
1 187 230
73 187 220
160 189 237
73 160 237
149 154 178
154 165 178
2 119 148
0 154 181
119 138 211
119 129 138
2 209 248
42 141 211
55 138 211
55 141 211
53 120 199
91 159 201
152 180 235
58 180 235
50 179 204
105 131 169
40 105 106
107 231 247
137 231 247
40 87 106
129 137 231
66 87 106
66 175 179
87 132 224
117 225 232
123 134 214
85 214 232
117 140 232
85 104 140
85 140 232
129 138 231
122 129 158
119 148 196
185 209 248
2 148 248
83 104 193
216 233 244
95 233 244
38 227 228
108 217 243
38 215 227
123 214 225
19 213 227
3 213 227
81 208 242
197 208 242
192 218 240
192 240 249
176 216 244
175 179 210
165 178 191
167 172 226
121 167 172
45 165 191
88 163 223
162 179 224
26 157 240
72 153 161
148 185 248
33 146 227
144 220 230
144 176 230
78 153 161
16 202 247
131 137 169
87 132 134
130 178 237
85 134 193
64 128 199
64 128 181
55 128 141
126 139 217
108 126 172
130 189 237
125 149 241
96 125 149
125 127 206
119 129 158
119 158 196
115 184 191
45 115 191
22 226 243
114 136 152
5 114 136
32 112 223
90 112 118
4 112 118
38 110 215
110 157 215
19 215 227
17 102 205
170 173 188
32 192 218
37 100 130
100 130 191
107 138 231
97 219 239
71 97 109
97 109 239
96 149 178
96 178 237
96 125 183
18 94 111
80 93 216
83 185 196
18 36 94
5 34 168
33 227 236
33 124 198
65 217 243
121 156 172
33 146 198
4 32 228
7 31 143
7 31 51
130 178 191
28 117 242
28 117 186
39 180 202
29 77 186
85 134 214
142 192 221
27 42 181
64 154 181
25 29 77
25 162 224
11 24 103
120 159 205
49 95 246
1 160 189
23 49 246
123 132 134
195 227 236
1 160 187
113 193 196
68 97 219
89 166 189
22 223 245
46 95 246
192 221 223
21 48 213
21 203 212
7 51 62
56 126 172
82 84 185
35 77 225
20 216 233
60 78 161
24 52 103
40 92 122
15 61 198
19 116 133
9 219 240
19 133 207
9 109 171
157 219 240
163 223 245
112 222 223
57 135 153
16 54 169
120 199 241
16 137 247
16 66 169
66 179 224
83 84 140
116 212 213
39 91 180
145 157 219
172 226 243
48 79 146
54 137 169
55 107 138
21 36 174
16 54 137
16 66 175
170 186 238
74 98 101
80 127 136
10 86 190
195 227 228
148 185 196
115 154 165
8 125 183
8 144 183
36 94 174
60 81 170
53 91 120
34 80 136
12 88 142
1 46 230
187 220 230
25 77 225
29 173 204
15 79 198
14 62 82
1 23 98
44 195 236
21 150 164
14 62 191
149 199 241
156 172 210
25 29 162
9 171 219
21 150 203
17 136 206
7 62 143
1 23 246
25 123 132
170 173 186
32 192 223
68 145 219
18 36 111
102 120 205
2 42 211
12 88 194
39 202 247
2 14 209
90 114 152
77 117 186
2 27 42
34 124 168
156 167 202
88 221 223
62 89 100
41 95 229
3 48 213
9 109 200
46 176 244
58 180 202
17 136 205
0 27 181
31 51 151
88 142 221
108 126 217
113 122 158
1 98 166
11 103 215
12 71 190
11 86 97
22 182 245
79 146 198
1 166 189
21 212 213
12 71 249
15 61 233
39 63 199
49 74 229
2 14 27
32 218 228
14 27 184
14 82 209
15 41 155
71 86 97
5 34 136
56 172 210
39 53 91
43 52 207
51 147 151
39 53 199
88 135 194
60 76 81
41 47 111
41 111 229
58 167 235
15 41 233
68 69 215
71 86 190
25 123 225
21 36 47
20 61 233
42 141 181
156 175 210
43 52 59
11 24 86
3 146 227
90 112 222
28 197 238
46 95 244
46 176 230
9 240 249
156 175 202
49 74 98
214 225 232
23 49 98
41 95 233
36 47 111
103 207 215
52 103 207
3 48 146
63 128 199
128 141 181
57 135 245
55 107 128
45 115 165
58 167 202
60 76 78
13 60 170
62 89 143
27 115 154
64 149 199
64 149 154
65 139 217
57 65 245
65 182 245
66 105 169
66 105 106
66 87 224
67 68 145
11 68 215
162 177 179
74 94 111
6 90 152
65 72 139
72 139 161
135 163 245
170 197 238
126 173 204
125 127 234
74 94 101
1 46 246
0 27 154
11 68 97
35 77 117
78 135 153
10 78 194
78 135 194
80 127 234
81 170 208
82 185 209
25 132 224
83 84 185
83 104 140
139 161 188
31 89 143
87 92 134
92 113 122
89 99 166
88 135 163
6 90 222
49 95 229
91 120 159
92 113 193
92 134 193
20 93 216
