88 163 245
65 188 217
4 90 112
48 79 198
19 116 213
6 90 112
46 230 244
41 155 229
65 72 161
22 182 243
139 188 217
29 117 186
6 226 235
9 171 200
57 72 153
67 97 145
67 69 157
11 68 69
19 207 215
74 111 229
18 36 174
114 118 168
39 53 63
125 206 241
125 144 183
18 94 101
14 184 191
46 230 246
63 107 128
62 100 191
27 115 184
113 158 196
28 197 242
60 76 161
108 126 139
65 161 188
13 60 161
117 186 242
126 173 188
29 35 77
29 173 186
126 139 188
40 87 92
29 162 177
56 121 156
50 56 210
50 56 204
56 156 210
108 139 217
56 108 172
22 172 243
22 172 226
22 182 223
6 222 226
156 167 175
121 167 226
121 156 167
167 226 235
22 222 226
6 112 222
6 90 114
4 118 195
4 90 118
4 32 112
221 223 245
88 221 245
142 192 249
12 142 221
12 190 194
12 190 249
12 88 221
12 142 249
71 97 190
10 190 194
71 97 239
71 190 249
109 171 200
71 109 239
9 218 240
4 195 228
38 110 228
3 19 213
69 157 215
67 68 69
67 145 157
10 97 190
43 103 207
67 68 97
68 86 97
24 70 94
30 70 94
30 59 70
30 43 59
43 133 207
19 38 215
48 146 198
21 41 47
116 133 203
116 203 212
48 79 155
18 36 47
21 164 174
15 155 229
41 48 155
15 229 233
75 80 216
61 124 198
136 152 201
48 146 213
90 114 118
5 114 168
159 201 205
53 91 159
120 149 199
8 125 234
136 201 205
34 127 234
127 136 206
8 80 234
8 75 80
20 61 93
15 79 155
95 229 233
8 125 144
8 75 176
75 176 216
8 144 176
96 144 183
37 130 191
31 89 99
51 62 101
1 23 166
51 101 147
96 144 237
37 89 100
37 130 189
37 100 191
73 160 187
1 187 230
63 64 199
130 165 178
2 119 148
0 154 181
119 138 211
27 42 211
119 129 138
107 128 231
64 181 199
63 64 128
53 63 199
39 53 202
91 159 201
53 58 202
152 180 235
58 180 235
54 131 169
50 179 204
105 131 169
107 231 247
137 231 247
40 122 158
40 87 106
66 87 106
25 132 162
66 87 179
87 179 224
117 225 232
123 134 214
85 113 196
123 225 232
117 140 232
123 214 232
85 193 196
85 104 140
122 129 158
119 148 196
2 148 248
186 238 242
216 233 244
95 233 244
38 227 228
197 208 242
170 208 238
179 204 224
15 198 233
83 193 248
176 216 244
173 177 204
172 217 243
108 172 217
45 165 191
13 161 170
53 159 199
154 181 199
150 203 212
149 165 178
148 193 196
148 193 248
144 220 230
144 176 230
44 168 195
85 140 214
140 214 232
16 202 247
144 160 237
92 134 158
123 132 225
130 178 237
130 160 237
128 129 231
125 149 241
96 125 149
125 127 206
87 123 224
123 132 224
122 129 231
122 137 231
122 131 137
130 165 191
26 171 240
119 129 158
119 158 196
115 184 191
45 115 191
6 114 235
114 152 235
114 136 152
5 114 136
32 112 192
112 192 222
38 110 215
71 109 249
109 171 219
109 219 239
56 108 204
105 106 122
102 206 241
17 102 206
17 102 205
102 159 205
102 120 149
101 147 151
170 173 188
18 101 111
74 101 111
105 122 131
32 192 218
97 219 239
96 149 178
96 178 237
96 125 183
176 230 244
34 93 234
80 93 234
80 93 216
144 160 220
33 168 236
5 34 168
33 227 236
33 146 213
3 33 213
33 124 198
65 217 243
33 146 198
33 124 168
4 32 228
7 31 143
7 31 51
29 35 225
25 35 77
27 42 141
10 208 242
2 27 119
85 134 214
26 110 215
31 62 89
43 150 164
26 145 157
142 192 221
31 62 143
25 29 77
11 24 103
49 95 246
1 160 189
23 49 246
26 171 219
195 227 236
1 160 187
1 23 230
0 27 141
73 160 220
23 99 166
57 223 245
23 31 98
46 95 246
22 192 222
109 200 249
21 116 212
22 192 223
192 221 223
56 121 226
7 51 62
82 84 185
20 216 233
20 198 233
24 52 103
19 116 133
10 97 242
19 133 207
18 41 111
57 135 153
16 54 169
16 167 202
40 92 158
102 149 241
16 137 247
16 54 131
3 38 227
16 66 169
5 34 127
83 84 140
26 110 218
11 69 215
26 157 215
31 98 151
29 173 177
23 230 246
21 150 212
21 116 213
91 152 180
16 167 175
21 36 174
16 66 175
170 186 238
26 218 240
18 164 174
74 98 101
37 89 166
57 182 243
2 185 209
195 227 228
115 154 165
102 120 159
12 88 135
26 145 219
60 81 170
3 19 38
0 55 181
15 79 198
14 62 82
14 185 209
132 162 177
24 52 59
44 195 236
21 150 164
14 62 191
43 94 164
32 110 228
25 29 162
10 76 78
192 218 249
25 132 225
10 81 208
17 136 206
2 83 185
7 62 143
63 107 247
25 35 225
170 173 186
57 135 163
56 172 226
76 78 153
42 138 211
28 208 238
39 202 247
43 133 203
2 83 248
130 160 189
29 117 225
34 124 168
62 89 100
57 163 245
18 41 47
177 204 224
18 94 164
28 238 242
98 101 151
37 166 189
17 136 205
31 51 151
10 76 81
0 55 141
28 197 208
5 127 136
12 135 194
11 103 215
108 126 204
3 33 227
149 154 165
1 166 189
27 119 211
14 82 185
49 74 229
14 27 184
97 145 219
24 68 86
16 131 137
51 147 151
60 76 81
132 177 224
41 111 229
41 48 213
23 31 99
58 167 235
42 55 141
113 134 158
9 171 240
42 55 138
21 36 47
156 175 210
43 52 103
43 52 59
30 43 94
24 59 70
43 150 203
2 27 209
46 95 244
40 106 122
73 220 230
49 74 98
23 49 98
50 66 175
55 64 181
50 66 179
50 175 210
103 207 215
53 58 180
53 91 180
161 170 188
57 182 223
20 61 198
83 85 193
45 115 165
58 167 202
86 97 242
13 60 170
14 27 209
27 115 154
32 110 218
21 41 213
11 24 68
39 63 247
64 128 138
34 93 124
118 168 195
66 105 169
66 105 106
149 154 199
120 159 199
72 76 161
57 72 243
65 72 243
128 129 138
126 173 204
125 127 234
73 187 230
9 200 218
0 27 154
72 76 153
78 135 153
10 78 194
78 135 194
81 170 208
83 84 185
83 85 104
83 104 140
200 218 249
85 113 134
87 92 134
87 123 134
89 99 166
44 168 236
88 135 163
55 64 138
49 95 229
91 152 201
61 93 124
20 93 216
