79 150 169
122 245 299
280 326 386
97 111 374
102 143 225
72 111 251
46 252 270
54 193 256
159 249 381
5 229 376
112 172 266
17 25 369
44 73 308
32 219 343
112 249 381
0 8 279
23 207 397
72 111 373
6 190 380
72 251 252
38 102 225
38 42 395
94 166 393
182 307 316
327 374 395
38 327 395
15 154 231
157 231 251
251 295 327
15 157 271
238 262 384
202 269 341
99 198 269
72 252 373
144 156 250
29 156 250
171 209 250
82 237 250
198 202 269
152 237 300
86 96 244
82 250 383
89 101 287
89 101 265
107 145 333
9 67 304
167 285 357
152 184 375
54 76 256
4 204 261
280 333 355
73 245 299
55 142 353
108 162 168
93 108 261
65 122 378
92 268 335
44 208 292
10 160 247
19 234 281
74 88 203
105 174 235
232 310 367
147 201 263
53 288 336
88 205 310
84 288 342
240 325 337
148 179 195
288 336 342
35 61 311
7 130 389
13 151 364
154 307 382
159 222 347
36 94 166
94 187 393
90 170 380
42 121 225
8 119 274
0 37 219
109 132 134
179 195 391
206 235 359
6 83 200
182 248 316
6 68 380
83 103 200
103 171 250
46 141 270
59 181 200
59 97 190
38 42 225
52 374 395
157 251 252
97 111 373
52 97 374
111 327 374
111 251 327
42 121 363
68 178 228
121 155 257
155 178 257
41 170 178
41 90 170
121 257 363
41 257 363
41 178 257
26 115 293
21 188 293
248 278 316
21 278 316
182 213 377
18 188 379
182 307 377
15 157 231
69 154 377
154 307 377
69 159 249
112 213 377
0 219 343
112 172 213
172 266 397
139 207 381
112 266 381
139 369 381
159 347 381
17 45 369
23 45 227
23 45 369
163 323 351
25 369 381
25 347 381
25 222 347
222 238 309
54 125 289
185 199 298
99 116 269
224 269 388
339 352 371
252 270 373
157 252 271
202 252 271
202 252 341
46 87 329
141 181 270
87 129 340
87 185 329
63 220 298
144 156 220
199 220 298
29 156 220
63 152 388
164 184 375
76 233 256
262 291 384
238 323 360
54 76 289
167 244 287
12 349 357
86 244 287
47 344 396
152 184 300
255 265 396
110 246 255
33 246 255
191 282 314
110 246 314
9 383 394
9 131 150
82 383 394
82 282 394
9 304 394
149 175 191
78 334 357
106 236 334
78 236 334
149 191 304
285 334 357
78 142 236
78 142 353
12 357 386
107 333 355
113 131 217
9 113 131
131 150 223
113 217 313
319 361 385
34 226 331
226 277 301
107 145 385
145 361 385
145 330 361
165 280 333
145 299 330
65 283 299
145 165 299
44 73 245
65 122 299
145 165 333
280 357 386
125 326 328
12 289 386
238 360 387
163 273 323
273 323 360
85 114 163
60 85 275
85 163 275
100 114 378
58 100 214
35 64 311
31 354 367
70 229 263
215 311 376
147 229 263
92 268 292
44 100 245
124 350 370
4 204 361
73 299 348
204 261 362
173 204 362
93 150 223
79 93 150
93 261 301
168 303 390
66 169 276
39 335 350
305 306 350
162 305 350
124 306 350
140 335 370
335 350 370
140 268 335
135 138 146
232 290 367
19 243 259
138 146 153
153 169 276
105 210 235
210 235 359
160 247 337
10 19 243
19 234 259
240 247 337
267 332 398
232 290 318
312 318 324
5 147 229
232 312 318
31 310 367
28 56 117
31 253 272
53 288 398
74 120 203
88 203 398
120 203 398
288 332 398
91 179 391
84 91 179
267 325 332
286 336 342
75 134 148
75 148 195
75 195 391
30 137 179
30 286 342
258 274 296
7 119 389
8 14 119
260 286 336
28 56 356
61 126 211
3 28 130
61 126 311
126 214 345
45 133 227
13 211 241
13 211 364
23 230 397
0 8 37
8 37 180
11 13 151
11 151 364
8 274 279
274 296 365
22 194 258
186 368 393
16 40 81
21 98 278
40 187 279
36 48 196
57 95 221
48 196 320
81 186 393
81 186 315
16 81 315
43 186 368
43 95 294
2 22 258
2 22 321
2 258 296
176 218 365
109 134 218
2 218 321
127 136 294
75 134 189
57 95 212
50 212 322
43 127 294
43 95 197
95 221 294
295 382 399
266 381 397
207 381 397
152 375 388
42 363 395
107 313 385
313 319 331
238 309 384
309 372 384
298 341 388
63 298 388
183 294 322
291 339 372
52 90 97
34 313 331
91 288 332
77 104 242
132 134 212
89 255 265
194 258 274
39 135 146
80 115 293
43 197 368
267 325 337
78 280 357
134 189 212
76 244 349
76 96 244
27 74 324
85 192 283
133 239 241
53 88 272
141 171 340
26 115 121
68 170 380
57 212 221
215 229 284
78 313 353
90 97 190
36 94 187
66 79 390
5 64 354
92 201 263
297 337 358
50 123 183
17 25 323
62 267 398
62 267 358
193 256 387
62 324 358
51 133 351
60 326 328
135 281 358
126 239 345
60 163 273
76 164 375
154 251 366
62 74 324
124 173 370
58 70 292
18 102 379
55 106 236
211 239 241
54 125 328
78 280 355
53 56 253
10 19 297
53 56 356
50 123 221
144 185 220
49 155 178
49 178 228
49 80 155
47 255 302
46 87 340
62 74 120
47 255 396
76 96 164
158 360 387
105 153 169
66 79 169
44 118 308
43 127 242
102 188 293
89 161 314
41 363 395
80 98 346
89 161 287
9 55 67
41 90 395
131 223 277
40 187 393
40 81 393
40 274 279
55 67 106
38 295 399
58 214 215
27 88 205
254 260 356
34 217 313
31 56 253
82 246 314
15 352 371
79 93 390
14 216 364
78 107 313
25 238 323
21 80 293
129 144 250
46 141 340
17 45 133
10 235 243
36 166 320
73 118 173
13 177 392
20 237 300
76 224 233
15 154 159
18 382 399
32 278 343
13 23 241
20 47 344
16 104 315
15 271 371
104 242 264
19 281 297
129 144 185
191 282 394
65 114 378
16 22 264
60 158 328
50 183 322
97 181 373
34 131 217
12 76 289
60 85 192
76 224 375
10 235 247
56 117 354
30 84 342
11 13 392
40 194 274
3 35 64
64 117 354
114 163 351
173 204 361
281 297 358
191 314 334
3 28 117
24 51 133
134 137 179
212 240 325
89 110 314
26 121 225
66 276 390
90 190 380
10 160 337
6 68 228
49 196 197
1 128 242
149 175 334
299 348 361
55 142 236
226 331 361
10 297 337
68 170 178
191 304 394
17 323 351
2 296 365
7 119 216
53 260 356
31 56 354
0 187 279
1 128 321
36 98 187
20 237 302
49 80 346
165 192 299
133 227 241
154 231 251
32 172 397
70 229 284
3 7 130
32 248 278
154 366 382
54 158 387
5 354 367
20 86 96
21 307 316
176 218 254
0 187 343
49 196 346
11 14 364
135 201 324
53 253 272
37 180 219
126 211 239
63 237 317
91 189 332
27 205 324
63 152 237
2 218 365
20 86 287
6 83 228
101 287 344
215 229 376
14 119 216
52 90 395
20 96 300
219 230 397
11 180 392
20 47 302
33 237 302
44 118 208
61 211 364
11 14 180
23 177 230
24 100 114
24 100 214
23 227 241
26 143 225
24 133 239
36 48 320
24 214 345
25 222 238
26 102 143
124 173 362
153 276 350
54 158 328
60 192 326
27 74 88
5 311 376
24 51 351
112 249 377
109 128 218
224 375 388
252 329 341
28 254 356
21 80 98
58 100 292
16 22 194
103 171 200
30 84 179
21 188 307
101 265 344
63 220 317
16 40 194
32 219 397
38 102 399
123 221 294
109 128 132
206 235 240
54 193 387
59 190 200
33 255 302
43 77 186
158 273 360
147 201 290
28 130 389
84 91 288
93 108 390
265 344 396
188 307 382
5 147 367
96 164 184
129 209 340
96 184 300
166 368 393
59 97 181
123 183 294
34 131 226
69 249 377
33 82 237
99 339 371
99 198 371
192 280 326
192 283 299
100 122 378
100 122 245
44 100 292
26 102 293
299 330 361
104 186 315
82 282 314
159 222 352
105 169 210
18 102 399
3 35 216
28 254 389
102 188 379
67 106 149
108 306 362
29 250 317
108 261 362
108 168 390
162 168 350
77 104 186
201 318 324
39 146 350
113 313 353
55 113 353
185 298 341
65 114 283
24 114 351
53 88 398
88 272 310
116 224 269
71 116 224
99 116 339
93 223 277
119 254 389
119 176 254
67 149 304
119 176 365
189 212 332
119 274 365
276 303 350
35 61 364
167 244 357
187 278 343
124 306 362
313 319 385
126 214 215
126 215 311
127 128 242
12 76 349
127 128 136
85 114 283
60 163 275
128 132 136
128 218 321
129 209 250
131 226 277
141 171 200
132 136 294
134 148 179
319 331 361
60 158 273
135 138 259
135 234 259
135 234 281
135 324 358
73 118 308
134 137 218
30 137 286
140 268 292
140 208 292
98 196 346
58 215 284
141 181 200
105 153 174
147 290 367
196 320 368
3 7 216
106 149 334
137 254 286
38 295 327
153 174 259
138 153 259
146 153 350
69 154 159
132 212 322
244 349 357
16 104 264
24 239 345
15 159 352
161 314 334
161 285 334
171 209 340
162 305 306
108 162 306
89 110 255
1 264 321
9 55 113
137 218 254
166 320 368
168 303 350
92 201 335
172 182 248
172 182 213
32 172 248
13 23 177
73 173 348
173 348 361
177 338 392
180 219 338
180 338 392
71 116 339
181 270 373
167 285 287
185 199 220
185 329 341
98 187 278
18 188 382
140 208 370
6 190 200
175 191 334
5 64 311
165 192 280
174 235 259
251 295 382
196 197 368
46 252 329
198 271 371
233 256 387
118 173 370
201 290 318
43 77 242
289 326 386
39 201 335
53 260 336
3 64 117
269 341 388
205 232 310
205 232 312
198 202 271
205 312 324
212 325 332
139 207 369
23 207 369
8 14 180
118 208 370
35 216 364
75 189 391
50 212 221
219 230 338
4 226 261
29 220 317
222 339 372
222 309 372
226 261 301
224 233 262
224 262 291
71 224 291
4 226 361
80 121 155
91 189 391
87 129 185
233 238 387
233 238 262
222 339 352
70 263 292
177 230 338
235 240 247
235 243 259
1 242 264
93 277 301
291 372 384
71 291 339
33 82 246
237 250 317
251 366 382
254 260 286
39 135 201
17 133 351
36 98 196
132 294 322
20 287 344
80 115 121
92 263 292
22 264 321
78 107 355
267 337 358
31 272 310
62 120 398
161 285 287
276 303 390
58 70 284
125 289 326
