18 295 399
79 150 169
15 271 352
122 245 299
69 112 377
15 222 352
97 111 374
72 111 251
54 193 256
112 172 266
17 25 369
34 223 277
3 130 216
41 90 363
23 207 397
68 178 380
26 143 188
72 251 252
38 102 225
170 178 380
94 166 393
182 307 316
15 154 231
185 298 329
251 295 327
15 157 271
198 202 371
99 198 269
72 252 373
144 156 250
68 83 228
29 156 250
171 209 250
71 262 291
237 255 396
82 250 383
47 300 302
107 145 333
131 217 313
152 184 375
152 224 388
99 116 291
339 372 384
135 201 318
4 226 331
25 323 351
58 214 284
70 92 263
4 204 261
280 333 355
55 142 353
73 173 308
108 162 168
73 173 204
4 319 361
65 122 378
92 268 335
31 253 354
44 208 292
10 160 247
105 174 235
27 205 312
205 310 312
232 310 367
84 288 342
240 325 337
31 88 272
240 325 332
288 336 342
15 159 222
23 139 207
159 222 347
32 172 213
177 230 392
16 40 264
26 188 293
172 219 397
80 155 346
94 187 393
42 121 225
8 119 274
0 37 219
109 132 134
179 195 391
127 136 242
182 248 316
6 68 83
103 171 250
97 190 380
59 97 190
42 52 395
52 97 374
42 52 363
68 178 228
52 90 363
155 178 257
41 170 178
41 90 170
41 257 363
41 178 257
49 197 346
49 155 346
123 183 221
80 115 155
26 115 293
21 80 346
21 80 115
143 188 379
21 188 293
21 115 293
248 278 316
21 36 98
182 213 377
18 295 382
18 307 382
18 379 399
102 379 399
231 251 366
182 307 377
15 157 231
69 154 377
69 159 249
112 213 377
112 172 213
172 266 397
139 207 381
69 112 249
139 369 381
24 114 163
23 139 369
17 25 351
54 125 289
71 224 269
99 116 269
71 116 291
71 116 269
224 269 388
339 352 371
157 252 271
202 252 271
298 329 341
202 252 341
87 141 340
46 87 329
141 181 270
129 171 209
129 171 340
87 185 329
144 199 220
144 209 250
144 156 220
29 156 220
63 152 388
47 302 396
237 302 396
164 184 375
262 291 384
233 262 375
71 224 262
238 323 360
54 76 289
12 349 357
47 344 396
20 86 300
101 265 396
33 246 314
255 265 396
110 246 255
33 246 255
33 82 255
110 246 314
106 149 175
9 383 394
9 131 150
82 383 394
82 282 394
33 82 282
67 106 236
149 175 191
55 67 113
78 334 357
78 236 334
149 191 304
110 161 314
285 334 357
12 357 386
107 333 355
131 150 223
113 217 313
34 319 331
319 361 385
34 226 331
34 131 223
4 319 331
34 226 277
165 192 283
145 299 330
24 114 214
100 245 378
165 283 299
85 192 326
60 158 387
158 328 387
238 360 387
60 85 275
85 163 275
133 214 345
100 114 378
133 239 345
100 114 214
58 100 214
147 290 318
64 311 376
215 311 376
147 229 263
118 140 208
70 215 284
70 215 376
140 208 268
122 245 378
44 208 308
208 268 292
118 208 308
124 350 370
73 299 348
173 306 362
204 261 362
173 204 362
79 93 108
93 150 223
79 93 150
66 169 276
79 169 390
66 169 303
146 153 276
66 276 303
305 306 350
162 305 350
118 140 370
118 124 370
140 335 370
335 350 370
140 268 335
135 138 146
39 146 276
232 290 367
19 243 259
138 146 153
153 169 276
10 243 247
138 153 174
138 174 259
240 243 247
105 210 235
210 235 359
206 240 243
160 297 337
160 247 337
10 19 243
19 234 259
10 160 297
240 247 337
281 297 337
135 318 324
232 290 318
312 318 324
232 312 318
5 290 367
232 310 312
74 88 205
28 56 117
28 130 356
31 253 272
27 62 120
120 267 398
62 120 267
120 203 398
91 179 391
267 325 332
189 212 322
75 134 148
75 148 195
75 91 391
75 195 391
134 137 148
30 286 342
176 254 389
258 274 296
8 14 119
254 260 389
28 56 356
61 126 211
126 214 311
3 28 130
61 126 311
126 214 345
13 211 241
227 230 241
23 227 230
126 211 241
13 177 241
177 230 241
23 230 397
230 338 392
0 8 37
8 37 180
11 151 364
22 194 258
186 368 393
258 274 279
32 248 343
40 194 264
81 187 393
40 187 279
320 368 393
57 95 221
48 196 320
81 186 393
43 186 368
128 136 242
2 258 296
176 218 365
109 134 218
109 218 321
109 128 321
2 218 321
127 136 294
132 189 322
75 91 189
57 95 212
50 212 322
50 123 322
123 183 322
136 183 294
43 127 294
266 381 397
207 381 397
154 377 382
339 371 384
291 371 384
130 356 389
347 369 381
288 336 398
330 361 385
280 326 333
309 323 352
222 323 352
222 323 347
107 313 385
107 313 355
31 310 354
309 372 384
238 309 323
18 307 379
145 299 333
63 298 388
260 356 389
102 295 399
52 90 97
91 288 332
77 104 242
86 167 244
86 167 287
85 125 326
17 23 369
39 135 146
43 197 368
267 325 337
269 298 341
85 192 283
133 239 241
53 88 272
141 171 340
20 101 396
72 97 111
26 115 121
68 190 380
57 212 221
157 231 252
36 94 187
16 81 187
92 201 263
63 199 220
63 199 298
62 267 358
0 8 274
193 256 387
62 324 358
51 133 351
61 64 311
135 281 358
126 239 345
60 163 273
45 133 351
86 152 184
30 137 254
188 307 379
108 162 362
54 328 387
58 70 292
144 185 298
55 78 353
55 78 113
25 347 369
55 67 236
54 125 328
53 74 203
30 179 195
78 280 355
10 19 297
53 56 356
52 327 395
162 306 362
86 152 300
50 123 221
49 155 178
49 178 228
30 137 148
97 170 380
73 299 308
48 94 166
36 48 94
1 22 264
44 245 299
79 108 390
35 61 216
43 127 242
5 64 367
42 257 363
89 161 287
6 68 190
267 288 398
152 224 262
40 194 258
285 314 334
125 280 386
124 173 308
52 327 374
54 164 375
21 48 196
14 216 364
168 169 303
7 176 365
5 64 229
13 177 392
85 125 328
107 330 385
15 154 159
16 81 186
4 73 348
40 258 279
20 47 344
30 91 179
16 104 315
65 114 163
12 125 289
104 242 264
12 125 386
249 266 381
191 282 394
35 64 117
65 114 378
281 337 358
60 158 328
96 167 244
4 73 204
59 97 373
12 76 289
70 92 268
99 198 291
56 117 354
30 84 342
269 298 388
110 161 255
46 252 373
61 216 364
22 128 242
22 128 321
75 132 134
191 314 334
117 310 354
3 28 117
2 274 296
24 51 133
20 344 396
26 121 225
0 172 219
78 113 355
181 190 200
23 45 133
54 76 164
0 274 279
299 348 361
126 239 241
78 280 386
82 250 255
0 32 343
55 142 236
7 176 389
7 119 216
53 260 356
6 103 200
0 187 279
53 336 398
21 197 346
43 197 294
36 98 187
42 121 257
133 227 241
65 85 283
34 131 319
154 366 382
202 271 371
102 295 327
16 186 315
231 251 252
4 348 361
2 274 365
7 119 365
21 307 316
176 218 254
46 87 270
96 167 349
0 187 343
11 14 364
13 180 392
30 148 195
32 182 248
37 180 219
6 83 103
72 97 373
30 254 286
63 237 317
91 189 332
215 284 311
25 323 347
20 101 287
60 85 328
64 117 367
63 152 237
125 280 326
13 151 211
2 218 365
20 86 287
30 84 91
22 194 264
20 47 300
14 119 216
16 40 187
134 137 254
129 185 340
9 131 217
219 230 397
27 62 324
102 327 395
78 236 353
75 132 189
53 203 398
21 196 197
17 23 351
1 22 242
23 133 227
61 211 364
11 14 180
53 74 88
23 45 351
100 245 292
9 191 394
24 133 214
26 143 225
24 163 351
229 263 376
53 56 272
323 351 360
95 183 221
24 51 351
35 61 64
252 329 341
144 185 209
108 261 301
59 181 373
58 100 292
96 164 349
115 155 257
44 299 308
103 171 200
309 339 372
64 229 376
21 188 307
78 357 386
56 253 354
147 229 290
31 205 310
31 88 205
63 220 317
163 273 351
109 128 132
4 261 277
54 193 387
33 191 282
33 191 314
65 122 283
273 351 360
43 77 186
187 248 278
32 182 213
84 91 288
153 169 174
267 288 332
95 183 294
96 164 184
90 97 170
262 309 384
21 98 316
98 278 316
309 339 352
46 270 373
38 102 395
299 330 361
189 240 332
104 186 315
105 169 174
105 169 210
3 35 216
201 263 318
107 145 330
39 276 335
70 263 376
67 106 149
29 250 317
108 261 362
106 175 236
38 225 395
108 168 390
162 168 350
77 104 186
131 313 385
168 276 350
67 113 304
206 243 359
27 312 324
113 313 355
132 183 322
13 151 180
115 121 257
152 300 302
21 36 48
117 310 367
93 223 277
67 149 304
119 274 365
122 283 299
118 124 308
131 319 385
56 253 272
12 76 349
4 226 277
60 163 275
128 132 136
111 251 374
74 203 205
134 218 254
135 138 259
135 234 259
135 234 281
135 324 358
144 199 298
147 263 318
165 192 333
141 171 181
235 243 359
196 320 368
152 237 302
11 151 180
151 211 364
152 262 375
307 377 382
3 35 117
69 154 159
48 320 393
154 231 366
16 104 264
165 299 333
27 120 203
161 255 265
89 161 265
162 305 306
48 166 393
76 164 349
168 169 390
87 141 270
171 181 200
92 201 335
234 281 297
173 306 350
124 173 350
175 236 334
159 249 347
180 219 338
180 338 392
93 108 301
59 181 190
181 270 373
167 285 287
86 184 244
96 184 244
129 185 209
87 185 340
187 248 343
98 187 278
189 212 240
6 190 200
175 191 334
192 326 333
285 349 357
167 285 349
174 235 259
214 284 311
251 295 382
196 197 368
95 197 294
46 252 329
198 202 341
233 256 387
198 269 341
168 276 303
132 136 183
43 77 242
39 201 335
53 260 336
27 203 205
8 14 180
5 229 290
50 212 221
271 352 371
260 336 342
219 230 338
70 268 292
130 216 389
7 216 389
113 217 304
9 217 304
29 220 317
65 85 163
54 256 375
102 225 379
143 225 379
42 225 395
233 238 387
233 238 262
19 234 297
261 277 301
9 191 304
235 243 259
142 236 353
1 242 264
93 277 301
44 245 292
112 249 266
237 250 317
0 32 172
249 347 381
237 250 255
251 327 374
251 366 382
254 260 286
39 135 201
233 256 375
2 258 321
22 258 321
260 286 342
238 262 309
89 265 287
101 265 287
267 337 358
273 360 387
60 273 387
276 335 350
161 285 287
161 285 314
58 70 284
198 291 371
