79 150 169
15 271 352
122 245 299
280 326 386
45 51 133
15 222 352
97 111 374
193 262 387
46 252 270
54 193 256
5 229 376
238 309 372
112 172 266
222 309 352
65 85 192
34 223 277
85 114 378
32 219 343
207 266 397
112 249 381
41 90 363
31 88 310
6 190 380
52 97 380
94 166 393
182 307 316
327 374 395
15 154 231
157 231 251
15 157 271
198 202 371
72 252 373
144 156 250
68 83 228
171 209 250
71 262 291
82 237 250
82 250 383
89 101 287
89 101 265
9 67 304
131 217 313
167 285 357
54 125 193
152 184 375
54 76 256
152 224 388
339 372 384
135 201 318
4 226 331
25 323 351
125 193 328
70 92 263
70 284 292
4 204 261
280 333 355
55 142 353
108 162 168
65 122 378
31 253 354
162 168 303
10 160 247
19 234 281
105 174 235
232 310 367
147 201 263
56 117 253
84 288 342
148 179 195
240 325 332
35 61 311
7 130 389
13 151 364
65 85 378
154 307 382
15 159 222
159 222 347
26 188 293
80 155 346
94 98 187
36 94 166
94 187 393
90 170 380
42 121 225
2 218 296
8 119 274
0 37 219
109 132 134
179 195 391
127 136 242
166 320 393
206 235 359
182 248 316
52 90 380
103 171 250
59 181 200
97 190 380
38 42 225
52 374 395
52 97 374
111 327 374
42 121 363
68 178 228
121 155 257
41 90 170
102 143 379
121 143 225
49 197 346
49 155 346
49 155 228
26 115 293
21 80 115
21 188 293
21 115 293
248 278 316
21 36 98
98 187 343
248 278 343
102 379 399
15 157 231
154 307 377
0 219 343
172 266 397
139 369 381
17 45 369
23 45 227
24 114 163
17 45 351
17 25 351
25 347 381
25 222 347
291 339 384
222 238 309
54 125 289
193 233 256
63 269 388
185 199 298
99 116 269
71 116 291
224 269 388
63 269 341
252 270 373
157 252 271
202 252 271
202 252 341
87 141 340
141 181 270
129 171 209
129 171 340
144 199 220
144 185 199
63 298 341
144 156 220
29 156 220
63 152 388
47 302 396
164 184 375
262 291 384
71 224 262
193 233 262
238 323 360
54 76 289
76 96 184
76 96 349
167 244 287
12 349 357
47 344 396
152 184 300
20 86 101
110 255 265
33 246 314
255 265 396
110 246 255
33 246 255
191 282 314
110 246 314
33 282 314
106 149 175
9 131 150
82 383 394
191 282 304
33 82 282
67 106 236
106 175 334
149 175 191
55 67 113
67 106 304
106 236 334
106 149 304
149 191 304
167 349 357
285 334 357
78 142 236
78 142 353
12 357 386
107 333 355
261 306 362
113 131 217
131 150 223
113 217 313
107 113 313
34 319 331
319 361 385
34 131 223
226 277 301
4 226 301
108 305 306
330 348 361
165 192 283
145 330 361
299 330 348
145 299 330
65 192 283
44 73 245
60 360 387
193 328 387
60 158 387
158 328 387
238 262 387
238 360 387
163 273 275
60 85 275
51 163 351
24 51 163
45 51 351
100 114 378
58 284 292
11 14 216
35 64 311
147 290 318
215 311 376
70 92 292
70 215 284
44 100 245
44 208 308
124 350 370
4 204 361
204 261 362
173 204 362
79 93 150
108 261 306
93 261 301
4 261 301
108 162 305
168 303 390
66 276 303
39 335 350
305 306 350
162 305 350
118 140 370
124 306 350
140 268 335
135 138 234
135 138 146
19 243 259
105 174 210
206 235 243
206 240 243
212 240 332
10 19 243
10 19 281
234 281 358
281 297 337
27 74 120
62 267 324
234 324 358
232 290 318
147 201 318
5 147 229
5 147 290
28 56 117
117 253 354
53 272 398
53 288 398
120 267 398
120 203 398
267 325 332
75 134 148
75 148 195
75 91 391
75 195 391
50 57 212
30 286 342
176 254 389
30 260 286
53 336 356
28 56 356
61 126 211
3 28 130
3 35 364
35 211 364
35 61 211
61 126 311
45 133 227
13 211 241
13 211 364
13 177 241
0 8 37
8 37 180
11 13 151
11 151 364
1 77 104
186 368 393
16 40 81
32 248 343
98 278 343
36 94 98
40 187 279
320 368 393
48 196 320
81 186 393
43 186 315
81 186 315
1 104 264
16 81 315
43 186 368
43 95 294
109 128 136
77 127 242
57 123 221
128 136 242
1 77 242
109 132 136
1 22 321
2 22 321
134 176 218
109 134 218
132 189 322
75 91 189
57 95 212
50 57 123
50 123 322
123 183 322
43 127 294
295 382 399
42 363 395
325 337 358
145 333 361
280 326 333
267 324 325
107 313 385
126 311 345
31 310 354
309 352 371
9 304 383
304 383 394
145 299 333
102 295 399
88 120 203
91 288 332
118 140 308
19 138 259
84 179 391
84 91 391
39 135 146
80 196 197
79 108 261
6 83 380
74 205 310
133 239 241
141 171 340
70 147 229
72 97 111
26 115 121
2 109 321
68 170 380
66 153 169
66 79 390
92 201 263
63 199 220
63 199 298
0 8 274
16 194 264
60 125 326
5 232 367
154 251 366
30 137 254
90 363 395
140 350 370
57 221 294
55 78 353
55 78 113
86 101 244
11 14 119
211 239 241
53 288 342
214 239 345
55 67 236
78 280 355
53 56 253
53 56 356
16 77 315
19 138 234
59 97 200
17 369 381
44 100 208
11 13 119
9 67 131
124 308 370
79 108 390
211 239 345
44 73 173
66 79 169
5 64 367
38 42 327
160 281 297
89 161 287
180 219 392
67 113 131
39 268 335
41 121 257
41 121 363
60 125 328
40 187 393
40 81 393
267 288 398
46 185 329
152 224 262
40 194 258
285 314 334
124 173 308
38 143 225
38 102 143
26 121 143
31 88 253
21 48 196
8 13 119
88 253 272
26 143 379
74 88 310
25 238 323
20 300 302
7 176 365
16 77 104
129 144 250
23 45 207
30 134 137
1 109 321
82 282 304
36 166 320
13 177 392
150 223 277
18 382 399
20 101 265
40 258 279
12 125 289
140 335 350
27 62 267
12 125 326
208 268 308
129 144 185
1 109 128
35 64 117
66 153 276
281 337 358
60 158 328
96 167 244
97 181 373
72 251 295
47 302 344
12 76 289
60 85 192
72 111 327
39 92 268
30 84 342
114 163 275
24 214 239
44 173 308
75 132 134
173 204 361
50 189 212
5 232 290
3 11 364
169 174 210
57 95 294
191 314 334
117 310 354
3 28 117
20 344 396
28 254 260
15 154 377
82 304 394
78 113 355
214 311 345
10 160 281
1 128 242
0 258 274
78 280 386
55 142 236
177 219 338
68 170 178
21 80 196
7 176 389
101 244 287
7 119 216
6 103 200
0 187 279
80 197 346
122 165 299
10 240 243
133 227 241
154 231 251
3 11 216
70 147 263
32 172 397
34 131 319
3 7 130
154 366 382
202 271 371
207 230 397
21 307 316
0 258 279
194 258 264
46 87 270
96 167 349
0 187 343
162 303 350
30 134 179
13 180 392
53 253 272
37 180 219
6 83 103
72 97 373
72 157 251
63 237 317
91 189 332
103 141 200
182 213 307
178 228 257
8 13 180
7 274 365
53 336 342
64 117 367
22 258 296
63 152 237
72 157 252
118 308 370
17 25 381
215 229 376
14 119 216
15 69 249
52 90 395
72 295 327
134 137 254
50 189 322
129 185 340
74 205 312
15 159 249
219 230 397
20 265 396
23 177 241
79 93 261
27 62 324
93 150 301
20 302 344
85 114 275
75 132 189
10 240 247
24 58 214
2 22 296
27 120 267
33 237 302
23 177 230
24 100 114
23 227 241
70 215 229
66 303 390
36 48 320
24 51 239
25 222 238
2 109 218
28 336 356
124 173 362
51 133 239
26 188 379
323 351 360
60 192 326
5 311 376
99 116 198
112 249 377
203 272 398
252 329 341
58 214 311
58 100 292
112 172 377
28 260 336
74 88 120
30 84 179
309 339 372
21 188 307
78 357 386
27 74 312
63 220 317
16 40 194
163 273 351
32 219 397
123 221 294
58 215 311
15 69 377
65 122 283
273 351 360
33 255 302
20 184 300
28 130 389
84 91 288
153 169 174
39 92 201
92 208 292
92 208 268
267 288 332
188 307 382
95 196 197
138 153 276
164 184 256
43 95 196
59 97 181
176 296 365
97 190 200
123 183 294
134 176 254
69 249 377
21 98 316
98 278 316
99 198 202
33 82 237
99 269 341
7 119 274
4 331 361
100 122 378
100 122 245
100 208 292
103 141 171
24 58 100
28 254 389
107 361 385
107 333 361
46 87 185
68 83 380
105 235 359
20 86 184
108 168 390
131 313 385
99 202 341
39 146 350
112 139 381
107 113 355
27 312 324
291 339 371
185 298 341
41 170 257
132 183 322
309 339 371
116 198 291
116 224 269
71 116 224
152 300 302
78 236 357
21 36 48
117 310 367
189 212 332
276 303 350
122 165 283
124 306 362
131 319 385
12 76 349
127 136 183
127 183 294
43 127 315
77 127 315
129 209 250
134 148 179
319 331 361
139 207 266
165 192 333
140 268 308
58 215 284
141 181 200
12 326 386
29 156 317
146 276 350
196 320 368
3 7 216
150 277 301
152 237 302
38 295 327
105 210 359
152 262 375
153 174 259
138 153 259
138 146 276
3 35 117
42 327 395
156 250 317
16 104 264
247 325 337
165 299 333
89 161 265
161 265 314
126 211 345
164 233 256
164 233 262
164 262 375
112 139 266
87 141 270
170 178 257
172 182 248
172 182 213
32 172 248
172 213 377
73 173 348
173 348 361
176 218 296
177 219 392
159 249 347
181 270 373
167 285 287
86 184 244
96 184 244
88 203 272
76 184 256
87 185 340
185 329 341
18 188 382
188 379 399
43 196 368
6 190 200
175 191 334
5 64 311
192 326 333
174 235 259
1 22 258
251 295 382
46 252 329
132 136 183
205 232 310
205 232 312
236 334 357
23 207 230
139 207 369
271 352 371
260 336 342
219 230 338
213 307 377
240 247 325
29 220 317
232 318 324
45 207 369
247 297 337
80 121 155
155 228 257
232 312 324
234 318 324
135 234 318
177 230 338
235 243 259
245 299 348
73 245 348
160 247 297
237 250 317
249 347 381
251 366 382
18 188 399
39 135 201
255 302 396
1 258 264
258 274 365
258 296 365
260 286 342
238 262 372
80 115 121
262 372 384
110 265 314
273 275 360
60 275 360
38 102 295
226 277 331
34 277 331
30 254 260
161 285 287
161 285 314
324 325 358
198 291 371
