303 426 462
222 318 483
266 289 425
10 205 460
68 75 153
26 53 471
245 433 467
295 399 443
17 67 229
227 312 355
17 57 231
79 225 430
67 141 149
48 207 312
42 267 293
288 424 496
205 310 351
38 222 318
251 475 497
439 458 479
91 160 446
13 120 260
152 251 476
113 382 491
1 61 152
8 120 260
92 297 497
172 181 260
88 472 477
95 313 357
102 447 473
36 313 337
103 173 279
68 153 187
125 214 454
17 158 229
158 295 443
164 319 391
67 141 323
335 377 391
90 258 348
308 339 463
79 98 121
129 198 388
319 320 347
237 245 467
138 308 339
93 106 157
204 255 484
243 390 492
31 185 203
365 404 408
270 408 492
18 100 404
290 334 482
370 386 485
74 99 345
81 360 400
104 307 346
134 142 389
326 353 393
86 277 336
42 122 487
32 42 293
266 286 425
171 266 286
269 324 392
27 284 331
199 416 460
236 305 372
64 71 375
285 287 465
193 283 362
33 64 285
33 285 465
64 71 285
283 423 431
63 221 311
13 387 395
212 322 416
190 194 327
190 288 317
116 190 194
66 213 457
202 228 338
101 200 253
80 147 410
38 318 359
278 301 371
43 411 437
201 295 489
24 119 411
105 411 437
43 406 411
342 406 411
278 344 371
97 251 366
97 303 426
439 458 470
381 426 434
301 354 371
318 439 483
301 354 479
63 160 446
272 303 309
405 439 470
160 191 441
63 311 445
191 240 431
5 146 309
5 91 146
193 283 423
39 193 423
39 423 431
283 362 395
283 395 451
181 219 260
166 395 451
166 176 491
382 442 475
135 219 394
92 113 382
36 181 313
92 113 135
13 260 395
250 387 436
13 120 465
8 120 465
219 260 394
260 394 395
47 172 481
8 47 465
47 321 465
36 181 219
172 181 313
78 257 337
150 415 477
19 78 150
150 175 421
28 102 151
78 257 473
28 36 257
36 257 337
1 55 152
1 61 219
55 152 476
61 152 251
251 366 476
97 105 366
55 119 151
173 174 279
103 173 447
165 174 417
197 417 498
125 209 472
75 153 452
186 211 415
75 211 226
130 332 368
211 214 217
214 254 368
34 192 265
107 143 348
195 234 306
107 136 195
130 332 399
72 130 306
72 130 399
15 45 325
45 73 325
17 57 158
15 45 162
45 162 234
162 234 449
17 231 281
162 281 449
15 57 158
15 57 231
136 281 449
67 229 323
141 149 164
17 67 149
54 137 300
107 136 349
107 195 264
195 264 315
7 315 397
90 265 348
90 131 258
6 258 348
79 225 249
6 79 258
207 227 312
6 79 98
90 131 463
79 131 258
6 159 268
98 121 355
159 227 355
121 312 355
48 168 312
126 179 388
126 179 220
48 168 198
129 168 198
474 482 485
168 247 466
23 118 299
23 87 466
23 87 299
118 225 249
21 237 467
23 118 237
22 46 245
245 302 433
22 46 356
308 430 463
22 138 396
192 315 397
25 138 396
438 452 453
263 376 428
110 438 452
153 187 452
68 175 187
175 187 263
263 428 478
93 233 374
93 157 420
110 233 376
93 106 374
20 106 448
20 106 157
157 341 420
270 373 492
18 100 302
83 167 444
139 242 402
242 372 402
30 353 393
83 353 444
50 167 255
62 273 314
30 353 444
31 94 185
273 292 379
62 123 273
123 273 292
37 123 292
343 365 404
84 343 404
84 100 404
140 334 482
290 482 485
140 334 379
21 51 140
51 89 247
51 89 140
29 370 378
29 179 427
414 474 485
117 218 493
74 218 409
74 218 248
29 370 455
182 378 459
29 378 427
370 378 459
74 99 409
117 256 493
31 330 393
252 326 393
252 330 393
35 134 389
154 364 494
142 208 389
56 182 294
182 294 378
56 189 294
294 378 427
60 208 389
223 358 361
35 361 389
282 358 495
154 461 494
81 161 400
4 223 364
289 298 435
223 282 358
60 358 495
161 361 400
360 361 400
35 161 361
44 81 494
44 298 494
0 44 298
42 346 480
307 346 480
35 144 161
49 252 363
41 134 276
41 307 363
42 104 244
42 267 480
104 108 384
42 122 244
230 235 261
59 244 413
59 108 277
122 171 180
42 104 346
122 180 487
0 298 435
32 42 487
180 289 487
289 435 487
274 324 432
289 298 425
274 286 425
274 425 432
324 392 432
69 253 432
69 392 432
69 101 253
69 101 188
101 188 304
269 291 392
27 188 275
101 200 304
216 262 284
216 235 385
77 262 284
216 284 331
236 305 464
216 262 385
77 262 280
305 385 464
305 372 402
3 196 239
3 196 243
238 341 390
316 340 351
329 333 496
10 71 369
287 350 369
250 419 436
288 488 496
310 340 351
14 310 412
127 338 412
190 317 327
288 317 424
11 212 416
11 212 424
199 322 416
322 333 496
212 424 496
322 350 419
212 322 496
58 70 486
58 471 486
63 328 445
39 471 486
63 160 328
58 445 471
26 445 471
58 133 422
405 446 470
178 184 407
145 405 446
145 147 407
85 213 259
85 259 380
178 380 410
80 410 456
12 170 232
12 163 380
111 170 232
12 170 259
111 170 259
112 178 380
12 259 380
66 200 253
200 210 304
210 232 304
66 213 271
425 432 457
114 224 367
52 405 457
184 367 407
114 367 405
184 224 367
382 442 491
434 458 470
414 429 485
386 429 485
197 417 490
165 417 490
99 409 459
370 409 459
362 395 436
129 388 429
179 388 429
13 387 465
380 410 456
163 380 403
380 403 456
379 433 467
354 371 479
371 458 479
371 426 434
370 429 455
370 386 429
128 359 406
345 352 495
97 344 426
341 428 478
238 341 465
233 341 376
340 385 464
2 338 416
290 334 493
329 333 436
329 362 436
371 434 458
156 327 424
317 327 424
322 333 436
199 322 369
239 316 464
168 312 466
308 356 430
254 306 368
304 398 440
176 303 491
100 302 379
302 379 433
298 457 494
82 296 470
296 426 462
296 381 426
82 296 381
296 303 462
295 332 401
295 332 399
290 370 485
154 282 364
136 281 349
14 280 412
14 280 310
270 373 448
262 340 385
262 310 340
262 280 310
261 291 331
261 269 291
281 335 349
296 446 470
256 276 330
242 255 372
50 255 343
255 343 484
252 326 384
250 287 465
250 387 465
250 350 419
250 287 350
89 247 474
245 356 430
243 408 484
139 242 255
7 241 397
3 239 375
239 316 375
282 352 495
238 243 390
236 239 464
216 235 331
235 261 331
235 274 286
110 233 469
93 233 420
233 341 420
54 229 300
202 228 440
228 304 398
96 228 304
228 280 412
17 281 335
77 228 275
226 452 453
232 304 440
96 228 275
365 408 484
218 370 493
218 248 256
215 283 431
215 283 451
214 241 254
211 226 499
211 217 499
211 214 454
186 211 454
341 390 492
183 210 213
209 246 401
155 209 246
208 345 495
142 208 248
207 227 320
133 206 311
205 351 375
71 205 375
196 204 243
290 370 493
126 198 220
197 295 489
2 232 440
32 144 480
61 251 497
72 73 325
71 285 287
18 22 448
72 325 399
10 71 205
37 50 84
60 361 389
70 193 362
68 75 211
68 211 415
68 150 415
325 399 443
66 200 210
65 156 456
5 272 309
65 156 424
190 288 488
62 185 314
85 114 405
125 209 401
24 119 151
261 269 324
59 104 108
59 86 413
41 134 480
341 376 428
33 238 465
72 73 234
321 341 465
59 86 277
2 65 416
56 189 282
303 442 491
173 447 473
178 407 410
55 119 366
54 137 320
54 220 320
114 184 224
83 277 336
26 53 445
41 276 330
50 62 123
37 50 123
49 307 363
53 160 328
49 104 307
107 124 349
25 106 469
40 124 391
50 84 343
58 70 422
9 76 86
130 306 368
88 115 169
79 87 121
56 182 459
61 92 219
43 344 437
25 138 438
41 307 480
60 358 361
91 296 446
70 488 496
15 158 443
39 191 431
39 53 441
66 432 457
39 53 471
59 104 244
38 222 278
45 73 234
166 176 451
108 326 384
217 397 499
102 103 447
109 177 357
86 235 286
195 241 306
56 282 352
33 243 375
33 238 243
19 78 115
439 479 483
66 253 432
110 187 263
106 233 469
148 169 383
49 104 384
228 338 412
1 28 219
7 195 315
22 138 308
132 145 446
192 265 348
80 327 456
322 350 369
169 173 174
10 199 369
112 114 380
27 188 331
70 329 362
25 110 469
76 305 402
9 235 385
10 199 460
75 226 452
9 305 385
16 24 151
197 489 490
204 243 484
344 371 426
34 138 339
8 47 172
15 162 231
0 32 487
223 360 361
133 422 488
197 295 401
18 270 448
92 475 497
34 265 339
246 383 498
2 202 440
168 247 474
99 345 352
159 319 347
117 218 256
2 65 163
20 373 492
5 240 431
25 106 396
2 163 232
107 192 348
127 338 416
47 95 321
316 340 464
125 454 477
5 91 240
65 163 403
31 203 393
0 81 161
50 62 167
127 205 310
43 278 344
116 132 221
116 221 311
5 272 451
298 425 457
72 234 306
4 81 360
103 279 490
116 145 194
70 193 486
63 132 221
11 65 416
38 359 406
53 160 441
78 115 473
47 95 481
171 180 289
39 191 441
230 235 274
55 366 476
207 220 320
176 272 451
230 261 324
109 263 478
154 189 461
82 381 470
124 335 349
35 144 480
244 286 413
0 435 487
16 103 490
6 268 391
7 195 241
71 287 369
94 334 379
16 103 151
252 330 363
24 201 342
145 367 405
316 351 375
0 144 161
11 65 424
140 474 482
5 215 431
122 171 286
20 373 448
18 22 245
22 106 448
6 40 391
230 274 324
18 404 408
25 110 438
18 270 408
108 277 326
107 192 315
6 40 348
141 164 300
197 246 401
20 157 492
24 489 490
68 150 175
21 23 51
19 88 150
33 64 375
41 330 363
65 403 456
62 185 203
22 106 396
301 479 483
118 245 468
87 312 466
190 206 488
22 308 356
228 398 440
166 394 491
23 51 247
38 43 278
23 247 466
48 207 220
0 32 144
9 76 305
0 44 81
61 92 297
1 28 55
30 203 393
147 407 410
32 267 293
206 311 450
177 313 357
83 139 255
18 245 302
74 208 345
118 237 245
277 326 353
4 81 364
70 329 496
27 77 284
126 198 388
70 422 488
196 204 372
28 55 151
95 172 313
52 85 405
29 179 429
21 23 237
28 36 219
127 310 412
118 430 468
28 102 473
28 257 473
15 325 443
387 395 436
88 155 169
105 366 411
30 62 444
192 438 453
30 62 203
74 208 248
29 429 455
99 352 459
96 188 275
5 215 451
76 139 402
116 190 450
118 225 430
78 177 313
78 150 421
196 236 239
53 328 445
78 177 421
79 87 299
146 296 303
79 118 299
79 131 463
56 352 459
80 145 147
80 145 194
157 341 492
81 364 494
69 188 392
83 167 255
223 282 364
37 84 292
84 100 379
85 213 457
61 297 497
52 85 457
91 160 240
226 397 499
162 231 281
87 121 312
32 267 480
88 155 209
129 168 474
77 228 280
88 209 472
3 243 375
159 268 391
137 164 320
214 217 241
222 278 301
159 320 347
243 408 492
90 265 339
21 140 467
92 135 219
66 210 271
92 382 475
96 188 304
322 419 436
94 256 330
256 334 493
31 94 330
94 185 379
129 414 474
95 172 481
95 321 341
95 357 478
84 292 379
60 208 495
97 442 475
97 303 442
76 86 336
97 251 475
6 98 159
90 339 463
83 139 336
189 294 427
79 430 463
2 202 338
148 155 383
19 88 115
97 105 344
105 344 437
218 370 409
106 233 374
94 256 334
107 264 315
343 365 484
109 175 421
125 332 368
109 175 263
109 357 478
110 187 452
110 263 376
27 77 275
111 210 232
111 213 259
185 273 379
80 194 327
113 135 394
113 394 491
114 178 184
128 201 342
46 245 356
112 114 178
86 286 413
85 114 380
197 246 498
116 311 450
241 254 306
79 118 249
174 417 498
127 205 460
111 183 213
381 434 470
141 229 300
122 244 286
40 124 348
124 143 348
24 201 489
58 133 445
124 377 391
125 214 368
125 472 477
256 276 418
111 183 210
127 416 460
192 226 453
128 342 406
129 414 429
133 206 488
63 132 446
133 311 445
35 134 480
186 415 477
88 150 477
102 103 151
136 195 234
136 234 449
34 138 438
9 86 235
76 139 336
140 379 467
89 140 474
141 229 323
24 342 411
142 256 418
142 248 256
134 142 276
188 291 331
142 276 418
125 332 401
174 279 490
146 303 309
8 172 260
149 164 391
149 335 391
245 430 468
91 146 296
95 341 478
154 189 282
148 155 169
155 246 383
119 366 411
107 124 143
156 327 456
159 227 320
159 319 391
83 277 353
160 191 240
98 159 355
12 163 232
137 164 300
164 319 320
166 394 395
49 252 384
222 301 483
16 24 490
115 169 173
210 213 271
38 43 406
171 266 289
204 255 372
4 223 360
17 149 335
62 167 444
115 173 473
165 174 490
174 383 498
169 174 383
176 272 303
109 177 421
78 313 337
145 367 407
185 273 314
186 454 477
188 291 392
190 206 450
189 427 461
116 132 145
192 226 397
34 192 438
39 193 486
48 198 220
196 236 372
217 241 397
124 335 377
