22 245 302
303 426 462
222 318 483
326 353 384
82 446 470
34 192 453
26 53 471
222 278 483
354 371 426
295 399 443
17 67 229
227 312 355
118 237 468
79 225 430
121 168 312
117 218 248
225 430 468
9 76 402
96 304 398
205 310 351
202 398 440
116 132 450
2 12 440
278 344 437
38 222 318
251 475 497
251 297 497
53 441 471
381 426 462
13 120 260
1 61 152
8 120 260
88 472 477
172 313 481
95 313 357
78 109 177
102 151 447
38 222 359
68 153 187
15 162 281
17 158 229
158 295 443
164 319 391
164 335 391
159 227 347
217 241 254
90 258 348
319 320 347
23 51 466
20 373 404
138 308 339
237 245 468
396 448 469
341 420 428
157 390 492
10 205 351
243 390 492
31 185 203
365 408 492
365 404 408
270 408 492
18 100 404
414 429 474
87 121 168
386 414 429
129 168 247
185 334 379
62 203 314
256 330 418
41 276 363
370 386 485
74 99 345
182 345 459
99 345 459
117 248 256
104 307 346
134 142 389
326 353 393
76 83 402
277 336 353
171 286 413
171 266 286
269 324 392
27 284 331
310 385 464
236 305 372
64 71 375
285 287 465
193 283 362
33 64 285
33 285 465
3 239 316
63 221 311
39 70 486
190 206 288
133 311 450
156 317 327
190 194 327
190 288 317
116 190 194
101 200 253
183 210 232
16 489 490
38 318 359
43 278 437
201 342 406
201 295 489
16 24 489
105 411 437
24 411 489
342 406 411
97 251 366
354 426 479
97 303 426
215 431 451
439 458 470
381 426 434
301 354 371
301 354 479
63 160 446
82 296 446
272 303 309
91 160 191
146 296 446
405 439 470
160 191 441
191 240 431
5 146 309
5 91 146
39 193 423
39 423 431
58 70 329
193 329 362
362 387 436
166 176 491
272 303 442
303 309 462
382 442 475
303 442 475
176 382 491
61 135 297
92 113 135
113 135 491
135 394 491
250 387 436
13 120 465
8 120 465
47 172 481
95 313 481
47 321 481
109 177 313
1 28 36
109 150 421
150 415 477
102 257 473
150 175 421
19 150 477
19 88 169
28 36 257
36 257 337
1 55 152
1 61 219
55 152 476
97 105 366
55 119 151
115 173 447
173 174 279
16 103 279
165 197 417
103 151 447
115 173 174
174 383 417
383 417 498
165 197 490
155 246 401
295 399 401
214 332 368
125 214 332
19 88 477
75 226 453
7 397 499
75 211 226
211 214 217
195 241 254
214 254 368
7 217 499
214 217 254
195 234 306
7 217 241
195 254 306
45 234 306
15 45 325
45 73 325
15 158 325
17 57 158
195 241 315
17 136 349
162 234 449
17 231 281
162 281 449
15 57 158
136 281 449
15 231 281
17 136 281
67 229 323
149 164 335
17 67 149
54 137 300
40 124 377
40 143 348
107 136 349
124 349 377
7 241 315
195 264 315
356 430 468
90 131 258
79 225 249
79 131 258
159 268 347
207 220 227
98 121 355
159 227 355
121 312 355
48 168 312
126 179 388
126 179 220
48 168 198
168 247 466
87 121 299
118 249 299
118 225 249
79 249 299
118 225 468
21 237 467
23 118 237
22 46 245
245 302 433
270 373 404
106 448 469
20 404 448
22 46 356
79 131 430
34 438 453
107 192 265
25 34 438
153 187 452
93 157 420
93 106 374
20 106 448
93 420 428
270 404 408
50 343 365
83 167 444
139 204 255
139 204 242
76 83 353
242 372 402
76 336 353
9 305 402
30 353 393
83 353 444
50 167 255
62 273 314
30 203 444
30 353 444
31 94 185
62 203 444
185 314 379
273 314 379
273 292 379
62 123 273
123 273 292
37 123 292
18 404 448
343 365 404
100 302 433
21 140 379
185 203 314
140 334 379
21 51 140
51 89 140
29 179 427
386 414 485
117 218 493
74 218 409
74 218 248
99 370 409
29 370 455
182 345 352
74 99 409
117 256 493
94 290 493
31 256 330
252 326 393
252 330 393
276 330 418
35 134 389
154 364 494
56 182 352
56 182 294
56 189 294
294 378 427
189 282 495
223 358 361
154 461 494
0 32 435
81 161 400
60 358 495
161 361 400
44 298 494
44 81 161
0 44 298
307 346 480
35 144 161
252 276 330
49 252 363
252 276 363
49 363 384
59 244 413
59 108 277
59 277 413
171 180 266
32 435 487
122 171 180
0 298 435
180 289 487
274 324 432
289 298 425
230 274 286
230 269 274
324 392 432
69 392 432
69 101 253
69 101 188
69 188 291
269 274 324
27 188 275
111 183 232
12 232 440
200 210 271
2 12 163
232 304 398
96 228 398
232 398 440
216 262 284
77 262 284
27 275 284
9 86 305
216 235 261
236 305 464
77 262 280
310 340 464
305 385 464
305 372 402
3 196 239
3 196 243
10 71 351
239 340 464
239 316 340
316 340 351
329 333 496
10 71 369
199 369 460
2 11 65
310 340 351
14 310 412
127 338 412
202 228 398
190 317 327
116 190 206
11 212 416
11 212 424
322 350 419
58 422 488
58 133 311
160 328 441
63 160 328
26 445 471
116 206 450
58 133 422
133 206 450
132 145 194
116 132 194
405 446 470
145 405 446
145 147 407
85 213 259
145 405 407
85 259 380
178 380 410
80 410 456
327 403 456
12 170 232
111 170 232
183 213 259
111 170 259
111 183 259
66 213 271
52 405 457
112 114 224
85 112 114
184 367 407
184 224 367
367 405 407
53 441 445
434 458 470
434 439 458
426 439 479
424 488 496
288 424 488
423 431 451
378 427 459
322 419 496
406 411 437
163 403 410
341 390 420
129 388 429
179 388 429
21 379 467
379 433 467
370 429 455
370 386 429
332 368 399
356 430 463
138 356 396
22 356 396
157 390 420
319 347 391
268 347 391
333 419 496
278 344 483
301 344 483
97 344 426
341 428 478
265 339 348
86 336 413
329 333 436
329 362 436
212 322 424
199 322 369
321 341 390
318 479 483
58 311 471
311 445 471
309 381 462
138 308 356
308 339 348
254 306 368
298 435 487
289 298 487
298 457 494
251 297 366
233 374 428
82 296 381
294 378 459
267 293 346
42 293 346
290 414 485
290 414 482
290 370 485
154 282 364
14 280 412
173 279 447
174 279 417
277 353 384
176 272 382
272 382 442
40 268 377
267 346 480
93 374 428
175 263 357
263 357 478
216 261 284
261 284 331
253 425 457
66 253 271
252 326 384
250 287 465
250 350 419
250 287 350
250 333 419
89 247 474
247 429 474
129 247 429
245 356 468
243 365 484
349 377 391
237 245 433
237 433 467
236 239 464
14 262 310
233 428 478
50 255 365
233 263 376
233 263 478
230 269 291
54 229 300
268 377 391
77 228 284
223 358 495
209 332 472
220 320 347
220 227 347
218 370 493
66 213 253
212 416 460
199 212 460
63 221 446
211 226 499
211 217 499
186 211 454
183 210 213
209 332 399
208 352 495
208 345 352
142 208 248
110 376 469
204 255 365
204 365 484
196 204 243
203 330 393
31 203 330
290 370 493
201 342 411
200 210 232
199 212 322
197 295 489
73 399 443
285 287 350
32 144 480
73 158 443
72 368 399
96 275 284
18 22 448
122 244 346
37 50 84
70 471 486
205 369 460
60 361 389
69 269 392
45 73 130
106 376 469
68 150 415
157 270 492
5 272 309
89 247 466
283 362 387
64 71 350
64 243 390
33 64 238
181 219 394
65 156 288
44 364 494
61 135 394
61 219 394
19 257 473
24 119 151
60 142 208
60 142 389
80 178 410
59 104 108
41 134 480
102 151 257
33 238 465
55 119 366
54 137 320
54 220 320
26 53 445
52 114 224
52 224 367
50 62 123
37 50 123
19 169 473
107 124 349
48 207 227
4 360 364
48 126 220
48 126 198
47 238 390
50 84 343
48 227 312
84 100 433
9 76 86
130 306 368
81 360 364
85 114 457
230 261 286
32 180 487
43 222 278
29 99 459
41 307 480
1 36 181
60 358 361
266 286 432
153 186 211
77 202 228
43 406 437
274 286 432
41 134 142
41 142 276
39 193 329
59 104 244
107 136 264
156 288 317
201 411 489
335 349 391
36 172 181
125 211 454
170 380 410
213 253 457
45 130 306
86 235 286
25 34 396
68 153 186
110 187 263
40 258 348
148 169 383
403 410 456
3 71 351
161 361 389
15 162 234
2 11 440
322 424 496
100 343 404
132 145 446
80 327 456
322 350 369
84 100 343
23 168 466
277 336 413
27 188 331
43 201 406
6 40 258
25 110 469
14 262 280
84 292 433
426 434 439
36 177 337
197 489 490
204 243 484
344 371 426
8 181 260
8 47 172
25 396 469
223 360 361
133 422 488
52 367 405
180 289 425
197 295 401
64 243 375
235 261 286
92 475 497
230 261 331
69 425 432
246 383 498
34 138 192
163 327 403
2 65 163
5 240 431
127 338 416
3 316 351
11 202 416
47 321 390
4 223 282
292 379 433
125 454 477
8 172 181
50 62 167
40 107 124
79 98 258
127 205 310
90 131 430
5 272 451
39 70 329
298 425 457
5 91 191
246 417 498
191 441 486
6 98 268
166 283 395
64 285 350
43 128 201
102 115 473
16 165 279
12 163 410
71 350 369
58 70 471
184 224 407
58 329 488
102 115 447
200 253 271
32 180 293
19 109 150
55 366 476
13 283 387
243 365 492
176 272 451
65 288 424
13 260 394
156 163 327
5 191 240
1 181 219
154 189 461
82 381 470
17 335 349
72 73 399
35 144 480
86 262 385
204 242 372
19 78 109
202 338 416
6 40 268
3 71 375
23 87 118
8 238 465
7 192 397
18 22 100
68 186 415
19 78 257
16 165 490
0 144 161
11 65 424
297 366 476
140 474 482
5 215 431
24 103 151
69 253 425
24 366 411
7 192 315
25 110 438
15 17 231
13 394 395
20 93 106
308 356 463
107 192 315
41 363 384
141 164 300
13 250 465
197 246 401
68 150 175
21 23 51
266 425 432
143 265 348
22 100 302
301 479 483
61 152 476
166 394 491
22 396 448
115 169 473
29 427 459
93 157 373
29 99 370
48 207 220
181 260 394
185 290 334
0 32 144
1 28 55
16 24 103
30 203 393
24 119 366
32 267 293
31 94 493
83 139 255
44 81 364
36 177 313
165 279 417
192 265 339
74 208 345
318 439 479
77 202 338
31 256 493
126 198 388
250 333 436
196 204 372
28 55 151
29 179 429
21 23 237
15 45 234
69 269 291
127 310 412
8 47 238
197 246 417
88 155 169
105 366 411
74 208 248
11 202 440
72 130 368
133 288 488
29 429 455
13 283 395
68 175 263
96 188 275
441 471 486
129 168 388
5 215 451
155 209 399
96 228 284
128 222 359
77 280 412
196 236 239
104 108 307
80 178 407
91 146 160
80 145 147
80 145 194
140 290 334
112 178 407
81 361 400
81 360 361
200 232 304
83 242 402
83 139 242
83 167 255
23 87 168
37 84 292
85 112 178
92 113 491
414 474 482
85 178 380
329 488 496
85 213 457
86 216 235
86 216 262
125 332 472
168 198 388
86 305 385
103 279 447
87 118 299
226 397 499
32 267 480
88 155 209
88 209 472
3 243 375
153 452 453
223 282 495
137 164 320
51 89 466
13 250 387
90 430 463
328 441 445
92 382 475
96 188 304
20 93 373
95 321 341
95 357 478
60 208 495
141 164 323
52 114 457
157 270 373
90 308 348
76 86 336
97 251 475
90 308 463
39 431 486
6 98 258
98 121 299
189 294 427
79 98 299
182 294 459
148 155 383
301 344 371
97 105 344
105 344 437
218 370 409
106 233 374
12 170 410
61 297 476
135 297 497
107 264 315
108 307 384
109 175 421
110 187 452
110 263 376
110 452 453
73 158 325
110 438 453
146 309 381
77 338 412
80 194 327
112 224 407
75 153 453
46 245 356
86 286 413
115 169 174
193 283 451
4 282 364
127 205 460
381 434 470
141 229 300
104 244 346
42 122 346
94 185 290
125 211 214
125 472 477
64 238 390
127 416 460
192 226 453
132 221 311
132 311 450
132 221 446
133 206 288
35 134 480
109 175 313
92 135 497
186 415 477
136 195 234
136 234 449
136 195 264
138 192 339
140 290 482
89 140 474
141 229 323
142 256 418
142 248 256
107 143 265
68 187 263
175 313 357
142 276 418
40 107 143
146 160 446
106 233 376
34 138 396
262 310 385
146 296 381
67 149 323
28 151 257
42 122 180
193 423 451
95 341 478
75 153 211
0 44 161
154 189 282
148 155 169
155 246 383
155 399 401
95 321 481
65 156 163
35 161 389
98 159 355
80 147 407
42 180 293
41 307 384
137 164 300
164 319 320
10 205 369
149 164 323
311 328 445
166 394 395
49 252 384
98 159 268
101 188 200
210 213 271
170 259 380
36 172 313
122 171 244
4 223 360
17 149 335
72 73 130
62 167 444
63 311 328
171 244 413
166 176 283
169 174 383
176 283 451
177 257 337
78 177 257
180 266 425
97 303 475
108 277 384
186 454 477
188 200 304
188 230 331
188 230 291
43 128 222
189 352 495
56 189 352
189 427 461
92 382 491
191 431 486
192 226 397
15 17 57
196 236 372
