23 51 237
20 157 373
222 318 483
266 289 425
82 446 470
1 55 151
10 205 460
68 75 153
197 246 295
26 53 471
130 254 306
354 371 426
295 399 443
17 67 229
227 312 355
29 179 455
268 319 347
17 57 231
79 225 430
14 77 338
9 76 402
262 280 385
2 127 440
202 398 440
65 156 403
127 205 416
2 12 440
5 215 309
38 222 318
251 475 497
78 109 150
322 333 419
53 441 471
176 272 442
13 120 260
148 246 383
113 382 491
1 61 152
8 120 260
172 181 260
172 313 481
95 313 357
19 115 169
78 109 177
102 447 473
103 119 151
155 209 472
125 454 472
68 153 187
233 376 428
186 415 454
15 162 281
107 265 348
192 264 315
6 268 348
158 295 443
226 453 499
164 319 391
159 227 347
67 141 323
268 319 391
90 258 348
131 430 463
89 129 247
23 51 466
237 245 468
110 438 469
396 438 469
204 255 484
157 390 492
37 84 343
10 205 351
31 185 203
196 243 484
365 408 492
270 408 492
18 100 404
129 168 247
256 330 418
74 99 345
370 386 455
99 345 459
81 360 400
104 307 346
134 142 389
76 83 402
277 336 353
86 235 305
32 42 293
171 266 286
27 284 331
285 287 369
236 242 372
236 305 372
196 204 484
64 71 375
285 287 465
193 283 362
33 64 285
33 285 465
63 221 311
333 419 436
39 70 486
212 322 416
156 317 327
202 228 338
147 178 410
101 200 253
80 147 410
38 318 359
201 342 406
201 295 489
201 342 489
278 344 371
97 251 366
97 251 303
215 431 451
301 354 371
301 354 479
63 160 446
82 296 446
146 309 462
146 296 462
405 439 470
215 240 431
160 191 441
191 240 431
5 146 309
5 91 146
5 91 215
193 283 423
58 70 329
362 387 436
166 176 272
283 395 451
166 395 451
166 395 491
166 176 491
166 272 451
272 303 442
382 442 475
135 219 394
92 113 135
250 387 436
13 287 465
13 120 465
8 120 465
95 313 481
95 341 428
47 321 481
175 357 421
95 357 428
109 357 421
172 181 313
1 28 36
109 150 421
150 175 415
150 415 477
19 78 150
102 257 473
150 175 421
19 88 169
28 102 257
78 257 473
28 36 257
36 257 337
1 55 152
55 152 476
97 105 366
55 119 151
115 447 473
148 174 383
115 173 447
173 174 279
165 197 417
103 151 447
165 279 490
165 174 417
165 174 279
115 173 174
88 148 169
115 148 174
115 148 169
88 155 472
246 295 401
165 197 490
155 246 401
125 209 332
295 399 401
125 209 472
148 155 246
88 148 155
415 454 477
211 217 226
7 397 499
186 211 415
75 211 226
211 214 217
214 254 368
7 217 499
217 226 499
107 143 348
397 453 499
195 234 306
7 217 241
45 234 306
130 254 368
73 325 443
195 234 449
162 281 449
15 57 158
15 57 231
136 281 449
15 231 281
149 335 349
67 229 323
54 229 323
54 300 323
141 300 323
335 349 377
17 67 149
54 137 300
6 98 355
40 124 377
40 268 348
40 143 348
107 195 264
40 124 143
136 195 449
7 315 397
356 430 468
90 131 258
6 258 348
79 225 249
90 131 463
159 268 347
98 121 355
159 227 355
121 312 355
126 179 388
126 179 220
89 129 474
168 247 466
23 118 299
21 51 237
87 121 299
118 249 299
23 87 299
118 225 249
46 245 468
21 237 467
22 46 245
46 356 468
79 131 430
22 138 396
138 265 339
192 315 397
34 438 453
25 396 438
25 138 396
263 376 428
187 263 452
68 175 187
175 187 263
263 428 478
357 428 478
93 233 374
93 157 420
110 376 452
263 376 452
20 106 448
18 100 302
204 236 242
139 242 402
242 372 402
9 305 402
83 139 402
83 353 444
50 167 255
139 167 255
62 273 314
30 203 444
134 276 418
31 94 185
62 203 444
273 314 379
273 292 379
62 123 273
123 273 292
37 123 292
37 292 379
84 100 404
21 433 467
51 247 466
140 334 379
21 51 140
51 89 247
129 429 474
129 179 429
129 179 388
29 179 427
414 474 485
29 370 455
182 378 459
74 99 409
94 290 493
31 330 393
248 256 418
31 256 330
252 330 393
276 330 418
35 134 389
74 142 345
154 364 494
142 208 389
56 182 352
134 142 418
142 208 345
60 208 345
56 182 294
56 189 294
358 361 389
60 208 389
223 358 361
189 282 461
35 361 389
154 461 494
81 161 400
154 223 364
60 358 389
223 282 358
60 358 495
44 298 494
0 44 298
307 346 480
35 144 161
49 326 384
49 252 363
49 363 384
41 134 276
42 104 244
42 122 244
59 108 277
59 277 413
122 171 180
42 104 346
0 298 435
32 42 487
180 289 487
289 435 487
274 324 432
86 235 413
230 274 286
274 425 432
324 392 432
69 392 432
69 101 253
101 188 304
69 291 392
269 291 392
96 275 304
101 200 304
12 232 440
2 12 163
127 338 440
216 262 284
77 262 284
27 275 284
216 284 331
9 86 305
14 77 280
77 262 280
235 305 385
305 372 402
196 236 464
196 204 236
3 196 243
239 340 464
239 316 340
127 205 412
316 340 351
10 369 460
329 333 496
10 71 369
287 350 369
250 419 436
199 322 350
205 416 460
2 127 416
310 340 351
14 338 412
14 310 412
77 228 338
127 338 412
202 228 398
202 338 440
2 65 403
156 327 403
116 190 206
11 212 416
11 212 424
322 333 496
322 350 419
58 70 486
58 311 445
58 471 486
26 328 445
160 328 441
26 53 328
53 328 441
63 160 328
58 445 471
26 445 471
80 194 456
116 206 450
133 206 450
147 178 407
145 147 194
132 145 194
116 132 194
405 446 470
178 184 407
145 405 446
145 147 407
85 213 259
85 259 380
80 147 194
163 410 456
80 410 456
327 403 456
163 403 456
2 163 403
12 170 232
111 170 232
111 170 259
52 213 457
183 210 271
111 183 259
66 213 271
52 405 457
85 112 380
85 112 114
184 367 407
184 224 367
290 482 493
176 442 491
382 442 491
434 439 479
434 439 458
289 425 435
424 488 496
288 424 488
283 423 451
423 431 451
133 422 450
370 409 485
99 409 459
370 409 459
341 390 420
386 429 474
233 376 469
370 386 414
370 414 485
332 368 399
4 361 364
223 361 364
356 430 463
354 381 434
345 352 459
157 390 420
310 351 412
199 350 460
60 345 495
345 352 495
97 344 426
340 385 464
265 339 348
86 336 413
329 333 436
329 362 436
58 329 422
199 322 460
212 322 424
321 341 390
318 479 483
288 317 488
190 317 456
317 327 456
185 314 334
314 334 379
308 339 348
304 398 440
302 433 467
298 457 494
297 366 497
296 381 434
82 296 434
296 426 462
296 381 426
267 293 346
42 293 346
280 340 385
311 422 450
14 280 310
173 279 447
270 373 448
40 268 377
6 268 355
267 346 480
192 264 265
175 263 357
263 357 478
248 256 409
482 485 493
50 255 343
272 309 462
255 343 484
66 253 271
251 442 475
250 350 419
250 287 350
74 248 409
243 365 484
205 351 412
139 242 255
204 242 255
251 303 442
237 302 467
236 385 464
236 305 385
216 235 331
235 261 331
93 233 420
233 341 428
233 341 420
230 324 392
230 269 291
268 377 391
228 304 398
96 228 304
77 228 284
226 452 453
183 259 271
232 304 440
154 223 461
223 282 461
222 371 483
222 278 371
181 219 313
61 219 297
135 219 297
159 268 355
215 272 309
214 241 254
66 213 253
200 210 253
209 332 399
207 227 347
207 319 320
207 319 347
110 376 469
409 485 493
43 201 278
200 210 232
126 198 220
197 295 489
92 113 475
73 399 443
15 73 162
72 368 399
96 275 284
18 22 448
70 193 362
298 425 435
69 253 457
157 270 492
67 149 164
67 141 164
23 237 468
65 156 424
283 362 387
33 64 238
62 185 314
181 219 394
44 364 494
29 182 294
116 190 456
171 235 286
61 219 313
216 235 262
70 193 423
3 71 239
59 122 413
59 122 244
59 104 108
136 149 281
57 158 229
2 65 416
84 343 365
218 256 409
29 370 459
45 234 449
55 119 366
54 137 320
54 220 320
17 57 229
41 276 330
51 89 482
61 366 476
50 62 123
49 252 393
48 207 227
4 360 364
237 245 302
107 264 265
48 87 312
47 238 390
84 270 408
48 227 312
22 46 339
9 76 86
81 360 364
45 72 130
230 261 286
191 423 431
43 344 437
25 138 438
172 260 481
43 406 437
51 140 482
15 158 443
59 104 244
156 288 317
38 222 278
97 426 462
107 349 377
35 161 400
34 192 397
108 326 384
170 380 410
213 259 271
213 253 457
45 130 306
109 177 357
195 241 306
75 187 452
19 78 115
106 233 469
326 353 444
8 33 465
13 250 287
322 424 496
132 145 446
3 196 464
10 316 351
37 379 433
128 201 278
23 168 466
277 336 413
45 72 73
27 188 331
43 201 406
70 329 362
112 224 367
191 215 240
36 177 337
75 226 452
197 489 490
138 192 265
210 253 271
22 106 469
344 371 426
22 138 339
74 142 418
84 100 302
64 390 492
0 32 487
8 47 481
112 178 184
15 73 325
133 422 488
52 367 405
18 270 448
64 243 375
235 261 286
92 475 497
230 261 331
69 101 291
31 117 256
8 260 481
69 425 432
246 383 498
34 138 192
4 360 400
117 218 256
20 157 374
7 264 315
4 361 400
7 195 264
105 406 411
47 321 390
31 203 393
179 386 429
50 62 167
44 267 480
149 377 391
43 278 344
116 132 221
116 221 311
29 182 378
298 425 457
27 188 304
149 335 377
246 417 498
3 239 464
191 441 486
37 123 343
103 279 490
1 151 447
64 71 369
1 28 102
63 132 221
11 65 416
31 117 493
78 115 473
12 163 410
171 180 289
101 188 291
83 336 353
55 366 476
24 342 489
207 220 320
13 283 387
243 365 492
13 260 394
272 303 462
72 73 399
35 144 480
0 435 487
16 103 490
3 71 375
1 102 447
125 186 454
61 297 366
24 103 119
7 195 241
8 33 238
75 153 187
252 330 363
145 367 405
11 65 424
10 71 239
20 373 448
24 366 411
251 366 497
18 22 245
22 106 448
230 274 324
329 422 488
13 394 395
108 277 326
84 270 404
50 123 343
308 356 463
20 106 374
41 363 384
141 164 300
45 162 449
1 36 61
68 75 175
24 489 490
37 84 433
19 88 150
79 98 249
24 342 406
41 330 363
62 185 203
301 479 483
190 206 488
61 152 476
22 396 469
48 207 220
45 73 162
181 260 394
185 290 334
64 243 492
23 118 468
16 24 103
30 203 393
24 119 366
32 267 293
10 239 316
64 285 369
177 313 357
31 94 493
44 81 364
39 70 423
36 177 313
89 482 485
18 245 302
318 439 479
34 397 453
277 326 353
112 114 367
126 198 388
93 157 374
280 310 340
266 274 425
118 430 468
8 47 238
128 278 359
15 325 443
197 246 417
105 366 411
386 414 474
30 326 393
18 270 404
30 326 444
72 130 368
13 283 395
266 274 286
441 471 486
75 175 211
129 168 388
46 308 339
155 209 399
96 228 284
35 361 400
179 386 455
118 225 430
104 108 307
122 171 235
21 140 433
354 381 426
140 290 334
81 144 161
44 81 480
81 144 480
82 434 458
82 439 470
200 232 304
82 439 458
76 83 336
23 87 168
230 269 392
107 124 377
329 488 496
168 198 388
103 279 447
235 262 385
87 168 198
36 61 313
87 121 312
88 454 472
88 454 477
3 243 375
301 371 483
39 191 423
38 278 359
137 164 320
214 217 241
89 474 485
13 250 387
69 425 457
136 195 349
0 32 267
95 321 341
52 114 367
49 326 393
0 44 267
157 270 373
97 303 462
90 308 348
76 86 336
79 98 131
90 308 463
215 272 451
98 131 258
27 275 304
98 249 299
6 98 258
98 121 299
189 294 427
117 218 409
97 105 344
105 344 437
74 248 418
105 406 437
106 233 374
12 170 410
175 211 415
135 297 497
160 296 446
343 365 484
108 307 384
125 332 368
110 452 453
110 438 453
111 210 232
112 184 224
112 178 410
112 380 410
42 180 487
113 135 394
113 394 395
113 395 491
113 382 475
52 114 213
125 186 211
107 195 349
116 311 450
241 254 306
116 194 456
117 409 493
174 417 498
190 317 488
58 311 422
94 185 290
125 211 214
125 214 368
111 183 210
182 352 459
64 238 390
133 206 488
63 132 446
41 134 307
35 134 480
134 307 480
92 135 497
88 150 477
136 149 349
34 138 438
139 167 444
354 434 479
83 139 444
140 290 482
46 308 356
48 87 198
84 365 408
140 379 433
29 294 427
39 191 486
322 416 460
149 231 281
17 149 231
149 164 391
189 282 358
91 146 296
42 122 180
155 399 401
95 321 481
107 124 143
156 288 424
24 406 411
41 307 384
137 164 300
164 319 320
311 328 445
16 24 490
170 259 380
171 266 289
350 369 460
62 167 444
63 311 328
29 378 459
174 383 498
177 257 337
78 177 257
145 367 407
122 235 413
84 302 433
85 114 213
188 230 331
188 230 291
189 352 495
56 189 352
189 358 495
189 427 461
91 191 215
160 191 296
91 191 296
48 198 220
