22 245 302
20 157 373
303 426 462
266 289 425
1 55 151
10 205 460
68 75 153
197 246 295
26 53 471
245 433 467
130 254 306
354 371 426
295 399 443
17 67 229
118 237 468
29 179 455
17 57 231
42 267 293
225 430 468
14 77 338
9 76 402
288 424 496
2 127 440
202 398 440
11 65 156
65 156 403
127 205 416
2 12 440
251 475 497
222 278 359
16 24 119
91 160 446
53 441 471
13 120 260
148 246 383
1 61 152
8 120 260
92 297 497
88 472 477
95 313 357
36 313 337
102 151 447
38 222 359
295 489 490
103 173 279
155 209 472
68 153 187
125 214 454
158 295 443
226 453 499
164 319 391
164 335 391
335 377 391
217 241 254
90 258 348
308 339 463
319 320 347
21 379 433
396 448 469
37 84 343
157 373 492
10 205 351
243 390 492
270 408 492
18 100 404
290 334 482
137 220 320
129 168 247
370 409 493
256 330 418
370 386 485
74 99 345
370 386 455
99 345 459
81 360 400
326 353 393
76 83 402
171 266 286
269 324 392
285 287 369
199 416 460
236 242 372
310 385 464
196 204 484
64 71 375
285 287 465
3 33 64
193 283 362
33 64 285
33 285 465
283 423 431
63 221 311
250 287 419
39 70 486
190 206 288
212 322 416
132 221 450
156 317 327
206 288 488
116 190 194
66 213 457
202 228 338
101 200 253
38 318 359
201 342 406
128 201 406
43 128 406
201 295 489
24 119 411
342 406 411
278 344 371
97 344 371
97 251 366
354 426 479
82 458 470
439 458 470
381 426 434
318 439 483
301 354 479
146 296 446
405 439 470
215 240 431
160 191 441
5 146 309
91 215 240
5 91 215
193 283 423
333 362 436
39 423 431
362 387 436
166 176 272
283 395 451
166 395 451
166 176 491
166 272 451
303 309 462
382 442 475
135 219 394
8 47 260
92 113 135
250 387 436
13 120 465
8 120 465
95 341 428
8 47 465
321 341 481
109 313 357
95 341 481
109 177 313
177 313 337
1 28 36
109 150 421
150 415 477
102 257 473
150 175 421
36 257 337
1 55 152
1 61 219
55 152 476
119 366 476
55 119 476
97 105 366
55 119 151
173 174 279
16 103 279
103 151 447
103 173 447
197 295 490
165 174 417
165 174 279
88 148 169
19 115 473
115 148 169
246 295 401
125 209 332
295 399 401
125 209 472
148 155 246
75 211 415
75 153 452
186 211 415
75 211 226
195 241 254
7 217 499
217 226 499
397 453 499
195 234 306
7 217 241
195 254 306
45 234 306
130 254 368
158 325 443
45 162 234
162 234 449
136 281 449
67 229 323
137 164 319
149 164 335
335 349 377
17 67 149
54 137 300
6 98 355
40 124 377
107 136 349
7 241 315
265 339 463
356 430 468
6 258 348
159 268 347
137 319 320
54 137 220
159 227 355
126 179 388
126 179 220
48 168 198
87 168 466
168 247 466
23 118 299
87 121 299
118 249 299
21 237 467
23 118 237
22 46 245
245 302 433
18 396 448
106 448 469
18 22 396
308 430 463
22 138 396
138 265 339
192 315 397
25 34 138
25 138 396
263 376 428
153 187 452
68 75 415
68 175 187
175 187 263
263 428 478
93 233 374
93 157 420
110 233 376
93 106 374
20 106 448
157 341 420
270 373 492
83 167 444
204 236 242
242 372 402
9 305 402
30 353 393
50 167 255
62 273 314
30 203 444
134 276 418
273 292 379
123 273 292
37 123 292
18 404 448
37 84 100
100 302 433
21 140 379
21 433 467
140 334 482
140 334 379
51 89 247
129 179 388
29 179 427
386 429 455
29 370 455
182 378 459
142 248 418
117 256 493
248 256 418
31 256 330
35 134 389
154 364 494
60 345 352
134 142 418
60 208 345
56 182 294
182 294 378
56 189 294
294 378 427
60 352 495
60 208 389
223 358 361
154 461 494
0 32 435
81 161 400
223 282 358
60 358 495
161 361 400
360 361 400
4 360 361
44 81 494
44 298 494
0 44 298
0 32 293
42 346 480
0 267 293
307 346 480
35 144 161
49 252 363
41 134 276
42 267 480
104 108 384
42 122 244
230 235 261
59 244 413
59 108 277
171 180 266
32 435 487
0 298 435
180 289 487
274 324 432
180 266 289
289 298 425
86 235 413
269 291 331
230 269 274
274 425 432
324 392 432
69 253 432
69 392 432
69 101 253
69 101 188
188 275 304
69 291 392
69 188 291
230 261 269
269 291 392
269 274 324
27 188 275
77 96 275
127 338 440
216 262 284
77 96 228
261 269 331
216 262 385
14 77 280
310 340 464
196 236 464
196 204 236
3 196 239
3 33 238
10 71 351
3 64 375
239 340 464
196 239 464
71 316 351
239 316 340
316 340 351
329 333 496
10 71 369
287 350 369
250 419 436
288 488 496
199 350 369
287 350 419
199 322 350
205 416 460
2 11 65
2 127 416
310 340 351
14 338 412
14 310 412
77 228 338
127 338 412
202 338 440
2 11 416
156 327 403
11 212 416
11 212 424
199 322 416
322 333 496
212 424 496
322 350 419
212 322 496
70 193 329
58 70 486
58 422 488
221 311 450
58 133 311
58 471 486
63 328 445
160 328 441
63 160 328
58 445 471
26 445 471
58 133 422
405 446 470
178 184 407
145 405 446
112 178 224
145 147 407
145 405 407
80 410 456
327 403 456
111 170 232
12 170 259
111 170 259
111 183 259
200 210 304
210 232 304
66 213 271
425 432 457
52 405 457
85 112 380
112 114 224
178 184 224
85 112 114
184 367 407
184 224 367
367 405 407
237 467 468
53 441 445
434 439 458
414 429 485
386 429 485
426 439 479
378 427 459
197 417 490
165 417 490
163 403 410
373 404 448
270 373 408
373 404 408
366 476 497
4 361 364
223 361 364
345 352 459
310 351 412
265 348 463
90 348 463
319 347 391
268 347 391
233 341 376
290 334 493
322 333 436
321 341 390
7 315 499
272 309 442
308 356 430
304 398 440
303 371 426
23 299 466
298 435 487
289 298 487
298 457 494
82 296 470
296 381 434
82 296 434
296 426 462
296 381 426
296 309 462
104 346 384
100 292 433
290 414 485
290 414 482
290 370 485
154 282 364
136 281 349
14 280 310
77 280 284
278 354 371
277 326 384
96 275 398
275 304 398
176 272 382
272 382 442
40 268 377
6 268 355
192 265 315
175 263 357
263 357 478
262 280 310
163 259 410
248 256 409
281 335 349
296 446 470
303 309 442
50 255 343
66 253 271
252 276 418
252 330 418
250 287 465
118 249 468
79 249 463
74 248 409
74 248 345
89 247 474
129 247 474
245 356 468
42 244 346
243 408 484
139 242 255
204 242 255
241 264 315
195 241 264
191 240 486
3 239 375
3 238 243
238 243 390
236 372 402
236 385 464
236 305 385
216 235 331
235 261 331
235 274 286
110 233 469
93 233 420
233 341 420
162 231 449
231 281 449
229 300 323
54 229 300
268 377 391
207 227 388
226 452 453
183 259 271
225 430 463
232 304 440
220 320 347
159 268 355
365 408 484
215 283 431
215 283 451
211 214 226
85 213 380
211 214 454
186 211 454
341 390 492
209 332 399
209 246 401
155 209 246
208 248 345
142 208 248
133 206 311
204 255 365
204 365 484
31 203 330
203 252 393
203 252 330
290 370 493
123 273 343
74 99 370
15 73 162
80 407 410
63 145 160
72 332 368
72 73 325
72 325 399
60 361 389
58 70 488
45 73 130
126 220 227
68 150 415
67 300 323
67 149 164
67 141 164
325 399 443
5 272 309
283 362 387
245 467 468
62 185 314
181 219 394
61 476 497
115 383 447
171 235 286
19 257 473
70 193 423
59 277 336
59 104 108
59 86 413
341 376 428
57 158 325
33 238 465
57 158 229
218 256 409
178 407 410
17 57 229
83 277 336
63 132 145
26 53 445
52 114 224
52 224 367
49 252 393
259 380 410
48 87 312
48 87 168
47 238 390
315 397 499
22 46 339
307 346 384
9 76 86
127 351 412
88 115 169
56 182 459
61 92 219
85 114 457
116 145 450
43 344 437
29 99 459
1 36 181
60 358 361
214 217 368
41 252 363
207 312 388
43 406 437
81 267 480
41 307 326
70 488 496
66 432 457
59 104 244
107 136 264
38 222 483
190 194 317
107 349 377
36 172 181
30 83 444
34 192 397
213 259 271
45 130 306
41 326 363
132 145 450
190 317 424
262 280 284
439 479 483
66 253 432
110 187 263
32 122 171
106 233 469
403 410 456
161 361 389
2 12 65
15 57 162
48 198 388
80 327 456
84 100 343
16 119 151
25 438 453
10 199 369
27 188 331
159 220 227
9 86 385
25 110 469
11 317 424
426 434 439
10 199 460
75 226 452
9 305 385
138 192 265
90 258 463
22 138 339
19 78 177
25 396 469
15 73 325
100 365 408
133 422 488
52 367 405
47 238 465
50 273 343
92 475 497
185 203 444
246 383 498
307 326 384
34 138 192
134 208 389
117 218 256
209 399 401
59 86 336
172 321 481
105 406 411
47 321 390
292 379 433
125 454 477
65 163 403
62 185 444
5 215 272
50 62 167
3 196 484
58 63 311
43 278 344
109 150 177
298 425 457
246 417 498
191 441 486
4 81 360
37 123 343
64 71 369
1 28 102
116 145 194
63 132 221
28 36 102
102 115 473
16 165 279
230 235 274
102 115 447
200 253 271
32 122 293
13 283 387
13 260 394
183 200 210
1 181 219
154 189 461
30 83 353
11 156 317
35 144 480
6 40 268
5 146 446
207 227 355
18 22 100
240 431 486
19 78 257
171 180 487
94 334 379
16 103 151
16 165 490
24 201 342
140 474 482
38 318 483
49 326 363
74 370 409
20 373 448
21 89 474
251 366 497
94 334 493
67 141 300
25 110 438
71 239 375
13 394 395
255 343 365
96 202 398
126 227 388
20 93 106
6 40 348
47 181 260
12 65 163
141 164 300
13 250 465
24 489 490
5 91 446
68 150 175
21 23 51
21 51 89
19 88 150
21 140 474
79 98 249
173 383 447
143 265 348
22 100 302
145 160 446
301 479 483
58 63 445
61 152 476
166 394 491
23 51 247
29 427 459
57 162 231
23 247 466
29 99 370
45 73 162
181 260 394
0 44 81
3 243 484
61 92 297
30 203 393
206 311 450
64 285 369
190 288 424
31 94 493
83 139 255
39 70 423
25 34 453
48 312 388
34 397 453
71 239 316
31 256 493
277 326 353
27 216 284
4 81 364
94 185 203
70 329 496
27 77 284
213 259 380
95 172 313
225 249 463
21 23 237
266 274 425
115 148 383
128 278 359
197 246 417
27 216 331
105 366 411
72 130 368
13 283 395
266 274 286
41 252 276
441 471 486
129 168 388
46 308 339
116 190 450
107 265 315
225 249 468
12 170 440
79 131 463
56 352 459
80 145 147
80 145 194
80 194 317
80 317 327
157 341 492
81 144 161
0 81 267
81 364 494
81 144 480
82 434 458
83 242 402
83 139 242
83 167 255
223 282 364
76 83 336
107 124 377
92 113 491
414 474 482
193 329 333
85 213 457
61 297 497
86 216 235
217 254 368
86 216 385
168 198 388
91 160 240
72 332 399
87 121 312
13 250 387
243 408 492
328 441 445
92 176 491
92 176 382
92 135 219
92 382 475
236 305 402
322 419 436
31 94 203
94 185 379
129 414 474
20 93 157
95 172 481
95 357 478
95 428 478
49 326 393
96 202 228
109 175 357
52 114 457
97 442 475
97 303 442
76 86 336
97 251 475
79 98 131
215 272 451
98 131 258
98 207 312
39 431 486
98 249 299
183 200 271
6 98 258
98 121 299
189 294 427
127 205 351
98 121 312
37 100 292
100 343 365
117 218 409
100 404 408
19 88 115
97 105 344
105 344 437
105 406 437
106 233 374
131 258 463
107 264 315
109 175 421
125 332 368
110 187 452
110 263 376
27 77 275
110 452 453
171 235 413
110 438 453
111 210 232
112 178 410
185 273 379
112 380 410
113 135 394
98 207 355
113 394 491
36 102 257
46 245 356
87 299 466
117 409 493
174 417 498
32 171 487
222 278 354
42 122 293
104 244 346
40 124 348
124 143 348
24 201 489
125 214 368
125 472 477
111 183 210
15 57 325
43 128 278
129 414 429
129 179 455
133 206 488
129 429 455
134 142 208
41 134 307
35 134 480
134 307 480
186 415 477
88 150 477
136 195 234
136 234 449
136 195 264
46 308 356
222 301 354
24 342 411
107 143 265
188 291 331
149 281 335
262 310 385
149 231 281
148 155 472
88 148 472
146 296 309
17 149 231
189 282 358
154 189 282
119 366 411
107 124 143
159 220 347
83 277 353
160 191 240
35 161 389
80 147 407
12 163 259
137 164 300
166 394 395
222 301 483
16 24 490
101 188 200
36 172 313
170 232 440
122 171 244
72 73 130
62 167 444
173 174 383
171 244 413
1 102 151
50 62 273
174 383 498
177 257 337
78 177 257
172 181 321
97 303 371
193 333 362
47 181 321
108 277 384
185 273 314
186 454 477
214 217 226
188 200 304
189 352 495
56 189 352
189 358 495
190 206 450
189 427 461
19 150 177
