1563.17 737.071
-252.239 -1465.43
-1499.74 -1380.5
-888.1 -1274.27
1419.41 -1223.22
-760.444 -126.055
-529.324 -1317.44
-745.729 1289.82
1222.04 1340.9
-1681.39 -1244.82
1044.69 1955.07
702.893 -1389.14
-1567.49 -285.18
-1530.71 -1416.57
1188.33 -1679.91
-1466.5 751.505
1057.16 281.263
1286.08 1557.42
900.763 -1602.02
-1716.84 320.172
-825.239 -477.288
-1805.88 645.437
205.267 -551.611
-64.7393 -572.694
-1210.71 253.866
182.485 1833.97
208.935 -1114.62
-1555.16 641.447
600.198 -1085.88
1224.88 -211.472
-765.785 1758.38
-1459.97 -1708.62
39.6419 1826.11
1848.8 -1059.59
-1775.91 -1868.04
1260.58 -601.15
-345.329 1454.7
-1955.71 1859.94
-1096.92 -20.4518
-712.757 -307.63
-1766.59 1469.73
-473.66 442.35
-1644.89 -28.8239
-916.204 955.304
885.297 -1691.33
-1256.17 -1880.49
-1932.95 -716.134
-1589.11 106.696
-890.022 -1740.3
1047.1 -665.933
-1608.34 307.678
732.917 46.3264
-237.626 777.205
-93.7359 665.458
-1243.25 1193.51
-1642.17 -1009.83
663.236 -115.832
1432.52 1018.34
1855.34 -1483.69
-26.354 740.641
-1175.01 717.478
860.154 -1107.96
-1998.66 1271.05
998.737 -888.678
1530.74 45.8378
445.389 1922.4
-1646.48 -821.694
-31.2762 115.89
1955.51 1874.99
-1218.65 -1287.74
1068.5 -860.825
-297.568 -268.269
1023.34 -865.051
-1249.93 878.686
-348.738 723.719
-380.672 476.25
-558.803 -1520.52
1368.29 -557.458
1750.53 367.029
553.863 1281.27
-1587.13 -1000.75
1203.67 -1233.62
177.559 -827.61
882.272 133.07
-952.622 1663.62
845.334 -1884.13
-1197.21 -1452.23
-152.396 1826.14
-317.286 597.678
704.823 1333.98
-678.603 -1675.85
-189.773 762.594
-1196.37 -821.481
-1794.86 -1445.84
1545.55 758.999
1835.43 1958.41
1758.25 1039.09
-1275.2 -64.19
-1788.52 1607.07
-1931.12 -741.138
1270.69 914.214
-625.264 -1926.52
1461.98 1222.34
1899.62 -855.307
-179.982 604.443
-1521.33 1141.41
928.594 288.897
-95.9915 1732.23
1467.42 109.144
-1713.62 1012.96
-1131.86 -1878.19
971.376 -1373.61
1160.91 1696.17
562.205 1372.39
1303.24 631.084
-1368.75 573.93
-454.702 5.98871
647.413 -992.723
-771.671 547.033
151.971 1048.35
-848.523 630.641
189.761 -1919.93
-1080.46 -1906.23
1812.3 -1613.05
202.914 -1901.32
1399.92 1071.06
-1779.51 371.292
1697.45 1381.4
67.4652 259.656
753.789 -629.293
-1109.26 1385.04
1944.64 436.039
-608.97 592.051
1443.32 619.359
-860.916 -404.714
-332.294 290.561
-1774.07 1857.47
370.631 -854.536
1951.24 182.927
-467.583 154.152
281.607 -1067.67
-774.791 502.1
1303.63 -1077.34
-116.502 -628.909
1182.32 -1362.71
741.798 -1926.94
-1977.67 686.435
509.096 -586.641
-721.514 -47.5887
-1967.28 417.57
