139 194 207
37 66 73
8 112 138
8 112 137
116 158 205
77 92 124
35 55 156
8 138 219
96 115 133
98 128 199
28 52 98
26 67 86
123 196 203
39 132 153
26 38 203
22 59 233
71 110 233
39 158 205
45 105 176
50 65 104
168 180 246
90 168 180
32 43 180
4 22 75
116 125 158
64 107 173
68 187 245
43 93 157
43 88 157
80 122 185
85 147 237
11 83 112
44 131 189
10 59 211
19 61 111
14 151 184
141 154 238
149 175 228
72 103 149
66 149 175
37 63 96
6 120 150
63 96 218
114 115 133
96 134 218
77 144 162
6 77 92
81 163 215
87 190 192
77 124 144
42 87 188
26 196 203
190 192 220
56 74 202
100 155 227
94 115 206
62 104 160
53 152 203
47 69 161
23 152 164
42 76 181
62 65 104
167 197 231
20 62 65
10 48 211
110 142 233
30 125 236
27 142 236
75 142 233
30 110 125
39 105 205
116 125 159
49 54 160
125 159 236
116 159 205
39 105 232
12 155 176
12 229 243
119 139 165
12 155 243
159 213 236
45 100 108
45 108 213
25 27 108
27 142 180
13 139 195
139 201 207
201 207 246
139 165 195
164 183 239
100 119 227
121 165 195
119 165 225
119 225 227
15 68 187
15 68 245
107 173 210
14 200 210
64 90 107
107 170 194
25 108 213
22 75 233
4 32 93
22 59 234
32 43 93
93 157 234
59 126 234
169 185 209
126 169 185
126 169 234
59 126 131
95 122 209
9 21 185
17 44 224
14 135 200
122 185 209
58 80 99
9 21 131
9 126 131
9 126 185
21 117 131
80 84 85
117 131 189
99 204 224
80 99 117
17 44 137
17 83 137
44 189 224
44 131 137
146 182 235
182 186 204
83 112 137
58 80 84
0 85 147
35 55 154
41 166 208
7 41 156
182 204 235
7 16 156
35 156 172
35 154 238
16 156 172
35 138 172
115 141 206
141 154 166
78 82 247
55 154 166
118 166 208
118 166 193
33 111 118
33 118 208
61 89 184
19 33 111
33 89 208
19 33 89
0 84 85
14 135 184
14 198 210
107 198 210
24 89 208
24 147 237
14 151 198
61 111 248
19 61 89
151 226 248
1 78 199
28 52 239
3 183 239
79 103 136
18 52 57
18 52 98
56 128 202
56 98 128
2 206 214
78 111 248
1 78 248
1 226 248
141 166 193
111 118 247
78 111 247
94 206 214
141 193 206
2 193 206
94 115 214
8 96 133
8 133 219
37 96 115
37 66 175
66 73 223
74 149 228
72 103 136
66 72 149
51 113 148
113 163 215
120 162 215
81 120 215
63 150 218
8 96 134
6 134 244
144 148 162
51 144 148
34 124 244
34 124 144
34 46 244
113 162 215
34 46 178
113 148 162
34 109 178
46 143 178
79 103 220
143 179 190
171 190 220
40 76 181
40 46 179
40 179 181
46 143 179
42 87 181
67 174 196
40 76 221
123 174 249
26 67 196
47 69 240
67 174 177
174 177 221
123 174 196
23 57 145
36 140 188
140 188 192
36 42 188
87 188 192
130 152 164
38 53 203
26 38 86
23 52 57
3 28 239
130 164 183
5 102 106
106 191 230
5 53 102
101 229 243
101 222 243
60 69 242
5 60 242
106 191 242
38 60 69
101 191 222
5 106 242
69 191 242
191 222 230
97 101 229
222 225 230
222 225 227
97 101 161
12 97 229
132 216 232
39 49 153
39 132 232
132 153 161
70 153 161
49 70 153
47 70 161
47 49 70
69 127 240
47 49 240
49 54 231
54 212 231
104 129 160
127 129 160
127 129 241
50 91 177
91 177 221
65 167 197
50 104 129
91 197 221
20 62 160
20 65 167
200 209 237
95 209 237
159 205 213
36 203 249
151 187 198
186 204 224
105 176 232
173 200 210
173 200 209
31 170 187
168 207 246
121 165 183
97 161 216
127 160 240
49 160 240
132 161 216
41 156 166
155 222 243
118 193 247
36 76 249
23 52 164
4 93 234
51 143 178
50 91 197
57 140 192
45 105 205
43 90 180
157 169 234
48 71 217
43 64 88
37 63 73
31 170 198
36 42 76
56 98 103
50 65 197
56 74 103
34 51 144
15 187 195
51 109 178
35 138 238
53 130 152
58 99 204
29 66 223
2 82 247
78 128 199
1 28 226
115 141 238
3 28 226
4 32 180
114 115 238
27 180 246
69 86 127
2 214 228
76 174 221
187 226 245
24 41 147
6 124 244
13 187 195
7 16 172
29 136 163
7 138 172
41 146 182
99 117 224
29 66 72
31 187 198
12 97 176
24 135 237
5 38 53
51 143 190
23 152 203
55 156 166
102 130 165
20 54 212
175 214 228
6 120 162
45 205 213
74 82 228
25 213 236
18 57 192
82 128 202
135 200 237
29 81 163
7 11 186
0 84 235
53 102 130
100 108 246
5 38 60
89 135 184
18 103 220
88 157 169
29 72 136
0 146 235
45 100 155
6 134 150
6 77 162
7 11 138
2 82 228
20 212 231
107 170 198
27 108 246
130 165 183
57 140 145
78 82 128
61 151 184
21 117 185
43 64 90
139 170 194
29 120 150
115 175 214
1 28 98
3 15 121
155 222 227
4 75 180
129 177 241
51 171 190
23 145 203
20 54 160
17 186 224
34 51 109
63 150 223
13 170 187
119 139 201
7 182 186
59 71 233
18 192 220
7 41 182
79 113 171
20 167 231
48 71 211
67 86 241
30 110 236
151 187 226
58 204 235
6 92 124
11 112 138
69 101 191
17 83 186
58 84 235
59 71 211
80 85 237
3 15 245
63 73 223
123 203 249
67 177 241
97 176 216
69 101 161
64 88 173
45 155 176
168 194 207
74 82 202
29 150 223
3 226 245
74 103 149
75 142 180
117 189 224
79 171 220
80 122 237
50 129 177
1 98 199
80 117 185
11 83 186
38 69 86
102 165 225
79 113 136
86 127 241
176 216 232
87 179 190
15 121 195
87 179 181
29 81 120
110 142 236
24 89 135
24 41 208
88 169 173
90 107 194
52 164 239
90 168 194
37 115 175
18 98 103
100 201 246
2 193 247
106 225 230
102 106 225
0 146 147
110 125 158
110 158 217
41 146 147
71 110 217
100 119 201
113 136 163
3 121 183
25 27 236
76 174 249
95 122 237
169 173 209
133 219 238
114 133 238
51 113 171
134 150 218
138 219 238
61 151 248
13 139 170
140 145 203
4 22 234
36 140 203
