139 194 207
194 207 246
173 209 210
116 158 205
100 155 176
77 92 124
24 135 184
114 141 238
8 138 219
98 128 199
26 67 86
27 108 180
53 102 152
26 38 203
105 159 205
71 211 217
39 158 205
45 105 176
12 176 216
50 65 104
168 194 246
168 180 246
145 152 203
108 180 246
13 139 194
100 139 201
90 168 180
32 142 180
32 43 180
4 22 75
116 125 158
43 93 157
43 88 157
80 122 185
44 131 189
10 59 211
6 150 218
35 138 219
19 61 111
14 151 184
141 154 238
31 151 187
24 135 200
149 175 228
56 74 149
6 120 150
29 63 223
63 96 218
29 63 150
96 134 218
77 144 162
6 77 92
81 120 150
79 113 220
81 163 215
34 109 144
1 3 226
76 221 249
26 196 203
100 155 227
94 115 206
23 152 164
42 76 181
62 65 104
167 197 231
20 62 65
48 211 217
125 158 217
10 48 211
4 75 142
30 125 236
27 142 236
75 142 233
30 110 125
39 105 205
116 125 159
49 54 160
116 159 205
100 108 201
45 159 213
45 105 159
45 100 176
97 132 216
39 105 232
119 139 165
45 100 108
45 108 213
25 27 108
27 142 180
13 139 195
100 119 139
139 201 207
139 165 195
164 183 239
100 119 227
121 165 195
119 165 225
121 130 165
119 225 227
13 15 195
3 121 195
31 151 198
107 168 194
64 90 107
43 88 173
90 107 168
64 90 180
13 170 194
107 170 194
25 108 213
4 32 93
22 59 234
88 157 234
4 32 142
32 43 93
93 157 234
59 126 234
43 64 180
43 64 173
59 126 131
95 122 209
9 21 185
95 200 209
17 44 224
200 209 210
14 135 200
95 200 237
9 21 131
21 80 185
9 126 131
80 84 85
21 80 117
99 204 224
44 189 224
44 131 137
11 17 186
182 186 204
83 112 137
58 80 84
58 146 235
0 41 146
41 166 208
7 41 156
7 16 156
41 55 156
35 154 238
16 156 172
35 138 172
35 219 238
114 219 238
141 154 166
78 82 247
33 111 118
78 82 199
19 33 111
33 89 208
19 33 89
24 147 208
0 84 85
14 135 184
107 198 210
24 89 208
14 151 198
151 226 245
61 111 248
19 61 89
151 226 248
1 78 199
79 103 136
18 52 98
56 128 202
56 98 128
2 228 247
78 111 248
1 78 248
1 226 248
111 118 247
78 111 247
82 228 247
141 193 206
2 193 206
8 96 133
37 96 115
37 73 223
2 175 214
37 175 214
74 149 228
2 175 228
51 113 148
6 77 120
113 163 215
120 162 215
81 120 215
77 120 162
29 81 150
6 134 218
63 150 218
8 96 134
6 134 244
144 148 162
51 144 148
34 124 244
34 46 244
113 162 215
34 46 178
51 109 144
113 148 162
51 113 143
34 109 178
46 143 178
113 171 220
79 103 220
18 57 103
143 179 190
40 76 181
40 46 179
40 179 181
46 143 179
42 87 181
65 91 197
67 174 196
174 221 249
40 76 221
123 174 249
26 67 196
47 69 240
123 174 196
36 123 249
23 57 145
36 140 188
140 188 192
87 188 192
130 152 164
102 130 152
26 38 86
23 145 152
130 164 183
5 102 106
1 3 28
3 15 195
5 53 102
101 229 243
101 222 243
60 69 242
5 60 242
38 60 69
101 191 222
101 161 191
5 106 242
69 191 242
97 101 229
222 225 230
222 225 227
97 101 161
132 216 232
12 97 216
97 132 161
39 49 153
49 70 153
47 70 161
47 49 70
69 127 240
47 49 240
49 54 231
50 65 91
54 212 231
104 129 160
50 129 241
86 177 241
67 86 177
50 91 177
91 177 221
50 177 241
50 104 129
91 197 221
106 230 242
14 198 200
198 200 210
186 204 224
12 176 243
155 176 243
105 176 232
31 170 187
127 160 241
127 160 240
49 160 240
155 222 243
35 154 172
55 154 172
118 193 247
132 153 232
39 153 232
36 76 249
103 136 149
23 52 164
4 93 234
51 143 178
0 41 208
57 140 192
24 147 200
44 83 137
41 154 166
41 182 204
41 55 154
31 170 198
41 146 204
37 94 115
12 97 243
36 123 196
36 42 87
33 166 208
36 42 76
34 77 124
9 126 169
51 109 178
33 118 166
13 15 68
58 99 204
55 156 172
56 82 202
21 131 189
38 53 152
3 28 183
20 62 104
59 75 233
29 81 136
24 61 89
6 124 244
24 61 184
7 16 172
7 138 172
57 192 220
37 73 175
99 117 224
29 66 72
5 38 53
66 72 175
69 86 241
102 130 165
9 169 185
20 54 212
72 149 175
8 114 133
8 114 219
47 161 191
56 98 149
74 82 228
25 213 236
80 95 237
129 160 241
82 128 202
0 85 237
7 11 186
0 58 146
36 196 203
5 38 60
97 229 243
36 87 188
29 72 136
0 147 237
118 141 166
3 15 68
17 44 83
7 11 138
2 94 206
20 212 231
107 170 198
121 130 183
71 142 233
57 140 145
0 147 208
13 68 187
47 69 191
28 98 239
61 151 184
1 28 98
155 222 227
52 98 239
17 83 112
108 207 246
20 54 160
17 186 224
58 99 117
110 125 217
11 17 112
13 170 187
7 182 186
59 71 233
0 58 84
28 183 239
191 222 242
20 104 160
20 65 197
222 230 242
20 167 197
7 41 182
20 167 231
29 73 223
3 68 245
21 117 189
18 23 52
30 110 236
29 66 73
58 80 117
58 204 235
6 92 124
37 94 214
11 112 138
59 71 211
114 141 206
80 85 237
22 59 75
34 77 144
64 173 210
70 132 161
67 174 221
67 177 221
102 106 165
68 151 187
68 151 245
69 127 241
70 132 153
71 110 142
66 73 175
108 201 207
3 226 245
122 169 185
113 171 190
117 189 224
113 143 190
1 98 199
80 95 122
81 136 163
82 128 199
38 69 86
98 103 149
79 113 136
64 107 210
176 216 232
87 171 190
87 179 190
87 179 181
125 159 213
87 192 220
88 126 234
110 142 236
88 126 169
112 137 138
56 74 82
106 165 225
88 169 173
52 164 239
96 114 115
63 96 223
37 96 223
146 204 235
18 98 103
96 114 133
2 193 247
106 225 230
2 94 214
71 110 217
38 152 203
113 136 163
87 171 220
118 141 193
3 121 183
25 27 236
122 169 209
125 213 236
169 173 209
57 103 220
72 136 149
8 137 138
61 151 248
140 145 203
4 22 234
18 23 57
36 140 203
114 115 206
147 200 237
