139 194 207
85 95 122
7 11 182
37 66 73
8 112 138
8 112 137
116 158 205
100 155 176
77 92 124
24 135 184
35 55 156
8 138 219
28 52 98
26 67 86
27 108 180
26 38 203
39 158 205
45 105 176
50 65 104
168 180 246
108 180 246
13 139 194
100 139 201
90 168 180
32 142 180
88 169 209
32 43 180
4 22 75
88 169 234
43 88 157
80 122 185
44 131 189
11 182 186
114 133 219
14 151 184
141 154 238
15 226 245
2 118 193
37 63 96
6 120 150
6 92 244
77 144 162
6 77 92
81 163 215
1 3 226
77 124 144
26 196 203
100 155 227
94 115 206
62 104 160
69 161 191
47 69 161
130 165 225
23 152 164
42 76 181
62 65 104
167 197 231
20 62 65
125 158 217
71 211 233
10 48 211
4 75 142
25 27 213
30 125 236
27 142 236
75 142 233
39 105 205
49 54 160
125 159 236
116 159 205
105 216 232
105 176 216
45 100 176
39 105 232
12 155 176
12 229 243
119 139 165
12 155 243
155 227 243
159 213 236
27 213 236
25 27 108
27 142 180
13 139 195
100 119 139
139 201 207
201 207 246
139 165 195
164 183 239
100 119 227
121 165 195
119 165 225
121 130 165
102 106 230
119 225 227
15 68 187
3 121 195
15 68 245
107 173 210
88 173 209
14 200 210
64 90 180
13 170 194
107 170 194
4 32 93
22 59 234
88 157 234
4 32 142
93 157 234
59 126 234
43 64 180
169 185 209
126 169 234
59 126 131
95 122 209
95 200 209
17 44 224
14 135 200
95 200 237
85 95 237
80 85 122
122 185 209
9 21 131
9 126 131
80 84 85
21 80 117
44 131 137
146 182 235
11 17 186
182 186 204
7 112 138
83 112 137
58 146 235
35 55 154
41 166 208
182 204 235
7 11 112
35 156 172
41 55 156
35 154 238
16 156 172
35 138 172
114 219 238
115 141 206
141 154 166
78 82 247
33 111 118
33 89 208
0 84 85
14 135 184
14 198 210
107 198 210
24 89 208
24 147 237
14 151 198
151 226 245
19 61 89
151 226 248
1 78 199
3 15 226
28 52 239
3 183 239
79 103 136
103 192 220
128 199 202
18 56 98
78 111 248
1 78 248
1 226 248
78 111 247
141 193 206
2 193 206
8 96 133
8 133 219
37 96 115
37 66 175
66 73 223
2 175 214
37 175 214
74 149 228
51 113 148
6 77 120
113 163 215
81 120 215
77 120 162
63 150 218
8 96 134
6 134 244
144 148 162
92 124 244
51 144 148
34 124 244
34 124 144
34 46 244
34 46 178
113 148 162
51 113 143
143 171 190
34 109 178
113 143 171
79 103 220
143 179 190
171 190 220
40 76 181
36 42 249
42 87 181
42 76 249
65 91 197
67 174 196
40 76 221
123 174 249
26 67 196
47 69 240
67 174 177
38 86 241
174 177 221
123 174 196
36 123 249
23 57 145
36 140 188
140 188 192
87 188 192
130 152 164
26 38 86
23 52 57
3 28 239
130 164 183
5 102 106
1 3 28
3 15 195
5 53 102
222 227 243
101 229 243
101 222 243
38 69 127
38 60 69
101 191 222
101 161 191
191 222 230
97 101 229
222 225 230
222 225 227
97 101 161
12 97 229
132 216 232
39 49 153
49 70 153
47 70 161
47 49 70
69 127 240
47 49 240
49 54 231
50 65 91
54 212 231
104 129 160
49 127 160
50 129 241
127 129 160
38 127 241
49 127 240
86 177 241
127 129 241
67 86 177
50 91 177
91 177 221
50 177 241
50 104 129
91 197 221
20 62 160
54 160 212
167 212 231
20 160 212
20 167 212
106 230 242
204 224 235
159 205 213
151 187 198
186 204 224
143 178 179
173 200 210
173 200 209
31 170 187
168 207 246
97 161 216
132 161 216
116 158 159
125 158 159
132 153 232
39 153 232
103 136 149
23 52 164
4 93 234
51 143 178
57 140 192
45 105 205
78 199 202
44 83 137
41 154 166
48 71 217
41 55 154
44 117 189
43 64 88
37 63 73
31 170 198
37 94 115
36 123 196
36 42 87
33 166 208
5 60 106
34 51 144
9 126 169
15 187 195
51 109 178
35 138 238
33 118 166
53 130 152
32 43 157
30 125 217
29 66 223
2 82 247
21 131 189
115 141 238
38 53 152
191 230 242
59 75 233
114 115 238
18 103 192
9 21 80
25 45 213
76 174 221
24 61 89
24 41 147
13 187 195
24 61 184
7 16 172
29 136 163
7 138 172
41 146 182
10 211 233
99 117 224
2 111 247
29 66 72
31 187 198
12 97 176
24 135 237
5 38 53
74 128 202
66 72 175
23 152 203
9 169 185
72 149 175
45 205 213
10 59 233
19 111 248
74 82 228
18 57 192
0 85 237
19 61 248
135 200 237
29 81 163
0 58 146
16 41 156
36 196 203
44 117 224
53 102 130
100 108 246
5 38 60
25 45 100
36 87 188
29 72 136
0 147 237
56 74 128
2 111 118
30 110 217
118 141 166
6 134 150
17 44 83
2 94 206
18 56 74
2 149 228
2 82 228
84 99 117
107 170 198
121 130 183
71 142 233
57 140 145
46 178 179
61 151 184
33 89 111
29 120 150
1 28 98
2 149 175
17 83 112
23 145 203
17 186 224
34 51 109
63 150 223
11 17 112
13 170 187
46 179 181
58 84 99
0 58 84
20 65 197
20 167 197
7 41 182
79 113 171
48 71 211
21 117 189
56 98 199
9 80 185
30 110 236
56 128 199
18 57 98
60 106 242
37 94 214
58 224 235
22 59 75
60 69 191
7 16 41
60 191 242
63 73 223
63 96 134
63 134 218
70 132 161
68 151 187
97 176 216
68 151 245
64 88 173
70 132 153
71 110 142
168 194 207
74 82 202
29 150 223
74 103 149
78 82 202
79 171 220
1 98 199
80 84 117
79 113 136
40 46 181
18 74 103
87 179 190
25 100 108
87 179 181
87 192 220
87 190 220
29 81 120
110 142 236
19 89 111
24 41 208
64 90 173
90 107 173
90 107 194
52 164 239
90 168 194
96 114 115
96 114 133
100 201 246
2 94 214
0 146 147
41 146 147
52 57 98
71 110 217
38 152 203
113 120 215
113 120 162
113 136 163
118 141 193
3 121 183
76 174 249
58 99 224
102 130 230
32 93 157
130 225 230
134 150 218
72 136 149
138 219 238
61 151 248
140 145 203
4 22 234
36 140 203
