17 204 224
7 11 182
173 209 210
8 112 138
8 112 137
116 158 205
77 92 124
114 141 238
8 138 219
98 128 199
28 52 98
26 67 86
27 108 180
123 196 203
39 132 153
26 38 203
105 159 205
22 59 233
71 211 217
71 110 233
39 158 205
45 105 176
12 176 216
168 180 246
108 180 246
100 139 201
90 168 180
88 169 209
32 43 180
88 169 234
43 93 157
43 88 157
80 122 185
85 147 237
11 83 112
44 131 189
10 59 211
17 186 204
11 182 186
6 150 218
35 138 219
151 184 248
141 154 238
31 151 187
24 135 200
149 175 228
2 118 193
72 103 149
66 149 175
6 120 150
29 63 223
6 92 244
29 63 150
77 144 162
6 77 92
81 163 215
87 190 192
76 221 249
26 196 203
100 155 227
94 115 206
130 165 225
23 152 164
42 76 181
62 65 104
167 197 231
20 62 65
48 211 217
125 158 217
10 48 211
4 75 142
30 125 236
27 142 236
30 142 236
30 110 125
30 110 142
39 105 205
49 54 160
125 159 236
116 159 205
100 108 201
45 159 213
45 105 159
97 132 216
39 105 232
119 139 165
159 213 236
45 100 108
45 108 213
25 27 108
27 142 180
13 139 195
139 201 207
139 165 195
164 183 239
121 165 195
119 165 225
102 106 230
119 225 227
13 15 195
31 151 198
31 107 170
13 31 187
13 31 170
88 173 209
31 107 198
14 200 210
64 90 180
107 170 194
25 108 213
4 32 93
88 157 234
32 43 93
93 157 234
43 64 180
126 169 185
126 169 234
95 122 209
95 200 209
17 44 224
200 209 210
14 135 200
95 200 237
99 204 235
80 85 122
9 21 131
9 126 131
9 126 185
80 84 85
21 80 117
99 204 224
17 44 137
17 83 137
44 131 137
11 17 186
182 186 204
11 17 83
83 112 137
58 84 146
58 99 235
0 85 147
0 84 146
58 146 235
35 55 154
0 41 146
41 166 208
7 41 156
7 16 156
35 154 238
35 138 172
35 219 238
114 219 238
141 154 166
55 154 166
118 166 208
118 166 193
61 184 248
33 111 118
33 118 208
61 89 184
33 89 208
0 84 85
0 41 147
14 198 210
107 198 210
24 89 208
14 151 198
151 226 245
19 61 89
151 226 248
1 78 199
28 52 239
79 103 136
18 52 57
18 52 98
103 192 220
56 98 128
2 228 247
1 226 248
141 166 193
111 118 247
2 118 247
78 111 247
141 193 206
2 193 206
94 115 214
8 96 133
37 73 223
66 73 223
2 175 214
74 149 228
2 175 228
72 103 136
66 72 149
51 113 148
113 163 215
120 162 215
81 120 215
6 134 218
63 150 218
8 96 134
6 134 244
144 148 162
92 124 244
51 144 148
34 124 244
34 46 244
34 46 178
51 113 143
143 171 190
34 109 178
46 143 178
79 113 163
113 143 171
79 103 220
79 136 163
143 179 190
40 46 179
46 143 179
42 87 181
65 91 197
67 174 196
174 221 249
40 76 221
123 174 249
26 67 196
47 69 240
67 174 177
174 177 221
123 174 196
23 57 145
36 140 188
140 188 192
87 188 192
26 38 86
23 52 57
130 164 183
5 102 106
101 229 243
101 222 243
60 69 242
38 69 127
38 53 60
38 60 69
101 191 222
101 161 191
5 106 242
69 191 242
97 101 229
222 225 230
222 225 227
97 101 161
132 216 232
12 97 216
97 132 161
39 49 153
39 132 232
49 70 153
47 70 161
47 49 70
69 127 240
47 49 240
49 54 231
86 177 241
67 86 177
50 91 177
91 177 221
50 104 129
91 197 221
54 160 212
20 160 212
20 167 212
106 230 242
36 203 249
12 176 243
155 176 243
105 176 232
171 190 192
170 194 207
139 170 207
168 207 246
121 165 183
127 160 241
127 160 240
49 160 240
116 158 159
125 158 159
41 156 166
155 222 243
36 76 249
53 60 242
23 52 164
4 93 234
51 143 178
57 140 192
24 147 200
41 182 204
44 117 189
43 64 88
37 96 114
37 114 115
41 146 204
12 97 243
36 42 87
36 42 76
56 98 103
56 74 103
54 167 231
34 77 124
34 51 144
51 109 178
13 15 68
29 66 223
21 131 189
78 128 199
1 28 226
135 151 184
3 28 226
38 53 152
3 28 183
20 62 104
4 32 180
18 103 192
9 21 80
29 81 136
24 41 147
20 129 160
7 16 172
7 138 172
35 55 172
37 73 175
99 117 224
5 152 164
29 66 72
5 53 152
74 128 202
23 152 203
55 156 166
4 75 233
6 120 162
8 114 133
8 114 219
4 22 233
5 102 164
5 53 242
47 161 191
4 142 180
19 111 248
74 82 228
25 213 236
1 111 248
18 57 192
129 160 241
82 128 202
19 61 248
76 179 181
44 117 224
89 135 184
90 173 210
97 229 243
36 87 188
22 126 234
29 72 136
16 55 172
45 100 155
56 74 128
3 15 68
6 77 162
7 11 138
2 94 206
54 167 212
14 135 151
22 59 131
20 104 129
113 148 215
130 165 183
22 126 131
57 140 145
13 68 187
47 69 191
78 82 128
33 89 111
29 120 150
115 175 214
1 28 98
3 15 121
155 222 227
129 177 241
108 207 246
23 145 203
58 99 117
34 51 109
110 125 217
59 71 233
28 183 239
191 222 242
20 65 197
222 230 242
20 167 197
7 41 182
79 113 171
3 68 245
21 117 189
9 80 185
11 112 138
59 71 211
114 141 206
63 96 134
63 134 218
171 192 220
34 77 144
100 139 227
123 203 249
70 132 161
68 151 187
102 130 164
90 107 210
68 151 245
64 88 173
45 155 176
70 132 153
16 55 156
168 194 207
66 73 175
108 201 207
74 82 202
3 226 245
74 103 149
75 110 142
75 110 233
122 169 185
78 82 228
79 171 220
40 76 179
50 129 177
1 98 199
81 136 163
80 84 117
58 84 117
86 127 241
38 86 127
176 216 232
87 179 190
15 121 195
87 179 181
29 81 120
19 89 111
24 89 135
24 41 208
64 90 173
90 107 194
52 164 239
90 168 194
65 91 104
50 91 104
63 96 223
37 96 223
37 115 175
146 204 235
18 98 103
96 114 133
2 94 214
71 110 217
38 152 203
1 78 111
3 121 183
25 27 236
122 169 209
85 122 237
95 122 237
102 130 230
130 225 230
13 139 170
140 145 203
119 139 227
4 22 234
36 140 203
114 115 206
78 228 247
147 200 237
148 162 215
