-1154.14 88.621
-1223.85 1123.76
-1091.64 198.907
400.18 1128.82
492.003 217.733
-1226.71 -1161.49
1210.12 -1345.9
354.034 421.586
740.201 91.2523
-1552.15 -1518.57
-130.579 -1703.44
637.689 143.056
-779.099 551.329
-1029.4 -542.047
-757.096 -103.624
1633.64 88.7593
1985 -1590.21
-787.48 -1106.64
608.7 1612.7
-1977.82 -899.296
-169.567 -1204.53
-60.7857 -959.448
-550.43 -1706.75
1462.14 -1810.23
384.501 1909.99
-1328.8 -1746.08
-1793.45 1308.89
396.977 -572.549
-139.781 1367.58
885.404 1103.12
-736.043 519.048
-808.118 -751.046
928.841 404.403
142.311 -462.458
17.1032 164.492
638.245 1847.54
959.967 -1422.54
-1111.91 -1590.46
-1129.29 -1649.77
-1400.69 1255.21
-1739.78 -729.492
1509.13 -1533.23
-1420.6 -93.8927
-105.783 439.617
-726.312 -1220.38
-457.26 537.645
1298.67 734.623
1786.6 227.51
-860.974 -71.0898
1765.05 1156.13
-1906.6 403.298
1003.67 1053.37
980.757 1891.75
1462.91 1851.47
-1758.02 -1937.79
1106.67 -1497.8
-667.278 615.804
-1031.04 -87.8799
-1478.09 863.179
-1648.26 -204.4
1642.8 -105.523
-1666.75 941.468
-1370.9 -1880.16
-831.021 -231.875
48.7546 -1065.97
-1075.75 142.157
1337.33 1927.92
-804.474 318.086
1819.67 -1341.57
169.551 -1938.35
-1279.35 -723.775
-1436.15 53.3676
1892.03 -467.19
1965.49 -1586.06
-1604.01 -1682.78
209.541 -1961.21
211.702 542.786
980.256 840.802
662.631 -1850.77
-1391.07 -1288.61
-916.735 -466.819
853.542 -1579.41
-538.9 -1950.93
738.68 -719.227
-1292.5 -1091.77
-657.575 -571.854
184.456 -93.7277
1481.51 76.486
1439.08 1447
490.427 1835.07
1764.23 -1300.03
1873.86 -24.0718
1242.75 854.114
-1183.27 -94.6144
1003.35 -574.343
616.771 -1913.39
958.838 -529.687
-1492.79 -1580.06
-480.619 1245.89
-299.288 226.882
-1845.88 1043.14
1655.03 338.574
-1050.59 1136.54
-1584.94 -1611.51
583.543 905.487
-1776.44 347.77
1605.46 -1902.58
-1676.3 848.211
951.532 -859.572
-1246.4 -45.1195
566.085 1370.37
41.4943 -475.077
-1159.32 548.702
-55.1383 360.062
-205.411 1645.57
-1413.06 -51.2932
688.71 -1758.03
-1712.72 1638.12
1378.51 -1297.66
-1973.39 -37.9429
1607.83 -1749.83
-1690.17 1213.28
-1652.41 -1366.48
61.4953 1299.12
-226.048 815.092
-746 -1659.96
185.459 1295.49
-135.04 1026.14
-155.804 1809.82
-613.798 1638.79
1455.4 -26.8544
-412.508 144.105
215.117 -125.227
-217.777 -406.369
577.114 -191.169
1555.69 184.942
59.0004 1865.52
-601.774 406.588
-1500.96 1459.72
-294.293 272.992
274.813 959.707
613.029 -1539.73
255.202 -1522.01
1486.41 -1900.6
-1712.19 -1127.39
1738.18 1743.21
845.76 -674.325
-112.689 -939.122
1200.45 1669.53
654.509 -222.439
-521.635 210.197
1962.5 1537.37
75.7119 -639.271
-56.0465 574.752
-1179.55 1649.66
-1152.26 1095.26
609.368 1460.77
1555.54 -1135.43
1938.76 1041.95
-1036.03 -1773.43
1914.56 -1297.85
1969.78 760.325
27.8248 -142.909
1821.2 -771.728
-473.375 475.711
1005.83 1004.99
-1314.09 968.337
542.356 761.619
-1670.93 -1513.69
-663.629 -850.483
-1864.03 184.115
-1755.22 745.338
-355.112 1800.32
1609.91 -416.35
842.268 -1426.12
-189.776 756.833
-723.975 -219.996
-482.843 1303.85
1637.1 -661.641
-1467.88 -836.279
1814.07 1537.96
-1831.29 -1500.02
506.292 711.068
1261.6 835.358
1197.38 -1402.03
1984.88 1333.35
782.083 -1770.34
78.6865 -1573.03
-1970.03 -311.405
10.6206 872.243
262.47 1820.84
-370.925 1538.5
-399.151 1146.23
842.345 -762.056
-1515.41 1374.47
401.665 -1701.34
912.423 570.376
-1201.36 -581.284
-718.556 -1939.76
-1745.93 -1521.18
