4 30 64
63 100 102
88 128 149
17 21 120
0 142 187
59 91 117
93 194 213
87 104 153
5 204 219
58 153 238
112 128 136
54 176 217
184 197 237
7 15 98
50 137 207
2 16 210
47 129 216
85 111 208
85 103 220
174 181 208
118 174 223
11 77 107
25 39 133
11 41 96
66 156 178
11 41 77
6 52 188
204 218 219
100 102 234
10 72 238
46 60 233
40 144 147
54 202 237
54 95 202
23 95 202
23 209 217
34 160 237
7 209 236
50 137 209
50 173 248
176 209 217
29 35 94
15 75 98
94 139 236
15 75 239
75 98 106
60 75 239
46 60 106
60 75 106
46 106 177
60 71 233
46 201 233
84 159 211
32 84 138
29 35 177
29 106 177
173 209 236
50 173 209
121 173 236
32 94 139
53 102 175
53 63 199
64 130 249
30 222 224
64 222 249
30 64 222
30 224 226
82 139 236
166 222 224
165 173 248
160 230 237
50 78 207
197 230 237
34 54 237
69 162 246
24 108 232
20 130 249
20 24 232
24 108 135
99 140 237
99 228 237
99 108 140
99 108 228
90 117 123
44 91 117
59 117 123
47 59 91
55 129 185
17 47 91
31 129 216
24 135 164
126 129 185
83 126 129
115 215 221
55 158 242
123 126 215
123 215 221
2 200 210
48 85 208
85 114 210
127 174 190
14 48 208
61 158 163
55 129 158
16 48 242
64 130 223
61 118 223
61 118 125
67 174 190
111 127 244
63 67 199
0 148 213
74 171 213
0 187 213
3 39 188
85 111 220
3 168 220
85 103 114
8 103 161
92 132 161
92 132 198
105 123 132
1 25 240
3 8 39
3 188 193
6 52 96
81 131 146
6 41 77
6 41 96
77 105 240
81 113 146
107 218 219
156 178 225
172 204 245
5 172 204
18 124 131
146 156 225
80 110 157
42 172 245
204 225 245
80 93 113
80 157 205
81 93 113
42 80 113
42 80 110
104 195 196
40 104 145
40 87 104
40 87 153
45 58 153
9 134 155
53 63 102
73 109 243
73 102 243
33 56 101
68 154 201
10 12 38
56 68 186
22 101 169
154 169 180
71 86 192
60 71 239
51 86 89
51 71 86
86 89 241
97 235 241
167 183 196
122 167 183
143 179 189
122 183 247
122 179 189
143 192 235
143 179 235
71 143 192
162 229 246
65 227 248
65 197 227
184 197 227
12 196 238
74 187 193
68 186 201
184 227 246
178 204 225
178 204 218
58 175 238
9 175 199
5 172 189
171 194 203
171 193 203
74 171 193
97 167 235
166 222 248
165 166 173
121 166 173
142 155 191
37 229 246
103 161 210
119 196 247
151 212 232
150 151 222
151 222 249
151 212 229
92 161 198
26 147 172
36 147 153
40 147 153
166 224 226
144 152 170
142 148 155
137 141 207
34 141 160
140 184 237
140 184 246
138 177 180
22 138 169
137 176 209
135 164 216
47 135 216
76 134 148
134 148 155
132 133 161
31 130 216
130 164 216
112 128 206
127 191 244
198 200 210
125 181 208
14 125 208
118 125 174
125 174 181
124 194 203
124 193 203
124 131 146
123 132 198
62 227 248
122 144 189
119 170 247
119 145 152
116 198 221
115 116 221
112 136 159
79 112 159
144 147 172
111 174 208
109 182 211
73 109 182
108 140 246
69 108 212
108 212 232
108 120 135
108 120 228
107 178 218
104 119 196
104 119 145
103 114 210
102 109 243
72 175 238
124 146 156
35 94 138
32 94 138
0 142 148
81 93 131
39 133 161
22 211 231
8 39 161
20 24 130
36 45 153
47 59 83
144 170 247
161 198 210
86 192 235
67 190 199
122 144 247
33 214 231
33 56 186
33 51 186
21 90 117
50 78 230
33 72 214
79 206 234
1 105 132
25 77 240
4 30 70
70 88 226
28 157 205
51 201 233
28 57 134
28 80 205
1 25 132
27 188 193
84 136 159
27 124 156
27 66 156
46 154 180
28 57 80
26 42 110
127 190 191
69 162 229
25 132 133
10 19 33
3 8 103
28 58 175
15 23 202
138 169 180
24 130 164
28 58 157
23 54 217
27 52 188
22 84 211
22 84 138
22 33 231
195 196 238
20 151 249
34 54 141
70 128 206
19 51 89
9 155 191
19 38 89
31 61 129
9 191 199
63 67 174
115 185 215
126 185 215
9 13 134
56 101 169
47 83 129
46 154 201
211 214 231
82 121 236
111 127 174
2 16 116
171 194 213
16 55 116
5 77 105
183 196 247
23 54 95
6 25 77
15 202 239
53 175 199
70 206 234
104 153 238
5 77 219
64 174 223
51 186 201
165 166 248
2 116 200
43 168 220
6 25 188
1 105 240
190 191 199
73 102 175
18 93 131
9 13 175
122 167 179
7 29 94
78 160 230
12 89 241
13 28 134
4 64 174
128 136 139
19 33 51
137 141 176
55 115 185
123 198 221
22 33 101
4 100 174
25 39 188
43 168 193
16 55 242
14 48 163
26 49 157
11 27 66
62 227 246
15 23 209
12 97 167
11 27 52
17 47 135
43 187 193
116 198 200
12 167 196
11 66 178
104 195 238
12 38 89
26 36 49
82 121 166
10 12 238
12 97 241
76 93 213
26 110 157
167 179 235
17 44 91
14 61 125
182 211 214
14 61 163
56 154 169
18 93 194
26 42 172
17 44 117
10 33 72
40 144 152
7 29 106
40 145 152
42 113 146
31 61 130
37 62 229
7 15 209
42 146 225
43 111 244
43 142 187
43 142 191
43 191 244
43 111 220
82 88 139
45 49 157
36 45 49
62 150 222
46 177 180
50 65 248
79 102 234
50 65 197
10 19 38
17 21 117
86 235 241
62 150 151
37 62 246
48 158 163
48 158 242
16 48 210
48 85 210
69 212 229
42 225 245
7 98 106
51 71 233
57 76 134
11 107 178
76 148 213
144 172 189
54 141 176
55 115 116
35 138 177
3 103 220
56 68 154
7 94 236
57 76 93
57 80 93
45 58 157
13 28 175
17 120 135
61 129 158
61 130 223
79 109 211
20 151 232
62 222 248
62 151 229
63 100 174
69 108 246
26 36 147
72 73 175
78 141 160
70 100 234
50 197 230
70 88 149
18 124 194
4 70 100
70 128 149
72 73 214
30 70 226
73 182 214
79 112 206
27 124 193
74 187 213
119 152 170
32 136 139
77 107 219
78 141 207
79 102 109
59 83 123
79 159 211
83 123 126
11 52 96
32 84 136
3 168 193
88 128 139
82 88 166
88 166 226
