4 30 64
13 134 175
20 24 164
17 21 120
22 101 231
58 153 238
46 177 201
184 197 237
7 15 98
15 23 239
35 138 180
33 72 101
50 137 207
7 29 236
72 101 231
34 137 207
82 166 224
160 197 230
78 160 197
37 62 150
37 150 151
162 212 229
69 162 212
14 125 163
85 111 208
31 61 158
14 48 242
85 103 220
14 181 208
118 174 223
3 74 168
14 125 181
11 77 107
17 47 120
178 218 225
25 39 133
3 74 193
18 131 194
146 225 245
58 72 238
26 49 110
13 58 175
9 53 191
73 182 211
10 72 238
38 51 89
12 97 196
54 202 237
54 95 202
23 209 217
34 141 176
34 54 176
50 137 209
34 137 141
29 35 94
75 98 106
60 75 239
46 60 106
60 75 106
46 106 177
177 180 201
46 201 233
84 159 211
32 84 138
35 177 180
29 35 177
29 106 177
82 88 226
121 173 236
32 94 139
53 102 175
32 84 159
79 109 234
100 206 234
30 222 224
4 64 100
30 64 222
82 139 236
166 222 224
197 230 237
65 184 197
34 54 237
65 184 227
37 227 246
69 162 246
37 162 246
24 108 232
20 130 164
20 130 249
20 24 232
24 108 135
99 140 237
99 228 237
99 108 140
90 117 123
47 59 91
55 129 185
47 164 216
17 47 91
31 130 223
126 129 185
158 163 242
59 83 126
115 126 185
83 126 129
115 126 215
115 185 221
116 200 221
48 85 208
16 48 85
8 103 220
127 174 190
14 48 208
14 163 242
63 67 100
31 129 158
61 118 125
100 174 223
67 100 174
67 174 190
111 127 244
9 142 191
9 134 175
9 142 155
0 148 155
0 187 213
43 168 244
111 168 244
85 111 220
111 127 208
3 168 220
111 168 220
85 103 114
92 132 198
105 123 132
6 77 240
6 25 240
1 25 240
1 132 240
3 188 193
74 171 203
27 66 178
27 52 178
6 41 77
6 41 96
105 132 240
77 105 240
107 218 219
172 204 245
204 218 225
18 124 131
80 110 157
42 172 245
204 225 245
76 80 93
80 93 113
80 157 205
81 93 113
42 110 172
42 80 113
26 110 172
42 80 110
49 110 157
119 145 170
145 152 170
104 195 196
40 104 145
40 87 104
45 157 205
28 57 205
40 87 153
45 58 153
58 72 175
28 57 76
9 134 155
9 53 175
73 109 243
73 102 243
72 73 182
22 138 180
33 56 101
72 214 231
72 182 214
68 154 201
38 51 186
10 12 38
68 201 233
19 33 56
22 169 180
101 154 169
22 101 169
154 180 201
154 169 180
71 86 192
60 71 239
51 86 89
192 235 241
86 192 241
86 89 241
97 235 241
97 167 196
97 122 167
167 183 196
143 179 189
144 152 247
122 179 189
71 143 192
22 211 214
50 207 248
78 207 248
39 188 220
71 186 233
184 227 246
143 179 192
171 194 203
43 168 187
122 167 247
166 222 248
165 166 173
121 166 173
78 160 207
0 155 187
119 196 247
151 212 232
150 151 222
151 212 229
92 161 198
112 149 206
93 148 194
179 192 235
26 147 172
40 147 153
144 147 152
152 170 247
146 178 225
144 172 204
142 191 199
141 176 217
140 184 237
140 184 246
137 141 217
32 136 159
112 136 149
82 136 139
31 130 216
130 164 216
55 129 242
127 174 181
118 125 174
125 174 181
61 125 158
124 194 203
124 156 178
124 131 146
123 132 198
122 144 189
119 170 247
117 126 215
115 123 215
113 131 146
112 136 159
79 112 159
144 147 172
108 140 246
69 108 212
108 212 232
107 178 218
128 136 149
104 119 196
104 119 145
103 198 210
103 114 210
125 158 163
63 102 199
102 109 234
102 109 243
70 149 206
100 130 249
64 100 249
99 108 135
99 135 228
15 98 239
75 98 239
97 179 235
6 96 188
124 146 156
52 96 188
23 95 239
37 151 162
35 94 138
32 94 138
127 181 208
93 148 155
76 93 155
81 93 131
59 91 126
39 133 161
8 39 161
51 86 186
55 116 221
1 25 161
122 144 247
34 160 230
34 230 237
127 190 244
74 171 187
68 186 233
171 187 213
21 90 117
78 197 248
31 118 223
76 80 205
31 59 83
79 206 234
30 82 226
4 30 70
29 139 236
151 162 229
13 45 58
28 76 155
146 156 178
27 188 193
30 70 149
25 133 161
30 128 149
93 131 194
82 88 128
37 65 227
23 54 176
63 100 234
27 52 188
22 84 211
46 60 71
22 84 138
73 79 109
195 196 238
11 77 96
20 151 249
3 188 220
144 189 204
2 16 85
38 68 186
117 123 215
7 50 209
82 121 236
97 122 179
7 173 236
2 16 116
2 198 210
171 194 213
129 158 242
16 55 116
5 77 105
183 196 247
8 161 198
22 214 231
23 54 95
2 198 221
167 183 247
64 151 249
27 74 203
1 92 161
2 200 221
40 147 152
2 85 114
31 47 216
100 130 223
5 77 219
10 12 196
165 166 248
2 116 200
6 25 188
37 65 197
2 114 210
1 92 132
27 74 193
70 100 206
87 104 195
73 102 175
23 176 217
47 135 228
142 155 187
19 38 68
12 89 241
0 194 213
13 28 134
73 79 211
123 198 221
8 103 198
29 94 139
81 113 131
62 197 248
31 83 129
25 39 188
10 196 238
8 39 220
31 47 59
53 102 191
15 23 209
30 88 226
37 62 197
28 134 155
11 52 178
102 191 199
30 82 224
12 38 89
26 36 49
28 45 205
82 121 166
0 148 194
12 97 241
95 202 239
31 61 118
13 28 45
5 218 219
17 44 91
182 211 214
34 160 207
24 47 164
56 101 154
17 21 44
10 19 72
7 29 106
40 145 152
42 113 146
42 146 245
7 15 209
43 142 187
5 204 218
43 142 199
43 199 244
44 117 126
5 189 204
44 91 126
45 49 157
36 45 49
62 150 222
45 147 153
24 47 135
19 33 72
46 71 233
47 120 228
48 55 242
16 48 55
10 19 38
87 195 238
66 124 203
55 185 221
36 45 147
50 165 248
7 98 106
115 123 221
11 107 178
74 168 187
71 86 186
63 67 244
56 68 154
21 44 117
137 209 217
50 165 173
20 151 232
62 222 248
63 102 234
69 108 246
63 199 244
26 36 147
82 128 136
64 151 222
27 66 203
67 190 244
72 73 175
18 124 194
4 70 100
79 112 206
57 76 205
41 77 96
7 50 173
87 153 238
32 136 139
77 107 219
79 159 211
19 56 68
66 124 178
11 52 96
30 88 128
