104 145 196
32 82 136
4 30 64
13 134 175
69 108 140
17 21 120
0 142 187
37 151 229
5 204 219
58 153 238
112 128 136
56 68 101
50 137 207
7 29 236
82 166 224
160 197 230
78 160 197
62 150 248
69 108 232
162 212 229
85 103 220
118 125 181
174 181 208
118 174 223
4 70 149
81 93 194
3 74 168
11 178 218
3 74 193
105 107 219
11 41 96
18 131 194
81 131 194
204 218 219
26 49 147
26 49 110
13 58 175
9 53 191
5 144 189
79 109 159
119 170 183
12 97 196
36 40 147
40 144 147
54 202 237
29 98 106
54 95 202
23 209 217
137 141 209
34 160 237
7 209 236
50 78 197
50 137 209
50 173 248
29 35 94
15 75 98
94 139 236
75 98 106
29 94 236
46 60 106
60 75 106
60 71 233
84 159 211
173 209 236
82 88 226
50 173 209
32 82 139
121 173 236
32 94 139
112 128 149
32 35 94
64 130 249
30 222 224
30 224 226
150 222 248
121 165 173
166 222 224
82 224 226
165 173 248
160 230 237
50 78 207
50 197 248
34 78 160
34 54 237
69 162 246
151 229 249
150 222 249
212 229 249
150 151 249
20 212 249
20 212 232
24 108 135
69 140 246
99 228 237
99 108 140
21 44 91
17 21 91
99 108 228
21 44 90
132 198 221
47 59 91
55 129 185
17 47 91
126 129 185
59 83 126
115 126 185
83 126 129
123 126 215
115 185 221
116 200 221
48 85 208
85 114 210
127 174 190
61 158 163
127 174 208
55 129 158
14 163 242
64 130 223
63 67 100
61 118 125
100 174 223
118 174 181
111 127 244
63 67 199
53 191 199
57 76 80
74 171 213
76 134 155
0 187 213
43 187 213
43 168 244
111 168 244
111 127 208
85 103 114
92 132 198
105 123 132
6 25 240
1 25 240
1 132 240
3 188 193
27 193 203
81 131 146
6 41 96
105 132 240
5 105 219
11 107 218
107 218 219
172 204 245
5 172 204
171 203 213
76 80 93
194 203 213
80 93 113
57 80 205
81 93 113
42 80 113
42 80 110
26 144 147
5 144 172
36 49 147
119 145 196
119 145 170
145 152 170
26 144 172
104 195 196
10 195 238
28 57 205
45 58 153
153 195 238
58 72 175
28 57 76
13 28 58
9 134 155
102 234 243
72 73 102
73 109 243
73 102 243
22 138 180
72 182 214
68 154 201
38 51 186
10 12 38
56 68 186
19 33 38
68 201 233
22 169 180
19 38 186
154 169 180
71 86 192
60 71 239
51 86 89
86 89 241
97 122 167
144 189 247
143 179 189
144 152 247
143 192 235
143 179 235
71 143 192
179 235 247
162 229 246
227 229 246
164 216 223
31 216 223
22 211 214
48 208 242
111 208 220
65 197 227
184 197 227
142 187 191
71 186 233
184 227 246
184 197 230
179 189 247
178 204 225
178 204 218
171 193 203
74 171 193
101 169 231
122 167 247
166 222 248
142 155 191
85 208 220
92 161 198
112 149 206
93 148 194
152 170 247
146 204 245
146 178 225
142 148 155
141 176 217
141 209 217
137 141 207
139 165 166
138 177 180
47 135 216
123 132 215
115 126 221
125 181 208
14 125 208
124 194 203
124 156 178
170 183 247
42 113 172
113 172 245
79 112 159
109 159 211
108 120 135
108 120 228
105 107 240
77 107 240
103 198 210
103 114 210
101 214 231
70 149 206
67 100 190
100 174 190
97 167 183
97 119 196
52 96 188
0 142 148
93 148 155
76 93 155
102 199 234
92 133 161
146 204 225
59 91 126
39 133 161
8 39 161
6 39 96
63 199 234
36 45 153
47 59 83
36 87 153
24 135 216
51 86 186
36 40 87
28 45 58
55 116 221
86 192 235
97 119 183
67 190 199
72 182 211
32 35 84
35 46 106
132 215 221
127 190 244
68 186 233
33 56 186
35 84 138
31 118 223
79 206 234
4 30 149
81 146 245
28 157 205
28 76 134
146 156 178
27 188 193
46 154 180
1 25 92
39 96 188
26 42 110
25 92 133
30 128 149
20 24 249
3 8 103
24 130 223
82 88 128
24 164 223
24 164 216
24 130 249
63 100 234
23 34 176
27 52 188
22 84 211
22 84 138
3 111 168
20 24 108
20 108 232
29 35 106
9 155 191
84 112 159
31 61 129
4 100 223
10 33 38
72 73 211
9 53 134
19 33 186
35 46 177
44 90 91
10 58 238
15 95 239
184 237 246
15 60 239
2 48 85
3 111 220
68 101 169
121 139 165
46 154 201
2 16 116
2 198 210
12 38 51
15 29 98
41 77 240
8 161 198
22 214 231
3 8 188
23 54 95
2 198 221
167 183 247
12 51 89
99 140 246
2 200 221
73 109 211
70 206 234
43 74 168
18 146 156
10 12 196
165 166 248
2 116 200
11 41 107
37 65 197
6 25 133
15 60 75
8 39 188
1 92 132
7 15 29
2 16 48
55 158 163
87 104 195
23 176 217
53 102 199
2 85 210
91 117 126
12 89 241
0 194 213
13 28 134
14 208 242
18 124 156
6 39 133
15 23 95
99 237 246
23 34 54
8 103 198
4 64 223
62 197 248
31 83 129
122 235 247
162 212 232
126 215 221
10 195 196
15 23 209
30 88 226
18 131 146
17 47 135
37 62 197
11 52 178
121 139 236
90 123 126
0 148 194
12 97 241
95 202 239
31 61 118
84 112 136
14 61 125
182 211 214
14 61 163
31 83 216
26 42 172
10 33 72
40 144 152
40 145 152
41 77 107
6 41 240
49 80 205
7 15 209
43 187 191
10 58 72
43 191 199
43 199 244
45 49 157
22 169 231
36 45 49
34 78 176
53 134 175
46 177 180
47 83 216
48 55 242
48 55 116
30 222 249
86 235 241
62 150 151
16 48 116
66 124 203
49 80 110
55 185 221
49 157 205
87 104 145
190 199 244
52 66 178
27 52 66
53 72 175
53 72 102
33 56 72
71 86 186
35 138 177
3 103 220
55 163 242
68 154 169
56 101 214
82 139 166
17 120 135
87 153 195
46 60 201
60 201 233
61 129 158
37 62 151
69 162 232
82 128 136
65 227 229
37 65 229
27 66 203
122 235 241
90 91 117
70 100 234
28 45 157
18 124 194
4 70 100
90 117 126
56 72 214
97 122 241
79 112 206
78 141 207
78 141 176
79 234 243
79 109 243
81 113 245
66 124 178
11 52 96
32 84 136
43 74 213
40 87 145
184 230 237
30 88 128
30 64 249
