-1320.47 409.353
-1519.14 1540.53
-1103.06 777.961
-597.807 1592.35
-308.38 -1106.66
566.498 -1227.85
1916.19 -1742.3
-632.311 -395.151
574.405 -1362.15
-251.935 -132.067
42.2863 1370.68
-1579.82 946.841
-1765.45 -1739.19
-470.419 -946.38
454.55 426.725
1708.92 1134.08
-1163.92 -1810.22
674.616 -266.98
967.743 -1923.19
-674.634 -1340.64
-1029.86 1891.86
-568.485 -1113.66
-1850.44 799.204
491.185 723.964
1437.05 -1760.75
-1408.1 -520.663
1609.93 -987.92
-1573.82 1844.48
-727.109 -44.2416
-1101.9 1727.44
-1617.52 -1392.98
861.525 -781.438
-1203.19 -463.859
951.583 1764.55
-387.05 -1723.05
-1576.09 583.095
-1831.19 -144.573
1469.43 -1681.63
-1345.37 -39.3848
1042.33 -1908.32
199.865 1634.23
-428.982 -190.202
-1353.69 -2.80469
-345.72 -80.7974
1952.95 552.382
-353.357 -1664.56
1159.41 -1491.83
-446 1956.21
44.3099 -1494.42
1720.76 1657.26
-1217.47 -1855.33
240.355 -1048.66
0.0985013 -290.215
-730.286 654.73
1670.4 -1687.95
746.411 -129.734
1946.28 -1682.57
1680.06 -1407.41
314.625 -665.657
511.795 267.578
1886.73 -1841.56
603.016 1046.13
-1333.39 -1842.98
1002.34 710.917
-1337.4 723.103
368.177 -554.872
867.775 -1391.47
396.471 -1132.13
318.317 1666.18
1522.6 -11.283
1978.23 269.015
1858.98 1924.51
586.444 1539.05
-1482.9 -1098.93
-1126.61 1028.9
1168.65 -1239.89
1187.34 -228.337
1806.25 1853.94
-71.3211 808.59
564.861 591.277
-468.307 -1066.96
-1963.6 -1600.53
-458.431 432.875
-732.658 1859.89
99.0597 -1210.05
-151.398 77.2925
1058.96 -292.415
1.80545 -354.595
-753.369 518.91
546.474 120.02
-452.19 -284.879
880.135 -1264.85
1486.78 686.382
-1410.91 -584.537
-505.028 1153.95
-1993.26 1026.67
-1913.01 -1956.86
1426.13 -371.443
476.02 -1306.52
-511.557 -1424.92
-516.579 1337.04
652.372 -1457.62
-955.37 -1345.82
187.786 291.261
1173.09 -1265.74
-1588.72 -1279.1
449.381 1291.42
-543.955 -63.8345
-22.2021 45.1358
1351.63 1472.77
-800.912 1358.37
499.435 -713.924
1401.51 -74.4318
914.634 -122.467
619.044 -1596.92
452.613 -1897.53
1740.12 -895.015
-1355.15 -1215.25
-240.837 832.634
1076.01 -1067.75
1566.89 1487.29
-346.852 16.2748
778.708 1109.19
1952.44 -1243.49
-845.671 1304.07
-1770.72 353.417
662.438 728.71
1639.49 63.9508
-1345.72 554.127
1941.48 1273.32
957.203 394.097
1375.79 697.324
1499.08 -1979.37
1482.07 -741.755
853.269 558.085
190.495 420.162
45.3774 1843.64
-1563.56 -1175.91
952.837 -1611.12
-419.408 -1892.83
1692.95 -190.133
460.583 355.384
-1461.42 100.076
-1580.67 -807.144
-1345.8 -1639.18
-1533.82 1611.4
754.915 1841.97
308.728 253.997
1862.6 -209.197
1512.24 715.87
-1651.11 -297.263
-863.968 394.265
-453.619 -427.531
1218.35 -1500.78
-38.6538 -1201.06
-1393.62 -345.707
608.81 1066.97
-1990.32 1147.39
-832.957 -1570.99
-1659.76 -178.755
-1210.17 -1193.58
-567.35 1544.75
-1351.61 1741.38
-201.258 -1489.01
-467.819 -689.016
1226.86 -118.931
1013.72 -1637.11
-1724.67 -1439.9
-64.6416 1493.69
-940.679 1896.7
-1707.37 -334.294
-449.003 901.438
-1267.33 -439.326
48.8245 -100.284
-10.3151 389.067
1720.96 779.515
1195.49 -846.388
324.26 1843.87
-1105.01 -1877
-1645.14 427.172
-566.014 1581.72
-1691.76 -1552.29
1944.61 -1416.42
-992.19 -120.032
-1922.74 67.1309
-223.327 -1630.11
1732.84 1327.67
1271.33 -1534.49
-1111.66 -679.848
365.226 878.029
1709.22 86.188
-342.457 904.707
1239.8 1981.8
748.582 -1865.21
-1895.19 1103.44
561.963 -461.209
685.165 870.204
-13.5012 629.775
1453.78 994.309
-1490.26 1531.04
