95 110 139
11 51 214
98 104 106
50 73 197
50 58 197
31 92 158
11 199 214
221 226 246
9 54 169
74 207 248
59 114 129
22 88 100
66 79 122
56 63 128
43 65 197
6 115 208
25 167 182
1 203 238
35 70 178
92 139 144
40 196 198
138 184 187
72 147 189
15 83 172
40 192 198
146 157 187
1 130 238
155 204 232
9 20 169
155 165 204
111 189 244
26 72 147
15 83 127
19 194 202
99 226 246
101 113 188
0 116 132
32 207 248
22 100 176
13 82 200
13 51 246
52 199 214
52 199 243
43 96 169
34 81 94
100 176 235
142 176 210
62 155 237
14 142 176
34 38 81
77 90 141
53 206 231
66 148 162
88 137 247
53 90 141
112 114 168
12 48 239
9 152 215
3 124 145
16 20 161
20 119 169
23 100 235
4 157 187
37 61 213
4 134 157
138 166 184
10 136 156
28 57 234
10 35 178
10 178 205
40 92 213
40 61 196
107 139 182
139 144 182
107 110 139
86 91 108
107 167 182
146 185 203
25 86 91
61 159 196
37 86 159
40 61 213
108 134 173
37 61 159
37 86 108
70 178 213
138 156 187
108 134 157
35 42 70
4 134 173
42 156 187
76 203 227
24 143 227
143 227 238
76 146 203
203 227 238
91 108 185
185 203 233
91 121 153
91 121 185
104 202 244
1 58 197
41 153 233
1 41 233
121 185 233
121 153 233
1 203 233
1 123 130
1 65 123
16 59 114
1 41 58
1 65 197
130 133 179
43 87 96
73 87 216
41 58 106
44 98 202
72 189 244
98 104 202
19 44 191
21 67 171
21 98 229
21 67 153
92 95 139
31 120 158
44 171 191
95 110 191
19 44 202
111 202 244
31 92 95
31 95 194
15 120 172
8 120 160
31 172 186
31 186 194
64 172 186
111 175 189
97 118 125
26 199 243
82 97 125
64 83 172
31 120 172
13 82 127
120 158 160
8 116 127
8 116 160
0 116 160
101 160 228
0 160 228
101 158 160
117 163 207
69 188 195
109 116 132
0 113 132
13 99 109
99 105 117
51 221 246
13 51 214
97 222 243
51 62 221
46 99 226
5 36 62
13 99 246
46 99 117
32 46 226
34 68 248
164 170 211
34 68 94
5 81 236
14 36 236
5 36 236
5 32 226
3 131 247
14 36 174
3 54 145
47 103 145
47 155 237
47 103 155
26 199 204
62 155 232
97 118 243
82 97 222
13 200 214
82 200 222
26 50 216
26 165 216
50 73 216
52 222 243
103 165 216
26 165 204
73 87 197
43 87 197
103 155 165
54 145 169
133 179 242
43 119 169
9 54 131
20 161 215
9 20 215
16 135 161
17 80 181
9 131 152
75 137 240
151 152 217
3 54 131
3 124 247
14 230 236
14 176 235
14 174 235
22 176 210
14 142 230
81 230 236
34 38 164
38 164 183
30 170 211
90 183 209
90 183 210
77 141 240
88 137 240
22 88 240
22 77 240
137 151 152
30 45 211
34 164 211
45 74 248
148 162 180
193 206 245
148 180 206
55 193 245
55 150 225
55 66 245
78 122 249
55 66 177
66 89 177
55 177 225
29 80 102
18 80 225
60 152 217
2 60 217
18 151 217
48 112 115
18 217 224
2 217 220
66 89 122
18 80 224
80 102 224
49 140 201
17 29 80
78 122 181
17 78 181
12 78 126
78 126 249
57 122 249
6 136 223
12 48 201
48 112 239
12 126 201
12 78 149
2 168 239
20 119 242
2 220 239
112 168 239
85 130 238
119 123 179
119 179 242
123 130 179
85 130 133
115 190 219
112 115 154
6 115 219
112 114 154
143 166 238
7 56 71
7 84 128
7 71 85
7 85 133
24 143 166
85 166 238
24 166 184
146 184 187
4 42 187
70 173 213
7 56 128
178 205 241
6 63 136
10 136 205
6 27 39
6 39 223
136 205 223
205 234 241
27 57 234
27 39 234
49 115 208
6 27 208
33 140 218
57 218 249
33 140 212
33 57 212
33 57 218
57 79 122
28 234 241
28 57 79
28 79 241
205 223 234
39 223 234
126 201 249
140 201 218
201 218 249
141 193 240
75 193 240
19 191 194
95 191 194
111 186 202
122 181 225
117 163 188
69 117 195
0 101 228
101 158 188
32 68 248
2 60 168
49 140 208
43 65 123
71 138 166
32 68 94
59 129 133
87 96 216
4 42 173
170 209 231
41 98 106
40 92 144
38 142 230
37 173 213
47 124 237
57 208 212
37 108 173
29 102 220
64 83 175
96 103 216
34 45 211
60 152 215
107 110 171
32 117 207
6 84 128
30 180 206
30 74 180
30 206 231
30 45 74
66 148 206
114 129 219
34 45 248
23 88 247
26 72 244
23 124 247
24 146 227
5 32 94
32 46 117
25 86 182
11 51 62
56 138 156
124 174 235
17 29 149
43 119 123
135 161 215
0 101 113
56 71 138
40 144 192
21 41 153
60 135 168
186 194 202
16 59 242
69 105 117
13 116 127
108 157 185
83 147 189
13 109 116
58 106 244
96 145 169
150 151 225
22 77 210
23 88 100
144 182 198
117 188 195
62 174 237
16 114 135
137 150 151
17 78 149
59 133 242
60 135 215
26 118 147
118 125 147
52 200 214
48 115 201
26 118 243
23 124 235
99 105 109
26 50 58
10 42 156
30 170 231
11 62 232
41 98 229
109 113 132
47 124 145
10 35 42
5 81 94
6 84 219
24 146 184
105 113 188
42 70 173
26 58 244
29 149 220
5 221 226
6 63 128
80 181 225
36 62 174
63 136 156
56 63 156
199 204 232
142 183 210
64 111 175
64 111 186
66 206 245
71 85 166
53 141 206
90 209 231
38 81 230
11 199 232
104 106 244
12 149 220
77 90 210
131 152 247
82 83 125
82 83 127
55 150 193
16 20 242
83 175 189
7 84 133
84 129 133
170 183 209
86 182 198
107 167 171
8 120 127
53 90 231
69 105 188
91 153 167
93 162 180
74 93 180
96 103 145
21 98 171
5 62 221
18 151 225
44 98 171
67 153 167
102 217 220
102 217 224
159 196 198
52 200 222
105 109 113
110 171 191
114 135 168
114 115 154
114 115 190
114 190 219
49 115 201
27 57 208
15 120 127
122 177 225
89 122 177
124 174 237
21 41 229
83 125 147
84 129 219
75 137 150
12 220 239
141 193 206
38 142 183
144 192 198
25 91 167
75 150 193
137 152 247
146 157 185
158 163 188
76 146 227
86 159 198
140 208 212
67 167 171
164 170 183
