41 153 229
11 51 214
98 104 106
50 73 197
50 58 197
221 226 246
9 54 169
74 207 248
23 235 237
59 114 129
22 88 100
66 79 122
56 63 128
43 65 197
6 115 208
86 196 198
25 167 182
35 70 178
115 154 190
107 171 191
25 86 198
92 139 144
72 147 189
15 83 172
40 192 198
146 157 187
9 20 169
50 72 244
111 189 244
26 72 147
15 83 127
67 107 167
19 194 202
99 109 132
99 226 246
87 103 216
101 113 188
0 116 132
101 158 163
5 62 226
51 62 232
32 94 248
32 207 248
5 32 81
13 82 200
13 51 246
52 199 243
32 81 94
22 77 90
34 81 94
142 176 210
62 155 237
34 38 81
77 90 141
30 209 231
34 211 248
66 148 162
88 137 247
9 152 215
3 124 145
36 62 237
20 119 169
39 205 223
4 157 187
4 134 157
10 136 156
28 57 234
10 35 178
10 178 205
25 182 198
40 92 213
139 144 182
107 110 191
107 167 182
146 185 203
21 153 229
25 91 153
86 159 196
25 86 91
37 86 159
40 61 213
108 134 173
108 173 213
70 178 213
108 134 157
35 42 70
4 134 173
42 156 187
76 203 227
24 143 227
76 184 227
76 146 184
76 146 203
203 227 238
91 121 153
91 121 185
1 58 197
121 185 233
16 59 114
65 119 123
73 87 216
87 96 103
26 50 72
41 58 106
50 58 244
44 98 202
72 189 244
98 104 202
21 44 171
21 67 153
95 110 191
19 44 202
31 92 95
31 95 194
15 120 172
8 120 160
31 172 186
31 186 194
64 172 186
111 175 189
26 199 243
82 97 125
64 83 172
31 120 172
120 158 160
8 116 127
109 116 127
101 160 228
0 160 228
101 158 160
0 113 228
101 163 188
117 163 207
69 188 195
105 117 195
69 105 195
101 113 228
109 116 132
0 113 132
13 99 109
11 51 232
51 221 246
13 51 214
51 62 221
46 99 226
62 221 226
5 36 62
13 99 246
46 99 117
32 46 226
34 68 248
164 170 211
68 94 248
34 68 94
5 32 226
3 131 247
3 54 145
36 174 237
47 103 145
47 155 237
47 103 155
47 145 237
26 199 204
62 155 232
82 97 222
13 200 214
82 200 222
26 50 216
26 165 216
50 73 216
52 222 243
103 165 216
26 165 204
73 87 197
43 87 197
103 155 165
54 145 169
17 80 181
9 131 152
75 137 240
131 137 152
131 137 247
88 100 247
23 100 124
124 145 237
100 124 247
23 124 237
3 124 247
14 230 236
14 176 235
14 174 235
174 235 237
81 230 236
34 38 164
22 90 210
38 164 183
90 183 209
90 183 210
77 141 240
53 209 231
88 137 240
55 75 150
22 88 240
22 77 240
75 141 240
66 148 245
75 141 193
137 151 152
30 180 231
30 45 180
30 45 211
34 164 211
45 74 248
45 211 248
74 93 162
148 162 180
148 180 206
55 150 225
66 89 177
55 177 225
29 80 102
2 60 217
149 220 239
66 89 122
18 80 224
80 102 224
17 29 80
78 122 181
17 78 181
12 78 126
78 126 249
49 208 212
48 49 201
12 48 201
48 112 239
12 126 201
102 220 224
12 78 149
2 168 239
20 119 242
2 220 239
112 168 239
16 20 59
20 59 242
119 179 242
6 63 219
7 84 129
84 114 129
84 128 219
115 190 219
112 115 154
6 115 219
112 114 154
114 154 190
63 128 219
7 56 71
7 84 128
7 71 85
24 143 166
85 166 238
24 184 227
146 184 187
4 42 187
7 56 128
178 205 241
10 136 205
6 27 39
39 205 234
6 39 223
136 205 223
205 234 241
140 218 249
27 39 234
49 115 208
6 27 208
27 208 212
33 140 218
57 218 249
49 140 212
33 140 212
33 57 212
33 57 218
28 234 241
1 233 238
170 209 211
126 201 249
57 212 234
19 191 194
95 191 194
111 186 202
185 233 238
122 181 225
66 177 245
55 177 245
142 176 230
14 176 230
9 16 215
1 58 233
117 163 188
30 209 211
45 162 180
104 111 244
12 48 149
2 60 168
71 138 166
42 173 213
59 129 133
53 180 206
4 42 173
41 98 106
40 92 144
92 120 158
38 142 230
37 91 185
36 81 236
5 36 81
29 102 220
64 83 175
60 152 215
32 117 207
45 74 162
107 110 182
130 133 238
57 78 249
37 61 196
185 203 238
87 96 169
24 138 184
44 98 229
28 57 241
55 75 245
18 80 181
9 16 20
32 46 117
41 121 233
3 9 131
60 151 217
2 217 224
56 138 156
49 112 115
43 65 169
57 79 241
42 70 213
53 141 209
17 29 149
135 161 215
11 52 199
135 161 168
56 71 138
18 181 225
40 144 192
118 222 243
60 151 152
0 8 160
37 108 185
60 135 168
85 129 133
186 194 202
2 220 224
21 107 171
108 157 185
83 147 189
3 9 54
19 171 191
58 106 244
16 112 168
96 145 169
84 114 219
150 151 225
104 111 202
16 112 114
85 133 238
19 44 171
22 100 210
41 121 153
144 182 198
21 44 229
117 188 195
16 161 215
137 150 151
17 78 149
119 123 130
59 133 242
23 176 235
60 135 215
48 149 239
26 118 147
52 200 214
83 97 125
26 118 243
151 217 224
10 42 156
37 159 196
41 98 229
53 180 231
21 67 107
49 140 249
37 86 91
48 49 112
10 35 42
23 100 176
105 113 188
148 193 206
11 52 214
40 61 198
29 149 220
156 184 187
63 136 156
56 63 156
6 63 223
43 87 169
63 136 223
199 204 232
83 118 147
142 183 210
64 111 175
64 111 186
24 138 166
65 119 169
61 108 213
71 85 166
53 141 206
75 193 245
38 81 230
11 199 232
49 201 249
104 106 244
1 123 238
165 204 232
78 79 122
57 78 79
82 83 125
82 83 127
14 174 236
82 109 127
130 133 242
83 97 118
83 175 189
27 212 234
170 183 209
7 85 129
31 92 120
8 120 127
69 105 188
92 95 110
92 110 139
96 103 145
110 139 182
25 153 167
105 113 132
18 151 225
67 153 167
13 82 109
105 117 132
41 58 233
52 200 222
155 165 232
36 174 236
114 190 219
99 117 132
97 118 222
119 130 179
15 120 127
122 177 225
89 122 177
1 123 197
65 123 197
123 130 238
130 179 242
75 137 150
100 176 210
141 193 206
90 141 209
38 142 183
0 8 116
144 192 198
37 61 108
148 193 245
18 151 224
138 156 184
146 157 185
61 196 198
16 161 168
143 166 227
166 227 238
164 170 183
