95 110 139
11 51 214
98 104 106
50 73 197
50 58 197
11 199 214
221 226 246
9 54 169
59 114 129
22 88 100
66 79 122
56 63 128
43 65 197
6 115 208
25 167 182
35 70 178
92 139 144
40 196 198
138 184 187
72 147 189
155 204 232
155 165 204
111 189 244
26 72 147
67 107 167
99 109 132
8 15 127
101 113 188
0 116 132
46 117 207
51 62 232
30 170 209
32 207 248
22 100 176
13 82 200
52 199 214
52 199 243
34 81 94
62 155 237
34 38 81
77 90 141
30 209 231
53 206 231
66 148 162
45 74 180
88 137 247
53 90 141
53 193 206
112 114 168
9 152 215
3 124 145
36 62 237
16 20 161
20 119 169
10 35 156
39 205 223
4 157 187
4 134 157
10 136 156
28 57 234
56 63 136
29 78 149
10 35 178
40 92 192
40 92 213
139 144 182
92 144 192
144 182 192
107 110 139
146 185 203
25 91 153
25 86 91
37 86 159
108 134 173
108 173 213
70 178 213
108 134 157
4 134 173
42 156 187
76 203 227
24 143 227
143 227 238
76 146 184
76 146 203
203 227 238
91 121 153
91 121 185
41 106 229
1 58 197
121 185 233
16 59 114
65 119 123
130 133 179
73 87 216
87 96 103
41 58 106
50 58 244
44 98 202
72 189 244
98 104 202
98 106 229
21 98 229
92 95 139
95 110 191
111 186 194
111 194 202
31 92 95
31 95 194
8 120 160
31 172 186
31 186 194
64 172 186
64 175 189
111 175 189
26 199 243
13 109 127
82 97 125
64 83 172
64 83 189
8 15 120
13 82 127
120 158 160
8 116 127
8 116 160
99 113 132
109 116 127
0 116 160
0 160 228
117 163 207
69 188 195
105 117 195
69 105 195
99 105 113
109 116 132
0 113 132
13 99 109
99 105 117
11 51 232
51 221 246
97 222 243
51 62 221
46 99 226
5 36 62
46 99 117
32 46 207
32 46 226
164 170 211
34 68 94
5 32 226
3 131 247
3 54 145
36 174 237
47 103 145
47 155 237
47 103 155
26 199 204
62 155 232
52 214 222
97 118 243
200 214 222
26 50 216
26 165 216
50 73 216
52 222 243
26 165 204
73 87 197
43 87 197
103 155 165
54 145 169
133 179 242
9 54 131
20 161 215
152 161 215
16 135 161
17 80 181
75 137 240
151 152 217
131 137 247
3 54 131
23 100 124
3 124 247
14 230 236
14 176 235
14 174 235
81 142 230
81 230 236
38 183 210
38 81 142
38 142 210
34 38 164
38 164 183
30 170 211
90 183 209
88 137 240
22 88 240
22 77 240
53 141 193
137 151 152
34 164 211
148 162 180
193 206 245
148 180 206
89 177 225
80 122 225
18 80 225
60 152 217
2 60 217
2 135 168
48 112 115
2 60 135
2 217 220
66 89 122
89 122 225
18 80 224
80 102 224
80 122 181
17 29 78
78 122 181
17 78 181
12 78 126
78 126 249
49 208 212
48 49 115
48 49 201
12 48 201
48 112 239
12 126 201
12 78 149
2 168 239
20 119 242
2 220 239
112 168 239
16 20 59
20 59 242
119 123 179
119 179 242
123 130 179
84 114 129
84 114 190
112 115 154
6 115 219
112 114 154
114 154 190
56 71 156
143 166 238
7 56 71
84 190 219
7 84 128
7 71 85
7 85 133
85 166 238
4 70 173
4 42 187
4 42 70
70 173 213
56 136 156
7 56 128
178 205 241
39 205 234
205 234 241
140 218 249
27 39 234
49 115 208
6 27 208
27 208 212
33 140 218
57 218 249
49 140 212
33 140 212
33 57 212
33 57 218
28 234 241
28 57 79
28 79 241
1 233 238
126 201 249
13 200 246
40 196 213
57 212 234
61 196 213
19 191 194
95 191 194
185 233 238
55 177 245
178 205 223
142 176 230
14 176 230
9 131 137
1 58 233
51 200 246
117 163 188
77 183 210
0 101 228
101 158 188
45 74 207
104 111 244
12 48 149
107 139 167
32 68 248
44 194 202
71 138 166
32 68 94
59 129 133
45 180 211
92 120 158
37 86 185
75 77 193
47 124 237
83 127 172
36 81 236
5 36 81
29 102 220
107 110 171
48 220 239
30 180 206
130 133 238
30 206 231
24 76 184
66 148 206
21 41 67
57 78 249
37 61 196
45 207 248
185 203 238
87 96 169
10 136 223
9 137 152
10 178 223
24 138 184
88 124 247
41 67 153
26 72 244
55 150 245
51 200 214
5 32 94
41 121 233
25 86 182
26 50 244
43 65 169
124 174 235
139 167 182
0 101 113
42 70 156
15 31 172
37 108 185
40 182 198
15 31 120
21 107 171
13 99 226
108 157 185
83 147 189
19 171 191
58 106 244
22 142 210
96 145 169
104 111 202
22 77 210
85 133 238
19 44 171
41 121 153
17 29 102
117 188 195
22 142 176
16 114 135
17 80 102
137 150 151
59 133 242
23 176 235
26 118 147
82 97 200
83 97 125
26 118 243
87 165 216
23 124 235
6 63 84
151 217 224
154 190 219
37 159 196
21 67 107
49 140 249
47 124 145
5 81 94
6 84 219
15 127 172
23 100 176
24 76 227
105 113 188
63 84 128
115 154 219
6 27 223
29 149 220
5 221 226
27 39 223
20 169 215
45 68 211
71 138 187
6 63 223
97 200 222
43 87 169
63 136 223
199 204 232
83 118 147
64 111 175
64 111 186
13 226 246
65 119 169
66 206 245
61 108 213
146 157 184
35 70 156
71 85 166
71 156 187
48 149 220
77 90 183
90 209 231
11 199 232
49 201 249
104 106 244
1 123 238
77 141 193
78 79 122
57 78 79
82 83 125
82 83 127
14 174 236
30 180 211
83 97 118
27 212 234
7 84 133
84 129 133
170 183 209
86 182 198
31 92 120
86 91 185
87 103 165
88 100 124
66 89 245
158 160 228
89 177 245
53 90 231
69 105 188
40 182 192
93 162 180
74 93 180
96 103 145
25 153 167
21 98 171
5 62 221
18 151 225
44 98 171
67 153 167
102 217 220
102 217 224
159 196 198
41 58 233
75 77 240
157 184 187
36 174 236
110 171 191
114 135 168
9 169 215
34 68 211
19 44 194
1 123 197
65 123 197
123 130 238
124 174 237
21 41 229
60 135 152
75 137 150
24 138 143
138 143 166
135 152 161
45 68 248
37 61 108
55 150 177
75 150 193
150 151 177
151 177 225
18 151 224
146 157 185
158 163 188
101 158 228
86 159 198
150 193 245
164 170 183
