95 110 139
11 51 214
98 104 106
50 73 197
50 58 197
11 199 214
221 226 246
23 235 237
59 114 129
66 79 122
56 63 128
43 65 197
6 115 208
25 167 182
1 203 238
115 154 190
107 171 191
25 86 198
92 139 144
72 147 189
15 83 172
155 204 232
155 165 204
26 72 147
15 83 127
64 175 186
99 226 246
163 188 195
101 113 188
0 116 132
46 117 207
101 158 163
51 62 232
32 207 248
13 82 200
11 199 204
13 51 246
52 199 214
52 199 243
34 81 94
100 176 235
53 90 209
14 142 176
34 38 81
77 90 141
30 209 231
53 206 231
66 148 162
88 137 247
53 90 141
53 193 206
112 114 168
9 152 215
3 124 145
36 62 237
71 85 138
16 20 161
20 119 169
23 100 235
10 35 156
4 157 187
4 134 157
10 136 156
56 63 136
10 35 178
40 92 192
25 182 198
40 92 213
139 144 182
92 144 192
144 182 192
107 110 191
107 167 182
25 86 91
61 159 196
37 86 159
108 146 157
108 134 173
37 61 159
108 134 157
35 42 70
4 134 173
42 156 187
76 203 227
24 143 227
85 138 166
76 146 184
76 146 203
203 227 238
185 203 233
91 121 153
91 121 185
104 202 244
1 58 197
121 185 233
1 203 233
1 65 123
16 59 114
1 65 197
87 96 103
41 58 106
44 98 202
98 104 202
19 44 191
21 44 171
21 67 171
92 95 139
44 171 191
95 110 191
19 95 191
19 44 202
111 186 194
19 95 194
111 202 244
31 92 95
31 95 194
15 120 172
8 120 160
31 172 186
31 186 194
111 175 186
64 172 186
111 175 189
97 118 125
26 199 243
82 97 125
64 83 172
31 120 172
120 158 160
8 116 127
109 116 127
101 160 228
0 160 228
101 158 160
101 163 188
117 163 207
69 188 195
105 117 195
117 163 195
69 105 195
109 116 132
0 113 132
13 99 109
99 105 117
11 51 232
51 221 246
13 51 214
51 62 221
46 99 226
5 36 62
13 99 246
46 99 117
32 46 207
34 68 94
3 131 247
3 54 145
36 174 237
47 103 145
47 155 237
47 103 155
82 97 222
13 200 214
82 200 222
11 204 232
26 50 216
26 165 216
50 73 216
52 222 243
103 165 216
103 155 165
54 145 169
43 119 169
9 54 131
20 161 215
9 20 215
17 80 181
75 137 240
131 137 247
88 100 247
3 54 131
23 100 124
100 124 247
23 124 237
3 124 247
14 230 236
14 176 235
14 174 235
174 235 237
14 142 230
38 183 210
38 142 210
34 38 164
38 164 183
164 170 209
90 183 210
77 141 240
53 209 231
88 137 240
55 75 150
148 206 245
53 141 193
66 148 245
137 151 152
30 45 180
30 45 211
74 93 162
193 206 245
89 177 225
80 122 225
66 89 177
29 80 102
18 80 225
2 135 168
48 112 115
2 217 220
217 220 224
66 89 122
89 122 225
18 80 224
80 102 224
80 122 181
17 29 80
78 122 181
17 78 181
12 78 126
78 126 249
49 208 212
6 136 223
12 48 201
48 112 239
12 126 201
102 220 224
29 102 149
102 149 220
16 114 168
112 168 239
16 20 59
20 59 242
6 63 219
7 84 129
84 114 129
84 114 190
115 190 219
112 115 154
6 115 219
112 114 154
114 154 190
7 56 71
84 190 219
7 84 128
7 71 85
85 166 238
35 42 156
4 42 187
56 136 156
7 56 128
178 205 241
6 63 136
6 27 39
6 39 223
205 234 241
140 218 249
27 39 234
49 115 208
6 27 208
27 208 212
33 140 218
57 218 249
49 140 212
33 140 212
27 57 212
33 57 212
33 57 218
28 234 241
28 57 79
28 79 241
62 232 237
205 223 234
39 223 234
170 209 211
40 198 213
196 198 213
61 196 213
141 193 240
75 193 240
66 177 245
55 177 245
178 205 223
9 131 137
1 58 233
49 126 249
49 126 201
30 209 211
0 101 228
19 111 194
45 74 207
45 162 180
32 68 248
22 88 176
43 65 123
43 73 87
42 173 213
32 68 94
59 129 133
4 42 173
41 98 106
92 120 158
38 230 236
38 142 230
37 91 185
47 124 237
36 81 236
5 36 81
35 178 213
64 83 175
60 152 215
43 73 197
45 74 162
48 220 239
107 110 182
30 180 206
130 133 238
148 162 206
30 206 231
24 76 184
21 41 67
57 78 249
12 48 220
12 17 78
45 207 248
63 84 219
34 164 170
87 96 169
10 136 223
9 137 152
10 178 223
24 138 184
168 220 239
41 67 153
26 72 244
44 98 229
55 75 245
5 32 94
41 121 233
60 151 217
155 232 237
35 70 213
56 138 156
27 28 57
20 119 179
165 199 204
42 70 213
17 29 149
43 119 123
135 161 215
0 101 113
135 161 168
56 71 138
12 17 149
61 108 173
118 222 243
60 151 152
0 8 160
37 108 185
5 46 226
85 129 133
40 182 198
73 87 103
5 32 46
73 103 216
83 147 189
58 106 244
22 142 210
96 145 169
22 77 210
38 81 236
85 133 238
41 121 153
21 44 229
22 142 176
137 150 151
20 54 169
119 123 130
59 133 242
60 135 215
26 118 147
118 125 147
19 111 202
52 200 214
48 115 201
26 118 243
20 179 242
99 105 109
151 217 224
26 50 58
41 98 229
109 113 132
49 140 249
37 86 91
47 124 145
5 81 94
61 173 213
24 76 227
105 113 188
26 58 244
63 84 128
27 28 234
156 184 187
72 111 244
5 221 226
45 68 211
88 100 176
43 87 169
67 91 153
67 91 167
146 157 184
72 111 189
90 164 183
75 193 245
34 170 211
77 88 240
104 106 244
1 123 238
22 77 88
12 149 220
90 164 209
77 90 210
78 79 122
57 78 79
82 83 125
82 83 127
14 174 236
82 109 127
130 133 242
83 175 189
7 85 129
107 167 171
31 92 120
8 120 127
2 135 217
69 105 188
40 182 192
96 103 145
110 139 182
5 62 221
18 151 225
13 82 109
159 196 198
41 58 233
157 184 187
52 200 222
108 146 203
2 168 220
105 109 113
36 174 236
49 115 201
34 68 211
97 118 222
119 130 179
15 120 127
108 185 203
123 130 238
21 41 229
83 125 147
130 179 242
60 135 217
75 137 150
24 138 143
138 143 166
45 68 248
0 8 116
37 61 108
55 150 177
25 91 167
150 151 177
151 177 225
18 151 224
138 156 184
86 159 198
16 161 168
162 180 206
26 165 199
143 166 227
9 20 54
166 227 238
67 167 171
