182 192 198
11 51 214
50 73 197
50 58 197
221 226 246
9 54 169
74 207 248
23 235 237
25 67 153
59 114 129
22 88 100
66 79 122
56 63 128
43 65 197
6 115 208
25 167 182
1 203 238
35 70 178
92 139 144
138 184 187
72 147 189
15 83 172
40 192 198
1 130 238
9 20 169
26 72 147
15 83 127
67 107 167
64 175 186
19 194 202
99 109 132
101 113 188
0 116 132
46 117 207
5 62 226
51 62 232
30 170 209
32 207 248
22 100 176
13 82 200
13 51 246
43 96 169
22 77 90
34 81 94
100 176 235
142 176 210
14 142 176
34 38 81
77 90 141
30 209 231
66 148 162
164 183 209
88 137 247
53 193 206
112 114 168
12 48 239
9 152 215
60 135 161
3 124 145
36 62 237
71 85 138
16 20 161
20 119 169
23 100 235
10 35 156
39 205 223
37 61 213
4 134 157
10 136 156
56 63 136
29 78 149
10 35 178
10 178 205
40 92 213
139 144 182
144 182 192
107 110 139
146 185 203
25 91 153
67 107 171
25 86 91
61 159 196
37 86 159
40 61 213
108 134 173
37 61 159
37 86 108
70 178 213
108 134 157
4 134 173
42 156 187
76 203 227
24 143 227
76 184 227
143 227 238
76 146 184
76 146 203
203 227 238
91 121 153
91 121 185
41 106 229
1 58 197
121 185 233
1 123 130
16 59 114
130 133 179
43 87 96
73 87 216
41 58 106
44 98 202
98 104 202
21 67 171
21 98 229
25 67 167
44 171 191
95 110 191
19 44 202
19 95 194
31 92 95
31 95 194
15 120 172
8 120 160
31 172 186
31 186 194
111 175 186
64 172 186
64 175 189
111 175 189
97 118 125
13 109 127
82 97 125
64 83 172
64 83 189
31 120 172
13 82 127
120 158 160
8 116 127
8 116 160
109 116 127
0 113 228
117 163 207
69 188 195
101 113 228
109 116 132
0 113 132
13 99 109
11 51 232
51 221 246
13 51 214
97 222 243
51 62 221
46 99 226
62 221 226
5 36 62
46 99 117
32 46 207
32 46 226
34 68 248
34 68 94
5 81 236
14 36 236
5 36 236
5 32 226
3 131 247
14 36 174
3 54 145
36 174 237
47 103 145
47 103 155
26 199 204
62 155 232
52 214 222
97 118 243
200 214 222
13 200 214
26 50 216
26 165 216
50 73 216
52 222 243
103 165 216
26 165 204
103 155 165
54 145 169
133 179 242
43 119 169
9 54 131
20 161 215
152 161 215
9 20 215
17 80 181
9 131 152
75 137 240
3 54 131
23 124 237
3 124 247
14 230 236
14 176 235
14 174 235
174 235 237
22 176 210
81 142 230
14 142 230
81 230 236
38 183 210
38 81 142
38 142 210
34 38 164
22 90 210
38 164 183
30 170 211
164 170 209
90 183 209
90 183 210
53 209 231
88 137 240
55 75 150
53 141 193
66 148 245
137 151 152
30 180 231
30 45 211
45 74 248
74 162 180
74 93 162
55 150 225
66 89 177
55 177 225
18 80 225
18 151 217
2 135 168
60 152 161
18 217 224
66 89 122
18 80 224
80 102 224
17 29 78
49 140 201
78 122 181
17 78 181
12 78 126
78 126 249
126 140 201
48 49 201
12 48 201
48 112 239
12 126 201
102 220 224
12 78 149
2 168 239
16 114 168
2 220 239
112 168 239
16 20 59
20 59 242
119 123 179
123 130 179
84 128 219
84 114 190
112 115 154
6 115 219
112 114 154
114 154 190
56 71 156
143 166 238
7 56 71
84 190 219
7 84 128
7 71 85
24 143 166
85 166 238
24 184 227
24 166 184
146 184 187
4 42 187
56 136 156
7 56 128
178 205 241
10 136 205
6 27 39
39 205 234
6 39 223
136 205 223
205 234 241
140 218 249
27 39 234
49 115 208
6 27 208
27 208 212
126 140 249
33 140 218
57 218 249
33 140 212
27 57 212
33 57 212
33 57 218
28 234 241
28 57 79
28 79 241
111 186 202
122 181 225
66 177 245
55 177 245
1 58 233
86 108 185
117 163 188
69 117 195
101 158 188
104 111 244
107 139 167
32 68 248
49 140 208
43 65 123
43 73 87
42 173 213
32 68 94
59 129 133
87 96 216
53 180 206
85 166 184
4 42 173
40 92 144
92 120 158
75 77 193
37 173 213
47 124 237
37 108 173
29 102 220
96 103 216
34 45 211
107 110 171
43 73 197
130 133 238
30 74 180
148 162 206
30 45 74
47 62 155
21 41 67
57 78 249
34 45 248
23 88 124
34 164 170
88 124 247
41 67 153
4 146 157
26 72 244
55 75 245
5 32 94
41 121 233
60 151 217
25 86 182
2 217 224
49 112 115
27 28 57
20 119 179
4 146 187
139 167 182
1 185 203
42 70 213
53 141 209
43 119 123
42 70 156
11 52 199
135 161 168
40 144 192
60 151 152
1 185 233
85 129 133
186 194 202
2 220 224
69 105 117
13 99 226
108 157 185
83 147 189
26 52 243
58 106 244
96 145 169
150 151 225
104 111 202
85 133 238
23 88 100
41 121 153
17 29 102
117 188 195
17 80 102
137 150 151
47 62 237
59 133 242
6 128 219
26 118 147
82 97 200
118 125 147
26 118 243
20 179 242
26 50 58
154 190 219
53 180 231
47 124 145
48 49 112
5 81 94
105 113 188
148 193 206
11 52 214
40 61 198
26 58 244
115 154 219
27 28 234
29 149 220
72 111 244
6 63 128
80 181 225
71 138 187
6 63 223
97 200 222
63 136 223
199 204 232
13 226 246
35 70 156
72 111 189
71 156 187
75 193 245
34 170 211
77 88 240
11 199 232
104 106 244
22 77 88
12 149 220
77 141 193
165 204 232
78 79 122
57 78 79
131 152 247
82 83 125
82 83 127
7 85 129
85 138 184
104 106 229
86 182 198
31 92 120
86 91 185
8 120 127
26 52 199
7 114 129
158 160 228
2 135 217
69 105 188
92 95 110
92 110 139
96 103 145
21 98 171
105 113 132
18 151 225
44 98 171
159 196 198
98 104 229
105 117 132
41 58 233
75 77 240
155 165 232
110 171 191
116 160 228
0 116 228
99 117 132
15 120 127
122 177 225
89 122 177
1 123 197
65 123 197
21 41 229
83 125 147
60 135 217
44 95 191
75 137 150
19 44 95
12 220 239
90 141 209
148 193 245
137 152 247
146 157 185
158 163 188
101 158 228
86 159 198
61 196 198
7 84 114
16 161 168
162 180 206
140 208 212
