23 66 175
151 185 236
51 111 244
38 147 192
63 107 194
53 110 246
6 44 177
21 163 184
76 84 121
54 88 122
106 112 155
77 138 212
26 87 196
87 89 171
19 166 236
23 106 154
8 76 121
1 104 151
10 131 147
10 16 131
0 82 199
14 147 192
10 14 147
0 59 199
11 139 176
32 153 206
62 231 244
67 201 231
17 111 238
124 176 245
18 30 209
12 124 243
69 92 175
7 107 237
116 179 226
44 70 209
17 177 238
63 194 197
17 177 224
75 83 108
6 108 204
20 168 172
20 168 248
150 164 184
42 57 144
174 189 200
88 110 136
163 164 184
66 146 175
50 69 210
121 216 229
77 138 239
24 26 87
77 196 239
2 94 114
97 148 229
54 65 100
43 53 248
169 181 207
215 217 227
78 126 165
4 178 215
4 119 227
4 215 227
4 85 90
4 119 233
4 89 233
89 225 233
89 90 211
89 154 211
154 161 214
95 114 141
4 89 90
89 171 225
78 126 157
23 106 112
89 106 154
66 112 155
41 126 165
41 85 165
3 151 236
195 199 232
31 55 123
1 52 151
78 104 157
23 52 175
52 92 151
1 23 52
52 92 175
23 66 112
50 69 185
150 184 210
47 50 202
69 92 185
3 133 219
3 35 55
32 142 145
92 151 185
3 35 151
0 3 55
59 199 208
0 3 133
133 159 219
0 25 133
32 93 153
0 55 82
31 38 123
31 55 82
55 123 126
38 131 147
38 131 156
82 199 232
195 208 213
25 59 206
195 199 208
0 25 59
32 72 206
14 195 213
32 142 159
3 33 236
33 115 166
3 33 219
47 50 105
32 72 159
81 145 182
142 159 219
153 206 213
12 32 93
11 58 149
93 153 245
67 74 80
12 93 245
12 124 245
124 139 176
81 230 243
11 139 201
67 186 201
67 80 186
49 67 231
49 67 74
124 186 243
173 226 230
80 230 243
51 111 173
80 186 243
81 182 243
12 182 243
81 226 230
50 105 185
81 116 226
36 117 173
36 111 173
5 49 230
51 173 230
51 231 244
5 51 230
17 36 111
102 111 244
62 102 244
27 116 179
30 101 179
30 48 209
101 117 179
18 30 101
50 202 210
27 30 48
48 70 202
48 70 209
27 30 179
19 39 166
27 48 60
33 115 219
27 39 223
33 166 236
39 115 166
27 145 223
142 145 223
39 115 223
98 160 235
21 163 235
98 184 210
40 160 235
56 88 110
40 144 235
57 109 118
40 57 144
127 172 180
42 75 120
42 163 164
135 150 164
21 98 184
21 98 235
44 209 224
34 46 150
34 70 202
6 7 177
44 177 224
17 36 224
61 222 238
61 62 102
45 128 194
45 128 222
140 143 168
128 194 237
194 197 247
107 194 237
7 63 107
9 83 204
63 197 204
83 143 172
83 108 204
29 140 143
9 197 204
42 75 164
9 83 143
9 143 197
29 64 91
64 91 247
45 62 91
29 64 143
29 91 125
125 140 220
29 125 140
137 174 189
43 137 249
143 168 172
170 189 249
20 127 172
20 191 248
43 191 248
137 174 180
75 174 180
127 137 180
20 127 191
75 120 174
120 174 200
42 57 120
56 110 246
137 189 249
15 228 242
65 134 198
71 134 242
15 99 242
53 86 248
54 88 136
71 134 136
8 148 229
94 97 229
8 122 167
56 129 162
88 122 162
56 132 246
71 110 136
56 132 200
56 88 162
40 57 109
146 175 234
66 146 193
146 190 234
66 155 193
22 146 193
190 205 234
76 190 205
84 146 190
76 84 190
26 68 196
8 121 229
68 77 196
84 121 216
22 24 26
13 87 171
24 155 183
24 87 183
106 155 183
187 225 233
138 188 212
94 212 240
95 188 212
37 187 188
37 95 188
65 73 228
2 158 218
15 86 99
2 94 97
73 218 228
65 73 100
15 86 203
65 198 228
37 86 203
198 228 242
134 198 242
203 218 228
158 203 221
15 203 228
37 158 203
37 95 158
203 218 221
158 218 221
178 217 241
171 187 225
109 167 234
118 162 167
122 162 167
98 160 210
69 160 210
69 160 175
160 175 234
156 178 241
152 156 207
156 169 207
35 151 157
104 151 157
150 202 210
57 118 129
49 51 231
46 108 135
41 126 156
84 146 216
53 189 246
40 160 234
40 109 234
178 215 217
113 119 227
23 78 104
18 36 101
96 113 119
73 97 218
6 63 204
32 145 182
31 82 232
156 169 241
31 192 232
22 146 216
19 47 105
18 36 224
28 168 248
47 48 202
73 100 148
25 133 159
28 168 220
115 142 223
124 139 201
43 127 137
24 155 193
113 217 241
23 154 161
22 26 68
5 49 51
4 41 178
71 103 110
14 195 232
83 172 180
6 7 63
43 127 191
53 86 99
11 149 153
189 200 246
61 111 238
68 94 212
42 163 235
25 72 206
41 156 178
13 138 187
6 44 46
10 58 213
34 44 70
58 149 153
47 48 60
42 144 235
124 186 201
19 47 60
31 38 192
140 168 220
71 99 103
64 143 247
71 99 242
53 103 110
7 237 238
130 181 207
35 55 157
11 153 245
19 27 60
138 187 188
18 209 224
1 23 104
6 46 108
96 152 207
10 16 58
94 141 240
59 206 213
14 192 232
118 129 162
11 176 245
12 32 182
36 101 117
4 41 85
38 126 156
53 99 103
87 89 183
38 123 126
22 68 216
16 131 156
16 152 156
19 27 39
19 105 185
53 170 189
56 129 200
43 53 249
7 177 238
94 114 141
57 120 129
169 181 241
58 153 213
59 208 213
78 85 165
68 94 229
61 102 111
45 62 222
54 65 136
100 122 148
61 62 222
65 134 136
128 237 238
23 78 161
75 135 164
13 87 239
68 77 212
68 216 229
73 97 148
95 114 158
49 74 230
74 80 230
75 108 135
90 154 211
76 167 205
8 76 167
78 85 161
79 119 233
13 171 187
113 217 227
16 79 152
75 83 180
85 161 214
85 90 214
87 196 239
89 106 183
117 179 226
90 154 214
19 185 236
8 122 148
79 96 119
96 113 130
95 212 240
95 141 240
79 96 152
2 97 218
34 150 202
54 100 122
109 118 167
113 130 181
22 24 193
132 200 246
113 181 241
34 44 46
2 114 158
25 72 159
115 142 219
53 170 249
10 14 213
46 135 150
27 116 145
81 116 145
45 194 247
117 173 226
13 138 239
128 222 238
96 130 207
120 129 200
167 205 234
55 126 157
45 91 247
143 197 247
