23 78 154
113 130 217
38 147 192
63 107 194
53 110 246
53 71 110
21 163 184
54 88 122
87 106 183
106 112 155
77 138 212
73 97 100
130 181 241
79 96 130
96 130 181
87 89 171
19 166 236
23 106 154
35 104 157
31 38 82
10 16 131
0 82 199
14 147 192
14 58 213
59 206 208
192 195 232
5 51 231
5 49 231
0 59 199
11 139 176
32 153 206
62 231 244
67 201 231
124 139 186
124 176 245
34 202 210
69 92 175
7 107 237
34 150 210
46 108 150
116 179 226
44 70 209
17 177 238
63 194 197
75 83 108
6 108 204
7 63 204
20 168 172
20 168 248
42 57 144
174 189 200
88 110 136
66 146 175
50 69 210
121 216 229
77 138 239
77 196 239
138 188 239
97 148 229
43 53 248
130 217 241
119 217 227
156 169 178
169 178 181
96 181 207
169 181 207
178 181 241
215 217 227
78 126 165
113 119 217
4 178 215
4 119 227
4 215 227
90 161 214
113 119 233
4 119 233
4 89 233
89 225 233
89 154 211
187 188 239
95 114 141
4 89 90
89 171 225
78 126 157
78 154 161
23 106 112
89 106 154
22 24 155
66 112 155
41 126 165
41 85 165
195 199 232
35 126 157
31 55 123
78 104 157
23 52 175
1 23 52
52 92 175
50 69 185
34 46 70
150 184 210
69 92 185
3 133 219
35 104 151
59 199 208
0 3 133
133 159 219
0 25 133
32 93 153
38 82 192
31 38 123
31 55 82
38 131 147
82 192 232
82 199 232
14 192 195
25 59 206
195 199 208
0 25 59
32 72 206
14 195 213
32 142 159
72 133 159
3 33 219
32 72 159
81 145 182
142 159 219
115 219 223
153 206 213
11 58 149
93 153 245
67 74 80
12 124 245
124 139 176
49 74 80
67 186 201
49 67 231
49 67 74
80 230 243
51 111 173
12 182 243
12 145 182
50 105 185
27 81 145
18 101 117
36 111 173
173 179 226
51 231 244
5 51 230
17 36 111
61 102 238
62 102 244
18 36 117
30 101 179
101 117 179
18 30 101
50 202 210
27 30 48
44 46 70
48 70 202
19 39 166
27 48 60
27 81 116
33 166 236
39 115 166
142 219 223
27 145 223
142 145 223
39 115 223
19 39 60
21 163 235
98 184 210
40 144 235
40 57 144
132 189 246
42 163 164
108 135 150
135 150 164
21 98 184
21 98 235
44 46 108
44 209 224
34 46 150
34 70 202
6 7 177
61 222 238
45 61 222
45 128 194
45 128 222
45 91 194
140 143 168
128 194 237
64 197 247
194 197 247
107 194 237
6 7 204
7 63 107
9 83 204
63 197 204
83 108 204
42 75 164
64 143 197
91 194 247
45 62 91
28 140 220
29 91 125
125 140 220
29 125 140
137 174 189
43 137 249
75 83 172
170 189 249
20 191 248
43 191 248
137 174 180
75 174 180
127 137 180
20 127 191
132 189 200
120 174 200
42 57 120
137 189 249
53 71 103
53 86 103
54 134 136
15 228 242
65 134 198
71 134 242
86 99 103
71 103 242
53 86 248
99 103 242
2 73 97
54 88 136
8 148 229
94 97 229
8 122 167
56 129 162
88 122 162
146 175 234
109 160 234
40 109 160
66 146 193
146 190 234
66 155 193
22 146 193
190 205 234
76 190 205
76 84 190
26 68 196
8 121 229
68 77 196
22 155 193
84 121 216
22 24 26
13 87 171
24 155 183
87 89 106
24 87 183
106 155 183
187 225 233
13 187 239
94 212 240
37 187 188
37 95 188
65 73 228
114 141 240
97 100 148
2 94 97
65 73 100
15 86 203
65 198 228
37 86 203
198 228 242
134 198 242
203 218 228
158 203 221
15 203 228
37 158 203
203 218 221
195 206 208
195 206 213
146 190 216
84 190 216
182 230 243
178 217 241
171 187 225
109 167 234
115 166 219
33 166 219
122 162 167
161 211 214
154 161 211
98 160 210
69 160 210
69 160 175
160 175 234
152 156 207
156 169 207
153 176 245
150 163 184
150 163 164
51 102 244
57 118 129
17 18 36
41 126 156
53 189 246
116 226 230
40 98 160
2 37 158
178 215 217
40 109 118
23 78 104
36 173 179
1 52 92
42 120 174
35 123 126
17 44 177
22 146 216
27 30 116
54 100 134
29 91 247
29 64 247
19 47 105
28 168 248
47 48 202
0 3 82
3 33 151
35 55 151
25 72 133
43 127 137
24 26 196
113 130 233
18 70 209
22 26 68
4 41 178
20 127 180
42 75 174
45 61 102
23 112 175
9 168 172
12 142 145
51 173 226
12 186 243
32 93 245
37 95 114
43 127 191
11 149 153
2 37 114
20 75 180
2 73 228
8 84 121
17 102 111
68 94 212
42 163 235
17 44 224
9 143 168
25 72 206
41 156 178
51 102 111
17 18 224
4 90 161
11 139 186
58 149 153
40 57 118
47 48 60
39 60 223
42 144 235
2 218 221
9 83 172
19 47 60
2 94 240
3 55 82
36 117 179
110 134 136
17 102 238
30 48 70
28 140 168
81 182 230
5 80 230
7 237 238
30 116 179
33 151 236
3 55 151
9 143 204
18 209 224
1 23 104
5 49 80
2 114 240
126 131 156
4 85 161
20 75 172
96 152 207
27 60 223
10 16 58
40 98 235
51 226 230
12 32 142
56 110 162
2 218 228
12 124 186
35 55 123
4 41 85
92 185 236
10 14 131
14 131 147
89 90 214
24 87 196
56 57 129
38 123 126
66 112 175
16 96 152
22 68 216
16 79 96
16 131 156
76 84 167
16 152 156
19 105 185
53 170 189
11 153 176
43 53 249
7 177 238
56 57 120
38 126 131
10 14 58
6 108 177
58 153 213
78 85 165
68 94 229
100 122 148
29 64 140
65 100 134
64 140 143
128 237 238
11 186 201
75 135 164
13 87 239
12 32 245
67 80 243
68 77 212
56 120 132
68 216 229
75 108 135
76 167 205
78 85 161
13 171 187
89 211 214
92 104 151
8 84 167
15 86 242
86 99 242
87 196 239
19 185 236
143 197 204
8 122 148
92 151 236
2 158 221
95 138 188
95 138 212
95 212 240
95 141 240
129 162 167
54 100 122
47 105 202
50 105 202
109 118 167
110 132 246
56 110 132
71 110 134
67 186 243
88 110 162
44 108 177
45 62 102
53 170 249
81 116 230
120 132 200
18 30 70
128 222 238
118 129 167
167 205 234
79 130 233
1 92 104
