152 169 207
113 130 217
154 211 214
79 113 233
126 156 178
23 66 175
41 126 178
51 111 244
8 76 205
38 147 192
63 107 194
102 111 238
53 110 246
6 44 177
53 71 110
21 163 184
76 84 121
87 106 183
94 216 229
77 138 212
130 181 241
79 113 130
79 96 130
26 87 196
13 87 196
87 89 171
23 106 154
8 76 121
35 104 157
1 104 151
123 126 156
10 16 131
14 147 192
14 58 213
10 14 147
59 206 208
5 49 231
0 59 199
11 139 176
62 231 244
124 139 186
17 111 238
18 30 209
34 202 210
69 92 175
34 150 210
46 108 150
116 179 226
44 70 209
117 173 179
177 237 238
17 177 238
63 194 197
17 177 224
75 83 108
28 140 248
6 108 204
7 63 204
20 168 172
75 172 180
20 168 248
150 164 184
42 57 144
88 110 136
163 164 184
66 146 175
121 216 229
77 138 239
77 196 239
43 53 248
130 217 241
152 156 169
156 169 178
169 178 181
169 181 207
215 217 227
215 217 241
78 126 165
4 119 227
4 215 227
90 161 214
113 119 233
4 119 233
89 90 211
89 154 211
90 211 214
1 78 104
154 161 214
95 114 141
4 89 90
89 171 225
78 126 157
23 106 112
22 24 155
41 126 165
41 85 165
3 151 236
195 199 232
31 55 123
78 104 157
23 52 175
1 23 52
52 92 175
23 66 112
1 23 78
150 184 210
47 50 202
35 104 151
0 3 55
59 199 208
0 3 133
133 159 219
0 25 133
32 93 153
0 55 82
31 38 123
31 55 82
82 192 232
195 208 213
25 59 206
195 199 208
0 25 59
206 208 213
32 72 206
149 153 213
14 195 213
32 142 159
3 33 236
47 50 105
32 72 159
81 145 182
142 159 219
12 32 93
149 153 245
11 58 149
58 149 213
93 153 245
67 74 80
11 139 201
139 186 201
67 186 201
67 80 186
49 67 74
80 230 243
51 111 173
80 186 243
12 182 243
12 145 182
50 105 185
27 81 145
18 101 117
36 117 173
36 111 173
173 179 226
5 49 230
5 51 230
17 36 111
61 102 238
27 116 179
18 36 117
30 101 179
30 48 209
101 117 179
18 30 101
50 202 210
48 70 202
48 70 209
19 39 166
27 48 60
105 185 236
27 81 116
33 166 236
39 115 166
27 145 223
39 115 223
47 60 105
19 60 105
19 39 60
21 163 235
98 184 210
40 144 235
40 57 144
132 189 246
42 163 164
108 135 150
135 150 164
21 98 184
21 98 235
44 209 224
34 46 150
34 70 202
6 7 177
44 177 224
17 36 224
61 222 238
222 237 238
45 61 222
45 128 222
140 143 168
128 194 237
194 197 247
107 194 237
128 222 237
6 7 204
7 63 107
9 83 204
63 197 204
83 143 172
83 108 204
9 83 143
29 64 91
64 91 247
45 62 91
140 168 248
43 137 249
143 168 172
75 83 172
170 189 249
20 191 248
43 191 248
137 174 180
75 174 180
118 120 129
127 137 180
20 127 191
132 189 200
120 174 200
42 57 120
57 118 120
56 110 246
137 189 249
53 71 103
15 228 242
65 134 198
71 103 242
53 86 248
99 103 242
2 73 97
54 88 136
8 148 229
94 97 229
8 122 167
56 129 162
56 132 246
56 132 200
8 167 205
69 175 234
146 175 234
109 160 234
69 160 234
40 109 160
66 146 193
146 190 234
66 155 193
22 146 193
76 190 205
26 68 196
8 121 229
68 77 196
22 155 193
26 68 216
68 94 216
22 26 216
84 121 216
22 24 26
13 87 171
24 155 183
106 155 183
187 225 233
13 196 239
138 188 212
94 212 240
95 188 212
37 187 188
37 95 188
65 73 228
2 158 218
65 73 100
15 86 203
65 198 228
37 86 203
198 228 242
158 203 221
37 158 203
203 218 221
158 218 221
182 230 243
171 187 225
115 166 219
33 166 219
75 164 174
122 162 167
98 160 210
69 160 210
27 48 179
7 107 177
41 178 215
97 114 141
84 146 216
50 92 185
53 189 246
116 226 230
73 97 229
40 98 160
2 37 158
113 119 227
40 109 118
1 52 92
87 89 154
42 120 174
33 133 219
22 146 216
87 106 154
4 41 215
18 36 224
47 48 202
28 125 140
73 100 148
25 133 159
35 55 151
43 127 137
23 154 161
109 190 234
20 127 180
45 61 102
14 195 232
178 181 215
12 142 145
51 173 226
12 186 243
37 95 114
43 127 191
53 86 99
2 37 114
2 73 228
5 231 244
68 94 212
42 163 235
25 72 206
5 51 244
107 177 237
6 44 46
54 88 162
181 215 241
26 87 183
4 90 161
28 125 220
65 100 136
34 44 70
4 225 233
40 57 118
47 48 60
39 60 223
10 38 147
42 144 235
32 206 213
31 38 192
66 106 155
1 92 151
110 134 136
15 203 218
64 143 247
31 82 192
81 182 230
38 123 131
19 105 166
130 181 207
35 55 157
3 55 151
15 218 228
137 189 200
9 143 204
49 201 231
3 33 133
18 209 224
42 164 174
4 85 161
6 46 108
4 89 225
96 152 207
27 60 223
10 38 131
62 102 111
10 16 58
94 141 240
40 98 235
14 192 232
51 226 230
12 32 142
11 176 245
56 110 162
11 149 245
2 218 228
12 124 186
4 41 85
24 26 183
92 185 236
53 99 103
13 187 188
91 128 247
16 96 152
16 79 96
16 131 156
16 152 156
53 170 189
56 129 200
43 53 249
55 123 157
10 14 58
78 85 165
62 111 244
32 153 213
100 122 148
29 64 140
0 82 232
64 140 143
65 134 136
23 78 161
66 106 112
75 135 164
68 77 212
71 134 198
73 148 229
49 74 230
74 80 230
75 108 135
76 146 190
12 93 124
78 85 161
13 171 187
113 217 227
54 122 162
15 86 242
86 99 242
143 197 204
45 91 128
8 122 148
91 125 140
29 91 140
50 92 210
69 92 210
92 151 236
93 124 245
49 67 201
95 212 240
95 141 240
71 198 242
2 97 114
94 97 141
129 162 167
54 100 122
54 100 136
105 166 236
109 118 167
109 190 205
71 110 134
88 110 162
109 167 205
13 138 188
34 44 46
45 62 102
25 72 159
115 142 219
115 142 145
124 139 245
53 170 249
115 145 223
123 126 157
128 194 247
81 116 230
30 48 179
76 84 146
123 131 156
13 138 239
96 130 207
118 129 167
0 199 232
120 129 200
20 172 180
139 176 245
137 174 200
143 197 247
