15 27 91
25 39 66
41 77 88
3 32 51
1 65 90
42 44 50
25 39 67
7 49 79
33 35 58
14 30 89
16 46 77
33 58 86
0 35 60
3 5 76
3 76 78
11 13 74
11 13 80
33 35 55
44 50 85
5 32 42
3 5 32
27 32 51
35 60 75
19 29 68
26 31 68
12 17 31
29 31 68
6 37 71
8 51 82
3 8 51
45 56 64
9 18 36
18 21 36
24 59 92
9 56 64
39 63 67
25 43 66
7 49 95
22 49 92
6 37 82
20 22 49
6 70 82
6 30 71
10 23 87
2 6 70
2 17 70
23 46 87
10 23 83
40 43 66
47 81 93
73 81 93
16 77 88
41 88 99
13 94 98
13 80 94
13 34 98
33 41 86
14 35 75
0 26 60
54 69 78
57 65 90
28 38 74
41 94 99
62 72 82
69 76 78
69 76 97
57 65 80
1 65 69
11 65 69
61 70 82
8 61 82
4 56 62
45 56 62
55 84 90
55 57 80
12 17 60
46 89 96
1 54 69
16 46 87
16 48 53
34 47 98
58 86 96
15 27 51
2 14 17
11 28 97
11 69 97
35 58 96
16 53 87
48 73 93
16 81 88
10 40 43
16 48 73
10 43 83
11 28 74
23 46 79
41 77 96
9 18 21
47 94 99
81 88 99
1 19 54
15 51 72
40 47 66
21 22 59
46 79 89
4 9 56
28 38 42
10 40 93
13 34 38
19 26 68
4 15 62
37 49 79
24 45 92
10 87 93
51 72 82
12 26 60
3 19 54
3 54 78
4 9 52
45 59 64
33 80 94
5 28 42
12 26 31
4 15 91
29 61 70
4 52 91
0 55 84
5 28 97
5 76 97
6 14 30
2 6 14
3 19 29
7 23 43
7 43 95
36 39 63
35 89 96
27 32 42
11 65 80
1 19 26
45 49 92
20 21 22
16 73 81
20 21 67
20 67 95
21 59 64
41 86 96
21 63 67
8 29 61
15 62 72
22 59 92
23 43 83
48 53 93
7 23 79
30 71 89
33 41 94
46 77 96
0 26 84
55 57 90
26 84 90
14 17 75
1 26 90
27 44 85
45 62 82
27 85 91
9 21 64
47 94 98
13 38 74
37 45 82
17 31 70
53 87 93
33 55 80
29 31 70
40 47 93
71 79 89
0 35 55
21 36 63
37 71 79
20 49 95
52 85 91
43 67 95
14 35 89
3 8 29
25 43 67
37 45 49
24 45 59
47 81 99
27 42 44
17 60 75
