25 39 66
27 51 72
3 32 51
12 31 60
1 65 90
4 45 56
21 36 39
7 49 79
43 83 95
10 40 83
16 46 48
14 30 89
77 86 96
33 58 86
3 5 76
5 38 42
44 85 91
15 85 91
44 50 85
5 32 42
3 5 32
35 60 75
26 31 68
12 17 31
0 1 26
29 31 68
8 61 70
8 51 82
8 70 82
4 45 62
37 45 62
18 21 36
18 21 59
24 59 64
22 63 92
21 39 63
25 43 66
20 22 67
49 71 79
37 49 92
37 62 82
77 89 96
14 89 96
7 79 89
10 40 87
46 48 53
34 47 81
46 53 87
48 53 73
16 77 88
73 81 99
41 88 99
55 57 84
13 94 98
13 80 94
13 34 98
33 41 86
14 35 75
12 60 75
35 55 84
0 1 90
1 26 68
19 54 78
1 19 68
28 69 97
54 69 78
11 69 74
57 84 90
0 84 90
57 65 90
34 38 74
41 86 88
34 81 98
62 72 82
69 76 78
69 76 97
68 76 78
40 66 83
11 65 69
3 61 76
0 60 84
35 60 84
33 55 58
19 68 78
16 77 89
8 51 61
7 23 46
4 15 52
2 14 17
16 46 89
12 14 75
9 24 56
15 52 85
21 24 63
10 83 95
16 48 73
21 24 59
9 36 59
9 24 64
16 73 99
15 44 91
7 10 95
5 28 76
19 54 65
1 19 65
40 53 93
7 46 89
11 34 74
6 37 49
40 47 66
20 22 92
54 65 69
27 44 51
28 76 97
0 31 60
37 70 82
5 28 38
4 9 56
7 10 23
4 15 62
24 45 92
7 20 49
43 66 83
41 57 80
51 72 82
14 30 71
4 9 52
13 57 65
29 61 70
2 6 17
6 14 71
38 69 74
13 57 80
0 26 31
2 6 14
6 17 70
6 49 71
11 13 65
10 23 46
22 25 67
33 41 57
14 35 96
7 20 67
12 14 17
7 67 95
29 61 76
16 88 99
20 49 92
22 25 39
22 39 63
35 55 58
15 62 72
77 86 88
37 45 92
24 45 56
30 71 89
24 63 92
29 68 76
9 59 64
17 31 70
32 42 50
32 44 50
33 55 57
29 31 70
40 47 93
15 44 72
71 79 89
35 86 96
35 58 86
41 81 99
10 46 87
18 36 59
6 37 70
28 38 69
40 53 87
41 94 98
43 67 95
41 80 94
41 81 98
11 13 34
25 43 67
32 44 51
27 44 72
47 73 81
47 73 93
3 51 61
53 73 93
