2 4 192
40 61 186
22 66 135
63 161 183
35 138 154
90 156 183
17 37 187
35 87 138
50 98 156
37 188 197
11 31 193
75 83 113
18 78 186
29 125 177
84 101 175
2 160 167
5 40 169
26 32 186
13 84 101
11 49 193
49 152 193
6 38 142
33 56 65
158 165 169
79 173 189
65 137 179
24 63 161
51 85 120
50 63 173
12 157 199
90 161 183
33 79 129
54 138 198
14 36 153
16 52 147
54 147 151
36 52 153
20 58 59
11 62 130
92 106 170
92 106 159
103 141 162
138 151 154
93 181 182
103 109 113
123 143 177
71 141 196
149 180 196
96 134 136
71 128 196
91 134 150
91 131 149
13 110 117
114 125 163
3 125 163
3 47 163
5 61 158
26 32 45
5 40 61
32 40 169
158 167 178
56 158 178
5 158 169
45 135 160
158 165 167
45 160 165
2 167 192
26 45 135
32 40 186
42 84 175
78 112 186
42 133 175
18 26 186
42 78 133
18 42 78
78 112 133
112 133 175
13 84 110
41 117 127
74 86 110
18 26 70
18 42 70
26 70 86
70 86 110
22 135 160
4 111 192
4 22 66
12 66 111
74 110 117
34 53 95
115 127 184
12 68 111
111 142 192
4 66 111
68 173 189
79 137 189
68 111 142
38 142 192
2 22 160
2 4 22
160 165 167
38 178 192
56 65 178
167 178 192
33 65 137
56 61 158
65 178 179
38 178 179
33 79 137
33 61 121
33 56 61
0 10 24
10 33 176
33 48 176
79 129 173
33 48 129
50 164 173
50 156 183
53 95 199
44 98 156
44 98 164
50 98 164
50 63 183
0 24 161
24 48 176
10 24 176
99 171 198
0 67 148
0 64 148
99 161 171
0 10 67
64 148 171
54 85 198
87 138 198
90 99 161
14 95 146
34 60 95
147 151 154
54 138 151
16 147 154
16 35 154
92 122 139
36 59 170
14 36 59
54 85 153
85 120 153
17 58 146
20 58 72
69 164 173
51 60 120
44 53 164
44 51 60
34 44 60
53 69 199
34 44 53
12 69 199
53 69 164
15 157 199
95 172 199
15 172 199
95 146 172
62 130 190
62 187 190
62 187 191
108 187 191
11 62 118
75 109 113
102 124 195
83 113 174
37 72 197
94 113 174
37 124 188
20 59 106
8 20 197
20 72 197
59 106 170
1 122 139
1 82 122
1 116 139
16 82 122
1 82 107
16 82 107
92 139 159
1 116 155
8 104 181
104 106 159
124 188 195
88 107 126
23 46 126
23 46 185
23 76 94
76 94 113
9 194 195
97 100 109
83 105 174
102 108 124
21 75 109
21 102 195
27 108 191
21 194 195
75 83 194
21 75 194
76 103 113
103 141 196
55 77 141
55 77 166
128 180 196
55 71 141
55 71 128
39 140 193
19 100 118
19 21 102
19 27 108
62 118 191
19 102 108
27 118 191
57 100 118
19 27 118
115 127 152
39 41 193
39 41 117
41 127 152
41 152 193
13 39 117
11 31 118
80 89 119
31 57 145
31 57 118
80 89 145
25 28 145
7 25 114
7 25 140
25 140 145
101 112 175
47 101 112
3 73 125
28 80 145
28 29 80
28 29 125
43 81 131
73 125 177
119 123 143
80 119 123
89 119 134
89 134 136
30 91 134
30 119 134
181 188 195
105 174 185
77 166 168
93 159 181
91 149 150
52 147 153
146 172 190
140 145 193
74 135 184
134 150 180
96 134 180
73 131 177
15 130 157
37 124 187
108 124 187
35 121 148
104 159 181
117 127 184
74 117 184
109 162 168
137 179 189
9 105 194
83 105 194
90 99 156
93 139 159
93 116 155
93 116 139
87 148 171
87 171 198
31 145 193
81 119 143
77 162 168
76 103 196
73 131 149
93 144 182
42 70 84
70 84 110
103 109 162
12 66 157
66 115 184
66 115 157
63 129 173
60 120 153
14 59 146
146 187 190
15 130 172
76 107 196
6 38 179
13 47 101
7 114 163
25 28 125
23 76 107
48 63 129
16 92 122
26 74 135
97 166 168
8 20 104
9 144 182
30 81 119
46 88 144
80 123 177
14 60 95
130 172 190
13 39 140
13 47 163
1 88 144
6 142 189
25 114 125
49 115 152
66 135 184
1 144 155
6 179 189
44 51 99
0 64 171
17 146 187
12 68 173
7 13 140
54 147 153
130 132 157
10 33 67
16 52 92
96 128 180
29 80 177
17 37 58
23 94 185
26 74 86
1 88 107
19 21 100
68 142 189
181 188 197
45 165 169
9 46 105
96 128 136
67 121 148
58 59 146
9 46 144
9 181 182
14 60 153
12 69 173
30 81 131
9 181 195
7 13 163
149 150 180
30 91 131
55 57 100
55 89 136
32 45 169
49 130 132
49 115 157
20 104 106
33 67 121
23 107 126
77 141 162
3 47 73
35 87 148
37 58 72
55 128 136
8 181 197
43 131 177
97 109 168
93 144 155
0 161 171
43 143 177
94 174 185
43 81 143
44 99 156
46 88 126
46 105 185
47 73 112
24 48 63
49 132 157
11 49 130
36 52 170
55 89 145
51 99 198
52 92 170
51 85 198
55 97 166
55 97 100
55 57 145
21 100 109
