17 187 190
40 61 186
22 66 135
35 138 154
17 37 187
35 87 138
50 98 156
15 130 190
37 188 197
18 78 186
29 125 177
84 101 175
81 91 131
2 160 167
74 86 135
26 32 186
13 84 101
15 130 132
33 56 65
158 165 169
79 173 189
65 137 179
35 67 121
33 79 129
36 92 170
14 36 153
16 52 147
36 52 153
14 58 146
36 52 92
17 37 72
92 106 170
138 151 154
103 109 113
96 150 180
71 141 196
149 180 196
13 110 117
13 114 163
7 13 114
114 125 163
3 125 163
30 81 91
3 47 163
81 143 177
5 61 158
26 32 45
5 40 61
5 158 169
158 165 167
26 45 135
32 165 169
32 40 186
32 45 165
42 84 175
78 112 186
42 133 175
18 26 186
42 78 133
18 42 78
78 112 133
13 84 110
42 84 110
74 86 110
18 26 70
70 86 110
12 66 111
115 132 152
74 110 117
11 130 132
115 132 157
115 157 184
115 127 184
15 132 157
12 68 69
6 38 137
2 4 22
160 165 167
56 65 178
167 178 192
33 65 137
56 61 158
65 178 179
38 178 179
38 137 179
33 79 137
33 61 121
33 56 61
10 33 176
33 48 176
79 129 173
33 48 129
50 164 173
50 156 183
44 98 156
44 98 164
50 98 164
0 24 161
24 48 176
10 67 121
99 171 198
0 64 161
87 148 198
99 161 171
0 10 67
67 87 148
10 33 121
64 148 171
54 85 198
35 67 87
148 171 198
64 161 171
85 99 198
90 99 161
14 95 146
34 60 95
147 151 154
54 138 151
16 147 154
16 35 154
92 122 139
36 59 170
8 104 106
52 54 153
14 36 59
54 85 153
85 120 153
17 58 72
14 95 153
51 60 120
44 51 60
34 44 60
53 69 164
15 157 199
15 172 190
15 172 199
95 146 172
62 130 190
62 187 190
62 187 191
19 100 109
83 113 174
94 113 174
37 124 188
14 58 59
20 59 106
8 20 197
59 106 170
8 20 106
1 116 139
16 82 122
1 82 107
16 82 107
92 139 159
1 116 155
144 155 182
8 104 181
124 188 195
46 144 182
46 126 144
93 155 182
9 46 182
88 126 144
88 107 144
23 105 185
23 46 126
23 46 185
94 105 174
23 94 105
97 100 109
83 105 174
102 108 124
21 75 109
19 21 109
21 194 195
75 83 194
21 75 194
55 77 141
55 77 166
55 71 141
55 71 128
39 140 193
19 100 118
57 97 100
103 109 168
19 21 102
62 118 191
27 118 191
57 100 118
19 27 118
11 49 132
115 127 152
39 41 193
49 132 152
41 127 152
7 13 39
41 152 193
13 39 117
7 39 140
80 89 119
31 57 145
31 57 118
80 89 145
31 140 193
31 140 145
7 25 114
7 25 140
25 140 145
47 101 112
25 28 114
28 29 80
43 81 131
43 131 149
119 123 143
80 119 123
29 80 123
89 119 134
89 134 136
30 119 134
43 73 149
9 182 194
181 188 195
50 173 183
77 166 168
141 162 196
103 162 196
90 156 161
156 161 183
146 172 190
142 178 192
139 159 181
134 136 150
96 136 150
74 135 184
135 160 165
45 135 165
37 124 187
108 124 187
11 118 193
104 159 181
31 118 193
117 127 184
74 117 184
9 105 194
83 105 194
101 133 175
51 99 120
85 99 120
182 194 195
93 181 195
93 182 195
93 116 155
93 116 139
92 104 159
75 83 109
83 109 113
1 82 139
38 142 178
81 119 143
77 103 162
77 103 168
76 103 196
43 73 81
73 81 177
71 180 196
71 96 128
70 86 135
26 70 135
68 69 164
131 149 150
68 164 173
12 66 157
64 67 148
0 64 67
76 94 126
63 129 173
60 95 153
60 120 153
29 143 177
29 123 143
4 142 192
76 107 196
27 108 187
19 27 102
6 79 189
13 47 101
25 80 145
48 63 129
16 92 122
2 22 135
34 172 199
97 166 168
66 157 184
20 37 197
28 29 114
30 81 119
0 10 176
18 70 110
53 157 199
11 152 193
27 102 108
63 173 183
25 28 80
20 59 72
94 103 113
13 47 163
55 57 97
3 125 177
5 32 40
66 135 184
1 144 155
27 187 191
4 167 192
38 68 142
44 51 99
5 32 169
23 94 126
12 68 142
6 79 137
11 49 152
4 111 142
16 52 92
4 22 111
24 161 183
12 53 157
2 135 160
18 42 110
20 37 72
21 124 195
76 88 126
29 114 125
181 188 197
62 118 130
24 63 183
9 46 105
6 68 173
96 128 136
56 167 178
52 147 151
1 107 144
12 53 69
12 111 142
149 150 180
30 134 150
101 112 133
55 89 136
30 91 150
6 173 189
34 44 164
77 141 162
3 47 73
34 95 172
82 122 139
34 53 164
34 53 199
17 58 190
91 131 150
55 128 136
6 38 68
21 102 124
8 181 197
39 117 127
97 109 168
39 41 127
0 24 176
76 94 103
92 104 106
3 73 177
11 118 130
58 59 72
44 90 156
46 105 185
47 73 112
93 139 181
44 90 99
24 48 63
76 88 107
2 4 167
22 66 111
55 89 145
52 54 151
71 96 180
54 87 198
54 87 138
55 97 166
55 57 145
56 158 167
58 146 190
