17 187 190
12 66 184
40 61 186
22 66 135
68 69 173
90 156 183
17 37 187
35 87 138
15 130 190
37 188 197
75 83 113
18 78 186
29 125 177
2 160 167
24 48 129
5 40 169
74 117 127
15 130 132
11 49 193
12 157 184
49 152 193
6 68 189
6 38 142
33 56 65
158 165 169
79 173 189
65 137 179
24 63 161
6 68 142
51 85 120
12 157 199
95 120 153
14 36 153
16 52 147
54 147 151
52 92 122
14 58 146
17 37 72
20 58 59
16 52 122
138 151 154
103 107 196
93 181 182
77 109 166
123 143 177
71 141 196
91 150 180
149 180 196
96 134 136
91 131 149
47 101 163
7 13 114
114 125 163
3 125 163
3 47 163
91 149 180
30 81 143
26 32 45
5 40 61
32 40 169
158 167 178
5 158 169
158 165 167
26 45 135
32 165 169
32 40 186
32 45 165
42 84 175
78 112 186
42 133 175
42 78 133
18 42 78
78 112 133
42 84 110
41 117 127
74 86 110
18 26 70
26 70 86
66 74 135
70 86 110
22 135 160
4 111 192
12 66 111
66 74 184
74 127 184
74 110 117
11 130 132
115 132 157
115 157 184
115 127 184
12 68 111
15 132 157
111 142 192
68 173 189
79 137 189
68 111 142
12 68 69
2 22 160
2 4 22
160 165 167
167 178 192
33 65 137
38 178 179
33 61 121
33 56 61
0 10 24
79 129 173
33 48 129
50 164 173
44 98 156
44 98 164
50 98 164
0 24 161
24 48 176
10 24 176
10 67 121
99 171 198
87 148 198
99 161 171
0 10 67
10 33 121
64 148 171
54 85 198
148 171 198
85 99 198
90 99 161
51 85 99
14 95 146
51 90 99
147 151 154
54 138 151
16 147 154
92 122 139
52 54 147
36 59 170
8 104 106
14 36 59
54 85 153
85 120 153
17 58 72
14 95 153
20 58 72
69 164 173
51 60 120
44 51 60
34 44 60
53 69 164
15 157 199
15 172 190
15 172 199
17 172 190
95 146 172
62 130 190
62 187 190
62 187 191
75 109 113
102 124 195
83 113 174
8 188 197
37 124 188
14 58 59
20 59 106
59 106 170
1 116 139
16 82 122
1 82 107
16 82 107
92 139 159
1 116 155
144 155 182
8 104 181
104 106 159
124 188 195
46 144 182
181 182 195
46 126 144
93 155 182
1 107 155
116 139 155
107 144 155
23 76 126
88 126 144
88 107 144
23 105 185
23 46 126
23 46 185
23 76 94
9 83 105
76 103 107
97 100 109
83 105 174
9 105 185
102 108 124
21 75 109
21 102 195
9 83 194
21 194 195
75 83 194
21 75 194
76 103 113
55 77 166
55 71 128
39 140 193
55 57 166
19 100 118
77 109 168
57 97 166
97 109 166
57 97 100
62 118 191
27 118 191
57 100 118
19 27 118
11 49 132
115 127 152
39 41 193
39 41 117
41 127 152
7 13 39
41 152 193
13 39 117
7 39 140
80 89 119
31 57 145
31 57 118
80 89 145
25 28 145
7 25 114
7 25 140
25 140 145
47 101 112
3 47 112
43 73 177
28 80 145
28 29 80
28 29 125
3 73 112
43 81 131
80 119 123
89 119 134
89 134 136
30 119 134
9 182 194
9 182 185
8 181 188
181 188 195
50 173 183
141 162 196
103 162 196
92 159 170
140 145 193
142 178 192
139 159 181
135 160 165
134 150 180
96 134 180
45 135 165
79 129 137
37 124 187
108 124 187
35 121 148
11 118 193
104 159 181
31 118 193
137 179 189
20 106 197
21 102 109
101 133 175
100 102 109
19 100 102
182 194 195
50 98 183
93 139 155
13 84 117
31 145 193
84 110 117
1 82 139
38 142 178
77 103 162
77 103 168
76 94 174
73 131 149
43 73 131
71 180 196
71 96 128
71 77 141
76 113 174
64 67 148
0 64 67
63 129 173
63 90 183
63 90 161
27 108 187
6 38 179
19 27 102
101 114 163
25 28 125
26 74 135
34 172 199
20 37 197
18 32 186
18 70 110
18 26 32
46 182 185
80 123 177
27 102 108
63 173 183
158 178 179
30 119 123
25 114 125
13 101 175
5 56 61
49 115 152
3 125 177
12 53 199
27 187 191
4 167 192
5 56 158
6 179 189
33 129 137
16 138 154
0 64 171
36 52 54
55 71 77
4 22 111
8 106 197
29 80 177
26 74 86
18 42 110
20 37 72
76 88 126
13 84 175
62 118 130
49 115 132
96 128 136
67 121 148
30 81 131
24 63 129
12 53 69
30 123 143
30 91 131
30 134 150
101 112 133
55 89 136
30 91 150
109 113 168
34 95 120
106 159 170
103 113 168
16 35 138
34 60 120
34 44 164
77 141 162
34 95 172
82 122 139
34 53 164
34 53 199
35 87 148
36 54 153
55 128 136
98 156 183
17 58 172
3 73 177
10 48 176
11 118 130
0 161 171
43 143 177
43 81 143
44 90 156
44 51 90
93 139 181
23 105 174
76 88 107
36 52 170
13 101 114
2 4 167
22 66 111
55 89 145
10 33 48
52 92 170
56 158 179
71 96 180
54 87 198
54 87 138
23 94 174
55 57 145
56 65 179
58 146 172
