17 187 190
2 4 192
12 66 184
40 61 186
35 138 154
17 37 187
35 87 138
8 181 195
15 130 190
18 78 186
29 125 177
2 160 167
24 48 129
5 40 169
12 157 184
6 68 189
6 38 142
33 56 65
79 173 189
65 137 179
6 68 142
51 85 120
12 157 199
36 92 170
16 52 147
14 58 146
36 52 92
17 37 72
37 108 124
103 141 162
103 107 196
93 181 182
8 188 195
103 109 113
123 143 177
71 141 196
149 180 196
96 134 136
71 128 196
91 131 149
13 101 163
47 101 163
114 125 163
3 125 163
30 81 91
3 47 163
30 81 143
81 143 177
26 32 45
5 40 61
32 40 169
56 158 178
2 167 192
26 45 135
32 165 169
32 40 186
32 45 165
42 84 175
78 112 186
42 133 175
78 112 133
112 133 175
42 84 110
74 86 110
18 26 70
26 70 86
70 86 110
12 66 111
74 127 184
11 130 132
34 53 95
115 157 184
115 127 184
12 68 111
68 173 189
79 137 189
68 111 142
2 22 160
2 4 22
160 165 167
56 65 178
167 178 192
33 65 137
65 178 179
38 178 179
33 61 121
33 56 61
79 129 173
33 48 129
53 95 199
44 98 156
44 98 164
50 98 164
24 48 176
10 67 121
99 171 198
0 67 148
87 148 198
0 64 148
99 161 171
0 10 67
10 33 121
64 148 171
54 85 198
148 171 198
44 51 156
51 90 156
90 99 161
14 95 146
51 90 99
34 60 95
54 138 151
16 147 154
16 35 154
92 122 139
36 59 170
52 54 153
14 36 59
54 85 153
85 120 153
17 58 72
17 58 146
34 44 60
53 69 199
12 69 199
53 69 164
15 157 199
15 172 190
15 172 199
62 130 190
62 187 190
62 187 191
37 108 187
19 100 109
83 113 174
94 113 174
8 188 197
37 124 188
14 58 59
20 59 106
8 20 197
20 72 197
59 106 170
1 116 139
16 82 122
1 82 107
16 82 107
139 155 159
92 139 159
93 155 159
1 116 155
8 104 181
104 106 159
124 188 195
46 126 144
116 139 155
88 126 144
88 107 144
23 105 185
9 46 185
9 83 105
76 94 113
76 103 107
9 194 195
97 100 109
83 105 174
9 105 185
102 108 124
21 75 109
9 83 194
21 194 195
75 83 194
21 75 194
76 103 113
103 141 196
55 77 141
55 77 166
55 71 141
96 136 180
55 71 128
39 140 193
62 118 191
27 118 191
19 27 118
11 49 132
13 39 117
80 89 119
31 57 145
31 57 118
80 89 145
31 140 193
25 28 145
31 140 145
7 25 114
101 112 175
47 101 112
28 80 145
25 28 114
28 29 80
80 119 123
55 89 128
89 128 136
30 119 134
50 173 183
93 159 181
92 159 170
90 156 161
156 161 183
91 149 150
146 172 199
146 172 190
142 178 192
138 147 154
136 180 196
128 136 196
74 135 184
135 160 165
134 150 180
96 134 180
15 130 157
45 135 165
79 129 137
23 126 185
35 121 148
89 119 136
11 118 193
104 159 181
31 118 193
109 162 168
137 179 189
21 102 109
50 98 183
13 84 117
75 83 109
83 109 113
84 110 117
1 82 139
38 142 178
77 162 168
77 97 168
73 131 149
43 73 131
43 73 81
73 81 177
37 72 188
72 188 197
93 144 182
19 102 109
158 165 178
103 109 162
66 135 160
76 94 126
63 129 173
60 120 153
4 142 192
27 108 187
6 38 179
95 146 199
19 27 102
0 24 171
7 114 163
16 92 122
26 74 135
19 57 100
17 146 190
18 78 133
8 20 104
9 144 182
28 29 114
165 167 178
18 42 133
18 32 186
0 10 176
18 70 110
18 26 32
80 123 177
14 60 95
14 52 153
11 152 193
27 102 108
13 39 140
63 173 183
20 59 72
43 81 91
110 117 127
30 119 123
13 101 175
5 56 61
49 115 152
44 60 120
3 125 177
66 135 184
119 134 136
1 144 155
27 187 191
5 56 158
6 179 189
33 129 137
0 64 171
14 36 52
23 94 126
7 140 145
12 68 173
7 13 140
11 49 152
130 132 157
4 111 142
16 52 92
4 22 111
24 161 183
77 97 166
5 165 169
29 80 177
5 158 165
26 74 86
18 42 110
21 124 195
76 88 126
29 114 125
41 115 127
13 84 175
62 118 130
7 25 145
24 63 183
67 121 148
9 46 144
52 147 151
9 181 182
14 60 153
12 69 173
24 161 171
1 107 144
9 181 195
24 63 129
7 13 163
149 150 180
30 123 143
30 134 150
50 69 164
55 57 100
30 91 150
106 159 170
49 115 157
20 104 106
34 44 164
77 141 162
22 66 160
3 47 73
82 122 139
39 41 152
34 53 164
35 87 148
98 156 183
21 102 124
39 117 127
97 109 168
39 41 127
39 152 193
0 24 176
41 115 152
93 144 155
3 73 177
10 48 176
43 91 131
11 118 130
58 59 72
44 51 120
74 110 127
47 73 112
23 105 174
49 132 157
76 88 107
50 69 173
22 66 111
55 89 145
51 99 198
10 33 48
52 54 151
51 85 198
46 126 185
54 87 198
54 87 138
23 94 174
55 97 166
55 97 100
55 57 145
138 147 151
19 57 118
