-805.028 192.933
224.899 -311.358
-419.817 -1805
-1267.6 -903.764
-1449.85 371.757
1089.85 1315.41
-375.399 1002.1
-534.901 86.1018
404.69 -1728.52
-498.243 1850.95
-1372.38 -1767.21
1380.09 719.684
875.337 -1361.36
348.007 764.097
1375.75 1469.07
376.717 -1429.28
-337.997 -1398.38
259.361 1242.19
-1203.38 991.763
-1661.58 -653.234
-636.48 1428.27
-1337.83 988.121
430.374 127.27
-925.777 -1164.94
398.753 575.98
-1313.99 1026.38
808.77 -1933.9
-253.939 -315.893
-1295.26 -1905.93
-1551.8 -1919.51
1563.14 824.92
-1348.79 -774.858
1426.54 910.571
-1532.67 -1776.85
-97.6658 -1194.25
-430.08 1265.85
-1765.98 232.091
253.976 664.397
-1640.64 1328.2
1499.46 758.115
-95.8215 -1814.53
-215.508 -1287.05
-1748.43 1530.55
397.056 -1043.68
1624.62 845.259
-963.194 1187.76
-329.82 -311.985
-1587.1 -903.284
-1401.41 -1119.77
-680.131 500.92
-314.017 889.789
-233.225 -79.9939
-878.12 -1979.25
-1415.6 -518.758
1348.95 -1916.13
-1760.64 -746.873
-1730.66 23.8484
-33.924 -1479.09
-445.599 -1636.87
-522.774 -820.977
1208.39 514.032
-1633.22 -1121.43
-1797.95 -1220.31
-24.7134 -1199.37
-340.081 1295.16
1301.55 1345.9
184.945 -931.672
-734.092 1306.83
-910.922 -149.689
-1211.93 -1561.97
-65.823 -972.576
-308.846 203.515
1051.27 1657.23
724.426 -1394.33
-1979.64 -1798.35
-215.303 1228.75
715.685 151.481
-1892.68 917.732
931.168 82.6103
1718.37 -1408.91
-622.234 1019.92
1936.99 1562.71
-1911.75 -797.104
869.537 -822.676
1053.21 1657.6
-384.649 -1012.62
-1314.97 1306.51
1190.9 1736.3
963.736 -84.674
-1658.02 984.098
116.979 126.673
212.851 -1167.34
-1721.85 320.174
1750.4 1209.32
-1597.22 1468.76
1800.41 -219.449
488.679 1737.4
-656.738 576.925
-1059.71 -1787.2
1754.25 1993.5
1870.4 -630.4
-1019.12 -1444.57
-1323.89 -1828.22
-1708.27 1639.84
87.1092 -1366.29
623.939 -1795.91
760.384 -1163.21
-963.248 1038.54
1156.96 -1212.85
247.86 1559.75
-1744.09 48.2684
-659.7 744.588
-214.335 683.562
-678.487 725.957
896.361 -924.237
719.456 766.766
445.363 1700.34
1322.2 1121.47
1872.12 1613.93
761.31 -40.7678
-1752.36 -614.75
163.32 1008.03
222.04 1200.07
46.567 -620.996
1987.22 -1705.57
-1061.25 -1756.87
342.696 279.052
987.716 -1871.64
-1037.39 -1690.77
854.317 1858.98
-615.008 -426.226
625.741 1830.36
-725.887 -52.0603
951.824 -853.763
-438.127 -286.865
1105.47 -190.482
1098.38 -731.211
-1182.45 -679.576
-1531.14 864.114
699.428 -1543.92
1158.54 1638.18
-1300.79 -498.763
-82.7677 1686.93
-370.403 879.846
1996.16 -1516.09
738.822 -618.852
57.6878 -635.437
-788.497 1331.8
1312.5 -1836.67
-1521.96 -1125.62
-123.538 1583.51
683.894 -1025.15
-1147.7 1501.44
295.27 -678.843
365.555 -1005.3
-222.762 -475.904
-1367.12 476.448
1025.33 550.111
163.375 -1345.07
-570.043 159.531
-861.157 -1831.22
1540.68 1196.53
-466.658 -1247.82
528.332 -1154.16
-1084.49 1006.37
-279.78 791.972
589.877 -1595.89
1766.82 1442.17
1905.56 62.0887
-1236.67 271.11
1056.79 540.568
1795.21 1689.67
-982.984 820.538
239.776 1180.39
1475.47 1669.73
-660.078 -1385.69
1838.51 -1119.4
1810.84 -628.146
-367.216 339.173
217.698 548.294
-654.457 1937.92
-659.734 1935.42
-1657.97 -892.916
1377.59 -1752.41
1169.17 -1859.08
518.698 225.96
681.489 313.903
-84.3752 1698.51
-865.559 -1844.6
878.897 -1390.09
1825.13 -1781.18
-775.782 1663.65
-900.58 -964.941
-964.501 732.203
1374.23 1253.2
-719.503 -1280.23
1191.12 620.762
-1344.81 1533.15
1727.85 -1967.21
1780.74 897.019
-1826.29 299.435
-877.022 855.197
-1386.66 1038.6
553.703 -252.221
1194 -567.4
357.687 1019.14
-348.582 1581.9
682.783 750.838
-1383.04 1718.28
-516.959 1991.2
971.48 763.538
-1289.03 162.596
-615.7 -633.835
-304.256 -887.854
-601.048 -523.519
-1990.84 -427.34
1775.92 -867.857
-1572.14 -1610.75
-1829.25 981.561
137.033 1364.75
-1585.84 -1505.28
383.888 65.5782
-1923.38 -933.329
-1183.58 -1306.41
-1215.05 299.457
-1315.22 1756.43
-937.006 -604.246
-80.9706 447.294
761.919 1614.77
1559.44 -1839.13
-908.746 1568.6
-266.469 -1132.83
-1299.25 161.389
-743.577 -1128.51
-857.05 1393.46
-1763.76 -442.89
1888.18 620.131
1622.69 1964.8
1686.8 -1560.9
-1341.61 -1528.24
738.561 -656.828
-1771.81 1801.55
738.927 147.219
248.849 -499.154
-238.008 -191.711
-338.283 853.246
-623.107 1395.25
1720.42 77.6406
-443.363 -1023.16
949.134 699.587
-1629.7 1185.38
-1743.3 -1741.53
-194.492 1879.38
-1776.73 -507.69
-1681.51 -1118.34
-35.9344 1057.05
224.832 192.255
858.604 -1036.24
-1660.53 -892.547
464.605 101.465
915.741 -1873.68
-1045.29 -1707.37
1521.57 -1324.87
370.275 -921.793
-348.033 -680.591
1777.79 22.2622
-1495.21 -1965.51
280.733 310.295
1913.88 504.004
1802.6 -1767.64
1385.66 -233.33
1289.41 -389.503
1958.93 148.016
574.255 -1701.6
1255.47 -961.14
399.864 171.21
-834.819 1354.58
463.844 -1313.25
-1970.3 -1165.88
-235.041 -318.33
153.529 -457.247
1703.93 658.316
-422.757 -15.3344
-1031.39 -508.882
-1511.33 -1228.78
-276.518 1874.33
537.886 -987.106
-515.169 496.811
1160.91 -1940.91
795.21 416.379
-902.054 -804.927
-1412.41 263.127
-1450.35 1051.43
949.879 -1420.65
1885.55 -1285.16
261.022 39.0818
257.59 -35.0452
-1302.6 1834.83
1949.62 -333.992
-674.048 -1561.71
437.224 1049.43
-1687.38 -1024.89
-1937.67 -202.545
1471.92 1223.24
-143.459 267.13
-360.384 954.487
1462.2 227.205
-782.386 -1988.15
-721.362 -1832.51
-1408.8 -835.809
-1117.67 852.226
1203.27 1139.92
-1182.82 1900.67
974.754 -1233.2
-433.322 -1699.29
-794.908 -1996.1
1350.14 -482.284
-1020.99 1412.47
1315.17 -1549.07
635.704 -828.288
718.062 -1724.68
-1873.8 180.265
502.525 -656.186
192.117 1781.16
-488.693 783.322
-1054.65 393.638
-364.452 -1851.37
-466.442 452.729
-1950.7 -1491.69
1219.53 -384.026
-1190.98 -1575.38
-380.124 -1840.84
-57.6613 598.887
1571.62 -742.49
1049.82 207.326
429.222 -232.12
482.646 555.421
1948.15 -1014.83
1899.23 140.263
-1233.67 -589.458
-1076.42 -288.312
1804.18 559.133
-139.686 -662.263
-988.138 -90.3891
-153.951 -1768.61
1525.59 655.066
-1343.98 -854.539
814.221 598.355
1744.35 385.843
1855.86 794.167
-1406.83 285.086
-1437.95 1075.81
-1159.49 -1489.81
-1939.01 -1260.26
650.456 -1172.68
150.284 1574.04
539.008 -45.5369
133.174 -1600.68
1292.2 1145.04
308.933 -861.751
1376.43 -165.482
1793.32 -1967.55
979.98 607.536
630.8 724.328
-1006.62 486.664
-481.505 -413.452
-1228.25 80.5422
-1337.64 -387.742
590.735 -1276.65
352 -758.809
-449.333 -1497.72
-1184.77 -1910.32
456.747 948.406
-1511 -251.053
93.4418 797.931
887.196 -530.129
-1367.55 680.512
-497.684 1612.43
-711.952 -1866.88
336.757 281.427
619.78 1855.25
1867.97 1391.53
-64.2057 -1469.66
-996.212 -1473.47
-746.315 1355.79
-232.279 804.352
1858.07 582.952
894.027 314.818
-468.642 1383.02
-1936.24 1624.8
180.956 950.961
-905.329 813.405
-368.527 596.987
425.834 919.521
730.103 -1237.41
-799.052 -650.117
-1382.16 -931.077
-1258.59 553.638
-400.74 -254.799
1080.17 852.944
-899.012 -1152.11
-342.704 -1040.94
1430.84 -1448.68
1273.88 -1037.8
1934.35 1337.64
-1413 115.304
288.603 -318.331
-1071.29 1920.08
-1721.34 1354.54
839.596 1008.76
-1882.87 -1959.46
-1641.36 -1265.02
-890.533 -899.944
1288.62 708.726
845.256 368.782
-438.33 1946.24
1216.67 1218.97
-1094.7 647.51
1770.29 -1820.82
1609.71 1704.64
1516.82 -1803.29
-180.058 -194.577
-121.625 748.65
-274.501 157.032
103.193 -1434.9
-834.208 220.327
-1394.36 -475.566
955.305 -284.894
624.49 243.92
-1576.17 -530.254
-1387.3 -14.4981
-584.009 1829.37
-795.532 321.294
476.881 -1025.24
500.473 86.5891
-1320.6 17.2941
283.295 499.337
1822.72 -1838.33
-752.013 -451.784
318.702 1351.18
113.311 1484.49
-428.492 718.95
-991.072 -1473.19
-1565.94 1633.42
770.733 -1142.11
-896.836 1383.43
843.39 519.155
1212.81 -1952.14
-1159.55 -310.312
-977.385 1340.92
1776.28 -297.99
-641.784 59.5718
-1798.65 -819.067
221.242 -550.666
729.15 -1460.06
-1199.49 -1157.54
-1975.56 372.022
1561.41 -966.635
898.835 1995.47
-1333.22 -330.433
-1146.64 -230.053
-946.998 1696.75
-1710.9 -1734.19
1744.6 -870.45
-44.5041 -1232.78
-1529.53 -268.227
469.228 -171.312
1791.34 670.575
1009.62 12.5865
-1880.09 -261.229
552.53 -1079.58
581.232 576.968
1292.45 142.644
1610.33 191.28
138.112 -1722.88
1860.85 991.467
47.0623 -1086.15
688.212 336.164
-820.342 432.815
1465.71 1135.15
1200.03 1936.19
-1133.07 -330.738
-235.126 -1341.73
-1660.16 -1225.5
670.857 -1540.25
513.266 -776.612
-619.83 -905.502
1800.36 -1327.38
1237.14 1410.69
863.896 -624.746
1687.8 724.744
-1633.28 -265.134
1638.59 1054.93
-1928.97 -1181.75
-512.251 1536.74
1953.4 -1312.22
1472.93 -1179.67
357.043 -762.196
-521.399 696.88
12.2997 -1850.54
