-1592.85 -1937.96
530.903 1670.89
1834.13 469.165
1691.29 -772.797
-949.347 504.202
-18.5752 734.683
34.8918 -121.65
760.426 578.49
1159.04 -1625.29
-510.559 215.346
272.14 -1167.3
1560.14 -1880.36
1875.97 -637.608
1922.36 -1000.75
-1073.06 -1964.7
32.0927 -665.912
-1902.66 -1437
-995.025 1931.46
1032.16 -1303.74
-841.333 -1917.19
1200.47 1140.09
817.497 -764.643
-981.558 -422.077
1813.85 -1822.52
-47.3717 -696.712
392.825 -1775.23
135.984 -47.0393
-1655.59 11.9583
1315.35 -1733.23
1011.21 -1757.71
-1697.93 -956.701
-423.618 -1600.59
-393.706 581.357
-1669.13 -1361.55
1277.62 -510.459
-1278.73 478.086
-1370.37 1538.77
1713.44 -351.925
-883.311 1527.29
-174.446 1069.32
-1169.42 -1781.62
1294.09 966.561
171.34 1638.5
-1021.48 -513.307
1905.27 1989.73
-271.013 -1792.66
-966.975 1305.37
-1393.25 639.319
-113.273 -1062.38
1277.77 -835.652
427.163 1999.04
1642.43 1056.8
1537.81 1355.88
-1295.13 -1345.5
883.167 530.425
1723.81 1713.74
748.804 1017.9
680.306 -1079.86
656.395 1658.83
406.837 561.663
1648.55 -1864.18
769.003 -1318.42
1441.19 1375.75
1320.9 -672.08
-1686.63 598.67
492.268 740.538
597.713 134.702
-202.666 135.521
-509.421 502.205
790.017 -1626.25
-967.369 513.831
-1912.51 1781.43
-468.27 767.796
-1298.42 -1811.88
426.622 1108.42
749.787 75.1735
1244.24 -481.21
756.75 685.433
-1105.46 77.646
-1986.65 -792.082
-1323.68 505.621
1948.46 1274.03
-1359.68 -254.21
-590.45 130.902
-1752 -1800.43
504.648 -719.374
713.398 592.138
-937.939 -1754.87
-640.065 -236.36
-1566.75 1786.56
-1127.94 1183.04
-138.27 -1883.7
-1298.17 -1381.52
801.728 -403.628
696.126 815.081
804.29 1372.44
-679.297 752.746
646.471 -38.974
-1501.46 -1943.98
-1908.07 -1253.47
-1744.41 596.576
27.1565 968.986
-811.286 1089.22
1214.11 548.648
-1147.14 1647.37
335.205 -275.088
830.405 -1803.07
-158.793 1532.23
-1184.59 -1357.06
-871.394 1511.54
1458.02 1932.9
883.983 -1221.28
685.642 -469.546
739.746 1184.18
-413.525 831.673
1930.71 -157.937
-571.751 -42.1353
-1188.95 616.963
-952.918 -1974.84
-834.389 -100.061
1672.53 1500.82
1624.85 502.932
1697.75 -533.942
35.1662 -1486.83
108.993 1163.77
-1975.29 -432.99
1096.67 908.69
345.729 -217.69
-1560.86 -914.525
-1033.51 25.6191
1917.15 -1102.8
1867.68 -654.603
855.06 -1321.27
1962.36 1902.14
-1296.11 -872.028
-197.92 -1623.58
-1371.21 -573.069
879.353 -1673.46
892.989 -1085.48
-1160.29 -998.018
-1921.71 -1135.59
568.992 1174.96
1773.1 -1085.28
-1042.73 -1787.75
0.195979 -76.2444
237.866 -82.6556
820.951 105.547
1262.74 -323.99
784.278 1225.1
-421.848 1488.17
-1646.93 1380.23
1864.59 -1018.14
-1192.84 743.944
-691.599 1700.15
1658.46 148.106
-1297.87 1736.75
1012.52 1271.12
911.713 785.621
-1814.15 1868.98
997.867 186.042
-207.262 -764.267
-1896.61 -1386.31
1341.28 1366.13
289.699 125.558
591.23 1867.85
-386.271 944.304
1248.08 -521.68
1926.17 -1944.75
-1777.74 -765.433
1755.4 1880.73
1382.67 -1542.47
1617.48 395.192
1728.65 529.195
-819.188 1914.5
398.177 -1821.32
100.541 -1809.08
-585.587 203.927
-1195.4 -1244.31
-429.945 1094.3
881.252 -1838.72
962.153 -1505.02
1105.59 210.236
-26.699 1031.75
265.481 195.565
-1733.68 20.8771
76.2925 1648.99
478.406 -306.226
44.186 207.06
-1777.03 1225
121.56 621.146
1403.68 -1777.9
812.061 -1181.91
426.028 1616.66
-426.216 1996.08
710.967 -1544.96
-1842.63 -326.88
-1049.98 1262.96
1883.36 923.318
294.71 148.837
-881.117 561.032
-1830.29 1195.18
210.026 648.12
-1111.05 -1745.79
-1144.82 -888.081
1479.21 976.741
1733.07 882.889
1198.84 545.126
1700.98 -375.131
161.791 -725.236
-379.048 -1127.24
-270.2 -221.681
545.879 679.817
-958.725 429.235
-396.864 1335.99
-1421.93 722.019
-102.983 -1252.22
-82.8052 -1892.96
1395.91 806.145
-1638.74 -1748.91
1918.06 1840.47
1227.83 1651.13
723.354 426.668
196.255 424.334
-1948.46 -1641.95
1699.1 -327.511
-769.196 -571.101
1450.81 1776.68
-1891.28 -1507.92
205.918 -288.148
1828.07 783.989
-1566.13 -274.912
1531.77 351.065
-167.869 927.679
-842.79 193.387
1178.77 -924.727
33.8525 406.591
-1273.6 -1242.79
-1166.74 922.657
1181.54 -1115.2
1280.7 880.639
557.286 -1488.49
-1690.46 8.09477
-1711.81 -1581.75
500.179 494.108
130.105 328.249
-721.903 563.976
-1946.66 -1190.13
-1084.96 -114.532
1737.55 72.2513
-1921.15 916.315
1147.52 112.707
-677.093 1873.93
869.914 156.166
796.583 51.4549
1040.96 77.286
-1067.91 -401.752
588.793 -758.368
1606.34 876.984
-340.114 106.522
-628.908 1789.99
-1565.23 649.189
353.967 -1511.89
1459.06 1269.01
373.576 1196.61
-658.74 452.43
112.925 -1511.22
-1434.86 1435.83
-1637.29 1435.05
-408.002 1159.29
-513.494 -1367.04
-763.419 418.6
231.209 1825.37
1660.23 -162.448
702.357 -679.882
1944.07 -1926.55
-889.891 -1621.15
722.638 1464.08
-1133.05 181.698
733.085 1240.53
-621.692 -1925.66
-307.041 1491.23
-1436.87 258.097
927.065 -1074.16
-306.853 -1480.94
-1914.86 1179.65
-847.977 -678.284
-401.747 1383.23
-852.91 -741.515
-779.216 1849.45
578.603 -835.143
1922.9 1688.71
-456.297 645.533
1152.79 410.656
-1172.77 -114.127
-348.815 205.539
-39.7828 1344.14
-303.229 523.347
-397.759 -1376.16
1449.19 1295.39
-857.101 1534.32
