19 46 85
102 160 228
1 110 138
139 238 282
3 13 248
3 39 282
57 208 246
25 74 104
86 147 246
21 23 53
55 79 157
36 98 207
66 94 219
63 222 295
242 291 295
79 157 196
26 181 296
257 293 299
56 265 288
17 152 225
9 65 200
45 248 266
13 248 266
96 209 276
3 96 125
125 188 238
19 224 267
24 61 91
19 85 267
24 28 91
39 120 202
92 146 170
52 206 217
21 53 140
35 104 233
74 140 233
45 239 266
3 39 248
199 284 285
93 207 240
174 239 252
57 76 199
192 284 285
76 262 285
115 226 231
132 142 192
44 153 164
155 172 226
153 164 244
78 164 244
127 171 280
126 280 294
171 280 294
190 242 295
6 63 274
66 107 298
50 146 227
163 190 242
35 114 138
51 66 228
222 254 274
83 143 198
55 113 157
77 113 149
0 205 283
128 210 234
77 127 245
14 198 268
115 128 216
144 169 179
143 198 212
16 169 293
131 259 271
16 66 94
108 112 270
51 66 107
135 176 181
117 185 292
32 235 299
114 138 193
41 116 156
69 193 206
21 140 233
17 119 225
7 84 97
188 238 297
8 73 100
48 173 177
84 99 263
4 33 191
7 119 161
131 201 271
99 158 247
103 235 264
188 209 297
70 71 224
58 209 297
3 13 96
120 229 239
168 266 276
19 46 139
39 47 282
71 139 238
58 70 122
119 134 225
70 71 122
58 122 297
15 89 286
15 85 267
15 267 286
70 224 267
7 161 173
89 134 286
67 89 287
15 67 89
22 67 287
34 49 121
15 241 251
15 67 241
28 75 91
61 91 251
91 218 275
136 140 150
74 136 140
74 104 233
75 91 218
136 150 183
150 178 183
24 61 121
23 217 289
148 217 289
21 40 114
52 69 206
35 114 233
21 114 206
114 193 206
40 114 233
21 40 233
109 213 229
1 25 104
30 180 211
109 120 229
72 87 269
47 87 282
87 269 282
174 229 239
45 120 239
39 47 202
30 109 202
109 120 202
30 109 213
30 180 213
25 180 213
57 215 223
213 229 232
168 223 236
147 223 236
174 237 252
236 239 252
86 246 250
86 232 237
86 232 250
132 141 142
132 192 284
36 141 142
199 240 284
93 199 240
93 208 246
167 262 279
10 57 76
10 57 215
10 215 262
215 226 262
155 167 226
90 192 285
167 226 262
10 76 262
215 223 226
172 226 231
31 155 172
44 153 172
187 216 256
153 172 231
115 153 231
31 106 155
31 44 172
78 133 166
78 106 164
27 90 142
2 98 101
90 142 192
76 199 285
50 101 227
126 130 170
78 166 244
171 187 294
126 149 280
77 113 245
187 256 294
171 187 216
126 130 149
126 182 294
77 149 280
50 146 170
0 92 283
2 101 227
92 146 204
146 204 227
2 204 295
2 6 63
2 63 295
0 92 291
2 204 227
18 50 101
36 98 101
18 36 142
18 36 101
11 27 162
18 27 142
6 95 274
1 98 110
2 98 151
2 6 151
6 95 110
95 110 138
54 69 193
95 138 193
219 254 298
63 222 274
190 254 255
190 222 295
190 222 254
254 274 298
107 274 298
66 219 298
51 160 228
54 105 165
94 159 219
175 258 272
55 112 196
94 159 258
108 159 258
108 258 272
163 190 255
112 196 270
163 242 249
196 249 270
83 143 197
14 64 128
0 242 291
0 157 205
55 79 196
92 170 283
113 157 205
55 113 245
129 210 278
77 127 280
127 128 245
124 234 268
64 128 245
128 129 210
112 143 197
55 112 197
108 112 272
112 143 272
143 212 272
12 42 261
123 175 272
124 210 234
29 129 131
9 200 259
29 129 200
68 201 271
9 259 271
32 60 201
131 201 235
62 293 299
60 68 201
60 68 299
68 261 271
123 175 290
42 88 261
37 88 123
175 258 290
66 81 144
81 137 260
16 118 293
118 257 293
62 169 293
20 43 189
32 60 299
32 201 235
62 135 176
135 264 281
103 189 235
103 264 281
185 292 296
103 191 281
111 117 292
5 8 100
117 185 203
4 185 203
181 292 296
80 111 292
80 176 181
80 181 292
102 117 273
102 137 179
66 81 228
81 228 260
54 105 221
116 214 273
105 116 154
52 217 221
54 69 221
52 69 221
22 49 154
49 121 289
116 154 156
117 214 273
102 160 273
41 116 214
5 100 214
160 165 273
56 243 265
5 8 288
17 59 253
22 41 156
41 100 214
22 154 156
17 59 119
8 59 230
152 225 287
70 119 134
84 97 277
59 177 230
119 161 173
48 145 177
7 48 173
97 184 277
38 84 99
38 243 265
38 99 243
184 220 277
99 195 247
4 33 186
4 56 186
99 195 243
82 99 158
82 158 194
84 263 277
20 43 184
20 189 235
43 184 220
7 20 119
20 97 184
7 20 97
68 261 299
123 257 290
118 257 290
166 244 256
216 244 256
168 236 266
236 239 266
174 229 237
159 219 255
218 269 282
218 275 282
213 232 250
93 207 246
207 246 250
117 203 214
5 203 214
30 202 211
129 200 278
65 200 278
57 199 208
54 193 274
55 197 245
33 189 247
158 189 247
26 181 281
145 177 265
257 261 299
166 256 294
133 166 182
163 249 270
108 159 270
159 255 270
158 189 194
148 154 289
105 154 221
115 153 216
95 193 274
11 78 279
50 133 162
74 180 211
38 48 84
47 72 87
12 42 278
127 128 216
28 53 178
107 160 165
50 126 170
4 191 296
96 125 188
41 73 100
22 41 253
229 232 237
46 85 91
38 145 265
38 48 145
154 217 221
37 88 212
78 106 279
50 126 182
28 75 183
36 207 240
4 185 296
11 27 90
106 155 167
43 263 277
33 186 195
43 82 194
43 189 194
1 213 250
93 199 208
9 261 271
31 44 164
29 131 259
28 178 183
9 65 278
8 230 265
9 12 278
130 170 283
128 234 268
148 154 217
31 106 164
59 119 173
22 34 67
6 98 151
42 88 124
8 265 288
23 121 289
15 91 251
54 107 274
23 24 121
59 73 253
29 200 259
5 56 288
81 144 179
3 125 238
9 12 261
36 141 240
33 103 189
90 262 285
6 98 110
47 72 202
43 220 277
0 242 249
235 264 299
17 22 253
19 71 139
0 157 196
83 197 245
19 71 224
177 230 265
25 74 180
1 35 104
16 118 290
56 195 243
64 83 245
26 191 296
3 238 282
71 122 297
11 78 133
166 182 294
11 133 162
219 254 255
62 111 179
15 85 91
16 144 169
153 216 244
16 66 144
16 94 258
43 82 99
57 147 246
16 258 290
7 48 84
17 22 152
23 206 217
11 90 279
22 34 49
72 75 269
5 56 203
18 50 162
1 25 213
22 152 287
23 24 28
41 73 253
56 186 195
4 56 203
58 168 276
37 123 212
58 209 276
33 103 191
8 59 73
59 173 177
62 80 176
62 80 111
135 264 299
116 165 273
14 64 198
64 83 198
92 204 295
67 241 251
34 67 251
14 128 268
70 267 286
70 134 286
71 238 297
72 183 211
75 218 269
163 255 270
111 117 179
74 136 211
105 116 165
1 35 138
1 98 250
42 124 278
50 133 182
81 137 179
86 236 252
61 121 251
132 240 284
86 147 236
86 237 252
88 124 212
88 257 261
88 123 257
89 225 287
0 196 249
57 147 223
90 262 279
26 191 281
92 291 295
33 195 247
113 149 205
96 188 209
96 266 276
13 96 266
54 107 165
98 207 250
135 181 281
137 228 260
43 99 263
46 275 282
23 28 53
106 167 279
136 183 211
102 137 228
51 107 160
102 117 179
46 91 275
72 75 183
39 120 248
140 150 178
124 210 278
45 120 248
89 134 225
130 149 283
34 121 251
49 154 289
21 23 206
127 171 216
123 212 272
124 198 212
72 202 211
124 198 268
62 169 179
132 141 240
62 135 299
46 139 282
53 140 178
18 27 162
149 205 283
