174 229 232
13 96 276
19 46 85
139 238 282
3 13 248
3 39 282
25 74 104
86 147 246
204 291 295
21 23 53
36 98 207
66 94 219
63 222 295
242 291 295
12 65 278
79 157 196
257 293 299
7 38 84
56 265 288
17 152 225
9 65 200
168 209 276
48 145 265
45 248 266
13 248 266
13 266 276
96 209 276
125 188 238
19 224 267
24 61 91
19 85 267
148 217 221
52 206 217
35 104 233
74 140 233
93 207 250
45 239 266
93 207 240
174 239 252
57 76 199
126 170 182
76 262 285
115 226 231
132 142 192
44 153 164
153 164 244
78 164 244
127 171 280
50 170 182
11 78 162
190 242 295
149 170 283
6 63 274
50 146 227
163 190 242
35 114 138
54 165 274
51 66 228
0 205 283
130 149 170
128 210 234
77 127 245
14 198 268
115 128 216
118 123 290
144 169 179
143 198 212
16 169 293
26 281 296
16 66 94
108 112 270
135 176 181
117 185 292
5 117 214
33 158 247
22 73 253
59 119 177
114 138 193
41 116 156
69 193 206
17 119 225
7 84 97
152 253 287
188 238 297
8 73 100
70 134 267
7 38 48
7 119 161
131 201 271
99 158 247
103 235 264
188 209 297
58 168 209
58 209 297
147 223 246
168 266 276
19 46 139
19 139 224
75 183 218
39 47 282
71 139 238
58 70 122
71 139 224
119 134 225
70 71 122
58 122 297
134 267 286
15 85 267
46 85 275
15 267 286
67 89 287
15 67 89
34 61 121
23 24 289
22 67 287
34 49 121
15 241 251
15 67 241
34 61 251
85 91 275
24 121 289
61 91 251
91 218 275
136 140 150
74 136 140
74 104 233
75 91 218
74 183 211
28 75 178
74 136 183
136 150 183
24 61 121
23 217 289
148 217 289
21 206 217
21 40 114
52 69 206
21 23 217
21 114 206
114 193 206
35 104 138
109 213 229
1 25 104
174 232 237
30 72 202
72 87 202
72 87 269
47 87 282
183 218 269
87 269 282
174 229 239
45 120 239
30 180 213
25 180 213
57 215 223
213 229 232
147 236 252
168 223 236
147 223 236
174 237 252
236 239 252
147 237 252
86 232 237
86 147 237
57 93 208
93 246 250
132 141 142
36 141 142
199 240 284
57 93 199
93 199 240
93 208 246
10 57 76
10 57 215
10 215 262
215 226 262
155 167 226
90 192 285
167 226 262
10 76 262
215 223 226
31 155 172
44 153 172
187 216 256
115 153 231
31 44 172
78 133 166
78 106 164
90 142 192
50 101 227
126 130 170
78 133 162
128 171 216
78 166 244
171 187 294
182 256 294
126 149 280
77 113 245
187 256 294
171 187 216
126 130 149
126 182 294
77 149 280
50 146 170
0 92 283
2 101 227
146 204 227
2 204 295
2 63 295
92 204 291
0 92 291
27 50 162
2 204 227
18 36 101
11 27 162
1 207 250
2 98 151
1 104 138
1 98 207
95 110 138
54 69 193
95 138 193
219 254 298
159 219 254
63 222 274
190 222 295
190 222 254
107 274 298
51 160 228
54 105 165
94 159 219
16 94 118
108 159 258
159 254 255
196 242 249
163 242 249
196 249 270
0 242 291
0 157 205
92 170 283
113 205 283
113 157 205
55 113 245
129 210 278
77 127 280
127 128 245
127 128 171
124 234 268
128 129 210
112 143 197
55 83 197
55 112 197
108 112 272
112 143 272
143 212 272
12 42 261
12 42 124
123 175 272
124 210 234
29 129 131
9 12 271
9 200 259
29 129 200
12 124 210
9 12 65
12 210 278
68 201 271
9 259 271
32 60 201
131 201 235
62 293 299
26 135 281
60 68 201
62 135 235
12 261 271
68 261 271
123 175 290
42 88 261
68 257 261
37 88 123
175 258 290
66 81 144
81 137 260
16 66 169
94 118 290
16 118 293
66 144 169
62 169 293
137 144 179
32 60 299
32 201 235
62 135 176
62 169 176
135 235 264
103 189 235
26 135 181
80 111 179
191 281 296
185 292 296
185 191 296
33 189 191
103 191 281
186 195 243
111 117 292
4 185 203
80 111 292
102 111 117
102 111 179
102 137 260
102 117 273
81 137 144
102 137 179
51 107 165
54 105 221
105 116 154
52 217 221
51 160 165
107 165 274
54 69 221
52 69 221
49 121 289
116 154 156
102 160 273
41 116 214
160 165 273
56 243 265
230 265 288
56 186 243
8 230 288
22 41 100
17 59 253
22 73 100
22 41 156
41 100 214
22 253 287
145 230 265
17 59 119
8 59 230
17 152 253
152 225 287
70 119 134
84 97 277
145 177 230
59 177 230
119 173 177
119 161 173
38 48 265
97 184 277
38 243 265
4 33 186
4 56 186
82 99 158
103 189 191
82 158 194
84 263 277
20 43 184
43 184 220
43 220 263
7 20 119
20 97 184
7 20 97
166 244 256
216 244 256
195 243 247
168 236 266
236 239 266
232 246 250
222 274 298
222 254 298
218 269 282
218 275 282
57 208 223
109 202 213
129 200 278
65 200 278
54 193 274
30 202 213
176 181 292
133 166 182
163 249 270
163 190 254
160 228 260
94 159 290
159 258 290
108 159 270
159 255 270
158 189 194
33 158 189
155 262 279
155 226 231
148 154 289
105 154 221
115 153 216
95 193 274
11 78 279
50 133 162
49 154 156
74 180 211
55 79 113
20 43 235
28 53 178
90 142 279
5 8 203
145 173 177
96 125 188
155 167 262
118 123 293
11 27 142
108 175 258
31 106 279
39 109 202
39 47 87
77 113 283
37 88 212
146 170 204
78 106 279
26 181 292
36 207 240
79 196 270
35 40 233
7 48 161
33 186 195
33 185 191
43 82 194
43 189 194
184 263 277
31 44 164
38 84 263
29 259 271
18 27 101
8 203 288
18 27 36
92 170 204
8 100 214
27 50 101
128 234 268
72 183 269
5 8 214
31 106 164
83 197 198
22 34 67
6 98 151
42 88 124
5 117 185
32 62 235
15 91 251
59 73 253
29 200 259
3 125 238
1 213 232
103 135 281
32 62 299
21 40 53
40 53 233
36 141 240
48 145 161
90 262 285
6 98 110
5 185 203
3 39 120
22 49 156
31 155 279
26 292 296
0 157 196
25 74 180
166 182 256
38 243 247
15 134 286
2 36 101
76 284 285
4 33 185
35 40 114
24 75 91
64 83 245
2 36 98
102 160 260
77 149 283
80 176 292
3 238 282
163 254 255
1 232 250
71 122 297
14 128 245
15 89 134
148 154 221
11 142 279
3 13 125
13 96 125
15 85 91
27 36 142
153 216 244
43 82 99
29 131 271
116 117 273
39 87 202
108 175 272
39 109 120
22 34 49
70 71 267
1 98 138
14 64 245
38 99 247
79 113 157
1 25 213
23 24 28
51 66 219
53 140 233
55 112 270
51 107 219
56 203 288
4 56 203
37 123 212
24 28 75
8 59 73
60 257 299
60 68 257
98 110 138
6 63 151
2 63 151
116 165 273
14 64 198
64 83 198
66 81 260
66 228 260
67 241 251
34 67 251
14 128 268
71 224 267
71 238 297
30 72 180
72 180 211
208 223 246
0 196 242
72 183 211
75 150 178
163 255 270
143 197 198
76 199 284
6 110 274
105 116 165
184 220 263
55 79 270
50 133 182
80 169 179
80 169 176
55 83 245
75 150 183
132 240 284
88 124 212
88 257 261
88 123 257
89 225 287
90 262 279
153 155 231
33 195 247
95 110 274
96 188 209
38 99 263
43 99 263
103 135 264
46 275 282
23 28 53
123 257 293
107 219 298
109 120 239
109 229 239
116 117 214
140 150 178
45 120 248
89 134 225
49 154 289
43 189 235
123 212 272
3 120 248
124 198 212
124 198 268
86 232 246
126 171 294
126 171 280
153 155 172
132 141 240
132 284 285
132 192 285
46 139 282
53 140 178
145 161 173
