14 42 46
0 16 22
3 33 37
6 10 34
9 14 42
6 10 27
7 46 48
3 33 48
7 33 48
3 8 48
1 24 46
15 42 44
1 14 46
22 37 44
0 22 37
15 16 22
15 22 44
26 31 43
31 32 36
31 36 43
19 21 38
12 45 49
18 28 39
5 18 39
12 32 45
4 29 47
12 32 49
18 28 49
4 10 40
23 34 35
5 9 26
9 23 35
9 19 26
8 30 41
29 45 47
4 40 47
7 33 46
2 33 46
2 33 44
33 37 44
25 27 30
10 35 40
9 21 42
19 26 43
14 23 34
27 30 41
6 17 41
6 27 41
10 25 27
5 31 32
1 14 34
2 42 46
5 9 35
8 24 46
1 6 34
6 17 24
15 16 38
5 26 31
4 10 25
5 35 39
2 42 44
10 34 35
9 19 21
15 21 38
8 24 41
1 6 24
11 35 40
5 18 49
11 13 40
8 46 48
11 35 39
11 28 39
11 13 28
13 28 49
13 40 47
13 20 45
13 45 47
16 36 43
5 32 49
9 14 23
13 20 49
15 21 42
16 38 43
19 38 43
20 45 49
0 16 36
17 24 41
