14 42 46
19 21 42
1 9 14
6 10 34
11 28 49
9 14 42
3 33 48
7 33 48
3 8 48
1 24 46
8 24 48
26 31 32
1 14 46
22 37 44
15 16 22
15 22 44
16 21 38
26 31 43
36 38 43
31 32 36
31 36 43
19 21 38
1 6 9
5 26 32
9 19 42
35 39 40
12 45 49
5 18 32
12 32 45
13 20 47
18 32 49
4 29 47
20 29 47
12 32 49
18 28 49
5 9 26
9 19 26
25 27 41
8 30 41
25 30 41
34 35 39
23 34 39
7 33 46
2 33 46
2 33 44
10 35 40
10 11 13
6 9 34
19 26 43
16 36 38
3 37 44
0 16 37
10 25 27
9 23 34
2 42 46
5 28 39
5 18 28
3 33 44
6 17 24
7 24 48
11 13 49
4 10 25
7 24 46
2 42 44
10 34 35
15 21 44
6 10 17
8 24 41
1 6 24
10 11 40
21 42 44
16 22 37
4 10 47
10 13 47
5 9 23
11 39 40
11 28 39
5 23 39
20 29 45
10 17 27
13 20 49
15 16 21
17 24 27
19 38 43
20 45 49
0 16 36
24 27 41
