3 33 37
1 17 24
6 10 34
9 14 42
8 17 24
3 33 48
7 33 48
3 8 48
2 7 33
2 44 46
15 16 22
26 31 43
31 32 36
31 36 43
26 38 43
19 26 38
11 13 20
12 45 49
12 32 45
18 32 49
20 29 49
29 45 49
4 29 47
12 32 49
17 27 41
1 6 17
23 34 35
8 17 41
8 30 41
19 38 42
2 33 44
25 27 30
10 35 40
2 46 48
27 30 41
11 28 35
5 9 18
0 16 37
10 25 27
9 23 34
1 14 34
21 38 42
8 24 46
5 18 31
10 40 47
9 18 39
5 19 42
18 28 35
9 14 34
1 6 34
9 23 39
14 22 42
15 16 38
5 26 31
4 10 25
10 34 35
6 10 17
15 21 38
18 35 39
22 33 44
2 7 48
11 35 40
16 22 37
4 10 47
11 13 40
5 19 26
11 18 20
8 46 48
10 17 27
13 20 29
13 29 47
13 40 47
16 36 43
14 24 46
5 9 42
14 44 46
15 21 42
16 38 43
14 22 44
18 20 49
11 18 28
1 14 24
18 31 32
22 33 37
0 16 36
15 22 42
23 35 39
