379 438 468
308 312 320
161 438 471
289 438 468
61 214 403
147 250 271
139 207 421
169 285 447
119 170 330
187 266 476
148 266 476
287 427 473
29 133 352
15 265 411
151 264 365
2 32 436
11 13 354
336 441 484
61 156 285
54 123 198
57 230 463
23 134 271
58 390 463
260 408 458
141 354 498
33 274 464
163 260 441
339 462 466
33 435 472
201 347 385
126 281 350
93 150 201
212 351 469
79 98 126
220 351 467
229 432 497
98 220 467
10 381 453
60 152 364
148 307 476
10 224 457
188 299 307
63 108 371
71 165 298
125 389 437
117 282 327
176 192 427
56 444 489
67 87 222
63 200 371
81 209 373
273 297 443
185 226 396
297 307 396
289 438 454
116 244 436
244 291 434
125 365 437
427 451 473
22 162 317
168 275 456
310 379 468
167 309 379
74 275 348
12 167 309
39 203 300
12 171 317
97 159 172
20 210 242
162 171 317
199 331 452
77 245 480
22 317 376
259 283 417
17 259 294
69 142 335
181 243 490
99 210 242
172 243 490
127 309 358
64 181 490
146 181 243
287 437 473
109 451 478
190 389 437
32 116 436
87 222 420
109 176 355
2 190 287
214 285 447
53 254 378
190 287 437
230 304 318
124 178 247
178 284 391
8 367 394
208 230 304
76 89 344
57 179 318
271 383 439
346 414 455
157 248 455
195 414 455
147 173 250
23 439 440
58 390 475
216 286 401
23 134 475
390 394 475
83 106 424
55 367 407
9 11 458
3 286 493
76 388 493
8 106 424
147 271 383
369 397 472
75 128 189
257 435 472
34 163 345
110 464 487
14 163 408
163 336 345
135 182 422
45 136 486
101 336 484
42 101 488
149 258 368
204 308 370
138 143 246
136 302 486
166 353 387
137 240 449
98 350 467
206 207 481
121 345 349
322 336 345
460 466 477
186 329 477
236 239 270
212 382 482
140 359 404
93 201 218
404 442 470
161 218 442
18 140 332
93 150 359
359 404 442
86 140 359
86 150 359
86 140 412
267 292 412
140 412 483
188 299 492
152 229 432
100 235 292
100 292 412
80 91 212
80 267 382
91 212 467
80 212 382
212 351 467
220 351 469
212 433 482
225 237 385
212 433 469
237 385 482
385 433 482
220 433 469
25 98 220
235 267 292
98 126 350
79 268 375
50 137 295
25 79 98
60 281 428
79 126 268
25 51 79
10 82 453
126 268 363
126 281 363
281 363 428
268 363 428
96 122 324
246 268 453
72 88 361
48 224 461
107 224 457
60 281 350
31 174 350
60 174 350
91 235 467
100 235 432
432 492 497
187 229 476
148 266 313
36 182 429
180 313 429
180 266 313
187 364 457
107 180 266
143 381 461
138 143 461
138 228 461
48 107 224
105 228 461
72 92 361
118 144 499
36 182 422
92 144 422
92 135 361
92 135 422
15 118 144
15 118 154
125 282 389
15 68 164
148 265 313
15 36 265
297 323 489
56 170 244
177 273 443
21 196 299
73 307 396
226 444 489
73 185 396
35 492 497
35 188 492
299 483 492
297 323 443
196 299 483
297 299 307
21 196 373
21 297 299
21 373 479
18 66 332
28 81 373
81 209 273
184 323 443
209 273 479
209 373 479
177 200 454
63 184 200
200 289 454
67 289 468
67 87 468
306 334 371
32 116 244
200 306 371
108 263 489
56 263 489
40 56 244
168 275 348
74 211 348
291 372 434
199 372 434
168 456 491
199 434 456
74 283 417
275 410 452
74 275 410
275 331 452
1 77 95
434 456 491
310 468 496
241 321 430
12 317 376
167 376 430
95 241 430
74 399 410
167 321 430
22 376 430
167 321 379
12 167 376
22 95 430
22 95 162
171 309 311
162 171 193
12 171 309
70 104 245
171 193 311
70 77 245
104 127 358
245 358 480
104 245 358
159 172 480
77 159 480
77 97 159
39 300 417
1 95 241
1 77 97
1 90 241
74 399 405
90 399 405
90 241 399
74 211 283
384 451 478
69 146 181
46 259 417
172 203 243
146 203 300
146 203 243
64 181 377
213 384 451
69 146 335
146 300 335
133 360 419
20 358 490
179 210 356
19 27 113
19 27 352
53 378 473
19 133 352
181 360 377
29 133 419
213 360 419
29 249 398
29 249 419
53 120 254
53 213 451
53 451 473
378 437 473
85 123 219
2 436 446
192 427 446
102 259 294
102 211 485
168 485 491
366 436 491
176 355 366
366 436 446
2 190 305
2 32 170
2 305 330
2 170 330
32 170 244
119 164 170
118 154 316
119 233 330
47 233 330
47 154 316
16 117 343
15 68 154
47 316 325
288 316 343
16 117 450
316 325 343
94 111 337
117 282 325
117 325 343
151 357 415
59 262 450
16 37 262
16 262 450
111 214 337
94 202 337
13 214 403
227 319 326
169 314 447
123 191 198
169 314 357
156 169 285
169 198 357
61 214 285
8 106 475
24 55 191
24 191 219
123 191 219
264 327 415
151 264 415
125 264 365
85 215 378
215 254 378
215 232 398
85 215 219
30 112 338
24 30 219
30 333 338
120 232 254
194 215 398
215 232 254
112 338 391
130 269 315
194 269 352
179 210 247
130 178 391
30 112 194
124 178 284
57 230 318
124 179 247
210 356 418
210 418 474
124 179 318
124 304 318
208 272 390
208 304 341
284 328 333
284 328 341
30 333 367
8 367 407
153 367 394
8 413 424
23 271 439
83 106 134
134 250 271
58 448 463
57 448 463
8 394 475
106 134 475
157 248 474
279 425 474
20 210 474
279 303 425
279 303 356
131 195 234
251 439 440
23 58 475
157 425 455
195 425 455
157 425 474
248 346 455
131 251 440
103 406 414
251 406 414
103 129 406
83 250 395
173 250 395
147 173 383
129 383 439
89 103 293
274 277 344
89 231 293
3 128 362
76 189 487
217 256 409
83 134 250
183 217 424
9 11 13
183 413 424
83 217 424
7 61 403
256 401 409
7 183 217
83 256 401
83 217 256
3 362 409
7 61 183
7 197 403
75 197 362
75 189 465
227 319 465
3 128 493
75 128 362
3 286 401
3 401 409
128 189 493
76 344 487
76 189 493
110 253 369
110 189 487
110 369 464
186 277 386
186 277 340
386 466 477
329 340 431
186 386 477
49 460 466
329 460 477
186 329 340
14 349 397
121 257 349
49 290 466
322 336 445
261 312 320
34 345 349
163 260 408
11 141 354
14 397 408
110 155 253
110 189 380
110 155 380
326 408 458
319 326 458
11 260 458
11 141 260
141 441 484
163 336 441
141 260 441
71 400 486
101 202 484
42 101 445
141 202 484
94 202 402
298 402 488
37 165 298
92 132 144
16 37 132
72 92 132
72 88 158
71 158 165
72 158 165
48 105 461
105 302 486
48 135 361
78 308 368
308 312 322
71 158 486
238 400 488
42 238 488
101 336 445
42 238 445
78 322 445
78 308 322
78 238 445
204 370 374
308 370 393
0 50 374
84 258 368
0 353 459
149 308 368
149 258 374
5 84 368
5 84 96
45 122 136
122 228 426
105 228 302
278 324 426
138 228 426
52 205 246
122 324 426
52 278 324
96 324 387
50 295 421
96 353 387
52 205 255
52 324 387
52 246 278
51 79 375
25 51 276
175 392 449
51 240 449
0 258 374
137 240 459
370 374 421
50 374 421
0 137 459
0 50 137
65 206 207
6 206 481
26 41 115
6 206 221
160 280 393
160 280 342
252 301 342
160 320 342
261 320 342
4 261 342
301 339 466
115 339 495
41 115 495
301 339 495
290 301 466
26 41 270
386 462 466
62 386 462
6 114 239
236 239 296
236 296 494
145 296 494
62 145 494
358 480 490
369 464 472
33 464 472
319 458 465
9 458 465
432 483 492
329 431 460
100 412 432
241 399 452
399 410 452
226 396 489
297 396 489
43 372 496
368 400 486
87 372 420
60 364 428
82 364 428
8 407 413
279 356 474
356 418 474
194 352 398
168 348 485
211 348 485
347 385 433
121 345 423
337 354 498
333 338 391
28 332 438
332 438 471
328 333 367
117 327 415
41 114 481
6 114 481
64 113 377
272 390 394
59 262 298
132 144 343
108 334 371
131 195 251
62 277 386
102 109 478
261 290 423
89 103 145
102 294 478
94 111 314
89 231 388
76 89 388
89 145 344
102 109 485
86 267 382
412 432 483
26 236 270
31 60 174
81 438 454
235 350 467
28 81 438
5 45 368
81 177 454
112 269 315
205 246 375
26 115 339
161 442 470
29 352 398
64 113 490
135 180 429
141 202 337
65 221 392
117 357 415
70 104 193
62 236 462
70 77 162
124 284 304
175 295 449
207 295 421
104 127 193
54 151 365
160 308 320
103 173 293
155 227 253
69 142 259
17 69 259
39 223 417
40 291 420
63 108 489
141 337 498
314 357 450
18 140 483
62 145 277
62 236 494
7 197 217
153 272 328
61 156 413
67 222 334
59 298 402
44 59 94
58 234 448
66 332 373
85 123 378
55 191 407
195 251 414
40 56 334
217 362 409
20 27 242
109 355 485
80 91 235
284 304 341
27 269 352
88 105 486
18 66 373
17 69 213
2 427 446
26 339 462
310 321 496
112 315 391
284 333 391
24 55 367
86 150 382
24 30 367
20 27 113
101 202 402
48 135 180
298 400 488
40 222 420
74 405 417
57 234 448
15 36 422
84 96 353
153 272 394
253 369 397
204 308 374
17 294 478
172 480 490
51 205 375
148 265 416
139 207 481
152 187 229
65 207 295
77 95 162
38 56 170
9 13 197
35 307 476
20 113 490
13 337 354
15 144 422
355 366 485
45 368 486
68 164 233
67 200 306
136 228 302
19 113 377
109 427 451
82 428 453
38 164 170
240 353 459
4 290 301
80 235 267
31 152 432
88 158 486
49 257 435
0 258 353
257 349 397
69 181 213
1 39 223
23 58 131
65 206 221
144 288 499
195 234 425
26 236 462
18 196 373
322 345 423
102 211 259
178 210 247
19 133 360
44 94 314
13 197 403
1 223 405
372 468 496
225 237 482
140 332 471
4 301 342
218 359 442
1 90 405
48 107 180
31 235 350
221 239 276
5 45 122
301 481 495
44 314 450
2 287 427
46 142 335
221 276 392
31 235 432
25 220 433
13 214 337
261 322 423
51 392 449
10 82 364
17 384 478
35 188 307
244 436 491
166 240 353
81 177 273
9 197 465
265 313 429
189 227 465
201 218 347
282 305 325
149 308 374
57 234 303
139 280 370
48 88 361
35 229 476
43 199 372
87 372 468
161 470 471
63 184 489
272 328 341
108 263 334
138 246 426
169 198 407
153 328 367
31 60 152
35 229 497
214 314 447
39 97 172
39 172 203
43 241 321
19 360 377
40 244 291
273 297 479
67 306 334
38 56 444
33 431 460
41 481 495
43 241 452
365 378 437
139 252 481
86 267 412
232 249 398
44 59 450
70 162 193
216 286 493
4 261 290
38 226 444
46 300 417
143 246 381
46 300 335
1 39 97
6 221 239
118 288 316
118 288 499
53 120 213
120 213 249
194 215 219
17 213 384
75 197 465
150 201 385
54 123 378
127 193 311
127 309 311
103 129 173
120 232 249
129 251 439
129 251 406
274 464 487
16 132 343
101 402 488
111 214 314
114 239 270
135 182 429
122 136 228
173 231 395
37 72 132
78 238 368
139 280 342
156 407 413
139 252 342
139 370 421
224 381 461
140 404 471
59 94 402
46 142 259
144 288 343
216 395 401
56 263 334
291 372 420
252 301 481
145 277 344
21 297 479
177 184 200
246 268 375
261 312 322
54 151 198
151 198 357
152 187 364
10 224 381
68 154 233
23 131 440
47 154 233
246 278 426
155 227 380
51 205 255
33 274 277
366 485 491
34 163 349
15 164 411
99 178 210
38 164 411
129 173 383
173 231 293
176 366 446
176 192 446
119 164 233
177 184 443
40 222 334
130 178 269
99 178 269
109 176 427
93 218 359
181 213 360
43 199 452
190 282 389
184 323 489
47 325 330
185 226 416
73 185 416
27 242 269
190 282 305
61 183 413
160 308 393
117 357 450
208 272 341
191 198 407
38 226 411
14 163 349
156 169 407
197 217 362
33 435 460
199 275 456
18 196 483
213 249 419
51 276 392
30 194 219
274 344 487
49 435 460
150 225 385
33 277 431
37 72 165
265 411 416
208 230 463
208 390 463
211 259 283
216 231 395
216 231 388
216 388 493
161 218 347
223 405 417
225 382 482
57 303 356
226 411 416
227 253 408
234 303 425
277 340 431
239 276 296
166 240 255
268 428 453
244 434 491
246 381 453
28 332 373
238 368 400
65 295 392
253 397 408
404 470 471
166 255 387
58 131 234
83 395 401
189 227 380
257 397 472
49 257 423
199 275 331
121 257 423
84 258 353
227 326 408
51 240 255
10 364 457
37 262 298
264 282 327
148 307 416
125 264 282
36 265 429
67 200 289
107 187 457
150 225 382
280 370 393
52 255 387
49 290 423
175 295 392
137 295 449
71 298 400
25 347 433
107 187 266
112 194 269
41 114 270
305 325 330
54 365 378
73 307 416
310 321 379
57 179 356
5 96 122
48 88 105
99 242 269
130 315 391
43 321 496
