308 312 320
161 438 471
289 438 468
349 397 472
214 337 498
139 207 421
0 84 258
312 322 423
169 285 447
140 332 404
119 170 330
294 384 478
17 69 384
17 69 142
287 427 473
53 213 419
57 303 448
29 133 352
15 265 411
151 264 365
2 32 436
11 13 354
336 441 484
61 156 285
153 272 390
23 134 271
58 390 463
260 408 458
141 354 498
33 274 464
163 260 441
206 221 276
26 115 462
139 280 421
65 175 392
65 207 421
6 276 296
339 462 466
33 435 472
93 150 201
212 351 469
86 225 382
79 98 126
220 351 467
229 432 497
10 381 453
60 152 364
148 307 476
188 307 476
10 224 457
188 299 307
63 108 371
71 165 298
125 389 437
107 135 180
117 282 327
176 192 427
73 226 416
56 444 489
63 200 371
81 209 373
185 226 396
28 66 373
297 307 396
28 81 454
289 438 454
116 244 436
102 259 283
125 365 437
199 372 452
427 451 473
22 162 317
17 46 142
39 203 300
12 171 317
172 358 480
97 159 172
162 171 317
199 331 452
22 317 376
259 283 417
17 259 294
69 142 335
17 294 384
181 243 490
99 210 242
172 243 490
127 309 358
64 181 490
146 181 243
69 213 360
69 213 384
287 437 473
109 451 478
190 389 437
32 116 436
39 223 405
87 222 420
68 119 164
2 190 287
288 316 499
61 156 183
214 285 447
53 254 378
190 287 437
151 365 437
55 191 198
27 99 242
19 64 377
230 304 318
124 178 247
23 58 440
178 284 391
8 367 394
208 230 304
195 234 303
76 89 344
57 179 318
346 414 455
147 173 250
23 439 440
58 390 475
23 134 475
83 216 395
390 394 475
83 106 424
55 367 407
216 286 388
369 397 472
33 274 340
257 435 472
110 464 487
101 202 488
44 59 314
202 402 488
135 182 422
45 136 486
101 336 484
42 101 488
14 34 349
204 308 370
138 143 246
48 107 135
136 302 486
137 240 449
98 350 467
65 175 295
370 393 421
280 393 421
206 207 481
121 345 349
49 261 423
460 466 477
33 340 431
26 270 462
41 114 239
51 166 255
140 359 404
86 150 225
93 218 442
404 442 470
161 218 442
93 359 442
28 438 454
332 404 470
93 150 359
359 404 442
86 140 359
150 201 225
86 150 359
86 140 412
267 292 412
100 235 292
100 292 412
80 267 382
212 351 467
220 351 469
212 433 482
225 237 385
212 433 469
237 385 482
385 433 482
220 433 469
31 350 467
79 268 375
25 220 347
25 79 98
60 281 428
25 51 79
10 82 453
126 281 363
281 363 428
268 363 428
246 268 453
72 88 361
107 224 457
60 281 350
31 174 350
60 174 350
31 152 235
100 235 432
432 492 497
187 229 476
36 182 429
180 313 429
10 224 461
107 266 457
180 266 313
187 364 457
107 180 266
10 381 461
143 381 461
138 143 461
138 228 461
88 105 361
135 180 182
118 144 499
180 182 429
36 313 429
36 182 422
92 144 422
16 144 343
15 118 144
47 282 330
47 282 325
125 282 389
15 68 164
15 36 265
73 148 307
222 306 334
177 273 443
63 184 323
81 273 454
21 196 299
73 185 226
73 307 396
226 444 489
73 148 416
73 185 396
35 492 497
35 188 476
35 188 492
196 299 483
297 299 307
21 297 299
28 66 332
332 470 471
28 81 373
81 209 273
184 323 443
209 273 479
177 200 443
177 273 454
184 200 443
63 184 200
67 222 306
200 289 306
67 289 468
67 289 306
306 334 371
200 306 371
108 263 489
263 334 371
108 263 371
40 263 334
56 263 489
40 56 263
40 56 244
87 291 372
87 291 420
291 372 434
199 372 434
199 434 456
74 283 417
43 310 379
275 410 452
275 331 456
199 331 456
74 275 410
39 74 417
43 321 379
275 331 452
1 77 95
434 436 491
434 456 491
43 321 452
43 372 452
310 468 496
43 310 496
241 321 430
12 317 376
241 321 452
95 241 430
74 399 410
22 376 430
167 321 379
12 167 376
171 309 311
162 171 193
12 171 309
171 193 311
104 127 358
245 358 480
104 245 358
159 172 480
39 97 203
77 97 159
39 300 417
1 95 241
1 90 223
39 74 405
1 77 97
1 90 241
90 223 405
74 399 405
90 399 405
74 211 283
17 46 259
69 181 360
384 451 478
69 146 181
46 259 417
102 211 283
97 172 203
172 203 243
172 358 490
99 210 247
64 181 377
69 146 335
146 300 335
133 360 419
27 99 352
19 64 113
20 358 490
19 27 113
29 194 398
53 378 473
181 360 377
29 133 419
19 133 377
213 360 419
133 360 377
29 194 352
29 249 398
120 249 398
29 249 419
53 120 254
53 451 473
53 249 419
378 437 473
53 120 249
24 30 55
68 119 233
2 436 446
176 427 451
102 259 294
355 485 491
355 366 491
366 436 491
176 355 366
176 192 366
192 366 446
366 436 446
2 190 305
2 32 170
2 305 330
2 170 330
119 164 170
119 233 330
118 316 499
47 233 330
16 117 343
190 305 389
282 305 330
282 305 389
288 316 343
16 117 450
316 325 343
94 111 337
151 357 415
59 262 450
16 262 450
111 214 337
94 202 337
227 319 326
169 314 447
123 191 198
169 314 357
156 169 285
169 198 357
55 198 407
24 55 191
30 55 367
54 85 378
24 191 219
123 191 219
264 327 415
151 264 415
125 264 365
54 151 357
215 232 398
85 215 219
30 112 338
24 30 219
30 333 338
194 215 398
215 232 254
194 269 315
99 269 352
112 338 391
194 269 352
130 178 391
112 194 315
30 112 194
124 178 284
99 178 247
124 179 247
210 356 418
210 418 474
124 179 318
124 284 341
124 304 318
208 272 390
124 304 341
30 333 367
8 367 407
208 272 328
153 390 394
153 367 394
8 413 424
23 271 439
58 448 463
58 131 448
57 448 463
8 394 475
106 134 475
179 303 356
157 248 474
57 179 303
279 303 356
131 195 234
234 303 448
251 439 440
23 58 475
195 303 425
195 425 455
157 425 474
131 251 414
131 234 448
131 251 440
58 131 440
103 406 414
251 406 414
103 129 406
83 250 395
103 129 383
173 250 395
103 293 383
89 103 293
274 277 344
89 231 293
3 128 362
76 189 487
217 256 409
9 75 197
216 388 395
183 217 424
183 413 424
83 217 424
156 183 413
7 61 403
256 401 409
7 183 217
83 256 401
83 217 256
3 362 409
7 61 183
7 197 403
9 319 465
9 75 465
75 197 362
227 319 465
3 286 401
3 401 409
76 344 487
76 89 231
344 464 487
110 253 369
110 189 487
110 369 464
274 344 464
274 277 340
186 277 386
186 277 340
386 466 477
186 386 477
257 349 472
14 349 397
121 257 349
261 312 320
121 322 345
14 34 163
34 345 349
163 260 408
110 155 253
9 319 458
326 408 458
319 326 458
11 260 458
141 441 484
163 336 441
141 260 441
71 400 486
78 238 400
101 202 484
42 101 445
141 202 484
94 202 402
37 59 262
298 402 488
37 59 402
37 165 298
37 298 402
92 132 144
72 92 132
16 132 144
72 88 158
71 158 165
48 105 461
105 302 486
48 135 361
48 105 361
78 308 368
78 368 486
71 158 486
5 45 486
149 204 374
238 400 488
42 238 488
78 400 486
101 336 445
42 238 445
121 322 423
78 322 445
78 238 445
149 204 308
308 370 393
0 50 374
84 258 368
0 353 459
149 258 374
5 84 368
5 368 486
5 84 96
122 228 426
278 324 426
138 228 426
52 205 246
122 324 426
52 278 324
50 295 421
52 205 255
52 324 387
52 246 278
51 79 375
25 51 276
175 392 449
51 276 449
0 258 374
137 240 459
65 295 421
0 137 459
137 175 449
0 50 137
65 206 207
276 392 449
6 221 276
6 206 481
207 252 481
26 41 115
139 207 252
6 206 221
160 280 393
160 280 342
252 301 342
160 320 342
261 320 342
261 312 423
4 261 342
4 290 342
301 339 466
290 301 342
115 339 495
41 115 495
301 339 495
290 301 466
115 339 462
236 270 462
26 41 270
386 462 466
62 145 386
62 386 462
6 114 239
6 239 296
236 239 296
236 296 494
145 296 494
369 464 472
33 464 472
266 457 476
187 457 476
456 485 491
432 483 492
329 431 460
106 424 475
8 424 475
100 412 432
214 403 498
354 403 498
168 456 485
399 410 452
226 396 489
43 372 496
60 364 428
82 364 428
75 362 465
128 362 465
8 407 413
279 356 474
356 418 474
176 355 451
13 354 403
168 348 485
168 348 456
347 385 433
346 425 455
336 345 445
333 338 391
28 332 438
332 438 471
328 333 367
297 323 396
323 396 489
117 327 415
37 132 262
41 114 481
6 114 481
102 109 478
107 224 461
98 281 350
85 254 378
89 103 145
102 294 478
94 111 314
146 243 300
89 145 344
102 109 485
86 267 382
412 432 483
147 173 293
31 60 174
80 212 482
80 212 467
76 231 395
322 345 445
80 91 467
205 246 375
80 267 292
328 333 341
161 442 470
166 255 353
64 113 490
76 388 395
321 376 430
85 215 254
80 91 292
90 241 452
141 202 337
93 201 347
78 308 312
87 372 496
117 357 415
70 77 162
76 286 493
48 107 461
104 127 193
105 302 461
72 92 422
72 135 422
160 308 320
155 227 253
66 140 332
40 291 420
63 108 489
141 337 498
314 357 450
90 399 452
18 412 483
7 197 217
153 272 328
44 59 94
208 304 328
3 128 286
27 133 352
217 362 409
20 27 242
32 56 116
109 355 485
54 123 219
31 91 235
310 379 438
88 105 486
104 162 193
110 155 189
2 192 446
147 271 439
77 104 245
50 175 295
50 370 421
112 315 391
273 297 323
56 116 244
284 333 391
20 27 113
11 13 458
298 400 488
47 118 325
40 222 420
65 206 392
15 36 422
84 96 353
32 56 170
22 162 430
253 369 397
37 158 165
147 293 383
79 268 363
51 205 375
148 265 416
152 187 229
12 309 379
77 95 162
109 355 451
38 56 170
9 13 197
20 113 490
21 66 373
131 195 455
15 144 422
36 148 313
136 228 302
82 428 453
0 84 353
38 164 170
240 353 459
54 378 437
88 158 486
49 257 435
1 39 223
19 27 133
144 288 499
37 72 158
41 236 270
25 220 467
72 135 361
18 21 66
76 128 493
50 204 374
54 85 219
44 94 314
13 197 403
225 237 482
41 236 239
50 137 175
80 382 482
25 98 467
5 45 122
21 209 479
301 481 495
46 142 335
9 13 458
47 118 154
10 82 364
68 118 154
166 240 353
225 347 385
21 209 373
214 285 403
189 227 465
87 468 496
63 323 489
159 245 480
70 104 162
220 347 433
45 122 228
35 229 476
161 470 471
145 277 386
15 68 118
34 336 345
34 163 336
18 140 412
36 148 265
138 246 426
169 198 407
53 384 451
153 328 367
31 60 152
35 229 497
214 314 447
12 167 379
53 213 384
40 244 291
284 333 341
91 235 292
273 297 479
38 56 444
33 431 460
41 481 495
78 312 322
76 128 189
86 267 412
18 66 140
83 216 286
45 136 228
102 211 348
31 91 467
4 261 290
46 300 417
93 218 347
273 323 443
143 246 381
46 300 335
1 39 97
50 204 370
194 215 219
96 122 353
122 353 387
123 198 357
54 123 357
127 193 311
127 309 311
128 286 493
128 189 465
229 235 432
129 251 406
210 242 474
131 414 455
16 132 262
118 316 325
134 147 271
134 147 250
111 214 314
173 231 395
37 72 132
186 460 477
139 280 342
156 407 413
139 252 342
59 94 402
2 192 287
144 288 343
145 236 494
145 236 462
252 301 481
145 277 344
21 297 479
179 247 356
62 145 462
147 383 439
246 268 375
106 134 250
152 187 364
74 211 275
68 154 233
47 154 233
246 278 426
155 227 380
177 200 289
157 248 346
157 346 425
51 205 255
95 162 430
163 397 408
14 163 397
15 164 411
38 164 411
206 276 392
290 460 466
166 240 449
122 324 387
51 166 449
18 21 196
173 231 293
102 348 485
40 222 334
177 289 454
178 269 315
99 178 269
130 178 315
83 106 250
38 411 444
186 329 431
186 340 431
186 329 460
188 483 492
188 299 483
160 308 393
117 357 450
77 159 245
192 287 427
156 169 407
197 217 362
33 435 460
18 196 483
87 222 468
30 194 219
49 435 460
76 286 388
265 411 416
79 126 363
210 247 356
208 230 463
208 390 463
211 275 348
230 318 463
161 218 347
67 222 468
225 382 482
54 151 437
59 314 450
226 411 444
226 411 416
227 253 408
129 251 383
152 229 235
20 242 474
268 428 453
203 243 300
246 381 453
251 383 439
149 258 308
253 397 408
120 254 398
232 254 398
255 353 387
189 227 380
49 257 423
275 348 456
121 257 423
258 308 368
227 326 408
10 364 457
201 225 347
141 260 354
11 260 354
49 261 290
264 282 327
125 264 282
117 282 343
61 285 403
52 255 387
155 189 380
49 290 460
291 434 436
244 291 436
98 126 281
282 325 343
71 298 400
228 302 461
279 303 474
303 425 474
304 328 341
5 96 122
310 438 468
83 286 401
266 313 476
148 313 476
130 315 391
57 318 463
70 77 104
167 321 376
