379 438 468
308 312 320
161 438 471
289 438 468
66 196 373
61 214 403
284 338 391
349 397 472
0 84 258
312 322 423
169 285 447
140 332 404
119 170 330
187 266 476
109 176 451
294 384 478
17 69 384
17 69 142
287 427 473
57 303 448
15 265 411
11 13 354
336 441 484
61 156 285
57 230 463
23 134 271
260 408 458
141 354 498
33 274 464
163 260 441
26 115 462
6 276 296
339 462 466
33 435 472
201 347 385
126 281 350
93 150 201
212 351 469
86 382 412
79 98 126
225 237 382
220 351 467
229 432 497
98 220 467
60 152 364
31 152 174
10 224 457
229 476 497
188 299 307
71 165 298
38 411 416
125 389 437
107 135 180
117 282 327
176 192 427
56 444 489
81 209 373
185 226 396
140 196 483
289 438 454
116 244 436
244 291 434
244 291 420
125 365 437
199 372 452
427 451 473
22 162 317
310 379 468
167 309 379
74 275 348
17 46 142
12 167 309
12 171 317
172 358 480
162 171 317
199 331 452
22 317 376
17 259 294
69 142 335
17 294 384
181 243 490
99 210 242
127 309 358
64 181 490
146 181 243
69 213 360
69 213 384
287 437 473
109 451 478
190 389 437
87 222 420
68 119 164
109 176 355
2 190 287
288 316 499
156 198 407
214 285 447
53 254 378
125 264 327
190 287 437
55 191 198
8 156 413
112 130 391
19 64 377
124 178 247
208 230 304
195 234 303
76 89 344
57 179 318
271 383 439
27 113 242
346 414 455
195 414 455
58 390 475
23 134 475
83 216 395
390 394 475
83 106 424
55 367 407
3 286 493
8 106 424
147 271 383
216 286 388
369 397 472
257 435 472
110 464 487
227 253 326
163 336 345
44 59 314
88 105 158
135 182 422
101 336 484
14 34 349
149 258 368
138 143 246
48 107 135
136 302 486
98 350 467
252 280 342
206 207 481
322 336 345
460 466 477
186 329 477
236 239 270
41 114 239
140 359 404
93 201 218
404 442 470
161 218 442
18 140 332
93 150 359
359 404 442
267 382 412
86 140 359
86 150 359
86 140 412
267 292 412
140 412 483
100 412 483
100 235 292
100 292 412
80 91 212
80 267 382
91 212 467
212 351 467
220 351 469
212 433 482
225 237 385
212 433 469
237 385 482
385 433 482
220 347 385
220 385 433
220 433 469
25 98 220
235 267 292
98 126 350
31 350 467
79 268 375
25 220 347
50 137 295
25 79 98
205 246 268
25 51 79
205 268 375
126 281 363
281 363 428
268 363 428
246 268 453
72 88 361
143 246 453
143 381 453
107 224 457
60 152 174
31 174 350
60 174 350
31 152 235
100 235 432
432 492 497
187 229 476
10 224 461
187 364 457
107 180 266
10 381 461
143 381 461
138 143 461
138 228 461
118 144 499
36 182 422
92 144 422
15 118 144
15 118 154
125 282 389
15 68 164
15 38 164
15 36 265
38 416 444
15 38 411
38 164 444
177 273 443
21 196 299
226 416 444
226 444 489
73 185 396
35 492 497
35 476 497
196 299 483
21 196 373
21 297 299
21 373 479
21 273 297
18 66 196
18 66 332
18 140 196
81 209 273
21 273 479
209 273 479
209 373 479
177 200 443
184 200 443
63 184 200
67 222 306
200 289 306
67 289 468
67 289 306
40 244 420
200 306 371
263 334 371
108 263 371
56 263 489
40 56 244
87 291 372
244 434 436
87 291 420
74 211 348
291 372 434
199 372 434
168 456 491
199 434 456
2 287 446
74 283 417
43 310 379
275 410 452
74 275 410
43 321 379
275 331 452
1 77 95
434 436 491
434 456 491
43 321 452
43 372 452
310 468 496
43 310 496
241 321 452
74 399 410
22 376 430
167 321 379
171 309 311
12 171 309
127 162 193
193 309 311
127 193 309
70 77 245
70 77 95
70 95 162
104 127 358
245 358 480
159 172 480
39 300 417
1 90 223
1 77 97
90 223 405
74 399 405
90 399 405
74 211 283
17 46 259
69 181 360
384 451 478
69 146 181
46 142 417
102 211 283
142 335 417
172 203 243
300 335 417
64 181 377
69 146 335
146 300 335
133 360 419
19 64 113
20 358 490
20 113 242
19 27 113
19 27 352
53 378 473
19 133 352
181 360 377
19 133 377
213 360 419
133 360 377
29 249 398
29 249 419
53 120 254
53 451 473
378 437 473
53 120 249
24 30 55
68 119 233
176 427 451
168 485 491
366 436 491
176 355 366
366 436 446
2 190 305
2 305 330
119 164 170
118 154 316
47 68 233
119 233 330
118 316 499
47 233 330
47 154 316
16 117 343
47 68 154
15 68 154
282 305 330
288 343 499
47 316 325
288 316 343
16 117 450
94 111 337
117 282 325
151 357 415
59 262 450
16 37 262
16 262 450
111 314 447
94 202 337
13 214 403
227 319 326
156 169 198
169 314 447
123 191 198
156 169 285
61 214 285
8 106 475
55 198 407
8 156 407
24 55 191
54 85 378
24 191 219
123 191 219
264 327 415
125 282 327
125 264 365
54 151 357
85 215 378
215 254 378
85 215 219
30 112 338
24 30 219
30 333 338
284 333 338
120 232 254
215 232 254
194 269 315
112 338 391
194 269 352
112 130 315
112 194 315
30 112 194
124 178 284
210 356 418
210 418 474
124 304 318
284 328 333
284 328 341
8 367 407
208 272 328
8 413 424
83 106 134
134 250 271
131 195 414
58 131 448
57 448 463
8 394 475
106 134 475
157 248 474
57 179 303
279 425 474
279 303 425
131 195 234
234 303 448
251 439 440
23 58 475
157 425 455
195 303 425
195 425 455
157 425 474
131 251 414
131 234 448
131 251 440
103 406 414
251 406 414
103 129 406
83 250 395
173 250 395
147 173 383
129 383 439
89 103 293
274 277 344
89 231 293
3 128 362
76 189 487
217 256 409
9 75 197
216 388 395
83 134 250
83 217 424
7 61 403
256 401 409
7 183 217
83 256 401
83 217 256
3 362 409
7 61 183
7 197 403
9 75 465
75 197 362
227 253 380
75 189 465
155 253 380
227 319 465
3 128 493
3 286 401
3 401 409
128 189 493
76 344 487
76 89 231
189 380 465
76 189 493
344 464 487
110 253 369
110 189 487
110 369 464
274 344 464
186 277 386
277 344 386
186 277 340
386 466 477
329 340 431
145 344 386
186 386 477
329 460 477
186 329 340
257 349 472
329 435 460
14 349 397
322 336 445
163 260 408
110 155 253
227 380 465
319 326 458
11 260 458
141 441 484
163 336 441
141 260 441
71 400 486
101 202 484
141 202 484
37 59 262
298 402 488
37 59 402
37 165 298
37 298 402
92 132 144
16 37 132
72 92 132
16 132 144
37 132 165
72 88 158
71 158 165
48 135 361
78 308 368
308 312 322
78 368 486
71 158 486
149 204 374
238 400 488
42 238 488
78 400 486
42 238 445
78 322 445
78 308 322
149 204 308
204 370 374
0 50 374
84 258 368
149 308 368
5 84 368
5 84 96
45 122 136
122 228 426
105 228 302
278 324 426
138 228 426
52 205 246
122 324 426
50 295 421
52 205 255
52 246 278
51 79 375
25 51 276
175 392 449
137 175 295
51 240 449
51 276 449
0 84 96
0 137 459
137 175 449
0 50 137
65 206 207
65 276 392
276 392 449
6 221 276
6 206 481
6 206 221
160 280 393
160 280 342
252 301 342
4 261 342
4 290 342
290 301 342
6 41 481
41 239 270
115 339 495
41 115 495
290 301 466
115 339 462
236 462 494
386 462 466
62 462 494
62 145 386
62 386 462
6 41 114
6 114 239
6 239 296
236 239 296
236 296 494
145 296 494
62 145 494
369 464 472
33 464 472
319 458 465
9 458 465
137 449 459
240 449 459
432 483 492
100 432 483
332 404 471
78 400 445
238 400 445
399 410 452
226 396 489
390 448 463
43 372 496
264 365 415
151 365 415
60 364 428
82 364 428
135 361 422
279 356 474
356 418 474
29 352 419
194 352 398
281 350 428
60 350 428
168 348 456
121 345 423
214 337 447
111 337 447
337 354 498
28 332 438
332 438 471
328 333 367
327 357 415
282 325 330
297 323 396
323 396 489
116 436 446
139 280 481
272 390 394
102 109 478
102 168 348
107 224 461
0 149 258
35 483 492
99 269 315
77 97 245
261 290 423
0 96 459
95 321 430
97 159 203
89 103 145
94 202 488
102 294 478
94 111 314
146 243 300
1 90 95
89 145 344
102 109 485
253 326 458
26 236 270
82 381 453
96 353 459
81 438 454
28 81 438
5 45 368
81 177 454
80 212 482
76 231 395
80 237 382
161 442 470
166 255 353
39 97 300
29 352 398
28 81 332
297 299 396
64 113 490
76 388 395
321 376 430
135 180 429
90 241 452
141 202 337
130 284 391
87 372 496
76 286 493
124 284 304
48 107 461
207 295 421
74 223 405
70 245 358
73 299 307
72 92 422
54 151 365
160 308 320
103 173 293
39 223 417
65 221 276
141 337 498
314 357 450
90 399 452
7 197 217
153 272 328
61 156 413
36 182 313
274 277 431
44 59 94
208 304 328
66 332 373
102 283 294
40 56 334
117 316 343
217 362 409
56 164 444
56 164 170
184 273 443
32 56 116
109 355 485
80 91 235
194 232 398
54 123 219
284 304 341
31 91 235
27 269 352
110 155 189
0 149 374
32 170 330
50 370 421
273 297 323
56 116 244
14 34 345
86 150 382
11 13 458
298 400 488
40 222 420
15 36 422
32 56 170
72 361 422
22 162 430
8 153 367
153 272 394
253 369 397
160 261 320
179 279 356
79 268 363
51 205 375
208 272 463
34 121 345
148 265 416
139 207 481
152 187 229
65 207 295
16 144 499
9 13 197
20 113 490
13 337 354
15 144 422
355 366 485
14 163 345
81 332 373
36 148 313
136 228 302
204 308 393
82 428 453
240 353 459
117 316 325
80 235 267
108 200 371
49 257 435
1 39 223
23 58 131
65 206 221
26 236 462
322 345 423
178 210 247
8 153 394
41 301 481
26 115 270
54 85 219
184 273 323
44 94 314
13 197 403
42 336 445
218 359 442
23 271 440
198 314 357
117 327 357
5 45 122
102 168 485
42 101 336
80 237 482
48 228 461
9 13 458
179 279 303
12 167 317
33 329 431
13 214 337
94 402 488
10 82 364
30 55 333
42 202 488
166 240 353
243 358 490
81 177 273
261 320 423
87 468 496
201 218 347
33 329 435
104 127 162
159 245 480
55 333 367
70 104 162
48 88 361
194 215 232
34 121 257
161 470 471
70 104 358
35 148 188
46 259 283
130 178 284
50 370 374
36 148 265
95 241 321
138 246 426
53 384 451
153 328 367
53 213 384
10 82 381
167 317 376
365 378 437
63 108 200
232 249 398
57 230 304
41 301 495
34 257 349
83 216 286
252 280 481
102 211 348
133 352 419
31 91 467
4 261 290
46 283 417
97 159 245
1 39 97
272 390 463
194 215 219
96 122 353
122 353 387
150 201 385
123 198 357
54 123 357
99 178 315
222 334 371
72 132 158
103 129 173
229 235 432
169 198 314
183 217 413
120 232 249
129 251 439
129 251 406
210 242 474
339 466 495
58 390 448
132 158 165
135 182 429
122 136 228
173 231 395
45 136 368
105 158 302
59 94 402
56 263 334
252 301 481
179 247 356
148 188 307
52 278 387
152 187 364
301 466 495
63 108 184
23 131 440
246 278 426
41 115 270
177 200 289
157 248 346
35 188 483
157 346 455
51 205 255
158 302 486
159 172 203
366 485 491
160 261 342
35 148 476
162 171 311
162 193 311
90 95 241
95 162 430
163 397 408
14 163 397
99 178 210
290 460 466
122 324 387
129 173 383
173 231 293
173 250 271
32 116 446
176 366 446
147 173 271
176 192 446
40 222 334
177 289 454
93 218 359
130 178 315
190 282 389
182 313 429
108 184 263
217 413 424
184 263 489
184 323 489
47 325 330
185 226 416
57 304 318
73 185 416
97 203 300
188 299 483
75 189 362
128 189 362
27 242 269
190 282 305
16 343 499
192 287 446
61 183 413
271 439 440
160 308 393
117 357 450
192 287 427
197 217 362
48 105 228
199 275 456
213 249 419
87 222 468
30 194 219
204 370 393
207 280 421
139 207 280
259 283 294
49 435 460
76 286 388
150 225 385
265 411 416
79 126 363
210 247 356
208 230 463
53 213 249
161 218 347
222 306 371
67 222 468
74 223 417
2 32 446
2 32 330
59 314 450
152 229 235
277 340 431
166 240 255
42 101 202
20 242 474
268 428 453
203 243 300
172 243 358
179 247 318
124 247 318
65 295 392
253 397 408
253 408 458
404 470 471
255 353 387
49 257 423
275 348 456
199 275 331
121 257 423
51 240 255
10 364 457
141 260 354
11 260 354
148 307 416
266 313 429
180 266 429
107 187 457
150 225 382
33 274 431
278 324 387
280 370 421
280 370 393
73 299 396
52 255 387
155 189 380
49 290 423
49 290 460
136 368 486
175 295 392
71 298 400
107 187 266
304 328 341
54 365 378
73 307 416
5 96 122
48 88 105
83 286 401
266 313 476
99 242 269
148 313 476
312 320 423
167 321 376
