308 312 320
289 438 468
284 338 391
52 166 387
214 337 498
91 235 267
166 240 459
139 207 421
0 84 258
45 96 122
312 322 423
169 285 447
119 170 330
17 69 384
17 69 142
287 427 473
53 213 419
57 303 448
29 133 352
15 265 411
151 264 365
2 32 436
11 13 354
336 441 484
61 156 285
57 230 463
23 134 271
141 354 498
33 274 464
163 260 441
26 115 462
139 280 421
65 175 392
65 207 421
339 462 466
33 435 472
201 347 385
212 351 469
100 432 492
226 297 396
237 382 482
79 98 126
225 237 382
220 351 467
229 432 497
60 152 364
31 152 174
10 224 457
188 299 307
63 108 371
71 165 298
38 411 416
44 94 402
117 282 327
148 265 411
176 192 427
56 444 489
67 87 222
63 200 371
81 209 373
185 226 396
442 470 471
140 196 483
289 438 454
116 244 436
125 365 437
199 372 452
427 451 473
22 162 317
168 275 456
74 275 348
39 203 300
12 171 317
172 358 480
97 159 172
20 210 242
162 171 317
199 331 452
22 317 376
259 283 417
17 259 294
69 142 335
99 210 242
127 309 358
146 181 243
69 213 360
69 213 384
287 437 473
109 451 478
32 116 436
87 222 420
68 119 164
109 176 355
288 316 499
53 254 378
125 264 327
55 191 198
112 130 391
124 178 247
178 284 391
8 367 394
208 230 304
76 89 344
57 179 318
27 113 242
346 414 455
20 64 490
195 414 455
147 173 250
23 439 440
58 390 475
23 134 475
83 216 395
390 394 475
83 106 424
55 367 407
9 11 458
3 286 493
76 388 493
216 286 388
369 397 472
49 257 460
257 435 472
34 163 345
110 464 487
14 163 408
163 336 345
44 59 314
214 354 498
135 182 422
45 136 486
5 45 96
42 101 488
149 258 368
138 143 246
136 302 486
166 353 387
98 350 467
65 175 295
206 207 481
322 336 345
460 466 477
186 329 477
236 239 270
212 382 482
51 166 255
140 359 404
93 218 442
404 442 470
161 218 442
18 140 332
93 150 359
86 140 359
150 201 225
86 150 359
80 91 267
86 140 412
267 292 412
140 412 483
100 483 492
100 235 292
80 91 212
80 267 382
91 212 467
80 212 382
212 351 467
220 351 469
201 225 385
212 433 482
225 237 385
212 433 469
237 385 482
385 433 482
220 433 469
235 267 292
25 79 98
25 51 79
126 268 363
126 281 363
268 363 428
187 229 364
82 364 457
96 122 324
246 268 453
72 88 361
143 246 453
143 381 453
107 224 457
152 229 364
10 82 457
60 152 174
60 281 350
31 174 350
60 174 350
31 152 235
100 235 432
432 492 497
36 182 429
10 224 461
107 266 457
187 266 457
187 364 457
107 180 266
10 381 461
143 381 461
138 143 461
138 228 461
118 144 499
36 182 422
92 144 422
92 135 422
15 118 144
125 282 389
15 68 164
148 265 313
15 36 265
38 416 444
73 148 307
148 411 416
56 170 244
222 306 334
177 273 443
63 184 323
21 196 299
73 307 396
226 416 444
226 444 489
73 148 416
73 185 396
35 492 497
35 188 476
35 188 492
196 299 483
21 373 479
18 66 332
18 140 196
21 273 479
209 273 479
209 373 479
177 200 443
184 200 443
63 184 200
67 222 306
67 289 468
67 289 306
67 87 468
306 334 371
32 116 244
108 263 489
263 334 371
108 263 371
40 263 334
56 263 489
40 56 263
40 56 244
87 291 372
244 434 436
168 275 348
87 291 420
74 211 348
74 283 417
275 410 452
74 275 410
275 331 452
434 436 491
434 456 491
43 468 496
43 372 452
310 468 496
241 321 430
241 410 452
39 97 223
95 241 430
74 399 410
22 376 430
167 321 379
22 95 430
22 95 162
162 171 193
171 193 311
70 77 245
70 95 162
104 127 358
245 358 480
159 172 480
39 300 417
1 95 241
1 90 223
1 97 223
1 77 97
1 90 241
241 399 410
90 223 405
74 399 405
90 399 405
90 241 399
74 211 283
102 109 294
46 142 417
46 259 417
102 211 283
142 335 417
172 203 243
300 335 417
99 210 247
64 181 377
146 300 335
133 360 419
20 64 113
20 358 490
179 210 356
20 113 242
19 27 113
29 194 398
53 378 473
29 133 419
213 360 419
29 194 352
29 249 398
120 249 398
29 249 419
53 120 254
53 213 451
53 451 473
53 249 419
378 437 473
53 120 249
85 123 219
24 30 55
68 119 233
2 436 446
366 436 491
176 355 366
366 436 446
2 305 330
32 170 244
119 164 170
47 68 233
119 233 330
118 316 499
47 233 330
47 68 154
190 305 389
282 305 330
282 305 389
288 343 499
94 111 337
151 357 415
59 357 450
59 262 450
16 262 450
44 59 402
44 94 111
111 214 337
227 319 326
44 111 314
169 314 447
59 314 357
123 191 198
169 314 357
156 169 285
169 198 357
7 197 362
208 230 390
24 55 191
54 85 123
30 215 219
54 85 378
24 191 219
123 191 219
264 327 415
125 282 327
151 264 415
125 264 365
54 151 378
54 151 357
85 215 219
30 112 338
24 30 219
30 333 338
120 232 254
120 232 398
215 232 254
194 269 315
30 194 215
112 338 391
194 269 352
179 210 247
112 130 315
130 178 391
112 194 315
30 112 194
124 178 284
99 178 247
210 356 418
210 418 474
124 284 341
124 304 318
230 390 463
272 328 333
208 304 341
124 304 341
8 367 407
153 367 394
8 413 424
23 271 439
83 106 134
58 131 448
57 448 463
8 394 475
106 134 475
157 248 474
20 210 474
279 303 425
131 195 234
234 303 448
23 58 475
248 346 455
131 234 448
131 251 440
103 406 414
251 406 414
103 129 406
83 250 395
173 250 395
147 173 383
129 383 439
89 103 293
274 277 344
89 231 293
3 128 362
76 189 487
217 256 409
83 134 250
9 11 13
83 217 424
7 61 403
7 183 217
83 256 401
83 217 256
3 362 409
7 217 409
7 362 409
7 61 183
9 319 465
75 197 362
227 253 380
75 189 465
155 253 380
227 319 465
3 128 493
3 286 401
286 388 493
110 253 369
110 369 464
274 344 464
186 277 386
186 277 340
386 466 477
329 340 431
186 386 477
329 460 477
186 329 340
14 349 397
257 435 460
322 336 445
34 345 349
11 141 354
14 397 408
110 155 253
110 155 380
326 408 458
11 260 458
11 141 260
141 441 484
163 336 441
141 260 441
71 400 486
78 238 400
101 202 484
42 101 445
141 202 484
94 202 402
298 402 488
37 165 298
37 298 402
92 132 144
72 92 132
16 132 144
72 88 158
71 158 165
105 302 486
48 135 361
78 308 368
308 312 322
71 158 486
5 45 486
238 400 488
42 238 488
42 238 445
78 322 445
78 308 322
78 238 445
0 50 374
84 258 368
0 353 459
149 308 368
5 84 368
0 96 353
5 368 486
5 84 96
45 122 136
105 228 302
278 324 426
138 228 426
52 205 246
122 324 426
96 324 387
50 295 421
96 353 387
52 205 255
52 246 278
52 166 255
51 79 375
25 51 276
175 392 449
51 166 240
51 240 449
51 276 449
0 84 96
166 353 459
65 295 421
0 137 459
137 175 449
0 50 137
65 206 207
65 276 392
276 392 449
6 206 481
207 252 481
6 206 221
160 280 393
160 280 342
252 301 342
160 320 342
261 312 423
6 41 481
115 339 495
41 115 495
252 301 495
290 301 466
115 339 462
386 462 466
62 386 462
6 41 114
6 114 239
236 239 296
236 296 494
145 296 494
62 145 494
252 481 495
369 464 472
33 464 472
456 485 491
137 449 459
240 449 459
336 445 484
161 438 442
329 431 460
106 424 475
8 424 475
214 403 447
168 456 485
390 448 463
110 380 487
189 380 487
368 400 486
151 365 378
60 364 428
82 364 428
8 407 413
279 356 474
356 418 474
13 354 403
214 354 403
78 368 400
347 385 433
121 345 423
16 343 450
333 338 341
284 338 341
28 332 438
332 438 471
327 357 415
282 325 330
60 281 363
93 359 404
37 132 262
64 113 377
131 195 251
62 277 386
102 168 348
107 224 461
0 149 258
98 281 350
77 97 245
261 290 423
199 291 456
85 254 378
89 103 145
94 141 202
146 243 300
89 231 388
76 89 388
89 145 344
102 109 485
86 267 382
26 236 270
82 381 453
76 344 464
81 438 454
28 81 438
81 177 454
205 246 375
328 333 341
28 81 332
297 299 396
321 376 430
85 215 254
135 180 429
62 236 462
76 464 487
48 107 461
70 245 358
104 127 193
1 70 77
160 308 320
103 173 293
43 372 468
72 92 135
125 190 287
39 223 417
69 181 377
65 221 276
64 181 243
40 291 420
63 108 489
141 337 498
62 145 277
62 236 494
121 257 345
213 384 478
61 156 413
274 277 431
66 332 373
102 283 294
27 133 352
195 251 414
229 266 476
56 164 170
184 273 443
109 355 485
194 232 398
55 169 198
31 91 235
310 379 438
27 269 352
88 105 486
104 162 193
2 192 446
0 149 374
147 271 439
18 66 373
32 170 330
50 175 295
50 370 421
310 321 496
273 297 323
4 312 320
91 350 467
86 150 382
40 291 434
101 202 402
48 135 180
298 400 488
195 248 455
40 222 420
74 405 417
15 36 422
153 272 394
253 369 397
37 158 165
204 308 374
37 132 158
51 205 375
17 109 478
12 309 379
125 190 389
16 144 499
157 279 474
15 144 422
355 366 485
81 332 373
31 91 350
4 320 342
204 308 393
19 113 377
109 427 451
82 428 453
285 403 447
100 292 483
4 290 301
88 158 486
257 349 397
17 109 294
23 58 131
4 261 312
7 13 403
19 27 133
65 206 221
122 136 426
195 234 425
3 256 409
25 220 467
72 135 361
26 236 462
38 56 164
322 345 423
9 319 326
19 133 360
76 128 493
26 115 270
50 204 374
184 273 323
57 279 303
140 332 471
4 301 342
48 107 180
50 137 175
221 239 276
25 98 467
3 256 401
117 327 357
94 141 337
18 21 373
102 168 485
438 442 471
48 228 461
12 167 317
25 220 433
9 326 458
55 169 407
17 384 478
30 55 333
68 118 154
243 358 490
7 9 197
64 243 490
9 197 465
265 313 429
189 227 465
201 218 347
63 323 489
159 245 480
55 333 367
149 308 374
70 104 162
48 88 361
194 215 232
35 229 476
87 372 468
70 104 358
15 68 118
272 328 341
138 246 426
35 229 497
214 314 447
12 167 379
39 97 172
39 172 203
43 241 321
19 360 377
60 363 428
93 404 442
10 82 381
38 56 444
167 317 376
33 431 460
41 481 495
43 241 452
365 378 437
163 260 458
76 128 189
86 267 412
57 230 304
83 216 286
102 211 348
4 261 290
125 287 437
97 159 245
50 204 370
6 221 239
157 248 425
79 126 375
75 197 465
123 198 357
54 123 357
126 268 375
127 193 311
127 309 311
72 132 158
103 129 173
229 235 432
183 217 413
129 251 406
339 466 495
129 439 440
129 251 440
58 390 448
16 132 262
118 316 325
134 147 271
101 402 488
134 147 250
111 214 314
114 239 270
135 182 429
173 231 395
12 309 311
136 302 426
139 280 342
156 407 413
140 404 471
2 192 287
46 142 259
163 408 458
288 316 325
17 142 259
145 277 344
117 343 450
147 383 439
148 188 476
148 188 307
150 201 218
246 268 375
93 150 218
69 181 335
52 278 387
301 466 495
23 131 440
246 278 426
41 115 270
157 279 425
177 200 289
195 248 425
51 205 255
366 485 491
34 163 349
15 164 411
38 164 411
290 460 466
129 173 383
18 21 196
173 231 293
176 366 446
176 192 446
177 209 273
81 177 209
40 222 334
177 289 454
178 269 315
99 178 269
109 176 427
130 178 315
146 181 335
273 297 299
217 413 424
47 325 330
185 226 416
57 304 318
73 185 416
188 483 492
188 299 483
75 189 362
128 189 362
27 242 269
16 343 499
61 183 413
160 308 393
117 357 450
208 272 341
192 287 427
14 163 349
156 169 407
33 435 460
190 287 305
48 105 228
199 275 456
199 291 372
204 370 393
101 445 484
259 283 294
207 252 342
208 390 394
208 272 394
69 360 377
213 451 478
12 171 311
216 231 395
216 231 388
161 218 347
272 333 367
223 405 417
226 297 323
226 323 489
2 32 330
227 253 408
152 229 235
1 70 95
187 229 266
57 279 356
234 303 425
277 340 431
239 276 296
268 428 453
203 243 300
172 243 358
200 289 371
179 247 318
124 247 318
118 154 325
253 397 408
139 207 342
404 470 471
257 345 349
189 227 380
257 397 472
49 257 423
199 275 331
121 257 423
227 326 408
289 306 371
59 262 402
40 244 434
37 262 402
36 265 429
266 313 429
180 266 429
150 225 382
21 273 299
33 274 431
278 324 387
280 370 421
280 370 393
117 282 343
61 285 403
2 287 305
288 325 343
49 290 423
49 290 460
98 126 281
291 434 456
292 412 483
282 325 343
71 298 400
153 272 367
299 307 396
228 302 426
25 347 433
41 114 270
7 9 13
310 321 379
57 179 356
310 438 468
48 88 105
83 286 401
266 313 476
99 242 269
148 313 476
47 154 325
167 321 376
43 321 496
