116 134 180
5 198 214
44 161 252
35 178 246
143 201 290
60 77 154
313 369 374
21 168 390
313 329 386
153 160 383
63 201 290
65 117 256
38 45 169
34 156 161
28 168 344
43 360 379
94 130 269
25 280 374
30 365 379
173 194 287
89 346 383
143 295 394
146 365 390
136 251 303
79 127 222
1 2 222
238 313 386
60 171 371
49 175 177
36 175 197
219 237 371
219 272 351
148 284 305
138 180 253
91 116 248
202 216 361
11 240 345
94 186 236
100 207 258
181 199 215
168 318 360
21 28 229
184 244 269
100 258 269
117 256 332
84 117 302
132 141 215
69 128 325
112 170 234
51 224 257
164 271 297
83 204 335
150 165 317
164 271 281
46 55 122
45 55 169
170 218 234
46 83 193
273 363 382
23 96 166
169 241 308
45 99 354
45 191 354
40 78 283
57 182 209
291 304 380
102 182 323
52 266 381
33 209 323
33 296 323
274 288 292
97 109 340
48 192 377
75 121 250
14 32 371
14 357 371
152 153 160
152 357 364
152 153 364
357 371 387
32 149 371
153 299 364
14 32 299
32 153 299
140 142 373
63 160 190
262 277 336
232 249 346
160 190 383
249 346 383
32 153 383
194 247 394
143 201 394
194 295 394
75 121 143
194 231 295
80 162 260
80 260 274
78 162 174
66 147 223
147 210 388
93 225 356
173 194 231
173 287 396
25 280 350
25 277 374
280 350 358
280 369 374
147 223 356
147 210 356
1 2 369
11 329 345
20 240 345
20 211 240
26 240 328
22 240 328
60 154 243
22 329 386
22 328 386
238 313 336
238 243 261
142 346 373
89 149 196
111 196 261
60 77 171
118 154 298
118 154 243
118 238 243
219 351 371
171 351 371
49 175 322
62 177 197
36 105 319
18 36 105
0 36 197
0 272 351
175 177 197
76 88 312
0 62 197
62 177 242
120 264 378
9 76 312
70 228 286
131 272 307
62 226 242
0 272 307
6 219 272
0 62 307
62 226 307
6 131 272
6 81 219
19 157 286
19 70 286
76 144 176
237 284 359
180 237 253
237 253 359
148 213 305
259 306 343
248 259 343
179 213 239
179 213 306
213 306 375
115 176 228
70 176 228
91 116 202
116 134 334
91 202 300
116 202 282
8 91 300
8 167 300
95 133 385
95 133 186
216 275 361
68 282 395
116 282 395
68 282 339
216 339 347
68 339 347
133 207 385
216 275 347
167 275 361
275 321 385
94 236 258
133 207 258
94 258 269
130 184 269
98 139 355
145 389 399
53 139 355
9 145 389
120 368 378
53 145 378
56 211 366
59 72 366
156 200 244
59 137 366
114 200 315
156 200 326
123 220 352
200 212 315
166 273 318
151 344 376
44 161 227
117 302 332
65 84 117
34 161 227
65 220 352
41 156 244
34 41 156
41 123 220
86 123 184
86 130 184
95 186 362
95 119 265
95 256 265
68 119 395
119 265 289
116 126 395
51 257 289
90 126 279
4 224 257
103 181 256
181 199 257
103 181 215
103 256 332
103 132 215
85 141 215
112 141 170
85 187 215
85 101 187
13 101 325
69 128 159
116 126 159
13 101 187
55 164 297
83 150 335
55 122 297
150 317 335
104 150 165
83 104 150
46 55 169
193 234 309
16 108 132
170 218 330
141 170 330
217 252 309
217 252 370
44 278 370
135 273 318
166 273 382
44 252 370
23 163 166
29 169 308
71 189 241
38 169 241
221 241 308
71 189 333
38 189 241
39 203 348
39 203 341
155 185 255
291 338 380
155 158 185
158 185 285
43 92 311
208 285 341
7 353 363
7 58 333
135 273 363
106 135 353
31 92 106
92 155 158
92 106 158
31 43 92
31 106 135
135 353 363
31 43 360
21 28 168
21 229 390
37 79 388
37 110 388
37 146 365
365 379 390
30 124 379
73 210 388
124 129 398
129 136 303
129 195 398
42 230 391
42 230 337
42 155 337
109 294 340
27 57 67
52 97 342
52 97 340
136 320 381
52 320 340
209 251 266
52 320 381
110 293 388
73 293 388
54 251 303
136 195 320
129 136 195
182 209 323
27 57 250
183 205 342
75 233 250
183 205 268
75 99 372
245 304 310
42 294 391
64 203 338
255 338 380
255 294 380
109 294 380
109 304 380
48 64 377
50 125 192
125 178 246
10 35 246
50 125 178
35 61 188
249 383 397
166 382 392
287 373 396
56 366 368
168 360 390
360 379 390
280 358 369
306 343 375
235 333 392
235 333 382
7 333 382
324 328 386
322 324 328
281 317 331
317 325 367
89 314 346
142 314 346
313 329 345
43 311 379
221 308 392
284 305 359
291 304 377
109 304 342
298 351 384
171 298 351
73 293 303
163 308 392
290 357 387
126 289 395
278 330 370
16 278 330
93 223 358
93 172 225
93 140 373
93 223 356
45 191 348
60 243 261
13 187 215
89 261 314
16 44 108
58 208 353
48 254 348
86 123 352
161 326 376
40 174 296
19 157 239
1 79 223
299 357 364
8 214 327
96 206 252
28 229 376
74 317 335
230 311 337
74 281 317
74 271 281
54 73 303
24 231 396
70 144 176
19 70 81
69 224 279
3 138 375
70 131 307
18 105 324
69 126 279
51 90 126
105 319 322
65 95 362
65 352 362
63 290 357
5 82 100
183 304 342
61 99 372
46 83 122
59 98 368
29 46 169
58 208 341
57 67 266
57 209 266
156 161 326
56 120 368
55 164 281
36 175 319
83 104 193
53 368 378
54 113 251
53 82 355
53 82 88
52 205 342
52 67 266
51 90 279
232 249 397
53 88 312
82 100 355
48 125 192
48 203 348
48 64 203
175 319 322
64 291 338
46 206 309
159 325 367
60 111 261
0 351 384
11 240 329
61 99 188
221 241 392
41 123 184
15 17 172
40 356 393
7 363 382
17 80 162
39 58 333
16 132 141
191 348 354
85 101 112
162 174 260
17 172 225
10 35 254
98 269 355
15 24 396
7 58 353
15 17 80
54 113 210
37 79 127
93 172 373
5 88 214
145 177 264
110 129 303
100 269 355
232 346 373
13 69 325
3 213 305
18 267 384
65 95 256
26 56 120
8 91 248
8 248 327
31 135 318
25 262 277
53 139 368
59 137 244
95 119 385
17 40 283
105 276 322
79 147 388
313 336 374
35 188 254
4 13 257
2 313 369
128 159 325
15 172 349
134 138 180
66 79 147
107 137 200
144 242 389
30 110 124
107 137 211
59 72 368
78 162 283
8 167 198
121 231 295
76 88 214
68 275 347
67 205 233
40 78 174
9 76 144
140 142 262
119 275 385
1 223 358
0 18 384
113 209 251
124 195 379
26 49 322
145 264 378
1 79 222
23 29 206
1 358 369
130 352 362
144 226 242
38 39 45
26 49 177
202 216 282
2 222 263
84 108 302
245 310 377
13 199 215
9 53 312
104 193 234
54 73 210
39 45 348
35 61 372
12 35 178
51 224 279
5 82 88
230 311 379
5 198 207
27 233 250
70 144 226
294 320 340
6 70 131
107 114 200
238 298 324
14 299 357
149 196 371
9 144 389
83 122 204
205 233 268
115 179 259
50 178 245
2 20 345
104 112 234
47 67 233
2 313 345
19 148 213
4 69 224
19 213 239
19 81 284
167 202 361
25 262 350
179 239 286
122 271 297
26 120 177
24 80 274
130 186 362
238 261 314
41 184 244
23 96 206
46 193 309
50 192 245
24 121 231
294 320 391
24 121 274
316 334 375
55 281 331
3 213 375
26 322 328
30 37 365
77 154 171
38 39 189
12 35 372
28 344 376
66 79 223
29 46 206
15 349 396
29 163 308
30 37 110
9 53 145
64 291 377
16 44 278
59 244 269
238 262 336
2 20 263
134 138 375
17 162 283
115 179 286
219 237 284
71 333 392
120 177 264
115 176 214
34 84 227
34 41 220
85 112 141
18 267 324
37 127 146
19 148 284
254 348 354
92 155 311
270 350 358
96 166 318
59 98 269
116 316 334
99 254 354
89 196 261
101 104 165
101 104 112
146 301 315
102 182 292
102 288 292
103 132 302
103 302 332
122 204 335
105 276 324
57 182 250
44 108 227
84 108 227
20 114 263
232 287 373
5 100 207
97 109 342
110 124 129
96 252 318
51 126 289
110 293 303
198 207 385
60 111 371
235 382 392
27 47 67
137 200 244
33 113 209
33 113 296
216 282 339
20 114 211
15 24 80
87 115 214
115 259 327
159 317 367
146 263 301
87 115 327
116 248 316
195 230 379
349 373 396
32 149 383
106 158 208
68 119 275
190 383 397
72 366 368
52 67 205
121 143 295
74 122 271
74 122 335
102 174 323
23 29 163
39 58 341
151 252 318
124 195 398
69 126 159
102 174 288
151 252 376
94 130 186
316 343 375
27 47 233
98 139 368
108 132 302
186 236 258
115 228 286
136 266 381
136 251 266
13 199 257
137 211 366
40 210 296
3 138 305
190 201 397
140 262 270
140 270 358
93 140 358
262 270 350
253 305 359
238 262 314
238 324 386
107 114 211
146 315 390
198 321 385
89 149 383
151 168 318
151 168 344
185 203 341
119 289 395
267 298 324
154 171 298
155 255 294
42 155 294
185 203 255
277 336 374
158 208 285
250 274 292
159 317 331
31 318 360
134 334 375
16 141 330
63 160 357
12 233 372
8 198 214
152 160 357
155 311 337
17 40 393
48 125 254
101 165 325
165 317 325
26 211 240
163 166 392
125 246 254
12 233 245
172 349 373
127 146 263
174 274 288
174 296 323
76 176 214
257 265 289
113 210 296
34 65 84
34 65 220
177 242 399
12 178 245
179 259 306
181 256 265
157 239 286
181 257 265
182 250 292
183 245 304
0 18 36
183 245 268
185 285 341
133 186 258
99 188 254
167 202 300
192 245 377
40 210 356
71 241 392
86 130 352
167 198 275
198 275 321
106 208 353
6 70 81
201 247 397
201 247 394
118 238 298
114 263 315
26 56 211
203 255 338
22 240 329
206 252 309
304 310 377
200 212 326
4 13 69
174 260 274
212 229 326
212 229 390
87 214 327
218 234 309
217 218 309
217 218 370
218 330 370
81 219 284
127 222 263
225 356 393
17 225 393
229 326 376
230 320 391
195 230 320
173 231 396
232 247 397
233 245 268
70 226 307
75 233 372
39 189 333
63 190 201
276 322 324
242 389 399
10 246 254
232 247 287
194 247 287
248 316 343
248 259 327
121 250 274
161 252 376
138 253 305
145 177 399
111 196 371
142 262 314
263 301 315
212 315 390
267 298 384
