100 198 207
20 127 263
119 126 395
116 134 180
93 349 396
143 201 290
102 296 323
80 121 274
232 287 346
11 22 240
140 270 373
153 160 383
63 201 290
156 326 376
65 117 256
43 360 379
7 235 333
15 172 225
25 280 374
30 365 379
291 310 377
24 173 231
93 356 358
17 356 393
67 266 342
143 295 394
146 365 390
93 225 349
93 287 396
24 173 396
287 346 373
194 232 247
1 223 369
212 229 301
79 127 222
1 2 222
60 149 196
11 22 329
60 171 371
19 148 157
77 171 298
36 175 197
219 272 351
148 284 305
138 253 359
148 157 239
138 180 253
76 87 214
8 167 214
167 300 361
133 186 236
202 216 361
9 145 312
11 240 345
94 186 236
100 207 258
21 28 229
117 256 332
84 117 302
256 265 289
69 128 325
112 170 234
51 224 257
181 256 257
13 187 199
281 317 367
164 271 297
83 204 335
150 165 317
46 55 122
170 218 234
46 83 193
273 363 382
23 96 166
235 363 382
48 64 348
38 39 191
45 99 354
45 191 354
124 230 398
40 78 283
92 311 337
291 304 380
102 182 323
274 288 292
97 109 340
143 231 295
245 268 304
121 143 231
12 178 372
12 75 233
63 290 387
152 153 160
357 371 387
142 262 277
232 249 346
249 346 383
190 249 397
201 394 397
143 201 394
194 295 394
75 121 143
15 17 225
15 24 231
12 75 372
182 288 292
80 162 260
80 260 274
78 174 296
78 162 174
40 210 393
40 78 296
210 356 393
147 210 388
172 225 349
173 287 396
93 287 373
25 280 350
25 277 374
25 270 350
280 369 374
223 356 358
1 66 222
66 147 388
223 280 369
1 2 369
2 127 222
20 127 345
11 329 345
26 120 368
2 127 345
20 240 345
20 211 240
22 240 328
277 313 336
277 313 374
26 49 328
22 328 386
118 298 324
32 89 149
238 314 336
89 149 196
60 77 171
118 154 298
298 324 384
118 324 386
171 351 371
0 36 197
0 272 351
49 177 264
53 139 378
0 62 197
177 242 264
242 264 399
6 219 272
62 226 307
6 81 219
19 157 286
19 70 286
81 219 237
138 284 359
180 237 253
237 253 359
3 138 284
148 213 305
116 248 334
306 316 343
134 316 334
179 213 306
115 176 228
87 115 179
76 144 389
207 321 385
202 300 361
116 134 334
91 202 300
116 202 282
8 167 300
95 133 186
68 282 395
116 282 395
68 282 339
216 339 347
68 339 347
216 275 347
198 207 321
275 321 385
94 236 258
82 100 269
59 137 269
5 100 198
98 139 355
145 389 399
53 139 355
9 145 389
53 145 378
56 72 366
59 98 355
56 211 240
56 72 368
107 137 366
59 72 366
59 137 366
96 166 252
114 200 315
212 301 315
200 212 315
200 212 229
28 326 344
151 166 318
326 344 376
151 161 376
117 302 332
65 84 117
44 84 227
34 161 227
41 156 244
34 41 156
41 123 220
95 186 362
95 119 265
119 265 289
126 159 279
116 126 395
4 199 257
4 13 199
90 126 279
4 224 257
103 181 256
181 199 257
103 108 132
103 181 215
103 256 332
103 132 215
83 193 234
13 101 325
128 325 367
116 126 159
128 159 367
101 325 367
13 101 187
281 331 367
159 331 367
55 164 297
74 271 297
83 150 335
55 122 297
74 122 297
150 317 335
104 150 165
104 112 165
46 55 169
29 169 206
193 206 309
193 234 309
16 108 132
141 170 330
217 252 309
217 252 370
106 208 285
7 235 363
23 163 166
29 206 309
29 169 308
163 221 308
163 221 392
38 169 241
38 189 241
38 45 191
39 191 348
64 203 348
155 185 255
291 338 380
155 158 185
124 230 379
43 92 311
208 285 341
7 353 363
7 58 333
106 135 353
31 92 106
168 360 379
92 106 158
31 106 135
135 353 363
21 229 390
127 263 301
37 146 365
195 230 398
30 124 379
73 210 388
30 124 129
124 129 398
43 311 337
42 230 391
42 155 255
52 320 381
110 293 388
73 293 388
57 67 209
102 182 288
121 274 292
33 40 296
102 174 296
27 57 250
67 209 266
183 268 304
47 233 268
183 205 268
47 205 268
75 99 372
245 304 310
42 294 391
64 203 338
255 338 380
109 294 380
291 304 310
109 304 380
192 310 377
10 254 354
10 35 246
35 99 188
151 360 376
344 360 376
270 350 373
350 358 373
52 342 381
39 341 348
52 340 342
235 333 392
329 345 374
26 328 368
259 327 343
306 327 343
324 328 386
322 324 328
273 318 363
276 322 384
89 314 346
305 306 375
251 303 320
91 300 327
8 300 327
153 299 383
32 299 383
298 351 384
171 298 351
9 312 389
73 293 303
284 305 375
3 284 375
136 303 320
278 330 370
16 278 330
277 314 336
262 277 314
276 324 384
120 145 399
21 168 344
1 147 223
200 244 326
89 261 314
89 111 261
89 111 196
87 306 327
87 179 306
48 254 348
62 175 197
44 84 278
65 84 220
101 112 165
81 284 359
83 150 234
81 237 359
44 227 252
79 110 388
96 252 309
47 205 250
8 214 327
115 179 239
75 250 292
79 222 388
74 271 317
74 317 335
238 329 336
54 73 303
209 251 381
71 221 308
71 169 241
76 87 144
70 144 176
19 70 81
69 224 279
3 138 375
70 131 307
68 133 385
68 95 133
51 90 126
105 319 322
34 84 220
152 299 364
65 95 362
65 352 362
48 64 192
5 82 100
62 272 307
183 304 342
61 125 178
65 123 220
46 83 122
59 98 368
58 208 341
21 365 390
58 106 208
71 169 308
57 209 323
216 275 321
55 164 281
164 281 317
46 169 193
53 82 355
51 90 279
43 337 379
51 256 289
14 32 364
232 249 397
76 88 389
26 49 120
48 125 192
175 319 322
47 75 250
64 291 338
42 255 380
42 337 379
64 192 377
0 351 384
207 236 385
42 92 158
42 92 337
57 67 205
51 119 126
111 154 261
49 62 177
38 39 333
151 161 252
17 80 162
0 62 272
57 182 323
195 303 398
39 58 333
15 121 231
16 132 141
99 178 188
104 112 150
252 278 370
191 348 354
56 107 211
33 209 296
59 82 355
162 174 260
21 365 379
14 152 357
15 24 396
7 58 353
22 238 329
15 17 80
86 123 130
54 113 210
163 382 392
37 79 127
5 88 214
110 129 303
48 125 246
5 167 198
41 86 123
32 357 371
13 69 325
38 189 333
6 272 307
17 93 356
18 267 384
31 135 318
221 333 392
17 40 283
223 280 350
27 57 205
120 139 368
34 161 376
15 172 349
1 66 147
28 200 326
16 108 302
107 137 200
15 80 121
144 242 389
43 92 360
266 342 381
59 72 368
78 162 283
33 113 210
194 247 397
76 88 214
68 275 347
142 262 346
136 195 230
49 120 264
95 119 395
151 166 252
50 178 192
0 18 384
86 100 184
166 318 382
25 140 277
56 240 328
41 86 184
58 106 353
51 119 289
192 245 310
60 77 298
130 352 362
144 226 242
84 278 302
51 256 257
202 216 282
6 131 307
167 198 361
273 318 382
65 123 352
127 229 301
47 75 233
59 82 269
87 115 144
17 93 225
115 157 239
54 73 210
51 224 279
32 299 364
140 346 373
49 62 175
18 267 322
5 82 88
70 144 226
6 70 131
107 114 200
31 92 360
54 209 303
151 318 360
238 243 386
83 122 204
18 105 322
115 144 176
50 178 245
65 95 265
120 139 378
5 167 214
4 69 224
19 81 284
169 193 206
32 60 149
52 320 391
56 107 366
148 179 213
21 28 344
10 99 354
130 186 362
22 238 386
53 82 145
23 29 96
41 184 244
82 88 312
29 96 309
71 221 333
50 192 245
27 205 250
25 140 270
34 156 376
55 281 331
63 357 387
134 306 375
28 200 229
15 349 396
29 163 308
64 291 377
30 110 129
30 110 365
99 178 372
91 202 248
170 218 370
32 60 371
2 369 374
32 89 346
32 346 383
42 155 158
14 32 357
17 162 283
33 40 210
10 35 99
97 109 304
67 183 342
34 84 227
34 41 220
35 125 246
37 79 110
209 266 381
37 127 146
14 152 364
56 328 368
19 148 284
38 55 169
254 348 354
97 340 342
38 45 55
133 236 385
68 95 395
97 304 342
100 130 258
21 168 379
100 184 269
267 322 384
103 108 302
103 302 332
127 229 390
36 105 175
105 175 319
122 204 335
57 182 250
313 329 374
106 185 285
106 158 185
20 114 263
140 142 346
128 159 279
109 294 391
110 293 303
112 170 187
235 382 392
101 112 187
54 113 209
137 200 244
33 113 209
216 282 339
238 243 314
20 114 211
85 132 141
111 154 196
175 322 328
115 157 228
140 142 277
44 252 278
93 358 373
118 243 261
118 154 261
168 344 360
120 145 378
35 125 188
66 222 388
120 264 399
74 122 335
23 29 163
2 345 374
39 58 341
157 176 286
194 394 397
16 278 302
0 36 105
61 125 188
69 128 279
102 174 288
127 146 390
94 130 186
94 130 258
112 150 234
132 187 215
85 132 187
98 139 368
160 190 249
213 305 306
42 230 379
219 237 351
134 306 316
136 230 320
48 246 254
137 184 269
137 184 244
138 180 375
190 201 397
109 340 391
203 341 348
52 340 391
107 114 211
160 249 383
148 179 239
65 256 265
60 154 298
156 244 326
152 153 299
75 121 292
60 154 196
157 176 228
31 318 360
160 190 201
63 160 201
16 141 330
63 160 357
152 160 357
85 141 170
259 316 343
91 248 327
17 40 393
163 166 382
164 271 317
101 165 367
165 317 367
86 100 130
0 18 105
85 170 187
170 330 370
12 233 245
173 194 232
173 232 287
173 231 295
173 194 295
174 274 288
49 175 328
68 275 385
70 176 286
62 177 226
177 226 242
61 178 188
125 178 192
12 178 245
134 180 375
181 187 199
181 187 215
182 250 292
262 314 346
209 251 303
136 195 303
88 312 389
198 321 361
67 183 205
6 70 81
42 294 380
313 329 336
114 263 315
116 202 248
129 303 398
203 255 338
203 255 341
123 130 352
135 318 363
207 236 258
209 296 323
210 223 356
147 210 223
4 13 69
118 243 386
174 260 274
87 214 327
216 321 361
218 234 309
217 218 309
217 218 370
223 350 358
37 110 365
161 227 252
230 320 391
232 247 397
233 245 268
70 226 307
237 351 371
189 241 333
71 241 333
276 322 324
242 389 399
243 261 314
10 246 254
248 259 327
82 145 312
251 320 381
185 255 285
255 285 341
259 316 334
248 259 334
263 301 315
