1949.65 -1577.68
-837.855 -154.55
40.5879 1900.32
-534.032 1203.94
-66.3933 -40.0193
832.363 -1016.95
-645.418 -1543.85
-1974.58 1030.67
-832.885 1637.17
-1499.87 489.972
-1349.03 1615.04
1447.21 -1205.5
92.6485 -412.082
404.544 216.942
1123.19 1683.96
-1743.55 1072.83
-1893.72 -581.407
-1081.72 146.87
-681.091 384.252
-649.195 1252.52
-1655.77 -1816.83
-1764.44 -301.185
-1360.68 -1739.01
-1270.52 -193.566
1898.15 -770.393
-1703.59 -1450.87
-1155.35 1743.62
-656.379 937.298
-668.464 1748.17
-845.76 -1545.27
1432.13 -589.312
1527.56 1538.41
829.281 -1554.16
-314.719 -1851.81
830.096 1036.09
1400.71 1174.33
1219.25 1636.27
-1126.86 1858.57
1897.26 -397.375
-334.992 1795.41
832.231 -38.5862
-1655.46 1676.88
-294.968 -311.843
614.179 1036.57
-563.677 1768.42
1491.29 -1131.55
-820.893 1018.85
-1593.14 -1991.61
1464.7 92.1452
-1843.42 294.794
-871.768 1557.29
-530.878 -1652.51
1193.56 342.266
-1793.94 1090.81
1944.89 -128.932
886.224 777.122
1832.48 1230.76
454.003 -462.486
-1081.08 -931.819
-1425.92 355.24
-1163.4 -1934.62
1223.69 15.7071
1084.23 1630.56
24.0956 548.929
-277.299 180.675
-1156.28 850.933
-262.04 312.845
1198.42 -1068.48
-1344.89 1404.48
-1977.67 -1400
-724.453 908.553
1377.12 -891.972
139.313 -168.874
645.542 1058.23
899.307 1219.62
-586.531 1735.91
1285 -1362.84
-248.386 369.233
-1732.28 1775.71
-1081.84 -9.58219
-43.6157 -238.116
-1158.65 1694.34
-1925.27 -1960.23
-1374.14 -1270.16
1444.25 -1351.81
-670.158 -1280.21
1556.74 -1293.04
-172.177 -303.945
538.091 -1526.64
-1245.72 -562.602
1692.99 167.754
-826.696 977.992
804.915 924.918
-652.775 1072.63
700.628 265.387
-936.951 -1342.99
-1972.73 -95.6001
-1648.64 -1898
-55.8308 -1022.78
-1168.16 -611.583
