756.844 -1631.13
428.612 61.4806
1157.22 -1941.69
-720.308 1146.92
285.793 -1739.87
-1864.82 -594.839
717.466 1922.16
1321.41 1415.28
641.086 -931.215
-1442.74 -117.125
47.1823 926.981
-181.79 -1920.52
-1647.27 197.172
1105.38 -1807.14
364.414 1410.85
1746.49 -878.742
1779.72 175.102
1182.74 936.938
233.416 -1537.57
83.8574 -1480.79
-1277.44 219.041
-75.6302 1440.03
141.204 -754.216
855.307 -1217.71
314.57 1412.57
665.164 -1638.25
339.551 -1516.63
-1558.77 692.285
680.546 1546.62
885.14 -955.039
957.466 631.63
166.219 737.188
-1193.27 -651.042
-325.875 1040.15
-188.611 1757.98
1559.36 533.95
-22.9759 -516.273
-26.0223 -1881.77
729.512 -1170.71
-1099.48 -955.919
-1758.15 1565.68
-594.167 581.405
-1950.94 -152.934
-726.31 729.602
-606.317 -1841.17
1774.56 -1648.85
790.461 -59.2183
1088.34 1597.19
1289.74 -1237.54
637.341 -898.871
-1479.56 196.698
1635.08 497.469
1680.43 -390.943
615.697 409.937
438.342 1516.21
1454.02 680.197
1081.9 -1140.15
-738.398 1130.95
706.918 535.292
-139.446 -1899.4
694.123 -364.883
-1548.25 -515.416
1575.9 1540.09
-918.224 865.639
-1697.45 1719.12
1966.77 -1177.01
-84.1847 1601.85
1320.46 -403.76
-789.097 -63.8415
-1993.82 1649.24
-547.627 1460.2
329.441 -1465.73
-1679.95 1591.04
1665.22 1026.96
126.335 -474.225
1127.56 -1179.54
1160.89 1579.31
305.042 736.791
1119.4 1386.82
-397.57 1421.95
1105.94 -430.803
-1755.06 -978.249
-828.957 1565.4
617.991 381.946
-498.44 624.168
31.1909 953.933
84.3635 -1639.37
1488.2 404.41
1951.68 1153.42
-568.626 78.0108
-1320.8 -1441.06
898.469 1840.09
-1861.75 -796.489
576.881 1257.65
-1409.67 -1820.69
679.599 1696.27
-251.493 924.539
-1281.98 919.55
489.94 1336.01
-698.503 1991.5
-39.824 1332.69
945.432 -1955.46
1693.32 433.634
448.949 1645
-412.944 1880.32
-276.994 266.253
-1560.74 -1378.52
106.343 -1422.49
-175.013 -1316.78
1835.17 415.316
-1137.47 514.765
111.582 611.041
-560.696 829.598
-469.409 1929.24
165.605 832.088
1920.74 -1874.22
164.776 866.175
-1829.68 -141.904
-700.191 619.27
-496.909 886.865
499.594 1226.1
-846.882 938.856
1847.57 1259.46
1516.37 -327.441
1942.68 1351.54
-1912.13 -1194.78
-133.698 199.457
1416.26 1305.61
-970.946 -1053.15
1234.85 1194.66
1778.94 1155.59
1320.44 -56.2855
21.7681 1490.76
1801.81 1321.58
110.033 -695.099
208.442 -1390.37
-1469 1361.56
1548.48 -1621.43
621.021 1064.85
51.1283 563.706
416.39 139.003
1368.92 -1717.31
-1661.54 785.184
1588.3 -632.486
1732.03 823.148
-1437.83 1510.97
-21.2597 1882.62
-545.312 -1999.49
1373.38 -743.502
1322.09 -516.589
561.399 -469.472
93.0379 1092.4
-1107.91 -358.479
1470.97 1513.11
-1293.63 -477.906
76.8152 1122.76
1661.1 -554.26
1405.46 1999.56
-1769.08 993.755
-632.928 1962.96
-183.097 -70.7543
1473.93 1795.64
-188.139 -1071.38
1796.15 -814.761
185.118 1118.24
668.65 -1253.48
-1351.24 -1238.31
1838.91 -459.148
403.209 1309.88
-946.038 1109.58
-1168.03 1130.78
232.348 -1506.93
-1423.48 -362.195
-1507.37 -1192.56
-1368.44 -140.3
-1229.6 448.463
1788.95 -1755.67
244.107 -399.193
-827.051 40.2583
786.047 1358.07
-841.505 -545.303
-1895.42 -192.74
216.385 1943.5
1348.11 -1380.41
1253.37 -1597.93
1729.18 -1914.65
1532.85 -38.4746
-1421.58 -1890.63
1599.33 -928.953
-1083.19 -1769.11
930.747 -312.795
679.354 719.693
-68.4661 -1076.54
-1679.5 1104.48
963.719 1106.55
462.549 -1877.79
-1438.76 567.131
-70.5255 777.629
510.627 -722.413
1397.22 -235.999
-320.339 1126.4
-150.651 -787.488
-912.074 427.767
-678.121 -1312.74
1498.81 238.686
-1081.85 429.562
1925.89 1597.5
-850.745 -142.575
-1479.04 -530.245
-1038.09 1484.68
-1423.7 1424.46
1606.89 -862.454
-8.41224 -463.631
1915.17 -1497.79
813.956 1312.4
266.216 -1506.38
438.798 -1884.44
-293.87 1526.72
543.332 1028.01
-1786.02 42.1465
-733.305 -867.873
-1528.29 -807.414
-1270.37 -379.037
1050.01 -749.411
1090.72 -1988.08
-1264.73 1667.02
1436.37 -1657.84
-1195.43 -572.038
-121.467 -1280.26
-69.823 -1307.51
-1967.86 -1803.61
-813.892 470.936
-1688.04 892.237
-2.33983 855.289
-79.7535 211.64
-1102.56 1186.94
1343.77 -630.856
-1620.47 -1926.61
990.107 1429.54
-676.016 80.826
1441.46 59.253
-252.153 877.832
401.417 552.413
-1694.21 -1720.05
1272.15 235.971
-1027.56 1304.29
432.364 158.548
-224.771 744.321
-949.215 1772.89
-400.389 971.032
-15.4707 497.046
157.974 -671.704
1866.19 537.502
-598.309 856.298
-32.9592 725.674
-1062.88 -591.502
-1215.07 684.97
-1713.67 1186.34
-762.617 -1407.88
1466.3 -1490.46
828.096 -1561.26
1813.83 -739.54
597.284 -410.941
-1995.22 1648.07
-638.052 -395.608
619.101 1346.48
-1898.56 -1222.93
-1325.23 1967.63
1314.58 76.4644
823.926 -718.383
-1197.86 1761.05
690.115 -412.934
446.02 976.446
-1226.59 1683.4
1568.57 -1760.29
-1807.06 396.666
-1321.56 -1993.23
1657.13 1275.73
-404.17 1661.91
923.794 957.778
-733.7 -457.105
304.256 -632.262
319.97 979.029
-664.634 -365.454
-944.506 -1840.71
916.163 -142.368
1920.34 -393.721
1444.7 366.361
-1417.28 -1781.89
49.7644 -1848.71
-1542.19 242.705
547.961 -863.744
249.476 205.087
-1588.02 1845.31
-133.005 1335.78
803.083 1133.29
-1121.33 -892.661
-1498.97 1198.64
-1913.63 -163.602
-1166.81 -858.138
-4.30988 1749.35
999.494 -83.9684
-644.372 444.193
-1717.61 -61.6474
662.302 332.157
89.6472 1120.12
-1425.14 -1362.39
-1743.63 824.338
842.695 -1331.65
669.644 -1290.31
-1995.87 -527.273
1842.98 -1117.2
580.066 -1655.98
-1918.56 666.434
180.414 -1085.37
1808.3 -1823.9
-1336.02 807.791
92.1358 19.6044
-748.017 374.529
1957.96 1914.29
-1293.31 47.6042
1034.4 -718.451
685.212 1290.78
-1894.11 -472.093
1959.13 775.53
237.597 1963.26
-1751.74 80.5806
-1153.94 828.323
424.597 -1072.5
-505.242 -1394.99
-157.872 -696.946
-1218.89 506.104
-1889.16 873.251
-1474.29 -637.172
-752.221 -1516.33
-722.887 -45.5346
531.269 -1688.48
1236.01 -783.518
1602.29 1341.9
744.389 1561.42
117.431 -1018.01
1524.68 365.688
1062.57 -1629.26
-805.988 -512.837
-701.759 688.77
92.1733 1140.37
1991.82 873.288
-353.527 -1897.33
-253.461 172.181
-534.504 994.318
