20 283 319
108 225 417
276 323 404
16 183 195
14 288 420
106 121 421
90 216 217
12 217 433
196 283 319
203 215 429
249 291 320
189 380 415
110 117 170
65 274 444
8 14 288
148 158 181
54 181 348
120 174 231
349 359 374
8 129 142
91 188 333
45 161 398
89 397 403
137 158 376
246 252 305
133 144 347
2 333 345
52 156 389
26 121 336
218 409 421
279 353 427
121 246 336
99 208 243
149 353 372
73 119 340
149 353 427
13 99 206
31 72 421
121 409 421
164 239 426
352 356 414
236 279 427
76 236 291
7 127 335
115 178 413
178 190 413
164 268 318
118 266 412
115 196 329
123 140 197
36 250 440
200 250 440
256 344 445
44 394 445
21 321 445
31 53 237
122 316 448
44 215 394
18 205 213
334 382 435
134 267 446
182 315 449
64 198 411
198 264 365
64 368 411
135 234 391
3 234 391
50 150 327
211 298 308
50 327 382
50 334 382
327 365 382
334 350 435
276 323 330
46 103 324
199 230 404
39 59 201
163 274 444
133 144 146
141 274 384
248 277 418
36 56 440
155 290 359
75 193 212
57 171 389
155 349 359
112 168 220
8 129 436
48 85 171
25 168 220
112 168 278
253 360 364
90 202 332
90 202 217
149 202 372
149 202 332
142 149 332
12 13 433
13 372 433
206 353 372
13 206 372
90 216 271
84 88 379
12 84 88
12 98 208
26 240 336
246 305 336
158 376 437
60 376 397
120 231 275
231 233 275
8 142 174
233 351 379
233 275 351
284 351 379
54 158 181
54 174 231
49 161 259
148 259 317
54 174 348
109 207 303
120 142 174
8 174 288
49 247 428
247 359 428
49 247 303
52 306 389
171 345 389
225 398 447
108 204 346
317 346 403
89 126 403
137 317 403
126 204 403
204 346 403
89 126 246
126 246 385
106 237 421
121 246 385
52 312 447
114 306 389
1 222 448
122 222 448
203 393 434
63 205 244
63 205 213
18 326 401
22 222 338
31 237 421
22 260 361
218 249 320
214 291 320
26 121 409
218 320 409
208 252 305
240 305 336
98 252 397
98 208 252
43 95 406
73 208 340
43 314 406
73 81 186
73 208 243
206 226 353
186 314 406
73 186 243
43 226 314
81 95 406
81 186 406
43 245 291
279 353 383
184 251 423
239 378 426
236 293 423
76 236 293
21 70 442
184 341 378
76 293 341
44 344 434
321 371 445
197 354 371
268 354 371
190 318 413
58 268 443
164 268 443
58 426 443
164 426 443
239 251 427
164 239 352
4 227 356
87 280 366
192 227 280
192 280 366
4 192 227
87 227 280
74 162 273
4 192 366
87 107 227
74 177 408
38 335 408
20 162 283
20 113 319
74 115 162
20 113 362
162 196 283
140 178 329
115 162 196
115 178 329
35 187 209
140 272 329
37 77 254
38 127 335
29 127 254
20 77 362
77 127 254
20 77 127
37 187 362
37 77 362
35 187 412
37 187 412
37 180 254
29 32 180
28 182 432
315 410 449
35 100 431
28 182 369
34 396 440
277 405 441
297 392 422
111 422 431
343 344 393
102 200 229
44 344 445
343 393 396
44 203 429
344 393 434
24 203 215
44 203 434
44 215 429
18 24 401
79 143 407
143 147 235
143 147 419
146 166 228
65 228 281
65 141 274
65 281 286
65 141 286
157 228 281
66 286 418
281 286 418
41 302 435
143 407 441
277 419 441
147 261 419
145 147 261
143 419 441
79 128 407
56 405 440
182 297 432
297 392 432
23 28 325
29 127 287
29 180 254
29 33 165
82 242 411
118 210 266
23 92 210
191 311 400
29 287 400
198 242 411
185 191 400
150 234 327
185 198 242
64 198 258
198 258 264
41 124 302
150 189 415
135 150 234
3 234 327
3 342 391
287 311 400
175 342 391
287 295 381
357 380 415
105 380 381
295 308 357
132 308 357
323 330 350
55 78 415
9 78 199
9 55 78
298 308 360
211 298 387
19 298 364
71 230 404
199 323 404
46 276 296
71 276 404
323 334 350
154 292 350
10 154 350
10 330 350
46 276 330
0 10 324
103 151 169
0 110 151
19 117 169
46 103 296
104 241 265
42 301 328
42 269 328
51 62 301
19 296 298
298 360 364
51 62 232
30 51 232
39 62 304
27 30 75
30 75 193
172 278 307
168 278 307
176 331 438
15 416 438
62 301 328
62 232 304
27 75 416
42 301 377
39 62 328
59 97 201
39 59 328
163 201 219
97 201 386
144 263 439
163 219 444
40 133 347
40 244 448
144 263 347
355 358 390
114 316 402
25 168 339
263 355 390
263 313 355
282 331 358
331 358 390
168 176 339
25 220 424
69 80 299
16 195 370
188 333 345
80 220 424
25 194 424
25 194 395
183 188 345
91 349 374
101 155 349
61 399 436
359 374 428
101 299 436
247 290 359
101 155 436
61 262 436
299 399 436
262 322 436
129 322 436
224 257 300
131 257 367
131 238 367
67 68 265
96 212 307
112 172 220
112 172 278
96 172 307
104 193 241
67 68 300
67 130 265
130 241 265
130 152 241
152 364 430
152 241 430
130 139 425
129 173 238
67 294 367
129 173 322
131 173 238
343 396 440
200 343 440
311 342 381
293 341 423
176 339 390
85 339 390
1 326 448
184 341 423
268 318 354
313 355 358
179 312 316
198 309 365
191 309 311
51 301 364
19 301 364
69 299 349
101 299 349
298 310 387
221 298 310
295 357 380
134 292 446
8 290 436
238 289 367
288 348 420
174 288 348
35 285 431
111 285 431
285 410 412
35 285 412
190 318 354
261 281 419
245 279 291
277 281 419
277 281 418
275 284 351
142 275 284
274 384 388
270 384 388
42 269 377
21 268 321
268 321 371
134 267 435
41 267 435
52 306 312
266 410 412
266 315 410
258 264 325
121 260 385
6 260 338
64 258 368
100 256 431
255 270 363
184 251 378
71 276 298
89 246 397
239 352 356
53 237 338
233 376 437
233 376 379
295 380 381
232 282 304
71 230 298
229 392 422
102 229 344
116 227 414
43 226 383
225 312 447
61 224 399
224 257 322
223 255 363
222 338 401
256 371 445
80 136 399
40 316 448
79 83 167
50 78 334
82 185 242
78 199 323
76 93 291
24 34 396
74 335 408
73 81 95
72 93 442
21 70 268
58 70 268
70 76 93
165 210 337
69 195 424
69 91 349
68 172 300
67 257 300
11 66 384
66 248 418
146 166 235
74 87 177
24 394 401
88 376 379
108 361 385
39 153 201
58 341 378
45 398 447
40 316 402
69 80 424
57 171 263
56 160 373
69 91 195
79 167 235
55 357 415
90 271 332
12 216 217
53 442 445
153 219 439
53 394 401
78 150 415
70 93 442
276 296 298
74 273 335
30 51 430
244 326 448
223 255 328
54 231 233
49 181 348
260 361 385
73 95 119
48 183 345
229 256 344
0 10 154
47 282 358
47 153 282
108 225 398
65 144 444
26 119 409
116 164 318
302 373 432
37 180 412
269 375 377
49 109 303
74 87 107
108 126 204
229 256 431
45 52 447
186 226 314
48 171 345
282 331 438
36 373 432
40 57 347
79 128 440
11 270 384
264 302 435
9 199 310
22 179 222
51 364 430
108 126 385
130 139 152
56 160 405
11 66 248
17 136 220
38 177 408
255 270 388
15 168 307
19 170 377
145 157 166
2 45 49
79 83 213
287 311 381
29 32 210
15 75 307
16 48 183
23 210 266
15 168 176
194 370 424
114 312 316
5 211 308
2 49 428
36 56 373
63 167 213
82 92 368
8 207 303
12 13 208
182 266 369
12 88 376
22 312 417
137 397 403
129 360 425
2 333 428
139 360 425
80 136 220
21 442 445
105 175 380
3 309 327
45 52 156
58 70 76
29 82 185
50 78 150
40 63 244
2 45 156
15 176 438
47 263 313
103 151 324
3 309 311
225 312 417
84 284 379
125 154 363
12 84 216
157 166 228
114 306 312
10 46 330
43 279 383
22 260 338
79 138 213
1 326 401
19 301 377
53 338 401
39 153 282
208 240 305
11 248 270
203 393 396
108 346 398
5 310 387
251 423 427
13 99 208
24 138 213
58 378 426
274 386 388
28 264 302
86 94 248
128 405 440
8 247 303
35 123 209
38 177 366
12 60 376
139 253 360
3 311 342
55 132 357
36 250 432
39 282 304
223 269 328
45 49 161
8 109 207
100 123 197
115 116 413
226 353 383
33 82 337
5 9 132
5 9 310
12 60 397
1 222 401
75 212 307
58 76 341
47 313 358
78 323 334
22 179 312
30 232 282
145 166 235
17 220 224
18 244 326
2 156 345
19 103 169
29 33 82
92 258 325
35 100 123
97 255 328
22 361 417
124 267 446
137 376 397
12 98 397
16 48 395
86 124 160
135 150 189
24 34 138
82 92 337
0 125 154
28 264 325
31 53 442
18 24 213
119 320 409
113 187 362
24 215 394
43 245 279
25 48 395
93 249 291
8 247 290
19 103 296
40 63 167
28 266 369
134 350 435
0 110 125
309 327 365
26 240 340
8 14 109
61 224 262
221 230 298
54 158 233
27 416 438
27 282 438
18 205 244
131 173 257
405 407 441
40 57 402
84 216 284
106 121 260
107 115 159
30 241 430
30 193 241
27 30 282
79 143 235
158 233 437
122 179 316
10 46 324
67 289 425
259 346 398
111 285 422
99 206 226
80 299 399
201 274 386
6 106 338
82 368 411
17 136 399
49 348 420
91 183 188
91 374 428
91 333 428
92 258 368
23 92 325
95 214 291
145 261 281
164 352 414
93 218 421
93 218 249
72 93 421
86 94 124
94 154 363
94 248 270
48 85 339
229 422 431
67 289 294
7 20 162
43 95 291
96 104 265
68 96 265
5 132 308
224 262 322
110 170 375
196 272 329
135 175 189
236 423 427
59 97 328
97 386 388
178 190 354
182 285 422
92 210 337
57 263 347
123 140 187
137 158 317
186 226 243
67 257 367
99 226 243
100 197 256
239 251 378
17 224 399
26 119 340
173 257 322
246 252 397
113 187 319
6 106 260
106 237 338
74 107 115
110 117 169
15 75 416
199 221 310
29 185 400
108 361 417
66 141 286
229 250 392
154 292 446
110 125 375
116 318 413
118 180 412
110 151 169
122 179 222
227 356 414
29 165 210
155 290 436
219 439 444
148 181 259
236 279 291
116 164 414
162 273 335
95 119 214
129 238 289
119 214 320
49 181 259
250 392 432
123 187 209
41 124 267
94 124 446
125 269 375
14 49 420
125 223 269
19 117 170
125 223 363
68 96 172
161 259 398
163 201 274
128 405 407
28 302 432
65 144 228
31 72 442
129 289 425
264 382 435
40 133 167
133 167 235
135 175 391
25 48 339
140 187 272
134 292 350
115 116 159
34 138 440
79 138 440
187 272 319
139 152 364
96 193 212
139 253 364
4 239 356
142 271 332
67 130 425
142 271 284
120 142 275
144 146 228
145 157 281
144 439 444
145 147 235
91 183 195
86 160 248
102 200 344
182 410 449
208 240 340
0 151 324
259 317 346
153 201 219
178 197 354
47 153 439
96 104 193
264 365 382
176 331 390
289 294 367
124 160 302
66 141 384
156 345 389
148 158 317
57 389 402
175 342 381
116 159 227
200 229 250
107 159 227
140 178 197
160 248 277
160 302 373
160 277 405
9 55 132
133 146 235
7 162 335
33 165 337
83 167 213
182 285 410
94 270 363
170 375 377
171 263 390
85 171 390
172 224 300
200 343 344
172 220 224
53 394 445
94 154 446
175 189 380
105 175 381
87 177 366
114 389 402
199 221 230
32 180 210
118 180 210
5 211 387
182 266 315
182 297 422
97 255 388
191 198 309
185 191 198
194 370 395
195 370 424
196 272 319
7 20 127
216 271 284
202 372 433
47 263 439
23 28 266
202 217 433
197 256 371
24 203 396
16 370 395
14 49 109
