20 283 319
117 170 301
12 13 99
231 233 437
14 288 420
326 338 401
361 385 417
196 283 319
184 239 251
261 277 418
47 153 313
85 176 339
48 194 395
110 117 170
65 274 444
333 374 428
224 257 262
8 14 288
120 275 351
148 158 181
54 181 348
109 303 420
17 136 224
89 397 403
133 144 347
114 122 316
26 121 336
218 409 421
279 353 427
121 246 336
149 353 372
84 216 379
73 119 340
240 305 340
236 245 291
149 353 427
13 99 206
352 356 414
76 249 291
116 413 414
7 127 335
7 162 273
196 319 329
115 178 413
178 190 413
100 229 431
118 266 412
115 196 329
36 250 440
31 53 237
1 244 326
122 316 448
1 244 448
124 160 373
334 382 435
175 311 342
134 267 446
285 410 449
64 198 411
198 264 365
64 368 411
50 150 327
82 337 411
211 298 308
50 327 382
50 334 382
327 365 382
39 201 219
199 230 404
125 223 375
154 292 363
133 144 146
163 201 386
141 274 384
255 386 388
248 277 418
36 56 440
83 167 235
40 167 244
145 157 228
155 290 359
263 313 439
112 168 220
8 129 436
48 85 171
96 104 212
39 153 304
172 220 300
19 169 296
253 360 364
90 202 332
149 202 372
12 13 433
206 353 372
90 216 271
84 88 379
84 216 217
26 240 336
60 98 397
60 88 376
54 231 437
60 376 397
233 351 379
54 174 231
49 161 259
54 174 348
109 207 303
8 174 288
14 109 420
45 156 333
207 247 303
49 259 420
108 225 346
2 156 333
52 306 389
171 345 389
108 204 346
317 346 398
89 126 403
126 204 403
204 346 403
106 237 421
222 326 338
52 312 447
114 306 389
57 347 402
1 222 326
203 393 434
63 205 244
24 215 401
31 237 421
22 260 361
53 72 442
53 394 442
236 251 423
26 121 409
218 320 409
12 99 208
43 95 406
73 208 340
43 314 406
186 243 314
206 226 353
186 314 406
226 243 314
81 95 406
43 245 383
279 353 383
184 251 423
184 239 378
239 378 426
70 72 442
58 93 341
21 70 442
184 341 378
76 293 341
321 371 445
197 354 371
268 354 371
190 318 413
318 413 414
58 268 443
58 426 443
164 426 443
239 251 427
4 227 356
74 162 273
4 192 366
38 366 408
87 107 177
7 127 162
7 273 335
20 113 319
20 113 362
113 272 362
162 196 283
115 159 413
116 159 413
115 178 329
187 272 362
123 197 256
35 187 209
38 127 335
29 127 254
77 127 254
37 187 362
35 187 412
37 187 412
37 180 254
23 28 210
315 410 449
35 100 431
28 373 432
34 396 440
277 405 441
111 297 422
297 392 422
111 422 431
35 111 285
35 111 431
197 371 445
102 229 256
197 256 445
200 343 396
344 393 434
24 203 215
53 338 394
63 167 244
63 83 213
63 83 167
143 147 235
143 147 419
146 166 228
145 157 261
145 166 228
65 141 274
11 141 384
384 386 388
66 286 418
261 277 419
281 286 418
86 94 363
86 248 363
94 267 446
405 440 441
277 419 441
147 261 419
145 147 261
143 419 441
128 407 440
79 128 407
56 405 440
182 297 432
41 86 94
124 302 373
337 368 411
92 337 368
23 28 325
33 165 210
32 118 180
29 33 337
82 242 411
23 92 210
29 82 337
29 82 400
198 242 411
185 198 242
264 302 365
64 198 258
198 258 264
28 325 373
41 124 302
41 86 124
41 94 267
365 382 435
50 323 334
150 189 415
135 150 391
3 234 327
287 311 400
105 175 189
175 342 391
191 311 342
105 189 380
287 295 381
105 380 381
295 308 357
132 308 357
323 330 350
5 9 55
9 78 199
9 55 78
211 310 387
5 211 310
298 308 360
132 211 308
211 298 387
19 298 364
71 230 404
199 323 404
71 276 404
10 324 330
323 334 350
154 255 363
154 292 350
10 125 154
46 276 330
97 255 386
154 223 255
125 154 223
223 269 375
0 110 170
0 125 375
110 117 151
46 324 330
46 103 296
170 301 377
104 241 265
168 307 438
42 269 328
51 62 301
19 296 298
298 360 364
51 62 232
19 51 301
19 51 364
104 193 212
30 51 232
27 30 75
15 416 438
39 153 219
27 282 304
27 75 416
42 301 377
163 201 219
97 201 386
47 439 444
144 263 439
65 439 444
40 133 347
40 244 448
144 263 347
65 144 439
355 358 390
316 402 448
48 85 395
25 85 339
25 85 395
153 313 355
47 313 439
153 282 304
331 416 438
331 358 390
168 176 339
168 176 438
80 220 224
80 136 224
16 195 370
25 194 424
25 194 395
48 171 183
91 333 374
69 195 349
61 399 436
101 299 436
8 155 436
101 155 436
61 262 436
299 399 436
220 224 300
262 322 436
257 262 322
129 322 436
224 257 300
131 257 367
238 289 294
257 300 367
112 172 220
112 172 278
15 212 307
15 307 438
104 193 241
238 294 367
130 241 265
152 364 430
152 253 364
139 253 425
130 139 425
67 294 367
129 173 322
215 394 429
44 394 429
392 422 431
176 390 438
331 390 438
28 369 432
270 363 418
239 352 426
44 344 429
343 344 396
293 341 423
276 330 404
184 341 423
164 318 443
268 318 354
226 314 383
198 309 365
179 306 312
298 310 387
221 298 310
297 373 392
295 357 380
292 334 350
291 293 423
236 291 423
214 291 409
76 291 293
288 348 420
174 288 348
285 410 412
35 285 412
289 294 425
190 318 354
27 282 416
270 384 388
42 269 377
21 268 321
268 321 371
134 267 435
52 306 312
267 365 435
41 267 365
266 410 412
266 315 410
264 302 373
121 260 385
6 260 338
259 348 420
64 258 368
255 270 363
97 255 269
236 251 279
200 250 431
200 250 396
93 249 341
49 247 420
247 303 420
247 374 428
347 402 448
240 246 305
240 246 336
239 352 356
53 237 338
236 279 383
113 272 319
233 376 437
88 233 376
295 380 381
231 233 351
71 230 298
116 227 414
108 225 385
225 312 447
61 224 399
291 320 409
222 260 338
22 222 260
248 363 418
168 220 339
86 248 277
90 202 216
86 160 277
84 217 433
122 179 448
79 83 407
80 136 399
69 80 195
40 167 235
82 185 242
78 199 323
77 127 283
20 77 283
225 385 417
50 78 323
30 75 430
98 252 305
74 162 196
73 186 406
73 81 95
75 193 430
21 70 268
58 70 268
69 155 349
67 68 367
68 172 300
263 313 390
258 264 373
67 294 425
11 66 141
89 126 305
146 166 235
63 213 396
45 161 317
76 249 341
80 195 424
135 234 342
12 60 208
68 300 367
16 91 188
323 330 404
58 341 378
102 229 431
207 290 359
57 171 263
57 316 402
89 98 397
90 271 332
74 115 196
129 238 367
258 325 373
78 150 415
52 345 389
74 273 335
30 51 430
0 170 375
148 161 317
135 150 327
52 398 447
150 175 391
185 191 311
134 292 334
272 319 329
260 361 385
73 95 119
46 103 151
137 317 346
46 110 324
171 188 345
11 66 418
161 333 428
37 180 412
269 375 377
46 71 276
26 214 409
164 352 426
108 126 204
45 52 398
142 149 202
44 321 445
21 44 321
103 117 151
42 62 328
42 62 301
11 270 384
18 63 205
195 349 374
9 199 310
22 179 222
51 364 430
108 126 385
36 160 373
74 107 408
255 270 388
16 183 188
16 183 194
79 83 213
207 359 374
65 157 281
67 68 130
194 370 424
268 318 443
225 346 447
250 392 431
157 281 418
218 291 320
250 373 392
38 74 408
12 84 433
60 84 88
20 37 362
182 266 369
36 160 405
346 398 447
24 326 401
282 331 416
55 132 211
22 312 417
137 397 403
129 360 425
12 60 84
29 32 33
135 234 327
91 195 374
32 118 165
2 91 333
177 366 408
3 309 327
82 185 400
45 52 156
50 78 150
207 247 374
80 101 299
78 357 415
112 168 307
344 393 396
120 332 351
3 191 309
225 312 417
16 91 195
15 193 212
73 99 186
1 179 222
175 287 311
5 55 211
182 369 432
94 292 363
4 227 280
79 138 213
43 314 383
2 91 188
11 270 418
203 393 396
57 114 171
2 188 345
38 74 335
114 122 179
58 378 426
53 72 421
24 63 396
31 53 421
15 75 193
35 123 209
114 171 389
55 132 357
153 355 358
8 109 207
177 192 366
1 179 448
79 128 138
226 353 383
44 394 442
297 373 432
2 52 156
5 9 310
285 315 449
22 179 312
145 166 235
94 134 292
134 334 435
39 62 232
18 244 326
202 216 217
73 81 406
92 258 325
35 100 123
44 256 344
20 37 254
8 120 174
22 361 417
8 120 129
3 191 342
137 376 397
10 125 324
18 24 326
86 124 160
40 347 448
18 24 63
45 317 398
250 396 440
55 78 357
25 80 220
26 119 214
137 376 437
25 80 424
28 266 369
36 56 405
309 327 365
138 213 396
26 240 340
87 159 280
8 14 109
61 224 262
221 230 298
18 205 244
284 332 351
131 173 257
28 118 210
65 141 281
106 121 260
107 115 159
219 274 444
153 331 358
148 161 259
30 232 304
32 180 254
29 32 254
68 130 265
25 220 339
137 346 403
58 72 93
59 62 328
58 70 72
36 250 373
2 52 345
39 97 201
39 59 97
251 279 427
39 232 304
57 114 316
99 206 226
80 299 399
313 355 390
182 285 315
87 192 280
87 177 192
344 429 434
139 152 253
6 106 338
17 136 399
87 107 159
88 233 379
43 95 245
89 98 252
89 252 305
27 30 304
29 127 400
92 258 368
218 249 421
23 92 325
95 214 291
164 352 414
123 197 354
72 93 421
93 249 421
94 134 446
21 44 442
95 245 291
96 104 265
68 96 265
97 269 328
59 97 328
178 190 354
212 278 307
92 210 337
57 263 347
98 305 340
123 140 187
137 158 317
99 226 243
16 194 370
4 192 280
218 249 291
102 256 344
102 200 431
17 224 399
26 119 340
173 257 322
6 106 260
106 237 338
106 121 409
155 207 290
106 409 421
74 107 115
143 235 407
15 75 416
107 177 408
199 221 310
231 275 351
66 141 286
223 255 269
44 256 445
118 180 412
111 182 297
227 356 414
111 182 285
114 179 306
148 181 259
0 110 324
103 117 296
123 140 354
117 169 296
118 165 210
142 202 332
46 296 298
95 119 214
129 238 289
120 129 142
120 142 332
121 126 385
121 126 246
123 187 209
100 123 229
123 229 256
48 183 194
0 125 324
10 154 330
68 96 172
126 246 305
20 77 254
164 318 414
127 162 283
128 138 440
129 131 173
65 144 228
129 131 367
215 429 434
129 289 425
271 284 351
152 193 430
49 161 247
153 282 331
3 234 342
40 133 235
41 302 365
98 208 340
178 272 329
140 187 272
174 231 275
135 342 391
137 158 437
34 138 440
141 281 286
4 239 356
69 80 101
67 130 425
60 98 208
253 360 425
143 440 441
143 407 440
144 146 228
85 176 390
171 183 188
145 147 235
203 215 434
206 372 433
102 200 344
150 175 189
152 193 241
83 235 407
117 169 301
47 153 444
153 219 444
154 330 350
8 155 207
155 359 374
157 261 418
148 158 317
46 110 151
116 159 227
160 277 405
127 287 400
161 247 428
45 161 333
133 146 235
163 384 386
139 152 241
96 172 212
216 271 351
172 212 278
39 59 62
19 169 301
170 375 377
171 263 390
85 171 390
200 343 344
54 181 437
120 174 275
99 186 243
175 287 381
105 175 381
140 178 272
140 178 354
155 349 374
199 221 230
181 259 348
158 181 437
182 266 315
185 311 400
112 278 307
130 139 241
34 138 396
32 33 165
189 357 380
189 357 415
191 198 309
236 245 383
185 191 198
195 370 424
65 157 228
28 118 266
73 99 208
202 372 433
202 217 433
24 203 396
163 274 384
271 284 332
13 206 433
69 101 155
33 210 337
159 227 280
215 338 401
215 338 394
216 351 379
46 71 298
163 219 274
