20 283 319
52 179 312
117 170 301
206 226 243
108 225 417
276 323 404
231 233 437
106 121 421
90 216 217
90 271 284
12 217 433
196 283 319
102 256 343
249 291 320
47 153 313
189 380 415
85 176 339
48 194 395
110 117 170
8 14 288
120 275 351
174 348 420
349 359 374
8 129 142
225 417 447
114 122 316
52 156 389
26 121 336
279 353 427
121 246 336
202 217 372
73 119 340
240 305 340
76 249 291
116 413 414
7 127 335
190 197 354
100 229 431
118 266 412
115 196 329
123 140 197
200 422 431
256 344 445
31 53 237
114 122 306
124 160 373
175 311 342
134 267 446
258 264 302
285 410 449
191 309 342
64 368 411
41 134 435
175 189 391
82 337 411
211 298 308
50 327 382
5 55 132
50 199 323
327 365 382
50 78 199
39 201 219
125 223 375
154 292 363
39 59 201
141 274 384
255 386 388
248 270 418
86 124 248
11 384 388
65 144 146
75 193 212
263 313 439
112 168 220
96 104 212
19 169 296
253 360 364
90 284 332
149 202 372
149 202 332
142 149 332
12 13 433
206 353 372
217 372 433
90 216 271
84 88 379
84 216 217
26 240 336
54 231 437
158 376 437
60 376 397
233 351 379
54 174 231
54 158 437
49 161 259
8 174 288
49 247 428
247 359 428
49 247 303
49 259 420
108 225 346
52 306 389
312 417 447
108 204 346
317 346 403
204 346 403
89 126 246
222 326 338
312 361 417
52 179 306
114 306 389
122 179 306
1 222 326
203 393 434
63 205 244
24 215 401
53 394 442
236 251 423
72 218 421
72 218 249
218 249 320
26 121 409
218 320 409
240 305 336
89 246 252
98 208 252
119 340 409
43 95 406
73 208 340
43 314 406
206 226 353
186 314 406
43 226 314
81 95 406
81 186 406
43 245 383
43 245 291
236 245 279
279 353 383
245 279 383
184 251 423
184 293 423
236 293 423
76 236 293
72 93 249
76 93 249
21 70 442
184 341 378
21 58 70
21 394 442
44 344 434
100 209 256
321 371 445
197 354 371
268 354 371
113 272 329
318 413 414
58 426 443
164 426 443
239 251 427
4 239 352
116 356 414
4 352 356
116 227 356
4 227 356
192 227 280
4 192 227
4 192 366
38 366 408
74 177 408
20 162 283
20 113 319
20 113 362
113 272 362
162 196 283
140 178 329
115 162 196
115 159 413
116 159 413
187 272 362
123 197 256
182 285 449
123 209 256
35 100 209
140 272 329
37 118 412
37 77 254
38 127 335
77 127 254
37 187 362
37 77 362
37 187 412
23 28 210
266 315 369
35 285 410
315 410 449
28 373 432
373 392 432
111 297 422
35 111 285
200 250 392
102 229 256
100 229 256
44 344 445
256 343 344
102 200 343
44 203 429
344 393 434
44 203 434
215 394 401
18 24 401
18 24 396
79 143 407
34 138 213
34 79 138
83 138 213
34 79 128
79 83 138
143 147 235
97 223 255
384 386 388
261 277 419
255 363 388
86 94 363
270 363 388
143 407 441
143 419 441
79 128 407
56 405 440
182 297 432
297 392 432
337 368 411
23 28 325
33 165 210
29 33 337
32 165 210
82 242 411
29 82 337
29 82 400
29 287 400
264 302 365
28 325 373
41 124 302
41 134 267
50 323 334
135 150 234
135 150 391
3 327 365
3 234 327
105 287 381
175 342 391
191 311 342
287 295 381
357 380 415
132 308 357
323 330 350
5 9 55
9 78 199
9 55 78
298 308 360
221 298 387
71 221 298
211 298 387
19 298 364
71 230 404
199 323 404
71 276 404
323 334 350
154 255 363
10 154 350
0 10 324
154 223 255
125 154 223
0 110 170
103 151 169
42 269 375
0 110 151
46 324 330
19 117 169
46 103 296
103 169 296
170 301 377
42 301 328
19 117 301
42 269 328
42 375 377
19 296 298
298 360 364
51 62 232
19 51 364
104 193 212
27 30 75
30 75 193
172 278 307
27 30 232
15 416 438
39 153 219
62 301 328
27 75 416
42 301 377
59 97 269
59 269 328
59 97 201
163 201 219
282 355 358
40 133 347
65 144 439
355 358 390
85 263 390
47 313 439
282 331 358
331 358 390
168 176 339
168 176 438
80 220 224
25 194 424
25 194 395
183 370 424
16 183 370
183 188 345
69 195 349
61 399 436
359 374 428
101 299 436
247 290 359
69 101 299
101 155 436
299 399 436
136 299 399
257 262 322
131 257 367
67 68 265
112 172 220
112 172 278
96 172 307
15 307 438
68 96 104
68 104 265
67 68 300
130 152 241
152 364 430
152 241 430
139 253 425
238 289 360
67 130 294
67 294 367
129 238 360
72 421 442
215 394 429
44 394 429
331 390 438
28 369 432
289 360 425
239 352 378
343 344 396
343 396 440
115 329 413
178 329 413
1 326 448
324 330 350
10 324 350
164 318 443
268 318 354
198 309 411
185 309 400
198 309 365
3 309 365
295 308 381
282 304 355
304 313 355
134 292 446
292 363 446
214 291 409
8 290 436
141 286 384
282 416 438
190 318 354
27 282 416
278 307 438
277 281 418
270 281 418
270 281 286
268 321 443
268 321 371
267 363 446
266 410 412
266 315 410
261 277 281
121 260 385
6 260 338
260 312 361
259 348 420
64 258 368
258 264 365
198 258 365
29 254 287
208 252 340
246 252 336
184 251 378
236 251 279
71 276 298
315 369 449
244 402 448
53 237 338
405 419 441
233 376 437
233 376 379
51 232 364
232 282 304
27 232 282
30 232 241
231 233 351
43 226 383
225 317 346
225 317 447
61 224 399
291 320 409
222 260 338
22 222 260
168 220 339
256 371 445
84 351 379
84 216 351
79 83 167
82 185 242
76 245 291
182 369 449
177 192 408
1 122 179
72 93 442
70 76 93
69 370 424
69 290 359
69 155 290
133 146 347
68 172 300
263 313 390
67 257 300
67 130 241
67 241 265
11 66 384
40 244 402
146 166 235
45 161 317
74 87 177
71 230 387
88 376 379
108 361 385
61 262 322
61 257 300
61 257 262
252 305 340
39 153 313
48 85 263
58 341 378
45 398 447
102 229 431
148 259 348
69 80 424
57 171 263
57 316 402
56 343 440
79 167 235
8 120 142
54 137 181
54 137 158
86 248 270
53 394 401
78 150 415
70 93 442
74 273 335
244 326 448
160 277 418
86 270 363
50 382 435
148 161 317
14 174 420
54 174 181
89 252 403
48 171 389
115 162 273
134 292 334
200 297 392
260 361 385
0 10 154
5 230 310
47 65 439
46 323 330
46 103 151
49 109 303
277 405 419
252 305 336
74 87 107
8 129 322
108 126 204
163 201 384
186 226 314
44 321 445
21 44 321
48 171 263
282 331 438
124 258 302
41 382 435
41 302 382
23 33 92
40 57 347
18 63 205
5 9 230
195 349 374
22 179 222
108 126 385
36 160 373
232 364 430
308 357 381
130 139 152
56 160 405
50 150 234
17 80 136
30 193 265
145 157 166
16 69 195
30 241 265
53 421 442
16 69 370
302 365 382
65 157 281
200 297 422
268 318 443
61 224 300
5 211 308
2 49 428
38 74 408
66 270 286
63 167 213
13 206 243
129 257 322
12 13 98
18 34 213
18 34 396
12 88 376
191 309 400
19 62 301
137 397 403
66 270 388
98 252 403
263 347 439
29 32 33
130 238 294
2 333 428
91 195 374
76 184 293
2 91 333
58 321 443
105 175 380
23 33 210
82 185 400
58 70 76
17 80 224
50 78 150
2 45 161
40 63 244
2 45 156
78 357 415
9 199 404
344 393 396
14 174 288
16 91 195
26 340 409
97 269 375
35 100 111
46 151 324
46 276 298
1 179 222
8 207 247
18 63 213
175 287 311
182 369 432
157 166 228
24 203 429
53 338 401
36 373 392
2 91 188
137 158 397
203 393 396
57 114 171
5 310 387
2 188 345
38 74 335
13 99 208
58 378 426
31 53 421
128 405 440
98 397 403
33 337 368
66 286 384
12 60 376
114 171 389
50 234 327
55 132 357
36 250 392
1 122 448
85 176 438
8 109 207
137 148 348
216 284 351
45 156 312
13 98 208
226 353 383
2 49 161
12 60 397
58 76 341
15 75 212
3 135 309
145 166 235
31 106 421
134 334 435
127 254 287
39 62 232
18 244 326
2 156 345
18 338 401
130 139 289
69 349 359
97 201 255
21 44 394
8 120 174
80 220 339
85 390 438
12 98 397
13 99 243
33 92 368
128 396 440
61 322 436
0 125 154
230 310 387
25 80 339
45 317 398
55 78 357
24 215 429
69 136 299
198 258 411
25 48 395
71 221 387
8 247 290
130 238 289
25 80 424
122 316 402
40 63 167
178 190 318
15 96 212
92 325 368
118 180 254
26 240 340
8 322 436
87 159 280
8 14 109
31 106 237
18 205 244
64 258 411
28 118 369
131 173 257
28 118 210
40 57 402
65 141 281
106 121 260
47 65 444
107 115 159
219 274 444
148 161 259
79 143 235
32 180 254
3 135 234
46 276 323
29 32 254
36 200 250
36 200 343
59 62 328
177 192 280
251 279 427
39 232 304
39 304 313
57 114 316
313 355 390
36 56 160
189 391 415
45 312 447
84 88 217
6 106 338
12 88 217
17 136 399
87 107 159
148 317 403
89 126 204
89 204 403
154 292 334
91 183 188
91 374 428
91 333 428
23 92 325
95 214 291
178 190 197
76 236 245
86 94 124
128 405 441
48 85 339
95 119 186
81 95 186
7 20 162
43 95 291
143 261 419
5 132 308
113 196 319
185 242 411
97 223 375
18 326 338
135 309 342
57 263 347
123 140 187
186 226 243
67 257 367
99 186 208
174 181 348
100 111 422
102 200 431
239 251 378
17 224 399
150 391 415
105 357 381
105 357 380
6 106 260
106 237 338
74 107 115
110 117 169
15 75 416
108 361 417
231 275 351
21 58 321
109 247 303
109 207 247
110 151 169
111 182 297
112 278 438
119 214 409
131 173 294
113 196 329
155 290 436
111 182 285
74 115 273
37 118 254
118 266 369
162 273 335
46 296 298
73 119 186
95 119 214
120 142 332
120 284 332
121 126 385
121 126 246
121 218 409
121 218 421
122 402 448
123 187 209
147 261 281
41 124 267
94 124 267
15 96 307
124 325 373
187 209 412
124 160 418
0 125 170
125 170 375
14 49 420
48 183 194
65 166 228
191 287 311
68 96 172
317 398 447
164 318 414
77 127 362
20 127 362
128 407 441
65 146 166
129 238 294
11 66 388
131 294 367
50 334 435
40 133 167
133 167 235
90 217 332
25 48 339
140 187 272
174 231 275
135 342 391
149 372 427
19 51 62
137 181 348
139 289 425
139 152 364
139 253 364
141 281 286
141 274 444
65 141 444
253 360 425
144 347 439
145 157 281
94 267 363
145 147 235
145 147 281
112 168 438
206 372 433
137 148 403
16 91 183
0 151 324
192 366 408
104 193 265
183 345 389
22 179 260
47 153 444
153 219 444
232 241 430
52 156 312
156 345 389
36 56 343
35 209 410
158 376 397
116 159 227
140 178 197
178 318 413
160 277 405
100 422 431
124 258 325
133 146 235
7 162 335
258 325 368
154 334 350
164 352 356
164 356 414
164 378 426
164 352 378
209 410 412
39 59 62
83 167 213
144 146 347
129 173 257
170 375 377
172 224 300
172 220 224
76 184 341
120 174 275
105 175 287
175 189 380
99 186 243
87 177 280
179 260 312
129 173 294
32 180 210
118 180 210
5 211 387
353 372 427
183 194 424
185 309 411
73 186 208
201 384 386
32 33 165
143 147 261
191 287 400
65 157 228
34 128 396
48 183 389
7 20 127
120 284 351
201 255 386
216 271 284
197 256 371
24 203 396
163 274 384
69 80 136
13 206 433
14 49 109
69 101 155
159 227 280
124 248 418
202 217 332
9 230 404
163 219 274
