20 283 319
117 170 301
231 233 437
2 156 389
361 385 417
90 216 217
90 271 284
236 251 427
196 283 319
184 239 251
6 53 237
203 215 429
261 277 418
189 380 415
85 176 339
110 117 170
163 274 386
333 374 428
12 60 98
174 348 420
54 181 348
109 303 420
349 359 374
45 161 398
161 259 317
225 417 447
246 252 305
133 144 347
2 333 345
52 156 389
6 121 260
218 409 421
121 246 336
12 60 88
73 119 340
240 305 340
236 245 291
13 99 206
31 72 421
352 356 414
76 249 291
76 236 291
116 413 414
7 127 335
115 178 413
164 268 318
100 229 431
118 266 412
115 196 329
266 315 412
36 250 440
200 250 440
31 53 237
44 215 394
18 205 213
334 382 435
134 267 446
23 92 368
285 410 449
64 198 411
198 264 365
64 368 411
50 150 327
82 337 411
211 298 308
50 327 382
5 55 132
50 78 415
50 334 382
327 365 382
0 10 125
334 350 435
154 292 363
133 144 146
141 274 384
255 386 388
86 124 248
407 440 441
36 56 440
83 167 235
155 290 359
75 193 212
263 313 439
155 349 359
112 168 220
48 85 171
96 104 212
39 153 304
112 168 278
172 220 300
130 139 253
19 169 296
253 360 364
142 284 332
90 284 332
12 13 433
13 372 433
206 353 372
13 206 372
90 216 271
84 88 379
12 84 88
84 216 217
12 98 208
26 240 336
88 376 437
6 22 260
60 88 376
158 376 437
233 351 379
142 284 351
54 158 181
54 174 231
137 148 317
49 161 259
148 259 317
54 174 348
120 142 174
8 174 288
14 109 420
14 109 207
49 303 420
49 247 303
45 161 428
2 345 389
52 306 389
171 345 389
225 398 447
317 346 403
89 126 403
137 317 403
204 346 403
89 126 246
126 246 385
22 122 179
222 326 338
121 246 385
312 361 417
114 306 389
40 133 166
1 222 448
57 347 402
1 222 326
203 393 434
63 205 244
40 402 448
18 205 326
63 205 213
24 215 401
6 22 338
22 222 338
6 106 121
6 106 237
214 320 409
53 394 442
341 378 426
72 218 421
72 218 249
218 249 320
218 320 409
89 246 252
73 208 340
43 314 406
206 226 353
186 314 406
43 226 314
43 226 353
81 186 406
43 95 214
279 353 383
184 293 423
184 239 378
239 378 426
236 293 423
76 236 293
72 93 249
58 93 341
58 70 93
21 58 70
76 293 341
321 371 445
197 354 371
268 354 371
318 413 414
190 268 354
190 268 318
164 268 443
164 426 443
239 251 427
116 356 414
116 227 356
4 227 356
192 227 280
4 192 227
87 227 280
74 162 273
4 192 366
87 177 408
74 177 408
7 127 162
20 113 319
20 113 362
115 178 329
35 100 209
37 77 254
38 127 335
29 127 254
20 77 362
77 127 254
20 77 127
37 187 362
37 77 362
37 187 412
37 180 254
29 32 180
182 315 369
28 182 432
266 315 369
315 410 412
315 410 449
35 100 431
200 392 422
28 182 369
297 392 422
35 111 285
35 111 431
200 250 392
100 229 256
344 393 434
24 203 215
338 394 401
44 215 429
215 394 401
18 24 401
83 138 213
63 83 213
79 83 138
145 147 166
63 83 167
40 166 167
143 147 419
133 146 166
11 141 384
11 66 270
65 281 286
261 277 419
281 286 418
86 94 363
134 292 363
86 248 363
405 440 441
143 407 441
147 261 419
143 419 441
128 407 440
56 405 440
56 277 405
297 392 432
41 86 94
337 368 411
92 337 368
32 118 180
29 127 287
29 180 254
82 242 411
33 92 337
23 92 210
185 242 400
82 242 400
29 287 400
198 242 411
41 94 267
134 363 446
365 382 435
50 323 334
50 150 415
3 198 309
105 175 189
191 311 342
105 189 380
287 295 381
105 380 381
295 308 357
132 308 357
323 330 350
5 9 55
211 310 387
298 308 360
221 298 387
71 221 298
211 298 387
19 298 364
71 276 296
199 323 404
323 334 350
154 292 350
10 125 154
10 154 350
10 330 350
0 10 324
0 110 170
42 269 375
110 117 151
0 110 151
71 296 298
103 169 296
170 301 377
104 241 265
42 301 328
168 307 438
42 269 328
42 375 377
19 296 298
298 360 364
51 62 232
19 51 364
104 193 212
39 62 304
27 30 75
30 75 193
75 212 416
85 331 390
168 278 307
15 416 438
15 212 416
62 301 328
62 232 304
27 75 416
42 301 377
59 97 269
59 269 328
97 201 386
166 167 235
40 244 448
57 171 347
355 358 390
263 355 390
47 313 439
263 313 355
153 282 304
331 358 390
168 176 339
168 176 438
188 333 345
80 370 424
25 194 424
48 171 183
91 349 374
101 155 349
359 374 428
69 101 349
8 155 290
69 101 299
220 224 300
262 322 436
257 262 322
224 257 300
131 173 322
67 68 265
96 172 300
112 172 220
112 172 278
15 212 307
15 307 438
68 96 300
130 152 253
104 193 241
130 152 241
152 241 430
130 139 425
67 294 367
129 173 322
203 429 434
194 395 424
126 385 403
204 385 403
268 371 443
370 395 424
270 363 418
289 360 425
239 352 426
108 346 385
204 346 385
44 344 429
343 344 396
343 396 440
200 343 440
311 342 381
276 330 404
1 326 448
325 373 432
321 371 443
21 321 443
313 355 358
179 312 316
185 309 400
5 308 310
211 308 310
295 357 380
293 341 378
184 293 378
247 290 428
238 289 367
65 286 444
141 286 444
285 297 422
285 410 412
35 285 412
289 294 425
282 416 438
27 282 416
274 384 388
270 384 388
270 286 418
255 269 386
97 269 386
134 267 435
41 267 435
52 306 312
267 363 446
264 325 373
264 302 373
258 264 325
121 260 385
260 312 361
285 297 432
64 258 368
253 364 430
152 253 430
93 249 341
245 353 383
240 246 305
240 246 336
239 352 356
236 279 383
236 279 353
405 419 441
295 380 381
51 232 364
232 282 304
30 232 241
231 233 351
71 230 276
102 229 344
108 225 385
61 224 399
248 363 418
168 220 339
256 371 445
84 217 433
341 426 443
69 80 195
78 199 323
225 385 417
50 78 323
98 252 305
74 335 408
74 162 283
135 391 415
74 196 283
72 93 442
16 91 370
69 91 349
149 202 217
67 294 425
58 341 443
67 68 257
67 130 241
67 241 265
11 66 141
64 198 264
8 101 155
74 87 177
71 230 387
26 106 336
76 249 341
61 257 262
59 97 153
323 330 404
45 398 447
102 229 431
57 316 402
61 224 257
69 91 195
74 115 196
9 55 199
129 238 367
198 234 365
70 93 442
52 312 417
74 273 335
160 277 418
14 174 420
135 150 327
89 252 403
49 181 348
33 92 165
260 361 385
229 256 344
184 236 423
108 225 398
46 103 151
80 195 370
171 188 345
37 180 412
26 214 409
277 405 419
74 87 107
8 129 322
164 352 426
45 52 447
78 380 415
142 149 202
186 226 314
44 321 445
21 44 321
21 44 70
44 70 442
43 81 406
92 165 210
43 81 95
103 117 151
282 331 438
36 373 432
41 264 365
153 439 444
11 270 384
36 160 373
232 364 430
123 140 209
26 95 340
255 270 388
17 80 136
145 157 166
137 158 181
287 311 381
16 48 183
68 257 300
41 264 302
214 245 291
65 157 281
14 207 288
114 312 316
157 281 418
185 242 309
12 84 433
66 270 286
12 13 208
191 309 400
19 62 301
137 397 403
98 252 403
102 111 422
29 32 33
135 234 327
2 333 428
55 78 199
9 230 310
32 118 165
139 360 425
26 409 421
234 327 365
45 52 156
40 63 244
8 207 288
9 199 404
85 331 438
344 393 396
140 187 209
14 174 288
46 151 324
73 99 186
23 210 369
125 154 363
6 338 394
8 207 247
157 166 228
114 306 312
56 160 277
33 82 400
8 101 436
131 322 367
84 216 271
17 299 399
137 158 397
203 393 396
57 114 171
108 346 398
29 33 400
13 99 208
24 138 213
6 53 394
274 386 388
61 101 262
41 365 435
98 397 403
290 359 428
163 219 386
139 253 360
114 171 389
55 132 357
36 250 432
85 176 438
100 123 197
79 128 138
115 116 413
44 394 442
33 82 337
47 153 358
5 9 310
182 285 432
47 313 358
3 135 391
285 315 449
30 232 282
257 322 367
31 106 421
17 220 224
205 326 448
18 338 401
10 46 276
21 58 443
2 156 428
44 256 344
143 147 166
22 122 448
80 220 339
64 258 264
16 48 395
38 87 366
84 271 379
128 396 440
55 357 380
26 106 421
31 53 442
230 310 387
25 80 339
18 24 213
113 187 362
69 136 299
71 221 387
8 247 290
25 80 424
46 103 276
122 316 402
40 63 167
178 190 318
134 350 435
26 95 214
26 240 340
8 322 436
198 242 309
55 78 380
96 212 278
35 209 412
31 106 237
23 28 368
107 115 159
219 274 444
30 193 241
153 331 358
27 30 282
3 135 234
102 111 431
122 179 316
88 233 437
24 138 396
59 62 328
23 28 369
10 276 330
10 46 324
25 194 339
111 285 422
101 262 436
8 129 174
57 114 316
99 206 226
41 86 302
182 285 315
36 56 160
87 159 227
87 192 280
236 353 427
137 148 181
87 192 366
344 429 434
43 245 353
38 87 335
189 391 415
87 107 159
88 233 379
79 128 235
49 348 420
271 351 379
91 183 188
91 195 370
230 276 404
48 339 395
164 352 414
123 197 354
48 85 339
95 119 186
81 95 186
79 83 235
17 136 299
95 119 340
96 104 265
68 96 265
5 132 308
196 272 329
97 153 201
171 347 439
39 59 153
18 326 338
178 190 354
212 278 307
98 305 340
98 376 397
60 98 376
186 226 243
67 257 367
99 226 243
100 123 209
100 197 256
191 309 391
128 235 407
101 299 399
102 200 422
103 117 169
103 276 296
17 224 399
113 187 319
74 107 115
3 309 391
143 235 407
96 172 278
231 275 351
66 141 286
223 255 269
109 247 303
44 256 445
109 207 247
118 180 412
148 181 259
123 140 354
118 165 210
118 210 369
118 266 369
162 273 335
142 202 332
73 119 186
129 238 289
49 181 259
250 392 432
40 133 402
122 402 448
187 209 412
124 160 418
0 125 170
125 170 375
125 223 255
125 269 375
142 275 351
125 223 269
125 255 270
65 166 228
125 270 363
191 287 311
164 318 414
20 127 283
127 162 283
34 128 138
188 333 374
129 131 173
129 142 174
65 146 166
129 289 360
31 72 442
201 219 386
129 131 367
271 284 351
52 417 447
49 161 247
153 282 331
90 217 332
98 208 340
178 272 329
134 292 350
115 116 159
174 231 275
149 372 427
135 150 415
19 51 62
187 272 319
149 372 433
4 239 356
141 274 444
67 130 425
120 142 275
143 166 235
144 347 439
144 439 444
94 267 363
171 183 188
65 146 444
144 146 444
147 157 261
133 347 402
145 147 157
102 200 344
149 217 433
16 91 183
0 151 324
153 201 219
117 169 301
22 179 260
47 153 439
153 219 444
28 325 368
232 241 430
289 294 367
124 160 302
45 156 428
157 261 418
54 158 231
61 101 399
158 376 397
175 342 381
116 159 227
178 318 413
160 302 373
171 263 439
178 187 272
161 247 428
161 317 346
161 346 398
7 162 335
258 325 368
194 339 395
39 59 62
19 169 301
106 121 336
170 375 377
171 263 390
85 171 390
200 343 344
87 335 408
120 174 275
99 186 243
105 175 381
140 178 187
140 178 354
179 260 312
17 80 220
353 372 427
86 124 302
184 236 251
158 231 437
34 138 396
91 188 374
22 222 448
189 342 391
32 33 165
175 189 342
205 244 448
236 245 383
191 287 400
191 342 391
196 272 319
65 157 228
34 128 396
3 198 234
73 99 208
197 256 371
24 203 396
69 80 136
28 325 432
16 370 395
43 214 245
214 249 291
214 249 320
124 248 418
202 217 332
9 230 404
163 219 274
