7 20 76
50 84 86
79 81 83
91 116 140
81 99 148
20 26 53
36 99 119
7 20 103
11 125 139
12 58 129
2 3 146
6 18 78
6 78 147
9 75 147
18 64 89
37 45 94
14 31 74
14 17 33
58 101 129
67 98 133
41 54 57
74 100 122
91 138 144
9 27 45
39 92 119
70 85 105
28 97 142
33 91 109
36 53 96
76 81 96
26 53 68
11 50 63
50 63 84
25 108 145
10 86 128
10 133 149
10 93 133
88 93 139
23 125 139
59 124 125
98 112 134
1 59 134
88 93 121
23 88 139
48 129 137
3 48 65
73 98 112
12 67 98
12 24 58
127 142 143
24 107 142
12 73 98
24 101 142
101 129 143
24 58 101
129 131 137
12 48 129
30 131 137
42 86 128
2 3 65
2 65 149
42 63 84
42 84 86
42 63 146
63 130 146
22 25 137
22 25 130
25 108 137
18 64 108
108 115 145
18 108 115
30 64 108
19 115 141
115 141 145
0 141 145
0 61 102
5 102 126
5 61 102
9 29 40
5 29 61
5 29 126
9 29 61
19 102 126
29 40 126
64 89 117
6 18 89
71 89 117
6 89 114
37 45 75
37 75 118
55 100 114
37 60 94
55 100 118
55 75 118
6 55 114
14 74 122
71 89 114
129 131 143
30 108 137
101 142 143
15 28 35
71 106 127
15 106 127
15 35 109
33 91 138
17 33 138
14 17 31
27 51 82
60 74 100
45 51 94
9 45 75
9 27 82
27 45 51
51 82 120
44 82 120
9 72 82
21 66 70
21 70 85
4 44 120
44 72 82
8 104 136
8 72 85
62 70 105
4 16 57
17 54 57
4 41 57
17 138 144
38 54 66
38 43 144
38 66 113
34 38 113
34 77 104
34 77 90
39 92 104
77 92 104
81 96 99
79 81 111
83 111 140
34 90 132
35 69 97
28 35 97
12 24 107
69 97 116
7 76 111
97 107 116
97 107 142
83 91 140
76 81 111
79 83 111
73 103 107
12 73 107
32 112 134
49 87 135
52 87 124
46 52 87
20 32 110
47 87 124
26 49 56
95 110 135
26 56 68
36 96 99
13 53 68
13 39 47
2 128 149
42 128 146
127 131 143
98 121 134
98 121 133
10 128 149
109 122 123
103 107 116
19 102 141
100 114 123
100 122 123
92 99 148
85 105 136
8 85 136
43 83 148
117 127 131
51 80 94
77 92 132
43 92 132
62 104 136
47 49 87
7 103 116
9 40 147
23 59 125
22 48 137
0 25 145
0 102 141
43 83 144
46 95 135
19 40 78
21 41 66
32 46 134
26 49 135
20 26 135
17 38 54
18 19 115
19 40 126
77 90 132
16 80 94
16 31 94
15 127 142
18 19 78
15 28 142
34 62 104
32 95 110
44 72 85
4 21 41
69 109 116
111 116 140
20 110 135
17 31 57
3 130 146
13 53 119
34 38 43
4 21 44
4 51 120
4 51 80
48 65 67
83 91 144
20 73 112
13 47 56
59 121 134
62 105 136
46 87 135
15 106 123
92 99 119
30 64 131
10 50 86
4 16 80
32 46 95
71 106 123
64 117 131
11 50 93
20 32 112
41 54 66
11 93 139
14 33 109
2 128 146
34 62 113
14 109 122
10 50 93
1 52 134
71 117 127
13 56 68
3 22 130
16 31 57
17 38 144
31 60 74
34 43 132
37 60 100
0 25 130
37 100 118
43 92 148
47 49 56
23 59 88
40 78 147
6 55 147
21 44 85
46 52 134
12 48 67
1 52 59
15 109 123
20 73 103
52 59 124
20 53 76
3 22 48
31 60 94
53 76 96
36 53 119
13 39 119
65 67 133
7 111 116
55 75 147
93 121 133
62 70 113
71 114 123
59 88 121
65 133 149
66 70 113
91 109 116
81 83 148
35 69 109
