7 20 76
12 65 67
36 39 119
91 116 140
20 26 53
36 99 119
59 121 125
7 20 103
23 121 125
2 3 146
0 19 141
50 93 139
15 28 127
11 50 139
6 78 147
3 22 146
9 75 147
18 64 89
37 45 94
6 75 147
14 17 33
58 101 129
41 54 57
74 100 122
106 114 123
37 60 118
91 138 144
16 17 57
16 17 31
9 27 45
39 92 119
62 104 113
62 66 70
43 81 148
28 97 142
33 91 109
28 127 142
12 48 65
46 95 110
36 53 96
76 81 96
77 90 92
26 53 68
11 50 63
93 98 121
50 63 84
10 86 128
10 133 149
10 93 133
88 93 139
23 88 121
59 98 134
59 124 125
20 49 110
98 112 134
1 59 134
59 98 121
7 107 116
88 93 121
23 88 139
48 129 137
3 48 65
65 67 149
73 98 112
12 24 58
24 107 142
24 101 142
24 58 101
2 3 65
67 133 149
42 84 86
2 42 146
22 25 137
22 130 146
22 25 130
18 64 108
18 108 115
30 64 108
19 115 141
0 141 145
0 61 102
0 19 102
5 61 102
5 29 61
9 29 61
19 102 126
29 40 126
19 78 115
9 78 147
6 18 89
37 45 75
37 75 118
37 60 94
60 100 118
71 89 114
117 131 143
71 106 114
30 64 117
30 117 131
30 108 137
15 28 35
71 106 127
15 106 127
15 35 109
33 91 138
17 33 138
14 17 31
60 74 100
45 51 94
9 45 75
9 27 82
27 45 51
44 82 120
9 72 82
21 66 70
21 70 85
62 66 113
4 44 120
8 104 136
8 72 85
34 104 113
17 54 57
38 54 66
38 66 113
34 38 113
34 77 104
34 77 90
39 92 104
77 92 104
79 81 111
43 132 148
69 91 116
69 97 116
7 76 111
97 107 116
97 107 142
7 103 107
83 91 140
76 81 111
73 103 107
32 73 112
32 112 134
32 46 52
46 52 87
46 87 95
32 46 110
20 26 49
49 110 135
95 110 135
36 96 99
13 53 68
13 39 47
25 137 145
10 128 149
117 127 143
55 114 118
108 141 145
101 131 143
101 129 131
101 127 143
100 114 123
100 122 123
81 96 148
92 99 148
90 132 148
90 92 148
85 105 136
8 85 136
42 84 146
84 130 146
50 84 93
72 82 85
51 80 94
79 83 140
108 137 145
63 84 130
32 73 110
62 104 136
16 41 57
47 49 87
5 29 102
27 82 120
31 74 122
24 73 107
22 48 137
90 132 144
0 25 145
27 51 120
43 83 144
19 40 78
21 41 66
11 23 139
96 99 148
19 40 126
16 80 94
16 31 94
44 82 85
14 122 123
108 115 141
2 86 128
14 109 123
100 114 118
4 21 41
6 55 118
111 116 140
10 84 93
4 21 44
65 128 149
4 51 120
10 84 86
13 39 53
4 51 80
83 91 144
13 47 56
62 85 105
62 105 136
15 106 123
92 99 119
12 48 58
6 75 118
4 16 80
11 23 125
4 16 41
36 39 53
41 54 66
14 33 109
6 78 115
1 52 134
43 132 144
71 117 127
43 79 81
13 56 68
6 55 89
2 65 128
9 29 78
101 127 142
79 111 140
29 40 78
29 102 126
38 90 144
30 129 131
30 129 137
31 60 74
28 69 97
28 35 69
14 31 122
0 25 130
34 38 90
6 18 115
47 49 56
38 138 144
38 54 138
43 79 83
21 44 85
47 52 87
12 24 73
48 58 129
1 52 59
2 42 86
15 109 123
26 49 68
49 56 68
49 87 95
49 95 135
47 52 124
67 93 98
20 73 103
52 59 124
20 53 76
3 22 48
31 60 94
53 76 96
17 54 138
7 111 116
55 89 114
67 73 98
32 52 134
62 70 85
64 71 89
64 71 117
12 67 73
67 93 133
20 73 110
35 69 109
69 91 109
