7 20 76
79 81 83
91 116 140
20 26 53
36 99 119
7 20 103
1 32 52
2 3 146
50 93 139
15 28 127
11 50 139
6 78 147
40 78 126
9 75 147
18 64 89
37 45 94
14 31 74
58 101 129
67 98 133
41 54 57
74 100 122
37 60 118
91 138 144
16 17 57
9 27 45
39 92 119
62 104 113
38 54 144
70 85 105
62 66 70
43 81 148
28 97 142
33 91 109
28 127 142
12 48 65
46 95 110
36 53 96
76 81 96
26 53 68
11 50 63
50 63 84
2 42 128
10 86 128
10 133 149
10 93 133
88 93 139
1 52 124
98 112 134
1 59 134
88 93 121
23 88 139
48 129 137
3 48 65
12 67 98
12 24 58
127 142 143
24 107 142
24 101 142
101 129 143
24 58 101
129 131 137
30 131 137
42 86 128
2 3 65
67 133 149
42 84 86
2 42 146
63 130 146
25 130 145
22 25 137
22 25 130
0 130 145
18 64 108
30 64 108
19 78 126
0 141 145
0 61 102
0 19 102
5 102 126
5 61 102
9 29 40
5 29 61
5 29 126
9 29 61
19 102 126
29 40 126
6 18 89
6 89 114
37 75 118
37 60 94
55 75 118
6 55 114
14 74 122
60 100 118
71 89 114
30 64 117
129 131 143
30 117 131
30 108 137
101 142 143
15 28 35
71 106 127
15 106 127
15 35 109
33 91 138
60 74 94
16 31 80
31 74 94
60 74 100
45 51 94
9 27 82
27 45 51
44 82 120
9 72 82
51 80 120
21 66 70
21 70 85
62 66 113
4 44 120
8 85 105
8 104 136
8 72 85
62 70 105
8 105 136
34 104 113
21 41 54
17 54 57
21 54 66
38 54 66
38 43 144
38 66 113
34 38 113
34 77 104
34 77 90
43 81 83
39 92 104
77 92 104
79 81 111
83 111 140
43 132 148
92 132 148
34 90 132
69 91 116
7 76 111
97 107 142
83 91 140
76 81 111
79 83 111
73 103 107
32 73 112
32 112 134
1 32 134
32 46 52
49 87 135
46 52 87
20 32 110
32 46 110
47 56 87
20 26 49
49 56 87
26 49 56
95 110 135
26 56 68
36 96 99
47 56 68
13 53 68
25 137 145
127 131 143
98 121 134
98 121 133
10 128 149
55 114 118
103 107 116
100 114 123
100 122 123
81 96 148
92 99 148
42 84 146
72 82 85
117 127 131
51 80 94
77 92 132
108 137 145
14 16 31
62 104 136
16 41 57
7 103 116
9 40 147
23 59 125
27 82 120
24 73 107
22 48 137
27 51 120
13 39 68
43 83 144
46 95 135
31 80 94
18 115 141
18 141 145
11 23 139
96 99 148
18 19 115
77 90 132
63 84 146
44 82 85
14 33 138
14 122 123
14 16 17
14 109 123
100 114 118
4 21 41
111 116 140
20 110 135
3 130 146
13 53 119
34 38 43
4 21 44
4 80 120
65 128 149
10 84 86
1 124 125
83 91 144
1 59 125
59 121 134
6 19 78
62 105 136
46 87 135
15 106 123
92 99 119
12 65 149
20 32 73
9 37 75
20 49 135
12 48 58
10 50 84
4 41 80
71 106 123
11 23 125
14 17 138
14 33 109
12 73 112
10 50 93
12 98 112
69 97 107
18 108 145
12 67 149
71 117 127
3 22 130
2 65 128
28 69 97
28 35 69
34 43 132
23 59 88
0 115 141
54 138 144
39 47 68
40 78 147
6 55 147
21 44 85
47 52 87
12 24 73
48 58 129
9 37 45
15 109 123
47 52 124
20 73 103
20 53 76
3 22 48
53 76 96
36 53 119
13 39 119
17 54 138
7 111 116
55 75 147
93 121 133
71 114 123
59 88 121
0 19 115
16 41 80
64 71 89
64 71 117
6 18 19
69 107 116
35 69 109
69 91 109
