8 34 38
8 37 38
34 42 46
34 38 46
2 32 44
10 14 36
17 32 44
13 26 45
22 25 33
13 36 40
5 6 39
18 35 40
27 42 46
8 34 42
0 14 39
18 20 35
17 27 30
10 27 46
10 40 47
18 20 30
13 35 40
16 20 30
11 24 27
11 23 24
8 24 37
23 29 37
23 24 37
1 23 29
22 31 33
2 3 49
2 29 49
2 3 4
3 6 9
3 4 9
15 20 35
4 9 31
16 17 30
15 20 33
18 40 47
14 39 41
15 25 33
9 22 31
22 25 26
6 9 19
9 19 22
7 13 45
14 21 36
10 27 47
10 12 46
12 43 46
0 12 14
10 12 14
10 36 40
0 12 43
0 28 39
5 38 48
5 28 39
5 28 48
38 46 48
31 33 44
17 27 32
1 23 32
0 28 43
22 26 45
18 27 30
18 27 47
16 20 44
16 17 44
7 13 36
6 7 19
7 14 21
7 19 45
6 7 39
7 14 41
20 33 44
19 22 45
2 4 44
1 2 29
24 27 42
28 43 48
7 21 36
4 31 44
8 24 42
7 39 41
43 46 48
1 2 32
13 15 35
13 15 25
13 25 26
11 27 32
11 23 32
