34 42 46
1 11 32
2 32 44
1 29 32
10 14 36
17 32 44
13 26 45
18 30 47
22 25 33
13 36 40
13 26 35
5 6 39
18 35 40
27 42 46
0 14 39
13 35 40
27 30 47
1 11 23
11 24 27
11 23 24
2 29 32
23 29 37
1 23 29
2 29 49
3 6 9
3 4 9
15 20 35
4 9 31
15 25 26
16 17 20
16 17 30
15 20 33
15 26 35
18 40 47
14 39 41
15 25 33
22 25 26
6 9 19
9 19 22
7 13 45
6 19 45
6 7 41
6 7 45
14 21 41
7 13 21
14 21 36
10 27 47
6 39 41
7 21 41
13 21 36
12 43 46
0 12 14
10 12 14
0 12 43
38 43 48
0 28 39
5 38 48
5 28 39
5 28 48
36 40 47
10 36 47
34 38 43
34 37 38
31 33 44
18 30 35
17 30 32
0 28 43
22 26 45
17 20 33
17 33 44
8 23 24
9 31 33
34 43 46
19 22 45
2 4 49
2 4 44
12 27 46
8 23 37
24 27 42
28 43 48
4 31 44
8 37 42
34 37 42
27 30 32
9 22 33
3 4 49
8 24 42
10 12 27
16 30 35
16 20 35
11 27 32
