8 34 38
8 37 38
34 42 46
1 11 32
34 38 46
2 32 44
8 27 42
8 24 27
10 14 36
11 17 27
17 20 44
17 32 44
2 31 44
18 30 47
22 25 33
13 36 40
5 6 39
18 35 40
27 42 46
8 34 42
0 14 39
17 27 30
11 17 32
10 27 46
10 40 47
13 35 40
16 20 30
27 30 47
1 11 23
11 24 27
11 23 24
8 24 37
23 29 37
23 24 37
1 23 29
2 29 49
2 4 31
3 6 9
3 4 9
4 9 31
16 17 20
16 17 30
15 20 33
18 40 47
14 39 41
15 25 33
22 25 26
6 9 19
9 19 22
6 19 45
6 7 45
14 21 36
10 27 47
10 12 46
12 43 46
0 12 14
10 12 14
10 36 40
0 12 43
0 28 48
0 43 48
0 28 39
5 38 48
5 28 39
5 28 48
38 46 48
31 33 44
18 30 35
22 26 45
7 13 36
9 31 33
7 13 26
7 14 21
6 7 39
7 14 41
20 33 44
19 22 45
2 4 49
1 2 29
7 21 36
9 22 33
3 4 49
7 39 41
43 46 48
7 26 45
1 2 32
13 15 35
13 15 25
13 25 26
15 30 35
15 20 30
