34 42 46
1 11 32
2 32 44
10 14 36
17 32 44
18 30 47
22 25 33
13 36 40
5 6 39
18 35 40
27 42 46
8 34 42
18 20 35
17 27 30
10 40 47
18 20 30
13 35 40
16 20 30
27 30 47
1 11 23
11 24 27
11 23 24
23 29 37
1 23 29
22 31 33
2 29 49
3 6 9
3 4 9
15 20 35
16 17 30
15 20 33
18 40 47
14 39 41
15 25 33
19 26 45
6 9 19
9 19 22
6 19 45
6 7 41
6 7 45
14 21 41
7 13 21
14 21 36
6 39 41
7 21 41
13 21 36
10 12 46
12 43 46
10 12 14
10 36 40
0 12 43
38 43 48
0 28 39
5 38 48
5 28 39
5 28 48
27 46 47
34 38 43
8 34 37
34 37 38
31 33 44
10 46 47
17 27 32
0 28 43
16 20 44
16 17 44
19 22 25
8 23 24
7 13 26
34 43 46
20 33 44
2 4 49
2 4 44
1 2 29
8 23 37
24 27 42
12 14 39
28 43 48
4 31 44
4 9 22
4 22 31
3 4 49
8 24 42
0 12 39
7 26 45
1 2 32
13 15 35
13 15 25
13 25 26
11 27 32
19 25 26
