84 153 173
6 59 93
82 167 323
124 345 409
82 163 410
66 335 385
91 314 347
156 425 441
103 387 414
56 255 350
40 94 96
57 164 410
1 309 351
123 346 393
130 186 258
94 261 365
192 219 241
134 251 294
8 88 224
19 275 283
59 93 167
170 234 424
6 59 374
27 278 344
184 202 411
91 314 348
63 182 385
54 107 363
207 359 397
336 357 408
19 142 283
23 151 446
69 203 298
125 160 307
22 167 323
163 164 410
17 22 214
25 38 115
221 262 274
62 159 447
29 290 430
159 262 274
153 427 433
48 373 414
52 144 368
99 143 368
199 215 389
60 382 416
16 249 261
108 152 320
317 324 346
86 258 380
84 153 427
67 126 399
164 223 309
129 157 374
26 327 390
73 82 163
26 30 32
130 186 306
26 30 402
71 134 251
241 243 251
68 192 219
70 137 444
24 398 435
14 175 222
14 68 112
224 278 294
208 304 424
0 24 435
129 162 412
46 270 428
139 157 177
69 136 336
46 295 298
119 136 431
336 408 431
308 341 349
39 302 349
39 308 349
39 302 401
210 229 340
39 64 77
8 83 333
278 333 383
72 333 383
278 344 439
156 183 350
342 388 434
56 169 183
156 255 350
56 183 350
29 255 290
255 290 311
92 425 441
191 211 411
51 388 447
151 159 274
92 197 425
197 211 434
131 361 437
247 354 425
206 353 386
20 206 386
20 131 361
169 237 361
131 178 437
28 78 117
51 388 440
178 233 437
3 28 363
237 361 437
169 237 267
116 210 267
54 271 318
210 267 340
28 78 340
3 54 318
63 127 182
53 66 335
3 54 363
28 117 363
127 182 190
151 159 442
62 127 213
151 225 442
213 244 442
66 182 385
160 272 347
37 269 272
125 160 269
4 11 37
37 272 385
160 269 272
50 272 347
50 314 348
50 314 347
7 91 399
91 329 348
47 244 442
151 260 446
174 330 337
62 159 213
80 266 331
260 316 377
151 260 274
159 213 442
342 388 447
191 266 331
191 266 342
135 221 274
184 290 311
106 358 448
29 138 255
138 368 414
260 325 377
325 377 448
106 325 448
106 366 373
48 103 414
174 230 366
48 366 373
174 330 366
299 381 433
230 232 381
230 232 355
145 209 313
179 209 313
145 209 299
133 315 429
115 387 432
115 143 432
103 145 387
99 144 368
21 99 144
52 185 328
52 144 328
52 185 368
105 185 415
105 236 415
105 236 249
13 75 356
75 328 356
13 75 215
40 128 415
16 105 249
16 261 365
236 249 261
94 240 365
40 236 415
40 96 128
31 279 301
149 155 277
13 215 389
60 301 382
158 315 429
2 188 305
86 120 300
9 305 416
60 305 416
9 158 429
301 382 416
9 416 429
60 100 220
100 220 240
2 288 351
16 296 365
44 250 443
16 104 296
34 130 187
154 186 188
86 98 300
186 188 258
60 188 305
120 188 258
114 163 164
114 163 406
258 324 380
114 164 223
2 223 300
57 153 420
84 173 265
57 164 309
57 309 420
2 223 351
223 309 351
55 84 427
179 209 433
209 299 433
173 189 265
55 81 232
173 189 410
121 242 378
45 248 355
45 81 242
81 281 422
7 280 352
82 280 323
7 172 399
157 177 418
109 216 238
177 238 418
73 238 418
73 82 418
139 157 239
129 157 239
26 32 327
177 217 338
109 216 346
216 238 285
98 114 406
86 120 258
258 317 324
168 291 371
34 123 187
5 108 320
102 108 152
201 228 371
303 407 423
34 130 201
152 423 443
152 320 392
152 303 403
152 303 423
293 303 407
15 18 445
201 293 371
102 152 403
228 291 371
30 180 402
141 241 292
148 273 444
137 250 445
44 321 443
70 235 284
284 297 310
284 297 321
43 111 417
111 395 417
111 204 395
204 312 395
71 243 251
71 134 417
61 134 294
112 224 294
68 192 400
141 171 404
176 192 292
192 241 292
171 231 404
41 287 421
101 176 246
36 231 246
101 257 400
180 276 282
276 282 370
282 334 370
166 257 400
166 222 257
14 166 222
14 112 224
14 89 254
8 398 435
83 118 333
8 83 398
72 205 333
118 205 419
118 205 333
118 245 419
83 118 245
198 234 343
58 170 431
208 218 234
253 322 405
132 195 362
162 196 428
195 196 362
129 162 428
147 298 367
46 147 428
46 147 298
6 113 367
203 298 367
59 167 418
82 167 418
22 214 323
17 22 167
17 214 307
160 214 307
6 93 113
93 113 226
146 226 336
95 275 357
95 336 357
119 289 304
170 408 431
119 136 289
58 119 431
136 336 431
208 289 304
208 234 424
150 170 234
58 170 424
19 275 357
308 341 409
95 212 275
212 275 379
53 268 335
19 124 142
140 142 369
140 142 227
165 369 394
140 165 369
210 229 359
116 267 401
90 116 207
90 116 401
124 142 227
140 227 375
74 90 207
267 401 439
39 64 401
39 308 319
110 264 326
77 110 326
10 319 326
10 264 326
193 396 426
10 198 264
85 193 264
193 264 449
85 110 264
85 110 396
65 396 426
85 193 396
27 278 339
278 294 439
161 194 401
65 76 396
76 161 194
64 194 401
76 344 364
76 161 364
344 364 439
161 401 439
161 364 439
41 436 445
247 425 434
197 425 434
18 423 445
179 413 433
360 394 397
165 394 397
376 390 393
381 427 433
147 374 428
143 368 432
147 367 374
6 367 374
20 361 386
351 413 433
288 351 413
259 346 380
229 340 394
28 340 394
65 339 426
23 337 446
97 334 338
97 332 334
328 356 415
185 328 415
177 327 338
32 327 338
319 345 409
319 345 357
283 318 372
43 310 417
74 302 375
291 376 393
41 287 445
273 287 444
137 287 444
259 285 346
32 282 338
282 334 338
279 301 416
278 339 391
36 276 421
275 372 379
275 283 372
53 271 372
208 270 322
270 322 405
270 289 295
208 270 289
268 335 385
237 267 437
265 281 352
189 265 352
198 264 343
159 262 447
262 342 447
80 262 266
260 325 330
36 257 332
256 286 320
256 320 392
202 255 441
253 254 405
245 253 419
72 252 383
252 278 391
247 434 440
36 332 334
176 246 404
36 246 257
81 242 422
1 351 433
240 296 365
94 240 277
220 240 277
234 343 449
233 267 340
78 233 340
55 232 427
232 381 427
148 243 444
174 230 337
230 337 355
229 359 397
229 360 394
227 341 375
113 226 367
260 330 446
169 361 386
4 268 385
107 117 363
45 81 355
123 291 393
81 84 281
10 150 319
152 321 392
104 154 438
77 319 326
104 154 392
65 76 339
191 211 434
106 325 330
75 199 215
74 90 401
41 276 421
123 228 291
74 140 375
72 252 449
38 179 313
51 79 107
42 327 390
184 290 430
98 223 300
70 137 250
181 217 412
135 263 358
68 166 400
67 172 399
3 28 394
40 94 261
72 205 208
11 93 384
175 222 257
64 76 194
72 208 218
156 183 353
102 130 306
62 127 190
60 188 438
60 149 301
98 114 223
132 175 254
54 79 271
48 299 381
84 265 281
248 337 355
308 319 409
66 182 200
92 202 441
229 360 397
14 68 166
184 202 255
195 270 428
82 189 410
117 178 233
136 295 298
5 108 186
51 107 117
51 79 200
12 86 259
27 76 339
49 181 338
48 230 381
44 284 321
48 230 366
139 177 239
122 158 315
47 126 329
227 341 409
153 173 410
47 126 442
129 217 239
70 284 417
91 160 347
48 103 299
44 235 284
60 220 277
21 31 199
55 81 84
49 196 362
163 238 285
1 153 309
49 97 338
177 217 239
141 148 241
50 63 244
163 259 285
31 96 155
15 168 293
21 25 315
60 100 438
79 200 271
0 24 254
43 111 204
47 50 244
250 443 445
60 149 277
21 144 199
64 110 396
12 86 98
59 157 418
91 160 214
12 98 406
74 207 397
253 322 419
21 133 315
80 135 221
44 70 235
47 50 329
339 391 426
193 252 391
11 125 307
80 263 430
12 163 406
75 199 328
101 246 257
15 407 423
170 319 408
5 186 320
82 189 352
271 318 372
1 153 433
74 302 401
11 307 384
127 213 244
24 83 245
2 158 288
138 373 414
24 245 253
11 95 226
186 286 320
14 88 89
171 287 421
36 171 231
11 93 226
68 112 294
11 37 269
15 402 436
23 33 225
38 115 387
10 150 234
15 18 423
31 155 301
100 240 296
7 281 352
15 293 407
8 278 333
21 31 279
59 157 374
70 71 444
8 224 278
21 25 115
4 11 95
8 89 435
141 176 404
7 214 280
0 89 254
2 158 305
132 195 405
21 133 279
33 126 225
102 303 403
123 187 317
0 89 435
23 151 225
137 287 445
46 270 295
81 232 355
7 172 281
70 71 417
10 198 234
14 88 224
21 99 143
206 353 425
31 96 199
264 343 449
131 206 247
4 37 385
214 280 323
24 83 398
146 203 367
54 79 107
24 253 254
15 168 402
86 259 380
39 77 319
25 122 179
129 374 428
64 76 396
27 76 344
82 280 352
53 66 271
49 162 196
44 70 250
162 181 412
146 203 336
26 376 390
41 276 436
26 376 402
149 155 301
87 106 358
64 77 110
132 254 405
40 236 261
122 158 179
116 207 210
68 219 294
135 260 316
30 180 282
72 218 449
71 243 444
158 288 413
96 199 389
262 266 342
135 260 274
23 33 126
50 63 272
42 177 238
42 109 346
36 171 421
35 346 393
80 184 331
36 334 370
49 162 181
97 332 362
178 247 440
368 387 432
25 38 179
66 200 271
38 313 387
21 115 143
319 357 408
50 329 348
102 293 303
195 196 428
172 242 378
45 242 337
184 191 331
42 177 327
121 242 337
42 109 238
15 436 445
80 184 430
35 42 390
388 434 440
87 263 358
87 106 138
172 242 422
87 263 430
87 138 430
302 349 375
36 276 370
67 172 378
91 126 329
91 126 399
368 387 414
14 175 254
92 202 411
152 321 443
35 390 393
324 346 380
212 372 379
94 155 277
94 96 155
142 283 318
142 318 369
95 226 336
7 91 214
49 97 362
100 296 438
4 212 268
101 176 192
101 192 400
206 247 354
80 135 263
102 108 306
62 190 447
145 313 387
284 310 417
104 297 321
341 349 375
233 267 437
154 256 392
318 369 394
103 145 299
134 312 395
104 321 392
423 443 445
218 234 449
106 330 366
108 186 306
63 272 385
168 291 402
78 117 233
117 178 440
51 117 440
252 278 383
119 304 424
58 119 424
51 190 447
216 285 346
129 217 412
124 227 409
153 309 420
34 123 201
123 201 228
231 246 404
123 317 346
19 124 357
124 345 357
57 153 410
182 190 200
126 225 442
23 126 337
121 126 337
291 376 402
67 126 378
13 128 356
63 127 244
134 204 312
121 126 378
144 199 328
128 356 415
96 128 389
11 125 269
102 130 293
130 201 293
187 258 317
20 131 206
25 122 315
43 61 204
156 353 425
133 416 429
61 134 204
134 395 417
135 377 448
135 316 377
135 358 448
80 221 262
136 289 295
69 136 298
35 42 346
106 138 373
29 138 430
141 176 292
17 167 307
45 248 337
141 148 171
148 171 287
148 241 243
191 342 434
148 273 287
133 279 416
175 332 362
184 191 411
154 256 286
93 167 384
154 186 286
195 270 405
158 179 413
9 158 305
150 170 319
73 163 238
12 163 259
146 226 367
140 165 397
167 307 384
168 293 371
169 183 353
169 353 386
8 88 89
172 281 422
30 32 282
175 257 332
132 175 362
131 178 247
104 296 438
180 402 436
180 276 436
3 318 394
181 217 338
156 255 441
184 255 311
130 187 258
120 188 300
154 188 438
74 140 397
53 268 372
193 252 449
193 391 426
4 95 212
92 197 411
2 188 300
197 211 411
330 337 446
13 128 389
69 203 336
205 208 322
205 322 419
51 190 200
206 354 425
207 210 359
212 268 372
219 241 251
219 251 294
