205 218 419
84 153 173
6 59 93
53 200 271
124 345 409
91 314 347
56 255 350
40 94 96
57 164 410
94 261 365
6 147 374
8 88 224
14 68 400
6 59 374
69 146 203
69 295 298
27 278 344
183 353 425
91 314 348
23 33 121
191 211 342
63 127 213
207 359 397
336 357 408
19 142 283
37 125 269
271 318 369
50 272 385
23 151 446
17 307 384
17 22 214
25 38 115
62 159 447
260 325 446
25 115 315
48 373 414
99 143 368
199 215 389
133 279 315
16 249 261
139 217 239
317 324 346
25 122 313
98 114 300
84 153 427
122 158 288
122 179 413
55 427 433
67 126 399
139 177 217
276 334 370
276 402 436
49 97 181
73 82 163
26 30 32
35 376 393
26 30 402
5 286 320
71 134 251
141 148 243
68 192 219
71 148 243
70 137 444
14 175 222
14 68 112
208 304 424
24 245 398
0 24 435
129 162 412
208 289 295
139 157 177
162 196 412
69 289 295
46 295 298
10 150 408
74 341 375
336 408 431
210 229 340
72 218 252
39 64 77
39 77 326
218 252 449
278 333 383
339 383 391
156 183 350
353 354 425
156 255 350
156 202 255
156 202 441
92 425 441
191 211 411
92 197 211
92 197 425
197 211 434
247 354 425
20 131 361
169 237 361
51 388 440
3 28 363
233 237 437
169 237 267
28 229 340
54 271 318
53 271 369
66 182 190
63 127 182
66 190 200
79 107 363
3 54 363
28 117 363
51 117 190
127 182 190
51 62 447
151 159 442
62 127 213
151 225 442
160 272 347
37 269 272
4 37 268
160 269 272
47 50 348
50 314 348
7 91 399
33 121 126
172 189 352
67 378 399
91 329 348
47 329 348
47 244 442
23 121 242
67 121 126
325 330 446
151 260 446
62 159 213
80 266 331
151 260 274
184 331 411
135 221 274
29 138 255
87 135 263
260 325 377
106 373 414
106 366 373
48 103 414
325 330 366
48 366 373
23 330 446
174 330 366
23 330 337
45 81 232
299 381 433
48 103 145
38 115 145
122 288 413
38 145 313
25 122 158
25 38 313
99 115 143
115 143 432
103 145 387
143 387 432
21 99 144
185 356 415
52 185 368
105 185 415
75 328 356
75 215 328
16 105 249
16 261 365
94 240 365
40 96 128
94 220 240
96 155 389
31 199 279
86 120 300
9 158 288
9 158 429
301 382 416
9 416 429
60 100 220
130 187 317
100 220 240
2 288 351
16 296 365
100 154 438
104 154 256
16 104 296
152 297 443
104 256 392
34 130 187
154 186 188
86 98 300
114 223 300
2 120 300
114 163 164
12 86 406
114 164 223
2 223 300
57 153 420
189 352 410
1 288 351
1 153 420
179 209 433
209 299 433
173 189 410
45 81 242
67 121 378
7 172 352
189 265 281
81 378 422
55 265 281
81 281 422
7 280 352
280 352 410
7 172 399
7 91 280
109 216 238
177 238 327
73 82 418
217 338 412
139 157 239
177 217 338
216 259 285
109 238 327
42 109 327
109 346 393
42 109 393
35 42 327
35 42 393
109 216 346
12 259 285
216 259 346
216 238 285
12 285 406
163 285 406
86 98 406
123 291 376
34 201 228
5 108 320
201 228 371
34 130 201
102 201 293
152 423 443
152 320 392
152 297 392
152 303 403
104 297 392
152 303 423
293 303 407
15 168 436
15 18 445
102 152 403
15 168 371
30 180 402
168 402 436
15 41 436
141 148 273
137 273 444
137 273 287
15 18 407
18 250 445
44 235 321
204 312 395
71 243 251
61 134 294
176 292 404
68 192 400
171 231 404
41 287 421
30 32 180
36 231 246
36 101 246
36 276 334
32 180 282
181 338 412
181 196 412
46 208 270
175 222 332
36 101 257
14 112 224
14 89 224
8 88 435
0 88 435
8 83 398
27 65 339
118 205 419
46 208 295
72 205 218
245 253 322
10 150 198
270 405 428
253 322 405
162 196 428
195 196 362
129 162 428
129 147 428
147 298 367
46 147 298
6 113 367
113 146 203
6 147 367
59 167 418
82 167 418
22 214 323
17 22 167
6 93 113
37 268 335
95 275 357
95 336 357
69 136 289
136 336 431
58 304 424
19 275 357
283 372 379
95 212 275
212 275 379
53 268 335
53 268 283
19 124 142
268 283 372
165 369 394
210 229 359
3 360 394
90 302 401
90 116 207
90 116 401
140 227 375
74 90 207
267 401 439
77 110 396
39 319 326
64 77 396
10 319 326
10 319 408
85 193 264
193 264 449
252 426 449
85 110 264
85 110 396
193 426 449
278 339 383
252 391 426
72 252 391
27 278 339
161 194 401
76 161 194
64 194 401
344 364 439
247 425 434
197 425 434
58 424 431
153 413 427
172 399 422
378 399 422
360 394 397
276 370 402
143 368 387
325 366 377
161 364 401
309 351 420
308 349 409
259 346 380
123 346 376
1 351 420
65 339 426
327 338 390
32 338 370
334 338 370
97 334 338
97 332 334
327 376 390
35 327 376
177 327 338
245 322 398
319 345 409
319 345 357
316 358 448
106 366 448
119 304 431
58 304 431
302 341 349
302 308 319
209 299 313
145 299 313
141 292 421
171 292 421
136 289 431
119 289 431
2 288 305
9 288 305
284 395 417
149 277 301
220 277 301
260 274 377
274 316 358
135 274 358
37 272 335
272 314 347
208 270 322
270 322 405
191 266 411
55 265 427
198 264 343
29 263 290
263 290 430
262 266 447
159 262 447
274 316 377
80 262 266
130 258 306
36 257 332
256 286 320
256 320 392
18 250 407
250 303 423
105 249 415
174 248 330
247 388 440
36 332 334
240 296 365
234 343 449
233 237 267
78 233 267
55 232 433
232 381 433
81 232 281
268 372 379
55 232 281
232 248 355
45 232 248
174 230 248
229 359 397
353 354 386
228 291 376
168 228 376
232 355 381
297 310 321
227 341 375
164 223 420
166 222 400
169 361 386
85 396 426
85 193 426
112 344 439
22 82 323
84 173 189
60 120 305
81 121 242
104 154 438
78 210 267
54 271 363
151 221 262
236 261 415
65 76 426
66 200 335
41 276 421
98 114 163
123 228 291
74 140 375
74 140 207
3 54 394
73 177 238
71 395 417
71 134 312
9 305 382
71 273 444
82 164 323
71 148 273
99 115 315
70 284 310
44 250 423
118 322 398
20 206 361
69 113 367
3 28 360
69 113 203
131 237 361
60 120 188
204 284 395
141 219 241
170 424 431
40 94 261
44 297 321
64 76 194
102 130 306
50 272 314
62 127 190
346 376 393
60 100 154
80 290 430
48 299 381
59 157 177
208 218 424
59 177 418
2 223 309
308 319 409
186 258 306
60 220 382
129 147 239
82 163 164
92 202 441
79 107 271
171 292 404
229 360 397
218 234 424
140 165 227
52 185 356
52 144 199
84 265 427
52 99 144
51 342 388
5 108 186
52 99 368
48 145 299
133 149 279
48 174 366
12 86 259
50 63 182
50 182 385
49 181 196
141 287 421
80 221 430
48 230 381
26 168 376
249 261 415
47 126 329
227 341 409
153 173 410
47 126 225
17 160 214
129 217 239
70 284 417
2 120 305
91 160 347
208 322 419
59 93 384
199 279 315
47 225 442
49 196 362
163 238 285
111 284 310
14 89 175
48 174 230
25 133 315
179 413 427
17 125 307
172 189 281
15 201 293
53 142 369
15 137 445
39 64 302
17 160 269
17 125 269
79 190 200
79 200 271
0 24 254
43 111 204
47 50 244
101 176 404
21 144 199
91 160 214
92 184 311
206 354 386
133 158 429
44 70 235
339 391 426
4 37 125
0 88 224
5 154 186
11 125 307
53 200 335
247 388 434
4 11 125
15 201 371
302 308 349
134 219 294
81 121 378
11 307 384
26 168 402
24 245 253
15 137 287
11 95 226
102 152 320
36 171 231
50 213 244
69 298 367
44 250 445
78 117 178
68 112 294
0 89 224
23 33 225
23 45 337
52 199 328
212 268 379
100 240 296
15 293 407
8 278 333
89 132 175
70 310 321
59 157 374
70 71 444
8 224 278
29 202 255
151 221 274
4 11 95
17 59 167
146 226 384
60 154 188
102 108 320
26 338 390
19 283 379
0 89 254
132 195 405
60 305 382
77 110 264
27 344 364
135 221 430
54 369 394
44 297 423
33 126 225
115 145 432
102 303 403
123 187 317
71 312 395
78 210 340
23 151 225
230 355 381
25 133 158
135 138 358
51 342 447
140 394 397
8 24 435
8 205 333
28 117 340
70 71 417
112 224 278
1 153 288
10 198 326
9 382 416
22 82 167
44 70 137
86 120 380
264 343 449
131 206 247
83 118 205
23 45 242
214 280 323
51 62 190
147 157 239
24 253 254
39 302 319
107 271 363
29 202 311
86 259 380
272 335 385
64 76 396
26 376 390
41 276 436
15 41 287
36 171 276
44 137 445
27 65 364
40 236 261
116 207 210
220 301 382
68 219 294
73 177 418
266 331 411
106 368 414
75 128 356
159 213 244
64 302 401
151 159 262
364 401 439
32 282 370
78 178 233
230 248 355
52 328 356
80 184 331
116 210 401
53 142 283
97 332 362
178 247 440
80 290 311
17 59 384
13 75 389
319 357 408
65 76 161
102 293 303
195 196 428
70 235 321
29 290 311
5 154 286
333 383 391
57 164 420
280 323 410
133 301 416
223 309 420
89 132 254
90 302 341
91 126 329
91 126 399
92 202 311
119 208 304
92 211 411
93 113 146
324 346 380
76 396 426
95 146 336
31 155 279
96 149 277
11 226 384
140 165 394
96 220 277
366 377 448
49 97 362
98 163 406
80 184 311
21 99 315
100 296 438
208 218 419
101 166 400
4 212 268
101 166 257
135 263 430
101 192 400
101 231 404
206 247 354
101 176 292
101 192 292
102 130 201
102 108 306
66 182 335
103 368 414
103 368 387
141 243 251
218 234 449
131 237 437
13 75 128
106 138 368
108 186 306
159 244 442
150 198 343
122 179 209
43 111 310
75 215 389
112 278 344
112 294 439
150 234 424
97 181 338
78 117 340
117 178 440
51 117 440
118 322 419
83 118 398
119 208 289
145 387 432
120 186 258
120 258 324
72 205 391
129 217 412
124 227 409
122 209 313
150 170 431
123 187 228
123 317 346
124 165 227
124 165 369
19 124 357
171 276 421
124 345 357
57 153 410
124 142 369
182 335 385
169 183 350
134 204 312
128 236 415
40 128 236
128 356 415
96 128 389
130 317 324
130 258 324
20 131 206
84 189 265
131 178 233
131 233 437
132 253 254
132 253 405
248 330 337
133 149 301
43 61 204
133 416 429
61 134 204
134 219 251
87 135 138
136 146 336
69 136 146
94 96 220
80 221 262
87 138 263
29 138 263
106 138 448
140 207 397
141 219 292
250 303 407
141 241 251
141 273 287
26 32 338
45 248 337
206 361 386
191 342 447
93 146 384
147 157 374
147 270 428
46 147 270
77 264 326
74 90 341
8 83 205
175 332 362
150 170 424
150 408 431
153 288 413
154 256 286
120 186 188
31 155 199
155 199 389
149 155 279
101 231 246
54 318 369
111 204 284
73 163 238
150 234 343
164 323 410
341 349 409
50 63 213
166 222 332
166 257 332
168 228 371
56 169 350
132 175 195
169 183 353
169 353 386
79 190 363
14 222 400
172 281 422
175 195 362
96 149 155
95 146 226
131 178 247
179 427 433
104 296 438
156 183 441
297 423 443
92 184 411
316 377 448
183 425 441
19 275 379
138 358 448
34 187 228
65 161 364
117 190 363
191 266 447
120 324 380
195 405 428
4 95 212
198 264 326
21 199 315
199 215 328
13 128 389
180 370 402
2 309 351
205 333 391
207 210 359
8 24 398
210 267 401
211 342 388
211 388 434
28 229 360
180 282 370
91 214 280
219 241 251
192 219 292
