62 74 75
117 160 271
145 197 289
9 45 133
229 237 275
13 34 86
84 162 194
222 245 274
36 173 181
46 145 186
50 112 180
67 189 249
41 115 295
170 173 294
54 164 291
26 112 217
168 192 213
146 222 228
46 186 199
25 31 202
1 184 227
160 163 271
15 85 146
86 171 195
125 177 284
75 89 123
113 205 234
156 209 259
35 129 209
69 113 203
129 157 265
45 133 143
15 46 199
31 111 202
22 73 154
164 169 283
156 205 259
95 100 233
22 39 154
56 100 233
76 252 278
36 112 180
173 210 225
169 226 277
124 234 259
174 206 212
38 69 239
137 149 285
71 165 176
21 226 291
48 176 183
158 198 287
76 252 293
150 254 268
121 243 296
54 269 291
128 170 294
8 110 242
33 71 165
168 220 290
78 83 193
141 250 298
121 250 296
200 250 298
11 198 220
121 220 243
7 14 290
14 58 270
11 174 213
11 168 213
28 101 276
130 192 270
55 60 276
101 192 276
14 58 135
140 206 264
140 157 248
63 235 237
86 125 171
62 63 237
40 70 273
109 114 185
12 86 125
51 52 102
114 134 216
51 52 208
73 223 289
116 223 289
117 190 271
22 73 197
142 197 272
73 197 289
145 186 197
186 197 272
187 222 245
118 222 274
15 57 271
17 113 203
42 64 116
15 46 57
3 64 154
3 131 190
3 42 64
3 13 154
3 42 190
117 160 231
3 131 172
79 166 231
138 160 163
77 138 163
77 84 279
113 156 205
77 138 194
1 227 232
77 84 194
17 113 279
17 77 279
15 85 271
85 163 271
17 228 230
24 230 256
122 204 207
17 203 230
24 228 230
69 203 239
38 239 254
38 124 234
150 239 254
205 234 259
23 150 263
150 239 263
59 122 179
59 239 263
179 207 260
59 179 260
122 179 207
25 122 203
39 161 288
25 31 256
187 245 299
31 37 111
161 221 255
37 111 255
161 255 288
22 39 161
22 142 197
142 272 274
221 245 299
22 161 221
22 221 245
39 56 154
47 87 288
9 94 238
47 202 204
41 94 257
41 56 238
9 45 238
144 204 207
45 47 288
47 87 202
27 41 257
10 144 207
47 204 253
104 204 253
115 236 240
0 104 144
133 236 240
27 115 236
27 41 115
41 94 238
41 56 103
159 178 182
178 182 191
41 178 295
30 72 251
39 56 238
30 81 182
36 100 189
196 280 292
249 251 292
30 81 108
30 108 251
5 72 159
5 153 240
5 147 196
152 201 225
72 251 292
4 249 292
61 214 249
0 147 258
61 100 189
61 189 249
136 152 258
189 201 267
4 93 136
152 225 277
136 152 201
93 136 201
105 151 241
98 152 277
104 143 153
19 188 219
104 143 253
0 19 144
0 104 153
104 144 204
126 151 266
23 150 241
16 18 49
16 18 268
124 254 268
49 149 155
140 248 264
137 149 224
137 224 265
132 264 285
132 137 285
132 248 264
155 252 269
76 286 293
155 252 278
149 155 285
167 269 291
155 167 269
21 219 266
21 167 291
49 155 167
16 49 211
98 226 277
164 226 291
173 283 294
169 173 225
169 225 277
164 169 226
36 181 189
181 189 267
169 173 283
8 283 294
128 170 183
48 107 286
48 176 286
110 286 293
107 110 286
48 128 183
33 165 183
165 176 183
71 250 296
66 78 83
29 33 183
170 180 215
29 65 215
50 65 215
50 112 217
97 200 298
50 180 215
50 65 141
2 83 97
97 217 298
2 97 200
7 168 290
14 135 290
58 101 135
51 102 135
2 121 139
11 168 220
71 99 296
99 243 296
71 99 176
158 281 285
11 174 281
174 206 264
192 213 276
7 168 192
7 14 270
7 192 270
58 130 270
101 130 192
58 101 130
51 101 135
53 148 273
60 246 276
28 51 101
34 96 106
40 148 273
55 60 273
88 92 262
51 55 82
119 120 273
88 92 96
119 120 208
53 148 275
63 218 235
40 70 109
75 89 140
174 212 213
206 212 275
35 129 157
62 75 237
129 209 259
38 124 254
32 129 259
20 124 259
32 224 265
20 32 259
32 129 265
162 194 232
138 194 232
38 69 234
69 113 234
113 156 297
84 90 162
74 156 247
84 90 297
44 74 247
74 156 209
44 62 74
43 184 227
185 235 261
40 148 235
235 261 284
68 114 216
43 127 218
43 127 227
1 138 232
227 232 247
1 138 160
125 171 177
79 195 282
13 86 195
12 86 175
171 195 282
171 177 282
134 175 216
91 134 175
12 125 284
68 96 106
106 175 216
12 91 175
91 114 134
88 109 114
70 88 262
70 120 273
70 88 109
51 82 208
70 80 120
82 119 208
70 80 262
66 102 135
34 52 102
68 106 216
158 278 287
155 278 285
59 260 263
6 260 263
37 255 299
53 246 273
60 246 273
8 242 283
221 255 299
210 225 267
201 225 267
212 246 275
53 246 275
212 246 276
99 198 286
198 286 287
158 198 281
118 186 274
186 272 274
118 186 222
157 248 265
187 244 299
177 235 284
174 281 285
174 264 285
170 173 180
36 173 180
131 172 190
21 167 211
49 167 211
79 166 195
162 232 247
115 159 240
5 159 240
90 162 247
98 152 219
151 211 266
148 237 275
148 235 237
10 144 188
141 217 298
59 122 203
28 51 276
56 95 233
54 242 283
54 110 293
17 77 85
123 206 275
52 92 262
52 92 96
51 55 276
22 245 274
9 133 236
16 150 268
45 47 253
43 177 282
42 190 271
15 199 222
35 75 209
39 45 238
1 79 231
91 185 261
37 244 299
173 181 267
41 103 191
29 170 215
2 66 83
2 200 250
76 286 287
52 208 262
29 33 65
41 178 191
16 151 211
34 52 96
147 196 280
37 244 256
18 20 32
29 170 183
33 71 250
43 177 235
136 147 258
21 211 266
54 110 242
120 208 262
31 37 256
46 57 289
33 141 250
15 146 222
19 144 188
43 184 282
40 109 235
20 124 268
91 261 284
10 105 188
9 27 236
54 252 269
59 203 239
17 146 228
61 95 100
82 119 273
43 218 235
121 139 220
42 57 289
89 123 140
13 166 195
0 19 258
54 164 283
105 126 151
72 196 292
8 110 294
0 5 147
9 27 257
3 166 172
44 127 218
33 65 141
91 114 185
6 23 263
16 150 241
25 202 204
5 72 196
79 184 282
83 97 217
18 32 224
30 72 182
152 219 258
24 222 228
17 85 146
123 140 206
44 127 247
0 5 153
1 160 231
115 178 295
111 255 288
139 220 290
35 75 140
56 81 95
24 244 256
18 20 268
45 143 253
25 203 256
203 230 256
10 105 260
173 210 267
18 49 149
54 252 293
22 142 274
16 151 241
34 86 106
117 172 190
75 123 237
126 219 266
2 66 139
76 278 287
186 199 222
136 280 292
24 187 222
24 187 244
9 94 257
66 135 139
109 185 235
61 95 214
62 63 218
44 62 218
2 121 250
87 111 288
108 249 251
64 73 154
18 149 224
64 116 223
67 93 201
42 57 271
35 140 157
126 188 219
72 159 182
99 220 243
6 23 241
143 153 240
74 75 209
98 219 226
77 85 163
26 78 217
21 219 226
67 189 201
81 182 191
1 79 184
81 103 191
56 81 103
135 139 290
12 91 284
55 82 273
83 193 217
67 93 249
84 113 297
6 105 241
133 143 240
50 141 217
86 106 175
87 111 202
110 128 294
11 198 281
90 156 247
158 278 285
4 93 249
3 13 166
136 147 280
95 108 214
81 95 108
127 227 247
68 96 114
88 96 114
90 156 297
212 213 276
107 110 128
99 176 286
6 105 260
64 73 223
48 107 128
42 116 289
108 214 249
25 122 204
115 159 178
123 229 275
117 166 231
78 193 217
117 166 172
105 126 188
80 120 262
84 113 279
123 229 237
46 145 289
39 45 288
99 198 220
132 248 265
132 137 265
19 219 258
4 136 292
10 207 260
