80 120 208
62 74 75
117 160 271
145 197 289
9 45 133
13 34 86
177 184 282
45 47 143
84 162 194
222 245 274
50 112 180
54 164 291
26 112 217
26 193 217
113 279 297
46 186 199
1 184 227
160 163 271
86 171 195
125 177 284
75 89 123
113 205 234
129 157 265
24 187 256
45 133 143
15 46 199
142 245 274
31 111 202
87 255 288
22 73 154
56 81 233
39 238 288
22 39 154
56 100 233
8 164 283
76 252 278
36 112 180
173 210 225
169 226 277
35 74 75
124 234 259
38 69 239
137 149 285
23 105 263
71 165 176
21 226 291
158 198 287
76 252 293
54 164 242
54 269 291
8 164 242
8 110 242
33 71 165
168 220 290
26 78 193
121 250 296
200 250 298
11 198 220
14 58 270
121 139 290
14 58 135
264 281 285
140 157 248
174 264 281
18 20 224
63 235 237
86 125 171
62 63 237
109 114 185
114 134 216
73 223 289
117 190 271
42 57 190
73 154 223
73 197 289
118 199 222
186 197 272
118 186 199
187 222 245
118 222 274
15 57 271
17 113 203
42 64 116
15 46 57
3 64 154
42 57 116
3 42 64
3 13 154
57 190 271
117 160 231
13 79 166
13 166 172
79 166 231
138 160 163
77 138 163
77 84 279
113 156 205
1 227 232
84 279 297
17 113 279
85 163 271
17 228 230
122 204 207
24 187 228
17 203 230
24 228 230
69 203 239
25 203 230
38 239 254
23 105 241
150 241 268
211 241 266
59 122 179
59 239 263
179 207 260
122 179 207
25 122 203
87 202 255
122 202 204
39 161 288
244 256 299
25 31 256
187 245 299
161 221 255
187 256 299
31 244 256
31 37 244
161 255 288
22 39 161
22 142 245
22 161 221
111 202 255
39 56 154
45 238 288
9 94 238
41 94 257
9 45 238
10 144 207
47 204 253
47 143 253
115 236 240
133 143 153
0 104 144
27 115 236
41 94 238
103 182 191
41 56 103
178 182 191
41 178 295
115 159 295
30 72 251
36 100 189
196 280 292
249 251 292
30 72 159
30 108 251
5 72 159
5 196 292
0 219 258
5 147 196
5 72 292
72 251 292
136 258 280
4 249 292
4 280 292
61 214 249
4 67 93
4 67 249
0 147 258
61 100 189
67 93 189
136 152 258
93 189 201
189 201 267
136 152 201
4 136 280
21 98 219
105 151 241
98 152 277
104 143 153
0 19 219
19 188 219
0 19 144
0 147 153
0 104 153
10 126 188
6 105 263
10 105 151
126 151 266
10 126 151
151 241 266
23 150 241
16 211 241
18 49 224
16 241 268
49 149 224
16 18 49
16 18 268
124 254 268
49 149 155
137 149 224
137 224 265
132 264 285
132 137 285
132 248 264
89 140 206
54 269 293
76 286 293
252 269 293
149 155 285
21 219 266
16 49 211
164 226 291
169 173 225
36 181 189
181 189 267
169 173 283
201 210 267
36 170 180
8 128 294
48 107 286
48 176 286
8 110 128
99 198 287
48 128 183
33 165 183
71 250 296
50 217 298
33 71 141
29 33 183
170 180 215
29 65 215
50 65 215
50 112 217
50 180 215
66 83 139
2 83 139
2 83 97
121 200 250
7 168 290
14 135 290
58 101 135
2 121 139
198 220 243
11 168 220
71 99 296
71 99 176
213 246 276
158 281 285
11 174 281
192 213 276
58 130 270
101 130 192
58 101 130
28 51 55
51 101 135
53 148 273
60 246 276
53 60 246
28 51 101
34 96 106
88 92 262
51 55 82
88 92 96
53 148 275
40 70 109
148 235 275
206 229 275
75 89 140
89 123 206
123 206 229
206 212 275
212 213 246
35 129 157
18 124 268
35 74 209
18 20 124
32 129 259
32 129 265
38 69 234
113 156 297
74 156 247
44 74 247
74 156 209
44 62 74
44 227 247
43 184 227
185 235 261
235 261 284
68 114 216
43 177 218
44 127 227
227 232 247
1 138 160
79 195 282
171 195 282
43 177 184
12 261 284
134 175 216
91 134 175
12 125 284
68 88 114
68 96 106
106 175 216
91 114 261
12 91 175
91 114 134
12 91 261
88 109 114
114 185 261
70 88 262
70 88 109
40 109 185
70 80 120
92 208 262
52 92 208
80 208 262
70 80 262
68 88 96
68 106 216
121 290 296
176 286 287
243 290 296
158 278 287
155 278 285
6 260 263
41 257 295
239 254 268
221 255 299
150 239 268
124 234 254
229 235 237
229 235 275
169 226 283
127 218 227
212 246 275
53 246 275
174 213 264
212 213 264
206 212 264
205 209 234
156 205 209
113 203 234
69 203 234
97 200 217
198 243 296
99 198 296
158 198 281
43 218 227
197 272 274
142 197 274
252 269 278
38 234 254
118 186 274
186 272 274
157 248 265
170 183 294
140 206 248
128 183 294
159 182 295
99 176 287
179 260 263
131 172 190
84 162 297
162 232 247
115 159 240
5 159 240
90 162 247
133 153 236
98 152 219
152 210 225
152 169 277
152 169 225
148 185 235
147 153 240
15 146 271
85 146 271
146 187 228
10 144 188
59 122 203
25 31 122
54 110 293
53 55 273
12 125 175
52 92 96
51 66 135
9 133 236
104 144 207
27 115 295
45 47 87
3 42 131
15 199 222
48 165 183
22 221 299
39 41 56
1 79 231
36 173 294
62 127 218
46 145 197
36 170 294
147 258 280
143 204 253
27 257 295
41 103 191
29 170 215
59 179 263
76 286 287
29 33 65
41 178 191
32 124 259
81 100 233
31 111 255
42 131 190
30 81 95
147 196 280
29 170 183
28 101 192
167 269 278
21 211 266
54 110 242
46 57 289
15 146 222
19 144 188
13 131 172
34 96 102
46 186 197
31 122 202
21 98 277
31 37 255
62 75 123
36 181 267
9 27 236
125 177 282
130 168 192
59 203 239
17 146 228
61 95 100
20 32 124
174 192 213
82 119 273
81 95 100
53 55 60
52 82 102
3 13 131
8 173 294
70 119 273
36 173 267
90 162 297
9 27 257
153 236 240
7 270 290
33 65 141
52 82 208
11 168 192
4 136 201
21 167 269
28 55 60
79 184 282
83 97 217
220 243 290
21 49 155
30 95 108
152 219 258
21 226 277
17 85 146
23 150 239
20 224 265
1 160 231
39 41 238
104 143 204
35 75 140
23 239 263
47 87 204
21 155 167
87 202 204
28 60 276
21 49 211
11 174 192
244 255 299
10 105 260
173 210 267
8 173 283
34 86 106
22 245 299
117 172 190
48 165 176
44 62 127
126 219 266
66 78 193
24 25 230
76 278 287
57 223 289
14 270 290
5 147 240
9 94 257
66 135 139
35 129 259
57 116 223
61 95 214
62 123 237
79 86 195
62 63 218
28 192 276
40 70 148
63 177 284
108 249 251
63 177 218
63 235 284
1 162 232
70 119 120
64 154 223
61 67 189
64 116 223
13 79 86
35 209 259
73 142 197
50 65 298
61 67 249
22 73 142
70 148 273
71 141 298
35 140 157
71 250 298
126 188 219
107 110 293
4 93 201
77 85 163
152 201 210
1 79 184
155 167 278
81 103 182
56 81 103
51 66 102
135 139 290
30 81 159
81 159 182
51 82 102
178 182 295
82 120 208
82 119 120
55 82 273
83 193 217
209 234 259
84 138 194
77 84 138
17 85 279
77 85 279
20 32 265
200 217 298
86 106 175
11 198 281
90 156 247
158 278 285
1 138 194
37 244 255
95 108 214
146 187 222
7 130 270
52 96 102
1 162 194
2 97 121
90 156 297
97 121 200
107 110 128
40 148 185
104 204 207
6 105 260
48 107 128
21 269 291
107 286 293
108 214 249
117 166 231
117 166 172
24 25 256
206 248 264
123 229 237
46 145 289
86 125 175
125 171 282
7 130 168
65 141 298
132 248 265
132 137 265
164 226 283
10 207 260
45 87 288
66 83 193
