62 74 75
57 116 289
117 160 271
145 197 289
13 34 86
177 184 282
45 47 143
84 162 194
121 220 290
110 242 293
50 112 180
67 189 249
41 115 295
26 112 217
146 222 228
46 186 199
25 31 202
64 116 154
17 77 163
117 172 231
160 163 271
15 85 146
86 171 195
125 177 284
75 89 123
113 205 234
156 209 259
90 247 297
45 133 143
15 46 199
118 272 274
31 111 202
87 255 288
22 73 154
59 122 239
156 205 259
39 238 288
27 133 236
98 219 258
22 39 154
56 100 233
36 112 180
169 226 277
35 74 75
124 234 259
174 206 212
38 69 239
137 149 285
23 105 263
48 176 183
121 243 296
54 269 291
8 110 242
33 71 165
170 183 215
168 220 290
121 250 296
11 198 220
121 220 243
7 14 290
14 58 270
11 174 213
121 139 290
28 101 276
55 60 276
14 58 135
140 206 264
174 264 281
35 75 157
63 235 237
86 125 171
156 247 297
75 123 229
109 114 185
12 86 125
51 52 102
73 223 289
116 223 289
117 190 271
116 154 223
22 73 197
73 154 223
73 197 289
118 199 222
186 197 272
118 186 199
118 186 272
17 113 203
42 64 116
15 46 57
3 64 154
3 131 190
42 57 116
3 42 64
3 13 154
3 13 172
17 85 163
3 42 190
117 160 231
117 131 190
13 79 166
117 131 172
3 131 172
166 172 231
13 166 172
79 166 231
138 160 163
77 138 163
77 84 279
113 156 205
17 113 279
17 77 279
15 85 271
85 163 271
17 85 228
17 228 230
85 146 228
24 230 256
122 204 207
17 203 230
24 228 230
69 203 239
38 239 254
205 234 259
23 105 241
59 122 179
59 239 263
179 207 260
59 179 260
122 179 207
25 122 202
122 202 204
39 161 288
25 31 256
187 245 299
161 221 255
31 244 256
31 37 244
161 255 288
22 39 161
22 142 197
221 245 299
22 161 221
41 103 178
39 56 154
45 238 288
9 94 238
41 94 257
41 56 238
9 45 238
144 204 207
133 153 240
10 144 207
47 204 253
104 204 253
47 143 253
10 19 188
115 236 240
5 115 159
0 104 144
133 236 240
27 115 236
41 94 238
103 178 191
41 56 103
41 178 295
30 72 251
56 81 182
39 56 238
30 81 182
36 100 189
196 280 292
61 100 214
249 251 292
30 81 108
30 72 159
30 108 251
5 115 240
30 159 182
5 72 159
5 147 196
152 201 225
72 251 292
4 249 292
61 214 249
0 147 258
61 100 189
61 189 249
67 93 189
136 152 258
181 210 267
93 189 201
189 201 267
136 152 201
21 98 219
105 151 241
98 152 277
98 152 258
19 188 219
104 143 253
0 19 144
0 147 153
0 104 153
10 126 188
6 105 263
10 105 151
104 144 204
10 19 144
10 126 151
16 211 241
16 241 268
16 18 268
49 149 155
137 149 224
137 224 265
132 137 285
54 269 293
76 158 287
252 269 293
149 155 285
167 269 291
21 219 266
21 167 291
49 155 167
54 242 293
48 107 110
98 226 277
36 181 189
181 189 267
169 173 283
29 183 215
36 170 180
48 110 128
8 128 294
8 110 128
110 286 293
76 158 278
107 110 286
48 128 183
71 250 296
29 33 183
170 180 215
29 65 215
50 112 217
97 200 298
66 83 139
2 83 139
2 83 97
121 200 250
97 217 298
2 97 200
7 168 290
58 101 135
2 121 139
2 121 200
11 168 220
71 99 296
99 243 296
158 281 285
11 174 281
11 158 281
174 206 264
7 14 270
58 130 270
101 130 192
58 101 130
51 101 135
53 148 273
53 60 246
28 51 101
88 92 262
51 55 82
55 82 119
88 92 96
119 120 208
53 148 275
53 212 246
40 70 109
148 235 275
75 229 237
206 229 275
75 89 140
123 206 229
174 212 213
212 213 246
62 75 237
129 209 259
32 129 259
20 124 259
20 32 259
32 129 265
38 69 234
113 156 297
84 90 162
74 156 247
84 90 297
90 162 232
74 156 209
44 62 74
43 184 227
185 235 261
235 261 284
63 127 218
90 232 247
43 177 218
44 127 227
1 138 232
227 232 247
1 138 160
79 195 282
12 86 175
171 195 282
43 177 184
134 175 216
12 125 284
68 88 114
106 175 216
91 114 261
91 114 134
88 109 114
114 185 261
70 88 262
70 120 273
70 88 109
40 109 185
70 80 120
82 119 208
70 80 262
68 88 96
68 106 216
76 278 286
155 278 285
59 260 263
6 260 263
37 255 299
252 286 293
8 242 283
239 254 268
221 255 299
150 239 268
124 234 254
229 235 237
229 235 275
169 226 283
210 225 267
201 225 267
22 221 274
127 218 227
113 203 234
69 203 234
221 245 274
99 198 286
198 286 287
43 218 227
197 272 274
142 197 274
252 269 278
38 234 254
157 248 265
1 184 232
170 183 294
128 183 294
187 244 299
169 173 210
169 210 225
21 167 211
49 167 211
152 169 277
152 169 225
148 185 235
147 153 240
141 217 298
28 51 276
56 95 233
55 119 120
54 242 283
54 226 291
53 55 273
52 92 262
101 213 276
52 92 96
51 55 276
51 66 135
104 133 143
63 127 237
87 111 255
45 47 87
184 227 232
141 200 250
20 124 224
42 190 271
15 199 222
1 79 231
37 244 299
36 173 294
46 145 197
36 170 294
100 214 233
33 165 176
76 286 287
52 208 262
29 33 65
36 173 210
60 213 276
31 111 255
15 42 271
147 196 280
167 269 278
33 71 250
136 147 258
21 211 266
25 122 239
27 45 133
120 208 262
75 140 248
23 241 268
15 42 57
46 57 289
33 141 250
15 146 222
34 96 102
46 186 197
118 187 222
11 158 287
132 264 281
31 37 255
53 206 275
132 281 285
91 261 284
101 192 213
125 177 282
130 168 192
12 91 134
53 55 60
89 123 140
126 211 266
56 182 191
36 181 210
51 52 82
0 19 258
11 198 287
54 164 283
16 18 211
8 173 294
72 196 292
14 135 139
126 151 211
9 27 257
33 65 141
52 82 208
44 74 227
11 168 192
4 136 201
5 72 196
50 65 180
18 49 211
79 184 282
83 97 217
54 164 226
24 222 228
23 150 239
123 140 206
55 120 273
20 224 265
1 160 231
18 124 254
18 254 268
115 178 295
12 134 175
35 129 265
138 162 194
56 81 95
53 206 212
24 244 256
23 239 263
47 87 204
252 278 286
33 176 183
87 202 204
18 124 224
25 203 256
203 230 256
10 105 260
8 173 283
18 49 149
22 142 274
9 27 45
34 86 106
23 150 268
44 62 127
126 219 266
66 78 193
136 280 292
24 187 222
24 187 244
5 147 240
9 94 257
62 127 237
11 192 213
66 135 139
60 213 246
79 86 195
40 70 148
63 177 284
108 249 251
63 177 218
63 235 284
118 245 274
18 149 224
13 79 86
65 180 215
50 65 217
65 141 217
35 157 265
68 134 216
68 114 134
70 148 273
126 188 219
74 129 209
151 211 241
74 227 247
99 220 243
75 157 248
4 93 201
26 78 217
34 68 106
34 68 96
1 79 184
104 133 153
155 167 278
51 66 102
115 178 191
56 103 191
12 91 284
95 214 233
35 74 129
83 193 217
67 93 249
84 113 297
84 138 194
77 84 138
138 162 232
20 32 265
86 106 175
87 111 202
158 278 285
4 93 249
41 115 257
136 147 280
95 108 214
7 130 270
81 95 108
52 96 102
141 200 298
25 203 239
21 98 291
99 165 176
71 99 165
40 148 185
99 176 286
14 139 290
6 105 260
118 187 245
48 107 176
107 176 286
108 214 249
115 159 182
115 182 191
27 115 257
78 193 217
80 120 262
84 113 279
46 145 289
125 171 282
7 130 168
132 140 264
99 198 220
132 140 248
132 248 265
132 137 265
98 226 291
19 219 258
4 136 292
164 226 283
10 207 260
45 87 288
66 83 193
