62 74 75
57 116 289
145 197 289
9 45 133
46 57 145
229 237 275
13 34 86
36 173 181
46 145 186
50 141 298
50 112 180
41 115 295
170 173 294
54 164 291
26 112 217
26 193 217
21 49 167
146 222 228
46 186 199
57 145 289
25 31 202
117 172 231
1 184 227
160 163 271
15 85 146
125 177 284
75 89 123
113 205 234
156 209 259
35 129 209
45 133 143
15 46 199
31 111 202
87 255 288
22 73 154
164 169 283
156 205 259
56 81 233
98 219 258
81 95 233
22 39 154
56 100 233
76 252 278
36 112 180
124 234 259
174 206 212
38 69 239
137 149 285
23 105 263
21 226 291
158 198 287
121 243 296
54 269 291
8 110 242
33 71 165
168 220 290
78 83 193
26 78 193
121 250 296
11 198 220
14 58 270
11 158 198
121 139 290
28 101 276
14 58 135
53 60 273
140 157 248
63 235 237
62 63 237
75 123 229
109 114 185
51 52 102
114 134 216
51 52 208
73 223 289
116 223 289
117 190 271
42 57 190
73 154 223
73 197 289
145 186 197
118 199 222
186 197 272
118 186 199
187 222 245
15 57 271
17 113 203
42 64 116
15 46 57
3 64 154
3 131 190
42 57 116
3 42 64
3 13 154
57 190 271
3 42 190
117 131 190
13 79 166
117 131 172
3 131 172
166 172 231
79 166 231
138 160 163
77 138 163
77 84 279
113 156 205
1 227 232
17 113 279
17 77 279
15 85 271
85 163 271
17 85 228
17 228 230
85 146 228
24 230 256
25 230 256
17 203 230
24 228 230
69 203 239
25 203 230
38 239 254
205 234 259
23 150 263
59 122 179
179 207 260
122 179 207
25 122 203
25 122 202
39 161 288
25 31 256
187 245 299
161 221 255
31 244 256
31 37 244
161 255 288
22 39 161
22 161 221
41 103 178
39 56 154
9 94 238
41 94 257
41 56 238
9 45 238
144 204 207
47 87 202
27 41 257
10 144 207
10 19 188
115 236 240
133 143 153
0 104 144
9 27 94
27 115 236
27 94 257
27 41 115
41 94 238
103 178 191
41 56 103
159 178 182
178 182 191
41 178 295
39 56 238
30 81 182
36 100 189
196 280 292
61 100 214
249 251 292
5 72 159
5 153 240
5 147 196
152 201 225
72 251 292
4 249 292
4 280 292
61 214 249
4 67 93
4 67 249
0 147 258
61 100 189
67 93 189
136 152 258
152 225 277
136 152 201
4 136 280
21 98 219
49 211 266
98 152 277
98 152 258
104 143 153
19 188 219
0 19 144
0 104 153
10 126 188
6 105 263
10 105 207
104 144 204
10 19 144
126 151 266
23 150 241
16 211 241
18 49 224
49 149 224
16 18 49
16 18 268
49 149 155
137 149 224
137 224 265
132 264 285
132 137 285
132 248 264
76 158 287
149 155 285
167 269 291
21 49 266
155 167 269
21 219 266
21 167 291
49 155 167
16 49 211
164 226 291
173 283 294
164 169 226
36 181 189
181 189 267
169 173 283
8 283 294
48 107 286
110 286 293
76 158 278
99 198 287
107 110 286
76 99 287
48 128 183
71 141 250
71 250 296
50 217 298
66 78 83
33 71 141
29 33 183
170 180 215
29 65 215
50 112 217
50 65 141
2 83 97
7 168 290
58 101 135
2 121 139
198 220 243
11 168 220
71 99 296
158 281 285
11 174 281
11 158 281
174 206 264
7 168 192
58 130 270
101 130 192
58 101 130
28 51 55
51 101 135
53 148 273
60 246 276
53 60 246
28 51 101
55 60 273
88 92 262
51 55 82
119 120 273
88 92 96
53 148 275
40 70 109
75 229 237
75 89 140
174 212 213
206 212 275
62 75 237
137 157 265
18 20 124
129 209 259
32 129 259
32 224 265
32 129 265
38 69 234
113 156 297
74 156 247
74 156 209
44 62 74
43 184 227
185 235 261
235 261 284
68 114 216
43 177 218
44 127 227
1 138 232
227 232 247
1 138 160
125 171 177
79 195 282
13 86 195
13 79 195
171 195 282
171 177 282
134 175 216
12 125 284
34 86 175
106 175 216
91 114 261
91 114 134
88 109 114
114 185 261
70 88 262
70 120 273
70 88 109
40 109 185
51 82 208
70 80 120
70 80 262
34 92 96
34 52 92
34 52 102
34 106 175
68 106 216
155 278 285
155 269 278
252 286 293
8 242 283
239 254 268
221 255 299
150 239 268
160 231 271
117 231 271
124 234 254
210 225 267
201 225 267
127 218 227
212 246 275
53 246 275
212 246 276
113 203 234
69 203 234
202 204 253
47 202 253
202 204 207
97 200 217
198 243 296
99 198 296
43 218 227
197 272 274
142 197 274
252 269 278
38 234 254
118 186 274
186 272 274
170 183 294
140 206 248
128 183 294
176 183 286
187 244 299
174 281 285
174 264 285
170 173 180
36 173 180
169 173 210
169 210 225
162 232 247
115 159 240
5 159 240
90 162 247
133 153 236
151 211 266
148 237 275
148 235 237
148 185 235
59 122 203
132 157 248
54 242 283
54 110 293
17 77 85
123 206 275
12 125 175
52 92 262
101 213 276
51 66 135
76 252 286
22 245 274
48 183 286
9 133 236
16 150 268
87 111 255
45 47 253
45 47 87
43 177 282
141 200 250
15 199 222
35 75 209
39 45 238
22 221 299
1 79 231
62 127 218
173 181 267
100 214 233
143 204 253
29 170 215
56 81 191
2 66 83
59 179 263
33 165 176
52 208 262
29 33 65
32 124 259
31 111 255
30 81 95
147 196 280
18 20 32
29 170 183
136 147 258
59 150 263
59 150 239
54 110 242
120 208 262
15 146 222
43 184 282
90 194 297
21 98 277
31 37 255
91 261 284
9 27 236
54 252 269
101 192 213
59 203 239
12 91 134
20 32 124
174 192 213
82 119 273
6 179 263
89 123 140
0 19 258
54 164 283
7 130 192
105 126 151
72 196 292
14 135 139
8 110 294
0 5 147
153 236 240
3 166 172
7 270 290
225 226 277
33 65 141
44 74 227
11 168 192
4 136 201
16 150 241
5 72 196
50 65 180
6 179 260
28 55 60
79 184 282
83 97 217
220 243 290
18 32 224
30 72 182
30 95 108
21 226 277
24 222 228
123 140 206
0 5 153
1 160 231
18 124 254
72 108 251
169 225 226
18 254 268
115 178 295
104 143 204
12 134 175
35 129 265
122 202 207
35 75 140
84 194 297
138 162 194
24 244 256
30 72 108
33 176 183
45 143 253
28 60 276
23 105 151
11 174 192
244 255 299
173 210 267
54 252 293
22 142 274
132 137 157
22 245 299
44 62 127
105 207 260
126 219 266
2 66 139
14 270 290
24 187 222
24 187 244
66 135 139
62 63 218
2 121 250
40 70 148
63 177 284
108 249 251
63 177 218
63 235 284
118 245 274
64 154 223
61 67 189
64 116 223
65 180 215
73 142 197
35 157 265
61 67 249
22 73 142
70 148 273
35 140 157
126 188 219
72 159 182
97 200 250
151 211 241
90 162 194
74 227 247
74 75 209
4 93 201
77 85 163
121 243 290
34 68 106
34 68 96
81 182 191
1 79 184
51 66 102
56 103 191
82 120 208
82 119 120
12 91 284
55 82 273
95 214 233
83 193 217
76 99 286
84 113 297
84 138 194
77 84 138
138 162 232
200 217 298
87 111 202
110 128 294
90 156 247
158 278 285
37 244 255
3 13 166
93 189 267
136 147 280
93 201 267
95 108 214
7 130 270
68 96 114
141 200 298
88 96 114
90 156 297
212 213 276
107 110 128
2 97 250
99 165 176
71 99 165
40 148 185
99 176 286
14 139 290
10 105 126
23 151 241
6 105 260
48 107 128
108 214 249
115 159 178
123 229 275
206 248 264
118 222 245
80 120 262
84 113 279
86 125 175
86 125 195
125 171 195
39 45 288
19 219 258
45 87 288
