3 33 48
13 28 29
28 29 35
16 39 58
6 58 91
28 35 84
13 29 65
4 9 32
13 65 72
15 61 79
29 56 65
57 72 78
10 78 81
21 41 48
11 19 69
15 41 79
43 52 59
4 9 26
53 58 91
34 61 93
30 43 59
33 61 79
39 53 58
5 17 34
42 55 64
29 50 56
83 84 85
16 54 66
14 62 82
14 27 45
76 78 81
10 57 78
10 28 81
13 28 60
29 35 77
25 29 50
25 29 77
16 50 66
33 48 79
5 17 91
4 6 90
22 57 65
22 56 65
4 6 32
22 57 88
57 65 72
10 57 88
10 12 88
9 71 97
10 12 71
11 68 69
5 44 90
68 86 97
11 52 68
24 70 94
24 52 70
30 70 94
11 43 52
30 59 70
52 59 70
11 19 43
4 44 90
41 48 79
30 43 94
18 36 47
21 36 47
15 20 80
21 36 94
21 41 47
21 43 94
3 19 38
3 19 48
19 38 69
3 38 44
3 33 44
5 33 44
20 80 93
20 61 93
15 20 61
18 74 94
18 36 94
15 18 95
15 80 95
1 23 99
1 46 75
1 46 49
1 23 49
7 62 89
37 62 89
7 51 62
8 73 96
1 73 99
37 89 99
7 31 89
31 89 99
0 45 96
37 73 99
2 42 55
0 27 45
14 45 62
37 45 62
8 75 80
17 53 91
39 53 63
39 63 64
54 66 87
40 54 55
50 66 87
2 40 55
25 50 87
35 85 92
40 54 87
35 84 85
82 83 84
5 90 91
35 77 92
83 85 92
68 69 97
67 69 97
0 64 96
28 60 81
60 76 78
51 74 98
49 74 98
46 80 95
46 75 80
45 73 96
21 43 48
38 67 69
37 45 73
26 38 67
8 34 96
6 12 22
23 49 98
7 31 98
17 34 96
33 34 61
4 38 44
13 72 78
14 82 83
8 34 93
1 8 75
7 51 98
46 49 74
17 53 63
1 8 73
0 27 64
18 41 47
16 54 64
10 71 86
13 60 78
8 80 93
17 64 96
2 40 92
6 90 91
25 40 87
26 67 97
51 62 74
6 22 56
71 86 97
4 26 38
6 12 32
12 32 71
2 83 92
2 14 83
12 22 88
2 14 42
16 50 56
60 76 81
6 56 58
17 63 64
19 43 48
15 18 41
18 46 74
18 46 95
5 33 34
16 56 58
54 55 64
16 39 64
23 31 98
25 77 92
23 31 99
24 68 86
24 52 68
25 40 92
14 27 42
27 42 64
9 32 71
9 26 97
