3 33 48
22 32 88
37 73 96
16 39 58
28 35 84
13 29 65
4 9 32
13 65 72
22 56 58
15 61 79
29 56 65
52 68 86
13 60 72
24 52 86
10 78 81
15 41 79
43 52 59
4 9 26
53 58 91
34 61 93
30 43 59
33 61 79
1 73 75
5 17 34
2 27 42
8 73 75
39 54 55
83 84 85
16 54 66
14 62 82
14 27 45
76 78 81
10 28 81
28 76 81
28 60 76
13 28 60
29 35 77
50 56 58
6 22 58
9 12 32
6 22 32
33 48 79
5 17 91
5 6 90
22 57 65
22 56 65
22 57 88
57 65 72
12 32 88
10 57 88
9 12 71
10 12 88
10 12 71
11 68 69
5 44 90
9 26 67
68 86 97
11 52 68
24 70 94
24 52 70
30 70 94
11 43 52
30 59 70
52 59 70
4 44 90
30 43 94
18 36 47
21 36 47
15 20 80
21 36 94
21 41 47
21 43 94
3 19 38
19 38 69
5 34 61
3 38 44
3 33 44
20 80 93
20 61 93
15 20 61
15 41 47
18 74 94
18 36 94
18 74 95
15 80 95
1 23 99
1 46 75
7 62 89
37 62 89
7 51 62
31 51 98
7 31 51
8 73 96
7 31 89
31 89 99
0 45 96
2 42 55
0 27 42
0 27 45
14 45 62
37 45 62
37 45 96
8 75 80
17 53 91
16 39 54
54 66 87
40 54 55
50 66 87
2 40 55
25 50 87
35 85 92
40 54 87
35 84 85
2 14 82
2 14 27
35 77 92
83 85 92
68 69 97
67 69 97
67 71 97
0 64 96
17 63 96
60 76 78
16 58 66
39 58 63
50 56 77
9 67 71
51 74 98
25 50 77
49 74 98
53 58 63
46 80 95
46 75 80
33 44 61
11 43 69
19 43 69
21 43 48
38 67 69
26 38 67
8 34 96
63 64 96
60 72 78
18 47 95
2 83 84
23 49 98
17 34 96
39 55 63
4 38 44
0 55 64
8 34 93
1 89 99
46 49 74
17 53 63
37 73 89
3 43 48
3 19 43
10 71 86
8 80 93
2 82 84
2 40 92
6 32 90
5 6 58
25 40 87
1 73 89
10 72 78
51 62 74
29 56 77
10 57 72
71 86 97
5 44 61
4 26 38
2 83 92
50 58 66
13 29 35
46 74 95
5 58 91
55 63 64
21 41 79
21 48 79
13 28 35
23 31 98
25 77 92
15 47 95
23 31 99
1 23 46
0 42 55
25 40 92
23 46 49
4 32 90
