3 33 48
13 28 29
28 29 35
16 39 58
6 58 91
28 35 84
13 29 65
13 65 72
22 56 58
15 61 79
29 56 65
52 68 86
13 60 72
24 52 86
10 78 81
21 41 48
15 41 79
43 52 59
26 67 69
53 58 91
34 61 93
30 43 59
33 61 79
1 73 75
5 17 34
40 87 92
2 27 42
8 73 75
42 55 64
25 35 77
83 84 85
16 54 66
14 62 82
14 27 45
76 78 81
10 71 97
10 28 81
60 72 76
29 35 77
16 50 66
6 22 58
72 76 78
9 12 32
33 48 79
5 17 91
4 6 90
22 56 65
26 38 44
22 57 88
10 57 88
9 12 71
10 12 88
10 12 71
5 44 90
9 26 67
68 86 97
10 86 97
11 52 68
67 68 97
24 70 94
24 52 70
30 70 94
11 43 52
30 59 70
52 59 70
4 44 90
41 48 79
18 36 47
21 36 47
15 20 80
21 36 94
21 41 47
26 38 69
19 38 69
4 26 44
3 33 44
46 75 95
20 80 93
8 34 80
20 61 93
34 80 93
15 20 61
75 80 95
18 74 94
18 36 94
15 18 95
18 74 95
15 80 95
1 23 99
1 46 75
23 74 98
1 46 49
62 74 98
1 23 49
7 62 89
51 62 98
37 62 89
7 51 62
23 98 99
23 49 74
8 73 96
31 98 99
1 73 99
37 89 99
7 31 89
31 89 99
0 45 96
37 73 99
2 42 55
0 27 42
53 63 64
0 27 45
14 45 62
37 45 62
0 17 96
8 75 80
17 53 91
16 39 54
0 42 64
54 66 87
40 54 55
25 35 92
25 87 92
35 85 92
40 54 87
35 84 85
2 14 82
2 82 83
2 14 27
82 83 84
5 90 91
83 85 92
67 71 97
39 58 63
40 55 83
9 67 71
53 58 63
45 73 96
40 83 92
11 43 69
19 43 69
37 45 73
8 34 96
33 34 44
19 38 44
5 34 44
7 31 98
17 34 96
9 26 32
33 34 61
4 22 32
22 65 72
3 21 43
0 17 53
21 30 43
7 51 98
4 6 22
46 49 74
2 55 83
18 41 47
39 54 63
3 19 43
0 53 64
6 90 91
10 72 78
3 19 44
29 56 77
10 57 72
3 21 48
11 67 69
11 67 68
12 22 32
12 22 88
4 26 32
46 74 95
13 28 81
13 60 81
16 50 56
60 76 81
22 57 72
15 18 41
25 50 56
16 56 58
54 55 64
21 30 94
25 66 87
25 56 77
54 63 64
25 50 66
