8 17 96
3 33 48
13 28 29
28 29 35
37 73 96
16 39 58
28 35 84
13 29 65
4 9 32
13 65 72
29 56 65
10 78 81
21 41 48
11 19 69
15 41 79
43 52 59
4 9 26
53 58 91
34 61 93
30 43 59
33 61 79
39 53 58
1 73 75
40 87 92
42 55 64
39 54 55
25 35 77
29 50 56
83 84 85
16 54 66
14 62 82
14 27 45
76 78 81
10 71 97
10 28 81
13 28 60
29 35 77
33 48 79
4 6 90
5 6 90
22 56 65
4 6 32
57 65 72
10 57 88
10 12 88
10 12 71
11 68 69
5 44 90
67 68 69
9 26 67
68 86 97
10 86 97
11 52 68
67 68 97
24 70 94
30 70 94
11 43 52
30 59 70
52 59 70
11 19 43
19 21 43
4 44 90
41 48 79
30 43 94
18 36 47
21 36 47
21 36 94
21 41 47
21 43 94
19 21 48
3 19 38
3 19 48
19 38 69
5 33 44
46 75 95
20 80 93
8 34 80
20 61 93
34 80 93
15 41 47
75 80 95
18 74 94
18 36 94
1 23 99
1 46 75
1 46 49
62 74 98
1 23 49
51 62 98
7 51 62
31 51 98
7 31 51
23 98 99
31 98 99
1 73 99
7 31 89
31 89 99
0 45 96
2 42 55
53 63 64
0 27 45
14 45 62
37 45 62
0 17 96
37 45 96
8 75 80
8 17 34
17 53 91
39 53 63
16 39 54
39 63 64
54 66 87
40 54 55
50 66 87
2 40 55
25 35 92
25 50 87
25 87 92
35 85 92
40 54 87
35 84 85
39 55 64
2 40 83
2 14 82
8 75 96
83 85 92
67 71 97
57 65 88
28 60 81
60 76 78
16 58 66
50 56 66
9 67 71
25 50 77
49 74 98
22 65 88
40 83 92
38 67 69
26 38 67
73 75 96
17 34 91
18 47 95
3 33 38
2 83 84
6 12 22
23 49 98
7 37 89
7 37 62
20 61 79
33 34 61
4 38 44
13 72 78
73 89 99
52 68 70
0 17 53
46 49 74
37 73 89
0 27 64
5 34 91
33 38 44
13 60 78
0 53 64
2 82 84
56 58 66
5 6 58
10 72 78
6 22 56
10 57 72
4 26 38
6 12 32
12 32 71
15 20 95
12 22 88
24 68 70
2 14 42
60 76 81
6 56 58
5 58 91
18 46 74
18 46 95
5 33 34
15 20 79
20 80 95
15 47 95
24 68 86
29 50 77
14 27 42
27 42 64
9 32 71
