17 37 112
60 90 104
42 181 183
13 103 149
63 161 199
65 89 180
77 88 114
40 157 171
11 66 85
31 96 127
0 7 76
15 21 108
37 39 112
6 14 61
12 40 75
148 157 161
0 92 102
33 140 161
79 163 195
39 90 122
81 126 141
25 34 49
8 139 187
1 35 188
79 120 163
103 119 146
13 103 119
62 146 147
88 93 114
7 76 175
77 114 125
19 71 168
11 66 68
66 72 91
4 65 72
66 85 91
89 180 184
115 184 196
0 7 131
40 158 171
61 144 155
52 101 166
130 142 178
14 61 155
39 112 160
6 34 61
27 60 104
90 122 144
39 60 90
37 39 122
17 80 129
80 124 158
112 158 160
48 158 160
29 74 81
16 148 157
41 156 171
79 140 169
140 148 161
140 148 169
16 148 169
29 79 169
29 79 195
29 141 195
59 126 141
29 81 141
56 74 81
6 34 49
56 81 126
36 139 193
45 59 186
42 163 195
59 64 186
64 133 195
10 121 162
95 121 183
67 179 197
73 83 179
18 97 113
18 164 187
67 73 179
121 133 162
84 95 121
62 110 147
83 110 147
62 78 103
28 78 103
62 103 146
28 103 149
28 145 149
13 135 149
77 88 145
42 106 120
1 181 183
42 106 181
42 133 195
42 120 163
33 161 199
63 165 199
50 63 161
65 177 180
2 167 192
43 116 188
43 44 192
3 20 44
3 44 192
13 99 135
99 135 137
20 135 137
3 136 192
3 53 136
4 65 71
71 136 168
19 168 172
55 72 89
65 72 89
11 68 107
55 72 91
55 91 190
55 89 184
180 184 196
21 91 190
21 189 190
15 21 189
51 189 190
115 152 170
51 115 184
98 132 143
47 115 170
132 175 198
47 51 115
143 152 191
96 111 127
111 127 138
96 108 111
31 82 127
52 118 151
127 138 151
143 152 159
57 82 191
98 132 175
101 105 109
76 175 198
32 105 131
69 123 124
98 101 175
101 105 194
32 69 105
130 178 194
52 101 194
69 123 173
32 69 124
123 134 173
9 150 176
173 178 194
9 128 150
87 128 154
23 46 142
46 142 178
52 130 194
52 151 166
118 138 151
30 111 138
5 30 111
26 38 182
46 154 178
26 46 182
167 177 192
36 174 193
152 170 191
47 170 191
159 180 196
159 177 180
159 167 177
22 153 186
100 153 185
97 147 179
83 147 179
8 139 186
118 138 142
23 138 142
136 177 192
71 136 177
134 173 178
87 134 154
80 129 176
128 134 176
128 150 176
87 128 134
127 151 166
56 126 174
1 125 188
43 125 188
124 156 171
124 158 171
17 122 129
118 130 142
33 116 199
116 165 199
115 159 196
123 134 176
97 113 147
51 55 184
41 102 156
43 70 192
52 118 130
35 106 120
33 35 116
133 162 186
99 117 172
45 186 193
35 116 188
21 91 108
43 63 165
126 174 193
27 48 60
24 27 48
54 62 78
43 116 165
70 132 198
164 179 197
68 72 107
115 152 159
20 43 93
54 86 110
25 36 174
17 37 122
134 154 178
10 22 185
22 100 185
22 100 153
8 164 187
9 129 176
46 128 154
30 38 138
53 99 136
20 145 149
20 88 145
102 157 161
9 46 128
24 48 75
28 78 94
12 16 157
0 50 92
11 107 117
59 64 195
7 101 175
3 53 137
20 43 44
9 144 155
40 75 158
24 27 104
0 63 76
82 127 166
34 90 144
3 20 137
54 86 94
39 48 60
25 34 104
0 50 63
5 30 38
4 71 107
0 102 156
43 63 70
54 78 94
10 84 185
0 131 156
1 94 125
7 109 131
31 57 82
42 121 183
13 85 119
24 25 104
33 79 140
24 56 74
6 36 139
24 25 56
6 36 49
105 109 131
12 16 29
51 57 189
25 36 49
7 101 109
69 173 194
51 55 190
113 146 147
34 90 104
12 74 75
77 94 145
2 70 192
1 94 183
11 13 117
1 106 181
10 162 186
33 79 120
10 22 186
84 164 185
11 13 85
25 56 174
77 94 125
12 40 157
69 105 194
38 138 182
80 112 158
20 135 149
24 74 75
16 29 169
18 97 179
18 164 179
20 88 93
32 131 156
59 126 193
64 133 186
2 70 167
23 46 138
46 138 182
9 129 144
31 57 96
50 102 161
41 102 171
39 48 160
67 86 110
51 57 191
67 95 197
53 99 137
45 59 193
54 62 110
153 164 185
57 58 108
57 96 108
57 58 189
42 121 133
67 86 183
33 35 120
59 141 195
8 153 186
50 92 102
63 76 198
63 70 198
85 91 111
1 35 106
67 73 110
67 95 183
48 75 158
66 68 72
10 84 121
70 143 159
70 159 167
34 61 144
19 71 107
65 71 177
4 72 107
73 83 110
139 186 193
102 157 171
84 164 197
99 136 168
9 26 46
17 80 112
80 123 124
98 101 143
80 123 176
12 29 74
82 143 166
82 143 191
58 108 189
86 94 183
122 129 144
91 108 111
47 51 191
70 132 143
43 93 125
93 114 125
28 94 145
84 95 197
99 168 172
13 99 117
101 143 166
32 124 156
19 107 172
107 117 172
15 108 189
8 153 164
