67 86 95
17 37 112
24 48 74
124 156 158
42 181 183
13 103 149
63 161 199
77 88 114
11 66 85
31 96 127
0 7 76
15 21 108
17 129 155
6 14 61
29 48 75
17 80 158
12 40 75
0 92 102
79 163 195
39 90 122
12 29 75
8 139 187
1 35 188
100 153 164
79 120 163
100 164 185
83 97 179
62 146 147
54 94 110
78 94 110
77 94 183
88 93 114
79 120 140
7 76 175
77 114 125
11 66 68
66 72 91
4 65 72
66 85 91
115 184 196
0 7 131
40 158 171
87 134 173
61 144 155
32 124 131
167 177 196
130 142 178
14 61 155
61 90 144
39 60 160
24 27 60
90 122 144
37 122 144
9 129 155
9 26 128
80 124 158
9 80 176
124 131 156
17 112 158
29 48 74
40 48 75
12 16 40
33 116 188
79 140 169
140 148 161
29 79 169
59 64 141
12 29 169
29 79 195
36 126 193
45 59 126
56 74 81
24 25 74
6 49 139
36 49 139
36 139 193
8 139 193
42 163 195
64 133 195
10 22 100
95 121 183
10 100 185
73 83 179
18 97 113
97 146 147
83 97 147
97 113 146
73 83 86
84 121 185
84 185 197
121 133 162
54 83 86
67 73 86
62 103 146
28 103 149
28 145 149
77 88 145
42 106 120
1 35 181
1 181 183
42 106 181
42 133 195
33 35 188
33 106 120
42 120 163
63 116 165
63 165 199
58 96 108
50 63 161
82 127 151
70 159 198
177 180 196
159 167 196
2 167 192
43 44 192
3 44 192
136 168 172
88 145 149
44 88 93
99 136 172
99 135 137
20 135 137
3 136 192
3 53 136
71 136 192
4 66 72
4 65 71
71 136 168
19 168 172
13 117 172
65 72 89
11 68 107
19 68 107
55 184 190
55 91 190
180 184 196
21 91 190
98 132 143
132 175 198
47 152 170
143 152 191
96 111 127
82 166 191
111 127 138
47 57 191
96 108 111
31 82 127
52 118 151
127 138 151
82 151 166
31 82 96
143 166 191
47 152 191
57 82 191
101 105 109
76 175 198
87 154 173
105 173 194
32 105 131
7 105 131
69 123 124
7 109 175
7 105 109
101 105 194
32 69 105
130 178 194
32 69 124
87 128 150
123 134 173
9 150 176
9 128 150
87 128 154
52 130 194
118 138 151
30 111 138
5 30 111
26 38 182
26 46 182
152 170 196
164 185 197
10 162 185
154 173 194
101 151 194
135 149 172
13 149 172
118 138 142
23 138 142
99 135 172
132 143 159
132 159 198
45 126 186
140 161 199
1 125 188
43 125 188
77 125 183
39 122 160
120 140 199
33 120 199
118 130 142
33 116 199
116 165 199
143 152 196
51 115 189
126 186 193
41 102 156
40 148 171
16 40 148
43 70 192
52 118 130
154 178 194
41 156 158
27 34 60
33 35 181
29 64 195
43 63 188
1 125 183
39 90 104
28 62 103
47 57 115
36 56 81
45 59 133
164 179 197
78 110 147
143 159 196
23 154 178
23 46 154
40 48 160
52 151 194
50 63 76
17 37 155
36 81 126
24 60 160
22 100 153
25 56 74
5 30 138
22 186 193
8 164 187
65 89 177
46 128 154
37 112 160
53 99 136
20 88 149
59 64 133
47 170 196
28 78 94
0 50 92
11 107 117
10 45 186
3 53 137
13 85 117
41 158 171
23 142 178
40 112 158
6 25 174
6 49 174
39 60 104
24 48 160
3 20 137
54 86 94
13 103 146
94 95 183
8 22 193
0 102 156
43 63 70
0 131 156
13 119 146
6 34 90
24 27 34
42 121 183
40 112 160
0 50 76
121 162 185
13 85 119
10 45 162
87 134 176
51 57 115
4 66 71
164 179 187
51 57 189
3 44 88
9 17 80
63 116 188
67 84 121
74 81 141
21 108 111
34 90 104
29 64 141
37 144 155
77 94 145
57 58 82
2 70 192
6 61 90
10 22 186
16 140 148
12 16 140
25 56 174
12 140 169
38 138 182
105 123 173
37 122 160
20 135 149
8 22 153
15 184 189
9 17 129
15 21 190
5 38 138
49 56 174
18 97 179
21 91 111
33 106 181
18 179 187
6 24 25
3 20 88
43 44 125
44 93 125
2 70 167
26 46 128
23 46 138
46 138 182
80 123 134
47 115 196
36 49 56
50 102 161
41 102 171
87 150 176
69 105 123
29 74 141
28 62 78
101 151 166
53 99 137
54 83 147
55 180 184
55 89 180
57 58 189
58 82 96
42 121 133
102 148 157
54 110 147
59 81 141
59 81 126
50 92 102
63 76 198
63 70 198
85 91 111
66 68 168
115 184 189
67 95 121
19 68 168
72 89 91
71 167 177
70 159 167
71 167 192
65 71 177
109 132 175
67 73 84
73 84 197
73 179 197
102 157 171
62 78 147
80 123 124
98 101 143
80 134 176
58 108 189
11 85 117
86 94 95
55 89 91
89 177 180
66 71 168
93 114 125
28 94 145
98 101 109
6 24 34
101 143 166
102 148 161
148 157 171
19 107 172
107 117 172
15 184 190
15 108 189
8 153 164
98 109 132
34 60 104
45 133 162
