19 35 117
25 60 149
4 79 147
4 73 138
5 50 95
40 93 131
35 89 128
65 100 130
58 85 106
81 84 112
4 111 147
85 94 101
81 112 131
18 99 116
26 40 131
26 112 131
18 38 116
19 79 99
40 80 93
68 72 77
72 118 144
8 77 86
11 66 68
2 74 129
47 67 83
24 62 122
23 103 126
24 62 143
22 46 125
44 53 57
16 85 113
24 61 126
37 58 106
85 96 113
0 96 113
1 37 46
58 85 101
29 54 88
51 63 91
36 59 136
17 49 136
32 43 139
0 87 113
17 29 49
0 42 87
9 73 109
35 117 127
9 117 127
19 35 99
45 55 69
45 55 109
55 69 127
45 73 109
65 76 100
7 65 130
69 89 114
43 73 76
7 65 76
89 114 128
35 89 127
69 114 130
69 89 127
35 108 128
52 75 91
31 108 128
26 112 132
36 94 101
26 52 75
64 97 136
112 132 145
39 41 129
26 30 52
74 81 93
18 30 99
18 38 40
4 19 79
79 99 116
21 38 71
38 111 147
28 107 111
13 28 107
21 80 93
10 21 71
10 14 71
14 28 71
13 28 149
4 107 111
13 60 149
50 66 77
25 60 118
8 72 77
8 72 144
60 118 144
14 25 67
25 67 118
11 123 148
66 68 77
68 72 83
50 77 86
11 143 148
34 39 122
2 62 122
74 81 129
74 123 134
10 21 93
81 93 131
74 93 134
41 82 84
34 39 41
84 112 145
34 41 82
44 57 58
44 53 133
44 125 133
3 22 121
24 61 143
3 56 115
23 61 126
24 56 126
3 56 126
3 115 121
23 78 103
6 90 98
5 50 86
95 120 146
23 78 120
5 95 146
6 22 46
5 102 146
98 102 146
48 90 92
37 46 125
3 6 22
1 105 124
1 46 105
1 70 124
98 102 105
1 16 37
87 102 124
102 105 124
87 113 124
42 87 119
36 53 57
1 16 70
16 85 106
16 37 106
36 53 59
64 75 97
34 53 59
82 84 145
64 75 91
59 97 136
36 94 136
94 136 141
17 136 141
17 94 141
29 110 135
15 27 33
15 51 63
7 15 51
15 27 63
43 104 139
32 137 139
29 54 110
20 54 110
29 85 96
29 49 135
43 104 119
42 104 119
7 128 130
59 97 145
97 132 145
64 91 135
90 98 146
90 92 146
78 92 103
0 88 96
29 88 96
60 86 144
8 86 144
41 84 129
81 84 129
83 123 134
72 83 118
67 83 118
47 83 134
31 51 52
34 53 140
38 79 116
17 29 94
28 38 111
11 50 142
20 33 110
14 25 28
49 64 136
30 99 108
30 31 52
9 73 117
28 38 71
3 48 126
25 28 149
36 57 101
27 63 135
27 33 110
7 15 76
12 125 133
12 115 140
12 53 133
63 91 135
9 55 127
48 92 103
26 75 132
27 110 135
42 104 139
11 61 142
2 39 122
16 70 113
12 22 121
2 123 148
50 95 120
51 52 91
7 31 128
114 128 130
15 33 76
6 46 98
34 56 122
12 22 125
42 137 139
44 58 125
23 50 142
18 26 30
4 19 117
32 54 137
45 100 130
37 58 125
10 47 67
2 39 129
18 26 40
4 117 138
57 58 101
3 6 48
2 62 143
12 53 140
10 47 134
20 43 76
7 31 51
34 56 115
46 98 105
9 55 109
10 93 134
11 50 66
21 38 80
2 74 123
2 143 148
34 115 140
35 99 108
34 59 145
23 50 120
38 79 147
11 61 143
38 40 80
0 42 88
20 43 54
32 43 54
34 82 145
78 92 146
12 115 121
45 69 130
48 103 126
49 64 135
30 31 108
73 117 138
70 113 124
54 88 137
24 56 122
23 61 142
42 88 137
11 83 123
11 68 83
45 73 100
73 76 100
75 97 132
6 48 90
10 14 67
20 33 76
29 85 94
78 120 146
