4 79 147
4 73 138
5 50 95
40 93 131
9 73 138
41 81 129
35 89 128
65 100 130
58 85 106
81 84 112
4 111 147
9 117 138
85 94 101
18 99 116
26 40 131
18 38 116
19 79 99
38 71 111
68 83 123
40 80 93
72 118 144
8 77 86
50 66 142
24 34 56
2 74 129
47 67 83
12 133 140
24 62 122
23 50 95
23 103 126
24 62 143
11 66 142
22 46 125
44 53 57
16 85 113
24 61 126
37 58 106
37 44 58
37 44 125
85 96 113
0 96 113
1 37 46
17 29 85
58 85 101
51 63 91
36 59 136
32 43 139
0 87 113
17 29 49
0 42 87
69 100 130
9 73 109
55 69 127
9 109 127
55 109 127
45 76 100
65 76 100
45 73 76
20 32 43
7 65 130
43 73 76
20 33 43
7 65 76
89 114 128
35 89 127
69 89 127
35 108 128
52 75 91
31 108 128
36 94 101
26 52 75
64 97 136
112 132 145
39 41 129
26 30 52
31 52 91
74 81 93
21 40 80
18 30 99
18 38 40
4 19 79
79 99 116
21 38 71
38 111 147
21 38 40
13 28 107
21 80 93
10 21 71
13 28 149
4 107 111
10 14 47
50 66 77
8 72 144
14 25 67
25 67 118
11 68 123
2 62 148
11 123 148
68 72 83
50 77 86
11 143 148
62 143 148
34 39 122
2 62 122
2 122 129
74 81 129
10 21 93
14 47 67
81 93 131
74 93 134
41 81 84
39 122 129
41 82 84
34 39 41
34 41 82
44 57 58
36 58 101
44 125 133
115 121 140
12 121 140
24 34 122
3 22 121
24 61 143
3 6 90
23 95 120
23 61 126
24 56 126
48 78 92
3 103 126
3 115 121
3 48 103
48 78 103
23 78 103
6 90 98
92 120 146
5 50 86
95 120 146
23 78 120
78 92 120
5 95 146
6 22 46
5 102 146
98 102 146
37 46 125
3 6 22
22 121 125
1 105 124
1 46 105
1 70 124
98 102 105
16 70 124
87 102 124
102 105 124
87 113 124
0 29 96
42 87 119
36 57 58
36 53 57
16 113 124
16 85 106
16 37 106
36 53 59
59 97 136
31 51 91
15 27 33
33 43 76
15 51 63
7 15 51
63 110 135
43 104 139
32 137 139
20 32 54
20 54 110
29 85 96
29 49 135
0 29 88
104 137 139
43 104 119
7 128 130
104 119 137
3 115 126
19 99 117
35 99 117
59 97 145
97 132 145
64 91 135
64 91 97
75 91 97
90 98 146
90 92 146
89 114 130
54 88 135
60 86 144
8 86 144
17 85 141
26 131 132
83 123 134
72 83 118
67 83 118
47 83 134
82 84 112
82 112 145
81 131 132
81 112 132
34 53 140
38 79 116
3 90 92
20 33 110
14 25 28
49 64 136
30 99 108
30 31 52
25 28 149
15 63 110
44 133 140
27 33 110
9 35 127
7 15 76
85 94 141
13 25 60
12 125 133
44 53 140
63 91 135
26 75 132
56 115 126
11 61 142
11 66 77
13 25 149
12 121 125
2 123 148
55 73 109
29 88 135
9 35 117
7 31 128
114 128 130
8 68 77
3 48 92
15 33 76
54 110 135
6 46 98
10 14 28
23 50 142
18 26 30
4 19 117
32 54 137
2 123 134
1 37 70
18 26 40
8 68 72
4 117 138
10 47 134
7 31 51
25 118 144
10 28 71
2 74 134
16 37 70
34 56 115
46 98 105
10 93 134
15 27 110
69 89 130
11 68 77
34 115 140
35 99 108
36 94 141
36 136 141
38 79 147
11 61 143
0 42 88
34 82 145
49 64 135
49 136 141
30 31 108
17 49 141
42 119 137
53 59 145
25 60 144
54 88 137
45 55 73
55 69 100
45 55 100
23 61 142
42 88 137
71 107 111
28 71 107
75 97 132
34 53 145
