4 79 147
4 73 138
26 30 40
47 93 134
9 73 138
26 75 97
65 100 130
81 84 112
4 111 147
31 51 128
9 117 138
85 94 101
81 112 131
18 99 116
26 40 131
26 112 131
18 38 116
19 79 99
67 72 118
68 83 123
72 118 144
8 77 86
50 66 142
24 34 56
2 74 129
47 67 83
12 133 140
24 62 122
23 50 95
24 62 143
11 66 142
22 46 125
44 53 57
24 61 126
37 58 106
0 96 113
1 37 46
64 135 136
29 54 88
51 63 91
36 59 136
17 49 136
32 43 139
0 87 113
17 29 49
9 73 109
9 109 127
45 76 100
65 76 100
45 73 76
20 32 43
7 65 130
43 73 76
7 114 130
7 65 76
35 89 127
69 89 127
18 30 40
52 75 91
31 108 128
26 112 132
36 94 101
26 52 75
112 132 145
39 41 129
26 30 52
74 81 93
38 116 147
21 40 80
18 30 99
79 116 147
4 19 138
4 19 79
19 117 138
79 99 116
21 38 71
38 111 147
28 107 111
13 28 107
21 80 93
10 21 71
10 47 93
10 14 71
14 28 71
14 28 149
13 28 149
4 107 111
8 60 86
8 72 144
67 72 83
25 67 118
11 68 123
2 62 148
11 123 148
68 72 83
61 142 143
11 142 143
11 143 148
62 143 148
34 39 122
2 62 122
74 81 129
47 83 123
10 21 93
47 123 134
81 93 131
74 93 134
41 82 84
34 39 41
34 41 82
53 56 115
44 57 58
36 58 101
121 125 133
44 53 133
44 125 133
53 115 140
12 121 133
115 121 140
53 133 140
12 121 140
24 34 122
34 53 56
3 22 121
24 61 143
3 56 115
23 95 120
23 61 126
24 56 126
3 56 126
48 78 92
3 103 126
3 115 121
3 48 103
48 78 103
6 90 98
95 120 146
23 78 120
5 95 146
5 102 146
98 102 146
48 90 92
37 46 125
3 6 22
22 121 125
1 46 105
16 70 124
87 102 124
102 105 124
87 113 124
0 29 96
36 57 58
36 53 57
16 113 124
1 16 70
16 85 106
36 53 59
26 97 132
63 64 91
63 64 135
17 136 141
17 94 141
49 135 136
7 33 76
15 51 63
7 15 51
15 27 63
43 104 139
32 137 139
20 32 54
20 54 110
29 85 96
0 29 88
43 104 119
123 134 148
104 119 139
89 108 114
85 101 106
58 101 106
19 99 117
35 99 117
59 97 145
97 132 145
64 91 97
75 91 97
90 98 146
90 92 146
89 114 130
35 89 108
50 86 95
5 86 95
41 84 129
81 84 129
119 137 139
82 84 112
82 112 145
40 80 131
31 51 52
17 29 94
28 38 111
59 64 97
20 33 110
30 99 108
30 31 52
28 38 71
7 27 33
29 49 54
18 21 38
16 85 96
27 63 135
27 33 110
9 35 127
13 25 60
27 110 135
2 39 122
11 66 77
66 77 86
18 21 40
13 25 149
55 73 109
9 35 117
51 52 91
0 87 119
0 42 119
8 68 77
2 134 148
44 58 125
23 50 142
14 67 149
32 54 137
6 102 105
45 100 130
37 58 125
10 47 67
2 39 129
8 68 72
6 98 102
3 6 48
16 96 113
20 43 76
1 37 106
22 46 105
8 25 144
55 69 130
25 118 144
8 25 60
2 74 134
69 89 130
11 68 77
35 99 108
1 70 105
36 94 141
36 136 141
0 42 88
45 55 130
55 69 109
51 114 128
34 82 145
78 92 146
49 54 110
30 31 108
7 51 114
42 119 137
80 93 131
53 59 145
69 109 127
6 22 105
54 88 137
45 55 73
108 114 128
23 61 142
59 64 136
7 15 27
42 88 137
50 66 86
25 67 149
49 110 135
70 105 124
6 48 90
1 16 106
10 14 67
78 103 126
20 33 76
29 85 94
23 78 126
34 53 145
78 120 146
