108 223 242
0 60 175
62 143 167
172 199 229
13 39 196
29 66 197
128 158 213
117 149 190
6 189 225
8 11 227
8 11 117
8 117 202
139 177 202
26 34 233
32 145 244
81 114 181
92 114 155
143 167 243
114 140 220
25 143 182
38 146 189
114 181 220
22 56 178
91 134 207
70 85 170
13 129 212
93 136 178
69 74 214
163 184 214
2 144 161
2 72 161
72 74 164
72 161 164
54 144 180
14 179 191
44 150 219
18 64 192
51 83 219
19 187 233
63 104 130
78 153 192
6 38 189
117 124 149
113 146 237
113 146 190
117 190 217
73 94 227
177 202 218
35 145 228
95 218 228
95 202 218
35 154 211
145 218 228
62 106 182
82 120 249
82 105 249
113 149 190
120 186 248
27 99 162
41 82 245
41 55 186
26 101 186
55 101 186
23 45 198
68 106 183
62 143 182
25 68 182
68 106 182
0 60 241
48 59 107
12 48 107
60 71 135
59 60 71
59 60 241
185 206 220
92 114 140
181 206 220
181 194 206
147 185 206
147 194 206
15 181 194
7 91 232
88 91 204
88 91 134
15 70 85
85 136 178
3 56 109
67 85 136
22 81 170
16 39 56
22 56 125
56 109 125
16 93 178
16 56 178
31 188 196
16 39 171
31 148 204
69 74 239
3 112 173
66 69 80
66 69 214
29 75 226
45 101 198
9 112 222
53 152 155
53 92 155
143 198 243
27 29 99
30 83 157
96 142 210
49 100 176
142 180 210
58 100 176
2 13 72
2 144 224
10 144 224
13 129 196
31 129 196
31 132 172
31 129 132
128 132 151
10 90 224
122 132 151
128 151 213
37 158 213
65 102 203
128 208 247
128 158 247
103 209 235
103 115 209
42 46 199
43 137 246
137 203 246
14 21 142
14 24 230
14 195 230
14 21 195
21 195 215
98 133 236
119 236 242
119 133 236
108 159 165
108 159 242
108 165 174
150 160 219
18 57 216
18 57 64
51 79 219
5 77 157
83 160 219
4 5 19
34 77 233
47 162 201
34 47 231
26 187 233
32 63 248
32 120 248
4 19 130
4 83 160
18 36 216
57 160 216
57 64 127
18 78 192
18 78 221
35 211 228
95 211 228
73 84 94
73 154 221
1 153 156
86 174 205
28 111 141
28 94 227
97 111 141
50 64 192
33 50 86
57 127 234
33 86 205
118 193 223
61 97 111
28 141 193
225 232 241
0 232 241
17 229 235
172 208 229
168 217 238
7 194 232
26 186 187
107 183 225
179 191 209
49 176 210
176 180 210
140 175 220
175 185 220
110 173 239
39 171 196
171 188 196
163 169 214
163 169 184
58 169 184
74 164 214
159 236 242
63 186 187
153 156 221
44 150 240
138 208 229
150 174 234
116 149 245
31 148 188
147 175 232
146 168 217
96 142 215
21 142 215
10 142 144
183 225 237
138 158 235
135 166 175
60 135 175
15 134 194
78 153 221
37 131 213
131 191 209
37 131 209
10 131 142
14 131 142
128 172 208
117 124 202
124 139 202
122 129 212
44 121 219
40 121 215
98 121 133
121 123 133
119 223 242
46 119 223
65 119 203
118 205 223
118 126 205
97 118 141
118 141 193
117 200 217
67 134 136
47 99 162
47 49 100
124 149 245
91 194 207
12 68 183
44 98 121
42 43 46
65 121 123
0 175 232
41 87 245
41 62 167
41 62 87
164 169 214
39 110 239
102 195 215
105 139 177
37 158 235
36 104 244
20 35 221
18 20 36
9 112 173
4 36 130
23 53 197
34 77 157
34 47 157
27 58 162
32 104 244
32 63 104
30 47 157
18 20 221
29 99 231
73 156 221
146 225 237
39 110 173
27 66 184
22 85 170
37 209 235
13 39 239
25 92 140
150 165 174
25 140 166
38 200 238
46 119 137
146 189 225
11 117 200
15 70 170
128 132 172
76 113 237
20 35 145
79 121 219
29 226 231
32 120 249
88 136 148
26 89 101
45 75 101
27 29 66
19 77 233
5 19 77
14 131 191
13 74 239
114 152 155
26 34 231
17 42 199
69 80 173
140 166 175
4 83 157
59 107 241
4 5 157
119 137 203
7 91 194
12 71 135
54 161 164
61 97 126
30 47 49
8 95 227
3 109 152
8 95 202
3 112 152
115 179 209
22 85 178
138 158 247
44 98 240
145 218 249
12 48 59
3 39 56
20 145 244
3 39 173
9 80 173
138 229 235
17 43 115
47 100 201
30 49 210
98 159 236
105 124 139
82 124 245
1 50 111
25 92 143
100 162 201
24 43 115
57 150 234
15 81 181
58 100 162
150 159 240
69 173 239
38 168 238
93 136 188
12 68 135
24 43 246
19 63 187
76 87 116
12 107 183
29 45 75
24 195 230
13 72 74
4 36 160
105 218 249
75 226 231
23 29 45
19 63 130
15 81 170
6 38 200
14 115 179
14 24 115
15 67 134
43 46 137
50 64 127
17 199 229
15 67 85
23 29 197
1 94 156
33 50 61
17 42 43
17 103 115
30 96 210
47 99 231
50 153 192
109 114 152
17 103 235
26 52 89
22 81 125
50 61 111
82 120 186
1 50 153
76 106 237
52 75 89
52 75 231
9 53 197
53 152 222
9 53 222
32 145 249
54 144 161
112 152 222
146 190 217
55 167 243
55 198 243
55 101 198
97 118 126
57 150 160
58 164 169
27 58 184
54 58 164
54 58 180
88 148 204
58 176 180
136 148 188
33 61 205
61 126 205
147 175 185
62 76 87
62 76 106
63 186 248
90 131 213
40 65 121
65 119 133
40 65 215
73 84 156
65 102 215
25 68 166
147 194 232
66 184 214
134 194 207
41 55 167
50 86 127
68 135 166
200 217 238
53 92 143
23 143 198
150 159 165
73 95 227
73 95 211
142 144 180
82 105 124
73 154 211
109 114 125
75 89 101
76 116 149
76 113 149
122 129 132
12 59 71
2 212 224
2 13 212
51 79 83
30 79 83
30 79 96
66 80 197
81 114 125
36 104 130
36 160 216
41 82 186
108 205 223
86 127 234
102 203 246
86 174 234
87 116 245
90 151 213
28 94 111
88 134 136
10 90 131
90 122 151
35 154 221
90 122 212
93 171 188
16 93 171
1 94 111
84 94 156
96 121 215
79 96 121
90 212 224
98 159 240
138 208 247
65 123 133
26 52 231
24 102 246
105 177 218
20 36 244
9 80 197
106 183 237
38 146 168
24 102 195
107 225 241
23 53 143
108 174 205
