6 200 238
108 223 242
139 145 177
40 195 215
7 194 207
172 199 229
13 39 196
17 43 103
64 86 127
40 121 123
73 78 221
117 149 190
6 189 225
8 11 227
139 177 202
26 34 233
68 71 135
81 114 181
22 114 125
25 143 182
114 181 220
3 56 110
91 134 207
13 129 212
93 136 178
74 163 214
49 100 157
74 163 169
2 72 161
72 161 164
54 144 180
17 43 229
37 158 209
27 29 184
44 150 219
26 63 187
63 130 187
30 49 157
18 64 192
63 104 130
73 78 84
119 123 133
6 38 238
6 38 189
7 147 194
0 185 232
117 124 149
113 146 237
168 190 217
117 190 217
73 94 227
177 202 218
145 177 218
8 202 227
95 202 218
35 154 211
82 120 249
55 101 243
82 105 249
113 149 190
113 116 149
27 99 162
41 55 186
41 55 243
41 167 243
23 45 198
25 53 143
62 143 182
68 107 183
25 68 182
76 113 183
76 106 183
76 113 116
225 237 241
48 59 107
12 48 107
59 60 71
185 206 220
25 53 92
181 206 220
181 194 206
147 185 206
147 185 232
147 194 206
15 181 194
7 147 232
88 91 204
15 194 207
39 171 188
16 171 188
88 91 134
15 70 85
67 85 134
3 56 109
70 81 170
22 81 114
3 110 173
22 56 125
56 109 125
31 188 196
39 188 196
31 148 204
39 56 110
80 110 173
66 69 80
66 69 214
45 101 198
9 152 222
29 75 197
27 29 99
27 162 184
47 226 231
34 47 77
96 142 210
10 14 142
142 180 210
58 100 176
54 58 169
54 164 169
2 13 72
2 13 224
31 132 172
31 129 132
10 90 224
122 132 151
37 90 213
128 151 213
37 131 191
37 191 209
24 115 179
65 102 203
128 208 247
128 158 247
158 208 247
158 209 235
103 209 235
103 115 209
43 103 115
42 46 199
42 43 199
43 199 229
14 195 230
21 195 215
40 102 123
98 121 123
40 102 195
236 240 242
65 102 123
65 119 123
98 123 133
98 133 236
33 205 223
108 159 165
108 159 242
174 205 223
108 165 174
150 160 219
50 64 86
159 240 242
98 236 240
4 5 19
34 77 233
47 162 201
19 130 187
26 187 233
32 63 248
32 120 248
4 19 130
20 104 244
4 104 130
57 160 216
50 111 192
18 36 221
20 36 221
18 78 192
20 36 104
18 78 221
73 84 94
73 154 221
78 84 156
86 174 205
28 94 227
50 64 192
57 127 234
108 174 223
33 126 223
118 193 223
118 126 223
61 97 111
28 141 193
145 244 249
225 232 241
0 232 241
17 229 235
74 214 239
69 214 239
172 208 229
91 207 232
7 207 232
168 217 238
68 182 183
179 191 209
93 178 188
176 180 210
140 175 220
175 185 220
0 175 185
163 169 184
58 169 184
138 158 229
158 208 229
153 156 192
78 156 192
44 150 240
150 174 234
16 178 188
96 142 215
21 142 215
14 142 195
10 142 144
138 158 235
136 148 204
88 134 204
133 236 242
119 133 242
128 172 208
124 139 202
14 131 230
122 129 212
40 121 215
41 120 245
119 137 246
119 203 246
119 223 242
46 119 223
65 119 203
97 118 141
118 141 193
47 99 162
47 52 231
9 152 155
72 74 169
44 98 121
42 43 46
41 120 248
41 186 248
41 87 167
41 87 245
39 110 239
39 74 239
77 187 233
128 151 172
37 128 158
20 35 221
35 95 228
20 145 228
23 53 197
35 95 211
95 145 218
32 104 244
32 63 104
0 166 175
66 163 197
132 151 172
0 59 241
29 163 184
29 163 197
47 99 226
146 225 237
80 109 112
36 57 216
13 31 196
26 55 186
9 80 222
26 34 47
10 14 131
26 47 52
70 170 178
25 92 140
67 134 204
150 165 174
25 140 166
46 119 137
22 81 178
8 117 124
146 189 225
77 83 157
51 83 157
32 120 249
26 89 101
45 75 101
5 19 77
4 5 160
24 131 230
50 111 126
51 79 157
11 200 238
146 168 189
84 153 156
140 166 175
59 107 241
81 170 178
54 161 164
61 97 126
15 70 81
24 179 191
8 11 217
67 136 178
67 136 204
38 168 189
31 136 188
92 140 220
115 179 209
44 98 240
21 142 195
8 124 202
95 145 228
12 48 59
8 117 217
9 53 155
16 56 171
20 145 244
11 217 238
138 229 235
30 96 121
47 100 201
73 211 227
30 49 210
84 94 153
2 54 144
105 124 139
2 10 144
2 54 161
100 162 201
24 43 115
105 116 149
5 83 160
57 150 234
15 81 181
44 51 219
16 22 178
150 159 240
38 168 238
93 136 188
24 43 246
58 100 184
76 87 116
18 36 57
16 22 56
105 145 249
23 75 197
24 195 230
13 72 74
13 39 74
18 57 127
113 168 190
13 90 224
62 87 243
69 80 239
1 111 153
75 226 231
26 55 101
18 64 127
1 97 141
19 77 187
0 60 166
37 128 213
43 46 246
13 90 212
13 31 129
39 56 171
30 96 210
24 131 191
0 59 60
95 202 211
17 103 235
1 97 111
2 10 224
30 79 121
26 52 89
5 77 83
50 86 205
33 50 205
20 35 228
51 79 121
51 83 160
52 75 89
52 75 231
53 92 114
53 114 155
9 53 197
109 112 152
112 152 222
31 136 148
23 45 75
97 118 126
57 150 160
54 58 180
58 176 180
92 114 220
82 120 245
44 51 121
62 76 87
62 76 106
62 106 183
62 182 183
62 143 243
63 186 248
26 63 186
105 124 149
25 68 166
47 77 100
66 163 214
67 85 178
68 135 166
61 111 126
70 85 178
68 71 107
12 71 107
23 143 198
60 71 166
71 135 166
150 159 165
72 164 169
142 144 180
73 154 211
109 114 125
29 75 99
75 99 226
75 89 101
122 129 132
77 100 157
12 59 71
46 137 246
30 79 157
80 109 173
66 80 197
82 105 245
1 94 141
80 112 222
33 50 126
80 110 239
36 160 216
86 127 234
32 244 249
102 203 246
86 174 234
87 116 245
4 104 160
90 151 213
87 167 243
37 90 131
10 90 131
90 122 151
35 154 221
90 122 212
107 237 241
28 94 141
1 94 153
96 121 215
15 85 207
113 146 168
100 162 184
100 176 210
49 100 210
101 143 243
101 143 198
51 160 219
36 104 160
105 139 145
202 211 227
24 102 246
105 116 245
9 80 197
107 113 183
107 113 237
24 102 195
23 53 143
109 114 155
85 134 207
109 152 155
3 109 173
111 153 192
