6 200 238
108 223 242
0 60 175
62 143 167
74 110 239
40 195 215
172 199 229
17 43 103
40 121 123
6 189 225
168 200 238
32 63 244
8 11 227
8 11 117
8 117 202
117 139 202
139 177 202
26 52 101
62 87 167
3 109 112
113 183 237
92 114 155
143 167 243
114 140 220
114 181 220
22 56 178
91 134 207
39 72 74
13 129 212
69 74 214
163 184 214
49 100 157
2 144 161
58 163 184
54 144 180
17 43 229
37 158 209
14 179 191
27 29 184
150 160 234
100 157 201
30 49 157
4 36 104
1 153 192
119 123 133
6 38 238
6 38 189
76 116 245
189 225 237
117 124 139
11 117 217
73 94 227
177 202 218
8 202 227
35 145 228
35 154 211
105 124 249
55 101 243
124 139 249
113 149 190
82 116 245
120 186 248
87 167 245
41 167 245
26 186 248
26 101 186
9 53 152
55 101 186
52 89 101
23 45 198
23 53 198
25 68 182
92 166 175
25 135 166
25 68 135
12 48 71
225 237 241
48 59 107
12 48 107
60 71 135
92 114 140
92 140 175
25 92 166
181 206 220
70 81 181
7 91 232
88 91 204
39 171 188
15 70 181
16 171 188
88 91 134
15 70 85
67 88 134
15 85 134
67 88 204
67 136 148
67 85 134
31 93 148
67 148 204
3 56 109
70 81 170
22 81 170
22 170 178
16 39 56
16 56 178
31 93 188
39 188 196
16 39 171
31 148 204
39 74 110
69 74 239
80 110 173
3 112 173
66 69 80
80 112 173
66 69 214
29 75 226
9 66 197
9 152 222
9 112 222
53 152 155
53 143 198
143 198 243
101 198 243
45 75 89
75 89 226
27 29 99
29 99 226
99 162 226
34 47 77
47 157 201
49 96 210
10 14 142
142 180 210
30 49 96
58 100 176
122 151 213
2 144 224
10 144 224
122 212 224
13 129 196
31 132 172
31 129 132
90 122 224
10 90 224
122 132 151
128 151 213
90 122 213
14 24 179
65 102 203
128 208 247
128 158 247
158 208 247
158 209 235
138 172 208
103 115 209
43 103 115
42 46 199
46 137 203
102 195 230
46 65 203
137 203 246
24 102 230
14 21 142
14 24 230
21 195 215
98 121 123
40 102 195
236 240 242
98 121 240
65 119 123
98 123 133
46 65 119
119 236 242
46 119 242
33 205 223
119 133 236
159 165 240
108 159 242
33 50 111
165 174 234
150 165 234
18 57 216
159 240 242
44 79 219
51 79 219
4 5 19
4 5 83
34 77 233
47 77 157
47 162 201
34 47 231
26 187 233
32 63 248
32 120 248
4 19 130
4 104 130
18 36 216
57 160 216
18 36 221
20 36 221
20 36 104
18 78 221
35 211 228
73 84 94
86 174 205
1 28 94
28 94 227
50 64 192
61 97 193
127 174 234
33 50 86
97 141 193
33 126 223
33 86 205
46 223 242
118 193 223
118 126 223
28 141 193
145 244 249
225 232 241
0 232 241
34 231 233
17 229 235
211 227 228
95 218 227
7 194 232
26 187 248
185 194 206
147 185 194
29 184 197
59 183 241
183 237 241
179 191 209
93 178 188
176 180 210
140 175 220
0 175 185
163 169 214
47 162 231
159 165 174
78 156 221
153 156 192
78 156 192
150 165 240
44 150 240
16 178 188
136 148 178
93 148 178
144 164 169
54 144 169
53 143 155
10 142 144
138 172 229
138 158 208
138 158 235
135 166 175
60 135 175
15 134 194
98 133 240
37 131 213
131 191 209
37 131 209
31 129 188
129 188 196
128 172 208
127 160 234
108 159 174
114 125 181
124 149 190
122 129 212
40 121 215
41 120 245
117 124 190
73 154 156
48 59 60
72 74 169
44 150 160
91 194 207
12 68 183
42 43 46
21 30 79
27 58 99
139 177 218
77 187 233
128 151 172
5 19 187
37 128 158
20 35 221
40 65 123
23 53 197
95 145 218
44 160 219
21 142 210
132 151 172
0 59 241
52 89 226
39 110 173
95 227 228
22 109 125
10 14 131
40 65 102
70 170 178
25 62 182
21 195 230
77 83 157
21 96 210
21 79 215
21 30 96
25 62 143
20 35 145
32 120 249
25 92 155
14 131 191
5 77 187
146 168 189
22 56 109
52 231 233
1 28 141
43 102 246
7 91 194
12 71 135
4 51 83
67 136 178
38 168 189
63 187 248
1 61 97
175 206 220
1 50 192
115 179 209
2 13 161
13 72 196
145 218 249
79 83 157
1 61 111
57 127 160
95 145 228
42 43 229
79 121 215
3 39 56
20 145 244
64 78 192
3 39 173
138 229 235
73 211 227
4 51 160
0 147 185
1 50 111
100 162 201
13 72 161
117 168 217
11 168 200
0 147 232
58 100 162
38 168 238
11 168 217
12 68 135
81 125 181
19 63 187
12 107 183
15 194 206
29 45 75
4 36 160
18 57 127
113 168 190
69 80 239
20 63 130
23 29 45
19 63 130
18 64 127
55 120 186
14 21 230
1 97 141
62 68 87
33 111 126
162 226 231
17 209 235
42 199 229
50 64 127
37 128 213
43 46 246
23 29 197
139 218 249
17 103 209
0 59 60
22 81 125
76 106 113
20 63 244
5 77 83
50 127 174
50 86 174
52 226 231
26 52 233
117 168 190
9 53 197
109 112 152
54 58 163
72 144 161
54 163 169
112 152 222
41 55 120
55 167 243
58 99 162
27 58 184
54 58 180
58 176 180
20 104 130
59 107 183
82 120 245
61 118 126
62 68 182
202 218 227
90 131 213
18 64 78
61 118 193
48 60 71
154 156 221
73 84 156
147 194 232
9 66 112
66 80 112
66 184 214
134 194 207
41 55 167
67 85 178
68 87 183
61 111 126
70 85 178
133 236 240
175 185 206
72 144 164
72 164 169
39 72 196
142 144 180
82 105 124
73 154 211
109 114 125
76 116 149
76 113 149
122 129 132
105 120 249
45 89 198
2 212 224
2 13 212
46 137 246
51 79 83
30 79 157
79 121 240
44 79 240
80 110 239
82 124 149
82 116 149
36 160 216
66 184 197
108 205 223
113 189 237
32 244 249
102 203 246
87 106 183
89 101 198
10 90 131
35 154 221
94 153 156
1 94 153
84 94 156
43 102 115
113 146 168
100 176 210
102 115 179
49 100 210
24 102 179
15 181 206
51 160 219
25 143 155
82 105 120
106 113 183
87 106 245
74 169 214
76 106 245
108 174 205
109 114 155
109 152 155
113 146 189
