15 27 91
2 6 30
25 39 66
23 46 89
34 41 99
28 69 74
41 77 88
3 32 51
42 44 50
11 57 65
25 39 67
21 63 92
24 45 64
7 49 79
2 14 75
14 35 58
10 40 83
77 86 96
34 81 99
33 58 86
0 35 60
3 76 78
11 13 74
5 38 42
11 13 80
15 85 91
44 50 85
12 17 75
5 32 42
76 78 97
17 61 70
35 60 75
19 29 68
0 1 26
29 31 68
8 61 70
29 31 61
4 15 72
3 8 51
4 45 62
4 62 72
24 37 45
9 52 56
9 18 36
18 21 59
21 59 92
24 59 92
24 59 64
24 37 92
22 63 92
21 39 63
25 43 66
20 49 67
7 49 95
22 49 92
49 71 79
6 37 82
20 22 49
37 49 92
2 14 30
30 71 79
6 30 71
10 23 87
30 79 89
2 6 70
2 17 70
77 89 96
49 67 95
7 23 95
10 40 87
10 23 83
40 66 93
47 66 93
34 47 81
40 87 93
47 81 93
73 81 93
48 53 73
41 77 86
16 77 88
41 88 99
13 94 98
11 57 80
13 80 94
13 34 98
33 41 86
14 35 75
2 17 75
0 35 84
0 26 60
35 55 84
1 11 65
1 26 68
1 19 68
28 69 97
5 38 76
1 11 69
11 69 74
0 84 90
57 65 90
28 38 74
62 72 82
43 66 83
40 66 83
31 60 68
55 84 90
55 57 90
55 80 94
53 73 93
53 87 93
48 81 99
48 73 81
45 62 82
37 45 82
4 45 52
25 43 67
32 42 51
33 55 94
54 78 97
33 41 94
5 32 76
12 31 75
14 30 96
30 89 96
6 37 49
41 94 98
3 29 54
16 48 53
20 22 39
6 8 70
31 60 75
27 42 44
0 65 90
3 8 29
15 27 51
9 45 56
43 67 95
1 19 54
8 72 82
9 59 64
54 69 97
6 49 71
34 41 98
16 77 89
16 48 99
18 21 39
58 86 96
12 17 61
13 34 38
14 58 96
6 8 82
26 60 68
16 46 89
9 45 64
8 51 72
55 57 80
12 31 61
13 38 74
8 29 61
15 52 85
1 54 69
15 51 72
4 15 52
16 46 53
27 44 85
16 88 99
3 54 78
18 36 39
33 55 58
7 23 79
22 39 63
20 39 67
9 18 59
23 79 89
27 85 91
23 43 95
23 43 83
28 76 97
3 32 76
0 1 65
35 55 58
23 53 87
45 52 56
23 46 53
19 29 54
27 42 51
28 38 76
