25 39 66
27 51 72
34 41 99
28 69 74
3 32 51
12 31 60
42 44 50
4 45 56
25 39 67
21 63 92
7 49 79
2 14 75
14 35 58
10 40 83
16 46 48
14 30 89
34 81 99
33 58 86
3 5 76
3 76 78
27 44 91
44 85 91
15 85 91
44 50 85
5 32 42
76 78 97
3 5 32
19 29 78
27 32 51
35 60 75
19 29 68
26 31 68
12 17 31
0 1 26
3 29 78
29 31 68
8 61 70
29 31 61
8 51 82
4 15 72
8 70 82
3 8 51
4 45 62
37 45 62
4 62 72
24 37 45
18 21 36
18 21 59
21 59 92
18 59 64
24 59 92
24 59 64
24 37 92
22 63 92
25 43 66
20 49 67
49 71 79
37 49 92
37 62 82
30 71 79
30 79 89
2 6 70
2 17 70
77 89 96
14 89 96
7 23 95
10 40 87
10 23 83
46 48 53
40 66 93
47 66 93
34 47 81
40 87 93
47 81 93
48 73 99
73 81 93
46 53 87
48 53 73
16 77 88
73 81 99
41 88 99
55 57 84
13 94 98
13 80 94
13 34 98
33 41 86
14 35 75
2 17 75
26 31 60
0 26 60
35 55 84
1 11 65
1 26 68
19 54 78
1 19 68
69 78 97
28 69 97
1 11 69
54 69 78
11 69 74
57 84 90
0 84 90
57 65 90
13 34 74
28 38 97
34 38 74
28 38 74
27 72 91
62 72 82
43 66 83
40 66 83
11 65 80
57 65 80
35 60 84
55 80 94
53 73 93
53 87 93
77 88 96
25 43 67
5 42 76
41 86 96
6 37 70
18 36 64
21 36 63
33 55 94
51 72 82
33 41 94
46 79 89
31 61 70
9 24 56
0 60 84
36 39 63
15 72 91
6 37 49
41 94 98
11 74 80
20 22 39
4 9 56
27 42 44
6 14 71
0 65 90
3 8 29
41 88 96
43 67 95
1 19 54
10 46 87
37 70 82
17 60 75
6 49 71
34 41 98
16 77 89
16 48 99
58 86 96
7 67 95
9 24 64
20 22 92
23 46 79
14 58 96
38 42 97
16 46 89
10 23 46
7 49 67
13 74 80
55 57 80
8 29 61
15 52 85
1 54 69
42 76 97
4 15 52
16 88 99
12 17 60
33 55 58
7 23 79
2 6 14
22 39 63
20 39 67
20 49 92
23 43 95
23 43 83
9 36 64
14 30 71
4 9 52
0 1 65
35 55 58
24 45 56
27 32 42
17 31 70
