74 206 281
43 48 334
92 216 232
45 215 278
31 64 289
7 29 73
2 27 338
149 214 342
68 198 276
4 45 143
0 67 184
56 97 323
44 243 326
53 205 309
60 229 307
13 168 311
181 257 327
119 139 148
164 186 349
94 165 260
123 209 222
46 94 336
125 310 322
10 310 322
99 204 229
84 217 341
84 334 341
34 70 136
23 196 304
163 224 301
105 217 328
179 248 304
31 133 278
90 132 341
248 256 304
163 224 281
63 206 289
152 157 347
130 207 208
91 113 288
91 173 318
62 87 276
28 71 303
14 17 337
18 81 166
14 17 319
81 137 166
130 207 318
161 286 299
144 175 282
213 261 323
81 202 308
88 146 212
154 191 283
243 321 326
114 233 275
58 117 297
58 172 251
106 135 193
131 205 284
210 311 327
101 295 305
151 291 325
96 123 132
229 250 307
1 250 270
121 168 204
37 262 314
41 232 277
66 119 139
34 55 273
70 136 242
30 285 325
240 285 325
147 242 244
104 141 147
94 155 336
266 329 339
79 266 329
260 266 339
94 260 266
165 260 339
1 228 270
60 99 295
50 101 222
60 99 229
200 250 307
204 229 250
101 222 305
10 274 322
16 151 291
2 158 291
16 90 201
16 123 151
96 132 334
32 255 269
123 209 265
43 48 209
47 82 337
96 123 265
43 209 265
132 334 341
105 196 235
105 235 328
105 196 219
54 69 239
22 140 328
27 69 338
23 111 196
78 252 273
54 59 235
4 45 215
65 115 331
31 116 133
64 110 300
64 289 300
31 116 331
4 112 215
31 115 331
63 206 281
74 206 289
51 179 248
219 256 301
3 128 167
12 198 276
26 87 225
19 26 87
62 110 182
62 87 225
62 182 276
62 110 300
74 289 300
74 225 300
62 225 300
4 143 347
91 288 299
31 215 278
45 278 333
133 252 278
254 315 333
138 152 157
254 315 344
176 315 344
176 278 344
4 259 347
143 152 347
57 128 238
3 28 89
83 298 335
71 89 173
89 220 238
189 207 318
113 160 220
91 113 173
127 144 286
144 286 299
127 144 175
11 161 299
91 189 299
91 189 318
144 149 282
28 71 89
130 208 303
83 268 293
18 73 81
28 214 303
83 293 335
3 28 320
57 68 128
3 320 346
19 167 227
61 84 280
8 167 227
105 219 301
83 298 306
14 47 337
82 187 317
102 187 317
82 187 337
49 180 251
58 117 172
58 251 297
88 212 340
142 212 340
39 137 166
162 298 317
102 162 317
18 29 162
18 162 166
29 162 298
7 308 342
7 29 342
18 29 73
149 308 342
29 214 342
149 214 303
149 282 308
122 246 282
20 122 127
11 122 161
20 127 175
20 175 282
20 122 282
261 292 323
11 122 261
44 292 323
97 192 323
88 159 164
93 271 321
81 137 202
137 202 343
93 142 321
183 192 203
11 134 261
154 191 226
154 213 283
42 236 287
11 24 245
42 236 245
24 191 245
24 191 226
0 67 77
88 146 159
0 184 275
114 183 275
42 67 77
72 118 296
194 195 211
114 194 233
177 195 211
164 194 211
146 183 203
186 211 324
164 186 211
186 294 349
186 294 324
177 211 324
72 177 324
177 195 231
194 195 233
118 231 296
72 177 231
72 118 231
67 231 296
126 169 294
76 131 237
40 148 296
221 314 316
40 148 249
37 249 262
6 197 253
76 131 205
21 264 267
21 80 264
21 103 267
76 205 309
21 80 309
53 180 205
230 297 349
48 171 255
49 102 332
32 106 193
32 171 255
50 181 257
210 257 327
210 247 255
13 86 168
86 232 258
86 168 258
1 178 250
86 92 232
232 277 302
41 52 108
120 121 258
121 168 258
41 52 277
38 165 270
38 228 270
38 108 228
25 41 232
33 98 199
38 165 218
98 129 199
38 95 313
38 109 313
6 129 174
6 129 253
5 6 197
92 216 264
5 197 216
85 221 267
197 221 267
37 148 249
37 119 148
37 119 153
33 109 218
38 109 218
340 343 345
90 328 341
202 321 343
142 321 343
130 303 318
72 296 324
150 288 290
213 283 323
340 345 349
190 283 287
278 315 333
182 276 279
181 272 311
43 265 334
96 265 334
247 255 269
122 246 261
322 329 339
169 230 294
74 225 281
221 262 314
84 217 280
134 213 226
207 208 299
204 272 311
202 321 326
140 201 328
192 203 271
210 247 330
77 190 275
182 188 279
188 223 279
136 185 242
191 245 283
180 251 297
178 204 250
5 174 216
25 174 216
117 172 345
170 336 348
156 227 280
246 308 326
167 268 346
165 200 250
88 164 340
164 340 349
210 255 257
53 180 230
150 157 288
157 259 347
156 163 301
155 234 348
193 269 332
37 153 314
153 253 316
129 153 253
278 288 299
147 240 285
168 204 311
146 203 271
144 208 303
230 294 349
142 212 271
141 234 348
104 141 170
141 170 348
141 155 234
138 290 344
138 150 157
138 143 254
134 213 261
99 204 295
157 160 288
156 217 280
98 129 313
129 153 241
69 124 338
124 242 338
278 288 344
123 222 305
122 127 286
49 180 332
121 178 277
120 121 277
247 269 330
158 291 325
120 232 258
121 178 204
114 146 183
114 146 159
112 145 259
4 112 259
173 303 318
110 145 259
110 182 188
110 188 259
288 290 344
110 112 145
64 110 112
274 295 339
220 223 279
158 244 285
107 151 325
32 193 269
274 322 339
105 156 301
107 274 305
45 143 254
66 139 218
293 320 335
44 56 323
7 73 308
40 296 324
35 343 345
40 126 294
89 113 220
38 41 95
38 41 108
197 253 316
36 65 75
25 41 95
34 46 55
33 109 313
33 199 241
31 112 215
100 210 237
31 63 115
31 63 289
17 106 337
60 295 339
28 320 335
29 214 335
17 32 106
154 213 226
89 128 238
12 276 279
114 159 164
100 237 284
19 163 281
16 90 123
13 92 312
33 66 241
9 85 126
29 298 335
129 174 313
27 69 239
25 95 313
25 174 313
197 264 267
192 275 283
45 254 333
23 179 304
107 151 305
104 170 242
51 63 281
23 59 133
23 36 65
23 59 111
219 256 304
103 126 169
79 141 310
79 322 329
22 54 328
22 54 239
176 278 315
202 308 326
147 244 285
123 151 305
120 277 302
17 48 319
21 53 309
142 340 343
268 293 346
106 135 337
10 141 310
21 53 230
35 39 102
13 237 311
97 192 271
8 83 268
8 83 306
90 201 328
15 80 264
23 116 331
160 220 223
17 48 171
10 141 147
120 232 302
33 98 313
10 274 325
26 225 281
189 207 299
180 205 284
25 216 232
5 6 174
246 261 292
100 269 330
16 140 201
131 237 284
21 103 230
10 147 240
47 82 306
8 61 227
122 161 286
67 195 233
165 200 339
36 51 75
192 283 323
2 242 338
114 164 194
28 214 335
23 65 331
2 22 27
144 208 299
180 230 297
170 185 336
40 249 262
59 111 196
14 319 334
34 70 252
200 307 339
67 195 231
157 160 259
2 158 244
11 134 226
54 69 124
197 221 316
12 68 198
35 137 343
19 26 281
10 240 325
153 314 316
34 46 136
1 52 178
14 61 84
113 160 288
15 80 309
63 65 115
11 24 226
79 125 310
30 158 285
146 212 271
100 269 284
15 92 264
1 52 108
33 66 218
196 219 304
35 39 137
298 306 317
52 178 277
68 87 276
245 283 287
236 245 287
3 167 346
31 64 112
34 252 273
155 336 348
23 36 179
13 237 312
1 108 228
13 86 92
16 140 291
105 156 217
14 84 334
12 220 279
23 116 133
73 81 308
15 76 309
104 147 242
35 102 172
36 51 179
85 126 262
17 32 171
138 150 290
46 136 185
92 237 312
46 78 273
46 55 273
71 173 303
14 47 61
274 295 305
48 50 257
48 50 222
48 209 222
48 319 334
50 181 272
50 101 272
42 77 287
51 65 75
170 185 242
66 153 241
2 22 140
51 248 256
51 224 281
19 156 163
51 224 301
101 204 272
51 256 301
79 125 322
47 61 306
51 63 65
60 307 339
135 187 337
19 156 227
246 282 308
54 59 124
117 345 349
144 149 303
117 297 349
56 97 321
56 243 321
138 254 344
197 216 264
70 124 242
46 185 336
180 284 332
67 233 275
59 196 235
59 133 252
190 275 283
181 311 327
59 124 252
217 328 341
8 61 306
165 250 270
2 242 244
66 119 153
210 237 311
19 68 87
68 128 167
30 158 325
61 227 280
12 220 238
107 274 325
44 292 326
135 193 332
138 143 152
93 142 271
0 77 275
77 190 287
79 94 263
79 141 263
54 235 328
183 192 275
19 68 167
8 167 268
67 184 275
82 306 317
12 57 238
48 255 257
40 294 324
39 102 166
85 103 267
9 85 103
89 113 173
3 89 128
269 284 332
15 76 237
9 103 126
90 123 132
2 140 291
12 57 68
79 94 266
246 292 326
70 124 252
94 155 263
40 126 262
129 199 241
103 169 230
35 172 345
97 271 321
160 188 223
102 135 332
293 320 346
160 188 259
44 56 243
141 155 263
85 221 262
100 210 330
101 204 295
102 135 187
102 162 166
102 172 251
15 92 237
22 27 239
49 102 251
