74 206 281
43 48 334
92 216 232
45 215 278
15 76 312
120 121 178
36 116 331
149 214 342
8 156 227
64 112 215
127 161 286
0 67 184
13 86 312
56 97 323
53 205 309
13 168 311
164 186 349
94 165 260
80 92 264
104 234 348
170 185 348
46 94 336
107 274 295
10 107 240
120 178 302
15 92 312
99 204 229
34 70 136
163 224 301
105 217 328
179 248 304
248 256 304
51 63 224
31 64 215
3 89 238
188 220 223
144 149 208
150 290 344
12 57 198
91 173 318
62 87 276
28 71 303
12 182 279
8 156 280
47 83 306
39 102 162
202 308 321
161 286 299
144 189 207
246 282 326
44 246 326
56 243 323
81 202 308
88 146 212
243 321 326
53 230 297
49 172 251
106 135 193
131 205 284
210 311 327
169 230 349
49 180 205
106 135 187
151 291 325
229 250 307
178 277 302
10 107 274
1 250 270
1 228 277
37 262 314
185 336 348
46 55 78
55 78 273
46 55 336
34 55 273
70 136 242
136 170 242
136 170 185
69 70 124
34 70 273
30 244 285
147 242 244
70 242 338
104 141 147
104 170 348
104 141 234
234 336 348
141 234 263
94 155 336
60 165 200
94 260 266
1 228 270
200 250 307
204 229 250
101 222 305
10 274 322
79 125 263
107 240 325
151 222 305
30 158 244
22 27 140
101 181 272
32 255 269
43 48 209
17 171 337
47 82 337
43 209 265
84 156 301
105 196 235
90 217 341
23 36 116
105 235 328
105 196 219
22 69 239
22 27 69
22 140 328
27 69 338
2 27 140
69 70 338
242 244 338
54 59 133
70 124 273
54 59 235
54 235 239
36 75 331
65 75 331
65 115 331
31 116 133
64 110 300
4 112 215
31 115 289
74 206 289
51 63 75
182 223 279
26 87 225
19 26 87
74 289 300
4 112 145
254 315 333
176 315 344
176 278 344
138 157 290
150 288 344
138 254 290
150 157 290
4 259 347
4 145 259
3 128 238
57 128 238
71 89 173
89 220 238
113 160 220
91 113 173
144 207 208
127 144 286
127 144 175
11 161 299
71 130 303
320 335 346
3 268 346
268 293 335
3 28 320
268 335 346
57 68 128
3 320 346
19 128 167
19 167 227
84 156 280
19 163 227
8 167 227
105 219 301
8 14 61
83 298 306
214 298 335
14 47 337
49 102 172
7 81 308
82 187 337
39 102 172
35 39 343
49 180 251
35 39 172
35 117 172
53 180 251
88 297 340
58 251 297
308 321 326
142 343 345
117 340 345
39 162 166
102 162 317
18 162 166
7 308 342
18 29 73
149 308 342
149 214 303
149 282 308
282 308 326
11 122 161
122 127 161
20 175 282
11 122 261
122 261 292
44 246 292
93 271 321
142 340 345
93 212 271
93 142 212
192 213 283
191 236 287
134 154 226
191 236 245
154 213 283
42 236 287
11 24 245
42 236 245
24 191 245
0 67 77
77 190 283
88 146 159
114 183 275
42 67 77
72 118 296
194 195 211
114 194 233
164 194 211
159 164 194
146 183 203
146 159 183
146 203 212
186 211 324
164 186 211
186 294 324
72 177 324
194 195 233
126 294 296
126 169 294
40 126 296
40 148 296
40 126 249
40 148 249
197 221 253
6 197 253
21 103 169
21 80 264
21 103 267
53 251 297
53 180 205
230 297 349
49 102 332
32 106 171
32 171 255
168 311 327
210 247 255
210 247 311
100 311 330
100 131 237
76 237 312
15 80 92
13 86 168
232 258 302
120 258 302
1 178 250
232 277 302
41 52 108
120 121 258
121 168 258
168 181 327
41 52 277
52 228 277
121 178 250
1 178 277
38 228 270
52 108 228
33 98 199
98 129 199
41 95 108
25 41 174
5 6 197
197 216 267
92 216 264
5 197 216
5 216 232
129 253 316
85 262 314
197 221 267
37 119 153
33 109 218
243 323 326
319 334 341
217 301 341
72 296 324
190 283 287
225 281 300
74 281 300
269 311 330
221 267 314
43 265 334
96 265 334
234 263 336
155 263 336
253 314 316
247 255 269
322 329 339
92 232 312
160 220 347
220 238 279
219 224 301
219 224 256
109 218 313
38 218 270
33 218 241
207 208 318
130 208 318
4 215 347
221 253 314
49 205 332
203 213 323
140 201 328
195 211 324
177 195 324
189 288 299
144 189 286
189 286 299
188 259 347
184 192 203
183 184 203
114 183 194
183 184 275
101 181 222
179 248 256
129 174 253
303 320 335
171 257 327
168 181 272
168 204 272
168 204 250
168 232 258
86 168 232
133 215 252
167 268 293
137 166 343
137 166 202
81 166 202
165 200 250
163 206 281
214 303 335
162 298 306
164 297 349
159 164 297
156 163 227
156 163 301
154 283 287
154 191 287
37 153 314
151 209 222
123 151 209
150 157 160
113 150 160
149 175 282
144 149 175
148 249 262
278 288 299
141 147 310
293 298 335
45 143 215
143 215 347
143 160 347
140 201 291
106 171 187
134 154 213
31 133 215
99 204 295
48 171 257
96 132 265
123 132 209
131 205 309
130 173 318
71 130 173
130 149 208
91 189 288
247 269 311
126 249 262
125 141 310
124 239 252
278 288 344
16 123 291
122 127 175
20 122 175
192 203 213
37 119 262
72 118 177
117 172 251
115 116 331
76 237 309
23 111 304
110 145 259
110 225 300
83 293 298
62 110 198
171 187 337
110 188 259
110 112 145
64 110 112
14 319 337
220 223 279
107 151 325
138 152 160
274 322 339
171 210 327
131 237 309
45 138 152
13 100 237
177 195 233
66 139 218
44 213 323
75 115 289
35 343 345
89 113 220
67 118 231
57 68 276
45 315 333
33 109 313
33 199 241
171 210 255
254 290 315
30 240 285
41 129 174
91 189 207
2 291 325
11 213 261
169 186 349
153 241 316
260 266 329
19 163 281
16 90 123
39 166 343
135 187 332
22 235 239
9 85 126
69 124 239
32 106 269
45 176 315
123 151 291
16 201 217
24 154 226
0 77 283
18 162 298
45 254 333
10 240 310
101 107 295
50 181 222
23 179 304
107 151 305
104 170 242
162 306 317
23 59 133
23 59 111
22 235 328
219 256 304
103 126 169
79 322 329
114 184 275
18 73 166
78 124 273
21 216 264
21 216 267
17 48 319
58 117 251
31 64 300
290 315 344
106 269 332
20 246 292
17 319 337
7 29 81
87 110 225
165 218 270
85 267 314
45 138 254
14 84 341
101 107 305
8 83 293
68 87 128
17 48 171
8 84 280
214 298 342
159 183 194
33 98 313
26 225 281
3 28 71
0 184 192
41 95 129
53 169 309
35 117 345
6 25 253
93 137 321
3 71 89
100 269 330
78 124 252
143 152 160
47 82 306
44 323 326
91 150 288
14 319 341
36 51 75
80 169 309
8 61 84
99 274 295
136 185 336
137 202 321
10 125 322
25 41 277
53 169 230
59 111 196
2 30 325
8 167 293
6 25 232
2 30 158
8 14 83
99 229 307
215 252 278
44 261 292
20 246 282
20 122 292
2 158 244
11 134 226
88 159 297
10 125 310
25 232 277
7 29 298
137 142 343
3 128 268
19 26 281
153 314 316
0 192 283
95 98 313
14 61 84
88 142 212
15 80 309
21 80 169
110 182 223
11 134 213
11 24 226
66 119 148
31 115 116
110 188 223
12 110 182
138 157 160
196 219 304
68 87 276
45 143 152
13 100 311
23 36 179
13 237 312
205 284 332
27 244 338
244 285 310
28 303 320
118 177 231
65 75 115
24 154 191
38 95 218
23 116 133
15 76 309
16 201 291
60 99 274
104 147 242
44 213 261
29 73 81
25 174 253
111 196 304
94 266 329
16 90 217
36 51 179
85 126 262
188 220 347
14 47 83
66 218 241
84 301 341
12 110 198
88 142 340
48 50 257
48 50 222
48 209 222
105 217 301
95 218 313
48 319 334
42 77 287
132 209 265
51 224 256
66 153 241
54 133 239
147 244 310
101 204 272
79 125 322
260 329 339
60 99 200
30 240 325
119 148 262
34 55 136
97 203 323
55 136 336
121 168 250
67 114 184
90 96 341
2 27 244
57 198 276
12 238 279
58 117 340
58 297 340
128 167 268
240 285 310
59 196 235
129 241 316
60 165 260
60 260 339
56 97 243
62 198 276
63 163 224
165 250 270
31 289 300
66 119 153
67 118 296
67 177 233
50 181 327
97 203 212
97 212 271
73 81 166
50 257 327
7 298 342
135 193 332
60 274 339
75 206 289
63 75 206
294 296 324
125 141 263
77 190 287
79 155 329
79 155 263
66 139 148
131 269 284
82 306 317
67 114 233
67 177 231
12 57 238
82 317 332
82 187 332
86 232 312
51 179 256
85 103 267
9 85 103
100 131 269
62 87 110
133 239 252
201 217 328
19 87 128
91 207 318
18 29 298
89 113 173
269 284 332
5 6 232
90 96 132
9 103 126
90 123 132
2 140 291
45 176 278
93 137 142
95 108 228
91 113 150
169 186 294
102 317 332
106 193 332
95 98 129
38 95 228
129 199 241
96 334 341
97 271 321
97 243 321
94 155 329
63 163 206
130 149 303
99 200 307
101 204 295
