74 206 281
43 48 334
45 215 278
31 64 289
7 29 73
94 155 266
8 156 227
64 112 215
59 116 133
127 161 286
4 45 143
0 67 184
56 97 323
53 205 309
13 168 311
181 257 327
94 165 260
125 310 322
10 310 322
224 248 256
99 204 229
84 217 341
84 334 341
34 70 136
179 248 304
248 256 304
51 63 224
31 64 215
19 26 163
188 220 223
144 149 208
113 150 157
130 207 208
150 290 344
12 57 198
12 182 279
8 156 280
39 102 162
130 207 318
161 286 299
246 282 326
213 261 323
44 246 326
56 243 323
88 146 212
88 164 349
58 117 297
53 230 297
106 187 337
237 311 312
49 172 251
106 135 193
210 311 327
169 230 349
106 135 187
96 123 132
229 250 307
178 277 302
1 250 270
37 262 314
41 232 277
33 139 218
46 55 336
70 136 242
34 55 185
34 136 185
107 305 325
141 244 285
30 244 285
141 147 244
104 141 147
234 336 348
141 234 263
266 329 339
260 266 339
94 260 266
165 260 339
1 228 270
60 99 295
50 101 222
200 250 307
60 200 307
101 222 305
79 125 263
30 158 244
22 27 140
2 158 291
16 90 201
16 123 132
32 255 269
43 48 209
17 171 337
47 82 337
48 171 334
43 209 265
16 90 132
105 196 235
90 140 201
84 105 217
105 196 219
22 140 328
27 69 338
54 59 133
69 124 252
78 252 273
54 59 235
54 235 239
111 196 235
4 45 215
65 115 331
31 116 133
64 110 300
64 289 300
31 116 331
4 112 215
31 115 289
31 115 331
63 206 281
74 206 289
51 63 75
19 87 276
12 198 276
26 87 225
19 26 87
62 110 182
12 182 276
62 182 276
64 112 145
74 289 300
64 110 145
74 225 300
4 143 347
91 288 299
4 112 145
45 278 333
133 252 278
254 315 333
138 152 157
254 315 344
176 315 344
176 278 344
288 299 344
138 157 290
254 290 344
150 288 344
138 254 290
150 157 290
4 259 347
4 145 259
188 220 259
3 128 238
83 298 335
71 89 173
113 157 160
113 160 220
91 113 173
144 207 208
127 144 286
278 299 344
11 161 299
91 189 299
28 214 320
18 73 81
83 293 335
3 268 346
268 293 335
3 28 320
268 335 346
19 68 128
3 320 346
19 68 276
84 156 280
8 167 227
105 219 301
83 298 306
214 298 335
49 102 172
82 187 337
49 180 251
53 180 251
88 212 340
142 212 340
102 162 317
18 29 162
18 162 166
29 214 298
29 162 298
7 29 342
7 73 81
18 29 73
149 308 342
29 214 342
149 282 308
282 308 326
20 122 127
20 127 175
122 127 161
20 175 282
122 261 292
44 246 292
97 192 323
56 243 271
56 97 271
88 159 164
81 137 202
137 202 343
142 340 345
93 142 321
93 212 271
93 142 212
97 192 203
154 213 261
0 77 183
97 203 271
183 192 203
192 213 323
11 134 261
192 213 283
134 154 261
134 154 226
154 213 283
42 236 287
11 24 245
42 236 245
24 191 245
24 191 226
0 67 77
88 146 159
114 159 183
42 67 77
72 118 296
67 231 233
194 195 211
164 194 211
146 183 203
146 159 183
9 126 249
72 177 324
195 231 233
177 195 231
118 231 296
72 177 231
72 118 231
67 231 296
126 169 294
40 148 296
9 85 267
9 126 169
221 314 316
221 253 316
40 126 249
40 148 249
197 221 253
6 197 253
21 103 169
21 103 267
76 205 309
53 180 205
230 297 349
100 284 330
49 102 332
269 284 330
106 171 337
135 187 193
32 106 171
32 106 193
32 171 255
50 181 257
210 257 327
168 311 327
210 247 255
13 311 312
13 86 168
1 178 250
86 92 232
232 277 302
120 121 258
101 272 295
181 204 272
121 178 250
1 178 277
38 228 270
25 41 232
33 98 199
98 129 199
41 95 174
25 41 174
129 153 199
216 264 267
5 6 197
5 197 216
37 314 316
85 262 314
85 221 314
66 199 241
37 119 153
37 153 316
33 109 218
153 199 241
90 328 341
243 323 326
202 321 343
72 296 324
340 345 349
278 315 333
43 265 334
96 265 334
234 263 336
155 263 336
79 263 329
247 255 269
322 329 339
92 232 264
74 225 281
87 225 276
62 225 276
160 220 347
219 224 301
219 224 256
109 218 313
38 218 270
105 217 235
217 235 328
214 335 346
164 211 349
151 209 325
209 305 325
202 321 326
195 211 324
177 195 324
214 303 342
190 191 245
190 191 226
189 207 286
168 204 327
189 286 299
182 188 279
188 223 279
102 187 332
183 192 283
136 185 242
114 183 233
183 233 275
183 190 283
183 184 275
0 183 184
10 240 322
51 179 224
129 174 253
5 174 216
25 174 216
130 173 303
173 189 207
117 172 345
171 210 257
147 170 244
168 232 258
86 168 232
167 268 293
137 166 343
121 204 258
165 200 250
209 222 305
162 298 306
122 161 261
11 161 261
158 242 338
158 242 244
156 224 301
155 266 329
153 253 316
129 153 253
210 237 247
156 163 224
123 151 209
151 158 291
30 151 158
149 175 282
186 211 294
148 249 262
104 147 185
146 203 271
144 207 286
202 308 342
143 160 347
104 141 348
141 234 348
141 240 285
66 139 199
33 139 199
190 245 287
154 190 283
31 133 215
99 204 295
133 215 278
48 171 257
6 174 253
131 284 332
131 180 205
130 173 318
130 149 208
98 129 313
19 128 227
127 144 149
127 149 175
125 141 310
69 124 338
124 242 338
142 321 345
16 123 291
49 180 332
120 121 302
247 269 330
120 232 258
37 119 262
117 172 251
121 204 229
114 194 195
114 195 233
107 322 325
23 111 331
7 202 342
23 111 304
110 145 259
110 225 300
62 110 225
110 182 188
110 188 259
154 190 226
41 108 277
274 295 339
52 108 277
220 223 279
274 322 339
76 205 237
84 105 156
105 156 301
104 185 348
60 99 307
45 138 152
152 157 160
75 115 289
40 296 324
35 343 345
40 126 294
89 113 220
38 41 95
38 41 108
36 65 75
36 65 331
57 68 276
131 180 332
28 71 214
33 109 313
32 193 332
101 107 274
204 272 295
171 210 255
30 240 285
60 295 339
3 89 220
30 151 325
88 340 349
169 186 349
80 264 267
214 320 346
13 15 312
114 159 164
100 237 284
27 140 201
186 211 349
27 158 338
240 322 325
22 235 239
13 15 86
26 63 224
27 69 239
90 140 328
123 151 291
25 216 264
38 52 108
15 237 312
107 274 322
60 200 339
2 27 158
23 179 304
162 306 317
22 235 328
219 256 304
45 138 333
79 322 329
176 278 315
202 308 326
21 80 267
91 173 189
58 117 251
20 246 292
155 263 329
10 141 310
35 39 102
165 218 270
197 216 221
2 27 201
101 107 305
8 83 306
8 83 293
15 80 264
100 237 247
8 84 280
120 232 302
33 98 313
26 225 281
3 28 71
101 274 295
26 63 281
70 252 273
53 169 309
5 6 174
15 86 92
111 116 235
3 71 89
59 116 235
149 303 342
131 237 284
143 152 160
47 82 306
44 323 326
91 150 288
165 200 339
36 51 75
80 169 309
8 61 84
114 164 194
61 84 334
57 68 238
1 52 277
53 169 230
14 319 334
2 201 291
8 167 293
128 167 227
99 229 307
44 261 292
32 269 332
44 261 323
20 246 282
68 128 238
20 122 292
121 178 302
11 134 226
103 169 267
181 204 327
82 102 317
9 169 267
55 185 348
170 242 244
35 166 343
1 52 228
3 220 238
3 128 268
96 209 265
15 80 309
21 80 169
11 24 226
66 119 148
187 193 332
111 116 331
146 212 271
15 92 264
196 219 304
7 81 202
236 245 287
45 143 152
138 254 333
23 36 179
25 232 264
14 61 334
65 75 115
38 95 218
12 220 279
15 76 309
35 162 166
16 201 291
35 39 162
35 102 172
17 47 319
111 196 304
36 51 179
17 47 337
18 81 137
321 343 345
46 155 336
46 94 155
46 78 273
46 55 273
71 173 303
14 47 61
71 214 303
14 47 319
48 50 257
48 50 222
48 209 222
95 218 313
77 183 190
50 181 272
50 101 272
42 77 287
170 185 242
66 153 241
54 133 239
19 156 163
79 125 322
53 58 251
53 58 297
47 61 306
30 240 325
119 148 262
55 70 273
34 55 70
168 204 258
23 36 331
55 336 348
19 156 227
117 345 349
117 297 349
90 96 341
70 124 242
38 52 228
57 198 276
128 167 268
67 233 275
217 328 341
18 137 166
8 61 306
131 205 237
165 250 270
66 119 153
210 237 311
171 319 334
69 133 252
69 133 239
121 229 250
12 220 238
75 206 289
63 75 206
125 141 263
77 190 287
66 139 148
67 184 275
82 102 187
82 306 317
12 57 238
211 294 324
179 224 248
10 141 240
40 294 324
173 207 318
85 216 221
85 216 267
9 85 249
85 249 262
89 113 173
269 284 332
15 76 237
90 96 132
96 123 209
91 113 150
93 243 271
70 124 252
93 321 326
220 259 347
93 243 326
169 186 294
95 129 313
26 163 224
17 171 319
35 172 345
96 334 341
147 170 185
95 129 174
100 247 330
130 149 303
22 27 239
