13 30 41
9 12 24
3 21 46
32 35 49
17 21 46
7 32 37
3 34 46
2 16 47
8 22 23
11 28 39
8 15 26
6 15 31
11 13 28
30 41 43
12 24 27
3 9 25
9 25 36
27 35 41
26 42 49
4 41 43
4 35 41
7 32 35
37 45 48
4 35 49
7 37 48
17 32 46
10 34 46
17 21 45
10 20 46
5 10 20
5 20 44
34 38 47
8 15 22
2 34 47
18 19 23
2 16 33
20 44 49
26 44 49
19 22 23
18 23 44
0 19 22
18 19 33
32 46 49
20 46 49
42 43 49
4 43 49
9 14 24
8 23 44
8 26 44
6 30 43
1 13 41
6 29 31
3 21 45
15 26 42
9 45 48
0 16 38
1 25 36
1 13 28
13 29 40
9 14 36
7 9 48
5 10 34
6 29 40
7 12 27
2 5 34
0 19 33
6 42 43
1 14 41
13 29 39
11 13 39
16 38 47
15 29 39
7 27 35
1 14 36
15 29 31
6 15 42
17 32 37
14 24 41
5 33 44
17 37 45
13 30 40
24 27 41
3 9 45
2 5 33
6 30 40
7 9 12
18 33 44
0 16 33
