6 26 42
6 13 40
2 5 10
6 13 30
9 12 24
11 29 39
20 32 49
14 24 27
32 35 49
17 21 46
7 32 37
2 16 47
11 29 40
11 28 39
8 15 26
6 15 26
1 28 41
6 15 31
11 13 40
11 13 28
1 27 41
30 41 43
12 24 27
3 9 25
1 14 25
9 24 36
9 25 36
3 9 48
1 14 27
27 35 41
26 42 49
4 41 43
4 35 41
7 32 35
4 35 49
21 45 48
3 21 48
10 20 46
5 10 20
2 18 44
5 20 44
2 10 34
34 38 47
2 5 44
8 15 22
2 34 47
18 19 23
2 16 33
2 18 33
20 44 49
26 44 49
18 23 44
0 19 22
18 19 33
42 43 49
4 43 49
8 23 44
8 19 23
8 26 44
6 30 43
6 29 31
8 19 22
0 16 38
7 9 48
6 29 40
7 12 27
0 19 33
6 42 43
14 24 25
24 25 36
7 45 48
16 38 47
15 29 39
7 27 35
15 29 31
17 21 32
7 37 45
21 32 37
3 21 34
21 37 45
17 20 46
28 30 41
10 21 46
17 20 32
13 28 30
7 9 12
10 21 34
0 16 33
