29 31 40
6 26 42
13 30 41
2 5 10
11 29 39
14 24 27
32 35 49
17 21 46
17 32 45
8 22 23
6 31 40
11 28 39
8 15 26
6 30 42
30 42 43
11 13 28
12 27 35
3 9 25
14 24 36
9 24 36
9 25 36
3 9 48
7 12 35
27 35 41
4 42 43
7 32 35
37 45 48
4 35 49
21 45 48
32 37 45
3 21 48
17 21 45
5 20 44
2 10 34
34 38 47
2 5 44
8 15 22
16 33 47
20 44 49
26 44 49
18 23 44
0 19 22
18 19 33
33 38 47
8 23 44
0 33 38
17 32 49
7 32 48
8 26 44
1 13 41
5 10 46
9 24 27
1 25 36
1 13 28
13 29 40
7 9 48
4 26 49
0 19 33
6 26 31
4 26 42
5 20 46
1 14 41
2 16 34
16 33 44
18 22 23
14 27 41
15 29 39
1 14 36
30 35 43
15 29 31
2 16 44
16 34 47
9 12 27
18 19 22
11 13 29
13 30 40
3 21 34
17 20 46
17 20 49
10 21 46
30 35 41
6 30 40
7 9 12
32 37 48
18 33 44
15 26 31
4 35 43
10 21 34
