29 31 40
6 26 42
13 30 41
9 12 24
11 29 39
32 35 49
17 21 46
8 22 23
11 29 40
6 31 40
11 28 39
1 28 41
6 15 31
13 28 41
11 13 40
11 13 28
30 41 43
12 27 35
12 24 27
3 9 25
9 25 36
3 9 48
7 12 35
7 12 48
27 35 41
26 42 49
4 41 43
4 35 41
7 32 35
37 45 48
4 35 49
9 12 48
17 32 46
10 20 46
5 10 20
5 20 44
34 38 47
2 5 44
8 15 22
18 19 23
16 33 47
20 44 49
26 44 49
19 22 23
18 23 44
0 19 22
18 19 33
33 38 47
32 46 49
20 46 49
42 43 49
4 43 49
9 14 24
8 23 44
0 33 38
7 32 48
8 26 44
6 30 43
3 45 48
3 21 45
1 25 36
9 14 36
5 10 34
2 5 34
0 19 33
6 42 43
1 14 41
2 16 34
6 8 26
16 33 44
15 29 39
1 14 36
15 29 31
2 16 44
16 34 47
14 24 41
17 21 32
21 32 37
13 30 40
3 21 34
21 37 45
24 27 41
10 21 46
6 30 40
32 37 48
6 8 15
18 33 44
10 21 34
