2 110 148
103 115 124
36 92 175
112 155 190
38 112 122
63 90 93
59 72 89
22 92 191
114 119 135
46 56 71
13 66 117
15 74 146
16 48 143
82 132 142
3 14 124
18 145 178
111 126 149
0 16 172
0 53 121
3 124 164
141 192 198
83 88 131
119 135 198
63 90 188
122 175 183
20 174 177
92 175 183
9 152 191
152 161 196
1 96 154
161 165 196
1 96 138
29 87 95
54 60 170
39 154 171
39 94 113
141 156 180
114 119 197
99 135 141
1 99 141
32 161 193
106 168 182
15 139 195
107 139 195
32 161 165
57 100 105
7 55 195
7 55 140
91 142 157
83 115 194
17 72 117
14 21 124
13 98 158
97 158 169
8 142 157
61 158 169
74 110 148
8 65 142
29 95 160
152 183 191
29 42 87
87 95 118
95 108 118
40 52 150
47 64 108
47 64 69
40 64 69
0 16 166
52 150 166
40 145 150
18 19 145
40 145 178
40 178 187
18 128 129
19 121 145
14 53 176
19 121 176
53 121 176
0 121 166
131 164 172
16 131 172
20 120 143
3 164 172
3 14 53
88 131 164
20 83 131
83 88 115
20 120 177
22 92 93
38 112 190
16 48 134
48 101 143
45 134 155
45 52 108
42 87 118
29 152 183
29 38 122
29 122 183
36 101 175
22 63 93
22 188 191
36 92 93
73 90 93
73 90 109
85 90 156
22 63 188
33 62 96
92 183 191
9 50 152
50 152 196
33 96 189
31 32 199
10 161 193
31 179 193
11 31 67
31 67 179
32 165 199
31 32 193
144 165 199
94 144 199
39 62 94
62 94 144
54 147 171
54 60 171
11 67 78
54 68 170
30 159 186
159 170 179
60 67 78
60 78 171
68 159 170
114 116 197
119 125 198
99 147 184
1 141 180
1 99 184
1 154 184
1 138 180
85 177 192
109 120 177
85 141 156
85 141 192
135 141 198
174 177 192
79 89 125
59 79 81
59 79 89
106 119 182
127 168 182
81 106 119
116 185 197
25 57 100
30 68 159
159 179 186
24 57 136
133 136 163
6 100 105
57 133 136
25 27 44
24 136 146
24 57 105
6 43 105
6 12 43
24 43 105
24 43 146
43 139 146
15 139 146
15 74 195
34 55 195
58 76 84
55 76 181
76 106 168
56 58 76
34 55 181
76 168 181
13 66 153
5 58 80
7 84 140
5 58 84
5 75 80
35 110 162
7 110 162
91 132 151
7 84 162
35 75 162
2 148 173
123 157 173
28 66 153
13 49 153
49 102 153
28 46 80
35 153 167
35 75 167
28 153 167
4 17 72
4 103 115
21 51 104
51 61 126
49 65 98
13 49 98
14 21 104
14 104 176
18 19 129
77 128 129
18 128 178
86 128 178
86 178 187
41 86 187
26 40 187
70 77 169
23 26 187
82 130 132
23 70 97
91 132 142
23 70 187
26 82 130
82 97 142
23 26 82
70 97 169
23 82 97
65 98 158
13 61 158
2 123 173
2 8 123
8 123 157
148 151 173
26 148 151
180 188 189
154 171 184
133 163 185
91 151 157
121 145 166
138 180 189
16 134 166
20 131 143
26 130 151
130 132 151
125 174 192
125 174 194
54 116 147
99 116 147
94 113 199
39 113 171
21 111 124
101 122 175
101 112 122
7 110 195
99 114 135
99 114 116
85 90 177
147 171 184
16 131 143
79 81 119
79 119 125
11 78 113
78 113 171
41 77 187
56 76 81
5 75 84
74 136 146
73 120 143
72 125 194
72 115 194
66 71 117
125 192 198
68 185 186
30 68 186
62 144 165
33 62 165
13 61 117
61 117 126
27 100 137
163 185 186
88 124 164
21 51 126
21 111 126
6 168 181
145 150 166
42 45 155
51 61 77
60 67 179
17 126 149
17 117 126
17 37 149
8 65 102
44 185 197
151 157 173
74 136 163
12 34 181
88 115 124
111 124 149
101 112 155
56 59 81
6 12 181
12 107 139
27 127 137
11 113 199
12 107 195
42 108 118
4 103 124
41 77 128
47 69 95
49 65 102
65 97 142
90 156 188
19 104 129
6 127 168
163 179 186
27 119 197
35 102 153
96 138 189
8 35 110
11 31 199
3 53 172
40 64 108
45 134 166
70 77 187
50 165 196
65 97 158
73 109 120
25 27 100
60 170 179
27 127 182
12 43 139
20 174 194
28 75 167
29 38 190
51 104 129
6 127 137
20 83 194
6 100 137
9 33 50
72 89 125
9 33 189
4 37 124
2 8 110
4 17 37
74 110 195
9 188 191
44 133 185
28 66 71
12 34 195
46 58 80
28 75 80
29 42 190
61 77 169
9 188 189
0 53 172
8 35 102
90 109 177
4 72 115
36 73 93
37 124 149
36 73 143
27 119 182
36 101 143
39 96 154
19 104 176
25 44 57
39 62 96
40 52 108
41 86 128
42 45 108
54 116 185
27 44 197
76 81 106
42 155 190
69 95 160
44 57 133
45 52 166
47 95 108
48 134 155
75 84 162
48 101 155
46 56 58
33 50 165
51 77 129
28 46 71
54 68 185
156 180 188
55 84 140
55 76 84
56 59 71
59 71 117
59 72 117
74 163 179
