36 92 175
112 155 190
38 112 122
63 90 93
59 72 89
22 92 191
114 119 135
46 56 71
96 188 189
59 71 81
13 66 117
8 49 102
16 48 143
82 132 142
18 145 178
111 126 149
0 16 172
125 194 198
3 124 164
141 192 198
119 135 198
63 90 188
96 138 188
122 175 183
92 175 183
9 152 191
152 161 196
161 165 196
33 165 196
11 31 113
29 87 95
54 60 170
39 154 171
39 94 113
141 156 180
114 119 197
99 135 141
106 168 182
54 68 116
27 182 197
15 139 195
43 107 139
136 146 163
107 139 195
57 100 105
7 55 195
127 137 182
7 55 140
81 119 125
76 84 140
46 56 80
91 142 157
7 74 110
174 192 194
79 81 125
17 72 117
121 145 150
97 142 158
13 98 158
97 158 169
8 142 157
61 158 169
91 157 173
8 65 142
29 95 160
121 150 166
152 183 191
29 42 87
87 95 118
95 108 118
40 52 64
47 69 108
47 64 69
40 64 69
0 16 166
40 145 150
18 19 145
40 145 178
51 77 104
40 178 187
18 128 129
19 129 176
14 53 176
0 3 172
0 3 53
0 121 166
131 164 172
16 131 172
20 120 143
3 164 172
3 14 53
20 83 131
83 88 115
109 120 143
22 92 93
38 112 190
16 48 134
48 101 143
45 134 155
45 52 108
38 42 190
42 87 118
29 152 183
29 38 42
112 122 175
36 101 175
22 188 191
36 92 93
73 90 93
73 90 109
85 90 156
33 62 96
138 180 188
92 183 191
9 50 152
9 50 189
50 152 196
33 96 189
10 161 193
31 179 193
11 31 67
31 67 179
32 165 199
31 32 193
144 165 199
94 144 199
39 62 94
62 94 144
54 147 171
54 60 171
60 67 170
54 68 170
30 159 186
60 78 171
68 159 170
119 125 198
99 147 184
147 154 171
1 99 184
1 154 184
1 138 180
147 154 184
73 109 143
109 120 177
85 141 156
135 141 198
192 194 198
174 177 192
79 89 125
66 71 72
59 79 81
59 79 89
59 71 72
27 44 185
106 119 182
127 168 182
81 106 119
25 27 137
119 182 197
27 185 197
25 57 100
44 133 186
159 179 186
24 57 136
133 163 186
25 44 133
133 136 163
57 133 136
25 100 137
25 57 133
27 137 182
25 27 44
24 136 146
24 57 105
43 139 146
12 34 107
7 74 195
15 139 146
15 74 195
34 107 195
34 55 195
58 76 84
56 58 76
56 71 81
34 55 181
13 66 153
7 84 140
5 84 162
5 58 84
5 75 162
5 75 80
7 110 162
91 132 151
7 84 162
2 35 110
2 148 173
123 157 173
28 66 153
13 49 153
8 49 65
49 102 153
28 46 80
35 153 167
35 75 167
28 153 167
117 126 149
66 72 117
17 117 149
4 17 72
4 72 194
4 37 103
4 103 115
21 51 104
51 77 169
21 51 111
51 61 126
51 61 169
49 65 98
13 49 98
51 111 126
14 21 104
65 142 158
77 104 129
18 19 129
77 128 129
18 128 178
86 128 178
86 178 187
41 86 187
26 40 187
70 77 169
23 26 187
82 130 132
91 132 142
23 70 187
26 82 130
82 97 142
23 26 82
23 82 97
65 98 158
13 61 158
2 123 173
8 123 157
91 151 173
148 151 173
26 148 151
33 189 196
50 189 196
30 159 185
141 177 192
76 140 181
1 138 154
96 138 154
16 134 166
20 131 143
26 130 151
130 132 151
54 116 147
99 116 147
39 113 171
21 111 124
106 168 181
43 105 146
20 120 174
99 141 180
99 114 135
99 114 116
85 90 177
101 112 175
1 99 180
83 88 164
16 131 143
11 78 113
78 113 171
41 77 187
56 76 81
35 75 110
75 110 162
32 165 193
72 125 194
76 106 181
22 93 188
68 185 197
68 114 116
68 114 197
67 159 170
67 159 179
121 145 176
62 144 165
33 62 165
13 61 117
61 117 126
88 124 164
23 97 169
120 174 177
6 168 181
42 45 155
17 37 149
6 12 107
37 115 124
12 34 181
5 56 58
55 140 181
15 74 163
88 115 124
111 124 149
101 112 155
2 74 110
6 12 181
42 108 118
3 21 124
41 77 128
47 52 108
90 156 188
83 131 164
6 127 168
4 83 194
163 179 186
35 102 153
4 83 115
69 95 108
2 35 123
0 121 176
0 53 176
45 134 166
70 77 187
11 60 67
15 146 163
3 14 21
20 174 194
2 74 148
14 104 129
28 75 167
6 43 107
6 127 137
20 83 194
6 100 137
72 89 125
23 70 169
4 17 37
9 188 191
11 60 78
28 66 71
28 75 80
30 44 186
30 44 185
32 94 199
9 188 189
31 32 113
32 94 113
5 56 80
8 35 102
90 109 177
8 35 123
36 73 93
37 124 149
85 141 177
36 73 143
36 101 143
24 105 146
29 38 183
38 122 183
39 96 154
39 62 96
40 52 166
40 150 166
41 86 128
19 145 176
42 45 108
161 165 193
76 81 106
37 103 115
42 155 190
69 95 160
6 43 100
43 100 105
45 52 166
63 93 188
14 129 176
47 52 64
48 134 155
48 101 155
68 159 185
28 46 71
156 180 188
74 163 179
