36 92 175
112 155 190
22 92 191
4 17 149
46 56 71
13 66 117
15 74 146
16 48 143
82 132 142
111 126 149
42 45 118
0 16 172
0 53 121
85 109 177
141 192 198
122 175 183
92 175 183
9 152 191
152 161 196
161 165 196
11 31 113
29 87 95
54 60 170
39 94 113
141 156 180
114 119 197
90 156 180
1 99 141
6 100 127
114 116 135
106 168 182
54 68 116
43 107 139
32 161 165
57 100 105
7 55 195
127 137 182
7 55 140
81 119 125
46 56 80
91 142 157
7 74 110
174 192 194
79 81 125
83 115 194
17 72 117
21 37 124
121 145 150
97 158 169
61 158 169
2 8 35
29 95 160
121 150 166
152 183 191
29 42 87
87 95 118
45 108 118
95 108 118
40 52 64
47 69 108
47 64 69
40 64 69
0 16 166
40 145 150
40 145 178
40 178 187
18 128 129
19 121 145
14 53 176
19 121 176
53 121 176
0 121 166
16 131 172
16 20 131
3 164 172
3 14 53
4 37 149
88 115 164
20 83 131
83 88 115
109 120 143
73 101 143
16 48 134
48 101 143
16 45 134
45 134 155
45 52 108
42 45 190
45 155 190
42 87 118
29 152 183
29 38 42
22 63 93
22 188 191
73 90 109
85 90 156
22 63 188
33 62 96
188 189 191
9 189 191
92 183 191
9 50 152
50 152 196
33 96 189
31 179 193
11 31 67
31 67 179
32 165 199
31 32 193
144 165 199
94 144 199
39 62 94
62 96 154
62 94 144
54 147 171
11 78 171
60 67 170
54 68 170
67 170 179
30 159 186
159 170 179
30 68 185
68 159 170
99 116 135
119 125 198
99 147 184
1 141 180
1 99 184
1 154 184
1 138 180
147 154 184
39 62 154
85 90 109
73 109 143
85 177 192
109 120 177
85 141 156
85 141 192
174 177 192
20 83 174
79 89 125
66 71 72
83 174 194
59 79 81
59 79 89
56 58 80
106 119 182
100 127 137
127 168 181
127 168 182
81 106 119
25 27 137
30 185 186
30 68 159
159 179 186
24 57 136
133 136 163
6 100 105
57 133 136
25 57 133
27 137 182
24 136 146
24 57 105
6 43 105
6 12 43
43 139 146
12 34 107
7 74 195
15 139 146
15 74 195
12 43 107
6 127 181
58 76 84
56 58 76
34 55 181
13 66 153
5 58 80
28 80 167
7 84 140
5 84 162
5 58 84
5 75 162
7 110 162
91 132 151
7 84 162
2 35 110
2 148 173
28 66 153
13 49 153
49 102 153
8 102 153
28 46 80
35 75 167
28 153 167
21 37 111
66 72 117
4 17 72
4 72 194
4 37 103
13 117 126
37 111 149
13 61 126
51 61 126
49 65 98
13 49 98
51 111 126
14 21 104
18 19 129
77 128 129
18 128 178
86 128 178
26 40 187
70 77 169
23 26 187
82 130 132
91 132 142
26 82 130
82 97 142
23 26 82
70 97 169
23 82 97
13 61 158
2 123 173
2 8 123
8 123 157
91 151 173
148 151 173
26 148 151
180 188 189
133 163 185
138 180 189
1 138 154
96 138 154
26 130 151
130 132 151
125 192 194
54 116 147
99 116 147
94 113 199
39 113 171
11 113 171
106 168 181
43 105 146
51 104 111
4 103 194
20 120 174
101 122 175
101 112 122
99 135 198
114 135 198
70 97 187
23 97 187
91 123 173
83 131 172
83 164 172
83 88 164
41 77 187
56 76 81
35 75 110
75 110 162
74 136 146
73 101 175
72 125 194
125 192 198
76 106 181
71 72 89
68 185 197
68 114 116
114 119 198
68 114 197
65 142 157
8 65 157
63 90 180
63 180 188
63 73 93
62 144 165
33 62 165
27 44 133
8 35 167
163 185 186
5 75 167
120 174 177
18 19 178
51 61 77
19 145 178
39 147 171
17 126 149
17 117 126
8 65 102
44 185 197
74 136 163
37 115 124
16 120 143
12 34 181
15 107 195
25 27 133
101 112 155
13 65 98
2 74 110
56 59 81
6 12 181
15 107 139
3 21 124
41 77 128
47 52 108
49 65 102
10 32 193
65 97 142
14 19 176
55 107 195
19 104 129
5 80 167
163 179 186
27 119 197
69 95 108
96 138 189
63 73 90
3 53 172
70 77 187
11 60 67
50 165 196
65 97 158
22 36 92
21 104 111
8 153 167
3 14 21
59 71 89
2 74 148
54 78 171
51 104 129
76 84 181
14 19 104
9 33 50
72 89 125
9 33 189
36 73 175
3 115 124
10 32 161
44 133 185
11 60 78
28 66 71
61 77 169
13 65 158
31 32 113
22 36 93
32 113 199
0 53 172
99 141 198
36 73 93
27 119 182
24 105 146
29 38 183
57 100 137
38 122 183
91 123 157
39 147 154
42 112 190
41 178 187
40 52 166
40 150 166
41 86 128
41 86 178
38 42 122
103 115 194
42 112 122
55 84 181
27 44 197
76 81 106
37 103 115
69 95 160
16 45 166
3 115 164
45 52 166
34 55 107
47 52 64
48 134 155
48 101 155
16 20 120
33 50 165
51 77 129
28 46 71
54 60 78
55 84 140
56 59 71
25 57 137
74 163 179
