103 115 124
36 92 175
112 155 190
22 92 191
4 17 149
46 56 71
96 188 189
13 66 117
8 49 102
16 48 143
3 14 124
111 126 149
0 16 172
3 124 164
141 192 198
63 90 188
96 138 188
122 175 183
20 174 177
92 175 183
9 152 191
152 161 196
1 96 154
161 165 196
1 96 138
29 87 95
39 154 171
39 94 113
141 156 180
114 119 197
32 161 193
106 168 182
43 107 139
136 146 163
107 139 195
32 161 165
57 100 105
127 137 182
7 55 140
76 84 140
46 56 80
91 142 157
7 74 110
83 115 194
17 72 117
14 21 124
121 145 150
97 142 158
13 98 158
97 158 169
8 142 157
61 158 169
2 8 35
8 65 142
29 95 160
152 183 191
29 42 87
87 95 118
95 108 118
40 52 150
16 52 166
40 52 64
47 64 69
40 64 69
0 16 166
52 150 166
40 145 150
40 145 178
40 178 187
41 77 86
104 129 176
18 128 129
19 129 176
19 121 145
14 53 176
19 121 176
0 3 172
0 3 53
16 131 172
16 20 131
3 164 172
3 14 53
4 37 149
20 83 131
83 88 115
20 120 177
109 120 143
101 155 175
16 48 134
48 101 143
112 155 175
16 45 134
45 134 155
45 52 108
16 45 52
42 45 190
45 155 190
42 87 118
29 152 183
29 38 122
29 38 42
29 122 183
112 122 175
36 101 175
22 188 191
73 90 109
85 90 156
33 62 96
138 180 188
188 189 191
9 189 191
92 183 191
9 50 152
50 152 196
33 96 189
31 32 199
33 62 144
10 161 193
31 179 193
11 31 67
31 67 179
32 165 199
31 32 193
94 144 199
39 62 94
62 94 144
54 147 171
60 67 170
54 68 170
30 159 186
60 78 171
30 68 185
114 116 197
119 125 198
99 147 184
1 99 184
1 154 184
1 138 180
73 109 143
109 120 177
85 141 156
85 141 192
20 83 174
79 89 125
83 174 194
59 79 81
59 79 89
106 119 182
127 168 181
127 168 182
81 106 119
25 27 137
116 185 197
25 57 100
30 185 186
74 163 186
133 163 186
133 136 163
6 100 105
57 133 136
25 100 137
27 137 182
25 27 44
24 136 146
6 43 105
6 12 43
43 139 146
12 34 107
15 139 146
12 43 107
34 107 195
6 12 34
34 55 195
6 34 181
58 76 84
56 58 76
34 55 181
7 84 140
5 58 84
5 75 162
5 75 80
35 110 162
7 110 162
91 132 151
2 35 110
2 148 173
123 157 173
28 66 153
8 49 65
49 102 153
28 46 80
28 153 167
117 126 149
17 117 149
4 17 72
4 72 194
4 37 103
37 103 124
51 77 169
51 61 126
51 61 169
49 65 98
13 49 98
51 111 126
14 21 104
77 86 128
65 142 158
14 104 176
18 19 129
86 178 187
41 70 187
41 86 187
26 40 187
23 26 187
23 70 97
91 132 142
23 70 187
82 97 142
70 97 169
23 82 97
65 98 158
13 61 158
2 123 173
2 8 123
8 123 157
148 151 173
26 148 151
154 171 184
75 162 167
35 162 167
91 151 157
60 170 171
76 140 181
127 137 181
6 137 181
26 130 151
130 132 151
125 174 192
82 130 142
125 174 194
54 116 147
99 116 147
94 113 199
21 111 124
106 168 181
43 105 146
24 105 136
57 105 136
51 104 111
4 103 194
99 135 198
99 141 180
99 114 135
114 135 198
99 114 116
85 90 177
147 171 184
83 131 172
83 88 172
1 99 180
79 81 119
79 119 125
11 78 113
54 170 171
56 76 81
74 159 179
74 159 186
15 74 139
72 125 194
71 72 117
66 71 117
125 192 198
76 106 181
71 72 89
22 93 188
114 119 198
67 159 170
67 159 179
63 73 93
13 61 117
61 117 126
8 35 167
88 124 164
23 82 130
102 153 167
18 19 178
18 86 178
130 132 142
19 145 178
5 7 162
44 185 197
151 157 173
16 120 143
133 185 186
5 56 58
55 140 181
15 74 163
88 115 124
111 124 149
41 77 169
2 74 110
56 59 81
51 128 129
11 113 199
88 164 172
42 108 118
7 55 74
47 52 108
47 69 95
90 156 188
9 50 165
74 139 195
27 119 197
55 74 195
0 121 150
8 102 167
63 73 90
0 121 176
11 31 199
0 150 166
0 53 176
11 60 67
50 165 196
15 146 163
22 36 92
18 86 128
21 104 111
85 174 177
30 159 170
59 71 89
2 74 148
28 75 167
51 104 129
6 100 137
72 89 125
9 33 189
33 165 199
44 133 185
11 60 78
28 66 71
9 33 165
28 75 80
41 70 169
30 68 170
5 7 84
85 174 192
22 36 93
5 56 80
33 144 199
90 109 177
99 141 198
36 73 93
37 124 149
49 66 153
36 73 143
27 119 182
36 101 143
24 105 146
39 78 171
39 96 154
25 44 57
39 62 96
42 112 190
51 77 128
39 78 113
42 45 108
38 42 122
103 115 194
54 116 185
42 112 122
27 44 197
76 81 106
69 95 160
44 57 133
63 93 188
23 26 130
47 52 64
47 95 108
48 134 155
48 101 155
13 49 66
16 20 120
28 46 71
54 68 185
156 180 188
56 59 71
