2 110 148
103 115 124
112 155 190
38 112 122
89 125 194
95 108 160
59 72 89
22 92 191
4 17 149
46 56 71
59 71 81
13 66 117
15 74 146
8 49 102
16 48 143
82 132 142
18 145 178
111 126 149
0 16 172
0 53 121
85 109 177
141 192 198
83 88 131
63 90 188
122 175 183
20 174 177
152 161 196
11 39 113
54 99 147
161 165 196
1 96 138
11 31 113
29 87 95
39 154 171
39 94 113
141 156 180
54 68 116
27 182 197
43 107 139
32 161 165
57 100 105
7 55 195
127 137 182
7 55 140
81 119 125
56 76 106
91 142 157
7 74 110
174 192 194
79 81 125
17 72 117
121 145 150
97 158 169
61 158 169
91 157 173
74 110 148
29 95 160
121 150 166
69 108 160
87 95 118
95 108 118
16 52 166
40 52 64
47 69 108
47 64 69
40 64 69
0 16 166
40 145 150
40 145 178
40 178 187
18 128 129
19 121 145
14 53 176
19 121 176
53 121 176
0 121 166
16 131 172
20 120 143
3 164 172
3 14 53
4 37 149
88 115 164
20 83 131
83 88 115
20 120 177
22 92 93
38 112 190
73 93 101
73 101 143
16 48 134
48 101 143
16 45 134
45 134 155
45 52 108
16 45 52
42 45 190
45 155 190
29 152 183
36 101 175
22 63 93
36 92 93
36 93 101
73 90 109
85 90 156
33 62 96
138 180 188
92 183 191
33 50 189
9 50 152
9 50 189
50 152 196
33 96 189
33 62 144
31 179 193
11 31 67
31 67 179
32 165 199
31 32 193
144 165 199
94 144 199
39 62 94
33 144 165
62 94 144
11 39 171
54 147 171
11 78 171
11 67 78
60 67 170
54 68 170
30 159 186
60 67 78
60 78 171
30 68 185
54 99 116
119 125 198
99 147 184
1 99 184
1 154 184
1 138 180
39 62 154
85 90 109
109 120 177
85 141 156
174 177 192
20 83 174
79 89 125
72 89 194
83 174 194
59 79 81
59 79 89
27 44 185
127 168 181
81 106 119
25 27 137
27 185 197
25 57 100
30 185 186
74 163 186
24 57 136
133 136 163
6 100 105
57 133 136
25 100 137
27 137 182
25 27 44
24 136 146
24 57 105
6 43 105
6 12 43
43 139 146
7 74 195
15 139 146
15 74 195
12 43 107
6 12 34
34 55 195
58 76 84
56 81 106
46 66 71
56 58 76
56 71 81
13 66 153
5 58 80
28 80 167
7 84 140
75 80 167
5 58 84
5 75 80
7 110 162
91 132 151
2 35 110
2 148 173
123 157 173
28 66 153
13 49 153
8 49 65
49 102 153
28 46 80
35 153 167
35 75 167
28 46 66
28 153 167
4 17 72
4 72 194
4 37 103
4 103 115
37 103 124
21 51 104
51 77 169
51 61 126
51 61 169
49 65 98
13 49 98
14 21 104
41 70 187
41 70 77
26 40 187
70 77 169
23 26 187
82 130 132
91 132 142
23 70 187
82 97 142
23 82 97
13 61 158
2 123 173
8 123 157
26 130 132
26 132 151
91 151 173
148 151 173
26 148 151
154 171 184
133 163 185
60 170 171
141 177 192
138 188 189
127 137 181
6 137 181
20 131 143
125 192 194
114 182 197
94 113 199
21 111 124
106 168 181
106 127 168
106 127 182
106 114 119
43 105 146
101 122 175
101 112 122
99 135 198
99 141 180
99 114 135
114 135 198
99 114 116
147 171 184
1 99 180
16 131 143
54 170 171
35 75 110
75 110 162
5 75 84
74 159 179
74 159 186
88 131 172
74 136 146
73 120 143
66 71 117
19 129 145
125 192 198
76 106 181
68 185 197
68 114 116
114 119 198
68 114 197
67 159 170
67 159 179
65 142 157
8 65 157
63 73 93
13 61 117
61 117 126
163 185 186
29 87 118
23 97 169
23 82 130
21 51 126
21 111 126
18 86 178
17 126 149
17 117 126
74 136 163
15 107 195
111 124 149
101 112 155
14 19 129
13 65 98
36 92 183
88 164 172
15 107 139
12 107 195
42 108 118
1 62 154
3 21 124
41 77 128
47 52 108
10 32 193
65 97 142
14 19 176
90 156 188
7 75 162
7 75 84
4 83 194
6 55 181
35 102 153
4 83 115
96 138 189
2 35 123
63 73 90
3 53 172
18 129 145
50 165 196
104 128 129
65 97 158
18 86 128
29 42 118
73 109 120
30 159 170
3 14 21
14 104 129
22 63 191
29 38 190
6 34 55
76 84 181
6 100 137
23 70 169
1 62 96
9 183 191
3 115 124
10 32 161
9 188 191
44 133 185
12 34 195
46 58 80
29 42 190
30 68 170
13 65 158
9 188 189
31 32 113
36 175 183
32 113 199
0 53 172
8 35 102
8 35 123
99 141 198
37 124 149
85 141 177
24 105 146
29 38 183
38 122 183
63 188 191
9 152 183
25 44 57
41 178 187
40 52 166
51 77 128
40 150 166
41 86 128
41 86 178
42 45 108
55 84 181
44 57 133
3 115 164
23 26 130
47 52 64
48 134 155
48 101 155
46 56 58
33 50 165
51 104 128
106 114 182
156 180 188
55 84 140
59 71 117
59 72 117
