971.576 -744.29
1679.7 1339.64
91.2285 1090.59
679.93 -730.857
389.609 -636.397
-1888.31 1939.66
-702.374 1244.83
-1824.72 1836.76
-662.975 746.097
716.936 -1775.33
710.449 -223.89
982.323 -1138.16
988.854 1050.75
-110.599 -311.295
-532.668 914.97
78.5631 -1561.09
-1829.32 -241.737
1778.54 261.909
-1151.15 458.474
1531.05 1238.46
1822.08 1642.75
1178.12 -880.297
887.579 1353.41
-1043.53 -1775.4
99.5023 1673.4
-1550.73 -1190.05
-550.488 1431.59
-328.205 -1561.63
482.342 1561.2
127.072 1949.67
476.166 -1794.37
-1611.42 646.847
-36.1022 -1832.87
-1091.24 812.752
625.602 -1560.19
51.216 447.679
-1917.45 -770.66
1567.38 970.132
-1417.26 -1476.15
1194.74 682.247
-1802.75 1644.01
1492.2 -353.237
1075.6 -836.006
85.1295 -442.06
-1274.81 -1787.8
-492.385 1201.36
-1582.16 -103.802
-151.797 381.734
63.3254 756.96
-805.514 -1311.07
1196.77 1245.7
1136.61 1279.32
-1524.96 703.988
249.454 -942.213
1227.84 -555.81
1740.03 1425.09
-911.804 1232.23
-928.151 -1836.21
-1603.77 1156.98
-278.265 -878.582
1369.18 1229.35
-1677.23 1787.02
-874.452 170.977
168.751 1188.87
-1072.06 1363.24
1877.8 -1875.3
608.939 1014.41
1404.03 1083.98
-281.606 -346.52
-1858.23 -1053.77
1097.67 1881.8
-1628.68 -1814.13
1114.04 -556.834
-1650.34 1510.26
-1399.86 71.3958
-1368.32 1969.32
-699.254 -1045.54
1756.34 426.294
1125.43 -74.9082
-384.833 -1946.63
-711.671 -507.032
-1821.93 1897.27
-1492.63 1582.1
981.249 225.769
-764.419 1123.02
1172 -1666.75
1004.82 1543.31
-1480.88 118.857
-1013.52 -1131.22
-370.879 -413.375
940.175 260.802
-444.05 -1759.08
1215.26 -687.709
667.215 340.69
1237.38 -1717.62
394.059 -1474.29
-224.65 572.133
-1577.02 282.725
154.234 1404.23
-1491.51 1389.81
527.247 1680.49
1723.07 -467.933
1223.81 -1757.82
1650.92 -1789.71
-889.036 -719.955
-203.088 -1948.86
1540.85 1352.86
-1707.94 756.105
-1334.85 959.275
-903.206 1902.54
1241.66 1490.85
-1571.75 -982.993
62.9872 -1148.77
1299.73 -1782.78
-1744.54 1808.22
1607.04 782.703
1488.72 1330.1
-1685.23 712.523
1572.29 1965.7
922.81 -1316.75
-754.26 -1280.28
-1265.61 -1213.41
-1927.41 -973.552
1542.69 -1262.26
1985.72 -1360.51
-1359.72 1227.38
-1869.66 -931.475
-1755.61 193.327
-80.247 1544.12
410.548 175.21
1352.34 17.5841
-1042.09 841.059
-652.314 -727.316
-446.418 -1080.03
-761.62 -1523.61
-396.779 484.12
-803.885 337.61
1270.71 -731.3
1364.06 813.4
6.43952 1349.78
1452.89 646.716
577.16 1583.23
1715.24 821.546
-223.446 -365.007
365.664 -1812.9
1810.2 -281.993
204.687 -1231.88
-1440.93 1552.37
40.8013 112.648
-1527.66 1279.18
