20 127 263
119 126 395
116 134 180
5 198 214
44 161 252
65 256 352
35 178 246
53 312 355
93 349 396
143 201 290
80 121 274
232 287 346
60 77 154
21 168 390
140 270 373
63 201 290
98 139 378
156 326 376
81 237 284
65 117 256
34 156 161
7 235 333
25 280 374
291 310 377
93 356 358
173 194 287
190 249 383
89 346 383
17 356 393
67 266 342
27 47 250
146 365 390
93 225 349
260 274 288
24 173 396
287 346 373
212 229 301
136 251 303
37 79 146
79 127 222
93 270 373
17 225 356
11 22 329
60 171 371
77 154 298
49 175 177
36 175 197
219 237 371
148 284 305
6 81 131
213 305 375
138 253 359
148 213 239
316 334 343
138 180 253
91 116 248
51 90 224
76 87 214
167 300 361
133 186 236
68 95 385
11 240 345
100 207 258
156 161 376
168 318 360
28 229 326
21 28 229
184 244 269
117 256 332
256 265 289
112 170 234
51 224 257
181 256 257
85 101 141
13 187 199
281 317 367
83 204 335
164 281 331
150 165 317
55 164 331
46 55 122
170 218 234
273 363 382
23 96 166
166 235 382
169 241 308
45 99 354
45 191 354
48 192 254
203 285 341
135 318 360
40 78 283
92 311 337
57 182 209
291 338 377
33 209 251
291 304 380
102 182 323
73 129 293
33 209 323
33 296 323
274 288 292
97 109 340
143 231 295
245 268 304
12 50 178
121 143 231
97 183 342
48 192 377
12 75 233
10 35 354
75 121 250
63 152 160
14 32 371
63 290 387
14 357 371
152 357 364
14 357 364
357 371 387
32 149 371
153 299 364
142 262 277
262 277 336
89 142 346
194 247 394
232 247 249
201 394 397
194 295 394
247 394 397
15 24 172
75 121 143
194 231 295
57 121 250
182 288 292
15 17 162
80 260 274
78 174 296
78 162 174
102 162 174
33 54 113
40 78 296
17 283 393
93 225 356
24 172 349
172 225 349
24 349 396
173 287 396
93 350 358
93 270 350
25 280 350
25 277 374
25 270 350
280 369 374
223 356 358
66 79 388
147 223 356
66 147 388
66 79 222
223 280 369
1 2 369
2 345 369
59 269 355
11 329 345
26 120 368
20 240 345
20 211 240
26 240 328
60 154 243
277 313 336
277 313 374
22 329 386
276 322 386
276 324 386
322 328 386
22 328 386
118 298 324
89 142 262
238 243 261
32 89 383
32 89 149
238 314 336
89 262 314
262 314 336
111 243 261
89 196 314
60 111 196
89 149 196
60 111 243
111 196 261
60 77 171
118 154 298
118 154 243
298 324 384
118 324 386
18 105 276
18 267 276
18 267 351
219 351 371
171 351 371
49 175 322
62 177 197
36 105 319
18 36 105
0 36 197
0 272 351
26 240 368
49 177 264
53 139 378
175 177 197
76 88 312
0 62 197
177 242 264
62 177 242
120 264 378
226 242 399
0 62 307
6 131 272
6 81 219
19 157 286
19 70 286
76 144 176
81 219 237
237 284 359
180 237 253
237 253 359
3 138 180
3 305 375
148 213 305
134 316 375
116 248 334
134 316 334
248 334 343
91 259 327
248 259 343
157 228 286
179 213 239
179 213 306
213 306 375
157 228 239
76 115 176
115 176 228
87 115 179
5 76 214
5 76 88
76 87 115
91 248 259
91 116 202
116 134 334
91 202 300
116 202 282
8 167 300
95 133 385
95 133 186
202 282 339
216 275 361
68 282 395
202 216 339
116 282 395
68 282 339
216 339 347
68 339 347
133 207 385
216 275 347
167 275 361
198 207 321
94 236 258
133 207 258
133 236 258
82 100 269
130 184 269
98 139 355
82 269 355
145 389 399
53 139 355
9 145 389
145 378 399
120 368 378
53 145 378
56 72 366
98 368 378
56 240 368
72 98 368
56 211 240
56 72 368
20 107 211
56 211 366
107 137 366
107 211 366
20 107 114
20 263 301
200 229 326
96 166 252
156 200 326
212 301 315
200 212 229
168 318 344
28 326 344
166 273 318
151 318 344
151 344 376
44 161 227
34 41 227
326 344 376
151 161 376
41 84 227
44 84 302
65 84 117
44 84 227
41 65 84
34 161 227
41 65 220
34 41 156
41 123 244
123 184 244
41 123 220
86 123 184
123 352 362
94 130 362
256 352 362
86 130 184
95 186 362
95 119 265
119 265 289
119 126 289
116 126 395
90 126 289
51 90 289
51 257 289
256 257 289
4 224 279
90 126 279
90 224 279
4 13 325
4 224 257
103 181 256
181 199 257
103 108 132
103 108 332
103 181 215
108 302 332
103 256 332
103 132 215
101 141 165
83 193 234
112 141 170
85 187 215
85 101 187
13 101 325
116 126 159
128 159 367
101 165 317
13 101 187
281 331 367
159 331 367
271 317 335
74 204 335
74 271 297
83 150 335
74 271 335
55 122 297
150 317 335
104 150 165
46 169 206
46 55 169
46 193 206
29 252 309
29 169 206
193 206 309
193 234 309
16 330 370
16 108 278
16 108 132
170 218 330
141 170 330
217 218 330
217 252 309
217 252 370
217 330 370
44 278 370
16 278 370
135 273 318
166 273 382
106 208 285
29 96 252
44 252 370
58 189 333
23 163 166
23 96 163
29 206 309
29 169 308
38 169 241
71 235 333
185 203 338
38 189 241
38 45 191
185 255 338
185 203 285
43 230 337
155 185 255
155 158 185
7 106 353
208 285 341
7 353 363
7 58 333
135 273 363
106 135 353
92 155 158
168 360 379
31 106 135
135 353 363
31 43 360
31 135 360
21 229 390
127 263 301
79 127 146
40 113 210
127 146 301
37 146 365
37 110 129
30 124 379
110 129 293
124 129 398
129 136 303
129 195 398
43 311 337
92 155 337
42 230 337
42 155 337
109 294 340
42 155 255
27 57 67
209 251 266
52 320 381
54 73 129
110 293 388
73 293 388
54 129 303
129 136 195
251 266 381
57 67 209
33 40 113
102 182 288
33 40 296
182 209 323
57 182 292
27 57 250
67 209 266
47 233 268
183 205 268
47 205 268
12 233 268
245 304 310
97 109 183
294 340 391
64 203 338
109 294 380
291 304 310
109 304 380
10 125 192
192 310 377
50 125 192
48 254 354
10 192 254
10 254 354
35 99 354
125 178 246
10 35 246
10 125 246
61 178 372
50 125 178
35 61 178
35 99 188
35 61 188
93 373 396
345 369 374
266 342 381
48 348 354
39 341 348
97 340 342
238 336 386
329 336 386
313 329 336
317 325 367
101 317 325
9 312 389
313 345 374
163 308 392
306 327 343
8 300 327
4 279 325
69 279 325
276 324 384
256 265 362
255 291 380
255 291 338
166 252 318
136 251 320
313 329 345
194 247 287
232 247 287
118 243 386
242 264 378
108 278 302
242 378 399
62 242 307
189 241 333
186 236 362
230 294 391
306 343 375
42 230 294
223 350 358
217 218 309
202 216 300
8 214 327
87 214 327
25 270 277
210 283 393
40 210 283
74 204 297
198 275 321
167 198 275
196 261 314
60 196 371
149 196 371
83 193 204
192 245 310
190 247 249
190 201 397
181 187 199
3 180 375
134 180 375
102 174 323
232 249 383
174 296 323
171 267 384
168 365 390
166 235 392
164 281 317
78 162 283
17 162 283
152 160 364
63 160 201
160 190 201
195 230 379
218 234 309
112 150 234
83 150 234
147 210 393
284 305 359
147 223 369
146 229 390
146 229 301
39 58 341
57 121 274
39 58 189
85 132 215
102 162 260
55 164 271
54 73 210
50 245 268
31 106 158
42 255 380
70 144 176
147 356 393
48 64 338
223 280 350
153 160 364
48 338 377
57 274 292
48 203 348
109 268 304
47 75 250
163 166 392
238 261 314
19 148 239
114 137 200
94 100 130
52 340 342
259 327 343
216 300 361
33 251 303
176 228 286
47 67 205
14 32 364
32 299 364
106 158 185
12 50 268
42 294 380
226 242 307
31 43 311
1 66 147
76 144 312
55 271 297
153 299 383
49 120 264
31 92 158
8 198 214
6 219 351
21 168 344
26 49 322
19 70 81
48 64 203
0 131 307
17 172 225
7 235 382
164 271 317
105 319 322
144 312 389
36 175 319
71 241 333
9 53 312
79 110 388
15 162 260
59 137 244
144 226 399
136 195 230
54 113 210
70 81 131
207 275 385
52 340 391
31 92 311
5 82 100
9 53 145
6 272 351
151 252 318
29 96 163
38 45 55
2 20 345
0 18 36
140 142 277
47 75 233
30 168 379
50 192 245
102 260 288
20 114 315
230 360 379
190 247 397
126 128 159
15 24 121
2 66 222
58 208 341
72 98 355
5 82 88
5 100 207
191 348 354
7 363 382
91 300 327
11 240 328
27 47 67
15 80 260
123 130 362
32 299 383
138 305 359
71 241 308
43 230 360
4 13 257
15 80 121
38 39 348
8 167 198
26 49 120
30 168 365
63 357 387
15 17 172
19 81 284
207 275 321
65 123 220
24 194 231
124 195 398
11 22 328
153 160 190
37 124 365
19 148 284
37 124 129
2 20 222
41 156 200
1 147 369
20 301 315
21 28 344
61 75 188
7 58 106
115 228 239
1 2 66
24 121 231
41 200 244
38 55 169
68 95 395
5 198 207
0 18 351
153 190 383
87 306 327
136 320 391
24 173 194
3 138 305
16 132 141
75 99 188
52 342 381
29 163 308
72 137 366
201 295 394
63 152 357
82 88 312
70 144 226
73 147 388
85 132 141
95 119 395
287 373 396
67 183 342
143 201 295
67 183 205
171 267 351
68 275 385
68 275 347
69 128 367
70 226 307
238 243 386
94 236 362
33 54 303
104 112 141
69 128 279
71 235 392
95 265 362
232 346 383
71 221 392
59 72 137
94 100 258
58 106 208
70 131 307
59 72 355
73 147 210
136 230 391
114 212 315
77 298 384
12 75 178
26 322 328
75 178 372
38 191 348
77 171 384
181 187 215
82 312 355
70 176 286
61 75 372
20 127 222
65 123 352
13 199 257
84 117 332
19 157 239
38 39 189
59 244 269
16 141 330
122 204 297
140 142 346
87 179 306
267 276 384
140 346 373
69 325 367
104 141 165
105 276 322
106 185 285
100 130 269
84 302 332
109 183 268
175 319 322
52 320 391
107 114 137
114 200 212
316 343 375
203 341 348
115 179 239
124 195 379
44 278 302
46 122 193
122 193 204
86 123 130
104 112 150
251 320 381
30 124 365
37 79 110
126 128 279
151 161 252
221 308 392
137 200 244
71 221 308
140 270 277
144 389 399
0 131 272
