20 127 263
119 126 395
116 134 180
5 198 214
44 161 252
71 221 235
35 178 246
53 312 355
93 349 396
143 201 290
232 287 346
60 77 154
21 168 390
313 329 386
63 201 290
156 326 376
81 237 284
65 117 256
38 45 169
34 156 161
28 168 344
96 163 308
43 360 379
7 235 333
94 130 269
15 80 162
25 280 374
30 365 379
24 173 231
173 194 287
152 357 387
89 346 383
67 266 342
143 295 394
27 47 250
146 365 390
260 274 288
287 346 373
212 229 301
136 251 303
79 127 222
1 2 222
238 313 386
11 22 329
60 171 371
77 171 298
276 319 322
77 154 298
267 351 384
36 175 197
219 237 371
219 272 351
148 284 305
81 148 284
213 305 375
138 253 359
115 179 228
179 228 239
138 180 253
91 116 248
76 87 214
259 306 327
68 95 385
202 216 361
11 240 345
94 186 236
181 199 215
156 161 376
168 318 360
168 379 390
21 28 229
184 244 269
117 256 332
132 141 215
256 265 289
112 170 234
51 224 257
181 256 257
13 187 199
281 317 367
217 218 234
164 271 297
83 204 335
150 165 317
164 271 281
46 55 122
45 55 169
170 218 234
221 235 392
273 363 382
23 96 166
166 235 382
38 58 189
169 241 308
45 99 354
48 191 348
45 191 354
48 192 254
40 78 283
92 311 337
57 182 209
291 338 377
195 320 391
109 183 304
291 304 380
102 182 323
52 266 381
73 129 293
33 209 323
33 296 323
274 288 292
97 109 340
143 231 295
12 50 178
121 143 231
27 47 205
97 183 342
48 192 377
12 75 233
75 121 250
63 152 160
14 32 371
14 357 371
152 153 160
152 357 364
152 153 364
14 357 364
357 371 387
32 149 371
153 299 364
142 262 277
140 142 373
63 160 190
262 277 336
89 142 346
194 247 394
232 247 249
63 190 397
201 394 397
247 249 397
143 201 394
63 201 397
194 295 394
247 394 397
15 24 172
80 121 231
75 121 143
194 231 295
15 24 231
15 80 231
15 17 162
80 162 260
78 174 296
78 162 174
102 162 174
66 147 223
33 54 113
40 210 393
40 78 296
40 283 393
17 283 393
210 356 393
147 210 388
93 225 356
24 172 349
173 194 231
173 287 396
25 280 350
25 277 374
25 270 350
280 350 358
280 369 374
66 79 388
147 223 356
147 210 356
1 66 222
66 147 388
66 79 222
1 2 369
2 127 222
2 345 369
20 127 345
59 269 355
11 329 345
26 120 368
2 127 345
26 240 328
277 313 336
277 313 374
22 329 386
276 324 386
267 276 324
105 276 319
22 328 386
118 298 324
238 313 336
118 238 386
238 243 261
142 346 373
32 89 383
32 89 149
238 314 336
262 314 336
89 196 314
60 111 196
89 149 196
111 196 261
60 77 171
118 154 298
118 154 243
118 238 243
118 324 386
18 267 351
219 351 371
171 351 371
49 175 322
62 177 197
36 105 319
18 36 105
0 36 197
0 272 351
26 240 368
76 88 312
0 62 197
177 242 264
226 389 399
9 76 312
144 226 389
9 76 389
70 228 286
131 272 307
226 242 399
0 272 307
6 219 272
0 62 307
62 226 307
6 131 272
6 81 219
19 81 148
19 157 286
19 70 286
76 144 176
81 219 237
138 284 359
237 284 359
180 237 253
237 253 359
3 138 284
3 305 375
3 134 375
148 213 305
3 284 305
134 316 375
306 316 375
116 248 334
306 316 343
134 316 334
259 306 343
248 259 343
179 213 306
213 306 375
70 176 228
8 87 327
76 144 389
76 87 115
8 87 214
202 300 361
91 116 202
116 134 334
91 202 300
116 202 282
95 133 385
95 133 186
68 282 395
116 282 395
68 282 339
216 339 347
68 339 347
133 207 385
167 275 361
198 207 321
94 236 258
133 207 258
94 186 362
82 100 269
130 184 269
82 88 100
5 88 100
98 139 355
82 269 355
145 389 399
53 139 355
9 145 389
145 378 399
53 145 378
56 72 366
56 240 368
72 98 368
56 211 240
56 72 368
56 211 366
59 72 366
156 200 244
107 211 366
20 107 114
20 263 301
96 166 252
114 200 315
156 200 326
212 301 315
200 212 315
200 212 229
166 273 318
151 344 376
151 166 318
44 161 227
326 344 376
151 161 376
44 84 302
65 84 117
44 84 227
34 161 227
41 65 220
41 156 244
34 41 156
41 123 220
86 123 184
123 352 362
94 130 362
86 130 184
95 119 265
95 256 265
119 265 289
119 126 289
126 159 279
116 126 395
90 126 289
4 199 257
51 90 289
4 13 199
51 257 289
256 257 289
4 69 279
4 224 279
90 126 279
4 13 325
4 224 257
103 181 256
181 199 257
103 108 132
187 199 215
103 181 215
103 256 332
44 108 278
44 108 302
103 132 215
85 141 215
83 193 234
112 141 170
85 187 215
85 101 187
4 69 325
13 101 325
116 126 159
101 325 367
13 101 187
271 281 317
55 164 297
74 204 335
74 271 297
83 150 335
55 122 297
150 317 335
104 150 165
46 169 206
46 55 169
46 193 206
29 169 206
29 96 308
193 206 309
16 330 370
16 108 278
16 108 132
170 218 330
141 170 330
217 252 309
217 252 370
44 278 370
16 278 370
135 273 318
166 273 382
44 252 370
58 189 333
23 163 166
23 96 163
29 206 309
29 169 308
163 221 308
163 221 392
38 169 241
71 235 333
38 39 58
38 189 241
38 45 191
7 106 208
185 255 338
155 185 255
291 338 380
155 158 185
124 230 379
158 185 285
43 92 311
7 106 353
208 285 341
7 58 208
7 353 363
7 58 333
135 273 363
106 135 353
31 92 106
168 360 379
92 106 158
31 43 92
31 106 135
135 353 363
31 43 360
21 28 168
21 229 390
127 263 301
37 79 388
40 113 210
127 146 301
37 110 388
37 146 365
365 379 390
30 129 365
30 124 379
73 210 388
30 124 129
110 129 293
124 129 398
129 136 303
195 230 391
129 195 398
43 311 337
42 230 391
42 230 337
109 294 340
27 57 67
136 320 381
209 251 266
52 320 381
110 293 388
73 113 210
73 293 388
54 251 303
136 195 320
129 136 195
54 73 113
121 274 292
182 209 323
27 67 205
27 57 250
52 266 342
183 205 268
12 233 268
97 109 183
42 294 391
294 340 391
255 338 380
109 294 380
109 304 380
64 338 377
48 191 354
48 64 377
50 125 192
48 254 354
35 99 354
125 178 246
10 35 246
10 125 246
61 178 372
50 125 178
35 61 178
35 99 188
35 61 188
93 373 396
216 347 361
345 369 374
39 341 348
97 340 342
230 337 379
249 383 397
313 345 374
304 310 377
8 300 327
171 298 351
276 328 386
276 322 328
270 350 358
267 298 324
248 259 327
91 248 327
313 329 345
248 316 343
194 247 287
232 247 287
245 310 377
242 378 399
189 241 333
291 304 377
218 330 370
216 282 339
202 216 282
25 270 277
211 240 345
47 205 233
205 233 268
74 204 297
198 275 321
167 198 275
196 261 314
198 207 258
60 196 371
149 196 371
193 217 234
193 217 309
83 193 204
192 245 377
133 186 258
185 203 341
185 285 341
183 268 310
182 250 292
57 182 250
280 358 369
102 174 323
232 249 383
174 296 323
24 173 349
173 349 396
166 235 392
165 317 367
101 165 367
78 162 283
17 162 283
155 158 337
106 158 208
111 154 261
154 243 261
152 290 387
151 168 318
112 150 234
83 150 234
157 239 286
245 268 310
217 218 370
148 179 239
146 229 390
146 229 301
39 58 341
57 67 266
102 162 260
43 337 379
51 90 279
120 242 264
93 172 349
50 245 268
49 175 197
42 255 380
70 144 176
33 54 209
190 383 397
48 203 348
34 65 227
228 239 286
96 252 309
47 75 250
163 166 392
59 107 137
238 261 314
19 148 239
136 266 381
6 70 81
5 100 258
37 79 127
8 300 361
93 223 358
52 340 342
10 35 254
34 41 65
93 223 356
142 262 314
14 32 364
32 299 364
248 316 334
12 50 268
31 318 360
42 294 380
98 120 368
28 200 344
153 299 383
186 256 362
8 198 214
95 186 256
26 49 322
28 200 229
6 70 131
148 179 213
64 185 338
19 70 81
93 140 373
48 64 203
17 172 225
7 235 382
5 198 258
49 120 177
31 135 318
151 168 344
17 225 393
36 175 319
89 142 314
71 241 333
9 53 312
59 137 244
87 115 327
41 184 244
207 275 385
52 340 391
124 195 230
9 53 145
0 18 36
140 142 277
47 75 233
50 192 245
102 260 288
20 114 315
8 167 361
183 304 310
58 208 341
72 98 355
7 363 382
91 300 327
11 240 328
102 182 292
35 254 354
123 130 362
103 108 302
186 236 258
53 98 378
32 299 383
93 140 358
71 241 308
40 113 296
107 114 200
105 267 276
38 39 348
49 177 197
54 73 303
8 167 198
26 49 120
41 123 184
33 113 296
76 88 214
51 224 279
85 101 165
15 17 172
207 275 321
65 123 220
124 195 398
92 158 337
11 22 328
153 160 190
85 104 141
57 209 266
103 302 332
20 301 315
37 127 146
61 75 188
151 166 252
76 115 228
68 95 395
55 164 281
0 18 351
153 190 383
65 256 362
200 326 344
16 132 141
75 99 188
82 88 312
55 281 331
64 185 203
70 144 226
65 84 227
95 119 395
66 223 369
267 298 384
1 66 369
287 373 396
67 183 342
67 183 205
68 275 385
68 275 347
69 128 367
70 226 307
104 112 141
69 128 279
59 107 366
232 346 383
76 176 228
94 100 258
70 131 307
59 72 355
29 96 309
18 105 267
74 317 335
158 208 285
5 88 214
74 271 317
12 75 178
42 255 337
26 322 328
75 178 372
38 191 348
82 312 355
61 75 372
65 123 352
84 117 332
19 157 239
59 244 269
121 250 292
16 141 330
128 281 367
85 104 165
155 255 337
122 204 297
225 356 393
110 129 365
136 251 266
93 172 225
94 100 269
223 358 369
121 260 274
128 159 331
98 120 378
275 347 361
69 325 367
102 288 292
128 281 331
84 302 332
20 107 345
107 211 345
175 319 322
128 159 279
54 209 251
62 177 226
37 110 365
107 137 200
60 111 154
52 320 391
203 341 348
115 179 306
120 177 264
120 242 378
80 121 260
46 122 193
122 193 204
86 123 130
104 112 150
53 98 139
177 226 242
125 192 254
298 351 384
10 125 254
115 306 327
151 161 252
3 134 138
73 129 303
134 138 180
137 200 244
71 221 308
63 152 290
65 352 362
140 270 277
140 270 358
