100 198 207
20 127 263
119 126 395
116 134 180
53 312 355
93 349 396
143 201 290
102 296 323
80 121 274
232 287 346
60 77 154
313 369 374
21 168 390
313 329 386
153 160 383
63 201 290
98 139 378
156 326 376
81 237 284
65 117 256
38 45 169
34 156 161
28 168 344
96 163 308
43 360 379
7 235 333
25 280 374
30 365 379
329 345 369
291 310 377
24 173 231
93 356 358
152 357 387
89 346 383
17 356 393
67 266 342
27 47 250
146 365 390
260 274 288
93 287 396
287 346 373
194 232 247
1 223 369
136 251 303
37 79 146
79 127 222
1 2 222
17 225 356
60 149 196
11 22 329
171 351 384
60 171 371
19 148 157
77 171 298
276 319 322
77 154 298
70 131 226
36 319 322
267 351 384
36 175 197
0 36 351
219 272 351
148 284 305
138 253 359
115 179 228
179 228 239
148 157 239
316 334 343
138 180 253
76 87 214
167 300 361
68 95 385
202 216 361
9 145 312
11 240 345
88 312 355
100 207 258
181 199 215
156 161 376
21 28 229
100 258 269
117 256 332
256 265 289
69 128 325
112 170 234
51 224 257
85 101 141
13 187 199
281 317 367
164 271 297
150 165 317
46 55 122
170 218 234
151 161 166
273 363 382
23 96 166
166 235 382
161 166 252
38 58 189
38 39 191
169 241 308
45 99 354
45 191 354
48 192 254
124 230 398
40 78 283
92 311 337
291 338 377
109 183 304
291 304 380
102 182 323
73 129 293
33 209 323
33 296 323
274 288 292
97 109 340
12 50 178
48 192 377
12 178 372
12 75 233
75 121 250
63 152 160
14 32 371
63 152 387
63 290 387
152 357 364
357 371 387
32 149 371
14 299 364
153 299 364
14 32 299
142 262 277
63 160 190
89 142 346
232 249 346
160 190 383
249 346 383
232 247 249
201 394 397
75 121 143
194 231 295
12 75 372
182 288 292
80 162 260
80 260 274
78 174 296
78 162 174
33 54 113
40 78 296
17 283 393
210 356 393
147 210 388
93 225 356
173 194 231
173 287 396
93 287 373
25 280 350
25 277 374
223 280 358
25 270 350
280 350 358
280 369 374
223 356 358
66 79 388
147 223 356
147 210 356
1 66 222
146 301 390
66 147 388
66 79 222
223 280 369
1 2 369
2 127 222
2 345 369
20 127 345
59 269 355
11 329 345
26 120 368
2 127 345
26 240 328
277 313 336
277 313 374
22 329 386
313 329 369
276 324 386
267 276 324
26 49 328
105 276 319
22 328 386
118 298 324
238 243 261
32 89 383
196 238 261
32 89 149
238 314 336
111 243 261
60 111 196
89 149 196
111 196 261
60 77 171
60 149 371
118 154 298
171 298 384
118 154 243
18 105 276
18 36 351
18 267 276
18 267 351
171 351 371
49 175 322
36 105 319
18 36 105
0 36 197
0 272 351
49 322 328
36 175 322
49 177 264
53 139 378
76 88 312
177 242 264
62 177 242
120 264 378
70 228 286
226 242 399
131 226 307
6 219 272
6 131 272
6 81 219
19 157 286
19 70 286
76 144 176
81 219 237
237 284 359
180 237 253
237 253 359
3 138 180
3 305 375
116 248 334
306 316 343
134 316 334
248 334 343
91 259 327
248 259 343
179 213 306
213 306 375
115 176 228
87 115 179
70 176 228
8 87 327
76 144 389
8 87 214
207 321 385
91 248 259
202 300 361
116 134 334
91 202 300
116 202 282
8 167 300
95 133 385
95 133 186
216 275 361
68 282 395
116 282 395
68 282 339
68 347 385
216 339 347
68 339 347
275 347 385
133 207 385
216 275 347
167 275 361
198 207 321
275 321 385
94 236 258
133 207 258
82 100 269
59 137 269
130 184 269
82 88 355
5 100 198
98 139 355
82 269 355
145 389 399
53 139 355
9 145 389
145 378 399
53 145 312
53 145 378
56 72 366
59 98 355
59 72 98
56 211 240
56 211 366
107 137 366
156 200 244
107 211 366
20 107 114
96 166 252
114 200 315
156 200 326
212 301 315
200 212 315
114 301 315
200 212 229
166 273 318
151 318 344
151 344 376
151 166 318
34 41 227
326 344 376
151 161 376
65 84 117
44 84 227
34 161 227
86 123 362
41 65 220
41 156 244
34 41 156
41 123 244
123 184 244
41 123 220
86 123 184
123 352 362
94 130 362
86 130 184
86 130 362
95 119 265
95 256 265
119 265 289
116 126 395
4 199 257
51 90 289
4 13 199
51 257 289
4 224 279
90 126 279
4 13 325
4 224 257
103 181 256
181 199 257
103 108 132
187 199 215
103 108 332
103 181 215
108 302 332
103 256 332
44 108 278
16 132 330
103 132 215
101 141 165
83 193 234
112 141 170
112 141 165
85 187 215
85 101 187
13 101 325
128 325 367
116 126 159
128 159 367
101 325 367
13 101 187
281 331 367
159 331 367
55 164 297
271 317 335
74 204 335
74 271 297
74 271 335
55 122 297
150 317 335
104 150 165
104 112 165
29 169 206
193 206 309
132 141 330
193 234 309
16 330 370
16 108 278
16 108 132
170 218 330
141 170 330
217 218 330
217 252 370
217 330 370
44 278 370
16 278 370
135 273 318
166 273 382
106 208 285
44 252 370
58 189 333
23 163 166
23 96 163
29 206 309
29 169 308
163 221 308
163 221 392
38 169 241
71 235 333
38 39 58
38 189 241
38 45 191
39 191 348
43 230 337
155 158 185
124 230 379
158 185 285
43 92 311
208 285 341
7 58 208
7 353 363
7 58 333
135 273 363
106 158 285
106 135 353
31 92 106
168 360 379
92 106 158
31 43 92
31 106 135
135 353 363
31 43 360
21 28 168
21 229 390
127 263 301
79 127 146
40 113 210
127 146 301
37 146 365
195 230 398
30 124 379
73 210 388
110 129 293
124 129 398
129 136 303
195 230 391
129 195 398
43 311 337
43 230 379
42 230 391
42 230 337
42 155 337
109 294 340
42 155 255
27 57 67
209 251 266
52 320 381
54 73 129
110 293 388
73 293 388
54 129 303
54 251 303
129 136 195
251 266 381
57 67 209
33 40 113
102 182 288
121 274 292
33 40 296
102 174 296
27 57 250
67 209 266
183 268 304
47 233 268
183 205 268
47 205 268
12 233 268
42 294 391
294 340 391
291 304 310
64 338 377
48 64 377
48 254 354
10 192 254
10 35 246
10 125 246
61 178 372
50 125 178
35 99 188
35 61 188
357 364 371
266 342 381
14 364 371
48 348 354
39 341 348
97 340 342
238 336 386
249 383 397
9 312 389
3 305 359
306 327 343
8 300 327
109 294 304
4 279 325
69 279 325
276 328 386
276 322 328
270 350 358
268 304 310
267 298 324
255 291 380
255 291 338
29 252 308
136 251 320
247 249 394
247 295 394
194 247 295
245 310 377
243 324 386
118 243 324
242 264 378
242 378 399
62 242 307
189 241 333
186 236 362
161 227 252
217 218 309
216 282 339
202 216 282
25 270 277
212 229 390
211 240 345
210 283 393
40 210 283
7 208 353
74 204 297
91 202 248
198 275 321
167 198 275
62 197 307
0 197 307
168 344 360
318 344 360
83 193 204
192 245 377
63 190 201
190 201 397
133 186 258
185 203 341
185 285 341
182 250 292
57 182 250
181 257 289
313 336 386
3 180 375
134 180 375
102 174 260
24 173 349
173 349 396
173 194 232
168 365 390
168 365 379
166 235 392
165 317 367
101 165 367
164 281 317
78 162 283
17 162 283
152 160 364
155 158 337
155 255 338
155 185 338
218 234 309
112 150 234
83 150 234
83 150 204
157 239 286
106 208 353
150 204 335
148 305 375
245 268 310
148 179 239
284 305 359
26 56 240
39 58 341
57 182 323
169 193 206
85 132 215
56 72 98
54 73 210
51 90 279
93 172 349
50 245 268
42 255 380
70 144 176
33 54 209
190 383 397
153 160 364
48 203 348
228 239 286
47 75 250
163 166 392
45 46 55
6 70 81
52 340 342
259 327 343
173 232 287
142 262 314
47 67 205
5 8 198
12 50 268
121 143 295
31 318 360
42 294 380
134 306 316
226 242 307
98 120 368
29 217 309
10 99 254
1 66 147
28 200 344
153 299 383
49 120 264
186 256 362
10 35 99
95 186 256
28 200 229
6 70 131
148 179 213
64 185 338
19 70 81
93 140 373
48 64 203
0 131 307
26 56 368
17 172 225
29 217 252
7 235 382
294 304 380
57 209 323
164 271 317
31 135 318
89 142 314
71 241 333
79 110 388
3 138 359
10 50 125
5 8 214
144 226 399
249 394 397
54 113 210
1 147 223
114 263 301
52 340 391
219 237 351
5 82 100
89 196 238
10 50 192
140 142 277
47 75 233
50 192 245
102 260 288
111 154 243
126 128 159
58 208 341
15 24 80
5 82 88
191 348 354
7 363 382
91 300 327
11 240 328
27 47 67
15 17 80
186 236 258
32 299 383
45 46 169
93 140 358
71 241 308
107 114 200
262 277 314
15 24 349
15 172 349
8 167 198
26 49 120
134 306 375
24 80 121
96 252 308
76 88 214
116 202 248
51 224 279
15 17 172
49 62 177
19 81 284
49 62 175
65 123 220
181 256 289
92 158 337
11 22 328
19 148 284
61 75 188
130 258 269
24 121 231
68 95 395
55 164 281
87 306 327
148 213 375
136 320 391
65 256 362
200 326 344
75 99 188
52 342 381
72 137 366
61 125 178
121 231 295
61 125 246
41 65 227
35 61 246
201 295 394
62 175 197
55 281 331
64 185 203
70 144 226
212 301 390
85 132 141
65 84 227
95 119 395
267 298 384
67 183 342
143 201 295
67 183 205
44 227 252
238 243 386
94 236 362
69 128 279
137 184 244
71 235 392
71 221 392
59 72 137
97 109 342
5 88 214
237 351 371
61 75 372
65 123 352
84 108 302
44 84 108
84 117 332
121 250 292
122 204 297
110 129 365
56 98 368
140 142 346
76 87 176
89 238 314
87 115 176
87 179 306
90 119 126
46 169 193
93 172 225
140 346 373
98 120 378
99 254 354
84 302 332
20 107 345
76 312 389
107 211 345
54 209 251
109 183 342
37 110 365
107 137 200
60 111 154
94 130 258
52 320 391
203 341 348
20 114 263
46 122 193
122 193 204
104 112 150
124 129 365
251 320 381
30 124 365
37 79 110
126 128 279
162 174 260
90 119 289
137 200 244
71 221 308
136 195 391
137 184 269
65 352 362
277 314 336
17 80 162
140 270 277
140 270 358
144 389 399
0 131 272
