20 127 263
119 126 395
116 134 180
25 142 270
93 349 396
143 201 290
102 296 323
232 287 346
60 77 154
11 22 240
21 168 390
63 201 290
98 139 378
156 326 376
65 117 256
38 45 169
34 156 161
28 168 344
96 163 308
43 360 379
7 235 333
15 172 225
1 66 223
25 280 374
291 310 377
24 173 231
93 356 358
190 249 383
89 346 383
17 356 393
27 47 250
146 365 390
260 274 288
93 287 396
24 173 396
287 346 373
194 232 247
1 223 369
136 251 303
79 127 222
17 225 356
196 238 314
11 22 329
60 171 371
19 148 157
77 171 298
77 154 298
36 319 322
267 351 384
36 175 197
0 36 351
148 284 305
213 305 375
179 306 327
138 253 359
148 157 239
138 180 253
69 159 279
91 116 248
76 87 214
259 306 327
8 167 214
133 186 236
68 95 385
87 179 327
11 240 345
156 161 376
168 318 360
21 28 229
184 244 269
100 258 269
117 256 332
132 141 215
256 265 289
69 128 325
51 224 257
13 187 199
281 317 367
217 218 234
83 204 335
164 281 331
150 165 317
55 164 331
46 55 122
221 235 392
46 83 193
273 363 382
23 96 166
166 235 382
235 363 382
169 241 308
45 99 354
48 191 348
45 191 354
48 192 254
203 285 341
135 318 360
40 78 283
92 311 337
57 182 209
291 338 377
33 209 251
291 304 380
102 182 323
52 266 381
73 129 293
33 209 323
33 296 323
274 288 292
97 109 340
143 231 295
245 268 304
57 121 292
12 50 178
121 143 231
97 183 342
48 192 377
12 178 372
99 188 372
12 75 233
10 35 354
75 121 250
63 152 160
14 32 371
63 290 387
14 357 371
152 357 364
14 357 364
357 371 387
32 149 371
153 299 364
142 262 277
140 142 373
262 277 336
89 142 346
194 247 394
232 247 249
201 394 397
194 295 394
247 394 397
80 121 231
75 121 143
194 231 295
15 17 225
12 75 372
57 121 250
17 78 162
182 288 292
80 162 260
17 78 283
78 174 296
78 162 174
66 147 223
33 54 113
40 78 296
17 283 393
147 210 388
93 225 356
24 349 396
173 194 231
173 287 396
93 287 373
25 142 277
25 280 350
25 277 374
25 270 350
280 350 358
280 369 374
223 356 358
66 79 388
147 223 356
66 147 388
66 79 222
1 2 369
2 127 222
2 345 369
20 127 345
11 329 345
20 114 301
26 120 368
2 127 345
26 240 328
22 240 328
277 313 336
277 313 374
22 329 386
276 324 386
267 276 324
26 49 328
22 328 386
118 298 324
118 238 386
89 142 262
238 243 261
142 346 373
140 142 270
32 89 383
196 238 261
32 89 149
238 314 336
89 262 314
262 314 336
111 243 261
89 196 314
60 111 196
89 149 196
111 196 261
60 77 171
118 154 298
118 154 243
118 238 243
118 324 386
18 36 351
18 267 351
171 351 371
49 175 322
36 105 319
18 36 105
0 36 197
0 272 351
49 322 328
36 175 322
26 49 264
144 176 226
26 120 264
49 177 264
53 139 378
76 88 312
177 242 264
9 76 312
242 264 399
226 242 399
62 226 307
19 70 131
6 131 272
6 81 219
19 157 286
19 70 286
76 144 176
237 284 359
180 237 253
237 253 359
3 305 375
3 134 375
148 213 305
116 248 334
306 316 343
134 316 334
259 306 343
91 259 327
248 259 343
157 228 286
179 213 306
213 306 375
115 176 228
87 115 179
70 176 226
8 87 327
8 87 214
207 321 385
91 248 259
91 116 202
116 134 334
91 202 300
116 202 282
95 133 385
95 133 186
202 282 339
216 275 361
68 282 395
202 216 339
116 282 395
68 282 339
216 339 347
275 347 385
133 207 385
216 275 347
198 207 321
275 321 385
94 236 258
133 207 258
133 236 258
82 100 269
130 184 269
82 88 100
5 88 100
98 139 355
145 389 399
9 145 389
145 378 399
120 368 378
53 145 378
59 98 355
98 368 378
59 72 98
72 98 368
56 72 368
20 107 211
59 72 366
156 200 244
107 211 366
20 107 114
20 263 301
96 166 252
156 200 326
212 301 315
114 301 315
200 212 229
168 318 344
166 273 318
151 318 344
151 344 376
326 344 376
151 161 376
44 84 302
65 84 117
44 84 227
34 161 227
41 65 220
65 220 352
41 156 244
34 41 156
41 123 244
123 184 244
86 123 184
95 256 362
68 95 119
94 130 362
86 130 184
86 130 362
95 186 362
95 119 265
95 256 265
68 119 395
119 265 289
119 126 289
126 159 279
116 126 395
90 126 289
4 199 257
51 90 289
4 13 199
51 257 289
4 69 279
4 224 279
90 126 279
4 13 325
4 224 257
103 181 256
181 199 257
103 108 132
103 108 332
103 181 215
108 302 332
103 256 332
103 132 215
85 141 215
83 193 234
112 141 170
85 187 215
85 101 187
4 69 325
13 101 325
128 325 367
69 128 159
116 126 159
128 159 367
101 325 367
13 101 187
281 331 367
159 331 367
74 204 335
74 271 297
83 150 335
55 122 297
74 122 297
150 317 335
104 150 165
74 122 204
29 252 309
29 169 206
193 206 309
193 234 309
16 330 370
217 234 309
16 108 278
16 108 132
170 218 330
141 170 330
217 218 330
217 252 309
217 252 370
217 330 370
16 278 370
135 273 318
166 273 382
106 208 285
7 235 363
58 189 333
23 96 163
29 206 309
29 169 308
71 189 241
163 221 308
163 221 392
163 235 392
38 169 241
221 241 308
71 221 241
71 189 333
38 189 241
39 58 208
39 191 348
39 203 348
39 203 341
291 338 380
155 158 185
43 92 311
39 208 341
208 285 341
7 58 208
7 353 363
7 58 333
135 273 363
106 135 353
31 92 106
92 155 158
168 360 379
92 106 158
31 43 92
31 106 135
135 353 363
31 43 360
31 135 360
21 28 168
21 229 390
127 263 301
37 79 388
40 113 210
127 146 301
37 110 388
37 146 365
37 110 129
195 230 398
30 124 379
73 210 388
110 129 293
124 129 398
129 136 303
129 195 398
43 311 337
42 230 391
92 155 337
42 230 337
109 294 340
27 57 67
52 97 342
320 340 391
52 97 340
136 320 381
52 320 340
209 251 266
52 320 381
54 73 129
110 293 388
73 113 210
73 293 388
33 54 251
54 129 303
54 251 303
129 136 195
54 73 113
33 40 113
102 182 288
121 274 292
33 40 296
102 174 296
182 209 323
57 182 292
27 57 250
12 245 268
75 233 250
183 205 268
75 99 372
47 233 250
12 233 268
245 304 310
42 255 294
97 109 183
42 294 391
294 340 391
255 338 380
255 294 380
291 304 310
12 50 245
64 338 377
48 191 354
48 64 377
50 125 192
48 254 354
10 192 254
10 254 354
35 99 354
10 35 246
61 178 372
50 125 178
61 188 372
35 99 188
35 61 188
230 379 398
345 369 374
124 379 398
230 337 379
238 336 386
329 336 386
313 329 336
313 345 374
8 300 327
171 298 351
109 294 304
276 328 386
276 322 328
270 350 358
267 298 324
166 252 318
29 252 308
313 329 345
248 316 343
245 310 377
108 278 302
186 236 362
161 227 252
221 235 333
71 221 333
202 216 300
212 229 390
211 240 345
210 283 393
40 210 283
7 208 353
47 205 233
205 233 268
198 275 321
198 207 258
62 197 307
0 197 307
339 347 385
60 196 371
149 196 371
190 247 249
190 201 397
181 257 289
181 187 199
280 358 369
232 249 383
174 260 288
173 194 232
168 365 390
165 317 367
101 165 367
10 192 246
164 281 317
50 245 377
152 160 364
63 160 201
160 190 201
155 255 338
155 185 338
112 150 234
83 150 234
106 208 353
148 179 239
147 210 393
284 305 359
57 67 266
169 193 206
39 58 189
20 211 345
55 164 271
43 337 379
51 90 279
52 67 266
93 172 349
72 211 366
49 175 197
49 62 197
9 144 389
147 356 393
153 160 364
48 203 348
34 65 227
102 174 288
109 268 304
59 107 137
45 46 55
41 123 352
136 266 381
5 100 258
37 79 127
8 300 361
34 41 65
216 300 361
176 228 286
173 232 287
47 67 205
14 32 364
32 299 364
106 158 185
53 139 312
248 316 334
134 306 316
252 278 370
28 200 344
55 271 297
153 299 383
9 76 144
23 163 235
6 219 351
28 200 229
148 179 213
64 185 338
93 140 373
48 64 203
0 131 307
26 56 368
44 252 278
5 198 258
294 304 380
164 271 317
105 319 322
9 53 312
59 137 244
198 275 361
144 226 399
26 56 211
136 195 230
219 237 351
9 53 145
6 272 351
151 252 318
5 167 198
50 192 377
30 168 379
8 167 361
111 154 243
190 247 397
2 66 222
146 212 390
15 24 80
5 167 214
91 300 327
59 82 355
27 47 67
68 339 385
15 17 80
32 299 383
138 305 359
45 46 169
107 114 200
105 267 276
15 24 349
15 172 349
30 168 365
134 306 375
96 252 308
76 88 214
63 357 387
51 224 279
85 101 165
49 62 177
19 81 284
6 19 81
181 256 289
153 160 190
39 45 191
85 104 141
37 124 365
19 148 284
37 124 129
26 211 240
57 209 266
41 220 352
37 127 146
23 166 235
52 67 342
24 80 231
6 19 131
130 258 269
1 2 66
153 190 383
136 320 391
65 256 362
200 326 344
3 138 305
16 132 141
61 125 178
61 125 246
35 61 246
201 295 394
63 152 357
82 88 312
64 185 285
64 203 285
65 84 227
267 298 384
67 183 342
143 201 295
67 183 205
44 227 252
70 226 307
94 236 362
104 112 141
59 107 366
232 346 383
70 131 307
93 270 358
18 105 267
136 230 391
74 317 335
114 212 315
5 88 214
74 271 317
42 255 337
181 187 215
93 140 270
82 312 355
237 351 371
83 122 204
70 176 286
46 83 122
167 198 361
38 39 45
84 117 332
38 39 189
59 244 269
219 237 284
16 141 330
56 72 211
85 104 165
155 255 337
86 352 362
86 123 352
76 87 176
87 115 176
136 251 266
46 169 193
93 172 225
223 358 369
121 260 274
112 170 218
59 82 269
105 276 322
106 185 285
84 302 332
109 183 268
62 177 226
107 137 200
60 111 154
94 130 258
112 218 234
81 219 284
114 200 212
115 157 228
115 157 239
115 179 239
44 278 302
120 264 399
120 378 399
80 121 260
104 112 150
30 124 365
177 226 242
298 351 384
162 174 260
151 161 252
3 134 138
134 138 180
137 200 244
65 352 362
139 312 355
17 80 162
144 389 399
125 192 246
0 131 272
146 212 301
