9 12 32
12 13 22
20 33 34
5 6 44
7 37 45
8 17 34
8 20 34
1 46 49
5 17 34
0 39 42
4 6 44
3 19 38
4 6 32
9 11 24
9 11 26
11 19 43
3 33 48
20 33 48
3 33 44
5 6 17
18 46 49
15 41 47
18 36 47
7 18 23
18 23 49
1 8 46
7 31 37
7 23 31
7 14 45
1 37 45
14 27 45
0 17 39
0 27 45
0 27 42
16 25 40
25 29 35
2 27 42
2 40 42
2 14 27
18 46 47
15 46 47
21 43 48
21 43 47
21 47 48
39 40 42
16 22 39
12 13 28
11 30 43
41 47 48
11 24 30
8 15 46
19 26 38
10 12 24
6 12 32
1 8 17
8 15 20
20 41 48
0 1 45
10 12 28
9 12 24
18 30 43
3 19 43
13 16 22
2 25 40
3 4 44
5 34 44
3 43 48
2 14 25
4 26 38
13 16 29
13 29 35
13 28 35
14 25 35
16 25 29
17 22 39
18 36 43
6 17 22
11 19 26
3 4 38
33 34 44
36 43 47
15 20 41
23 31 37
23 37 49
4 26 32
9 26 32
0 1 17
6 12 22
16 39 40
1 37 49
