15 41 48
5 33 44
7 37 45
1 31 37
8 17 45
5 17 34
0 39 42
10 13 28
9 10 12
10 12 13
3 38 44
3 19 38
26 38 44
4 26 44
11 26 38
9 11 24
9 11 26
9 10 24
3 19 48
11 19 38
19 21 43
24 30 43
18 30 36
21 30 43
21 41 47
3 33 48
3 33 44
15 20 48
19 21 48
5 6 17
21 41 48
15 41 47
18 36 47
7 18 23
18 23 49
7 31 37
7 14 45
0 17 39
0 27 45
0 17 45
0 27 42
16 25 40
25 29 35
16 22 25
2 27 42
2 40 42
18 47 49
39 40 42
16 22 39
4 5 32
2 27 45
12 25 29
6 12 32
19 24 43
12 26 32
1 15 46
15 46 49
1 7 31
30 36 47
1 7 23
5 33 48
1 8 37
1 8 20
12 22 25
5 6 32
2 25 40
4 5 44
2 14 25
2 14 45
8 37 45
12 13 29
13 29 35
13 28 35
14 25 35
5 34 48
17 20 34
8 17 20
17 22 39
6 17 22
1 15 20
11 19 24
1 23 46
15 47 49
9 12 26
23 46 49
4 26 32
21 30 47
20 34 48
6 12 22
16 39 40
