13 28 29
28 29 35
5 6 44
15 41 48
7 37 45
8 17 34
8 20 34
1 46 49
5 17 34
16 39 42
3 38 44
6 16 22
3 19 38
11 26 38
3 19 48
19 21 43
11 24 43
24 30 43
18 30 36
21 30 43
3 33 48
3 33 44
19 21 48
21 41 48
15 41 47
7 18 23
18 23 49
7 31 37
7 23 31
7 14 45
14 27 45
16 25 40
6 16 39
25 29 35
25 35 40
16 22 25
2 14 35
2 35 40
12 13 28
27 42 45
19 38 43
12 25 29
4 6 38
10 12 24
2 16 40
6 38 44
5 6 39
2 16 42
5 17 39
8 15 20
1 15 46
15 46 49
31 37 49
15 20 44
1 8 15
9 12 22
10 12 28
9 12 24
1 8 37
4 22 32
0 17 42
0 8 45
9 22 26
12 22 25
5 34 44
0 42 45
0 8 17
4 6 22
4 26 38
15 33 44
8 37 45
12 13 29
15 33 48
15 36 47
15 18 36
15 18 49
17 39 42
9 24 26
22 26 32
14 27 42
30 36 41
23 31 49
20 34 44
36 41 47
11 24 26
4 26 32
21 30 41
2 14 42
1 37 49
11 38 43
