15 41 48
7 37 45
8 17 34
1 31 37
8 20 34
1 46 49
5 17 34
0 39 42
10 13 28
9 10 12
10 12 13
22 25 29
3 19 38
4 6 32
11 26 38
9 11 24
9 11 26
9 10 24
3 33 48
15 20 48
5 6 17
1 23 49
21 41 48
18 36 47
7 18 23
18 23 49
7 31 37
7 14 45
14 27 45
0 17 39
0 17 45
25 29 35
2 27 42
2 40 42
2 14 27
21 43 48
15 41 49
39 40 42
16 22 39
12 22 29
16 22 40
11 30 43
11 24 30
27 42 45
33 34 48
19 38 43
33 38 44
6 12 32
1 8 17
12 26 32
3 33 38
8 15 20
1 15 46
15 46 49
1 7 31
1 7 23
1 8 15
18 30 43
4 5 6
3 19 43
2 25 40
4 5 44
5 34 44
3 43 48
17 37 45
2 14 25
0 42 45
4 38 44
4 26 38
18 41 49
12 13 29
1 17 37
13 29 35
13 28 35
14 25 35
17 22 39
18 41 47
22 25 40
18 36 43
6 17 22
33 34 44
9 12 26
36 41 47
4 26 32
20 34 48
21 36 41
6 12 22
21 36 43
16 39 40
11 38 43
