36 135 156
17 201 214
106 111 200
108 225 226
9 53 131
16 27 57
8 10 164
63 79 143
14 31 132
46 215 238
13 21 129
40 55 112
13 217 234
36 154 156
2 12 231
86 180 230
62 75 184
128 140 246
1 185 194
20 92 229
1 139 173
150 180 230
72 89 139
65 158 166
160 212 213
73 125 170
31 163 224
63 162 211
14 105 132
161 192 229
114 191 218
92 159 220
88 161 164
10 164 192
92 192 229
88 161 221
161 164 192
8 95 164
112 179 189
211 212 213
63 79 211
13 74 151
9 53 79
9 130 131
21 58 219
135 195 241
13 151 234
19 58 215
43 169 197
94 146 147
37 126 200
93 135 243
11 116 242
166 186 187
4 12 231
4 38 231
29 86 118
75 86 184
139 150 230
29 72 86
86 180 184
85 99 117
12 85 117
4 12 117
2 155 239
2 231 239
26 33 128
62 75 188
2 12 153
2 153 155
26 34 127
18 181 232
41 169 209
6 181 232
18 26 128
38 75 188
17 122 185
150 180 185
69 122 185
90 206 235
6 206 232
146 147 148
6 206 235
106 126 200
20 98 176
37 45 176
37 45 126
45 90 240
16 57 214
1 173 214
16 173 214
89 139 173
1 139 194
27 166 186
29 72 187
42 158 225
42 158 166
57 65 108
158 225 226
65 158 226
65 108 226
71 175 225
20 92 109
71 175 247
103 110 134
103 175 247
25 70 170
137 171 247
92 109 159
73 83 170
68 83 105
83 134 137
83 137 171
68 83 110
83 110 134
31 125 224
78 80 101
25 141 171
141 171 247
25 77 78
25 70 78
15 101 102
60 199 212
60 80 101
172 199 212
211 212 223
172 236 248
77 102 177
120 177 218
8 81 191
120 159 220
120 159 177
20 54 71
20 54 98
37 176 204
47 176 204
47 111 204
147 148 178
19 93 215
35 145 182
35 44 182
94 146 165
146 165 168
106 146 148
88 95 164
88 95 221
81 121 190
91 236 248
55 63 162
66 112 193
81 121 228
121 193 207
24 121 207
48 145 182
107 189 233
112 189 193
39 189 233
40 112 179
40 55 63
40 63 143
40 53 143
107 124 233
53 79 143
217 234 237
124 129 219
58 74 215
151 215 234
21 129 219
19 119 144
39 119 144
19 58 119
93 135 156
123 174 249
5 93 215
19 93 156
5 46 215
74 151 215
215 234 237
217 237 245
3 46 238
3 30 84
30 84 242
11 84 115
11 84 242
30 67 202
5 30 64
0 202 203
64 67 82
23 82 157
51 64 82
30 64 67
51 82 157
5 51 64
36 135 241
32 157 243
59 227 241
59 123 227
36 59 241
97 174 227
195 227 241
123 178 249
123 174 227
41 196 209
6 56 181
32 195 227
49 52 87
49 87 104
32 50 87
41 43 169
18 169 209
34 76 152
76 153 222
76 100 222
76 100 183
0 116 216
7 61 100
52 87 198
0 116 202
7 133 244
11 115 216
11 116 216
115 208 245
115 237 245
115 208 216
133 208 244
208 222 245
91 190 236
1 185 214
69 184 185
76 183 196
114 190 236
47 176 229
20 176 229
167 201 214
98 167 176
165 168 221
212 223 248
160 163 213
28 163 213
96 162 223
44 149 182
36 149 154
142 149 154
35 145 207
19 144 156
139 150 185
139 185 194
80 160 224
103 134 247
134 137 247
31 132 163
28 132 163
131 205 217
130 131 217
127 153 239
69 128 184
62 128 184
126 235 249
208 222 244
69 122 246
39 119 233
58 119 219
118 166 187
99 118 166
114 177 218
142 144 154
55 112 162
66 112 162
47 111 229
111 161 168
111 161 229
22 107 205
107 179 189
22 107 129
106 126 249
106 178 249
106 111 168
103 175 225
102 177 236
15 102 236
144 154 156
15 101 199
60 101 199
7 100 244
98 108 167
97 174 249
107 131 205
33 231 239
32 50 157
33 38 188
32 197 227
32 135 195
13 22 129
14 31 73
172 199 236
34 152 209
141 159 177
66 96 162
5 30 46
90 206 232
27 57 65
4 86 99
30 116 242
119 124 233
51 93 157
31 73 125
25 83 171
109 159 247
24 138 165
111 200 204
24 44 138
141 159 247
97 197 227
20 109 247
91 96 223
72 186 187
70 78 80
8 81 228
61 183 203
42 85 166
72 86 139
33 127 239
17 185 214
29 118 187
4 75 86
18 197 210
18 56 181
10 92 192
15 199 236
16 89 173
17 90 122
7 208 216
6 97 249
24 35 44
180 184 185
0 61 203
44 94 147
6 235 249
70 170 224
113 131 179
13 21 58
44 94 165
3 84 115
167 176 201
3 215 238
3 215 237
7 133 208
23 50 157
42 103 225
24 121 221
10 191 218
13 22 217
23 87 198
81 114 191
39 189 193
14 73 83
86 139 230
16 89 186
20 71 247
37 200 204
10 92 220
160 163 224
8 10 191
91 121 190
18 26 34
41 183 196
91 121 193
3 115 237
39 48 144
153 155 239
18 140 232
24 165 221
16 27 186
8 95 228
39 48 145
24 35 207
119 124 219
28 132 213
26 33 127
30 116 202
90 122 246
12 42 68
48 142 182
32 135 243
33 128 188
33 38 231
13 58 74
90 140 232
39 145 207
17 90 240
14 83 105
23 67 82
3 30 46
25 77 177
4 99 117
0 7 216
18 34 209
41 49 104
10 120 218
41 49 183
41 43 197
107 113 131
41 104 197
12 42 85
42 103 110
42 68 110
18 169 197
172 212 248
44 147 149
32 87 104
4 38 75
85 99 166
27 65 166
59 147 178
25 83 170
100 222 244
48 142 144
56 136 197
54 108 225
54 98 108
49 52 203
22 205 217
52 198 202
52 202 203
32 104 197
18 128 140
40 53 179
23 50 87
54 71 225
17 176 201
56 97 136
6 56 97
56 197 210
161 168 221
53 131 179
0 7 61
57 108 167
39 193 207
57 167 214
107 124 129
67 198 202
125 170 224
142 149 182
59 147 149
36 59 149
10 120 220
5 51 93
59 123 178
62 128 188
90 140 246
66 91 96
61 100 183
49 183 203
23 67 198
106 146 168
95 121 221
162 211 223
69 128 246
44 138 165
70 80 224
17 176 240
86 99 118
34 76 127
76 152 209
76 196 209
77 78 101
77 101 102
25 141 177
45 176 240
80 160 212
72 89 186
60 80 212
81 114 190
18 56 210
114 177 236
91 223 248
45 90 126
90 126 235
107 113 179
66 91 193
95 121 228
97 136 197
93 157 243
76 127 153
106 148 178
