69 180 184
138 165 168
9 53 131
63 79 143
35 145 193
13 21 129
208 244 245
13 217 234
130 205 217
36 154 156
123 147 178
2 12 231
62 69 246
86 180 230
1 185 194
72 139 230
92 192 220
160 212 213
73 125 170
63 162 211
14 105 132
161 192 229
114 191 218
114 218 236
92 192 229
10 192 220
81 95 228
24 221 228
63 79 211
13 74 151
9 53 79
21 58 219
135 195 241
13 151 234
43 169 197
36 147 149
26 33 239
93 135 243
127 153 155
52 61 100
133 208 216
4 38 231
29 86 118
4 117 118
139 150 230
86 180 184
99 117 118
85 99 117
4 86 118
2 155 239
26 33 128
2 12 153
127 155 239
2 153 155
152 196 209
26 34 127
26 127 239
18 181 232
62 128 246
33 62 128
33 62 188
69 122 185
90 206 235
146 147 148
6 206 235
87 104 227
45 235 249
37 45 126
98 167 201
1 173 214
29 72 187
89 173 186
16 27 173
27 173 186
42 158 166
42 68 166
57 65 108
158 225 226
65 158 226
71 175 225
20 92 109
103 110 134
25 70 170
103 134 137
73 83 170
14 73 125
68 83 110
83 110 134
28 31 163
60 80 160
25 141 171
77 78 102
25 170 171
70 78 224
15 102 177
25 77 78
25 70 78
15 60 101
80 163 224
60 80 101
28 160 213
172 199 212
172 236 248
15 60 199
77 102 177
77 159 177
120 159 220
120 159 177
20 54 71
20 71 109
54 98 167
37 176 204
147 148 178
126 178 249
6 97 136
136 197 227
106 146 148
95 221 228
88 95 221
24 138 221
81 121 190
91 236 248
55 63 162
35 193 207
66 112 193
121 193 207
24 121 207
22 107 113
107 189 233
39 189 233
53 113 131
40 113 179
53 79 143
40 53 113
58 74 215
151 215 234
21 129 219
39 119 144
19 93 156
5 46 215
74 151 215
3 30 84
11 84 115
11 84 242
23 82 202
67 82 202
135 195 243
59 123 227
45 126 249
6 56 136
97 136 227
32 195 227
23 32 50
49 87 104
104 197 227
18 169 209
34 76 152
76 152 196
26 34 152
169 197 210
18 169 210
76 153 222
76 100 222
52 198 203
0 116 216
52 61 203
52 87 198
52 100 183
116 202 242
7 133 244
11 115 216
115 208 245
115 237 245
115 208 216
222 244 245
133 208 244
7 133 216
90 235 240
234 237 245
11 216 242
212 213 223
91 190 236
49 183 196
114 190 236
15 177 199
123 174 178
174 178 249
139 173 194
1 173 194
172 177 236
167 201 214
212 223 248
96 162 223
160 199 212
157 195 243
32 157 195
44 149 182
36 149 154
142 149 154
146 147 165
106 146 200
139 150 185
139 185 194
137 170 171
137 141 171
83 134 170
45 235 240
37 126 204
125 163 224
31 125 163
31 125 132
69 122 246
120 177 236
8 120 164
39 119 233
58 119 219
119 154 156
19 119 156
118 166 187
99 118 166
4 117 231
217 234 245
106 148 200
142 144 154
134 137 170
55 112 162
66 112 162
60 160 199
47 111 229
111 161 168
111 161 229
92 109 220
109 159 220
71 109 175
107 179 189
103 175 225
103 158 225
103 141 247
103 137 141
103 109 175
103 109 247
80 101 224
78 101 224
7 100 244
7 100 216
61 100 216
111 146 200
100 183 196
76 100 196
97 174 249
18 152 209
72 89 173
32 82 157
55 112 179
37 98 176
12 85 231
36 123 147
5 19 119
35 48 182
90 140 206
33 38 188
211 213 223
36 93 135
13 22 129
120 218 236
0 61 216
66 96 162
6 56 232
28 80 160
68 73 83
26 140 246
33 38 239
172 177 199
26 140 232
25 77 159
119 124 233
41 43 196
111 146 165
29 72 230
51 93 157
109 159 247
24 44 138
69 150 185
88 168 221
141 159 247
16 57 158
23 198 203
22 107 233
22 124 233
91 96 223
22 124 219
72 186 187
20 54 176
27 186 187
22 131 205
39 145 193
42 103 158
29 118 187
112 179 193
57 65 158
18 56 181
24 44 182
23 32 82
9 130 205
17 90 122
8 120 191
6 97 249
85 117 231
27 158 166
0 61 203
44 94 147
69 75 184
6 235 249
3 234 237
17 98 201
38 62 75
70 170 224
5 19 93
72 139 173
28 80 163
23 116 202
5 58 215
13 21 58
44 94 165
3 84 115
17 45 240
5 64 93
71 225 226
138 168 221
1 201 214
126 178 200
36 59 123
8 88 164
126 200 204
4 86 184
24 81 121
41 49 196
35 48 145
23 87 198
81 114 191
39 189 193
15 78 101
5 64 67
88 161 192
10 88 192
6 140 206
54 98 176
20 176 204
91 121 190
4 75 184
13 22 205
3 234 238
37 45 98
14 68 105
49 87 183
91 121 193
3 115 237
119 144 154
24 81 228
39 48 144
15 78 102
2 38 239
47 111 200
68 85 166
9 131 205
6 140 232
1 122 185
10 88 164
39 48 145
24 35 207
18 26 152
119 124 219
28 132 213
13 205 217
90 122 246
48 142 182
62 69 75
29 86 230
18 26 232
13 58 74
38 62 188
0 23 203
26 128 246
24 35 182
14 68 73
17 90 240
16 27 158
25 141 159
5 46 67
47 92 204
81 95 191
2 38 231
16 57 173
41 49 104
41 43 197
88 161 168
41 104 197
42 103 110
42 68 110
43 169 196
172 212 248
54 71 167
44 147 149
71 108 167
4 38 75
46 67 238
1 17 122
85 99 166
46 215 234
46 234 238
22 129 219
100 222 244
48 142 144
47 92 229
56 136 197
0 23 116
28 31 132
47 200 204
30 67 84
169 196 209
50 87 227
27 166 187
32 50 227
51 64 67
40 53 55
53 55 63
111 165 168
53 63 143
36 93 156
23 50 87
67 82 157
40 55 179
56 197 210
14 125 132
56 181 232
57 108 167
57 167 214
57 173 214
125 170 224
22 113 131
36 59 135
142 149 182
59 135 241
5 58 119
10 120 220
59 195 241
1 17 201
59 195 227
12 68 85
94 147 165
51 64 93
116 216 242
90 140 246
120 191 218
65 71 226
65 71 108
66 91 96
67 84 242
51 67 157
30 67 238
88 95 191
67 202 242
162 211 223
69 150 230
44 138 165
69 180 230
8 88 191
148 178 200
34 76 127
3 30 238
72 89 186
81 114 190
18 56 210
91 223 248
52 87 183
17 45 98
107 113 179
66 91 193
10 120 164
20 92 204
93 157 243
97 123 227
179 189 193
76 127 153
97 123 174
