69 180 184
17 201 214
108 225 226
66 91 162
63 79 143
14 31 132
13 21 129
208 244 245
5 51 243
130 205 217
2 12 231
62 69 246
86 180 230
20 92 229
72 89 139
68 110 175
70 125 170
63 162 211
14 105 132
114 191 218
172 223 248
114 218 236
88 161 164
92 192 229
91 114 190
112 179 189
63 79 211
13 74 151
39 145 189
48 144 145
135 195 241
44 142 149
36 147 149
26 33 239
127 153 155
23 198 202
11 116 242
166 186 187
4 38 231
29 86 118
29 99 118
139 150 230
29 72 86
86 180 184
99 117 118
85 99 117
2 155 239
62 75 188
2 12 153
2 153 155
26 34 127
18 181 232
18 26 209
6 181 232
90 206 246
62 128 246
33 62 188
38 75 188
17 122 185
45 90 235
69 122 185
90 206 235
6 206 235
106 126 200
6 97 235
45 90 240
16 57 214
108 167 201
89 139 173
139 150 194
89 173 186
42 158 225
16 27 173
42 158 166
103 110 175
57 65 108
158 225 226
54 108 167
65 108 226
20 92 109
71 175 247
103 110 134
103 175 247
137 171 247
73 83 170
68 83 105
83 134 137
83 137 171
83 170 171
68 83 110
83 110 134
14 31 125
28 31 163
70 125 224
141 171 247
15 102 177
15 101 102
15 60 101
80 163 224
60 199 212
60 80 101
28 160 213
172 236 248
15 60 199
15 177 236
91 114 236
77 102 177
8 10 218
8 191 218
120 159 220
71 109 247
20 71 109
20 54 98
54 98 167
47 176 204
47 111 168
147 148 178
36 59 147
44 142 182
88 95 221
81 121 190
96 162 211
91 96 162
55 63 162
66 112 193
81 121 228
121 193 207
22 107 113
107 189 233
39 189 233
40 112 179
40 53 143
107 124 233
53 79 143
39 124 233
13 21 74
124 129 219
21 129 219
19 58 119
51 157 243
19 93 156
5 46 215
3 84 237
3 30 84
32 195 243
30 67 202
0 202 203
64 67 82
23 82 157
5 51 64
135 195 243
32 157 243
59 123 227
97 174 227
123 174 227
174 235 249
97 174 235
6 56 181
23 32 157
23 32 50
49 87 104
41 104 196
49 104 196
136 197 210
34 76 152
76 152 196
76 153 222
76 100 222
49 76 196
49 52 183
49 76 183
76 100 183
0 116 216
7 61 203
7 100 222
52 61 203
7 61 100
11 115 216
11 116 216
115 208 245
115 237 245
115 208 216
222 244 245
133 208 244
234 237 245
211 223 248
169 209 210
121 207 228
24 207 221
199 212 223
8 191 228
81 191 228
1 185 214
47 176 229
45 176 201
123 174 178
139 173 194
98 167 176
166 173 186
160 212 223
160 211 223
13 151 217
149 154 156
142 149 154
146 147 165
106 146 200
27 166 173
35 145 207
103 134 247
134 137 247
44 138 182
133 222 244
45 126 235
126 235 249
126 174 249
125 163 224
31 125 163
69 122 246
120 177 236
18 209 210
58 119 219
119 154 156
19 119 156
39 119 145
4 117 231
217 234 245
120 141 177
55 112 162
66 112 162
112 145 189
109 159 220
108 175 225
107 179 189
22 107 129
106 126 174
106 174 178
106 147 148
104 136 197
111 146 200
97 136 210
145 193 207
57 108 201
11 115 237
12 85 231
35 48 182
33 38 188
55 112 143
13 22 129
49 52 198
172 199 236
34 152 209
120 218 236
86 117 118
28 80 160
26 34 209
77 80 102
26 140 246
33 38 239
26 127 155
20 98 229
1 150 194
40 112 143
30 116 242
111 146 165
109 159 247
24 165 168
11 30 84
24 138 165
17 45 201
69 150 185
88 168 221
141 159 247
1 16 194
72 186 187
22 131 205
70 78 80
120 141 159
42 85 166
72 86 139
20 71 108
20 54 108
17 185 214
19 74 215
160 211 213
112 145 193
19 58 74
18 56 181
25 70 77
98 176 229
10 92 192
15 199 236
26 33 62
9 130 205
40 131 179
17 90 122
7 208 216
85 117 231
6 206 246
27 158 166
44 94 147
5 93 135
56 97 210
69 75 184
3 234 237
113 131 179
5 19 93
28 80 163
29 72 99
44 94 165
167 176 201
39 124 219
17 45 240
71 108 175
1 16 214
0 30 202
41 152 196
164 192 229
8 88 164
7 133 208
0 7 203
26 62 128
96 236 248
0 30 116
172 199 223
4 86 184
35 48 145
23 87 198
81 114 191
14 73 83
86 139 230
32 59 227
37 200 204
5 64 67
39 119 219
16 173 194
5 135 243
119 144 145
16 65 226
47 161 229
10 109 220
91 121 190
4 75 184
49 87 198
13 22 205
3 234 238
5 19 215
8 10 192
21 74 219
91 121 193
1 150 185
119 144 154
42 175 225
2 38 239
47 111 200
18 140 232
8 95 228
14 73 170
18 26 140
9 131 205
6 140 232
16 57 65
24 35 138
24 35 207
10 92 109
6 140 246
74 151 234
28 132 213
106 146 147
24 168 221
13 205 217
90 122 246
12 42 68
48 142 182
62 69 75
11 30 242
25 70 141
26 128 246
17 90 240
14 83 105
14 125 170
23 67 82
16 27 158
5 46 67
25 77 177
4 86 117
8 88 95
2 38 231
0 7 216
40 53 131
41 152 209
10 120 218
41 43 197
88 161 168
41 104 197
12 42 85
36 59 93
96 211 248
41 43 209
43 169 209
43 169 210
43 197 210
44 147 149
37 45 200
45 126 200
35 138 182
4 38 75
72 99 187
46 67 238
48 142 154
85 99 166
46 215 234
46 234 238
59 147 178
47 161 168
28 31 132
47 200 204
48 144 154
50 87 97
50 97 227
32 50 227
52 198 202
52 202 203
111 165 168
36 93 156
23 50 87
55 63 143
42 68 175
6 56 97
107 124 129
59 93 135
22 113 131
59 135 241
10 120 220
45 176 204
59 123 178
59 195 241
151 217 234
52 61 183
94 147 165
64 82 157
51 64 157
58 74 219
61 100 183
30 67 238
69 150 230
44 138 165
69 180 230
70 77 78
70 80 224
11 84 237
70 141 171
70 170 171
8 164 192
74 215 234
34 76 127
77 78 80
25 141 177
3 30 238
37 45 204
9 79 131
36 149 156
53 79 131
80 101 102
80 160 212
72 89 186
60 80 212
81 114 190
23 67 202
18 56 210
32 59 195
87 97 136
161 164 229
87 104 136
99 166 187
107 113 179
66 91 193
7 133 222
16 158 226
57 201 214
95 207 228
95 207 221
76 127 153
91 96 236
26 155 239
106 148 178
