26 240 449
88 163 245
159 278 361
139 188 355
132 271 411
22 172 243
215 373 447
109 239 423
90 118 293
349 370 432
164 203 212
23 267 399
14 184 191
286 309 310
92 134 335
136 201 302
226 301 384
27 321 367
197 285 428
311 343 423
328 354 446
10 78 81
243 379 402
287 379 402
22 280 422
6 222 336
257 336 409
90 336 431
218 306 368
6 222 293
78 330 392
12 279 317
171 219 239
265 306 365
67 69 157
26 157 344
157 413 449
145 219 413
171 219 413
109 311 423
30 94 417
38 373 374
69 157 373
164 342 417
11 103 414
52 59 414
44 236 252
124 168 252
19 116 213
38 374 387
118 195 377
127 136 270
127 136 206
120 199 278
1 187 341
48 79 290
230 298 348
95 229 288
80 93 398
34 61 93
96 144 426
31 89 99
250 268 325
62 82 191
73 220 298
89 99 292
176 230 298
130 165 346
96 237 259
2 148 251
138 364 404
119 211 299
55 64 436
55 141 436
289 436 438
63 64 199
224 339 429
25 77 132
271 360 411
77 162 389
272 353 356
28 186 238
148 248 251
214 232 444
25 132 162
197 385 428
28 242 385
28 238 428
28 385 428
170 208 285
197 242 385
10 81 242
76 81 208
60 76 208
60 76 354
13 60 208
81 208 285
13 332 446
328 332 446
161 287 328
65 108 217
13 170 208
13 170 332
186 238 347
29 117 276
29 117 186
35 225 366
29 276 389
335 353 356
117 276 366
35 276 366
117 225 366
35 225 272
132 162 271
25 77 162
77 276 389
35 77 276
162 224 271
162 177 224
56 371 420
126 139 188
126 308 437
22 172 384
108 172 243
323 359 371
226 336 409
235 304 409
180 257 409
22 301 384
142 297 317
32 294 368
192 297 390
249 297 390
249 368 390
88 221 245
163 245 320
72 153 330
153 320 330
153 320 327
135 163 194
135 163 320
10 78 392
10 313 386
10 313 392
10 242 386
97 375 425
313 340 386
313 340 412
279 317 424
200 249 275
9 200 249
110 218 240
200 275 380
32 294 422
4 32 112
4 32 265
6 90 336
110 218 306
110 240 344
110 228 374
195 228 374
26 240 344
240 413 449
26 157 449
109 171 239
109 200 311
343 386 423
145 219 239
97 239 281
239 281 423
358 375 414
59 394 414
97 281 375
314 358 375
24 314 358
24 70 394
24 70 358
24 86 394
24 86 314
59 394 405
43 255 338
30 394 405
30 255 405
30 94 394
59 255 405
43 59 255
52 103 414
11 103 447
69 373 447
38 215 373
19 38 215
15 79 318
150 164 203
48 146 198
21 47 174
21 164 174
3 33 146
116 203 212
48 116 213
116 133 203
94 342 417
260 284 342
164 174 342
21 164 212
21 41 47
36 47 174
18 36 284
95 216 282
79 155 290
48 79 198
15 79 155
20 80 282
5 34 333
124 198 396
44 168 252
20 61 93
20 61 318
3 19 213
19 38 227
3 19 227
38 227 387
44 236 408
4 118 265
4 112 293
4 118 293
90 118 431
6 90 293
5 114 442
114 257 336
114 152 257
114 152 443
5 34 442
136 302 363
91 283 361
17 205 206
136 363 442
125 234 286
17 309 416
125 286 310
183 393 441
125 310 393
349 370 441
8 349 432
96 237 426
96 144 183
220 237 426
144 220 426
80 282 315
20 80 93
34 93 398
127 234 270
234 270 432
80 315 398
20 282 382
216 282 315
95 216 244
111 256 319
101 260 300
254 326 399
296 300 362
74 260 300
254 300 439
1 166 267
230 267 348
49 246 305
246 288 305
144 176 349
264 298 348
187 298 341
166 341 448
1 166 341
99 166 440
101 291 357
101 296 300
147 151 316
98 316 357
101 296 357
62 101 291
14 82 191
62 143 291
62 143 407
89 258 292
89 258 407
100 191 383
160 341 448
73 160 341
73 298 341
130 268 346
268 325 346
154 253 274
259 376 434
178 325 346
45 130 165
45 130 191
27 350 367
115 154 295
0 115 154
0 115 321
115 184 295
115 184 367
2 148 435
261 350 367
115 321 367
211 299 350
119 138 364
55 64 128
107 128 351
55 128 351
241 273 416
102 273 416
102 120 273
102 120 278
53 199 278
17 159 205
102 159 278
201 257 361
180 257 361
58 180 283
91 180 361
91 180 283
39 53 202
58 202 433
54 131 137
131 137 364
137 231 247
119 129 364
122 129 364
119 129 352
40 122 158
66 312 415
87 339 415
123 335 353
123 272 353
117 225 232
232 397 444
92 113 134
85 104 193
113 134 406
397 406 444
140 331 397
85 104 391
104 334 391
196 352 395
119 148 352
119 138 211
185 209 324
14 82 435
2 209 251
82 209 324
334 401 430
83 193 307
324 401 430
308 420 437
313 392 412
258 383 407
15 378 382
233 378 382
125 370 393
304 369 409
226 369 409
358 394 414
70 358 394
98 357 362
151 427 440
178 346 381
165 346 381
98 316 440
210 312 359
311 343 419
241 310 445
310 393 445
87 303 411
74 300 305
370 393 441
291 316 357
287 328 332
86 281 314
192 280 297
142 280 297
194 279 340
141 277 321
0 277 321
275 297 317
249 275 297
253 274 376
274 376 434
149 273 445
241 273 445
273 289 388
151 316 440
269 336 431
114 269 336
189 268 448
160 268 448
266 389 421
162 266 389
1 264 267
263 315 398
8 263 349
258 292 322
253 262 381
400 414 425
56 266 420
250 325 376
253 262 376
148 248 352
274 388 434
86 242 423
241 309 416
218 240 368
98 267 362
9 240 249
238 285 428
237 259 376
237 250 376
137 231 364
231 364 404
229 288 319
229 256 319
229 233 378
95 229 233
228 306 365
227 377 387
227 377 408
222 226 301
222 226 336
339 415 429
220 237 250
266 420 421
12 88 317
67 97 425
81 197 285
85 403 406
85 193 196
83 196 307
135 330 392
133 207 215
144 183 441
254 305 326
164 338 417
16 54 169
192 294 368
3 236 252
21 155 290
75 216 244
167 175 312
204 224 429
74 288 305
72 328 330
72 161 328
57 72 327
71 190 380
69 400 425
67 69 425
85 196 403
68 69 400
159 205 361
68 69 447
11 68 414
67 145 413
132 335 411
190 279 340
67 97 239
32 222 422
63 128 372
62 100 407
375 414 425
53 278 361
61 124 333
281 314 375
61 124 396
88 142 221
61 79 396
117 140 397
340 343 386
182 320 327
45 154 295
58 180 409
18 74 260
58 235 409
50 204 429
11 68 447
76 78 81
54 106 169
53 283 361
149 273 388
3 48 146
49 305 326
18 74 111
143 291 316
79 198 396
143 407 427
78 328 330
248 251 395
149 434 445
46 230 267
56 204 266
71 311 419
41 47 378
108 243 402
85 331 397
50 56 204
63 64 128
57 72 379
31 407 427
87 224 360
68 400 414
154 165 253
46 95 288
46 75 176
77 132 356
28 117 242
86 281 423
18 36 256
27 141 321
42 55 138
46 95 244
42 55 141
18 111 256
72 153 327
152 363 443
42 138 211
36 284 342
17 206 286
22 222 422
40 92 335
16 137 247
14 350 435
62 100 191
15 41 378
15 41 155
31 99 440
43 207 338
14 184 367
14 261 350
88 163 194
84 140 334
49 246 399
17 286 309
149 388 434
50 179 312
36 47 256
85 331 391
172 337 371
77 272 356
107 231 404
13 354 446
23 362 439
37 258 383
13 60 354
246 267 399
85 397 406
33 124 198
50 210 371
179 312 415
121 304 369
144 349 441
300 362 439
275 317 424
132 335 356
18 260 284
58 235 433
50 179 429
170 238 285
46 176 230
52 59 207
23 254 399
54 105 106
241 309 310
45 154 165
78 328 354
61 79 318
55 138 404
8 263 398
88 142 317
92 113 158
34 136 442
16 167 202
40 105 131
265 306 368
152 201 302
3 33 252
162 177 204
46 246 267
179 415 429
0 277 438
122 158 418
14 261 367
1 187 298
3 227 408
118 195 228
83 185 324
99 292 448
29 173 186
83 334 430
144 176 220
71 200 380
34 136 270
0 181 274
156 167 312
81 197 242
50 210 312
108 172 371
82 84 401
178 325 376
19 133 215
37 130 268
67 157 413
2 82 435
130 191 383
19 116 133
182 327 379
87 224 339
88 194 279
0 181 438
242 386 423
16 167 175
34 270 432
8 34 398
32 265 368
39 63 345
53 58 283
125 234 432
21 41 155
50 56 371
52 103 207
40 122 131
87 106 303
185 209 395
9 109 200
100 383 407
16 54 137
39 53 199
209 251 395
118 377 408
118 269 431
74 288 319
98 166 440
22 182 379
49 326 399
158 406 418
224 271 360
214 225 232
27 42 141
51 147 316
27 211 350
9 109 171
27 42 211
30 338 417
30 255 338
170 173 332
35 77 272
193 196 307
194 340 412
99 166 448
31 89 407
39 107 410
22 182 280
76 78 354
296 357 362
3 48 213
177 204 224
29 173 437
83 324 430
63 345 372
73 160 220
33 124 252
33 146 198
87 169 415
84 334 401
46 246 288
240 249 368
40 329 411
123 134 214
87 106 169
160 220 250
36 174 342
3 236 408
37 258 322
15 20 318
37 268 322
172 337 369
103 207 215
43 59 207
39 107 345
39 63 199
46 75 244
40 335 411
2 82 209
66 169 415
110 228 306
173 186 347
119 299 435
178 262 381
40 92 158
55 351 404
188 332 355
167 202 304
114 363 442
142 223 280
95 233 382
87 360 411
96 259 434
39 202 410
96 434 445
113 158 406
51 143 147
96 183 445
98 166 267
54 105 131
420 421 437
0 154 274
75 216 263
199 289 436
107 128 345
152 201 257
29 421 437
124 269 333
32 112 222
118 228 365
66 169 312
103 215 447
169 175 312
162 204 266
123 214 225
105 106 303
40 105 329
105 303 329
9 171 240
1 264 298
28 117 186
75 263 349
107 231 247
107 247 410
248 352 395
107 351 404
108 371 420
65 108 402
133 207 338
23 267 362
12 88 279
374 377 387
139 217 402
110 344 373
110 373 374
112 222 293
108 217 420
114 269 333
5 114 333
57 327 379
114 363 443
126 139 308
47 229 256
34 61 333
116 212 290
75 176 349
48 116 290
117 232 397
121 337 369
118 168 269
118 265 365
44 118 408
299 350 435
189 268 322
119 148 435
122 131 364
21 212 290
254 300 305
287 332 355
123 134 335
71 190 419
123 225 272
124 168 269
125 370 432
71 200 311
53 58 202
120 199 273
128 345 372
129 196 352
129 196 418
210 359 371
22 243 379
37 130 383
95 282 382
135 320 330
173 188 332
139 287 355
82 324 401
16 169 175
139 287 402
190 279 424
196 403 406
140 334 391
141 436 438
141 277 438
7 143 147
172 226 369
22 222 301
51 143 316
7 143 427
31 427 440
16 202 247
7 147 427
147 151 427
156 337 371
142 221 223
170 173 238
157 344 373
152 302 363
190 340 343
161 287 379
121 156 304
122 129 418
156 167 304
121 156 337
156 312 359
156 323 359
156 323 371
17 159 416
102 159 416
216 263 315
160 250 268
72 161 379
67 145 239
172 226 384
303 329 411
275 380 424
195 374 377
150 164 338
15 20 382
181 289 388
190 380 424
171 240 413
8 34 432
202 235 433
83 185 196
173 238 347
176 220 298
74 111 319
264 267 348
178 262 376
64 199 436
165 253 381
29 389 421
181 274 388
181 289 438
182 221 245
182 245 320
183 393 445
185 196 395
126 188 437
173 188 437
189 292 448
189 292 322
190 343 419
184 191 295
139 217 308
45 191 295
192 368 390
192 294 422
192 280 422
83 193 334
104 193 334
135 194 392
194 392 412
196 406 418
199 273 289
23 254 439
136 201 206
201 205 206
182 223 280
202 247 410
202 235 304
133 203 338
150 203 338
201 205 361
127 206 234
206 234 286
44 118 168
140 331 391
134 214 406
214 406 444
47 229 378
65 217 402
217 308 420
182 221 223
