391.967 -1022.81
669.359 -1750.95
188.487 1984.34
1730.46 -1686.22
241.199 -1456.04
-443.269 1594.73
-787.525 -822.046
-408.987 -1435.65
-1224.5 325.051
1399.39 1693.85
796.399 -417.36
-197.865 -828.423
-1898.94 -1920.22
-873.039 -1371.64
-337.521 838.047
413.643 -1945.55
1815.24 -916.998
-1696.5 3.72557
-932.661 -1966.04
317.51 1308.54
-1422.08 1874.24
903.265 -209.607
-947.804 -1505.72
354.741 -172.304
819.329 -245.87
-478.455 -384.272
1336.77 1323.68
787.305 1437.83
1403.46 1914.27
-1933.8 -934.065
752.313 479.842
-879.618 567.552
1562.84 -576.122
-1428.72 -1369.82
-542.164 888.787
1938.72 35.7537
763.028 841.985
1826.15 1815.22
1336.26 180.888
-357.08 155.592
1935.02 1164.47
1771.32 1271.79
488.146 558.625
709.624 -108.398
472.891 775.822
957.537 -774.796
-744.336 -1922.08
1792.76 -1181.49
-498.203 -1635.97
-551.31 959.632
1252.82 -612.59
-1004.61 15.849
-1770.6 -1178.47
-168.927 1565.66
1002.42 1473.99
-278.75 937.439
638.459 -507.43
209.228 -873.396
-1948.8 -1081.15
1018.21 524.086
1694.67 -24.2572
1749.29 -1049.66
53.6615 1542.05
-231.155 1555.46
1906.08 1217.54
515.091 1158.9
-1395.05 1510.48
-825.251 -1165.66
-1667.99 1005.82
-1600 1334.43
479.815 121.249
271.87 -881.726
1613.82 -1518.9
244.878 1665.01
-600.05 -736.916
189.101 -905.376
1238.83 -61.6088
44.9619 -707.512
-519.562 1813.81
-1152.05 -613.482
1031.34 1363.04
-1454.58 1636.29
873.514 -279.832
-1529.37 1205.52
-1274.01 -1129.37
539.954 1205.81
991.879 -1188.18
-1675.92 605.698
-707.078 568.958
270.713 692.872
1832.04 -1540.19
1787.5 1070.87
398.204 -167.542
-1636.64 1878.64
-353.735 -788.696
-734.84 -1322.39
-1425.66 -189.422
-1686.1 1447.86
1530.75 -1215.47
653.379 -1743.26
-344.843 -806.667
1462.54 -1352.96
5.15698 1786.62
1252.73 1298.08
355.58 -476.553
-9.04906 187.622
-16.7398 -221.553
-741.509 -1618.54
1610.91 -378.152
-1739.89 -742.83
833.152 -474.733
-65.2214 1407.49
1335.85 248.676
855.349 866.592
1033.2 -491.272
1123.33 -1311.64
702.061 585.87
-664.604 -1292.78
372.492 -1411.87
-1994.7 -1271.93
111.578 -3.75255
915.694 -1905.16
1774.69 -1825.81
-1523.7 1385.6
-203.966 -1263.59
-1357.23 -1370.81
261.676 577.549
-1963.32 -402.478
-1173.78 892.028
-1535.89 1859.43
-1599.24 1587.44
-1452.21 1102.82
173.312 -116.816
1810.03 -1454.2
471.314 1815.33
-726.123 -1417.11
-188.422 -1810.43
-1322.27 -413.728
-1636.24 -845.967
-1028.13 159.789
-109.558 -385.358
788.975 -1847.88
-1807.81 825.655
-250.359 -981.585
-282.317 213.754
-1122.16 118.439
-198.804 -574.37
-778.745 1974.51
1308.81 -968.711
-1479.69 -219.872
-1153.38 -205.811
363.02 658.197
-16.2408 1040.75
-1755.53 347.515
-1805.22 -783.658
-1492.7 85.2248
830.984 1296.28
237.343 1023.17
121.935 1986.98
-1958.41 1839.62
200.738 -1080.57
-41.9435 -1998.07
345.062 1179.31
1976.44 -346.125
-1789.4 -1503.25
1434 -942.78
290.942 -202.977
1715.42 -1725.3
-1162.23 1959.89
622.216 -967.445
-823.771 1129.52
1117.78 -1992.79
425.8 -644.876
1030.39 -1452.26
-657.892 1071.98
-1612.65 1542.85
1991.41 345.409
1544.78 336.471
-475.279 1521.22
1990.35 -264.678
-1982.03 1424.35
792.542 308.915
-778.628 507.96
583.616 59.1448
467.848 -794.168
1091.7 1644.08
-1664.65 209.48
1651.29 761.153
1564.6 681.678
1308.89 -1093.29
-246.345 1696.24
-1550.44 -254.935
41.6499 1994.34
-1918.46 1566.37
1515.56 -1928.12
-698.307 1533.53
1496.23 -1905.76
-157.556 -1282.4
602.195 -1573.94
776.748 -929.957
-368.108 -131.552
-1285.88 -32.7557
-1922.07 -1634.59
-1271.6 1642.53
1047.09 -1962.72
-1450.76 -1199.26
1733.53 -1001.2
545.808 -224.825
-1006.86 627.343
-658.454 -1491.31
699.225 643.239
-1957.78 195.456
737.474 -115.334
913.059 -660.33
310.726 -310.193
409.712 1942.62
1558.25 1123.83
-90.1374 1636.18
1489.24 638.26
1278.72 536.331
675.544 1827.96
1337.07 409.07
-1173.24 -117.118
-1815.75 -180.104
-1489.77 -474.209
328.589 1209.45
-1830.97 370.811
-595.093 906.505
-1744.52 -1682.03
-1753.83 566.204
7.772 655.887
508.822 -433.974
-220.281 -1581.32
-797.791 -731.038
1056.94 -1519.08
1805.29 -267.511
-1691.12 1142.37
-1858.44 -864.357
-974.752 -1674.2
955.539 -464.526
-148.405 -715.872
-1255.08 20.6257
1654.94 149.831
-1072.87 1910.42
467.796 -826.695
476.619 -1524.43
1829.19 -1014.56
41.5949 -391.089
-595.874 1243.8
877.873 -1538.93
1724.73 683.165
193.559 -1966.39
-174.468 335.118
-830.746 850.78
660.922 -1875.21
-1613.75 -1487.48
-591.08 -868.822
533.142 -936.141
1281.01 1460.27
-1025.73 -251.195
-1366.42 1450.89
224.374 -1537.23
-1563.66 -1734.03
71.6812 -159.538
1509.77 -1050.45
301.532 1234.5
1632.72 -1504.91
1268.11 -541.749
830.21 -1562.63
-1690.97 -508.869
-1437.84 -1304.71
3.64775 -28.9211
-173.537 -1463.21
1034.94 -892.528
1997.06 -1990.79
856.278 -1369.36
1460.11 -919.348
-906.589 1896.44
-653.379 1165.09
-263.096 -1143.61
-1885.35 -1961.56
-1909.11 1747.37
-1466.47 1359.01
-794.382 1363.74
1796.37 -485.351
-1145.13 -1641.47
209.934 858.516
329.61 -1963.6
1395.31 -635.452
-856.13 1392.37
-626.24 -1999.85
-1976.99 -1166.13
-919.2 -883.579
-1269.69 427.421
-1718.49 467.213
1283.81 -1603.84
505.649 1374.71
-1856.47 1039.18
733.715 -650.857
402.915 530.087
863.792 1257.78
888.619 -926.273
116.3 -781.771
-889.875 -488.394
582.777 253.995
-1096.02 1956.54
254.143 -1073.01
-1209.6 1334.94
43.4066 -479.287
-237.636 324.92
1987.93 -953.822
721.079 493.575
-1579.11 864.605
-467.248 1154.6
-1786.25 1935.67
-315.311 1077.54
1193.45 -1426.69
-1848.73 -690.251
-208.464 -738.609
821.355 -1625.69
1515.39 1725.33
-1669.15 -230.471
-1347.68 -878.746
-895.528 695.723
641.967 866.836
-979.358 629.893
1913.01 1741.72
-876.532 -1666.1
606.326 656.219
1488.5 820.073
591.886 -826.81
-102.387 -214.664
-253.503 48.8799
1095.08 1538.03
1310.27 -83.5599
1912.35 825.657
-358.229 -1756.8
-1404.81 294.087
-635.549 -300.342
-1010.19 -1993.58
-1433.51 10.4519
636.311 -1520.49
-247.827 1759.78
-1186.59 -1641.5
415.998 -1698.09
1178.57 -992.116
-524.899 -923.814
793.219 1221.6
1125.07 -111.696
759.633 435.337
1804.74 671.979
-739.006 -553.485
915.176 -143.82
1740.6 -1720.37
1555.84 -1269.59
-1713.95 -1877.67
740.864 922.357
-1398.16 -1506.96
682.135 -584.749
-1148.46 -901.867
-282.837 -1969.89
106.017 1192.26
-893.705 -1100.76
413.863 -1768.64
787.541 -826.505
666.697 592.285
1845.47 1927.69
-1961.2 760.651
-216.129 1779.4
1040.28 -660.291
-1490.19 1326.32
-537.959 1250.68
248.681 63.8832
1743.71 -1069.18
1479.13 -1404.75
28.9495 -803.703
-1374.64 -1865.03
-1611.44 -268.346
-965.797 802.424
-36.986 1821.74
1975.92 -1370.29
414.029 1821.39
-1442.6 452.829
582.045 341.273
232.231 -377.677
1680.98 742.045
-1051.35 -856.977
-7.27757 1197.33
1206.91 -263.563
-1871.86 686.041
331.687 157.094
1882.34 957.046
292.061 -1729.1
-1311.3 1326.26
1073.32 651.714
1148.01 1049.24
1281.43 -437.964
870.636 1838.83
-1985.13 -547.319
180.1 247.096
