134 154 167
18 138 174
47 187 226
93 312 321
11 180 338
51 212 352
21 383 388
137 185 386
164 271 379
28 57 189
75 104 230
103 130 132
74 250 306
95 186 263
180 213 395
31 192 222
150 165 172
46 172 177
17 203 378
146 368 378
67 159 313
69 99 231
250 348 385
40 140 385
99 210 231
173 306 336
88 119 134
63 143 348
63 262 348
74 226 394
159 309 313
49 184 325
109 262 348
59 158 304
113 288 391
66 254 355
33 185 353
26 33 224
36 185 188
49 81 325
101 199 236
10 113 267
155 160 344
48 121 243
136 138 174
61 80 260
202 271 379
148 164 271
1 44 196
3 129 351
44 78 235
293 298 375
78 80 257
148 191 271
202 319 379
14 139 175
97 131 278
149 211 341
117 301 342
148 191 321
38 191 321
163 193 388
230 256 322
13 94 161
133 269 358
9 219 234
133 265 358
12 106 329
102 329 349
12 106 310
25 128 182
232 297 330
100 209 337
100 209 295
209 295 308
205 280 283
180 213 338
11 95 255
95 255 263
55 240 363
34 186 263
156 258 331
31 52 192
52 115 331
198 291 356
17 203 360
120 198 203
120 203 356
120 198 356
146 197 350
177 198 291
179 247 314
43 123 397
227 291 326
165 172 371
46 123 172
294 350 368
165 294 368
106 165 294
178 214 317
300 368 378
150 165 368
150 300 378
150 300 368
146 192 222
146 350 368
5 32 91
178 214 339
40 96 102
140 194 336
194 237 336
140 173 336
173 250 306
74 187 226
74 250 348
76 143 348
76 348 385
74 109 348
109 176 262
109 176 320
32 91 276
207 309 313
135 276 389
87 169 324
95 186 363
55 229 240
87 169 377
15 169 377
15 169 389
15 343 377
50 59 116
88 158 304
59 116 158
113 160 344
113 160 288
81 155 251
101 113 267
42 221 284
88 134 390
26 124 137
24 254 355
66 206 304
66 88 304
127 137 233
90 252 369
124 137 233
253 264 286
122 264 286
26 137 185
127 137 386
36 60 188
26 33 185
27 185 353
3 27 185
60 129 188
3 36 129
22 23 372
22 151 264
22 23 151
168 181 386
3 36 185
36 60 129
298 351 375
1 196 351
243 293 375
3 266 351
29 201 266
266 351 375
3 29 266
9 201 359
9 201 266
246 296 394
210 231 234
99 340 394
107 210 234
49 251 296
246 251 296
101 113 344
49 81 251
101 236 344
81 155 344
176 320 382
109 246 320
74 109 246
74 246 394
99 226 394
296 340 394
16 47 364
13 82 94
47 226 364
73 220 237
37 82 265
16 37 265
82 94 117
118 161 225
30 118 225
94 117 161
138 312 328
18 138 225
138 225 312
136 138 328
0 219 234
48 121 219
1 298 351
48 190 219
48 243 257
44 196 275
196 275 357
44 235 275
39 183 365
39 125 357
39 125 183
183 319 384
139 175 315
142 202 399
175 271 311
183 319 365
39 235 365
61 80 257
61 136 190
260 319 379
61 136 260
136 260 328
38 248 321
312 321 328
75 166 230
38 75 104
202 271 311
278 315 334
175 311 315
97 162 399
162 311 315
261 278 334
305 315 334
149 211 305
131 261 278
57 105 208
57 105 189
105 189 261
256 341 346
228 289 322
139 149 341
228 230 322
98 166 230
171 228 289
282 322 346
256 322 346
71 132 283
171 244 289
54 163 332
64 98 193
98 171 299
64 98 166
193 383 388
98 193 299
64 193 383
141 152 195
54 287 332
130 244 289
71 283 289
100 292 295
209 308 337
100 277 292
100 277 337
103 132 292
218 303 392
249 307 318
19 249 392
83 307 318
232 238 297
83 89 330
217 277 290
58 89 330
200 241 381
112 200 273
195 200 273
301 374 387
194 237 376
112 301 374
82 117 301
51 77 170
237 376 387
77 170 376
170 376 387
212 281 381
128 212 381
25 212 380
25 204 380
70 241 381
70 128 381
4 6 8
4 111 335
327 349 352
12 327 329
327 329 349
106 247 310
12 268 327
2 86 259
227 314 326
2 179 215
259 291 366
179 215 239
86 279 345
4 8 345
2 86 215
86 215 279
86 259 366
86 216 345
8 216 345
291 362 366
86 216 366
25 110 232
25 128 212
68 84 370
45 108 393
56 232 238
56 238 242
45 108 361
20 53 62
108 218 393
53 62 362
84 370 380
111 370 380
331 338 360
135 324 389
320 382 391
83 318 330
297 318 330
202 311 399
303 307 308
49 296 354
294 329 350
205 292 308
217 287 290
54 287 290
285 291 362
285 291 356
282 289 322
282 283 289
205 280 303
218 280 303
273 301 342
106 294 329
112 273 301
191 271 396
268 327 352
265 358 364
16 265 364
176 262 309
69 296 354
66 88 254
110 241 367
127 245 386
249 307 392
176 382 391
31 34 263
78 293 298
103 290 292
88 254 390
76 272 274
76 96 272
76 159 274
24 254 390
172 177 198
21 30 195
45 68 84
69 99 340
67 147 339
67 145 339
67 145 274
16 47 73
14 104 396
87 207 324
48 61 190
63 159 262
20 62 366
35 286 304
193 270 299
34 186 229
72 142 384
40 349 376
96 102 272
214 274 317
119 134 221
206 252 304
58 217 277
58 217 287
57 211 282
0 82 133
7 92 167
45 56 393
124 233 252
38 166 248
12 111 335
52 146 378
31 147 222
203 285 356
51 77 349
148 164 328
55 59 229
51 112 374
169 324 389
292 295 308
47 73 220
140 173 385
65 122 323
46 177 291
45 361 370
45 84 204
13 18 161
226 358 364
43 314 326
43 291 326
42 114 267
69 296 340
32 85 302
104 191 396
3 201 359
7 41 236
41 92 224
7 41 92
40 76 96
39 275 357
63 143 159
197 339 398
37 73 301
253 286 304
26 124 369
14 175 271
69 144 231
51 112 281
28 189 334
58 153 330
3 144 353
20 280 361
12 268 380
17 115 360
42 134 154
142 202 319
101 114 154
12 247 335
82 133 265
21 93 312
50 59 87
50 116 302
17 52 378
11 180 395
144 184 224
21 141 163
5 10 113
59 87 229
15 32 276
21 225 312
10 32 284
69 144 354
5 10 32
157 233 252
21 163 388
5 176 316
141 287 332
184 333 354
218 280 361
72 125 183
80 235 365
45 56 204
6 223 361
90 206 252
11 95 363
28 57 211
98 171 230
6 20 361
145 214 339
130 132 289
42 114 154
258 331 338
11 255 395
6 8 216
9 234 359
83 89 307
15 276 389
2 227 259
12 247 310
3 144 359
78 80 235
303 307 392
43 314 397
11 55 363
3 29 201
4 179 335
151 188 351
40 102 349
153 330 367
40 76 385
0 13 82
246 288 391
48 61 257
1 44 78
51 349 352
34 126 313
135 176 316
62 362 366
97 151 196
302 343 377
65 323 347
89 308 337
25 79 182
178 197 339
1 78 298
97 125 357
32 302 343
132 205 292
85 88 119
4 6 223
172 198 203
285 338 360
3 27 353
4 179 239
4 215 345
84 204 380
181 188 386
4 111 370
74 220 306
74 187 220
7 154 199
227 259 291
205 303 308
6 20 366
24 90 369
15 32 343
152 195 200
6 216 366
4 215 239
35 252 323
14 271 396
16 37 73
17 52 115
78 243 257
31 52 331
157 252 323
50 87 377
18 161 225
19 218 392
19 218 393
237 306 336
5 91 316
37 82 301
67 159 274
7 199 236
20 53 280
70 128 182
146 222 398
52 146 192
0 13 18
21 30 225
22 122 372
22 122 264
25 79 110
7 154 167
136 174 190
146 197 398
110 232 367
24 92 369
24 167 390
25 56 232
212 268 380
65 245 347
70 79 241
50 302 377
172 203 378
153 241 367
58 89 277
35 122 286
11 55 59
30 118 195
72 183 384
32 85 284
28 211 305
144 184 333
97 151 264
28 305 334
85 119 284
58 153 287
115 331 360
26 92 224
31 147 313
25 56 204
31 156 331
85 116 158
31 156 263
43 123 291
151 196 351
10 42 267
19 249 297
124 252 369
34 126 229
31 34 313
70 79 182
35 122 323
78 243 293
35 252 304
51 212 281
102 272 317
90 206 373
147 339 398
91 135 316
102 178 197
91 135 276
41 81 325
0 18 174
21 93 383
71 132 289
45 68 370
272 274 317
93 248 383
127 233 347
85 116 302
80 260 365
72 97 125
97 142 399
72 97 142
97 278 315
97 162 315
135 176 309
99 107 210
99 107 226
26 92 369
101 154 199
47 187 220
171 244 270
102 329 350
102 197 350
238 297 393
103 163 270
38 104 191
179 247 335
106 165 371
119 221 284
38 75 166
67 147 313
12 111 380
85 88 158
89 277 337
129 188 351
79 110 241
149 305 315
4 223 370
223 361 370
112 200 381
112 281 381
113 176 391
5 113 176
212 268 352
164 260 379
127 245 347
121 266 375
121 243 375
65 122 245
39 235 275
122 168 386
122 245 386
126 207 313
162 311 399
157 233 347
23 151 372
166 248 383
103 130 270
130 244 270
121 219 266
0 133 234
132 205 283
106 247 397
106 371 397
133 234 269
42 134 221
46 123 291
135 207 309
135 207 324
144 231 359
93 248 321
139 230 341
104 139 230
54 103 290
140 194 376
40 140 376
141 163 332
141 152 287
89 307 308
151 188 372
142 319 384
24 90 373
33 144 224
33 144 353
144 333 354
145 214 274
147 222 398
41 236 344
139 149 315
10 42 284
152 153 200
153 200 241
152 153 287
41 81 344
156 213 258
156 213 395
156 255 263
195 273 342
157 323 347
14 104 139
155 160 251
160 246 251
118 161 342
117 161 342
76 143 159
97 196 357
164 260 328
185 188 386
174 190 219
64 166 383
134 167 390
170 374 387
24 92 167
122 168 372
168 181 372
108 218 361
51 170 374
230 256 341
171 228 230
171 270 299
150 172 378
123 172 397
173 250 385
0 174 219
213 258 338
24 355 373
179 227 314
21 141 195
49 184 354
181 188 372
189 261 334
163 193 270
118 195 342
234 269 358
56 242 393
54 103 163
203 285 360
66 206 355
126 207 229
105 208 261
131 208 261
211 282 346
211 341 346
77 349 376
237 301 387
215 279 345
172 371 397
9 219 266
206 355 373
184 224 325
41 224 325
107 226 358
186 229 363
229 240 363
232 330 367
107 234 358
231 234 359
73 237 301
277 290 292
220 237 306
2 179 227
238 242 393
160 246 288
246 320 391
247 314 397
249 297 318
19 297 393
156 255 395
87 207 229
101 114 267
148 321 328
260 319 365
102 178 317
159 262 309
