10 114 284
47 187 226
93 312 321
50 116 377
96 102 197
33 184 333
51 212 352
21 383 388
137 185 386
28 57 189
75 104 230
103 130 132
205 295 308
89 217 287
146 147 222
291 356 362
95 186 263
180 213 395
55 59 363
31 192 222
106 165 397
46 172 177
40 102 376
17 203 378
214 272 274
146 368 378
92 154 167
69 99 231
250 348 385
40 140 385
99 210 231
63 143 348
63 262 348
74 226 394
160 288 320
109 262 348
114 134 154
113 288 391
206 252 323
66 254 355
66 88 390
122 168 181
151 196 264
33 144 333
127 157 347
288 382 391
9 121 266
69 333 354
69 99 354
49 81 325
101 199 236
288 320 382
10 113 267
155 160 344
48 121 243
136 138 174
202 271 379
293 298 375
125 183 384
78 80 257
78 257 298
202 319 379
28 211 282
14 139 175
97 131 278
28 189 261
14 139 396
175 191 396
14 175 396
148 191 321
163 193 388
104 230 256
16 358 364
9 219 234
12 106 329
12 106 310
25 128 182
244 270 299
100 209 337
100 209 295
209 295 308
205 280 283
95 255 263
156 255 331
55 240 363
34 186 263
34 126 186
156 258 331
115 285 360
52 115 331
285 356 362
198 291 356
120 203 356
120 198 356
177 198 291
123 371 397
43 46 123
43 123 397
227 291 326
106 314 397
294 350 368
165 371 397
214 272 317
165 294 368
102 197 329
106 165 294
106 294 350
106 197 350
178 272 317
178 214 317
96 197 272
300 368 378
150 165 368
150 300 368
146 192 222
146 350 368
5 32 91
146 147 398
145 274 339
146 339 398
214 274 339
40 96 102
178 197 272
96 272 274
194 237 336
74 187 226
74 250 348
76 143 274
5 176 382
32 91 276
91 176 316
5 32 284
5 91 176
5 10 284
135 309 324
207 309 324
135 276 389
135 169 324
15 343 389
95 186 363
186 240 363
55 229 240
276 343 389
116 158 302
50 59 116
85 221 284
10 101 114
59 116 158
10 101 267
113 160 288
81 155 251
101 113 267
42 114 284
42 221 284
88 134 390
42 114 134
154 199 236
7 154 236
24 167 254
134 254 390
7 92 154
26 124 137
66 254 390
66 355 373
66 206 373
66 206 304
127 157 233
66 88 304
35 286 323
127 347 386
245 347 386
253 264 286
168 245 386
26 137 185
7 41 224
26 124 224
36 60 188
27 185 353
33 353 359
60 129 188
3 36 129
122 181 372
22 151 264
22 23 151
181 185 188
36 60 129
97 196 264
298 351 375
243 293 375
29 201 266
3 29 266
9 201 359
9 201 266
210 231 234
107 269 358
107 210 234
33 144 359
41 184 224
41 184 325
49 340 354
49 296 340
81 155 344
176 320 382
155 246 251
74 246 394
296 340 394
73 301 387
13 82 265
16 47 364
47 226 364
73 187 220
16 265 358
16 37 47
37 73 82
37 82 265
16 37 265
117 118 342
82 94 117
141 152 332
13 18 225
138 312 328
93 321 383
18 138 225
138 225 312
136 138 328
0 13 174
107 234 269
80 260 319
61 190 257
44 78 298
9 121 219
48 190 257
80 319 365
235 275 357
78 235 365
183 319 384
139 175 315
142 202 399
175 271 311
39 235 365
78 80 365
260 319 379
61 136 260
136 260 328
104 256 341
104 139 396
312 321 328
75 166 230
38 75 104
175 311 315
162 311 315
149 211 305
57 105 208
28 57 282
71 130 289
139 149 305
256 341 346
139 149 341
104 139 341
228 230 322
171 228 289
282 322 346
171 244 299
98 171 299
93 312 383
193 383 388
141 152 195
54 287 332
54 217 287
205 283 292
103 277 290
282 283 322
71 130 132
71 283 289
103 277 292
100 292 295
100 277 292
103 132 292
205 292 295
249 303 392
218 303 392
179 239 335
58 152 153
89 217 337
83 307 308
83 89 330
58 89 330
58 89 287
58 152 287
152 287 332
200 281 381
200 241 381
112 273 342
118 273 342
301 374 387
112 301 374
112 281 374
51 374 387
51 170 387
79 110 182
25 204 380
70 241 381
79 153 367
79 110 367
4 6 8
4 111 335
106 197 329
12 327 329
327 329 349
2 259 291
12 268 327
12 268 335
227 314 326
2 227 291
259 291 366
86 279 345
215 239 279
4 8 345
86 259 366
8 216 345
291 362 366
218 392 393
25 128 212
68 84 370
56 68 84
84 111 370
68 223 361
68 223 370
45 108 361
108 218 393
53 62 362
53 108 218
53 218 280
125 357 384
72 357 384
340 354 394
77 352 376
86 345 366
216 345 366
49 325 354
83 318 330
297 318 330
12 310 335
106 310 314
206 304 323
303 307 308
297 330 367
54 290 332
205 280 303
218 280 303
239 279 335
200 273 281
268 349 380
268 327 349
133 265 269
265 269 358
264 286 323
176 262 320
176 262 309
37 47 187
72 97 357
89 209 337
51 170 352
46 172 371
87 343 377
82 94 225
13 82 225
31 34 263
79 153 241
78 235 275
77 352 380
279 335 345
83 89 308
172 177 198
21 30 195
97 278 334
73 117 301
72 319 384
103 163 332
329 349 376
70 281 381
70 212 281
81 251 296
67 147 339
67 145 339
67 145 274
67 207 313
65 245 252
64 248 321
64 193 299
15 87 169
64 98 299
1 44 357
63 159 262
20 62 366
37 73 187
62 108 361
35 286 304
193 270 299
184 325 354
83 249 318
124 233 252
38 166 248
140 173 306
52 146 378
99 354 394
31 147 222
65 252 323
148 164 328
51 281 374
55 59 229
92 124 369
73 82 117
48 257 298
140 173 385
187 220 250
46 123 371
46 177 291
94 118 161
94 161 225
44 275 357
44 298 351
24 90 92
23 188 372
226 358 364
7 124 224
43 314 326
67 159 207
43 291 326
77 349 380
74 187 250
42 88 134
130 171 289
42 85 221
104 191 396
7 41 236
40 194 336
42 85 119
40 140 336
97 162 202
40 76 96
39 183 319
23 151 188
63 143 159
57 105 261
32 276 343
162 202 271
253 286 304
71 132 292
69 144 231
32 85 158
58 153 330
17 115 360
13 138 174
122 168 245
142 202 319
2 215 239
101 114 154
162 271 311
4 335 345
29 201 353
17 52 378
27 29 353
70 128 212
178 197 350
2 179 239
141 163 388
146 214 339
150 165 371
148 175 191
5 10 113
59 87 229
0 13 265
153 195 200
59 87 377
183 235 357
26 185 353
157 233 252
65 264 323
129 151 188
157 245 252
25 212 352
48 293 298
184 333 354
6 223 361
90 206 252
11 95 363
6 20 361
258 331 338
48 243 293
6 8 216
9 234 359
61 136 174
15 135 169
2 179 247
191 248 321
3 27 36
97 315 334
17 285 360
72 142 319
45 108 242
53 62 108
43 314 397
40 194 237
48 121 190
54 277 290
45 68 361
153 330 367
40 76 385
1 129 351
32 158 302
76 143 385
2 259 279
27 185 188
34 126 313
135 176 316
62 362 366
302 343 377
11 59 363
1 196 357
150 172 371
115 285 338
32 302 343
85 88 119
4 6 223
120 198 378
101 160 236
7 92 124
220 250 306
84 204 380
59 88 158
4 111 370
205 303 308
6 20 366
71 283 292
131 278 334
5 113 382
56 68 242
54 217 277
30 312 383
6 216 366
0 133 265
24 90 254
17 285 356
17 52 115
56 232 242
146 178 214
84 111 380
133 219 269
237 306 336
67 159 274
50 59 377
83 249 307
70 128 182
125 183 357
109 155 320
52 146 192
57 189 261
43 46 291
22 122 264
23 122 372
168 185 386
228 283 322
15 135 389
2 215 279
61 174 190
22 23 122
25 56 232
1 44 351
20 62 361
11 213 338
52 255 331
70 79 241
25 352 380
110 238 297
2 227 247
112 117 342
40 237 376
65 122 264
30 118 195
26 33 353
3 27 29
32 85 284
101 113 160
27 36 188
28 211 305
28 305 334
28 261 334
129 351 375
11 180 213
21 30 383
31 147 313
25 56 204
76 96 274
19 249 297
124 252 369
31 34 313
70 79 182
247 310 314
90 92 252
73 220 387
51 212 281
90 206 373
147 339 398
30 118 312
91 135 316
91 135 276
41 81 325
92 252 369
42 88 119
94 117 118
95 180 255
11 95 180
97 142 399
72 97 142
97 162 315
64 98 248
135 176 309
98 166 248
99 107 210
99 107 394
100 217 337
100 217 277
101 154 199
31 192 263
230 256 346
170 237 387
238 297 393
103 163 270
129 266 375
250 306 385
44 78 275
38 104 191
247 310 335
179 247 335
45 68 242
38 75 166
111 268 335
107 226 394
108 242 393
67 147 313
85 88 158
13 18 138
118 195 200
109 155 246
110 232 238
110 297 367
180 255 395
111 268 380
4 223 370
112 117 301
113 382 391
102 329 376
49 81 296
115 331 338
87 169 229
164 260 379
3 129 266
110 182 232
1 129 196
121 190 219
121 266 375
121 243 375
65 122 245
124 127 233
124 127 386
124 137 386
69 144 333
126 186 240
126 207 313
130 171 244
35 304 323
89 209 308
129 151 196
249 303 307
103 130 270
130 244 270
166 228 230
131 261 334
52 192 255
198 300 378
116 302 377
144 231 359
103 290 332
232 238 242
170 352 376
118 161 312
139 315 334
201 353 359
140 306 336
141 163 332
21 141 388
25 182 232
143 159 274
143 348 385
97 202 399
15 87 343
148 164 379
148 271 379
41 236 344
149 211 346
120 203 378
152 153 195
153 200 241
134 154 254
246 251 394
154 167 254
74 246 348
126 207 240
155 160 320
41 81 344
156 213 258
156 213 395
39 183 235
159 207 309
160 236 344
161 225 312
97 196 357
109 262 320
164 260 328
174 190 219
166 171 228
98 166 171
168 181 185
24 92 167
169 229 324
170 237 376
19 249 393
26 184 224
251 296 394
150 172 198
0 174 219
112 273 281
213 258 338
146 178 350
148 175 271
192 255 263
21 141 195
181 188 372
38 191 248
157 245 347
254 355 373
163 193 270
193 321 383
64 193 321
150 198 300
56 84 204
118 200 273
207 229 324
207 229 240
109 246 348
105 208 261
131 208 261
26 33 184
211 282 346
77 349 376
139 305 334
219 234 269
220 237 387
17 203 356
80 257 260
39 319 365
107 226 358
227 247 314
0 133 219
228 283 289
230 322 346
231 234 359
149 341 346
220 237 306
238 242 393
173 306 385
249 297 318
249 392 393
19 297 393
90 254 373
156 255 395
61 257 260
59 88 304
148 321 328
86 259 279
159 262 309
