10 114 284
134 154 167
77 349 352
93 312 321
11 180 338
90 355 373
38 191 396
51 212 352
28 57 189
75 104 230
103 130 132
146 147 222
291 356 362
4 6 111
31 192 222
46 172 177
40 96 385
146 368 378
92 154 167
67 159 313
40 140 385
99 210 231
220 306 336
88 119 134
140 173 250
63 262 348
74 226 394
49 184 325
109 262 348
59 158 304
114 134 154
66 254 355
122 264 372
66 88 390
122 168 181
288 382 391
9 121 266
49 81 325
101 199 236
10 113 267
5 10 391
164 321 328
148 164 271
44 78 235
148 191 271
202 319 379
28 211 282
72 97 399
97 131 278
28 189 261
283 289 322
211 261 305
117 301 342
14 139 396
104 230 256
98 171 228
248 321 383
243 266 375
133 269 358
16 358 364
9 219 234
133 265 358
30 225 312
12 179 310
102 329 349
4 239 335
179 247 310
4 239 345
8 20 216
19 238 297
244 270 299
100 209 295
209 295 308
205 280 283
180 213 338
11 95 255
95 255 263
55 240 363
126 186 229
52 263 331
115 285 360
52 115 331
285 356 362
198 291 356
123 172 371
120 203 356
120 198 356
146 197 350
177 198 291
123 371 397
43 46 123
43 123 397
227 291 326
46 123 172
165 371 397
178 272 317
300 368 378
150 300 378
150 300 368
146 192 222
146 350 368
146 147 398
40 96 102
140 250 385
40 194 376
74 250 348
109 176 262
109 176 320
87 169 324
135 169 324
55 229 240
116 302 343
50 59 116
85 221 284
88 158 304
59 116 158
85 119 221
113 160 288
81 155 251
42 114 284
88 134 390
42 114 134
154 199 236
7 154 236
134 254 390
7 92 154
24 90 355
66 254 390
24 254 355
66 206 304
35 206 323
66 88 304
35 206 304
35 286 323
253 264 286
168 245 386
27 353 359
3 27 185
22 23 372
122 181 372
22 264 372
23 181 372
22 151 264
22 23 151
23 151 181
168 181 386
151 181 188
181 185 188
3 36 185
29 201 266
3 29 266
9 231 359
9 201 359
9 201 266
9 231 234
121 243 266
246 296 394
99 340 394
144 333 359
41 184 224
49 251 296
41 184 325
246 251 296
49 81 251
101 236 344
81 155 344
176 320 382
109 246 320
107 210 226
74 246 394
296 340 394
16 47 364
47 226 364
73 187 220
16 265 358
37 73 82
47 73 187
37 82 265
16 37 265
117 118 342
82 94 117
93 321 383
0 13 174
0 219 234
48 121 219
44 78 298
9 121 219
48 190 219
1 44 298
80 319 365
39 235 357
125 196 357
235 275 357
78 235 365
44 235 275
39 125 357
183 319 384
72 142 399
142 202 399
175 271 311
72 142 202
183 319 365
39 235 365
78 80 365
61 136 260
104 256 341
104 139 396
38 248 321
312 321 328
75 166 230
278 315 334
175 311 315
97 162 399
162 311 315
261 278 334
261 305 334
305 315 334
28 211 261
149 211 305
131 261 278
105 131 261
57 105 208
105 131 208
57 105 189
105 189 261
28 57 282
256 341 346
228 289 322
139 149 341
104 139 341
228 230 322
171 228 289
282 322 346
71 132 283
54 163 332
171 244 299
64 98 193
21 30 312
93 312 383
193 383 388
103 270 290
21 30 141
54 287 332
54 217 287
103 277 290
282 283 322
71 283 289
100 292 295
103 132 292
205 292 295
84 204 232
179 239 335
19 238 242
58 152 153
83 89 330
217 277 337
58 89 330
58 89 287
58 152 287
195 200 241
58 153 367
112 200 273
195 200 273
112 273 342
194 237 376
112 281 374
51 374 387
51 170 387
25 204 380
70 241 381
58 330 367
111 204 380
212 352 380
4 111 335
327 349 352
12 327 329
327 329 349
12 268 327
2 86 259
43 326 397
259 291 366
179 215 239
215 239 279
239 279 345
86 215 279
86 259 366
6 8 20
291 362 366
218 392 393
84 111 204
25 110 232
25 204 232
68 84 370
84 111 370
6 111 370
20 223 361
56 232 238
56 238 242
45 56 242
45 108 361
20 53 62
108 218 393
53 62 362
165 368 371
203 360 378
17 360 378
69 354 359
333 354 359
77 352 376
156 331 395
258 331 395
83 318 330
297 318 330
312 383 388
106 310 397
310 314 397
106 310 329
297 330 367
49 296 354
165 294 397
294 329 350
89 287 337
217 287 337
218 280 392
86 279 366
106 294 329
191 271 396
268 327 352
113 267 344
101 267 344
264 286 323
122 264 323
186 263 363
176 262 309
69 296 354
89 209 337
113 155 160
51 170 352
110 241 367
127 245 386
87 126 207
176 382 391
80 260 379
31 34 263
76 272 274
76 96 272
76 159 274
38 75 396
5 32 276
73 237 374
229 343 377
73 117 301
83 89 209
72 319 384
180 213 258
70 281 381
69 99 340
67 147 339
67 145 339
67 145 274
16 47 73
194 220 336
65 157 347
87 207 324
15 87 169
48 61 190
63 262 309
1 44 357
128 212 380
20 62 216
35 286 304
193 270 299
193 270 388
87 126 229
59 229 377
40 349 376
60 129 351
96 102 272
214 274 317
36 60 185
119 134 221
83 249 318
100 103 292
124 233 252
38 166 248
107 210 231
140 173 306
74 173 306
2 86 179
31 147 222
203 285 356
51 281 374
55 59 229
92 124 369
75 104 396
50 343 377
50 116 343
106 294 397
73 82 117
65 122 323
46 177 291
94 118 161
45 361 370
99 231 359
44 275 357
24 90 92
226 358 364
62 216 366
43 291 326
26 137 224
73 194 220
69 296 340
130 171 289
32 85 302
7 41 236
41 92 224
7 41 92
40 194 336
40 140 336
70 128 281
63 143 159
38 164 321
38 148 191
197 339 398
32 276 343
65 206 252
136 138 260
253 286 304
14 175 271
47 74 226
91 316 391
20 280 361
17 115 360
122 168 245
101 114 154
65 157 252
80 319 379
26 137 181
13 18 82
13 18 136
17 52 378
11 180 395
144 184 224
107 231 234
141 163 388
257 293 375
10 288 391
74 173 250
20 223 370
100 103 277
10 32 284
5 10 32
157 233 252
193 248 383
134 221 284
141 287 332
13 136 174
184 333 354
33 224 353
218 280 361
8 279 345
72 125 183
8 216 279
91 135 389
90 206 252
11 95 363
6 8 345
56 68 232
145 214 339
130 132 289
26 181 185
258 331 338
11 255 395
1 351 375
54 163 270
80 293 298
61 136 174
1 151 196
15 135 169
2 179 247
14 175 315
1 151 188
15 276 389
2 227 259
80 257 293
63 250 348
0 61 174
45 108 242
11 55 363
295 303 308
10 114 267
12 179 268
30 152 195
0 61 190
18 82 94
100 209 277
54 277 290
249 303 308
271 311 399
40 102 349
0 13 82
76 143 385
21 312 388
48 61 257
34 207 313
0 82 265
1 60 188
135 176 316
62 362 366
63 143 250
97 151 196
112 342 374
1 196 357
150 172 371
115 285 338
25 79 182
178 197 339
5 91 276
63 159 309
32 302 343
3 60 129
121 243 257
132 205 292
85 88 119
27 201 359
54 270 290
120 198 378
249 307 308
19 249 303
3 36 60
3 129 375
74 220 306
74 187 220
227 259 291
205 303 392
54 217 277
86 179 215
38 148 164
171 193 299
0 133 265
15 276 343
14 271 396
47 74 187
16 37 73
17 52 115
69 99 359
214 317 339
18 161 225
73 301 374
19 303 392
67 159 274
20 53 280
50 59 377
30 118 161
83 249 307
70 128 182
138 225 328
164 202 271
52 192 378
95 263 363
43 46 291
25 79 110
146 197 398
4 6 345
15 135 389
3 266 375
24 134 254
73 194 237
237 374 387
68 84 232
65 245 347
227 314 397
70 79 241
10 113 288
26 27 185
30 118 342
26 27 353
110 238 297
2 227 247
159 207 313
153 241 367
14 139 315
112 241 381
6 20 370
11 55 59
3 27 29
72 183 384
32 85 284
60 185 188
144 184 333
97 151 264
30 141 152
30 161 225
18 94 161
129 351 375
30 195 342
31 147 313
85 116 158
1 293 375
34 126 207
19 249 297
124 252 369
78 80 298
31 34 313
70 79 182
247 310 314
90 92 252
51 212 281
90 206 373
147 339 398
91 135 316
102 178 197
112 200 241
91 276 389
5 91 391
41 81 325
92 124 224
71 132 289
45 68 370
126 186 263
92 252 369
272 274 317
94 117 118
127 233 347
85 116 302
72 97 125
97 125 196
12 310 329
97 278 315
97 162 315
64 98 248
135 176 309
98 166 248
64 193 248
101 154 199
31 192 263
230 256 346
160 288 382
102 178 272
170 237 387
102 329 350
102 197 350
268 352 380
164 202 379
26 224 353
38 75 166
111 268 335
108 242 393
67 147 313
76 96 385
178 317 339
85 88 158
205 295 303
110 232 238
79 110 241
149 305 315
110 297 367
111 268 380
223 361 370
112 281 381
115 331 338
164 260 379
1 60 351
127 245 347
65 122 245
124 127 233
124 127 386
124 137 386
125 183 365
39 125 365
34 126 263
130 171 244
128 212 281
19 242 392
162 311 399
157 233 347
103 130 270
130 244 270
0 133 234
166 228 230
132 205 283
27 29 201
133 234 269
42 134 284
135 207 309
135 207 324
18 136 225
137 181 386
301 342 374
124 137 224
138 260 328
170 352 376
140 306 336
141 163 332
141 152 287
21 141 388
33 144 224
33 144 353
144 353 359
15 87 343
145 214 274
87 229 343
1 293 298
149 211 282
149 282 346
176 316 391
41 236 344
139 149 315
209 307 308
0 190 219
120 203 378
153 195 241
152 153 195
74 246 348
45 56 68
48 121 257
41 81 344
155 320 382
156 255 263
195 273 342
156 263 331
113 155 344
159 207 309
76 143 159
164 260 328
165 350 368
165 294 350
98 166 228
24 92 167
108 218 361
170 237 376
98 171 193
136 138 225
216 279 366
172 177 378
150 172 378
213 258 338
177 198 378
163 270 388
179 268 335
180 258 395
155 160 382
25 182 380
128 182 380
49 184 354
155 251 320
65 206 323
202 271 399
52 192 263
146 192 378
234 269 358
203 285 360
205 280 392
66 206 355
109 246 348
209 277 337
83 209 307
210 226 394
99 210 394
77 349 376
143 250 385
206 355 373
225 312 328
80 257 260
24 134 167
107 226 358
227 247 314
227 326 397
186 229 363
229 240 363
230 322 346
107 234 358
149 341 346
242 392 393
150 368 371
249 297 318
246 251 320
72 202 319
156 255 395
61 257 260
243 257 375
101 114 267
