18 29 105
161 221 312
22 76 133
13 29 94
96 264 289
106 123 147
5 109 285
15 148 162
26 180 251
53 68 161
207 263 274
177 263 274
110 112 229
194 250 347
129 266 291
176 272 334
119 298 342
46 165 237
15 33 148
33 148 211
15 100 327
135 217 225
50 212 286
20 100 220
14 81 343
14 190 343
14 81 273
74 133 231
79 222 281
26 281 338
297 299 333
16 94 263
77 221 249
25 169 254
19 99 290
99 194 309
129 229 266
169 203 254
22 133 288
25 234 282
120 231 325
64 302 349
124 244 348
19 130 277
41 198 322
143 171 344
91 328 344
91 223 328
97 300 326
127 230 271
28 36 182
36 117 182
12 140 306
12 35 140
267 287 310
6 101 159
37 69 144
88 145 329
84 117 118
292 304 330
31 193 210
33 100 211
15 257 327
37 257 327
148 156 162
15 33 100
15 162 257
122 197 214
148 156 186
78 211 323
78 151 211
156 172 186
37 69 149
69 268 276
69 268 314
49 275 276
49 276 308
268 275 276
51 184 339
121 163 287
204 214 336
51 217 225
135 225 227
135 165 227
135 197 237
135 165 237
217 336 337
96 264 286
71 213 337
71 212 213
163 267 287
96 258 289
96 212 286
128 302 349
196 213 318
50 128 180
26 58 181
50 128 196
79 222 297
26 222 281
26 181 222
281 315 338
139 160 315
79 166 281
58 128 302
64 205 299
222 297 299
174 205 299
174 205 214
24 38 333
24 38 187
79 166 297
55 166 297
43 55 280
14 24 190
160 280 315
43 55 297
55 166 315
3 280 332
87 280 332
3 190 332
11 190 332
55 280 315
87 232 332
87 160 280
74 139 231
166 281 315
7 18 340
32 247 340
9 232 247
11 247 340
11 29 105
0 207 263
0 13 29
53 177 192
16 177 263
53 161 192
177 192 274
192 207 274
73 98 195
7 76 98
102 164 188
45 102 164
221 249 307
161 221 307
136 234 249
23 249 307
82 248 269
56 68 161
56 161 307
89 112 229
89 125 229
56 68 89
110 229 266
223 250 309
129 229 309
57 238 266
194 250 309
82 269 291
23 82 249
95 164 224
77 136 249
157 203 248
25 254 282
82 115 169
254 262 282
25 115 169
82 115 249
25 115 234
115 234 249
77 136 243
137 180 251
22 164 224
22 224 288
34 95 282
34 65 282
108 137 286
34 60 65
141 262 345
21 141 202
119 157 342
202 244 348
5 124 244
5 244 285
28 67 146
10 66 283
72 298 342
119 124 348
19 130 269
143 246 277
91 143 246
91 143 344
206 265 271
223 242 265
223 229 309
127 206 271
93 127 206
206 223 265
93 206 341
328 331 341
168 236 296
92 93 191
92 97 272
92 208 255
92 93 255
219 242 296
93 127 255
127 230 255
168 296 316
168 230 316
242 296 316
168 230 322
104 236 300
97 154 272
104 134 313
123 134 178
104 123 134
35 140 200
97 154 313
83 176 295
61 83 295
123 147 178
183 233 278
5 109 293
154 176 272
5 278 293
146 228 293
67 146 228
61 83 228
61 228 293
1 75 178
1 147 178
70 200 324
1 147 260
70 200 219
138 199 301
138 209 305
36 117 118
88 270 301
84 270 301
4 84 270
52 150 189
84 117 189
67 75 132
226 235 245
28 36 245
173 285 294
226 245 311
173 244 285
108 240 303
8 126 175
126 142 175
258 267 310
175 258 310
113 226 235
42 118 235
126 142 321
153 215 253
142 253 321
142 175 253
185 201 215
153 215 335
201 215 335
31 54 144
6 144 159
54 144 159
6 101 216
44 210 259
17 170 193
17 54 170
193 210 259
30 44 259
90 279 317
241 279 284
2 39 145
30 39 44
86 140 330
31 292 304
40 319 321
213 318 336
88 301 329
199 301 329
64 299 302
58 299 302
51 71 121
5 85 278
76 239 340
34 60 320
85 131 183
85 119 124
34 95 224
71 212 258
78 122 151
81 220 323
80 141 303
37 327 343
7 76 340
184 268 275
90 270 317
223 328 341
73 207 312
73 195 207
72 155 298
67 178 228
59 158 308
78 187 214
130 157 342
65 262 345
65 262 282
2 304 330
12 63 306
5 85 124
101 114 153
62 173 294
63 252 260
26 256 338
91 194 246
60 137 320
80 173 244
204 318 336
7 98 195
59 116 308
12 35 200
223 250 347
58 181 222
80 202 244
60 65 141
72 130 342
204 318 349
80 141 202
48 218 283
0 18 111
101 153 216
56 89 112
75 132 252
53 68 89
28 67 182
27 51 287
0 13 94
51 158 275
110 112 266
176 183 233
92 198 208
48 66 283
62 113 226
4 47 317
48 107 131
46 165 227
80 173 303
63 200 260
21 119 157
185 201 287
53 125 177
26 152 251
42 84 118
10 66 93
17 241 284
17 114 241
67 75 178
81 273 323
123 236 296
17 54 159
119 202 348
232 247 332
113 240 303
175 215 253
6 153 216
86 330 346
19 269 291
51 217 337
81 220 343
28 146 293
139 239 247
42 47 319
167 204 214
97 104 313
72 155 277
151 179 197
62 173 261
141 157 262
100 211 323
84 138 305
8 258 289
122 151 197
168 198 326
6 103 153
85 183 278
6 103 314
36 235 245
17 101 159
48 66 107
3 24 280
209 252 305
50 212 213
0 94 263
85 119 298
140 199 306
22 76 98
100 220 323
7 18 195
1 252 260
52 84 189
8 175 258
30 90 145
12 63 200
30 39 145
4 42 47
69 116 149
47 317 319
71 121 267
194 246 277
4 42 84
63 209 306
23 56 238
193 259 279
161 192 207
18 111 195
70 147 324
103 153 335
6 144 314
10 331 341
0 18 29
52 84 305
106 123 219
42 319 321
62 113 261
43 297 333
23 82 291
27 184 201
23 56 307
69 116 308
83 176 178
24 187 273
26 128 180
14 24 273
27 51 339
34 224 320
24 43 280
123 219 296
58 222 299
158 275 308
42 126 321
59 116 227
242 265 316
10 93 341
26 58 128
85 218 283
26 152 256
51 121 287
27 184 339
53 89 125
72 130 277
134 176 313
221 243 312
148 151 186
30 90 259
31 170 193
66 107 191
88 90 145
59 225 227
16 125 177
92 198 326
8 240 264
31 210 304
21 141 157
78 187 323
51 184 275
85 155 298
135 217 336
96 212 258
167 205 214
9 160 247
36 118 235
37 162 257
278 293 295
201 268 314
65 141 345
2 39 304
40 279 319
40 241 279
22 98 164
50 196 213
20 100 343
19 99 277
8 113 240
61 293 295
69 276 308
71 258 267
184 201 268
42 113 235
1 75 252
39 44 304
24 43 333
46 116 227
91 194 347
92 97 326
85 155 283
188 243 312
57 112 266
92 272 334
92 191 334
156 172 179
120 137 251
69 144 314
95 164 188
150 252 305
95 136 282
148 151 211
97 104 300
226 285 294
73 98 102
45 98 102
149 156 162
45 98 164
74 133 239
226 285 311
134 176 178
100 327 343
3 24 190
17 101 114
224 288 320
73 102 312
51 71 337
102 188 312
103 201 314
103 201 335
139 152 256
41 198 208
18 105 340
120 137 320
70 106 219
0 111 207
111 195 207
31 54 170
67 132 182
57 112 238
42 113 126
113 261 303
143 155 171
135 197 336
66 93 191
116 149 179
17 193 284
4 270 317
32 239 247
21 119 202
208 255 322
120 152 325
19 290 291
83 178 228
121 163 267
8 264 289
131 176 183
104 123 236
46 116 179
10 283 331
2 330 346
128 196 318
128 318 349
129 290 291
203 254 262
131 176 334
95 136 188
107 131 191
131 191 334
70 106 147
85 131 218
132 150 252
2 145 346
132 150 189
9 160 232
132 182 189
179 197 237
76 133 239
136 188 243
136 234 282
60 137 303
108 137 303
154 176 313
139 160 247
139 231 325
139 256 338
139 315 338
140 199 329
86 140 346
78 122 214
140 329 346
60 141 303
143 155 277
145 329 346
174 187 214
147 200 324
147 200 260
56 112 238
52 150 305
151 179 186
153 241 253
109 293 311
114 153 241
283 328 344
38 174 187
157 248 269
130 157 269
91 223 347
59 158 225
51 158 225
87 160 232
23 238 291
169 203 248
168 198 322
168 236 326
82 169 248
193 279 284
171 283 344
155 171 283
11 105 340
173 261 303
38 174 333
174 299 333
175 215 310
176 233 295
172 179 186
46 179 237
137 180 286
139 152 325
117 182 189
88 90 270
129 290 309
120 152 251
185 287 310
32 239 340
185 215 310
187 273 323
138 199 209
50 180 286
230 265 271
37 149 162
197 214 336
199 209 306
27 201 287
230 255 322
157 203 262
167 204 349
64 205 349
167 205 349
161 207 312
41 208 322
8 113 126
63 209 252
44 210 304
48 131 218
213 336 337
109 285 311
74 139 239
20 220 343
77 221 243
206 223 341
62 226 294
230 265 316
133 231 288
149 156 179
120 231 288
49 275 308
236 300 326
238 266 291
240 264 286
108 240 286
241 253 321
40 241 321
245 293 311
28 245 293
11 247 332
90 259 279
99 194 277
84 138 301
233 278 295
279 317 319
283 328 331
120 288 320
99 290 309
