18 29 105
96 258 267
13 29 94
96 264 289
34 137 320
204 336 337
8 240 289
26 180 251
74 160 239
110 112 229
194 250 347
119 298 342
17 114 216
46 179 197
71 96 267
46 149 179
51 121 217
135 217 225
50 212 286
8 175 289
50 196 212
20 100 220
14 81 343
14 190 343
74 133 231
74 139 160
95 136 164
16 94 263
16 53 125
99 194 309
56 238 307
22 133 288
25 234 282
120 224 320
137 251 320
64 302 349
107 131 334
124 244 348
1 75 132
10 66 191
85 218 298
41 198 322
143 171 344
99 129 309
97 198 326
48 66 191
41 97 198
97 300 326
104 123 219
36 117 182
12 140 306
12 35 140
12 63 209
12 209 306
138 209 306
6 101 159
17 114 284
37 69 144
4 88 270
31 54 193
88 145 329
4 88 317
2 145 329
31 193 210
148 156 162
15 162 257
20 81 343
220 273 323
211 220 323
78 211 323
78 151 211
156 172 186
37 69 149
69 149 276
69 268 276
116 165 227
116 227 308
69 268 314
49 276 308
121 163 287
184 268 314
204 214 336
135 197 237
46 197 237
167 318 349
167 204 318
204 213 318
71 96 212
204 213 337
217 336 337
71 213 337
71 163 267
71 212 213
96 258 289
71 121 163
108 264 286
50 137 286
50 128 180
196 318 349
26 58 181
79 222 297
58 64 302
79 166 281
58 128 302
64 205 299
174 205 299
174 205 214
79 166 297
55 166 297
14 24 190
24 43 190
55 166 315
87 280 332
3 43 190
3 190 332
11 232 332
11 190 332
55 280 315
87 232 332
152 251 325
120 251 325
95 136 234
22 76 164
120 224 288
45 76 98
32 247 340
9 160 239
9 232 247
45 76 164
45 73 98
11 18 105
11 29 105
0 111 195
7 18 98
0 207 263
16 53 177
56 57 238
7 76 98
102 164 188
45 73 102
45 102 164
57 89 112
136 234 249
23 238 307
56 68 161
56 161 307
89 112 229
89 125 229
223 250 309
129 229 309
57 110 112
57 110 266
57 238 266
194 250 309
19 246 277
72 130 157
23 82 249
95 164 224
77 136 249
157 203 248
25 254 282
82 115 169
25 115 169
82 115 249
25 115 234
115 234 249
77 136 243
136 164 243
164 188 243
120 251 320
137 180 251
22 164 224
22 224 288
34 65 282
50 137 180
108 137 286
141 262 345
21 141 202
119 157 342
21 202 348
202 244 348
5 124 244
48 107 183
5 244 285
107 131 183
131 183 233
28 67 146
155 218 298
119 157 262
72 157 342
72 298 342
21 119 348
119 124 348
130 157 248
155 218 283
155 277 298
171 331 344
91 246 347
91 143 246
223 242 265
223 229 309
206 223 265
93 206 341
206 328 341
206 223 328
41 97 208
10 93 191
92 191 272
134 154 176
168 236 296
92 93 191
92 208 255
92 93 255
93 127 255
168 296 316
242 265 271
104 236 300
200 260 324
104 134 313
134 154 313
104 123 134
35 140 200
97 154 313
183 233 278
61 83 228
61 228 293
1 75 178
1 147 178
70 106 123
70 200 324
70 123 219
147 260 324
117 150 182
70 200 219
88 270 301
109 285 294
52 189 305
84 270 301
90 279 284
4 84 270
84 189 305
52 150 189
84 117 189
117 150 189
28 36 245
80 261 303
173 244 285
80 173 261
108 240 303
8 126 175
126 142 175
258 267 310
113 226 235
8 113 235
42 118 235
42 47 126
126 142 321
114 241 284
142 253 321
185 201 215
201 215 335
184 201 314
6 69 103
69 103 314
31 54 144
153 216 335
114 153 216
114 153 253
17 101 216
17 170 193
17 54 170
193 210 259
54 170 193
90 279 317
241 279 284
2 39 145
86 304 346
2 329 346
86 140 330
86 140 329
2 304 346
86 329 346
31 292 304
328 341 344
331 341 344
161 307 312
88 301 329
199 301 329
79 181 281
86 292 330
86 292 304
196 302 349
5 124 278
85 119 124
34 95 224
78 122 151
81 187 273
80 141 303
37 327 343
7 11 18
7 76 340
199 301 306
184 268 275
85 124 278
73 77 221
15 20 100
6 69 159
19 194 290
73 161 312
73 102 188
230 316 322
73 192 195
101 216 335
79 181 222
73 77 243
68 161 192
67 178 228
116 165 237
78 187 214
69 144 159
72 277 298
34 65 137
138 301 306
64 222 299
63 252 305
63 138 209
71 217 337
61 278 293
63 252 260
26 256 338
80 173 244
59 158 275
101 103 335
90 145 259
12 35 200
223 250 347
58 181 222
19 248 269
80 202 244
60 65 141
73 188 243
77 221 307
56 57 68
80 141 202
108 264 289
17 54 144
181 281 338
53 68 89
33 100 148
168 316 322
116 149 237
83 123 178
10 48 218
0 13 94
60 65 137
57 68 89
49 227 275
133 288 325
62 113 226
19 130 248
222 297 333
4 47 317
74 231 256
13 18 29
48 191 272
63 200 260
185 201 287
257 327 343
26 152 251
42 84 118
58 64 222
19 72 130
0 13 111
20 220 273
11 232 340
67 75 178
21 141 262
62 109 311
143 223 328
61 134 295
151 172 186
1 132 252
10 171 331
113 240 303
165 225 237
20 81 273
19 269 291
49 268 276
19 72 277
23 238 266
23 266 291
10 218 283
28 146 293
43 55 332
16 207 274
167 204 214
17 90 284
97 104 313
49 268 275
18 73 98
151 179 197
84 138 305
122 151 197
28 75 132
74 139 256
67 228 293
85 183 278
38 81 187
17 101 159
30 210 259
36 84 118
96 212 264
21 119 262
0 94 263
85 119 298
140 199 306
33 148 162
222 299 333
153 253 335
73 221 312
13 18 111
278 285 293
61 83 134
48 272 334
232 247 340
50 128 302
12 63 200
30 39 145
4 42 47
47 317 319
4 42 84
43 55 333
55 297 333
62 226 245
37 162 327
0 195 207
18 111 195
70 147 324
16 177 274
28 36 132
65 254 282
7 11 340
49 227 308
71 121 217
10 331 341
14 24 333
16 207 263
36 84 117
28 67 75
23 82 291
18 73 195
22 76 239
27 184 201
154 176 334
23 77 249
23 77 307
10 48 66
55 280 332
63 138 305
36 226 235
30 44 304
20 257 343
26 128 180
27 51 339
34 224 320
85 183 218
53 68 274
87 280 315
25 169 203
25 203 254
10 93 341
14 38 81
26 58 128
26 152 256
27 51 121
27 184 339
53 89 125
14 38 333
28 245 311
28 293 311
36 226 245
62 245 311
30 145 259
15 20 257
88 90 145
26 181 338
59 225 227
258 289 310
31 210 304
110 129 266
78 187 323
65 254 345
34 95 234
148 211 220
19 246 347
34 234 282
151 172 179
127 255 322
135 217 336
99 194 290
116 149 276
36 132 182
167 205 214
19 194 347
219 296 316
40 126 321
36 118 235
165 225 227
65 141 345
42 126 235
40 279 319
40 241 279
48 107 334
221 307 312
8 113 240
254 262 345
50 196 302
88 90 317
3 43 332
24 43 333
131 176 295
155 171 246
51 158 217
93 265 271
93 127 271
156 172 179
150 252 305
166 281 338
148 151 211
114 241 321
97 104 300
62 109 294
97 154 334
32 76 340
149 156 162
74 133 239
100 148 220
33 100 162
184 275 339
6 101 103
82 248 291
103 201 314
103 201 335
151 156 186
104 236 296
104 219 296
248 269 291
106 147 178
93 206 265
116 276 308
135 225 237
108 240 289
110 129 229
62 113 294
113 261 303
114 253 321
135 197 336
163 287 310
32 239 247
208 255 322
121 201 287
27 121 201
19 290 291
122 197 336
106 123 178
83 178 228
122 214 336
8 126 235
47 126 319
40 126 319
127 242 271
83 123 134
127 230 316
127 230 322
99 129 290
203 254 262
32 76 239
131 176 334
70 106 147
131 233 295
175 289 310
132 150 252
132 150 182
9 160 232
158 217 225
134 176 295
143 171 246
90 193 259
60 137 303
108 137 303
139 256 338
140 199 329
78 122 214
60 141 303
142 215 253
142 175 215
22 133 239
91 143 223
143 328 344
67 146 293
196 212 318
15 100 162
97 208 272
174 187 214
147 252 260
1 147 252
148 151 156
212 213 318
46 149 237
52 150 305
152 231 256
109 293 311
127 242 316
155 246 277
38 174 187
61 278 295
2 30 39
91 223 347
59 158 225
51 158 339
158 275 339
53 177 274
87 160 232
139 160 338
169 203 248
160 315 338
162 257 327
10 171 283
163 267 310
87 160 315
166 315 338
82 169 248
155 171 283
38 174 333
174 299 333
175 215 310
2 30 304
68 192 274
48 183 218
185 287 310
185 215 310
113 261 294
187 273 323
17 90 193
219 242 316
37 149 162
133 231 325
9 239 247
195 207 274
192 195 274
198 236 322
198 236 326
157 203 262
64 205 349
167 205 349
92 208 272
41 208 322
44 210 304
212 264 286
152 231 325
73 161 192
59 227 275
30 44 210
149 156 179
17 144 159
168 236 322
236 300 326
40 241 321
215 253 335
173 261 285
261 285 294
97 272 334
129 266 290
266 290 291
5 278 285
84 138 301
233 278 295
279 317 319
109 285 293
120 288 325
