161 221 312
96 258 267
13 29 94
135 214 217
34 137 320
204 336 337
8 240 289
26 180 251
177 263 274
72 130 298
110 112 229
194 250 347
176 272 334
85 124 298
119 298 342
175 258 289
63 209 305
15 33 148
33 148 211
149 162 257
149 162 179
71 96 267
46 149 179
51 158 184
27 121 339
51 59 158
51 59 225
50 212 286
215 253 310
50 196 212
20 100 220
14 81 343
100 211 220
14 190 343
14 81 273
74 133 231
79 222 281
24 43 297
77 221 249
16 53 125
25 169 254
19 99 290
99 194 309
56 238 307
157 254 262
77 243 312
22 133 288
25 234 282
137 251 320
64 302 349
107 131 334
66 218 283
124 244 348
131 233 334
1 75 132
60 108 137
10 66 191
93 331 341
41 198 322
143 171 344
99 129 309
97 198 326
48 66 191
97 300 326
104 123 219
28 36 182
36 117 182
12 140 306
12 35 140
199 306 329
8 42 235
37 69 144
175 253 310
40 241 319
31 54 193
17 54 101
88 145 329
84 117 118
88 199 329
31 193 210
33 100 211
15 257 327
37 257 327
15 33 100
156 162 172
78 273 323
122 197 214
148 156 186
78 151 214
211 220 323
78 211 323
122 151 214
78 151 211
156 172 186
37 149 257
162 172 179
37 69 149
69 268 276
116 165 227
116 227 308
49 276 308
51 121 339
51 184 339
204 214 336
214 217 336
135 165 237
167 318 349
71 96 212
204 213 337
96 264 286
71 163 267
163 267 287
71 121 163
71 121 337
108 264 286
96 212 286
60 65 345
34 60 137
196 318 349
128 196 349
79 222 297
24 297 333
64 205 299
174 205 299
174 205 214
24 38 333
24 38 187
79 166 297
55 166 315
3 280 332
3 43 280
87 280 332
3 43 190
3 190 332
11 190 332
87 232 332
87 160 280
74 139 231
120 133 288
152 251 325
120 251 325
95 136 234
120 224 288
7 18 340
32 247 340
45 73 98
11 29 105
13 94 263
16 53 177
53 177 192
53 161 192
177 192 274
73 195 312
98 111 195
161 195 312
73 98 195
7 76 98
102 164 188
45 73 102
45 102 164
221 249 307
161 221 307
77 221 312
23 249 307
23 238 307
82 238 266
56 161 307
89 112 229
89 125 229
99 129 291
223 250 309
129 229 309
57 110 112
57 110 266
57 238 266
23 82 238
99 290 291
194 250 309
19 246 277
269 290 291
157 203 248
25 254 282
25 115 234
77 136 243
137 180 251
22 164 224
22 224 288
34 65 282
108 137 286
34 60 65
173 202 244
21 141 202
21 202 348
5 183 278
202 244 348
5 124 244
131 183 233
28 67 146
5 124 183
10 66 283
85 124 183
72 298 342
21 119 348
130 157 248
19 269 290
91 143 344
206 265 271
91 250 347
223 242 265
91 223 250
223 229 309
127 206 271
206 223 265
48 66 218
168 236 296
92 93 191
92 97 272
92 93 255
93 127 255
127 230 255
168 296 316
242 265 271
104 236 300
200 260 324
97 154 272
104 134 313
123 134 178
104 123 134
35 140 200
97 154 313
83 176 295
61 83 295
183 233 278
61 233 295
154 176 272
67 75 228
5 278 293
61 83 228
61 228 293
75 83 228
1 147 178
70 106 123
70 200 324
70 123 219
70 106 324
70 200 219
138 199 301
138 209 305
138 301 305
36 117 118
84 301 305
84 270 301
241 279 317
84 117 189
28 132 182
28 36 245
80 261 303
126 142 175
258 267 310
175 258 310
8 42 126
113 226 235
8 113 235
42 118 235
126 142 321
40 47 319
142 253 321
142 175 253
185 201 215
185 215 287
201 215 335
6 216 335
184 201 314
6 103 335
31 54 144
6 144 159
153 216 335
114 153 253
44 210 259
17 170 193
17 54 170
54 170 193
241 317 319
90 279 317
241 279 284
2 44 304
2 39 145
86 140 330
31 292 304
328 341 344
331 341 344
11 332 340
20 327 343
119 298 348
285 294 311
25 82 169
76 239 340
85 277 298
85 131 183
34 95 224
81 220 323
80 141 303
37 327 343
79 281 315
77 115 234
7 76 340
184 268 275
223 328 341
86 140 306
15 20 100
73 102 188
230 316 322
179 186 197
69 184 314
69 184 268
56 68 238
116 165 237
78 187 214
121 163 201
69 116 276
106 260 324
89 112 238
64 222 299
12 63 306
63 252 305
63 199 209
10 283 344
61 278 293
63 252 260
26 256 338
55 139 315
60 262 345
59 158 275
156 162 257
119 130 342
12 35 200
58 181 222
19 248 269
5 173 293
72 130 342
80 141 202
0 18 111
101 153 216
108 264 289
1 75 83
55 139 160
61 233 278
53 68 89
53 56 68
52 182 189
168 316 322
42 118 270
116 149 237
77 115 249
51 135 217
48 191 334
62 113 226
19 130 248
222 297 333
4 47 317
152 251 256
101 144 159
85 155 277
63 200 260
21 119 157
185 201 287
44 90 259
124 298 348
17 241 284
17 114 241
81 273 323
21 141 262
43 55 160
113 240 303
10 331 344
139 160 239
86 330 346
197 214 237
49 268 276
14 43 190
81 220 343
28 146 293
215 267 310
120 133 325
0 105 207
167 204 214
97 104 313
15 20 327
6 103 144
49 268 275
60 141 262
51 135 225
82 129 291
23 115 249
122 151 197
58 128 181
28 75 132
67 228 293
38 174 214
64 222 302
43 55 166
306 329 346
19 277 298
8 126 289
22 76 98
222 299 333
153 253 335
2 292 346
232 247 340
52 84 189
30 90 145
12 63 200
30 39 145
4 42 47
32 232 247
78 187 273
69 116 149
13 207 274
47 317 319
2 30 44
210 259 284
84 118 270
14 24 43
88 199 270
5 173 244
65 254 282
7 18 111
48 107 218
28 67 75
52 84 305
80 202 261
7 98 111
13 263 274
223 328 344
242 271 316
22 76 239
27 184 201
30 44 90
36 226 235
127 206 341
83 176 178
24 187 273
26 128 180
14 24 273
34 224 320
173 202 261
42 126 321
292 330 346
245 294 311
85 218 283
40 42 321
26 251 256
68 89 238
60 240 303
27 184 339
53 89 125
134 176 313
148 151 186
36 226 245
139 152 231
88 90 145
26 181 338
59 225 227
82 129 266
52 150 182
51 217 336
157 169 203
31 210 304
58 128 349
23 82 115
110 129 266
77 136 234
65 254 345
34 95 234
34 234 282
167 205 214
219 296 316
232 332 340
36 118 235
165 225 227
21 157 262
38 187 214
63 199 306
53 56 161
51 336 337
22 98 164
48 107 334
8 113 240
254 262 345
40 42 47
88 90 317
85 107 131
19 130 298
2 292 304
91 143 194
91 194 347
158 184 275
85 155 283
188 243 312
155 171 246
92 272 334
92 191 334
1 83 178
16 94 177
69 144 314
150 252 305
26 128 181
148 151 211
114 241 321
97 104 300
92 97 255
97 208 255
111 207 274
151 186 197
45 98 164
99 194 246
19 99 246
74 133 239
134 176 178
135 165 225
54 101 144
103 201 314
103 201 335
139 152 256
104 236 296
104 219 296
41 198 208
13 29 207
248 269 291
29 105 207
18 105 340
106 147 178
116 276 308
106 147 260
85 107 218
108 240 289
110 129 229
0 111 207
43 166 297
111 192 274
57 112 238
62 113 294
113 261 303
114 253 321
17 101 153
17 114 153
17 193 284
4 270 317
119 130 157
208 255 322
27 121 201
212 213 337
106 123 178
126 175 289
127 271 316
127 230 316
93 127 341
58 302 349
1 132 147
132 147 252
167 204 213
132 150 252
132 150 182
2 145 346
9 160 232
179 197 237
136 164 188
136 188 243
95 136 224
136 164 224
143 171 246
71 212 337
154 176 313
139 256 338
139 315 338
60 141 303
22 133 239
25 82 115
226 245 294
143 194 246
103 144 314
145 329 346
67 146 293
50 180 196
181 222 281
196 212 318
176 233 334
60 108 240
147 252 260
15 148 257
212 213 318
46 149 237
199 270 301
52 150 305
173 285 293
109 293 311
51 121 337
155 246 277
148 156 257
157 169 254
2 30 39
6 159 216
101 159 216
87 160 232
169 203 248
94 177 263
163 201 287
82 169 291
169 248 291
171 283 344
155 171 283
11 105 340
88 270 317
38 174 333
174 299 333
176 233 295
172 179 186
46 179 237
128 180 196
137 180 286
111 192 195
181 281 315
86 306 346
181 315 338
117 182 189
32 239 340
113 261 294
259 279 284
138 199 209
79 166 315
73 188 312
50 180 286
10 191 331
93 191 331
161 192 195
219 242 316
133 231 325
43 160 280
97 198 208
198 236 322
198 236 326
32 160 239
230 255 322
64 205 349
167 205 349
41 208 322
193 210 284
44 210 304
167 213 318
224 251 320
135 214 237
109 285 311
74 139 239
215 267 287
91 223 344
9 32 160
96 258 264
152 231 325
20 220 343
9 32 232
58 222 302
206 223 341
120 224 251
62 226 294
59 227 275
227 275 308
49 275 308
168 236 322
236 300 326
40 241 321
0 18 105
245 293 311
28 245 293
215 253 335
258 264 289
90 259 279
173 261 285
261 285 294
4 42 270
109 285 293
