66 163 198
90 196 266
79 223 246
96 199 245
107 280 295
184 195 241
197 205 229
56 94 157
77 94 157
26 145 163
103 121 217
29 137 179
103 231 292
79 140 246
88 116 119
33 92 242
53 92 108
19 87 118
85 105 208
183 222 243
22 88 119
33 53 236
22 88 225
22 247 255
188 200 284
71 125 249
100 184 249
125 184 249
36 104 155
17 158 193
39 213 295
78 129 247
97 127 145
66 221 243
66 183 243
59 201 222
2 171 172
42 192 263
58 220 276
81 115 274
41 126 239
103 206 239
93 253 254
2 154 248
2 154 171
154 171 231
115 248 272
154 248 272
76 93 147
147 250 272
18 111 282
6 145 228
130 142 151
24 48 208
45 91 135
19 118 279
23 60 170
29 179 190
3 122 131
13 130 274
23 142 170
92 218 242
16 33 161
16 223 227
33 99 161
33 53 92
14 40 143
73 92 218
14 40 73
0 84 218
0 84 223
14 73 98
14 98 118
19 275 279
40 143 202
31 275 279
10 48 215
45 91 279
91 216 279
31 135 283
31 269 275
209 269 297
19 87 275
22 43 255
22 43 225
134 136 203
43 225 285
10 48 208
83 116 119
129 233 277
22 119 247
119 129 233
78 247 293
119 129 247
247 255 293
43 136 255
78 129 277
78 277 281
27 82 293
134 139 203
128 134 236
30 33 140
30 128 168
71 79 125
125 184 195
35 80 281
27 82 230
35 277 281
64 249 260
212 233 277
70 152 199
4 70 199
4 70 212
70 117 152
188 214 237
46 102 196
150 188 237
64 100 249
71 249 284
17 104 155
17 89 158
17 89 155
153 288 299
251 259 288
38 288 299
38 109 299
90 102 237
90 102 196
109 149 299
96 102 178
102 178 268
102 213 268
39 178 268
149 153 299
153 259 288
193 251 259
17 173 193
39 213 268
149 280 286
39 182 295
141 192 263
114 165 232
67 294 296
189 201 222
32 68 291
83 119 233
245 264 270
212 233 270
9 68 264
9 83 176
67 258 294
26 163 187
183 187 244
187 235 244
59 222 243
66 183 198
183 222 244
159 181 292
86 221 243
7 54 221
7 86 221
59 65 211
59 65 201
5 189 201
65 74 201
124 182 295
74 124 263
50 193 271
107 185 193
42 192 271
107 185 295
62 162 220
1 58 164
141 192 276
74 141 263
56 126 157
20 162 262
162 262 298
62 162 298
20 156 162
81 133 274
44 133 219
133 219 290
44 110 169
110 169 226
55 169 226
81 133 290
55 219 290
55 120 226
121 171 172
51 205 257
51 204 257
204 217 257
126 206 239
126 157 206
41 204 217
20 41 126
41 217 239
103 217 239
103 206 292
121 217 257
2 115 248
2 172 229
154 250 272
13 115 274
81 115 197
147 224 272
37 207 224
12 122 131
12 13 115
12 37 115
181 250 254
159 181 254
93 112 273
66 221 252
146 252 254
159 252 254
75 97 253
66 75 97
146 253 254
75 146 253
85 256 289
85 105 186
15 24 208
93 97 253
21 166 234
111 132 191
57 61 191
61 132 191
10 57 289
10 57 240
25 261 265
25 106 174
10 240 261
25 175 265
69 137 180
69 106 137
106 137 179
18 238 282
8 28 170
8 18 180
11 179 190
8 28 29
111 138 191
21 138 282
111 138 282
49 166 234
13 130 151
49 63 166
49 234 238
28 29 190
142 170 238
11 60 190
28 170 190
60 170 190
269 283 297
31 269 283
64 241 260
5 232 296
159 221 292
218 223 227
84 218 223
10 215 261
214 260 281
212 245 270
209 283 297
160 209 225
173 193 288
193 251 288
21 191 273
187 235 296
163 187 198
186 256 273
42 185 263
39 178 232
139 177 287
183 187 198
1 164 192
162 220 276
213 286 295
159 221 252
108 177 275
89 158 267
54 157 292
95 156 278
89 155 267
149 153 280
150 188 284
157 206 292
144 210 258
26 144 145
23 142 274
130 142 274
141 148 278
79 140 168
139 285 287
139 203 285
43 136 285
31 135 279
123 135 215
135 215 283
249 260 284
134 177 236
280 286 295
134 139 177
3 131 142
131 142 151
124 185 263
148 156 278
121 172 229
71 158 267
121 205 257
116 258 294
83 116 294
115 197 229
71 267 284
113 148 156
111 132 180
18 111 180
38 109 196
47 214 281
108 177 236
53 108 236
107 193 259
177 209 287
107 153 259
107 153 280
25 106 261
106 179 216
188 200 214
154 181 292
105 127 145
105 145 228
38 104 288
104 173 288
17 104 173
103 121 171
96 102 199
102 152 237
102 152 199
200 260 284
99 161 223
97 112 186
45 135 279
93 97 112
97 105 127
136 203 285
95 156 162
95 141 278
44 55 219
66 97 145
36 38 266
95 141 276
38 196 266
42 193 271
91 123 135
37 224 272
37 122 207
12 37 122
36 150 267
21 166 273
33 99 246
23 60 274
30 33 236
123 216 265
8 137 180
50 192 271
27 195 230
27 78 281
57 273 289
30 140 168
46 109 196
25 175 216
25 174 216
27 195 241
8 18 238
15 24 228
24 48 209
73 92 202
32 72 114
24 88 210
57 191 273
61 69 194
42 185 193
21 138 191
102 213 286
121 205 229
12 13 151
7 54 157
47 214 237
93 147 250
136 255 293
14 87 143
26 67 144
72 96 178
9 264 270
90 150 266
9 176 270
32 294 296
33 140 246
80 117 152
88 116 258
30 128 236
76 147 224
36 155 267
16 218 227
51 62 262
52 62 220
209 225 285
103 171 231
10 85 208
75 146 252
11 118 167
20 113 156
93 250 254
3 49 238
5 189 296
5 39 232
82 168 230
9 32 68
88 160 225
34 63 224
69 194 240
58 220 226
67 187 296
14 87 118
20 56 113
77 86 157
5 74 101
47 80 152
72 165 178
16 218 242
3 142 238
9 32 294
0 73 98
124 185 295
44 55 169
56 65 211
34 63 76
95 162 276
88 210 258
0 73 218
177 209 269
189 235 296
154 181 250
10 85 289
85 186 256
5 74 201
74 124 182
32 232 296
8 29 137
63 76 166
175 216 265
27 78 293
11 167 274
165 178 232
37 115 272
11 118 279
46 149 286
55 81 290
15 105 228
11 60 274
4 199 245
15 105 208
83 233 270
177 269 275
16 33 242
27 241 260
82 136 293
20 56 126
82 136 168
56 65 113
12 131 151
6 24 144
200 214 260
87 143 275
70 80 117
134 136 168
32 114 232
35 70 80
47 152 237
209 285 287
64 100 184
11 216 279
5 101 182
106 174 216
8 170 238
20 41 204
26 67 187
36 150 266
51 81 120
6 144 145
99 223 246
34 76 224
20 51 262
24 88 160
27 260 281
76 166 273
44 110 164
44 50 164
143 202 275
128 134 168
1 58 192
46 109 149
72 96 245
150 267 284
50 164 192
189 222 244
47 80 281
48 215 283
48 209 283
6 24 228
49 63 122
256 273 289
123 215 265
16 161 223
76 93 273
51 52 120
61 69 132
52 220 226
52 120 226
21 234 238
2 115 229
55 81 120
57 194 240
20 51 204
56 94 211
57 61 194
58 110 164
24 144 210
90 150 237
58 192 276
58 110 226
59 86 211
59 86 243
189 235 244
36 38 104
79 195 230
112 186 273
69 240 261
68 264 291
67 144 258
62 262 298
21 238 282
91 123 216
63 122 207
51 52 62
63 207 224
64 184 241
4 212 245
65 113 141
7 86 157
46 102 286
65 74 141
92 202 275
154 231 292
97 105 186
69 132 180
69 106 261
32 72 291
70 212 277
35 70 277
72 114 165
11 179 216
72 264 291
72 245 264
40 73 202
74 101 182
113 141 148
66 75 252
215 261 265
5 39 182
24 160 209
79 125 195
79 168 230
81 197 205
51 81 205
83 176 270
66 145 163
9 83 294
86 94 211
77 86 94
3 49 122
54 221 292
92 108 275
