66 163 198
77 94 211
200 249 284
79 223 246
96 199 245
30 79 140
101 124 182
21 234 282
82 136 230
197 205 229
54 77 157
26 145 163
86 211 243
12 37 207
29 137 179
79 140 246
88 116 119
33 92 242
53 92 108
19 87 118
160 210 225
85 105 208
22 88 119
160 209 287
108 177 269
22 247 255
71 125 249
27 184 281
17 158 193
42 124 295
96 245 291
39 213 295
97 127 145
66 221 243
5 101 232
66 183 243
59 201 222
95 148 156
42 192 263
58 220 276
52 81 120
103 206 239
56 113 148
93 253 254
205 229 257
154 171 231
21 256 273
12 13 131
115 248 272
154 248 272
76 93 147
97 145 163
130 142 151
19 118 279
118 167 216
29 179 190
3 122 131
13 130 274
0 98 218
73 98 218
92 218 242
16 33 161
33 99 161
33 53 92
139 177 269
73 92 218
92 108 202
0 84 218
0 84 223
14 98 118
31 283 297
118 216 279
31 45 135
174 179 216
10 48 215
45 91 279
91 216 279
31 135 283
215 283 297
108 269 275
31 269 275
31 45 279
31 269 297
87 118 143
22 43 255
134 136 203
43 225 285
43 285 287
48 160 209
24 48 160
48 209 215
26 144 187
6 144 210
88 210 225
83 116 119
119 129 233
247 255 293
78 129 277
128 136 168
43 203 287
134 139 203
128 134 136
30 33 140
30 128 168
30 79 168
71 79 125
27 184 241
4 70 199
4 70 212
47 80 260
214 249 260
47 214 260
188 214 249
71 249 284
150 188 267
188 200 249
71 89 158
17 89 158
17 89 155
17 173 288
46 102 109
38 109 299
90 102 237
102 178 268
39 178 268
149 153 299
193 251 259
17 173 193
109 213 286
39 213 268
149 280 286
39 165 178
39 182 295
141 192 263
39 182 232
5 114 232
32 68 291
96 114 165
72 114 291
72 96 114
72 96 291
83 119 233
245 264 270
212 233 270
176 264 270
9 83 176
67 258 294
6 26 144
5 235 296
183 187 244
59 222 243
66 183 198
59 211 243
5 189 235
7 77 86
86 221 243
7 54 221
7 86 221
7 54 77
77 86 211
101 182 232
5 189 201
65 74 201
42 124 263
124 182 295
74 101 124
74 124 263
42 185 271
50 193 271
107 185 193
42 192 271
185 193 271
62 162 220
95 276 278
1 192 276
1 58 164
1 58 276
141 192 276
113 141 278
141 276 278
74 141 263
162 262 298
62 162 298
20 156 162
55 169 219
62 220 226
133 219 290
55 120 290
81 133 290
55 219 290
81 120 290
51 197 205
121 171 172
51 205 257
121 171 231
103 217 239
181 231 292
121 172 257
121 217 257
2 115 248
2 197 229
147 224 272
12 122 207
12 122 131
12 13 115
76 93 166
34 76 166
181 250 254
159 181 254
93 112 273
66 97 163
66 75 97
146 253 254
105 208 228
67 144 187
85 256 289
93 97 253
21 166 234
111 132 191
61 132 194
57 138 191
10 57 289
25 194 240
25 240 261
10 261 265
69 106 137
106 137 179
8 18 180
11 179 190
8 28 29
111 138 191
111 138 282
13 130 151
49 234 238
28 29 190
142 170 238
18 170 238
28 170 190
23 130 274
149 286 299
109 286 299
78 277 293
51 257 262
217 239 257
16 227 246
223 227 246
84 218 227
183 243 244
103 217 231
121 217 231
209 215 269
215 269 297
212 245 270
206 231 292
41 204 239
136 203 255
139 203 209
203 209 287
189 201 244
201 222 244
103 206 231
65 201 211
188 200 267
173 193 288
193 251 288
184 230 241
181 221 292
25 175 261
183 187 198
154 171 248
93 166 273
162 220 276
20 162 204
162 204 262
150 188 266
160 225 285
160 285 287
159 221 252
54 157 292
156 162 276
89 155 267
104 155 196
154 181 231
149 153 280
153 259 280
153 251 288
157 206 292
56 148 157
147 154 272
147 154 250
146 159 254
159 181 221
144 210 258
139 209 269
138 256 282
235 294 296
136 195 230
135 175 265
123 135 265
123 135 215
135 215 283
21 256 282
69 132 137
132 137 180
13 131 151
3 131 142
131 142 151
130 142 170
78 129 293
129 212 233
129 212 277
128 134 139
110 164 226
184 195 230
117 152 199
222 243 244
116 258 294
83 116 294
153 251 259
111 234 238
111 234 282
111 132 180
18 111 180
110 133 169
171 172 248
109 213 268
108 177 236
53 108 236
108 143 202
107 280 286
107 213 286
107 193 259
107 259 280
18 111 238
105 186 273
105 256 273
133 169 219
105 127 145
38 104 299
104 153 299
38 104 109
96 102 199
107 213 295
96 102 165
102 165 178
102 152 237
102 152 199
64 100 260
100 125 249
97 146 253
97 112 186
93 97 112
97 105 127
95 113 278
95 113 148
100 249 260
36 90 196
69 106 194
39 114 165
26 105 228
100 125 195
39 114 232
37 224 272
31 87 275
36 90 266
34 49 63
36 150 267
21 166 273
33 99 246
23 60 274
32 68 176
60 130 170
9 32 176
31 87 279
30 33 53
43 88 225
25 106 194
8 137 180
27 82 277
50 192 271
55 110 226
188 214 266
26 187 198
235 244 294
46 109 196
90 214 266
26 105 145
25 175 216
25 174 216
25 106 179
73 92 202
16 99 246
2 172 248
8 18 28
64 80 260
64 184 195
40 73 98
47 214 237
93 147 250
136 255 293
20 126 239
20 148 156
175 261 265
32 294 296
10 15 208
33 140 246
80 117 152
88 116 258
204 257 262
30 128 236
76 147 224
22 119 129
6 208 228
10 15 24
36 155 267
6 24 160
16 218 227
51 62 262
6 160 210
10 85 208
25 174 179
34 49 234
75 146 252
44 110 133
27 277 281
6 15 208
93 250 254
3 49 238
13 81 115
13 81 133
75 97 146
126 148 157
36 155 196
22 43 88
58 220 226
95 156 276
102 109 268
1 50 164
89 200 284
2 81 197
5 74 101
2 81 115
47 80 152
16 218 242
75 221 252
3 142 238
9 32 294
18 28 170
56 65 211
5 114 291
88 210 258
70 117 199
57 138 256
154 181 250
14 40 98
10 85 289
5 74 201
2 172 257
8 29 137
11 167 274
11 60 274
4 199 245
5 32 296
10 57 261
83 233 270
20 126 148
10 24 48
104 153 155
34 166 234
64 80 281
16 33 242
11 167 216
11 170 190
82 136 293
11 60 170
56 65 113
157 206 239
70 80 117
85 105 256
12 37 272
57 240 261
13 133 274
35 70 80
57 256 289
47 152 237
245 264 291
34 37 224
80 277 281
42 107 295
34 37 207
22 129 247
17 153 288
26 163 198
20 41 204
5 32 291
46 90 102
51 52 197
59 201 211
36 150 266
34 76 224
204 239 257
30 53 236
16 99 161
2 229 257
44 110 164
44 50 164
45 135 175
45 91 216
118 143 202
46 90 196
43 203 255
126 157 239
10 215 265
49 63 122
123 215 265
1 50 192
82 230 241
52 55 120
52 81 197
45 175 216
14 40 118
55 62 226
57 194 240
55 110 169
34 63 207
56 77 157
6 26 228
56 77 94
56 94 211
57 132 191
57 61 194
40 118 202
57 61 132
20 41 239
58 164 226
104 109 196
189 235 244
23 60 130
112 186 273
68 264 291
67 144 258
62 262 298
63 122 207
51 52 62
129 247 293
64 184 281
64 100 195
128 177 236
4 212 245
65 113 141
67 187 244
65 74 141
67 244 294
128 139 177
68 176 264
52 55 62
69 132 194
97 105 186
87 108 275
70 212 277
35 70 277
11 179 216
12 115 272
40 73 202
66 75 221
6 15 24
136 168 195
79 125 195
79 168 195
35 80 277
146 159 252
27 82 241
82 277 293
83 176 270
9 83 294
84 223 227
87 108 143
17 153 155
19 87 279
89 200 267
3 49 122
71 89 284
42 107 185
90 214 237
54 221 292
