66 163 198
99 140 246
90 196 266
200 249 284
79 223 246
96 199 245
184 195 241
21 234 282
197 205 229
56 94 157
77 94 157
26 145 163
86 211 243
24 160 210
103 121 217
123 175 265
79 140 246
33 99 140
88 116 119
105 127 228
11 167 179
160 210 225
139 269 287
30 33 128
22 247 255
188 200 284
71 125 249
27 184 281
47 80 117
36 104 155
17 158 193
42 124 295
68 245 291
96 245 291
39 213 295
35 212 277
83 176 233
78 129 247
6 26 145
66 221 243
59 201 222
147 250 254
58 220 276
2 115 197
44 50 110
52 81 120
52 62 298
41 126 239
56 113 148
2 154 248
2 154 171
154 171 231
21 256 273
66 146 252
163 183 198
6 145 228
19 118 279
13 130 274
14 40 143
87 143 202
0 84 223
14 98 118
40 143 202
118 216 279
45 91 279
91 216 279
123 135 283
123 215 283
31 135 283
87 202 275
209 269 297
209 269 287
22 43 255
134 136 203
15 24 210
123 135 175
6 144 210
88 210 225
22 119 247
119 129 233
78 247 293
119 129 247
247 255 293
82 136 255
43 136 255
82 255 293
134 139 203
53 177 236
128 134 136
30 33 140
71 79 125
168 195 230
125 184 195
35 80 281
27 184 241
35 277 281
4 212 270
4 70 199
188 214 237
152 199 237
152 214 237
150 188 237
47 214 260
64 100 249
71 249 284
150 266 267
150 237 266
17 89 158
36 89 155
17 89 155
102 109 213
17 173 288
251 259 288
50 110 164
46 102 109
38 109 299
90 237 266
90 102 237
36 196 266
102 178 268
67 187 235
102 213 268
39 178 268
149 153 299
153 259 288
17 173 193
39 213 268
149 280 286
39 165 178
39 182 295
32 68 291
72 114 291
72 96 291
68 245 264
212 233 270
83 116 258
9 176 264
9 68 264
9 258 294
67 258 294
26 163 187
6 26 144
163 183 187
183 187 244
187 235 244
222 235 244
183 222 244
159 181 292
7 54 221
41 204 262
59 65 201
74 124 263
42 185 271
42 185 295
50 193 271
107 185 193
185 193 271
107 185 295
62 162 220
1 58 164
74 141 263
56 126 157
51 52 81
52 262 298
62 162 298
44 110 169
55 120 226
51 52 262
52 62 120
20 41 262
51 205 257
121 171 231
51 204 257
51 204 262
20 41 126
103 217 239
54 221 252
54 159 292
103 206 292
2 115 248
2 197 229
2 172 229
81 115 197
147 224 272
37 207 224
12 13 115
34 63 122
34 76 166
66 221 252
54 159 252
75 97 253
66 97 163
66 75 146
66 75 97
75 146 253
127 145 228
105 127 186
85 256 289
85 208 289
85 256 273
85 112 273
21 256 289
21 57 289
21 166 234
18 132 180
21 57 138
57 138 191
10 57 289
25 240 261
61 194 240
8 28 170
8 18 180
11 179 190
8 28 29
21 138 282
234 238 282
142 170 238
11 60 190
28 170 190
60 170 190
23 130 274
149 286 299
269 283 297
269 275 279
31 269 279
141 263 276
181 250 292
31 269 283
176 233 264
233 264 270
16 227 246
223 227 246
84 218 227
213 286 299
109 213 299
160 209 225
41 204 239
204 217 239
189 201 235
66 198 243
173 193 288
193 251 288
138 191 282
61 191 240
111 191 238
83 176 258
25 175 261
169 219 290
127 163 186
97 163 186
213 286 295
159 250 254
108 177 275
89 158 267
54 157 292
95 156 278
154 250 292
154 224 248
149 153 280
150 188 284
157 206 292
93 147 253
147 154 272
147 154 250
146 159 254
146 147 253
146 147 254
144 210 258
141 148 278
79 140 168
139 285 287
139 203 285
43 136 285
235 294 296
31 135 279
44 133 169
18 132 238
106 137 174
111 132 238
69 132 137
132 137 180
130 142 170
129 212 233
154 224 272
128 134 139
127 145 163
56 126 148
124 192 263
110 164 226
148 156 278
103 121 292
121 231 292
121 172 229
71 158 267
121 205 257
121 204 257
121 204 217
120 220 226
22 119 225
88 119 225
118 167 179
118 179 216
117 152 214
117 152 199
83 116 233
116 119 233
37 115 207
115 122 207
12 115 122
47 117 214
93 112 253
97 112 253
3 131 151
107 280 286
107 286 295
107 251 259
107 153 259
107 153 280
106 179 216
188 200 214
133 169 219
9 176 258
46 104 109
38 104 109
103 157 239
102 199 237
96 102 199
102 165 178
101 124 295
101 182 295
5 101 189
100 125 249
99 161 242
33 99 242
97 112 186
45 135 279
136 203 285
57 191 240
95 141 278
7 221 243
4 245 264
85 112 208
4 264 270
95 141 276
59 198 243
39 114 165
39 101 182
159 181 250
39 114 232
21 76 147
76 122 207
38 153 299
100 125 184
23 60 274
60 130 170
38 104 153
8 137 180
55 110 226
27 195 230
142 234 238
1 42 271
30 140 168
28 29 179
25 175 216
25 174 216
27 195 241
156 220 276
25 137 174
8 18 238
24 48 209
73 92 202
16 99 246
22 43 285
22 225 285
61 69 194
121 205 229
12 13 151
21 112 273
40 73 98
7 54 157
53 92 242
36 89 266
20 162 220
20 156 220
20 148 156
26 67 144
175 261 265
64 200 249
32 294 296
88 116 258
3 12 122
76 147 224
16 218 227
15 48 208
71 150 284
1 42 192
209 225 285
29 106 179
103 157 206
27 277 281
20 162 298
0 84 98
21 93 147
5 189 296
5 39 232
6 15 228
82 168 230
36 46 196
53 92 177
9 32 68
13 81 115
13 81 133
69 194 240
58 220 226
20 262 298
95 156 276
1 50 164
2 121 171
55 169 290
77 86 157
6 15 210
9 32 294
71 150 267
56 65 211
36 46 104
101 189 201
88 210 258
70 117 199
7 86 243
189 235 296
14 40 98
21 93 112
139 269 275
48 283 297
4 35 212
5 39 101
8 29 137
21 76 166
25 69 137
11 167 274
64 200 260
161 218 242
55 81 290
15 105 228
11 60 274
4 199 245
5 32 296
10 57 261
3 12 131
20 126 148
62 120 220
104 153 155
1 50 271
34 166 234
139 177 275
13 142 151
82 136 168
56 65 113
12 131 151
200 214 260
70 80 117
2 121 172
13 130 142
4 35 70
57 240 261
13 133 274
35 70 80
14 19 143
209 285 287
89 266 267
59 183 198
64 100 184
15 24 48
65 211 243
15 186 208
106 174 216
8 170 238
5 32 232
30 128 136
201 222 235
34 76 122
17 153 288
10 48 289
46 90 102
37 224 248
26 67 187
107 193 251
73 84 98
49 142 151
81 219 290
16 99 161
45 135 175
61 111 132
45 91 216
46 90 196
1 58 192
33 53 242
34 63 234
47 64 281
47 64 260
47 80 281
10 48 261
48 215 261
48 215 283
126 157 239
48 208 289
48 209 297
192 263 276
49 63 122
3 49 151
81 133 219
123 215 265
61 69 132
65 101 201
53 128 236
45 175 216
55 81 120
55 110 169
56 94 211
191 238 282
78 212 277
58 192 276
58 164 226
73 92 242
29 106 137
59 183 222
114 232 291
32 232 291
23 60 130
61 111 191
42 124 192
67 144 258
28 179 190
49 63 234
64 184 281
128 177 236
65 113 141
7 86 157
65 101 124
65 74 124
65 74 141
59 65 243
16 161 218
73 218 242
92 202 275
128 139 177
30 136 168
27 78 277
154 231 292
49 142 234
25 69 240
72 96 102
72 114 165
19 87 143
67 235 294
72 102 165
73 84 218
40 73 202
113 141 148
14 19 118
76 207 224
15 105 186
215 261 265
78 82 293
78 129 212
24 160 209
78 82 230
27 78 230
79 125 195
79 168 195
37 115 248
81 197 205
51 81 205
146 159 252
33 53 128
84 223 227
112 186 208
86 94 211
77 86 94
87 275 279
17 153 155
19 87 279
3 49 122
92 108 177
92 108 275
