99 140 246
79 125 168
79 223 246
96 199 245
30 79 140
184 195 241
21 234 282
1 192 271
82 136 230
56 94 157
77 94 157
86 211 243
12 37 207
103 121 217
29 137 179
79 140 246
33 99 140
88 116 119
33 92 242
100 184 281
105 127 228
53 92 108
19 87 118
11 167 179
22 88 119
160 209 287
33 53 236
22 88 225
22 247 255
188 200 284
71 125 249
64 100 281
47 80 117
36 266 267
36 104 155
17 158 193
71 188 284
107 193 280
35 212 277
83 176 233
78 129 247
97 127 145
5 101 232
59 201 222
147 250 254
17 38 104
42 192 263
173 193 251
44 50 110
81 115 274
205 229 257
154 171 231
21 256 273
147 250 272
163 183 198
97 145 163
45 91 135
19 118 279
23 60 170
29 179 190
3 122 131
167 179 216
13 130 274
23 142 170
0 98 218
73 98 218
92 218 242
16 33 161
16 223 227
33 99 161
33 53 92
73 92 218
40 92 202
40 73 92
0 84 218
0 84 223
14 98 118
40 143 202
174 179 216
10 48 215
45 91 279
91 135 216
91 216 279
123 135 283
209 269 297
22 43 255
48 160 209
209 215 297
24 48 160
48 209 215
67 210 258
6 144 210
83 116 119
88 116 210
129 233 277
78 247 293
78 129 277
78 277 281
27 82 293
125 168 195
134 139 203
30 33 140
30 128 168
30 79 168
71 79 125
78 281 293
35 80 281
195 230 241
27 82 230
27 230 241
27 281 293
35 277 281
64 249 260
47 117 152
35 80 117
212 233 277
35 70 117
4 70 199
188 214 237
150 188 237
47 214 260
64 100 249
71 249 284
150 266 267
36 89 267
150 188 267
17 104 155
17 89 158
36 89 155
17 89 155
173 251 288
17 173 288
50 110 164
38 109 299
109 149 299
102 178 268
102 213 268
149 153 299
193 251 259
17 173 193
109 213 286
109 149 286
149 280 286
39 182 232
5 101 201
72 114 291
68 245 264
176 233 270
176 264 270
9 258 294
67 258 294
183 222 244
159 181 292
7 77 86
86 221 243
7 54 221
7 86 221
41 204 262
59 65 201
101 182 232
5 189 201
74 124 263
56 74 141
50 193 271
107 185 193
42 192 271
107 185 295
62 162 220
74 141 263
56 126 157
56 113 141
156 162 220
20 156 162
55 169 219
110 220 226
81 133 274
55 120 290
55 169 226
55 219 290
81 120 290
55 120 226
52 62 120
51 81 197
51 205 257
51 204 257
204 217 257
41 204 217
41 217 239
181 231 250
181 231 292
2 115 248
2 197 229
2 172 229
154 231 250
154 250 272
13 115 274
147 224 272
37 115 224
12 13 115
12 37 115
34 122 207
21 93 273
93 112 273
146 252 254
66 75 97
97 127 186
105 208 228
67 144 187
67 144 210
105 127 186
85 256 289
15 24 208
85 208 289
111 132 191
57 138 191
57 61 191
61 132 191
10 123 265
10 123 215
25 106 174
10 261 265
106 174 179
69 137 180
25 69 106
18 238 282
8 28 170
8 18 180
11 179 190
8 28 29
111 138 191
234 238 282
49 63 166
28 29 190
142 170 238
28 170 190
23 130 274
23 130 142
269 275 283
269 283 297
39 268 295
159 250 252
250 252 254
27 241 281
193 259 280
5 232 296
115 224 248
218 223 227
84 218 223
217 229 257
206 231 292
103 206 217
189 201 244
201 222 244
103 206 231
199 245 264
199 212 233
4 199 212
66 198 221
198 221 243
159 252 292
194 240 261
186 256 273
105 186 208
42 185 263
83 176 258
25 175 261
154 171 248
2 171 248
199 233 270
160 225 285
160 285 287
108 177 275
89 158 267
71 158 188
54 157 292
95 156 278
154 224 248
149 153 280
153 259 280
153 251 288
157 206 292
93 147 253
146 147 253
146 147 254
145 163 183
26 145 183
141 148 278
139 285 287
139 203 285
139 209 269
139 209 287
138 256 282
235 294 296
136 247 255
82 136 247
136 195 230
123 135 265
134 203 285
43 134 285
43 134 255
134 136 255
249 260 284
21 256 282
167 216 279
44 133 169
3 131 142
154 224 272
128 134 139
124 185 263
123 215 297
123 283 297
148 156 278
120 220 226
114 165 178
153 251 259
93 112 253
97 112 253
111 132 180
18 111 180
38 109 196
108 177 236
53 108 236
107 280 286
107 213 286
188 200 260
133 169 219
9 176 258
103 121 171
122 131 207
107 213 295
102 152 237
200 260 284
100 184 195
100 125 249
14 98 143
73 98 143
66 97 198
188 214 260
99 161 223
97 146 253
97 112 186
96 117 152
96 117 199
184 241 281
95 263 276
95 141 263
95 141 278
3 34 122
121 172 217
20 41 298
59 198 243
39 124 182
39 114 165
51 205 229
159 181 250
100 125 195
39 114 232
21 76 147
42 193 271
23 60 274
32 68 245
32 68 176
9 32 176
30 33 236
8 137 180
69 106 179
142 234 238
235 244 294
46 109 196
26 127 145
25 175 216
25 174 216
8 18 238
10 57 208
22 43 285
22 225 285
221 252 292
61 69 194
42 185 193
12 13 151
21 49 234
21 49 166
7 54 157
47 214 237
20 126 239
14 87 143
20 148 156
175 261 265
90 150 266
46 90 237
30 128 236
76 147 224
22 119 129
7 77 157
6 208 228
6 24 160
16 218 227
118 167 279
39 124 295
6 160 210
103 171 231
75 146 252
6 144 187
21 93 147
6 15 208
5 189 296
34 37 76
172 217 229
88 160 225
75 97 146
14 87 118
20 56 113
2 121 171
2 81 197
52 62 262
2 81 115
58 95 276
16 218 242
75 221 252
124 185 295
97 163 198
56 65 211
199 264 270
34 63 76
58 156 220
70 117 199
26 187 244
57 138 256
12 131 142
189 235 296
139 269 275
85 186 256
25 69 261
26 127 228
41 262 298
3 34 63
4 35 212
74 124 182
32 232 296
8 29 137
63 76 166
175 216 265
21 76 166
36 104 266
11 167 274
11 60 274
12 142 151
10 57 261
62 120 220
10 24 48
10 24 208
37 76 224
1 50 271
83 119 129
139 177 275
16 33 242
72 102 178
13 142 151
11 170 190
9 32 296
11 60 170
38 104 196
20 56 126
157 206 239
87 143 275
90 104 196
213 268 295
134 136 168
2 121 172
17 153 299
13 130 142
4 35 70
57 240 261
57 256 289
47 152 237
59 183 198
65 211 243
8 170 238
34 37 207
22 129 247
17 38 299
17 153 288
18 111 138
18 138 282
51 81 120
99 223 246
83 116 210
81 219 290
69 137 179
39 165 268
96 102 152
88 160 210
58 95 156
44 110 226
46 102 237
143 202 275
31 45 275
31 45 283
45 135 283
128 134 168
46 90 196
1 58 192
72 96 245
46 109 213
46 102 213
20 62 162
47 64 281
47 64 260
45 275 279
47 80 281
126 157 239
192 263 276
6 26 187
81 133 219
50 58 164
1 50 58
44 169 226
16 161 223
51 52 120
51 197 229
72 245 291
65 101 201
51 52 204
40 73 143
135 216 265
52 204 262
85 186 208
32 245 291
58 110 220
57 194 240
56 65 74
6 26 228
56 94 211
57 61 194
57 208 289
58 110 164
20 41 239
69 194 261
90 150 237
58 192 276
59 183 222
114 232 291
189 235 244
32 232 291
112 186 273
61 69 180
62 262 298
3 63 142
49 63 142
128 177 236
65 74 101
67 187 244
59 65 243
92 202 275
67 244 294
128 139 177
26 183 244
68 176 264
49 142 234
61 132 180
9 294 296
72 96 102
72 114 178
165 178 268
31 275 283
74 101 182
113 141 148
66 75 221
6 15 24
90 104 266
136 168 195
20 62 298
12 131 207
20 113 148
206 217 239
82 247 293
83 129 233
83 210 258
86 94 211
77 86 94
87 275 279
19 87 279
158 188 267
54 221 292
92 108 275
