3 17 34
12 34 36
19 33 37
1 26 30
8 17 24
33 37 46
4 45 47
2 8 14
1 21 29
1 21 30
5 35 41
3 28 46
3 28 34
6 25 43
3 6 46
17 24 34
2 8 17
12 24 34
11 12 24
18 38 44
18 27 44
7 29 48
21 29 38
7 45 48
4 29 38
1 7 29
9 10 20
4 9 47
4 9 32
4 45 48
4 29 48
0 15 42
0 35 41
0 15 32
0 22 41
0 35 42
16 23 35
13 25 43
2 13 14
5 22 41
7 39 45
19 36 37
34 37 46
28 34 46
11 23 24
11 21 27
10 39 47
10 20 31
1 10 39
11 21 30
18 21 27
9 10 47
3 17 25
13 14 43
4 23 44
39 45 47
2 13 17
1 31 49
3 6 25
10 31 49
1 10 49
4 23 42
4 15 32
11 30 36
18 21 38
1 26 31
19 26 30
20 31 33
4 38 44
1 7 39
5 22 43
19 30 36
5 14 43
11 12 36
13 17 25
14 23 24
14 16 23
8 14 24
11 23 27
14 16 35
5 14 35
26 31 33
19 26 33
34 36 37
22 40 43
23 27 44
23 35 42
4 15 42
