12 34 36
28 34 37
19 33 37
1 26 30
8 17 24
19 34 36
7 10 49
33 37 46
4 45 47
2 8 14
1 21 29
23 35 44
1 21 30
28 37 46
3 28 46
3 6 46
2 13 25
17 24 34
11 12 30
19 34 37
12 19 36
26 31 49
18 27 38
11 27 30
18 27 44
9 39 47
9 10 20
9 10 39
4 9 47
4 9 32
4 45 48
4 29 48
0 15 42
0 15 32
0 22 41
15 32 42
16 23 35
5 13 14
2 13 14
5 22 41
45 47 48
39 47 48
0 41 42
35 38 42
19 26 31
7 10 48
10 20 31
19 31 33
7 26 49
10 39 48
3 17 25
5 6 43
18 35 38
6 13 25
3 17 28
17 28 34
3 6 25
4 21 38
10 31 49
4 21 29
8 27 44
1 7 48
20 31 33
11 12 34
1 7 26
8 14 23
5 6 13
8 23 44
5 22 43
5 41 42
11 24 27
5 35 42
11 24 34
12 19 26
12 26 30
8 17 25
14 16 23
2 8 25
14 16 35
5 14 35
18 35 44
1 29 48
22 40 43
27 30 38
21 30 38
32 38 42
4 32 38
8 24 27
