12 34 36
19 33 37
33 37 46
4 45 47
2 8 14
1 21 29
5 35 41
3 28 46
3 28 34
3 6 46
2 13 25
6 17 25
5 14 16
12 24 34
11 12 24
21 27 38
18 27 38
11 27 30
18 27 44
7 10 39
9 39 47
9 10 20
9 10 39
4 45 48
4 29 48
5 16 35
0 15 42
0 35 41
0 15 32
0 22 41
0 35 42
16 23 35
5 40 43
8 14 16
5 22 40
5 22 41
45 47 48
7 39 48
39 47 48
19 36 37
34 37 46
28 34 46
4 32 47
10 20 31
18 42 44
8 24 44
1 26 27
4 15 38
11 19 30
3 6 34
24 27 44
5 6 43
2 5 13
1 21 27
2 5 14
1 31 49
1 7 10
4 21 38
10 31 49
8 16 23
4 21 29
1 10 49
4 15 32
8 17 34
6 17 34
11 19 36
1 26 31
1 7 48
19 26 30
20 31 33
8 24 34
8 23 44
5 6 25
5 13 25
11 24 27
11 12 36
18 38 42
8 17 25
2 8 25
9 32 47
15 38 42
26 31 33
19 26 33
34 36 37
1 29 48
23 42 44
23 35 42
26 27 30
