12 34 36
19 33 37
7 10 49
33 37 46
10 20 49
1 21 29
23 35 44
2 17 25
28 37 46
3 28 46
3 6 46
2 13 25
12 24 34
11 12 24
20 31 49
26 31 49
18 38 44
35 42 44
18 27 44
21 29 38
4 29 38
7 10 39
9 10 20
9 10 39
4 45 48
4 29 48
0 15 42
0 35 41
0 15 32
0 22 41
0 35 42
16 23 35
5 40 43
5 22 40
45 47 48
19 36 37
11 23 24
11 19 30
7 26 49
7 47 48
21 26 27
18 21 27
3 17 25
5 6 43
2 5 13
3 17 28
2 5 14
8 14 17
32 45 47
23 30 44
3 6 25
4 15 32
8 17 34
18 21 38
7 9 47
11 19 36
4 42 44
1 7 48
19 26 30
20 31 33
4 38 44
17 34 37
8 24 34
1 7 26
2 14 17
5 6 25
5 13 25
11 12 36
14 23 24
14 16 23
8 14 24
9 32 47
1 21 26
14 16 35
5 14 35
17 28 37
7 9 39
4 32 45
26 31 33
19 26 33
34 36 37
1 29 48
5 22 35
22 35 41
11 23 30
26 27 30
4 15 42
27 30 44
