203 227 264
84 87 289
13 188 196
66 114 256
12 54 132
9 135 246
103 162 164
4 131 223
151 204 208
135 197 220
64 132 204
32 64 292
0 9 77
0 50 90
0 50 77
7 261 276
62 200 257
62 124 257
231 261 276
63 157 212
20 37 146
115 213 282
199 236 279
23 195 223
80 229 266
12 162 194
49 54 295
12 54 134
92 165 182
7 97 261
59 143 273
69 108 163
135 222 246
107 131 158
74 93 236
91 94 193
11 227 260
150 168 265
6 222 227
69 108 116
33 222 246
6 33 277
15 28 145
28 145 281
26 86 294
79 139 200
113 127 242
147 172 191
109 160 175
113 124 127
86 168 200
76 88 268
86 168 179
8 249 253
56 110 210
18 182 241
56 116 249
35 163 165
59 107 143
88 169 268
35 92 165
89 218 254
76 179 214
76 102 268
114 215 256
19 117 198
19 34 78
201 251 254
192 234 298
82 100 106
41 233 252
159 196 283
20 51 83
20 126 233
25 45 287
91 193 280
60 96 211
143 184 273
143 184 296
134 162 164
5 14 46
16 232 238
67 194 270
16 53 57
51 161 278
121 171 229
80 171 229
38 112 197
49 54 132
40 85 101
40 172 271
49 132 204
43 64 266
12 64 266
12 229 266
1 134 164
54 134 295
12 121 229
121 171 194
14 67 226
12 64 132
12 121 194
70 103 235
70 103 164
12 134 162
67 194 235
70 154 235
223 274 285
67 226 235
23 60 211
68 96 211
5 46 267
23 195 211
48 70 164
48 131 223
48 131 236
48 70 223
70 154 223
4 107 131
48 236 279
74 93 209
74 131 236
4 107 143
4 143 148
68 96 155
143 155 296
96 97 296
96 155 296
137 217 273
173 184 190
11 174 260
39 122 187
59 217 273
59 107 158
203 227 260
36 203 260
38 151 208
6 33 222
6 11 227
158 209 264
93 199 236
151 227 264
38 112 208
93 151 199
151 199 204
1 49 279
85 197 271
85 101 292
32 85 292
32 64 204
32 204 208
47 50 77
135 197 222
9 33 246
9 135 220
197 220 271
38 197 222
15 28 47
40 85 271
145 172 271
8 90 263
9 220 271
33 263 277
10 133 281
8 263 277
8 249 277
0 90 263
56 249 255
69 123 210
52 127 242
249 253 255
10 156 281
56 95 255
56 95 133
79 120 139
50 90 133
28 47 50
15 145 271
15 47 271
10 156 242
10 52 133
28 50 281
50 133 281
42 81 167
42 167 191
124 147 257
113 147 191
113 156 242
167 172 191
42 113 191
113 124 147
147 172 257
79 168 200
120 127 139
62 124 127
10 52 242
52 56 133
79 110 120
56 69 210
52 56 110
56 69 116
116 141 249
79 168 265
86 200 257
26 86 179
169 228 268
86 257 294
26 76 102
99 178 205
26 76 179
92 182 250
108 163 177
137 142 190
182 250 284
39 176 187
18 165 182
163 165 177
24 108 141
6 11 141
108 116 141
24 177 290
24 108 177
36 174 260
31 176 299
39 59 217
122 137 142
176 187 299
94 193 241
18 142 241
182 193 241
115 206 280
82 91 280
29 129 153
82 206 280
82 206 216
149 207 248
100 106 153
115 193 280
58 207 248
58 248 282
99 248 282
115 193 213
138 169 178
29 129 149
138 169 228
109 160 293
160 181 228
44 160 198
109 257 293
149 221 224
149 248 275
89 251 254
111 248 275
30 221 247
30 218 254
66 221 247
30 218 256
34 117 183
19 78 293
19 34 117
105 243 256
34 78 293
75 180 234
66 247 256
30 247 256
22 152 166
152 215 243
17 157 212
22 27 152
22 27 166
152 243 298
27 71 166
152 166 215
215 243 256
29 100 153
17 114 153
72 98 106
72 106 153
98 126 233
73 98 233
63 73 98
71 166 215
17 71 212
63 73 212
20 41 233
27 252 262
20 41 51
51 83 278
41 51 161
2 61 297
119 136 297
119 136 278
37 83 84
83 119 278
13 55 65
144 269 272
128 144 269
146 259 269
20 37 83
125 237 245
37 128 146
37 128 144
125 126 231
20 125 126
128 146 269
53 259 261
94 239 241
25 185 287
25 185 286
25 94 286
173 190 239
94 239 286
7 185 276
97 173 296
46 202 232
173 184 296
7 97 173
7 173 239
202 232 238
16 238 272
16 53 259
245 259 261
20 146 237
20 125 237
55 238 288
46 104 267
202 238 288
3 202 288
60 96 258
118 225 226
46 118 232
46 104 202
14 67 270
171 194 270
140 230 270
3 104 202
104 188 244
104 244 267
188 230 244
230 244 267
140 188 230
83 119 297
140 188 196
13 65 188
189 196 219
13 196 283
13 55 283
55 238 272
87 283 289
83 84 297
37 84 144
140 196 219
61 159 170
189 240 291
136 240 291
189 219 291
140 219 270
55 272 283
259 269 272
237 245 259
146 237 259
154 223 225
23 223 225
211 223 285
206 207 216
89 198 218
130 192 252
190 239 241
142 190 241
76 186 214
185 239 286
7 185 239
185 231 276
185 231 287
117 183 198
182 193 213
109 175 257
165 177 290
18 165 290
48 164 279
160 175 181
1 164 279
103 162 235
161 192 252
41 161 252
159 189 196
159 170 189
158 203 264
154 226 235
154 225 226
72 153 157
17 153 157
27 152 252
152 192 298
151 222 227
169 186 205
31 174 176
45 98 106
63 98 157
130 152 252
39 59 203
23 118 225
102 175 181
36 39 174
3 104 188
44 89 251
42 113 156
35 92 205
9 47 77
36 39 203
68 148 155
136 161 192
35 186 214
34 75 180
32 112 197
44 89 198
32 85 197
110 210 265
44 138 228
31 290 299
111 254 275
213 282 284
35 186 205
29 149 207
141 249 277
29 207 216
29 82 100
35 150 163
24 31 141
39 122 217
27 71 212
26 102 175
25 91 94
45 98 126
24 31 290
88 169 186
4 223 274
19 160 293
130 152 192
16 57 258
126 231 287
3 55 288
102 228 268
5 230 267
4 148 274
39 174 176
8 95 255
81 156 281
16 232 258
29 82 216
21 80 266
42 81 156
44 111 251
18 122 187
8 253 255
3 65 188
73 212 262
2 87 283
2 84 297
2 159 283
143 148 155
18 290 299
59 158 203
5 230 270
90 95 133
18 122 142
105 183 218
1 49 134
9 47 271
175 257 294
18 187 299
44 111 138
17 71 114
40 101 292
99 111 248
0 33 263
2 84 87
23 60 118
40 64 292
99 250 282
32 112 208
19 160 198
111 201 254
21 43 266
26 175 294
49 199 204
6 141 277
52 120 127
105 218 256
53 57 261
71 114 215
92 99 250
35 150 214
57 96 97
57 97 261
272 283 289
58 115 207
58 115 282
60 232 258
60 118 232
61 136 170
69 150 163
66 129 149
66 149 221
75 234 298
27 212 262
66 114 153
66 129 153
144 272 289
76 88 186
183 198 218
57 96 258
68 148 274
68 211 285
150 168 179
68 274 285
69 123 150
73 252 262
74 158 209
75 243 298
75 105 243
61 136 297
74 131 158
151 209 264
2 61 159
250 282 284
45 126 287
169 178 205
149 254 275
14 46 226
81 145 281
8 90 95
45 91 106
92 99 205
73 233 252
93 151 209
30 221 254
0 9 33
21 40 43
82 91 106
162 194 235
99 111 138
5 14 270
123 150 210
44 160 228
99 138 178
34 75 183
49 199 279
102 181 228
149 224 254
72 98 157
46 118 226
79 110 265
3 55 65
25 45 91
182 213 284
40 43 64
221 224 254
122 137 217
125 245 261
125 231 261
11 141 174
62 127 200
127 139 200
136 161 278
115 206 207
16 259 272
38 151 222
136 189 240
136 170 189
111 201 251
137 184 190
31 141 174
137 184 273
195 211 223
84 144 289
49 134 295
145 167 172
81 145 167
52 110 120
150 179 214
75 105 183
150 210 265
