84 87 289
66 114 256
12 54 132
135 197 220
64 132 204
32 64 292
0 9 77
92 186 205
7 261 276
62 200 257
62 124 257
149 207 216
231 261 276
115 207 282
20 37 146
115 213 282
199 236 279
93 151 264
23 195 223
80 229 266
12 162 194
92 165 182
148 223 274
59 143 273
4 148 223
69 108 163
135 222 246
107 131 158
74 93 236
91 94 193
11 227 260
150 168 265
6 222 227
69 108 116
6 33 277
15 28 145
81 145 156
8 90 133
79 139 200
113 127 242
113 124 127
95 253 255
76 88 268
35 76 88
86 168 179
56 110 210
6 141 249
56 116 249
123 150 163
35 163 165
59 107 143
88 178 186
88 169 268
35 92 165
89 218 254
76 102 268
114 215 256
19 117 198
89 198 251
19 34 78
160 198 293
75 105 234
192 234 298
82 100 106
66 114 129
63 72 157
17 72 153
63 72 98
71 73 212
41 233 252
159 196 283
41 130 252
41 130 192
25 45 287
231 276 287
91 193 280
60 96 211
143 184 273
5 14 46
16 232 238
67 194 270
16 53 57
84 272 289
51 161 278
38 112 197
21 43 101
21 40 101
40 172 271
43 101 292
43 64 292
12 229 266
12 121 229
121 171 194
14 67 226
23 154 225
12 64 132
12 121 194
23 154 223
12 134 162
67 194 235
60 118 225
223 274 285
67 226 235
14 46 118
68 96 211
23 60 225
5 46 267
211 274 285
195 223 285
195 211 285
48 131 236
1 49 295
48 70 223
70 154 223
4 107 131
48 236 279
74 93 209
74 131 236
4 107 143
68 96 155
53 97 261
96 155 296
137 217 273
173 184 190
11 174 260
59 217 273
59 107 158
36 203 260
38 151 208
6 11 227
158 209 264
93 199 236
151 227 264
38 112 208
93 209 264
93 151 199
85 197 271
85 101 292
32 85 292
32 64 204
32 204 208
85 112 197
47 50 77
135 197 222
9 33 246
197 220 271
38 197 222
15 28 47
47 77 271
145 172 271
9 77 271
8 90 263
10 133 281
6 249 277
0 90 263
0 9 263
8 95 133
69 123 210
52 127 242
10 156 281
8 95 253
56 95 255
79 120 139
50 90 133
28 47 50
15 145 271
15 47 271
10 156 242
10 52 133
28 50 281
50 133 281
42 81 167
42 167 191
113 147 191
113 156 242
42 113 191
113 124 147
120 127 139
62 124 127
10 52 242
56 69 210
56 69 116
116 141 249
69 123 163
123 210 265
123 150 265
79 168 265
150 163 214
86 200 257
26 86 179
26 76 102
99 178 205
178 186 205
35 88 186
92 182 250
108 163 177
92 205 250
35 92 186
137 142 190
182 250 284
18 165 182
163 165 177
6 11 141
24 177 290
24 108 177
36 174 260
31 36 174
31 176 299
39 59 217
39 137 217
94 193 241
142 190 239
115 206 280
58 207 282
82 206 280
82 206 216
29 149 216
115 207 216
30 224 254
100 106 153
115 193 280
115 206 216
58 207 248
99 205 250
193 213 284
115 193 213
138 178 248
138 169 178
88 169 178
99 178 248
138 169 228
109 160 293
102 181 268
44 160 198
109 257 293
44 198 251
149 221 224
149 224 275
111 138 201
111 138 248
111 201 275
201 254 275
111 248 275
30 221 247
224 254 275
30 218 254
66 221 247
30 221 224
30 218 256
34 105 183
19 198 293
19 78 293
105 243 256
34 78 293
105 243 298
75 180 234
105 234 298
66 247 256
30 247 256
114 129 153
22 152 166
152 215 243
22 27 152
152 243 298
17 114 215
152 166 215
215 243 256
29 100 153
17 114 153
72 98 106
17 72 157
98 106 126
72 106 153
98 126 233
73 98 233
71 73 262
17 71 212
27 71 262
20 41 233
41 161 192
27 252 262
16 259 269
2 61 297
161 192 278
119 136 297
119 136 278
37 83 84
83 119 278
13 55 65
144 269 272
16 269 272
128 144 269
146 259 269
20 37 83
125 237 245
37 128 146
37 128 144
125 126 231
128 146 269
53 259 261
45 106 126
94 239 241
25 185 287
185 276 287
142 239 241
25 185 286
25 94 286
94 239 286
7 185 276
97 173 296
46 202 232
53 57 97
173 184 296
16 238 272
146 245 259
16 53 259
245 259 261
146 237 245
20 146 237
16 57 232
3 202 288
57 232 258
60 118 258
57 97 258
60 96 258
14 67 270
171 194 270
140 230 270
3 104 202
104 188 244
104 244 267
188 230 244
140 188 230
83 119 297
13 65 188
189 196 219
136 170 240
13 196 283
13 55 283
87 283 289
2 87 297
140 196 219
61 159 170
61 170 297
136 192 278
136 170 297
189 240 291
170 189 240
136 240 291
189 219 291
140 219 270
55 272 283
227 260 264
8 253 263
249 253 263
9 246 271
135 246 271
244 267 270
230 244 270
193 241 284
182 241 284
20 233 237
207 248 275
54 204 295
151 199 208
89 198 218
185 239 286
7 185 239
232 238 288
117 183 198
109 175 257
97 173 261
7 173 261
169 181 268
165 177 290
18 165 290
1 164 295
48 164 279
1 164 279
103 162 235
159 189 196
159 170 189
158 203 264
155 184 296
203 260 264
143 155 184
154 226 235
154 225 226
149 207 275
27 152 252
152 192 298
151 222 227
46 118 258
169 181 228
109 175 181
130 152 252
39 59 203
102 175 181
39 122 142
3 104 188
70 103 154
42 113 156
31 36 176
26 257 294
22 71 166
36 39 203
125 233 237
238 272 288
34 75 180
32 85 112
49 204 295
110 210 265
44 138 228
31 290 299
213 282 284
44 181 228
1 49 199
29 82 100
17 71 166
24 31 141
79 86 200
24 108 116
26 86 257
26 102 175
25 91 94
20 51 161
20 83 278
26 76 214
44 138 201
24 116 141
12 134 295
28 156 281
24 31 290
103 134 164
26 179 214
110 120 265
199 204 208
37 144 272
130 152 192
7 173 190
50 77 90
4 143 155
126 231 287
3 55 288
12 43 266
29 82 216
21 80 266
20 41 161
34 75 105
42 81 156
28 145 156
22 27 71
44 201 251
18 122 187
9 263 277
79 86 168
14 225 226
3 65 188
4 48 131
2 87 283
20 51 278
29 149 153
2 159 283
37 84 272
18 290 299
122 176 187
39 137 142
59 158 203
18 122 142
18 176 187
105 183 218
5 267 270
73 98 212
23 60 195
14 118 225
175 257 294
19 34 183
4 48 223
1 199 279
4 68 155
19 117 183
13 140 196
12 43 64
44 160 181
12 54 295
147 167 172
104 202 267
46 202 267
39 122 176
6 222 246
202 232 288
18 176 299
17 166 215
99 250 282
32 112 208
9 33 277
6 33 246
48 70 103
21 43 266
26 175 294
7 190 239
49 199 204
52 95 133
52 120 127
105 218 256
96 258 296
54 132 204
56 249 253
56 253 255
272 283 289
249 263 277
80 121 171
58 99 248
36 39 176
4 68 148
80 121 229
66 129 149
66 149 221
135 220 271
68 211 274
183 198 218
68 148 274
150 168 179
17 63 212
73 252 262
124 172 257
40 101 271
74 158 209
74 131 158
35 76 163
2 61 159
250 282 284
45 126 287
76 163 214
48 103 164
0 77 90
83 87 297
89 201 254
97 258 296
17 63 157
60 195 211
45 91 106
91 106 280
73 233 252
52 95 110
58 99 282
56 95 110
142 182 241
55 272 288
63 98 212
162 194 235
134 164 295
5 14 270
89 201 251
85 101 271
46 232 258
103 134 162
82 106 280
109 160 181
103 154 235
3 55 65
25 45 91
124 147 172
79 120 265
125 126 233
125 245 261
125 231 261
11 141 174
62 127 200
127 139 200
38 151 222
83 84 87
137 184 190
31 141 174
18 142 182
137 184 273
13 140 188
145 167 172
81 145 167
52 110 120
147 167 191
129 149 153
150 179 214
