14 246 350
163 308 331
44 117 229
17 26 271
130 143 251
171 306 362
54 306 362
6 126 280
16 126 157
33 208 256
171 277 306
14 201 246
174 354 390
14 117 341
156 229 341
103 291 389
291 334 396
94 99 357
50 166 258
58 317 371
123 191 295
9 126 256
6 72 280
33 256 280
175 321 385
77 327 344
88 167 199
8 283 365
102 200 399
100 248 373
110 314 382
283 347 365
6 55 253
17 41 300
18 32 59
1 6 55
148 253 288
32 59 302
18 59 154
52 148 299
42 53 222
120 348 378
94 118 250
11 227 281
115 285 304
214 271 284
248 344 349
42 222 298
76 273 290
51 69 319
46 152 218
23 380 388
237 250 378
211 221 323
174 221 390
260 295 319
207 295 320
58 260 384
58 371 384
10 355 397
12 194 242
134 212 317
119 243 254
267 334 355
97 232 278
217 254 379
159 186 359
223 359 391
96 217 228
3 166 231
28 119 254
79 128 333
140 226 296
63 168 282
56 122 330
67 179 247
205 296 396
234 328 336
36 162 183
112 146 190
112 190 203
130 143 386
143 308 331
143 308 386
20 213 386
130 213 386
143 251 331
130 251 328
150 251 328
150 251 394
93 163 331
101 175 385
84 268 276
79 276 287
83 101 269
43 114 127
88 142 372
88 199 392
199 301 392
93 163 269
81 283 326
78 100 259
78 259 347
145 225 373
16 26 145
100 145 373
290 344 349
290 327 344
107 290 349
107 284 349
76 186 270
290 327 359
159 186 270
76 270 273
136 270 273
214 284 316
214 281 316
214 271 351
107 284 316
271 315 351
17 41 271
8 158 365
16 157 158
259 347 365
20 65 326
81 111 326
8 283 303
9 126 157
125 208 213
33 45 208
45 146 208
49 61 72
126 256 280
16 105 126
17 105 182
105 126 182
17 55 300
41 151 300
52 286 300
52 151 300
11 216 299
52 151 299
315 351 370
216 315 370
227 235 240
11 227 302
281 351 370
214 281 351
235 356 395
25 356 363
25 80 154
70 165 206
148 170 288
49 165 253
70 95 165
180 201 204
35 165 253
35 95 165
147 195 358
54 180 206
201 202 246
180 201 202
54 202 362
54 180 202
71 185 312
160 309 374
71 206 312
160 257 309
54 206 312
180 204 206
18 80 154
115 307 357
87 173 374
173 363 374
40 87 393
144 149 297
149 306 309
149 309 374
350 353 362
171 353 362
332 339 341
27 193 350
2 173 360
30 177 264
215 285 314
198 215 314
2 304 360
2 177 304
2 173 363
356 363 395
25 235 356
30 245 395
30 245 264
30 177 395
15 53 222
222 239 298
107 178 298
136 178 273
178 239 298
136 178 382
222 264 343
314 343 382
110 382 399
172 228 391
220 366 376
31 376 387
51 164 294
34 210 218
64 91 209
210 274 311
46 210 218
46 210 311
219 274 311
102 110 219
102 110 399
34 116 357
34 116 215
23 99 322
34 335 357
116 215 307
116 307 357
23 99 388
120 237 378
193 348 378
262 339 361
262 361 377
91 209 398
354 390 398
19 106 184
19 184 244
19 152 325
69 244 320
19 152 244
47 106 184
174 221 323
117 229 341
14 341 350
332 341 354
156 174 323
106 221 390
156 189 323
44 117 389
66 73 103
66 103 389
73 103 291
66 73 132
132 156 189
24 189 337
62 132 189
62 73 132
104 131 364
139 260 384
37 338 367
37 181 252
47 207 320
58 260 319
22 164 212
134 138 379
267 291 334
267 291 329
10 13 272
334 355 397
97 230 278
188 232 334
188 205 396
161 188 232
161 168 278
161 232 278
13 230 275
13 275 279
12 28 194
92 122 169
12 242 340
12 28 254
85 119 243
85 153 243
85 272 371
22 134 212
249 293 366
109 172 391
223 327 359
7 75 223
7 223 391
4 228 391
75 77 342
96 197 217
96 176 197
89 176 369
135 176 197
98 342 368
5 43 68
98 192 368
0 137 166
79 114 236
79 114 321
43 114 236
79 128 236
166 231 258
82 231 258
92 129 169
82 129 258
129 238 258
89 169 381
56 63 381
296 383 396
3 89 169
82 129 169
86 310 330
122 310 330
56 169 381
56 122 169
92 122 310
56 63 330
161 168 282
63 224 282
21 161 282
21 224 282
21 161 188
188 334 396
74 179 226
74 179 247
141 333 383
205 226 296
91 377 398
361 377 398
109 346 391
135 340 381
242 340 381
339 361 398
339 354 398
338 364 375
234 324 328
189 323 337
151 299 315
216 299 315
215 285 307
225 284 373
168 278 279
84 276 321
198 274 314
219 274 314
139 267 384
267 355 384
48 265 393
264 314 343
264 285 304
177 264 304
130 324 328
251 336 394
196 251 336
248 284 349
248 284 373
79 276 321
262 380 388
239 343 382
237 339 388
120 237 339
50 236 258
128 236 238
236 238 258
227 235 302
57 234 324
233 266 313
38 233 266
230 278 279
81 283 347
18 80 206
61 155 324
29 118 193
55 253 300
49 72 253
14 201 263
72 155 190
71 160 257
81 88 392
102 200 219
32 70 170
69 295 319
12 135 197
69 152 244
64 152 335
5 68 192
68 98 192
20 65 213
65 125 158
12 197 254
130 208 241
62 181 305
10 355 384
60 68 90
31 294 313
194 242 381
57 162 183
1 55 182
60 199 301
156 341 354
64 322 377
54 306 309
54 185 257
54 185 312
217 228 249
191 260 295
202 246 350
64 335 357
53 235 240
52 148 253
100 248 344
52 253 286
46 51 266
93 101 269
45 72 146
115 285 307
53 235 395
92 238 310
113 159 270
9 125 208
40 87 149
46 219 311
46 51 69
0 43 192
46 219 289
16 17 26
43 68 90
77 142 292
74 188 224
42 107 316
0 43 236
6 72 253
46 69 152
77 223 327
76 186 359
39 133 342
99 322 357
39 176 369
4 39 176
47 184 244
54 257 309
124 254 379
61 72 155
65 125 213
222 239 343
38 46 289
141 296 383
38 46 266
75 77 223
57 162 336
332 339 354
39 133 369
47 244 320
58 164 319
48 118 265
177 363 395
22 220 366
114 127 385
49 147 263
9 125 157
11 148 302
253 286 300
123 191 305
48 304 360
27 339 341
85 124 138
49 195 358
110 219 314
9 208 256
44 132 156
19 106 325
49 147 195
147 261 358
60 167 199
29 193 350
23 262 380
31 294 387
29 144 393
60 98 167
200 382 399
262 339 388
59 235 302
61 324 352
191 305 375
74 86 330
67 140 296
230 275 279
162 196 318
20 308 386
22 249 293
64 91 377
150 328 394
4 7 391
12 135 340
22 220 294
109 172 366
37 338 364
7 39 342
209 390 398
13 121 279
134 249 379
5 43 192
4 7 39
100 145 158
49 165 358
48 173 393
101 175 268
162 196 336
25 59 154
11 148 299
24 123 295
42 53 316
0 137 368
78 100 372
15 53 395
70 95 170
144 297 393
53 240 316
0 50 166
25 363 374
1 6 126
4 176 228
31 366 376
120 193 348
26 145 271
0 192 368
48 173 360
131 364 375
16 17 105
15 245 395
346 359 391
10 272 384
41 151 271
27 341 350
65 283 303
191 260 375
93 276 287
81 88 347
76 290 359
24 62 189
13 119 121
133 342 368
83 111 269
35 95 170
73 252 291
27 120 339
232 334 397
63 74 224
69 295 320
83 111 345
8 65 303
57 234 336
24 62 305
36 61 183
63 121 168
8 65 158
89 176 381
108 131 329
18 32 206
10 97 230
10 13 230
22 293 366
22 134 249
1 126 182
45 72 280
23 262 377
17 55 182
24 207 295
32 70 206
61 183 352
106 325 390
25 80 374
60 90 301
31 113 346
204 206 261
101 301 385
93 196 287
71 185 257
31 113 233
34 152 335
118 193 250
0 50 236
264 285 314
94 237 388
29 171 277
29 144 277
22 164 294
73 181 252
145 225 271
305 367 375
64 322 357
31 233 313
338 367 375
31 346 366
94 115 118
92 129 238
34 152 218
196 287 318
23 322 377
158 259 365
104 252 291
62 73 181
44 132 389
113 159 359
25 59 235
80 160 206
60 68 98
202 350 362
81 345 392
198 215 274
146 203 208
83 345 392
83 101 392
37 104 364
85 124 153
85 138 371
86 238 310
86 187 238
149 277 306
87 149 374
88 142 292
88 167 292
94 237 250
29 171 353
119 121 194
89 133 369
3 89 166
29 265 393
90 127 385
90 301 385
211 323 337
84 268 321
67 141 247
93 101 255
93 255 268
93 268 276
97 232 397
51 266 294
94 99 388
65 283 326
272 371 384
67 179 226
100 158 259
113 136 233
74 86 247
188 205 226
100 344 372
101 255 268
101 301 392
20 111 326
37 104 252
104 291 329
47 106 207
106 207 337
106 211 221
106 211 337
108 139 329
165 206 261
13 85 272
109 346 366
170 253 288
111 163 269
203 208 241
81 111 345
58 164 317
113 136 270
113 346 359
114 321 385
29 118 265
20 111 163
222 245 264
27 120 193
121 168 279
328 336 394
63 121 381
175 268 321
121 194 381
24 123 305
139 267 329
44 156 229
124 243 254
124 138 379
128 187 238
128 187 333
144 149 277
142 344 372
130 155 203
77 292 342
130 203 241
130 208 213
104 131 329
108 131 375
64 152 209
66 132 389
135 176 381
89 133 137
133 137 368
134 317 371
134 138 371
38 136 233
136 200 289
38 136 289
42 107 298
139 260 375
108 139 375
178 239 382
141 187 247
67 141 296
2 177 363
72 146 190
94 115 357
183 324 352
16 145 158
7 75 342
24 207 337
112 146 203
28 119 194
78 88 347
147 201 204
149 297 393
40 149 393
20 163 308
151 271 315
227 240 316
147 204 261
152 209 325
266 294 313
77 142 344
155 190 203
156 174 354
124 153 243
71 160 206
36 162 318
200 219 289
43 90 127
51 164 319
165 261 358
125 157 158
167 292 342
98 167 342
82 169 231
3 169 231
35 170 253
32 170 302
148 170 302
33 45 280
130 155 324
87 173 393
164 212 317
78 88 372
96 176 228
178 273 290
107 178 290
147 201 263
48 115 118
67 140 226
37 181 367
181 305 367
13 85 119
10 97 397
57 183 324
197 217 254
86 187 247
141 187 333
21 188 224
74 188 226
193 250 378
210 215 274
196 251 331
48 115 304
93 196 331
29 350 353
89 137 166
136 200 382
220 294 387
209 325 390
34 210 215
11 216 281
216 281 370
217 249 379
15 222 245
220 376 387
225 271 284
227 281 316
172 228 366
228 249 366
63 74 330
80 160 374
