14 246 350
57 324 352
345 385 392
17 26 271
4 39 391
57 162 234
61 155 352
111 326 386
35 170 288
33 208 256
40 87 374
171 277 306
14 201 246
174 354 390
14 117 341
156 229 341
144 149 306
103 291 389
291 334 396
94 99 357
58 317 371
123 191 295
36 162 336
9 126 256
6 72 280
93 251 331
90 199 301
36 318 336
84 175 321
88 142 167
111 308 386
57 130 324
88 167 199
248 344 372
102 200 399
110 314 382
16 100 145
9 125 256
41 271 315
16 26 105
17 41 300
18 32 59
1 6 55
148 253 288
32 59 302
11 281 370
18 59 154
52 148 299
48 115 265
120 348 378
64 91 322
48 115 360
115 285 304
214 271 284
248 344 349
16 100 259
248 349 373
42 222 298
76 273 290
51 69 319
19 325 390
64 322 335
237 250 378
209 325 398
99 335 357
219 289 311
325 390 398
132 156 229
174 221 390
58 164 212
260 295 375
355 371 384
10 355 397
134 212 317
28 119 121
159 186 359
223 359 391
5 98 192
96 217 228
3 166 231
89 135 176
89 135 381
79 128 333
67 140 383
187 238 310
141 187 238
63 168 282
56 122 330
67 141 383
21 188 205
97 232 334
205 296 396
111 163 308
36 162 183
57 130 234
45 72 190
112 203 241
143 308 386
130 234 328
93 196 251
150 251 328
150 251 394
196 251 394
101 175 385
93 255 269
79 276 287
175 255 268
79 84 276
90 127 301
127 301 385
101 175 255
301 385 392
88 199 392
199 301 392
88 283 347
81 83 345
88 345 392
101 255 269
81 83 111
81 88 345
145 225 373
100 145 373
78 248 372
290 344 349
107 290 349
107 284 349
76 186 270
159 186 270
76 270 273
136 270 273
107 273 290
214 284 316
227 240 281
214 271 351
107 284 316
271 315 351
17 41 271
8 158 365
16 157 158
283 303 326
81 88 283
20 326 386
65 303 326
9 126 157
112 146 241
33 45 208
45 146 208
33 45 72
49 61 72
126 256 280
41 151 315
1 6 182
52 151 299
151 216 299
315 351 370
11 216 370
165 204 206
235 356 395
59 154 235
25 80 154
70 165 206
148 170 288
55 253 286
70 95 165
35 253 288
18 32 70
35 165 253
35 95 165
147 195 358
54 180 206
201 202 246
54 202 362
54 180 202
71 185 312
160 309 374
160 257 309
54 206 312
180 204 206
18 70 206
71 80 160
40 149 374
115 307 357
87 173 374
173 363 374
87 173 360
149 309 374
171 277 353
350 353 362
171 353 362
144 277 353
144 277 306
29 193 265
27 120 348
118 193 265
115 304 360
2 173 360
30 177 264
215 285 314
198 215 314
285 314 343
2 177 395
2 363 395
2 173 363
356 363 395
222 343 382
30 245 264
30 177 395
264 285 343
15 53 245
222 239 298
136 178 273
178 239 298
136 159 270
222 264 343
314 343 382
136 200 399
38 233 313
109 359 391
113 159 233
46 266 294
51 58 164
46 51 294
34 210 218
46 210 311
219 274 311
113 233 313
102 110 219
23 99 322
34 335 357
23 91 322
23 99 388
120 237 378
262 377 380
262 361 377
91 361 377
354 390 398
99 322 335
64 209 325
19 184 244
19 152 325
24 106 337
24 123 207
19 152 244
156 174 323
106 221 390
44 132 229
156 189 323
44 66 132
44 117 389
132 156 189
24 189 337
62 132 189
24 189 305
62 189 305
73 181 305
104 131 364
37 338 367
139 355 384
37 252 291
69 319 320
123 207 295
338 364 367
191 295 375
364 367 375
58 260 319
108 260 375
22 164 212
134 138 379
51 58 319
58 212 317
267 291 334
267 291 329
97 230 334
230 334 397
119 121 279
10 13 272
10 272 355
188 205 396
161 188 232
161 168 278
161 232 278
63 168 279
13 230 275
12 242 340
63 121 194
28 121 194
63 121 279
12 28 254
172 346 366
22 134 212
22 134 379
249 293 366
109 172 391
109 172 346
109 346 359
223 327 359
75 77 342
133 342 369
7 39 133
96 197 217
96 176 197
89 176 369
135 176 197
98 292 342
342 368 369
3 82 231
89 368 369
89 137 368
60 98 292
114 127 321
43 114 236
86 247 330
141 238 333
128 238 258
82 231 258
82 129 258
128 238 333
89 169 381
92 129 310
56 63 381
135 197 340
56 169 381
92 122 310
74 224 330
74 205 226
63 224 282
21 224 282
21 161 188
140 179 226
141 333 383
87 360 393
327 344 359
135 340 381
242 340 381
332 339 350
327 344 372
377 380 388
189 323 337
100 347 373
214 316 351
159 313 359
31 313 346
283 303 365
8 303 365
196 318 394
31 346 387
294 376 387
38 289 313
225 284 373
284 349 373
168 278 279
178 273 298
107 273 298
83 269 385
163 269 331
93 269 331
268 276 287
267 355 397
267 334 397
266 289 311
48 265 393
115 265 357
118 265 357
264 285 304
177 264 304
58 260 371
238 258 310
129 258 310
257 306 312
252 305 367
37 252 367
181 252 305
130 328 331
46 266 311
237 250 388
118 250 357
248 347 373
262 380 388
53 240 245
239 382 399
120 237 339
237 262 339
227 235 281
188 232 396
232 334 396
232 278 279
130 146 241
79 128 258
42 53 240
207 260 319
67 140 247
6 72 165
14 201 263
72 155 190
71 160 257
18 71 154
11 59 235
102 200 219
32 70 170
77 88 142
69 152 244
64 152 335
68 90 199
175 268 276
251 328 331
5 68 98
66 73 305
66 73 252
72 256 280
62 66 132
60 68 199
31 294 313
268 287 318
97 230 275
86 122 330
237 262 388
194 242 381
57 183 352
57 162 183
56 224 330
56 92 122
1 55 182
55 165 253
6 55 165
116 215 274
217 228 249
71 80 154
54 171 362
259 283 365
202 246 350
52 148 253
222 239 382
52 253 286
44 66 103
51 220 294
16 145 225
226 247 330
50 166 231
84 175 276
115 285 307
49 204 261
56 92 169
290 344 359
60 142 167
104 108 131
12 217 379
46 51 69
0 43 192
42 316 351
77 142 292
23 91 388
42 107 316
0 43 236
46 69 152
76 186 359
41 52 300
63 194 381
4 39 369
40 144 149
42 240 281
7 39 223
127 175 321
112 155 203
50 231 258
4 172 391
26 105 182
124 254 379
61 72 155
69 184 320
34 307 357
332 339 354
42 281 370
62 66 305
39 133 369
151 315 370
14 332 341
21 74 224
44 229 341
98 192 342
49 261 358
47 319 320
45 112 190
22 220 366
13 119 153
125 213 386
49 147 263
69 184 244
21 161 168
9 125 157
102 110 382
123 191 305
16 26 225
149 257 306
11 235 281
150 234 394
85 124 138
10 230 397
49 195 358
119 275 279
110 219 314
49 147 195
147 261 358
60 167 199
262 354 361
44 103 389
31 294 387
29 144 393
178 239 399
11 59 302
191 305 375
97 275 279
65 125 326
156 332 354
22 249 293
52 55 300
105 126 280
30 240 395
75 77 372
174 211 323
42 351 370
37 338 364
28 194 242
5 43 192
13 85 153
318 336 394
201 202 204
94 250 357
18 206 312
108 139 355
75 327 372
70 95 170
45 112 146
4 228 366
144 297 393
174 211 221
7 133 342
0 50 166
52 55 286
101 269 385
140 179 247
131 364 375
26 225 271
4 176 369
4 172 366
27 348 378
16 105 157
85 272 355
180 202 204
76 290 359
185 257 312
22 51 220
79 84 236
83 111 269
35 95 170
151 216 370
27 120 339
66 103 252
6 105 182
44 117 341
56 63 224
8 65 303
16 158 259
36 61 183
8 65 158
27 339 350
77 88 372
21 74 205
14 332 350
48 360 393
10 13 230
22 293 366
22 249 379
140 296 396
65 125 157
90 114 127
7 223 327
33 72 256
64 91 398
30 240 245
50 79 236
34 210 311
12 217 340
262 339 354
7 75 327
61 183 352
4 96 228
25 80 374
39 223 391
27 29 193
12 254 379
103 252 291
49 72 165
25 356 374
50 79 258
105 126 157
71 185 257
27 29 350
220 294 376
34 152 335
356 363 374
118 193 250
125 213 256
0 50 236
27 193 378
12 28 242
73 181 252
305 367 375
111 283 326
34 152 218
140 383 396
104 108 329
5 68 114
158 259 365
15 42 222
60 68 98
34 116 307
91 377 388
34 274 311
47 207 319
202 350 362
3 82 89
82 89 169
82 92 169
198 215 274
83 345 385
87 297 393
84 236 321
37 104 364
85 124 153
78 248 347
85 138 371
85 355 371
100 259 347
86 141 187
68 90 114
40 87 297
3 89 166
64 152 325
29 265 393
259 283 347
211 323 337
67 141 247
93 255 268
93 268 318
93 196 318
34 116 274
94 99 388
127 175 385
227 240 395
74 226 330
266 289 313
91 354 361
0 166 192
94 250 388
20 125 326
192 342 368
104 291 329
113 159 313
47 106 207
24 106 207
106 211 221
106 211 337
116 215 285
106 184 320
108 267 355
130 143 331
28 119 243
108 260 384
13 85 272
111 163 269
81 111 283
112 155 190
5 43 114
108 139 384
49 165 204
65 157 158
47 106 320
155 203 352
116 285 307
91 354 398
222 245 264
119 153 243
13 119 275
150 234 328
86 122 187
122 187 310
24 123 305
156 332 341
124 243 254
124 138 379
20 125 386
82 92 129
143 163 308
130 146 208
216 299 302
130 203 324
77 292 342
203 324 352
227 235 395
130 203 241
130 208 213
143 213 386
108 131 375
60 142 292
134 317 371
134 138 371
41 52 151
38 136 233
136 159 233
136 200 289
38 136 289
220 346 366
64 209 398
42 107 298
140 205 226
140 205 296
143 163 331
130 143 213
17 26 182
144 350 353
29 144 350
7 75 342
260 371 384
11 216 302
21 168 282
78 88 347
149 257 309
147 201 204
46 152 210
114 236 321
152 210 218
147 204 261
266 294 313
346 376 387
25 154 356
86 141 247
154 235 356
156 174 354
124 153 243
18 71 312
108 267 329
198 219 314
162 234 394
162 336 394
4 96 176
200 219 289
166 192 368
137 166 368
28 243 254
170 299 302
148 170 299
32 170 302
171 306 312
102 382 399
78 88 372
2 177 360
177 304 360
147 201 263
136 178 399
55 182 300
17 182 300
19 184 390
106 184 390
54 171 312
207 260 295
15 42 53
193 250 378
6 105 280
37 104 291
89 137 166
97 232 279
198 219 274
40 144 297
313 346 359
208 213 256
217 249 379
15 222 245
197 217 340
220 346 376
22 51 164
225 271 284
179 226 247
228 249 366
80 160 374
