14 246 350
160 363 374
44 117 229
146 208 241
35 170 288
94 99 250
171 277 306
14 117 341
38 266 313
291 334 396
94 99 357
123 191 295
38 266 289
162 183 352
36 162 336
9 126 256
6 72 280
33 256 280
93 251 331
36 318 336
84 175 321
208 213 241
8 283 365
248 344 372
110 314 382
9 125 256
16 26 105
17 41 300
18 32 59
1 6 55
32 59 302
11 281 370
49 195 263
36 61 352
40 297 393
18 59 154
25 154 235
52 148 299
29 144 353
202 246 362
48 115 360
94 118 250
11 227 281
248 344 349
248 349 373
124 138 254
46 266 289
76 273 290
64 322 335
110 198 314
34 215 274
237 250 378
47 184 320
191 367 375
58 164 212
58 260 384
355 371 384
10 355 397
12 194 242
134 212 317
119 243 254
13 119 272
267 334 355
159 186 359
223 359 391
5 98 192
96 176 369
3 166 231
28 119 254
89 135 381
56 122 330
21 188 205
67 179 247
97 232 334
205 296 396
36 183 352
36 162 183
203 241 324
112 146 190
130 213 241
112 190 203
112 203 241
155 203 324
130 143 386
143 308 331
143 308 386
130 213 386
130 241 324
130 234 328
143 251 331
150 336 394
150 251 328
101 175 385
79 276 287
175 255 268
79 84 276
79 84 321
127 301 385
83 101 269
43 114 127
43 68 127
68 90 127
101 345 385
83 163 269
83 101 345
81 283 326
88 347 372
26 145 225
100 145 373
78 347 372
78 248 372
290 344 349
290 327 344
107 290 349
76 186 270
159 186 270
76 270 273
107 273 290
42 298 316
42 281 316
214 284 316
227 240 281
214 281 316
271 315 351
52 148 286
16 157 158
16 259 365
81 111 326
20 65 125
8 283 303
9 126 157
125 208 213
112 146 241
33 45 208
45 146 208
49 61 72
1 6 182
41 151 300
52 286 300
151 216 299
315 351 370
11 216 370
227 235 240
11 227 302
281 351 370
214 281 351
71 160 185
165 204 206
235 356 395
59 154 235
25 80 154
70 165 206
148 170 288
70 95 165
35 253 288
49 195 261
201 204 261
18 32 70
32 70 95
147 195 263
147 195 358
339 341 350
14 147 263
195 261 358
54 202 362
54 180 202
160 309 374
185 257 306
160 257 309
257 306 309
160 185 257
18 80 154
18 70 206
48 87 360
115 307 357
87 173 374
173 363 374
87 173 360
149 306 309
171 277 353
350 353 362
171 353 362
29 193 353
144 277 353
29 144 297
246 350 362
332 339 341
193 350 353
27 193 350
118 250 378
2 173 360
115 118 357
215 285 314
177 285 304
198 215 314
2 304 360
2 177 304
2 173 363
356 363 395
25 235 356
222 343 382
30 245 395
15 245 264
15 222 264
15 53 222
222 239 298
178 239 298
222 264 343
314 343 382
110 382 399
38 200 289
38 136 200
113 159 233
249 293 379
220 293 366
220 366 376
31 346 376
31 376 387
34 210 218
64 91 209
46 210 311
219 274 311
102 110 399
34 116 215
23 99 322
94 118 357
193 348 378
27 120 350
120 339 350
262 361 377
91 209 398
19 106 184
64 209 325
34 218 335
152 218 335
19 184 244
19 152 325
69 244 320
24 47 106
62 73 305
24 106 337
19 152 244
46 152 244
47 106 184
117 229 341
14 341 350
332 341 354
156 174 323
44 132 229
156 189 323
44 117 389
62 132 189
191 305 367
73 181 305
37 181 305
139 355 384
37 252 291
37 181 252
184 244 320
24 47 207
69 319 320
58 260 319
108 260 375
22 164 212
58 212 317
85 153 371
37 104 329
104 267 329
37 291 329
267 291 334
267 291 329
10 13 272
10 13 397
334 355 397
188 205 396
161 188 232
161 168 278
13 275 279
12 242 340
63 121 194
12 28 254
153 243 254
85 272 371
134 138 317
22 220 293
22 134 212
249 293 366
223 327 359
159 346 359
7 223 391
75 77 327
77 142 372
3 89 137
133 342 369
96 197 217
96 176 197
89 176 369
3 82 169
342 368 369
3 82 231
5 60 98
98 342 368
5 60 68
5 43 68
0 137 192
137 192 368
98 192 368
114 127 321
79 114 236
79 114 321
43 114 236
86 247 330
166 231 258
50 128 236
50 128 258
128 238 258
82 231 258
82 129 258
92 129 310
86 187 310
296 383 396
86 310 330
74 205 226
63 224 282
21 161 282
21 224 282
21 161 188
74 179 226
141 333 383
205 226 296
91 354 377
120 348 388
109 346 391
135 340 381
242 340 381
338 364 375
56 330 381
327 344 372
77 327 372
189 323 337
58 317 384
31 313 346
196 318 394
301 345 385
52 299 300
151 299 300
294 376 387
142 292 372
167 292 372
148 286 288
285 304 360
230 275 397
178 273 298
107 273 298
268 276 287
48 265 393
265 297 393
264 314 343
262 332 339
305 338 367
253 286 288
238 258 310
107 284 298
129 258 310
153 254 371
103 252 389
237 250 388
248 259 373
245 264 285
214 284 351
239 382 399
237 348 378
128 236 333
227 235 302
130 234 324
57 234 324
188 232 396
232 334 396
81 283 347
25 80 356
61 155 324
42 53 240
26 100 259
219 289 399
55 253 300
6 72 165
72 155 190
81 88 392
156 174 229
12 135 197
51 69 164
64 152 335
68 90 199
175 268 276
252 291 389
66 73 181
207 295 319
65 125 158
12 197 254
108 131 355
62 66 132
143 251 328
60 167 342
100 259 373
60 68 199
31 294 313
194 242 381
332 361 377
56 92 122
1 55 182
55 165 253
6 55 165
34 322 335
64 322 377
217 228 249
62 189 337
54 171 362
259 283 365
42 53 298
53 222 298
53 235 240
127 199 301
57 61 324
222 239 382
46 51 266
51 220 294
45 72 146
332 354 377
120 262 380
84 175 276
115 285 307
53 235 395
49 204 261
56 92 169
120 262 339
46 219 311
46 51 69
141 187 310
0 43 192
46 219 289
40 48 87
77 142 292
0 43 236
74 179 330
40 149 309
63 194 381
62 66 73
76 186 327
40 48 393
40 144 149
39 133 342
42 240 281
99 322 357
4 39 217
127 175 321
67 140 141
39 96 369
66 103 132
39 77 342
26 105 182
7 39 75
61 72 155
34 307 357
38 113 233
37 104 131
39 133 369
151 315 370
57 234 352
21 74 224
113 159 346
150 162 352
17 26 41
58 164 319
48 118 265
47 319 320
8 16 158
74 224 381
125 213 386
13 28 119
9 125 157
253 286 300
191 260 319
123 191 305
136 178 200
39 75 77
40 87 309
95 165 253
131 267 355
30 177 363
19 106 325
38 113 313
147 261 358
60 167 199
23 262 380
31 294 387
178 239 399
76 290 327
248 259 347
59 235 302
71 204 312
230 275 279
3 56 381
20 308 386
64 91 377
90 127 199
161 230 278
4 7 391
12 135 340
92 310 330
109 172 366
174 211 323
105 182 256
39 96 217
37 338 364
89 176 197
209 390 398
5 43 192
4 7 39
318 336 394
201 202 204
24 123 295
63 224 381
108 139 355
0 166 258
15 53 395
4 228 366
93 150 251
12 28 121
174 211 221
26 41 271
92 122 330
28 121 279
13 28 279
120 193 348
29 265 297
131 364 375
81 301 345
26 100 145
26 225 271
12 121 194
15 245 395
4 172 366
20 65 303
346 359 391
200 289 399
41 151 271
14 147 246
191 260 375
16 105 157
81 88 347
0 3 137
180 202 204
3 89 381
159 233 270
22 51 220
161 230 232
35 95 170
37 305 338
151 216 370
71 204 206
74 330 381
3 56 169
97 230 397
30 363 395
8 65 303
18 80 160
24 62 305
63 121 168
8 65 158
21 74 205
150 196 394
71 306 312
103 132 389
20 283 303
66 103 181
8 16 365
93 268 287
124 254 371
109 366 376
46 69 244
45 72 280
10 355 371
178 200 399
7 223 327
23 262 377
30 245 285
24 207 295
34 210 311
7 75 327
179 247 330
106 325 390
0 3 166
49 72 165
105 126 157
93 196 287
13 275 397
16 26 259
99 250 388
220 294 376
93 308 331
63 161 168
0 50 236
264 285 314
81 301 392
24 62 337
29 118 378
4 217 228
60 98 342
30 177 285
338 367 375
33 125 208
134 138 293
37 131 364
196 287 318
23 322 377
23 99 380
44 132 389
132 189 229
106 174 221
34 116 307
34 274 311
34 322 357
47 207 319
82 92 169
198 215 274
113 313 346
78 248 347
103 181 252
86 141 187
149 277 306
88 199 301
87 309 374
93 163 308
89 135 197
64 152 325
136 233 270
259 283 347
211 323 337
67 141 247
93 150 196
93 255 268
51 266 294
262 332 361
127 175 385
89 137 369
115 285 360
67 179 226
317 371 384
136 178 270
102 110 198
20 111 326
102 198 219
79 236 333
105 126 256
97 230 232
106 211 221
106 211 337
116 215 285
97 334 397
57 61 352
107 225 349
107 225 284
147 202 246
108 260 384
109 346 376
145 349 373
33 125 256
81 111 345
85 153 272
108 139 384
49 165 204
116 285 307
29 118 265
91 354 398
20 111 163
119 153 243
119 153 272
27 120 193
150 234 328
124 138 371
120 380 388
121 168 279
106 174 390
24 123 305
69 164 319
20 125 386
128 141 238
128 141 333
82 92 129
144 149 277
237 348 388
284 298 316
271 284 351
216 299 302
77 292 342
104 131 267
108 131 375
4 109 391
174 390 398
22 134 293
38 136 233
168 230 278
63 161 282
137 368 369
138 217 254
138 293 379
138 317 371
10 272 371
174 354 398
140 141 383
80 160 356
2 177 363
141 238 310
72 146 190
130 143 328
17 26 182
11 216 302
4 109 172
147 201 261
147 201 202
150 162 336
145 225 349
20 163 308
150 234 352
151 271 315
167 199 372
32 95 170
46 152 210
152 210 218
266 294 313
86 141 247
155 190 203
71 185 306
18 160 206
71 160 206
138 217 379
160 356 363
99 380 388
29 193 378
102 219 399
163 255 269
93 163 255
111 163 345
83 163 345
125 157 158
167 292 342
168 230 279
35 95 253
170 299 302
148 170 299
32 170 302
171 306 312
33 45 280
20 283 326
174 229 354
175 255 269
101 175 269
140 226 383
178 270 273
0 50 258
48 115 118
67 140 226
54 180 312
182 256 280
6 182 280
55 182 300
17 182 300
186 327 359
197 217 254
54 171 312
156 189 229
191 295 319
198 219 274
88 199 372
40 144 297
180 204 312
209 325 390
88 301 392
217 249 379
22 51 164
225 271 284
226 296 383
228 249 366
229 341 354
