13 14 114
79 205 277
39 141 174
66 108 225
59 165 291
69 156 232
130 169 209
3 168 201
26 157 189
194 219 270
53 54 121
66 108 248
17 53 156
34 52 149
66 155 225
164 243 281
113 161 253
147 161 250
65 227 284
196 207 287
207 236 246
111 196 298
169 200 259
96 178 200
58 219 275
100 171 252
125 178 209
36 97 255
19 56 199
52 149 295
130 137 209
60 68 115
9 19 30
0 17 53
39 263 295
33 130 137
0 31 271
108 131 225
41 71 106
66 164 243
38 57 121
69 71 251
131 180 225
48 145 220
10 23 281
10 103 217
26 89 189
81 103 223
157 189 230
274 290 294
53 121 183
12 115 297
0 40 53
14 114 163
13 14 35
114 136 163
14 35 163
117 151 166
21 213 244
28 46 175
113 147 161
28 161 175
114 136 197
119 173 234
28 161 250
119 168 283
133 136 288
185 195 250
133 185 250
147 195 250
148 172 276
148 276 287
11 99 133
37 174 224
1 86 238
5 67 192
13 174 224
62 277 295
62 205 277
7 70 138
5 92 138
88 179 264
179 260 289
47 124 184
44 109 236
105 139 216
27 100 252
125 137 209
33 130 241
97 130 255
190 255 259
22 219 275
27 85 252
85 242 275
58 85 252
22 242 275
22 50 226
9 36 154
9 50 154
219 226 270
58 194 219
22 219 226
58 85 275
2 4 257
76 79 149
9 30 50
2 4 138
2 70 102
34 76 222
19 97 199
19 36 97
9 19 36
93 215 261
7 79 135
2 70 138
7 79 138
76 79 135
79 205 231
79 138 231
8 88 208
39 62 295
37 39 62
39 83 263
53 54 160
52 263 295
34 76 149
24 34 52
24 52 263
24 63 203
165 176 215
16 165 215
16 33 241
34 222 261
55 203 261
93 222 261
16 165 291
25 239 280
16 33 291
16 93 215
59 239 291
55 176 271
25 59 239
106 202 251
96 106 126
202 251 280
202 239 280
74 123 292
40 53 160
17 156 232
38 68 132
121 180 183
20 57 150
60 68 254
54 121 204
57 82 278
53 156 183
71 106 251
41 131 279
48 126 248
126 248 279
108 248 279
108 131 279
66 155 243
57 121 180
66 164 220
103 189 217
20 57 278
23 243 281
10 23 210
23 153 210
23 153 278
82 155 225
23 82 278
82 180 225
57 82 180
38 57 150
233 274 290
20 118 214
20 214 254
20 118 278
81 118 223
103 223 230
118 214 223
10 103 210
103 189 230
157 230 247
152 274 294
151 189 217
152 230 247
152 223 230
152 247 294
104 198 290
64 104 122
83 94 188
115 188 297
46 134 268
38 150 254
38 68 254
68 74 132
68 94 115
214 233 254
20 150 254
68 74 193
68 94 193
24 63 292
83 212 292
83 94 193
83 212 263
94 115 188
35 143 299
37 39 174
141 174 296
35 143 258
13 35 299
143 296 299
13 174 299
174 296 299
13 114 224
28 136 268
28 133 136
187 197 228
28 46 268
75 136 268
75 136 163
75 134 268
15 46 175
75 134 272
12 115 198
35 163 258
134 159 272
110 159 272
12 262 297
12 110 198
77 181 244
89 101 221
26 89 221
89 101 186
89 177 186
181 213 244
127 151 166
101 186 213
177 181 186
181 186 213
21 101 122
21 101 213
15 21 175
21 175 253
65 127 284
161 175 253
113 120 253
77 120 253
117 120 166
78 112 158
78 158 286
65 112 269
158 173 286
227 234 283
119 234 283
168 227 283
119 168 201
51 119 201
51 216 256
51 119 173
28 133 250
3 11 185
129 191 218
11 133 185
99 148 287
111 128 287
99 128 287
111 128 162
99 148 293
11 99 293
44 109 256
1 86 285
109 207 236
44 105 256
44 80 236
80 236 285
80 170 285
32 91 208
86 95 144
29 32 72
191 236 246
129 196 298
191 236 285
87 107 298
196 207 246
111 196 287
1 218 238
107 111 298
87 129 298
67 84 192
5 138 265
92 138 231
5 67 92
5 192 265
4 29 265
49 192 265
4 138 265
87 91 238
43 86 184
43 86 238
4 29 45
91 124 208
43 91 238
29 32 45
8 88 264
8 42 264
4 42 257
2 167 257
146 167 257
194 270 289
194 260 289
182 229 273
116 194 260
47 124 240
124 182 240
90 182 240
139 170 206
144 170 206
90 237 245
105 216 256
139 206 240
90 139 240
216 237 245
90 211 245
216 245 267
90 211 235
211 245 267
61 249 267
211 235 267
235 249 267
262 272 297
258 272 297
146 257 264
42 257 264
190 255 282
21 244 253
77 244 253
69 232 251
66 220 248
164 217 281
10 217 281
0 203 271
55 203 271
169 200 209
178 200 209
168 195 227
36 255 282
195 227 284
179 182 273
178 202 239
140 177 189
55 176 261
65 173 227
173 227 234
169 255 259
130 169 255
152 214 223
152 214 233
60 115 198
86 170 285
56 222 241
4 8 42
112 158 173
56 199 241
111 162 288
51 98 266
69 156 183
50 146 167
74 83 292
65 112 173
129 191 246
49 87 192
47 206 240
141 143 188
96 100 171
89 177 189
50 154 242
3 185 195
44 139 170
99 128 133
41 71 183
117 140 189
40 63 123
30 102 167
60 233 290
152 233 274
3 148 293
62 67 205
18 116 273
6 62 224
59 176 271
36 242 282
133 162 288
7 102 135
18 116 194
29 49 72
32 72 87
7 70 102
48 220 248
12 262 272
29 49 265
147 195 284
49 72 87
33 137 291
22 50 242
146 179 289
75 163 258
117 120 181
1 191 218
27 190 282
34 203 261
61 182 249
3 11 293
36 154 242
12 110 272
97 130 199
143 188 258
30 56 102
18 58 194
0 17 232
74 83 193
137 178 239
0 31 232
141 143 296
15 21 159
3 168 195
3 51 201
30 50 167
61 182 229
21 122 159
47 142 206
88 124 208
101 122 221
188 258 297
112 151 269
27 85 242
3 148 266
25 59 271
26 157 247
6 62 67
145 164 217
64 221 247
59 165 176
25 232 280
130 199 241
4 8 45
8 45 208
19 30 56
100 200 259
6 67 224
18 58 61
146 270 289
75 258 272
40 63 203
127 147 284
32 87 91
56 76 222
44 105 139
41 106 279
56 76 102
106 178 202
93 222 241
65 127 151
50 73 146
98 172 256
24 212 263
44 80 170
24 34 203
26 221 247
27 242 282
40 123 160
27 100 259
25 31 271
61 229 273
73 146 270
0 40 203
90 182 249
114 224 228
32 45 208
63 123 292
54 160 204
116 179 273
64 247 294
111 187 288
60 198 290
65 151 269
67 92 231
1 191 285
117 140 181
46 134 159
25 31 232
81 118 278
50 73 226
37 62 224
67 205 231
79 149 295
79 277 295
81 153 278
15 46 159
109 276 287
140 177 181
67 84 224
82 155 243
23 82 243
83 141 188
39 83 141
24 212 292
84 107 228
88 124 179
110 122 198
90 235 249
43 91 184
91 124 184
73 226 270
18 61 273
95 142 184
86 95 184
98 148 172
232 251 280
98 148 266
96 100 200
51 98 256
110 122 159
64 290 294
76 102 135
104 122 198
60 233 254
2 102 167
81 103 153
103 153 210
3 51 266
96 106 178
64 104 290
106 126 279
87 107 192
84 107 192
109 172 276
109 172 256
114 197 228
109 207 287
124 179 182
111 187 228
113 127 166
107 111 228
78 112 151
113 120 166
176 215 261
146 179 264
116 179 260
117 151 189
129 196 246
123 160 204
77 120 181
38 121 132
121 132 204
64 122 221
123 132 204
16 93 241
74 123 132
113 127 147
128 133 162
27 190 259
69 71 183
129 218 238
87 129 238
145 164 220
131 180 183
41 131 183
136 187 288
136 187 197
125 137 178
137 239 291
86 144 170
139 216 237
90 139 237
95 142 144
142 144 206
47 142 184
84 224 228
