13 14 114
79 205 277
39 141 174
59 165 291
69 156 232
130 169 209
26 157 189
194 219 270
17 53 156
33 137 239
34 52 149
96 171 200
164 243 281
113 161 253
117 140 177
65 227 284
196 207 287
111 196 298
169 200 259
96 178 200
58 219 275
100 171 200
125 178 209
19 56 199
52 149 295
60 68 115
2 30 102
97 199 241
9 19 30
39 263 295
0 31 271
41 71 106
97 130 241
38 57 121
131 180 225
48 145 220
48 66 220
10 103 217
10 164 217
118 153 278
157 189 230
274 290 294
104 290 294
60 254 290
12 115 297
14 114 163
148 266 293
207 276 287
114 136 163
14 35 163
157 221 247
110 159 198
117 151 166
21 213 244
28 46 175
113 147 161
28 161 175
114 136 197
145 217 220
133 136 288
147 195 250
99 128 162
148 276 287
136 197 288
37 174 224
1 86 238
5 67 192
13 174 224
92 205 231
6 62 205
62 205 277
84 107 224
5 92 138
88 179 264
47 124 184
90 182 235
44 109 236
105 139 216
109 256 276
100 190 200
33 239 291
56 199 222
190 200 259
22 154 242
19 30 102
97 130 255
190 255 259
27 85 282
85 242 282
27 85 252
85 242 275
58 85 252
36 154 282
22 242 275
22 50 226
9 36 154
154 242 282
219 226 270
58 194 219
58 85 275
2 4 257
76 79 149
9 30 50
146 264 289
2 70 102
19 97 199
19 56 102
9 19 36
199 222 241
56 102 222
7 70 135
7 79 135
7 79 138
76 79 135
79 205 231
79 138 231
8 88 208
37 39 62
39 83 263
52 263 295
34 76 149
212 263 292
24 34 52
24 52 263
55 176 215
0 55 203
165 176 215
0 55 271
24 34 261
16 33 241
34 222 261
55 203 261
93 222 261
16 165 291
25 239 280
16 33 291
55 176 271
41 106 126
96 106 126
202 251 280
71 156 183
202 239 280
74 123 292
17 156 232
40 63 160
38 68 132
121 180 183
38 132 204
20 57 150
60 68 254
57 82 278
41 131 180
41 131 279
48 126 248
41 126 279
108 131 279
57 121 180
164 217 220
103 189 217
23 243 281
10 164 281
82 155 225
38 57 150
20 118 214
214 223 233
20 214 254
81 118 153
81 118 223
118 214 223
10 103 210
103 189 230
157 230 247
152 274 294
151 189 217
152 230 247
152 223 230
26 157 221
152 247 294
104 198 290
64 104 294
83 94 188
115 188 297
38 150 254
38 68 254
68 74 132
68 94 115
214 233 254
20 150 254
68 74 193
68 94 193
83 212 292
83 94 193
83 212 263
94 115 188
35 143 299
37 39 174
141 174 296
35 143 258
143 296 299
13 174 299
174 296 299
107 224 228
13 114 224
114 197 224
28 133 136
197 224 228
99 133 162
187 197 228
28 46 268
12 110 262
187 197 288
75 136 163
15 46 175
75 134 272
12 115 198
35 163 258
110 262 272
134 159 272
110 159 272
12 262 297
12 110 198
15 46 134
77 181 244
15 122 159
26 89 221
89 177 186
89 140 177
181 213 244
127 151 166
101 186 213
181 186 213
21 101 122
15 21 122
15 134 159
21 101 213
15 21 175
21 175 253
65 127 284
161 175 253
113 120 253
77 120 253
117 120 166
78 112 158
78 158 286
158 173 286
65 173 234
172 256 276
65 227 234
227 234 283
119 234 283
168 227 283
3 11 266
51 119 201
51 216 256
51 98 172
11 266 293
168 185 195
28 133 250
3 11 185
11 133 185
99 148 287
111 128 287
99 128 287
111 128 162
99 148 293
51 172 256
98 172 266
44 109 256
1 86 285
109 207 276
44 105 256
182 235 249
44 80 236
105 139 170
80 236 285
95 144 206
80 170 285
95 142 206
86 95 144
129 196 298
87 107 298
196 207 246
111 196 287
1 218 238
107 111 298
87 129 298
67 84 192
6 67 205
5 138 265
92 138 231
4 29 265
50 73 167
4 138 265
87 91 238
43 86 184
72 87 91
43 86 238
87 218 238
43 91 124
4 29 45
91 124 208
43 91 238
32 72 91
8 32 45
8 88 264
8 42 264
4 42 257
2 167 257
18 61 229
73 146 167
146 167 257
194 270 289
194 260 289
182 229 273
116 194 260
47 124 240
43 124 184
18 229 273
139 170 206
144 170 206
90 237 245
105 216 256
139 206 240
216 237 245
90 211 245
216 245 267
90 211 235
211 245 267
61 249 267
211 235 267
235 249 267
262 272 297
258 272 297
179 260 264
146 257 264
42 257 264
190 255 282
254 274 290
233 254 274
191 246 285
21 244 253
77 244 253
155 243 278
23 243 278
69 232 251
187 228 288
22 226 275
219 226 275
155 225 243
66 220 243
139 216 240
23 210 281
23 210 278
169 200 209
178 200 209
168 195 227
36 255 282
89 186 221
3 185 201
179 182 273
178 202 239
169 255 259
130 169 255
71 156 251
69 156 251
82 155 278
152 223 233
60 115 198
86 170 285
25 239 291
4 8 42
112 158 173
168 201 283
55 93 215
54 121 183
111 162 288
51 98 266
51 119 234
74 83 292
54 156 183
129 191 246
49 87 192
148 266 276
48 66 108
153 210 278
47 206 240
141 143 188
32 45 72
51 173 234
34 76 102
66 225 243
19 36 255
260 264 289
57 118 278
44 105 170
41 71 183
117 140 189
4 7 138
40 54 160
39 277 295
38 54 204
152 233 274
90 124 240
18 116 273
6 62 224
130 137 241
59 176 271
40 53 54
53 54 156
133 162 288
216 237 240
18 116 194
236 246 285
29 49 72
2 30 167
108 126 279
29 49 265
9 22 154
5 92 205
25 59 291
49 72 87
96 178 202
27 100 171
27 100 190
75 163 258
117 120 181
39 62 277
1 191 218
27 190 282
55 93 261
61 182 249
38 54 121
29 45 72
143 188 258
65 173 269
27 171 252
168 185 201
18 58 194
0 17 232
74 83 193
2 4 70
137 178 239
112 173 269
125 130 137
0 31 232
141 143 296
3 51 201
133 185 195
28 147 250
30 50 167
61 182 229
47 142 206
88 124 208
8 91 208
46 75 134
188 258 297
5 67 205
112 151 269
164 220 243
28 75 136
87 129 191
20 57 118
25 59 271
119 201 283
93 165 215
4 7 70
41 180 183
122 159 198
14 35 299
64 221 247
17 40 53
59 165 176
0 17 40
25 232 280
46 75 268
172 266 276
4 8 45
6 67 224
18 58 61
146 270 289
75 258 272
40 63 203
19 97 255
26 89 140
127 147 284
93 222 241
65 127 151
26 140 189
28 147 161
44 80 170
25 31 271
28 75 268
73 146 270
0 40 203
63 123 160
63 123 292
24 63 261
24 63 263
54 160 204
64 101 186
116 179 273
64 247 294
10 210 281
60 198 290
65 151 269
13 14 299
66 131 225
66 108 131
1 191 285
81 103 230
71 202 251
25 31 232
71 106 202
50 73 226
87 191 218
133 195 250
37 62 224
5 49 192
63 203 261
108 126 248
57 82 225
79 149 295
79 277 295
70 102 135
81 223 230
67 84 224
83 141 188
39 83 141
88 124 179
8 32 91
109 207 246
73 226 270
117 181 186
16 93 165
95 142 184
86 95 184
96 106 202
232 251 280
101 104 122
64 101 104
90 237 240
76 102 135
104 122 198
63 263 292
81 103 153
103 153 210
3 51 266
57 180 225
87 107 192
84 107 192
109 236 246
124 179 182
90 124 182
113 127 166
107 111 228
111 228 288
64 186 221
78 112 151
113 120 166
116 179 260
117 177 186
117 151 189
129 196 246
123 160 204
77 120 181
125 130 209
9 22 50
123 132 204
16 93 241
74 123 132
113 127 147
5 49 265
34 102 222
11 133 293
99 133 293
125 137 178
33 137 241
86 144 170
47 142 184
147 227 284
147 195 227
48 108 248
