13 14 114
79 205 277
143 188 297
39 141 174
66 108 225
59 165 291
69 156 232
130 169 209
26 157 189
53 54 121
66 108 248
17 53 156
33 137 239
34 52 149
96 171 200
66 155 225
164 243 281
147 161 250
65 227 284
196 207 287
111 196 298
179 260 273
96 178 200
58 219 275
100 171 200
27 100 282
125 178 209
19 56 199
79 149 277
52 149 295
60 68 115
0 17 53
39 263 295
0 31 271
41 71 106
48 66 248
38 57 121
69 71 251
131 180 225
89 140 189
48 145 220
10 23 281
48 66 220
10 103 217
26 89 189
118 153 278
81 103 223
274 290 294
104 290 294
60 254 290
143 258 297
53 121 183
0 40 53
54 123 160
38 121 204
148 266 293
13 14 35
14 35 163
157 221 247
117 151 166
117 140 151
21 213 244
28 46 175
114 136 197
145 217 220
119 168 283
147 168 284
133 136 288
185 195 250
133 185 250
147 195 250
148 172 276
148 276 287
148 172 266
37 174 224
5 67 192
13 174 224
62 277 295
62 205 277
182 229 249
5 92 138
88 179 264
179 260 289
8 42 45
47 124 184
90 182 235
44 109 236
105 139 216
109 256 276
125 137 239
125 178 239
130 169 259
169 178 209
33 239 291
56 199 222
19 30 102
97 130 255
100 190 282
27 85 282
85 242 282
22 219 275
27 85 252
85 242 275
58 85 252
36 154 282
22 242 275
22 50 226
9 36 154
154 242 282
50 73 270
9 50 154
219 226 270
22 219 226
58 85 275
2 4 257
50 226 270
9 30 50
146 264 289
34 76 222
19 97 199
19 56 102
199 222 241
149 277 295
7 70 135
76 79 135
79 205 231
79 138 231
8 88 208
39 62 295
37 39 62
39 83 263
52 263 295
212 263 292
24 34 52
31 232 280
55 176 215
24 34 261
16 33 241
34 222 261
55 203 261
93 222 261
16 165 291
0 17 31
16 33 291
16 93 215
165 176 271
59 165 271
55 176 271
17 31 232
96 106 126
202 251 280
25 31 280
74 123 292
17 156 232
54 123 204
121 180 183
38 132 204
20 57 150
60 68 254
54 121 204
57 82 278
53 156 183
41 131 279
48 126 248
66 155 243
57 121 180
164 217 220
103 189 217
81 103 210
23 243 281
10 23 210
81 153 210
82 155 225
38 57 150
20 118 214
20 214 254
81 118 153
81 118 223
103 223 230
118 214 223
10 103 210
103 189 230
152 274 294
140 151 189
151 189 217
152 223 230
26 157 221
104 198 290
64 104 122
64 104 294
64 221 294
83 94 188
115 188 297
38 150 254
68 74 132
68 94 115
214 233 254
20 150 254
68 74 193
68 94 193
24 63 292
83 212 292
83 94 193
83 212 263
94 115 188
35 143 299
37 39 174
141 174 296
141 188 296
35 143 258
143 188 296
13 35 299
143 296 299
13 174 299
174 296 299
6 84 224
13 114 224
28 133 136
187 197 228
28 46 268
12 110 262
75 136 163
15 46 175
75 134 272
35 163 258
258 262 272
258 262 297
110 262 272
134 159 272
110 159 272
12 262 297
12 110 198
77 181 244
26 89 221
89 177 186
89 140 177
181 213 244
127 151 166
101 186 213
177 181 186
181 186 213
21 101 122
21 101 213
15 21 175
21 175 253
65 127 284
161 175 253
113 120 127
117 120 166
120 127 166
78 112 158
78 158 286
65 112 269
78 112 269
78 151 269
158 173 286
65 173 234
172 256 276
168 227 284
119 234 283
168 227 283
119 168 201
51 119 201
51 216 256
51 98 172
28 133 250
147 168 195
3 11 185
107 111 288
129 191 218
11 133 185
111 133 288
111 133 162
111 128 162
99 148 293
51 172 256
98 172 266
182 235 249
44 80 236
80 236 285
95 144 206
80 170 285
95 142 206
144 170 285
191 218 285
32 91 208
86 95 144
29 32 72
191 236 246
129 196 298
191 236 285
87 107 298
196 207 246
1 218 238
1 218 285
107 111 298
87 129 298
6 67 84
67 84 192
5 138 265
92 138 231
5 67 92
49 72 265
5 192 265
4 29 265
49 192 265
4 138 265
29 72 265
4 42 45
87 91 238
43 86 184
4 29 45
91 124 208
43 91 238
8 32 208
8 32 45
29 32 45
179 264 289
8 88 264
8 42 264
4 42 257
2 167 257
146 167 257
194 270 289
194 260 289
182 229 273
116 194 260
61 229 249
47 124 240
124 182 240
90 182 240
139 170 206
144 170 206
105 216 256
139 206 240
216 237 245
216 245 267
211 245 267
61 249 267
211 235 267
235 249 267
146 257 264
42 257 264
190 255 282
254 274 290
233 254 274
21 244 253
77 244 253
155 243 278
23 243 278
211 235 237
69 232 251
187 228 288
66 220 243
164 217 281
10 217 281
139 216 240
211 237 245
23 210 278
90 235 237
0 203 271
55 203 271
115 198 297
12 198 297
36 255 282
89 186 221
179 182 273
178 202 239
3 168 266
168 201 266
108 225 279
131 225 279
82 155 278
152 221 294
152 221 247
152 214 223
152 214 233
152 189 230
152 157 247
60 115 198
19 30 36
58 219 270
25 239 291
112 158 173
2 30 70
55 93 215
25 202 239
7 135 138
101 186 221
51 98 266
51 119 234
69 156 183
50 146 167
74 83 292
65 112 173
129 191 246
49 87 192
153 210 278
47 206 240
51 201 266
51 173 234
50 154 242
19 36 255
57 118 278
3 185 195
130 190 259
99 128 133
41 71 183
4 7 138
40 63 123
40 54 160
152 233 274
62 67 205
18 116 273
28 175 250
6 62 224
130 137 241
40 53 54
130 190 255
52 263 292
216 237 240
18 116 194
34 76 79
34 79 149
32 72 87
2 30 167
108 126 279
25 59 291
49 72 87
96 178 202
27 100 171
22 50 242
16 165 176
75 163 258
117 120 181
14 136 163
55 93 261
25 202 280
3 11 293
97 130 199
27 171 252
18 58 194
1 43 86
74 83 193
44 80 139
125 130 137
15 21 159
3 168 195
1 43 238
30 50 167
21 122 159
47 142 206
88 124 208
101 122 221
46 75 134
3 266 293
77 113 120
164 220 243
28 75 136
20 57 118
25 59 271
6 62 67
16 176 215
130 199 241
100 190 259
46 75 268
1 86 144
107 228 288
100 200 259
152 157 189
18 58 61
146 270 289
75 258 272
40 63 203
19 97 255
127 147 284
32 87 91
1 144 285
2 4 7
56 76 222
44 105 139
116 260 273
41 106 279
56 76 102
93 222 241
65 127 151
99 128 148
50 73 146
40 123 160
25 31 271
28 75 268
14 114 136
61 229 273
73 146 270
38 132 254
0 40 203
114 224 228
68 132 254
63 123 292
24 63 261
128 148 287
60 198 290
65 151 269
65 234 283
58 194 270
65 227 283
67 92 231
117 140 181
46 134 159
178 200 259
80 139 170
71 202 251
9 30 36
71 106 202
37 62 224
67 205 231
63 203 261
108 126 248
57 82 225
161 175 250
70 102 135
15 46 159
109 276 287
140 177 181
83 141 188
39 83 141
84 107 228
88 124 179
110 122 198
43 91 184
109 207 246
91 124 184
18 61 273
95 142 184
86 95 184
96 106 202
232 251 280
110 122 159
90 237 240
76 102 135
104 122 198
44 105 109
105 109 256
30 70 102
57 180 225
106 126 279
87 107 192
84 107 192
109 236 246
114 197 228
109 207 287
2 7 70
124 179 182
129 196 246
77 120 181
125 130 209
64 122 221
123 132 204
16 93 241
74 123 132
113 127 147
128 133 162
169 178 259
128 196 287
69 71 183
111 128 196
77 113 253
147 161 253
129 218 238
87 129 238
131 180 183
24 52 292
11 133 293
99 133 293
41 131 183
79 135 138
136 187 288
136 187 197
33 137 241
47 142 184
84 224 228
113 147 253
