13 14 114
79 205 277
143 188 297
66 108 225
69 156 232
130 169 209
26 157 189
65 127 269
34 52 149
96 171 200
66 155 225
164 243 281
65 227 284
196 207 287
207 236 246
111 196 298
169 200 259
96 178 200
58 219 275
100 171 200
27 100 282
100 171 252
125 178 209
36 97 255
36 190 255
52 149 295
16 93 222
60 68 115
97 199 241
9 19 30
0 17 53
39 263 295
33 130 137
0 31 271
41 71 106
97 130 241
16 222 241
66 164 243
38 57 121
69 71 251
131 180 225
89 140 189
48 145 220
48 66 220
10 103 217
10 164 217
26 89 189
81 103 223
274 290 294
104 290 294
60 254 290
143 258 297
74 193 292
0 40 53
14 114 163
148 266 293
207 276 287
114 136 163
14 35 163
157 221 247
163 258 272
117 151 166
21 213 244
28 46 175
28 161 175
127 151 269
114 136 197
119 173 234
145 217 220
28 161 250
133 136 288
99 128 162
148 172 276
148 276 287
37 174 224
5 67 192
13 174 224
92 205 231
62 205 277
182 229 249
84 107 224
5 92 138
88 179 264
88 179 208
124 179 273
47 124 184
105 139 216
109 256 276
44 80 105
36 190 282
27 100 252
125 137 239
125 178 239
100 190 200
169 178 209
169 178 200
33 130 241
56 199 222
190 200 259
22 154 242
19 30 102
97 130 255
190 255 259
100 190 282
42 146 257
27 85 282
85 242 282
27 85 252
85 242 275
58 85 252
36 154 282
22 242 275
22 50 226
22 50 154
9 36 154
154 242 282
9 50 154
219 226 270
58 194 219
58 85 275
2 4 257
9 30 50
146 264 289
34 76 222
19 56 102
19 36 97
9 19 36
199 222 241
70 76 102
93 215 261
70 76 135
7 70 135
76 79 135
79 205 231
8 88 208
39 83 188
6 37 224
6 37 62
52 263 295
212 263 292
24 34 52
24 52 263
24 63 203
55 176 215
0 55 203
0 55 271
16 33 241
34 222 261
93 222 261
16 165 291
69 71 156
25 239 280
16 33 291
55 176 271
25 59 239
41 106 126
106 202 251
96 106 126
202 251 280
71 156 183
202 239 280
74 123 292
40 53 160
17 156 232
40 63 160
54 123 204
38 68 132
74 132 204
60 68 254
54 121 204
57 82 278
41 131 180
71 106 251
41 131 279
41 71 180
48 126 248
126 248 279
41 126 279
108 248 279
66 155 243
57 121 180
66 164 220
164 217 220
103 189 217
23 243 281
10 164 281
23 153 210
23 153 278
82 155 225
82 180 225
57 82 180
38 57 150
20 118 214
214 223 233
20 118 278
103 223 230
10 103 210
103 189 230
152 274 294
151 189 217
152 223 230
26 157 221
152 247 294
104 198 290
64 104 122
64 104 294
83 94 188
115 188 297
68 74 132
68 94 115
20 150 254
63 160 292
68 74 193
83 193 292
68 94 193
83 212 292
123 160 292
74 123 204
83 94 193
94 115 188
35 143 299
39 141 188
141 188 296
35 143 258
143 188 296
143 296 299
13 174 299
174 296 299
6 84 224
107 224 228
13 114 224
28 136 268
28 133 136
99 133 162
187 197 228
107 187 228
28 46 268
75 136 268
75 163 272
75 136 163
15 46 175
75 134 272
35 163 258
134 159 272
110 159 272
12 262 297
12 110 198
15 46 134
77 181 244
89 101 221
26 89 221
89 101 186
89 177 186
89 140 177
127 151 166
177 181 186
21 77 244
21 101 122
15 134 159
15 21 175
21 175 253
65 127 284
161 175 253
113 120 253
21 77 253
113 127 284
77 120 253
117 120 166
78 112 158
78 158 286
78 112 269
78 151 269
158 173 286
65 173 234
172 256 276
65 227 234
227 234 283
51 98 201
119 234 283
168 227 283
3 11 266
51 119 201
51 216 256
51 119 173
51 98 172
98 201 266
11 266 293
3 201 266
168 185 195
28 133 250
3 11 185
107 111 288
129 191 218
107 187 288
99 148 287
99 128 287
99 148 293
11 99 293
51 172 256
1 86 285
109 207 276
44 80 236
80 170 285
144 170 285
86 95 142
29 32 72
129 196 298
87 107 298
196 207 246
84 87 107
107 111 298
6 67 84
84 87 192
67 84 192
5 138 265
92 138 231
49 72 265
4 138 265
87 91 238
43 86 184
43 86 238
87 218 238
43 91 124
4 29 45
91 124 208
43 91 238
32 72 91
8 32 45
29 32 45
42 146 264
4 42 257
2 167 257
18 61 229
73 270 289
146 167 257
73 146 289
116 194 260
58 116 194
61 229 249
47 124 240
43 124 184
124 182 273
124 179 208
139 170 206
144 170 206
105 216 256
139 206 240
90 139 240
216 237 245
216 245 267
211 245 267
61 249 267
211 235 267
235 249 267
262 272 297
258 272 297
179 260 264
254 274 290
233 254 274
147 253 284
113 253 284
155 243 278
23 243 278
211 235 237
69 232 251
22 226 275
219 226 275
219 270 289
219 260 289
129 218 298
87 218 298
211 237 245
23 210 281
90 235 237
55 203 215
203 215 261
115 198 297
12 198 297
168 195 227
195 227 284
186 213 244
181 186 244
3 185 201
178 202 239
169 255 259
130 169 255
165 239 291
108 225 279
128 162 196
131 225 279
147 161 195
82 155 278
152 223 233
152 189 230
152 157 247
60 115 198
4 8 42
112 158 173
56 97 199
2 30 70
19 56 97
168 201 283
39 83 212
7 135 138
54 121 183
111 162 288
49 87 91
80 191 285
50 146 167
49 87 192
80 105 139
39 212 263
48 66 108
47 206 240
86 95 285
44 109 207
260 264 289
53 123 160
117 140 189
4 7 138
39 277 295
152 233 274
90 124 240
79 135 231
37 141 296
62 67 205
18 116 273
129 236 246
20 214 233
59 176 271
133 162 288
129 191 236
86 142 184
34 76 79
34 79 149
2 30 167
12 262 272
147 195 284
5 92 205
33 137 291
71 121 183
44 207 236
117 120 181
39 62 277
1 191 218
34 203 261
53 54 123
12 110 272
65 173 269
168 185 201
59 165 215
0 17 232
2 4 70
112 173 269
125 130 137
0 31 232
15 21 159
133 185 195
111 162 196
18 182 229
30 50 167
21 122 159
47 142 206
8 91 208
101 122 221
46 75 134
5 67 205
59 176 215
25 59 271
49 72 91
119 201 283
6 62 67
93 165 215
4 7 70
68 150 254
4 29 72
14 35 299
64 221 247
25 232 280
46 75 268
4 8 45
17 53 183
152 157 189
18 58 61
18 58 116
40 63 203
8 42 88
18 182 273
20 233 254
56 76 222
21 101 186
56 76 102
106 178 202
50 73 146
24 34 203
20 150 278
25 31 271
21 186 213
53 54 183
95 144 285
37 62 141
0 40 203
90 182 249
114 224 228
24 63 263
116 179 273
64 247 294
10 210 281
60 198 290
13 14 299
1 191 285
117 140 181
38 68 150
71 121 180
80 139 170
25 31 232
81 118 278
50 73 226
161 195 250
37 174 296
133 195 250
5 49 192
80 191 236
79 149 295
194 219 260
11 99 185
79 277 295
81 214 223
4 72 265
81 153 278
140 177 181
86 218 238
1 86 218
8 32 91
110 122 198
90 235 249
73 226 270
99 133 185
16 93 165
98 148 172
232 251 280
98 148 266
110 122 159
104 122 198
63 263 292
81 103 153
103 153 210
44 105 109
105 109 256
30 70 102
96 106 178
59 165 239
114 197 228
90 124 182
113 127 166
113 120 166
116 179 260
117 151 189
129 196 246
77 120 181
38 121 132
121 132 204
125 130 209
64 122 221
81 118 214
39 62 141
128 196 287
5 49 265
147 161 253
42 88 264
135 138 231
136 187 288
136 187 197
137 239 291
139 216 237
90 139 237
95 142 144
142 144 206
47 142 184
17 156 183
48 108 248
57 150 278
