13 14 114
79 205 277
143 188 297
66 108 225
130 169 209
26 157 189
69 251 280
66 108 248
17 53 156
34 52 149
64 101 122
164 243 281
113 161 253
147 161 250
65 227 284
196 207 287
207 236 246
111 196 298
179 260 273
169 200 259
96 178 200
58 219 275
96 178 239
125 178 209
19 56 199
79 149 277
52 149 295
16 93 222
60 68 115
97 199 241
39 263 295
0 31 271
97 130 241
16 222 241
152 223 274
38 57 121
69 71 251
131 180 225
89 140 189
48 145 220
10 23 281
10 103 217
10 164 217
26 89 189
106 202 239
274 290 294
23 82 155
104 290 294
60 254 290
143 258 297
74 193 292
14 114 163
148 266 293
13 14 35
14 35 163
104 159 198
157 221 247
110 159 198
163 258 272
117 151 166
117 140 151
21 213 244
28 161 175
119 173 234
145 217 220
28 161 250
133 136 288
185 195 250
133 185 250
147 195 250
148 172 276
148 276 287
148 172 266
136 197 288
5 67 192
13 174 224
92 205 231
6 62 205
62 277 295
62 205 277
84 107 224
5 92 138
88 179 264
179 260 289
88 179 208
47 124 184
90 182 235
105 139 216
109 256 276
18 260 273
125 137 239
125 178 239
130 169 259
56 199 222
22 154 242
97 130 255
27 85 282
85 242 282
22 219 275
27 85 252
85 242 275
58 85 252
36 154 282
22 242 275
22 50 226
9 36 154
154 242 282
50 73 270
219 226 270
22 219 226
58 85 275
2 4 257
50 226 270
76 79 149
9 30 50
146 264 289
2 50 167
2 4 138
34 76 222
19 97 199
199 222 241
93 215 261
149 277 295
7 70 135
76 79 135
79 205 231
79 138 231
8 88 208
39 62 295
39 83 188
37 39 62
6 37 62
53 54 160
52 263 295
34 76 149
24 34 52
24 52 263
24 63 203
0 63 203
0 40 63
31 232 280
0 55 203
0 55 271
34 222 261
55 203 261
93 222 261
16 165 291
0 17 31
69 71 156
16 93 215
165 176 271
59 165 271
55 176 271
25 59 239
17 31 232
96 106 239
106 202 251
96 106 126
202 251 280
71 156 183
25 31 280
74 123 292
40 53 160
69 232 280
38 68 132
121 180 183
38 132 204
20 57 150
74 132 204
60 68 254
57 82 278
53 156 183
41 131 180
41 131 279
48 126 248
57 121 180
164 217 220
103 189 217
20 57 278
23 243 281
10 164 281
23 155 243
10 23 210
82 155 225
23 82 278
82 180 225
57 82 180
38 57 150
233 274 290
233 254 290
20 118 214
214 223 233
20 214 254
20 118 278
81 118 223
223 233 274
118 214 223
10 103 210
103 189 230
152 274 294
140 151 189
151 189 217
152 223 230
26 157 221
104 198 290
64 104 122
64 104 294
104 122 159
64 221 294
83 94 188
115 188 297
38 150 254
38 68 254
68 74 132
68 94 115
214 233 254
20 150 254
68 74 193
68 94 193
24 63 292
83 212 292
74 123 204
94 115 188
35 143 299
39 141 188
141 174 296
141 188 296
35 143 258
143 188 296
13 35 299
143 296 299
13 174 299
174 296 299
6 84 224
107 224 228
13 114 224
28 136 268
28 133 136
187 197 228
12 110 262
75 136 268
187 197 288
75 163 272
75 136 163
15 46 175
75 134 272
35 163 258
110 262 272
134 159 272
110 159 272
12 262 297
12 110 198
77 181 244
15 122 159
26 89 221
89 177 186
89 140 177
127 151 166
177 181 186
21 101 122
15 21 122
15 21 175
21 175 253
65 127 284
161 175 253
77 120 253
117 120 166
78 112 158
78 158 286
158 173 286
65 173 234
172 256 276
168 227 284
51 98 201
119 234 283
168 227 283
3 11 266
51 216 256
51 119 173
98 201 266
11 266 293
28 133 250
3 11 185
107 111 288
129 191 218
11 133 185
111 128 162
99 148 293
98 172 266
1 86 285
109 207 236
44 105 256
182 235 249
44 80 236
95 144 206
80 170 285
95 142 206
191 218 285
32 91 208
47 142 240
86 95 144
29 32 72
191 236 246
129 196 298
87 107 298
196 207 246
84 87 107
49 72 192
1 218 238
1 218 285
107 111 298
87 129 298
6 67 84
84 87 192
67 84 192
6 67 205
67 92 205
5 138 265
92 138 231
5 67 92
4 138 265
87 91 238
72 87 192
43 86 184
72 87 91
4 29 45
91 124 208
43 91 238
8 32 208
32 72 91
8 32 45
29 32 45
179 264 289
8 88 264
8 42 264
4 42 257
2 167 257
73 270 289
146 167 257
73 146 289
194 270 289
194 260 289
182 229 273
18 116 260
116 194 260
90 139 216
47 124 240
124 179 208
139 170 206
144 170 206
90 237 245
105 216 256
90 216 237
139 206 240
90 139 240
142 206 240
90 211 245
90 211 235
211 245 267
61 249 267
211 235 267
235 249 267
262 272 297
258 272 297
146 257 264
42 257 264
190 255 282
21 244 253
77 244 253
16 241 291
33 241 291
237 245 267
216 237 267
44 236 256
109 236 256
187 228 288
155 225 243
66 220 248
66 220 243
23 210 278
169 200 209
178 200 209
115 198 297
12 198 297
168 195 284
36 255 282
186 213 244
181 186 244
89 186 221
179 182 273
55 176 261
46 175 268
28 175 268
3 168 266
168 201 266
120 166 253
113 166 253
165 239 291
114 163 197
136 163 197
108 225 279
131 225 279
152 221 294
152 221 247
152 189 247
152 189 230
60 115 198
19 30 36
86 170 285
58 219 270
4 8 42
112 158 173
168 201 283
39 83 212
25 202 239
7 135 138
54 121 183
111 162 288
80 191 285
51 201 283
50 146 167
2 50 70
129 191 246
39 212 263
153 210 278
96 100 171
66 225 243
19 36 255
3 185 195
130 190 259
99 128 133
41 71 183
40 63 292
38 54 204
90 124 240
37 141 174
37 39 141
130 137 241
130 190 255
133 162 288
18 116 194
17 69 232
108 126 279
48 220 248
9 22 154
147 195 284
27 100 171
33 137 291
16 165 176
40 123 292
117 120 181
27 190 282
34 203 261
25 202 280
61 182 249
38 54 121
65 173 269
27 171 252
4 49 72
30 56 102
18 58 194
1 43 86
4 49 265
44 80 139
112 173 269
125 130 137
3 168 195
83 94 292
1 43 238
2 7 138
61 182 229
46 75 134
6 37 174
112 151 269
164 220 243
94 193 292
113 127 161
25 59 271
51 119 283
41 180 183
4 29 72
16 176 215
17 40 53
0 17 40
17 69 156
46 75 268
4 8 45
107 228 288
19 30 56
100 200 259
18 58 61
19 97 255
127 147 284
56 76 222
44 105 139
21 101 186
41 106 279
56 76 102
65 127 151
99 128 148
50 73 146
98 172 256
24 212 263
24 34 203
40 123 160
27 100 259
25 31 271
21 186 213
53 54 183
61 229 273
114 224 228
54 160 204
64 101 186
128 148 287
60 198 290
65 151 269
65 234 283
58 194 270
65 227 283
117 140 181
81 103 230
46 134 159
80 139 170
41 71 251
81 118 278
9 30 36
5 49 192
80 191 236
108 126 248
70 102 135
81 223 230
41 106 251
81 153 278
15 46 159
109 276 287
140 177 181
24 212 292
43 91 184
91 124 184
18 61 273
30 50 70
95 142 184
86 95 184
96 100 200
51 98 256
76 102 135
81 103 153
103 153 210
6 174 224
30 70 102
106 126 279
157 189 247
59 165 239
114 197 228
109 207 287
127 147 161
2 7 70
124 179 182
90 124 182
113 127 166
64 186 221
78 112 151
176 215 261
129 196 246
123 160 204
77 120 181
125 130 209
9 22 50
128 133 162
128 196 287
27 190 259
5 49 265
111 128 196
129 218 238
87 129 238
11 133 293
99 133 293
79 135 138
33 137 241
137 239 291
86 144 170
47 142 184
