0 91 100
41 51 63
75 95 147
34 81 132
35 115 128
21 66 124
11 85 115
42 114 119
12 67 92
72 121 122
2 52 91
14 26 84
0 2 6
52 91 123
10 16 122
39 52 123
132 134 143
42 96 114
94 96 141
42 119 144
59 94 126
131 137 144
99 113 131
32 43 125
71 85 111
37 56 130
17 33 60
30 49 88
58 134 143
21 35 124
13 77 139
1 20 127
69 85 138
40 120 139
3 5 9
10 72 122
28 117 121
69 80 138
21 35 55
41 91 123
41 51 91
7 19 42
51 91 121
51 65 90
41 50 63
0 2 91
6 12 117
6 12 67
10 24 104
28 72 121
9 16 26
90 113 122
65 90 122
32 43 136
51 63 136
32 90 113
24 80 84
16 26 84
3 99 102
99 102 131
5 14 133
3 9 99
125 131 144
43 63 136
19 50 74
7 39 123
7 74 123
7 19 74
19 50 125
7 39 42
114 118 119
64 73 134
53 64 73
36 58 134
36 73 134
36 59 73
96 114 141
96 126 129
94 96 126
18 109 129
27 103 109
59 126 149
27 126 149
15 97 106
15 27 97
45 49 146
27 97 109
97 109 146
18 45 146
18 109 146
44 49 106
15 58 143
44 95 147
15 106 143
34 132 134
75 95 110
34 81 102
75 81 132
110 132 143
75 110 132
17 33 75
38 83 116
8 57 105
40 62 68
85 86 93
38 68 116
8 68 147
5 48 133
8 105 147
30 44 49
22 37 56
45 49 88
22 30 105
29 45 98
29 45 88
25 29 88
56 98 145
22 25 140
22 57 105
22 56 140
56 140 145
29 98 145
31 47 82
82 107 142
47 82 107
1 20 47
37 108 130
107 130 142
21 70 93
21 66 89
37 62 108
1 108 127
66 77 89
13 108 127
13 77 127
35 55 86
70 93 111
35 86 115
20 79 124
20 66 124
55 86 93
85 86 115
21 55 93
85 93 111
70 116 120
14 71 133
38 48 83
48 83 133
3 5 33
5 14 26
10 16 24
84 85 138
9 16 99
5 9 26
80 84 138
16 24 84
61 69 85
24 104 148
6 67 78
78 101 112
28 92 104
54 101 112
67 78 112
46 54 101
11 23 61
11 61 85
76 87 101
83 111 133
103 109 126
49 106 146
97 106 146
27 103 126
34 102 134
102 131 134
76 101 128
56 98 130
95 110 143
44 95 106
95 106 143
28 92 117
91 100 117
91 117 121
32 90 136
51 90 136
71 111 133
94 114 118
77 89 120
70 89 120
68 75 147
51 65 121
65 121 122
109 126 129
64 137 144
64 119 144
25 29 140
24 69 80
11 23 76
22 57 62
23 76 87
20 66 77
24 54 148
78 79 128
16 99 113
70 83 116
22 37 62
25 30 88
5 38 60
21 70 89
67 92 104
23 61 69
77 120 139
30 44 147
22 25 30
0 100 117
3 81 102
5 33 60
2 39 52
5 38 48
16 113 122
4 39 135
35 79 128
17 60 68
13 40 139
2 4 39
15 27 58
23 46 101
24 46 69
12 92 117
29 140 145
14 71 85
41 50 123
31 98 130
40 116 120
58 59 149
8 62 68
33 75 81
53 64 119
10 28 72
50 63 125
11 76 128
27 58 149
0 6 117
10 28 104
32 113 131
64 131 134
20 77 127
19 42 125
78 101 128
30 105 147
31 130 142
23 87 101
31 82 142
70 83 111
54 67 148
42 125 144
35 79 124
53 94 118
40 62 108
8 57 62
64 131 137
67 104 148
32 125 131
1 47 108
47 107 108
50 74 123
94 114 141
53 59 94
53 59 73
53 118 119
54 67 112
38 60 68
13 40 108
17 68 75
24 46 54
36 58 59
40 68 116
11 115 128
14 84 85
107 108 130
23 46 69
3 33 81
43 63 125
