0 91 100
41 51 63
75 95 147
76 78 101
1 47 107
34 81 132
77 89 139
42 114 119
23 46 61
4 52 135
12 67 92
72 121 122
14 26 84
0 2 6
10 16 122
113 125 131
32 51 90
42 96 114
42 119 144
49 97 106
34 102 131
59 94 126
99 113 131
32 43 125
71 85 111
37 56 130
17 33 60
30 49 88
58 134 143
13 77 139
89 120 139
40 120 139
33 48 60
3 5 9
10 72 122
28 117 121
21 35 55
2 4 52
41 91 123
39 52 135
41 51 91
7 19 42
51 91 121
51 65 90
41 50 63
0 6 100
6 100 117
91 100 121
6 12 117
100 117 121
6 12 67
10 24 104
28 72 121
12 28 117
9 16 26
90 113 122
65 90 122
32 43 136
32 90 113
32 113 125
3 99 102
99 102 131
99 113 122
3 9 99
53 64 137
53 137 144
43 63 136
19 50 74
19 42 144
7 19 74
7 39 42
114 118 119
64 73 134
53 64 73
36 58 134
36 73 134
36 58 149
36 59 73
96 114 141
36 59 149
96 126 129
18 109 129
59 126 149
27 126 149
15 27 97
45 49 146
97 109 146
49 97 146
18 45 146
18 109 146
30 44 105
22 30 88
44 49 106
15 58 143
44 106 143
44 105 147
44 95 147
34 131 134
34 81 102
75 81 132
110 132 143
38 48 60
17 33 75
85 86 93
37 57 62
38 68 116
8 68 147
8 57 68
30 44 49
22 30 105
29 45 98
22 25 88
25 29 88
56 98 145
22 25 140
22 57 105
22 56 140
56 140 145
29 98 145
82 98 142
31 47 82
31 82 98
66 77 127
1 20 47
37 108 130
107 130 142
40 62 139
21 66 89
37 62 108
1 108 127
66 77 89
13 108 127
13 77 127
70 111 116
70 93 111
20 79 124
20 66 124
55 86 93
85 93 111
83 111 116
14 71 84
70 116 120
14 71 133
5 33 48
48 83 133
3 5 33
5 14 26
10 16 24
5 9 26
12 28 92
24 104 148
6 67 78
78 101 112
67 92 148
28 92 104
92 104 148
54 101 112
67 78 112
11 23 61
46 61 69
76 87 101
94 126 141
83 111 133
103 109 126
1 107 108
27 103 126
56 98 130
97 106 143
97 103 109
44 95 143
95 110 143
27 97 103
76 78 128
71 111 133
94 114 118
71 84 138
70 89 120
68 75 147
96 126 141
51 65 121
65 121 122
109 126 129
125 131 137
25 29 140
29 49 88
24 80 138
24 69 80
57 105 147
11 23 76
23 54 101
23 76 87
24 54 148
78 79 128
39 74 123
0 2 52
16 24 26
21 70 89
9 16 122
125 137 144
3 81 102
0 52 91
24 26 84
35 79 128
98 130 142
1 66 127
38 48 116
9 99 122
17 60 68
95 110 132
15 27 58
5 14 48
11 35 115
21 35 66
24 46 69
29 140 145
41 50 123
40 116 120
14 48 133
33 75 81
1 20 66
10 28 72
50 63 125
11 35 128
11 76 128
27 58 149
10 28 104
64 131 134
75 95 132
34 134 143
62 108 139
23 87 101
8 57 147
32 63 136
40 57 62
54 67 148
13 108 139
29 45 49
35 66 124
35 79 124
61 85 138
53 94 118
53 119 144
7 39 74
23 46 54
39 91 123
39 52 91
64 131 137
40 57 68
11 61 115
22 56 57
61 80 138
47 82 142
48 83 116
50 74 123
55 70 93
47 107 142
32 51 63
19 50 144
71 85 138
50 125 144
94 114 141
24 84 138
53 59 94
53 59 73
53 118 119
54 67 112
15 97 143
38 60 68
21 55 70
17 68 75
35 55 115
37 56 57
24 46 54
40 68 116
55 86 115
61 69 80
61 85 86
107 108 130
61 86 115
3 33 81
34 132 143
43 63 125
