41 51 63
67 112 148
1 107 130
1 47 107
34 81 132
20 66 127
42 114 119
23 46 61
12 67 92
14 26 84
0 2 6
52 91 123
10 16 122
39 52 123
42 96 114
94 96 141
42 119 144
34 102 131
131 134 137
71 85 111
37 56 130
17 33 60
44 110 143
30 49 88
56 130 142
58 134 143
13 77 139
1 20 127
40 68 120
69 85 138
40 120 139
3 5 9
10 72 122
76 78 79
28 117 121
69 80 138
21 35 55
41 91 123
41 51 91
7 19 42
51 91 121
51 65 90
41 50 63
0 6 100
6 12 67
10 24 104
12 28 117
9 16 26
51 65 122
32 43 136
32 90 113
24 80 84
99 102 131
53 64 137
118 119 144
53 137 144
43 63 136
7 39 123
7 74 123
19 50 125
7 39 42
114 118 119
64 73 134
53 64 73
36 58 134
64 134 137
36 73 134
53 118 144
53 73 94
96 114 141
96 126 129
103 109 129
27 126 129
18 109 129
27 103 109
27 103 129
59 126 149
27 126 149
15 97 106
15 27 97
45 49 146
18 45 146
18 109 146
44 49 106
15 58 143
44 106 143
44 95 110
44 95 147
15 106 143
75 95 110
34 131 134
34 81 102
75 81 132
3 33 75
110 132 143
75 110 132
38 48 60
17 33 75
38 83 116
40 62 68
85 86 93
17 68 147
37 57 62
38 68 116
68 116 120
8 68 147
8 57 68
5 48 133
22 37 57
30 44 49
22 37 56
45 49 88
22 30 105
29 45 98
29 45 88
25 29 88
56 98 145
22 25 140
22 57 105
56 98 142
22 56 140
56 140 145
29 98 145
82 98 142
31 47 82
31 82 98
1 108 130
66 77 127
1 20 47
37 108 130
107 130 142
57 62 68
21 66 89
37 62 108
1 108 127
21 89 120
66 77 89
13 108 127
13 77 127
20 79 124
55 86 93
85 86 115
14 71 84
21 70 120
70 116 120
38 48 83
48 83 133
3 5 33
5 14 26
10 16 24
9 16 99
5 9 26
71 83 111
71 83 133
80 84 138
61 69 85
10 72 104
12 28 92
24 104 148
6 67 78
67 92 148
28 92 104
92 104 148
46 54 148
54 112 148
54 101 112
46 54 101
11 23 61
46 61 69
76 79 128
49 106 146
97 106 146
28 104 121
91 100 117
91 117 121
76 78 87
94 114 118
78 87 101
77 89 120
71 84 138
70 85 111
24 69 148
67 101 112
65 113 122
65 90 113
72 104 121
125 131 137
25 29 140
24 69 80
57 105 147
11 23 76
23 76 87
20 35 66
5 48 60
67 78 101
17 75 95
16 99 113
70 83 116
25 30 88
0 2 52
16 24 26
77 120 139
30 44 147
22 25 30
5 14 71
7 19 50
125 137 144
3 81 102
5 33 60
2 39 52
2 4 135
24 26 84
16 113 122
35 79 128
20 35 124
17 60 68
35 76 128
15 27 58
9 99 102
11 35 115
21 35 66
27 109 146
40 108 139
23 46 101
11 35 76
29 140 145
41 50 123
58 59 149
43 99 125
3 75 81
3 9 102
50 63 125
6 12 100
27 58 149
61 85 115
27 97 146
99 125 131
12 100 117
17 95 147
19 42 125
34 134 143
30 105 147
23 87 101
8 57 147
51 72 122
32 63 136
70 83 111
36 73 94
42 125 144
13 108 139
59 96 126
35 79 124
53 94 118
36 59 94
40 62 108
11 61 115
2 39 135
43 99 113
32 43 113
5 71 133
47 82 142
50 74 123
55 70 93
47 107 142
71 85 138
51 72 121
94 114 141
52 91 100
46 69 148
38 60 68
21 55 70
35 55 115
59 94 96
7 50 74
36 58 59
0 52 100
55 86 115
70 85 93
32 63 90
51 63 90
34 132 143
43 63 125
