29 31 40
9 12 24
11 29 39
14 24 27
8 22 23
11 29 40
11 28 39
23 26 44
30 42 43
11 13 28
1 27 41
12 27 35
12 24 27
3 9 25
14 24 36
9 24 36
9 25 36
7 12 35
7 12 48
1 14 27
27 35 41
26 42 49
4 42 43
4 35 49
4 42 49
21 45 48
17 32 46
10 34 46
3 21 48
5 20 44
34 38 47
8 15 22
8 23 26
20 44 49
26 44 49
18 23 44
32 35 37
7 35 37
30 35 43
26 30 42
6 26 30
6 30 31
7 37 45
2 5 34
5 10 34
17 34 46
11 31 40
5 20 32
5 19 33
5 18 44
13 30 31
2 5 16
8 15 31
0 16 38
5 10 46
20 35 49
1 25 36
5 32 46
3 12 48
21 37 45
4 35 43
3 17 34
16 34 47
15 29 39
3 9 12
13 35 41
5 18 19
1 13 28
5 16 33
1 14 36
3 17 21
11 13 31
8 26 31
17 21 32
13 30 35
15 29 31
1 13 41
16 19 33
0 16 22
2 16 34
16 38 47
16 19 22
18 19 22
18 22 23
7 45 48
20 32 35
6 26 31
21 32 37
