29 31 40
9 12 24
3 21 46
17 21 46
7 32 37
3 34 46
2 16 47
29 31 39
11 28 39
15 31 39
1 28 41
30 42 43
11 13 28
3 9 25
14 24 36
9 24 36
9 25 36
27 35 41
4 41 43
4 35 41
4 35 49
21 45 48
32 37 45
17 32 46
10 34 46
10 20 46
5 10 20
5 20 44
34 38 47
2 34 47
16 33 47
8 23 26
20 44 49
0 19 22
18 19 33
32 46 49
20 46 49
13 30 40
30 31 40
28 30 43
28 41 43
26 30 42
6 26 30
1 25 41
25 36 41
23 44 49
7 27 35
6 30 31
7 9 12
14 36 41
5 16 18
7 37 45
8 15 23
2 5 34
7 9 48
5 10 34
19 33 47
26 42 43
5 23 44
2 5 16
5 18 23
8 15 31
7 35 49
4 26 43
13 29 39
11 13 39
0 19 47
7 32 49
0 38 47
14 27 41
4 23 26
15 22 23
13 29 40
4 23 49
16 18 33
7 12 27
3 9 21
9 21 48
12 14 24
12 14 27
8 26 31
17 21 32
13 28 30
18 19 22
18 22 23
7 45 48
6 26 31
21 32 45
