29 371 447
20 189 308
247 256 281
125 168 491
13 43 274
248 370 432
232 461 475
64 237 402
82 371 445
347 379 448
207 359 469
81 142 405
173 322 448
83 141 259
329 382 419
176 307 472
96 105 321
282 462 464
6 132 332
132 205 332
141 230 259
374 414 478
311 335 388
166 258 262
115 216 320
6 11 287
17 119 253
47 171 492
229 352 442
177 181 182
74 351 497
74 79 160
367 390 425
22 224 240
36 73 156
145 211 483
68 149 339
145 353 477
70 110 436
246 426 431
151 390 436
118 315 434
68 138 339
138 367 457
315 480 495
213 348 495
82 174 445
56 209 463
95 203 454
222 296 322
99 443 448
197 277 286
33 250 312
191 236 323
79 153 429
8 74 102
74 160 497
146 250 296
33 250 456
51 123 396
164 260 283
35 51 396
33 396 456
35 51 122
121 175 385
21 90 163
208 369 409
194 273 366
208 409 437
265 329 355
100 382 486
377 459 471
24 363 393
5 159 331
319 384 489
87 88 294
89 101 163
364 384 466
131 319 489
39 381 408
0 120 167
214 347 379
9 64 402
54 443 448
64 214 379
17 49 127
176 345 411
166 256 345
176 281 345
289 310 346
39 364 450
71 225 487
85 87 344
65 75 266
253 336 453
132 414 478
69 374 414
78 252 299
87 294 413
78 88 460
271 295 378
183 259 295
13 128 462
6 11 243
6 287 332
98 158 332
125 168 204
125 134 491
76 152 313
30 316 415
169 216 383
109 373 397
200 380 397
139 257 467
237 402 447
116 171 190
371 439 447
45 221 403
37 221 424
29 258 445
221 424 439
63 171 220
47 357 492
4 350 416
200 275 320
257 350 488
111 257 326
145 353 367
233 410 470
63 171 190
293 365 452
63 86 328
171 220 492
58 292 420
192 198 309
94 137 147
13 361 451
143 367 390
150 211 483
150 232 461
8 73 351
8 74 351
36 73 429
74 79 102
73 429 476
8 102 476
153 429 476
14 248 370
286 370 432
197 286 370
104 370 484
104 197 443
104 197 370
23 57 348
22 240 370
157 446 474
14 22 370
224 240 474
14 461 475
22 157 224
14 22 461
145 477 483
150 461 483
353 446 477
157 446 477
353 446 457
157 224 474
446 457 474
178 240 474
57 149 178
149 178 474
353 367 457
390 425 436
143 426 431
70 151 436
70 151 426
40 425 441
138 367 425
68 138 425
138 339 457
57 68 118
57 68 149
40 68 425
56 95 209
95 209 454
315 434 454
118 315 480
209 434 454
68 118 434
40 68 434
348 480 495
315 349 362
54 67 443
67 213 362
54 379 448
54 203 447
54 203 349
203 403 447
45 56 403
45 212 317
54 237 447
44 272 401
9 272 401
272 325 490
9 401 402
29 108 447
34 120 358
108 402 447
154 363 393
108 401 402
19 167 393
44 120 358
107 358 493
0 120 325
19 34 167
24 167 393
202 398 407
196 214 407
164 179 231
26 250 456
146 222 296
250 296 312
296 312 322
99 191 322
173 347 448
99 322 448
36 429 432
36 236 277
59 191 323
170 290 469
156 170 290
170 318 338
73 156 290
8 73 476
290 359 469
207 351 359
142 254 405
62 142 254
62 165 254
20 199 308
123 396 456
51 122 189
62 122 142
81 122 142
20 121 385
269 283 449
20 52 385
20 81 189
81 122 189
26 123 456
199 226 308
159 331 385
52 385 386
187 331 385
148 269 283
283 368 449
5 159 368
5 368 449
278 314 409
208 291 369
121 227 496
175 187 385
121 175 496
121 227 405
186 227 279
279 291 342
279 291 496
227 279 496
18 391 437
291 342 391
208 391 437
208 291 391
18 342 391
3 18 114
48 355 482
18 279 342
3 18 395
273 329 355
186 387 395
3 395 482
185 329 337
3 48 482
130 148 269
273 366 482
273 355 482
21 163 285
90 185 337
66 327 499
265 327 404
148 298 356
327 404 499
355 404 437
278 404 437
278 404 499
278 409 437
66 130 499
219 270 481
219 400 489
270 479 481
80 219 400
244 394 419
244 270 486
265 394 419
244 382 419
265 355 404
265 327 394
273 329 337
265 329 419
77 90 185
21 186 194
244 382 486
77 90 163
77 100 185
101 131 489
92 101 163
92 101 131
92 131 234
71 225 430
71 319 430
201 381 408
89 101 486
101 486 489
89 100 486
80 219 481
302 400 485
50 408 421
50 302 485
38 421 485
50 421 485
32 310 471
80 428 459
12 72 479
28 72 80
12 479 481
55 72 422
117 244 394
66 327 394
260 283 356
179 202 407
377 389 459
28 340 389
298 340 356
148 283 356
0 167 398
340 376 389
167 202 398
34 120 167
34 358 493
84 154 493
24 260 376
32 363 471
84 154 360
44 108 401
112 258 262
107 354 493
29 371 445
112 258 445
27 46 473
17 49 119
49 61 166
113 174 392
112 113 262
61 166 249
166 258 354
166 249 262
15 27 61
17 127 162
15 49 61
15 27 96
119 166 411
49 119 166
166 345 411
166 256 354
32 360 363
256 281 345
107 258 354
19 34 493
154 360 363
32 310 360
84 247 256
263 289 346
201 408 421
39 302 364
302 364 384
39 263 381
39 263 450
85 172 268
225 341 487
195 225 364
195 225 341
195 364 450
85 172 341
87 88 344
85 285 487
85 341 487
85 242 417
242 306 417
65 399 440
268 306 440
176 276 411
176 276 472
119 276 411
42 276 472
42 276 336
69 259 414
69 230 259
261 271 295
183 295 378
259 414 494
141 230 399
83 141 252
88 333 460
78 299 344
78 83 252
85 242 344
242 299 344
78 88 344
78 83 460
88 294 333
294 324 333
85 87 285
294 324 413
103 324 333
183 378 494
124 324 413
124 136 378
124 136 433
183 259 494
2 311 464
2 433 494
31 41 491
124 282 413
311 388 464
2 311 494
6 462 464
2 282 464
282 413 462
132 205 478
311 335 494
335 414 494
98 205 332
184 205 478
60 158 184
60 158 330
11 53 140
144 169 383
53 140 321
134 140 313
177 228 316
134 152 313
31 168 491
41 126 462
41 462 491
58 241 468
188 334 444
188 444 468
128 462 491
188 241 468
218 301 372
7 280 442
58 301 420
58 241 301
181 182 241
97 275 316
275 316 415
373 375 435
97 228 316
304 383 438
76 304 438
76 304 313
144 304 383
115 216 383
169 216 473
97 115 135
109 216 473
375 380 397
200 223 380
46 249 392
174 412 467
82 155 424
82 174 467
155 251 424
155 251 467
82 155 467
111 257 488
212 317 416
4 257 350
37 139 424
16 111 488
373 375 397
200 223 357
326 412 435
326 375 435
326 375 380
133 357 492
275 357 415
200 275 357
133 223 357
133 220 492
25 161 264
63 220 418
1 297 498
70 246 426
133 223 264
161 350 488
161 255 264
1 416 498
212 416 463
110 297 410
1 416 463
70 110 410
1 297 441
161 350 498
350 416 498
206 246 410
70 246 410
110 297 441
206 246 431
206 233 410
206 233 431
86 91 239
210 233 431
193 245 328
210 233 239
86 91 328
193 245 288
63 86 418
63 190 328
91 193 328
91 193 239
94 137 210
94 210 406
198 235 238
94 365 452
245 328 427
192 245 288
217 235 238
47 357 415
47 171 303
215 217 235
217 238 303
215 217 303
280 352 442
7 218 280
93 280 352
58 128 292
229 293 352
129 361 365
129 293 365
13 129 361
147 361 365
147 361 451
94 147 365
137 274 451
13 274 451
137 147 451
43 137 274
128 444 491
209 441 463
425 436 441
38 428 471
139 424 467
55 422 423
25 418 470
86 418 470
297 410 498
94 406 452
394 422 423
19 393 493
154 393 493
109 392 473
46 392 473
335 388 414
387 395 482
366 387 482
384 400 489
180 373 412
371 424 439
82 371 424
145 367 431
143 367 431
23 348 484
173 347 407
195 341 440
298 340 423
149 339 474
257 326 467
0 325 398
325 398 490
103 324 378
124 324 378
319 384 466
109 373 392
113 249 392
278 314 499
103 261 305
130 148 298
71 131 319
103 271 378
12 72 481
172 268 341
103 261 271
102 153 476
132 388 414
72 117 479
31 41 126
116 238 303
97 275 320
96 144 169
69 184 478
93 292 420
53 96 321
59 318 323
54 64 379
218 280 301
83 259 295
3 48 355
79 160 300
76 177 438
261 305 460
75 263 472
25 133 264
173 231 322
72 80 481
55 72 340
72 117 422
71 131 487
180 373 392
69 184 453
117 270 479
6 126 462
65 230 343
65 230 399
73 351 359
65 75 195
201 289 381
461 477 483
33 62 396
24 377 389
219 270 489
10 53 96
60 127 330
59 191 322
123 189 308
81 121 405
56 212 463
83 261 295
54 67 362
179 202 260
65 266 343
54 349 362
410 470 498
428 459 471
103 305 460
54 64 237
30 229 442
11 53 287
42 75 336
65 195 440
69 374 478
96 105 144
207 254 405
225 364 466
66 130 394
221 439 447
93 280 420
77 100 163
47 229 303
22 157 477
227 351 405
18 186 395
16 255 264
16 111 326
98 158 205
9 196 272
93 129 292
232 300 475
6 132 388
16 223 264
10 127 458
59 312 322
21 273 337
156 170 338
75 266 336
11 126 465
20 52 386
36 277 286
11 126 243
134 334 491
16 223 326
10 53 287
191 236 443
7 30 316
165 207 469
9 64 214
123 226 308
29 108 258
2 124 282
201 289 310
160 455 497
109 200 320
15 96 458
55 340 423
194 366 387
35 62 122
177 182 372
13 128 129
33 165 318
11 140 204
69 230 453
24 363 471
112 174 445
242 299 306
109 200 397
210 288 406
18 186 279
35 62 396
25 220 418
319 430 466
27 61 249
79 102 153
2 124 433
45 56 212
4 317 416
79 248 300
129 293 352
17 60 253
5 314 331
22 461 477
26 226 368
37 139 257
158 184 205
107 108 258
38 201 471
6 388 464
6 126 243
5 269 449
5 269 314
175 187 291
17 60 162
30 229 415
232 300 455
73 290 359
190 328 427
100 185 329
56 95 203
7 316 372
75 195 450
158 287 330
196 272 490
36 323 338
339 457 474
192 198 427
27 46 249
23 240 370
44 107 358
23 370 484
112 113 174
140 313 321
33 62 165
24 377 471
16 255 488
36 286 432
198 309 406
79 248 432
130 269 499
92 163 234
26 146 267
26 146 250
26 267 368
27 169 473
38 400 485
177 316 372
42 75 472
85 268 306
26 123 226
31 168 204
20 199 386
103 333 460
105 313 321
15 127 458
37 45 317
187 291 369
10 287 330
198 235 406
31 126 465
7 30 442
10 127 330
1 441 463
58 128 444
31 204 465
33 312 318
25 133 220
79 429 432
38 400 428
24 376 389
28 72 340
302 384 400
104 213 348
247 307 310
179 231 407
36 236 323
110 436 441
187 331 409
37 45 221
39 50 302
4 37 257
57 178 240
159 385 386
27 96 169
203 315 454
39 50 408
180 284 412
210 239 288
143 151 426
60 127 162
115 383 438
116 198 238
56 203 403
116 171 303
117 244 270
113 249 262
260 340 356
118 348 480
104 348 484
225 430 466
120 272 325
214 347 407
18 114 355
119 253 336
28 80 389
44 120 272
128 129 292
115 135 438
141 306 399
130 298 423
11 204 465
130 394 423
209 434 441
268 341 440
105 144 313
134 188 334
109 216 320
38 201 421
134 152 188
134 140 204
20 81 121
15 49 127
125 134 204
67 104 213
334 444 491
135 228 438
97 135 228
164 283 368
136 433 494
136 378 494
165 170 469
215 406 452
143 151 390
44 107 108
144 304 313
145 455 497
145 211 455
106 146 231
80 389 459
4 37 317
106 146 267
256 354 493
270 486 489
233 239 470
150 211 455
150 232 455
318 323 338
152 177 181
213 315 495
76 152 177
23 57 240
75 263 450
201 310 471
152 188 241
152 181 241
373 412 435
67 104 443
3 114 355
36 156 338
158 287 332
57 118 348
160 300 455
25 161 470
161 470 498
326 412 467
10 96 458
164 267 368
165 170 318
84 247 360
165 207 254
167 202 260
24 167 260
197 236 443
213 315 362
192 288 309
174 284 392
174 284 412
7 218 372
175 291 496
176 247 281
176 247 307
177 228 438
164 179 260
119 276 336
180 284 392
47 229 415
141 252 306
193 239 288
9 196 214
163 234 285
60 184 253
89 100 163
215 235 406
187 369 409
116 190 427
116 198 427
58 444 468
192 245 427
186 194 387
51 123 189
21 90 337
196 398 407
196 398 490
197 236 277
159 199 368
159 199 386
203 315 349
182 241 372
229 293 452
207 351 405
106 231 267
184 253 453
85 306 417
21 194 273
221 403 447
223 326 380
100 329 382
97 115 320
306 399 440
230 343 453
266 336 453
164 231 267
222 231 322
173 231 407
234 285 487
131 234 487
266 343 453
86 239 470
241 301 372
93 129 352
247 310 360
14 248 475
248 300 475
199 226 368
251 424 467
252 299 306
40 434 441
161 255 488
84 256 493
117 394 422
99 191 443
260 340 376
263 307 472
83 261 460
263 307 346
80 400 428
269 314 499
280 301 420
288 309 406
18 355 437
263 289 381
146 222 231
229 303 452
215 303 452
307 310 346
59 312 318
314 331 409
