197 277 443
172 195 268
125 168 491
248 370 432
36 277 432
64 237 402
207 359 469
14 300 475
62 165 312
81 142 405
253 276 336
18 279 395
176 307 472
96 105 321
184 374 453
282 462 464
6 132 332
132 205 332
166 258 262
115 216 320
6 11 287
47 171 492
30 47 415
4 37 139
229 352 442
177 181 182
74 351 497
74 79 160
367 390 425
22 224 240
68 149 339
70 110 436
16 161 255
151 390 436
118 315 434
173 179 231
68 138 339
138 367 457
57 348 480
315 480 495
315 362 495
56 209 463
95 203 454
9 64 196
222 296 322
99 443 448
197 277 286
99 191 236
191 236 323
8 74 102
74 160 497
290 351 359
146 250 296
51 123 396
164 260 283
35 51 396
35 51 122
121 175 385
21 90 163
208 369 409
194 273 366
265 329 355
100 382 486
377 459 471
24 363 393
5 159 331
106 164 267
319 384 489
50 302 408
364 430 466
87 88 294
89 101 163
364 384 466
131 319 489
39 381 408
263 450 472
80 428 485
201 263 289
340 356 376
55 298 423
0 120 167
214 347 379
9 64 402
54 443 448
64 214 379
184 374 478
42 266 472
176 345 411
166 256 345
176 281 345
289 310 346
38 428 459
19 154 493
42 266 336
39 364 450
71 225 487
172 195 341
65 75 266
253 336 453
69 230 343
69 374 453
69 374 414
87 294 413
271 295 378
183 259 295
13 128 462
6 11 243
6 287 332
98 158 184
152 181 188
125 168 204
105 140 313
76 152 313
30 316 415
109 373 397
200 380 397
237 402 447
45 221 403
37 221 424
40 209 441
221 424 439
63 171 220
4 350 416
284 392 412
111 257 326
63 171 190
293 365 452
198 238 427
171 220 492
58 292 420
192 198 309
192 309 406
143 367 390
14 248 300
150 211 232
211 232 455
150 232 461
232 455 475
8 74 351
79 160 248
73 429 476
8 102 476
153 429 476
79 153 476
300 455 475
160 248 300
277 286 432
248 429 432
236 277 443
104 197 443
23 104 484
23 57 348
23 104 348
22 240 370
157 446 474
224 240 474
22 157 224
14 22 461
145 477 483
150 461 483
353 446 477
157 446 477
353 446 457
157 224 474
446 457 474
178 240 474
57 149 178
149 178 474
353 367 457
143 145 431
390 425 436
143 145 367
151 390 426
70 151 436
70 151 426
40 425 441
138 367 425
138 339 457
57 68 118
57 68 149
40 209 434
110 425 436
25 86 418
37 317 416
315 434 454
1 209 441
118 315 480
57 118 480
209 434 454
68 118 434
40 68 434
315 349 362
54 67 349
213 348 443
67 213 443
54 67 443
54 203 447
54 203 349
203 403 447
45 56 463
45 56 403
45 212 317
221 403 439
54 237 447
403 439 447
9 272 490
9 272 401
272 325 490
9 401 402
173 179 407
29 108 447
34 120 358
108 402 447
154 363 393
108 401 402
19 167 393
44 120 358
107 358 493
0 120 325
44 120 325
9 196 490
64 196 214
196 214 407
106 164 231
164 267 283
26 250 456
51 123 308
146 222 296
250 296 312
296 312 322
99 236 443
104 348 443
36 429 432
36 236 277
33 62 312
59 191 323
165 318 469
156 170 290
170 318 338
73 156 290
8 73 476
290 359 469
207 351 359
142 254 405
62 142 254
62 165 254
51 122 189
35 122 396
227 254 405
269 283 449
51 189 308
20 81 189
81 122 189
26 123 456
199 226 308
26 226 267
226 267 368
52 385 386
187 331 385
148 269 283
55 117 422
5 314 449
269 314 449
278 314 409
208 291 369
331 369 409
187 331 369
175 187 385
199 385 386
121 227 405
186 227 279
291 342 391
208 391 437
208 291 391
18 342 391
3 18 114
48 355 482
18 279 342
3 18 395
186 387 395
186 279 395
186 366 387
366 387 395
185 329 337
3 48 482
114 355 437
273 366 482
186 194 366
21 163 285
194 273 337
66 327 499
265 327 404
148 298 356
327 404 499
355 404 437
278 404 437
278 404 499
66 130 499
130 278 499
219 270 481
219 400 489
80 219 400
244 394 419
244 270 486
244 382 419
265 355 404
273 329 337
185 329 382
21 186 194
244 382 486
77 90 163
100 185 382
77 100 185
92 101 163
92 101 131
131 234 285
92 131 234
71 225 430
71 319 430
89 101 486
12 72 80
89 100 486
80 219 481
302 400 485
80 400 485
50 408 421
50 302 485
38 421 485
50 421 485
32 310 471
38 428 485
80 428 459
260 356 376
12 72 479
28 55 72
12 80 481
55 72 422
117 244 394
66 327 394
55 298 340
28 55 340
28 389 459
377 389 459
28 340 389
298 340 356
24 202 260
0 167 398
164 202 260
340 376 389
167 202 398
34 358 493
84 154 493
24 260 376
38 459 471
32 363 471
84 154 360
19 154 393
44 108 401
112 258 262
112 113 445
82 371 439
112 258 445
113 174 445
17 49 119
113 262 392
287 330 332
113 174 392
112 113 262
15 27 61
15 27 96
49 119 166
84 310 360
32 360 363
84 256 354
19 34 493
84 354 493
84 247 310
154 360 363
32 310 360
247 281 307
263 289 346
201 263 381
302 364 384
225 364 430
131 285 487
85 172 268
225 341 487
195 225 364
195 225 341
75 450 472
195 364 450
195 268 440
87 88 344
85 285 487
85 242 417
242 306 417
141 399 440
65 399 440
268 306 440
141 306 440
75 266 472
65 75 440
176 281 307
176 276 411
42 276 336
230 343 399
259 261 295
261 271 295
183 295 378
259 414 494
83 259 261
141 252 299
78 299 344
242 299 344
78 88 344
85 87 285
294 324 413
183 378 494
124 324 413
124 136 378
132 335 414
124 136 433
136 378 433
378 433 494
183 259 494
2 433 494
31 41 491
124 282 413
2 311 494
282 413 462
60 162 253
132 335 388
132 205 478
335 414 494
98 205 332
60 253 453
98 184 205
184 205 478
69 343 453
127 162 330
144 169 383
53 140 321
96 105 169
105 140 321
134 152 313
168 204 465
140 204 465
31 168 465
31 168 491
41 126 462
41 462 491
181 188 241
58 241 468
188 334 444
188 444 468
128 462 491
188 241 468
218 301 372
215 229 293
30 316 372
7 280 442
58 301 420
58 241 301
181 182 241
182 316 372
97 275 316
373 375 435
97 228 316
304 383 438
76 304 438
76 304 313
144 304 383
115 216 383
105 144 169
97 115 275
97 115 135
115 275 320
109 216 473
375 380 397
200 216 320
109 180 373
46 249 392
249 262 392
174 412 467
174 392 412
82 174 467
155 251 424
155 251 467
82 155 467
4 139 257
111 257 488
212 317 416
37 139 424
45 212 463
1 209 463
4 37 416
16 111 488
373 375 397
16 111 380
111 326 380
326 412 435
326 375 435
326 375 380
16 223 380
133 223 357
16 223 255
133 220 492
16 161 488
25 161 264
63 220 418
1 297 498
133 223 264
161 350 488
223 255 264
161 255 264
1 416 498
212 416 463
110 297 410
1 416 463
70 110 410
161 350 498
350 416 498
206 246 410
25 86 470
70 246 410
110 425 441
206 246 431
206 233 431
86 91 239
210 233 431
193 245 328
210 233 239
86 91 328
193 245 288
63 86 418
91 193 328
91 193 239
215 229 303
94 365 452
245 328 427
192 245 288
217 235 238
116 238 427
30 47 303
30 229 303
47 171 303
215 217 235
217 238 303
215 293 452
215 217 303
280 352 442
7 218 280
13 128 292
58 128 292
229 293 352
13 129 292
129 361 365
129 293 365
13 129 361
147 361 365
147 361 451
137 274 451
137 147 451
43 137 274
128 444 491
139 424 467
297 410 498
94 406 452
109 392 473
46 392 473
390 426 431
311 388 494
384 400 489
169 383 473
263 381 450
381 408 421
180 373 412
145 367 477
302 364 408
362 480 495
200 357 380
223 357 380
280 352 420
173 347 407
291 342 496
149 339 474
329 355 482
44 325 401
0 325 398
325 398 490
103 324 378
124 324 378
322 347 448
173 322 347
200 320 357
275 320 357
319 384 466
103 261 305
109 200 216
327 394 419
71 131 319
103 271 378
103 261 271
72 117 479
31 41 126
98 158 330
98 330 332
197 286 432
33 123 456
116 238 303
93 292 420
86 190 328
13 43 361
53 96 321
85 87 242
59 318 323
54 64 379
21 194 337
63 86 190
218 280 301
77 185 337
73 156 429
3 48 355
267 368 449
76 177 438
261 305 460
131 486 489
265 327 419
25 133 264
173 231 322
78 333 460
72 117 422
199 331 385
71 131 487
70 426 431
70 246 431
103 294 324
213 349 362
117 270 479
125 134 334
104 197 484
78 294 333
206 410 470
33 62 396
24 377 389
74 79 476
219 270 489
62 122 396
10 53 96
61 166 262
20 189 199
192 288 406
5 159 449
59 191 322
81 121 405
158 162 330
56 95 454
55 117 394
65 266 343
119 166 345
119 162 253
410 470 498
54 347 379
27 46 169
103 305 460
56 209 454
54 64 237
275 316 357
30 229 442
11 53 287
316 357 415
61 249 262
206 233 470
175 291 369
33 312 456
66 130 394
77 100 163
213 362 480
250 312 456
46 169 473
22 157 477
172 341 487
19 34 120
15 49 166
126 462 464
15 61 166
93 129 292
6 132 388
10 127 458
14 232 475
82 155 439
59 312 322
52 121 385
145 150 211
156 170 338
11 126 465
20 52 386
11 126 243
65 343 399
20 52 121
29 371 439
2 282 311
10 53 287
3 366 395
165 207 469
123 226 308
43 274 361
29 108 258
208 278 409
2 124 282
130 269 314
201 289 310
160 455 497
47 415 492
12 270 479
4 350 488
28 72 459
15 96 458
49 127 162
93 352 420
39 364 408
3 366 482
7 30 372
216 383 473
24 363 471
242 299 306
109 200 397
33 123 396
210 288 406
25 220 418
319 430 466
27 61 249
143 390 431
84 247 281
2 124 433
129 293 352
74 102 476
5 314 331
26 106 146
6 311 388
107 108 258
38 201 471
4 257 488
84 256 345
273 329 482
62 81 122
19 120 167
190 328 427
17 49 162
42 176 276
335 388 494
272 325 401
8 73 290
56 95 203
75 195 450
22 461 483
36 323 338
339 457 474
192 198 427
55 394 423
27 46 249
23 240 370
84 281 345
44 107 358
23 370 484
8 290 351
282 311 464
22 477 483
24 377 471
11 53 465
78 88 294
171 190 303
274 361 451
26 106 267
92 163 234
87 242 344
40 138 425
26 146 250
85 268 306
26 123 226
20 199 386
238 309 406
103 333 460
1 110 441
1 110 297
15 127 458
37 45 317
10 287 330
31 126 465
7 30 442
10 127 330
62 81 142
58 128 444
133 357 415
179 398 407
75 195 440
25 133 220
24 376 389
302 384 400
247 307 310
109 180 392
145 150 483
353 367 477
14 232 461
36 236 323
54 347 448
37 45 221
22 248 370
57 178 240
38 381 421
38 201 381
27 96 169
39 381 450
203 315 454
94 137 406
180 284 412
191 322 448
210 239 288
72 80 459
103 294 333
132 374 414
18 114 391
115 383 438
130 269 298
56 203 403
117 244 270
256 258 354
17 119 162
214 347 407
119 345 411
125 334 491
126 243 464
115 135 438
14 22 248
130 298 423
130 278 314
130 394 423
101 131 486
132 374 478
133 415 492
105 144 313
134 188 334
134 152 188
134 204 313
20 81 121
15 49 127
125 134 204
334 444 491
135 228 438
97 135 228
198 238 309
94 137 365
67 213 349
137 210 406
139 326 467
215 406 452
139 257 326
44 107 108
197 370 484
144 304 313
155 424 439
145 455 497
145 211 455
79 153 248
106 146 231
265 329 382
148 260 356
270 486 489
233 239 470
318 323 338
152 177 181
76 152 177
23 57 240
201 310 471
153 248 429
373 412 435
3 114 355
36 156 338
36 156 429
60 158 162
6 311 464
60 158 453
158 184 453
159 368 449
160 300 455
25 161 470
161 470 498
326 412 467
10 96 458
165 207 254
69 230 414
40 68 138
170 290 318
85 172 487
7 218 372
82 174 371
174 371 445
121 175 227
175 227 496
175 291 496
175 187 369
177 228 438
179 202 398
180 284 392
193 239 288
182 228 316
163 234 285
177 182 228
89 100 163
189 199 308
215 235 406
116 190 303
116 190 427
99 191 448
58 444 468
192 245 427
290 318 469
207 227 254
21 90 337
196 398 407
196 398 490
6 243 464
159 199 331
159 199 368
179 202 231
164 202 231
24 202 393
29 439 447
203 315 349
140 204 313
182 241 372
207 227 351
148 269 298
77 90 337
53 140 465
12 270 481
208 278 437
85 306 417
213 348 480
197 370 432
227 279 342
227 342 496
230 259 414
266 336 453
222 231 322
266 343 453
235 238 406
86 239 470
241 301 372
93 129 352
199 226 368
83 252 259
167 202 393
141 252 259
251 424 467
114 391 437
83 252 460
119 253 411
253 276 411
166 256 258
258 371 445
29 258 371
107 258 493
230 259 399
141 259 399
263 307 472
83 261 460
263 307 346
265 382 419
267 283 449
42 176 472
137 147 365
258 354 493
280 301 420
148 260 283
141 299 306
78 299 460
252 299 460
146 222 231
307 310 346
59 312 318
165 312 318
314 331 409
