160 300 497
220 264 418
20 189 308
213 362 495
125 168 491
192 198 245
13 43 274
248 370 432
36 277 432
64 237 402
82 371 445
347 379 448
300 455 497
207 359 469
14 300 475
81 142 405
117 394 423
173 322 448
83 141 259
253 276 336
176 307 472
184 374 453
282 462 464
60 162 330
6 132 332
132 205 332
374 414 478
311 335 388
166 258 262
103 124 324
115 216 320
47 171 492
139 251 467
4 37 139
229 352 442
177 181 182
74 351 497
73 290 351
74 79 160
22 224 240
36 73 156
145 211 483
68 149 339
70 110 436
246 426 431
16 161 255
151 390 436
173 179 231
138 367 457
213 348 495
82 174 445
95 203 454
197 277 286
236 323 338
191 236 323
36 236 338
8 74 102
74 160 497
170 318 469
290 351 359
59 165 318
26 250 267
33 250 456
35 51 396
33 396 456
35 51 122
21 90 163
208 369 409
194 273 366
265 329 355
377 459 471
5 331 409
24 363 393
5 159 331
50 302 408
364 430 466
87 88 294
364 384 466
80 428 485
340 356 376
55 298 423
0 120 167
173 222 231
214 347 379
9 64 402
64 214 379
17 49 127
184 374 478
289 310 471
166 256 345
289 310 346
39 364 450
319 384 430
131 319 487
85 87 344
65 75 266
253 336 453
132 388 464
69 374 453
69 374 414
2 282 433
87 294 413
78 88 460
103 271 305
183 259 295
13 128 462
6 287 332
152 181 188
98 158 332
125 168 204
125 134 491
11 140 465
105 140 313
109 216 397
76 152 313
30 316 415
30 218 372
169 216 383
109 373 397
237 402 447
116 171 190
45 221 403
37 221 424
29 258 445
221 424 439
63 171 220
47 357 492
4 350 416
200 275 320
284 392 412
111 257 326
63 171 190
293 365 452
198 238 427
63 86 328
215 235 452
171 220 492
58 292 420
192 198 309
94 137 147
13 361 451
143 367 390
14 248 300
150 211 232
150 211 483
211 232 455
150 232 461
232 455 475
8 73 351
8 74 351
79 160 248
8 102 476
153 429 476
79 153 476
300 455 475
160 248 300
14 248 370
277 286 432
286 370 432
248 429 432
197 286 370
104 197 443
23 57 348
22 240 370
157 446 474
14 22 370
224 240 474
22 157 224
14 22 461
145 477 483
150 461 483
353 446 477
157 446 477
353 446 457
157 224 474
446 457 474
178 240 474
149 457 474
57 149 178
149 178 474
149 339 457
353 367 457
143 426 431
25 470 498
70 151 436
70 151 426
40 425 441
138 367 425
138 339 457
57 68 118
57 68 149
25 86 418
37 317 416
82 424 439
118 315 480
209 434 454
68 118 434
40 68 434
54 67 349
213 348 443
67 349 362
67 213 443
54 67 443
67 213 362
54 379 448
173 214 407
64 237 379
54 203 349
54 237 379
56 95 403
203 403 447
95 203 403
44 272 401
9 272 490
9 272 401
272 325 490
173 179 407
29 108 447
34 120 358
108 402 447
154 363 393
19 167 393
44 120 358
0 120 325
19 34 167
24 167 393
9 196 490
202 398 407
196 214 407
24 167 202
164 179 231
26 250 456
51 123 308
173 214 347
296 312 322
99 191 322
173 347 448
99 322 448
104 348 443
36 429 432
36 236 277
59 191 323
170 290 469
59 165 312
165 318 469
156 170 290
170 318 338
73 156 290
8 73 476
290 359 469
207 351 359
142 254 405
62 142 254
62 165 254
20 199 308
35 122 396
62 122 142
81 122 142
269 283 449
51 189 308
20 81 189
26 123 456
199 226 308
159 199 385
159 331 385
52 385 386
187 331 385
148 269 283
283 368 449
55 117 422
5 314 449
269 314 449
278 314 409
208 291 369
121 227 496
175 187 385
199 385 386
175 187 496
121 175 496
121 227 405
186 227 279
291 342 391
208 391 437
208 291 391
18 342 391
3 18 114
48 355 482
18 279 342
3 18 395
366 387 395
185 329 337
366 395 482
130 148 269
273 366 482
194 273 337
66 327 499
66 394 423
265 327 404
148 298 356
327 404 499
355 404 437
5 314 409
269 278 314
66 130 499
219 270 481
219 400 489
80 219 400
244 270 486
244 382 419
265 355 404
273 329 337
21 186 194
77 89 163
244 382 486
77 90 163
77 89 100
77 100 185
92 234 285
92 101 131
131 234 285
92 131 234
71 225 430
71 319 430
201 381 408
384 430 466
89 101 486
80 219 481
302 400 485
80 400 485
50 408 421
50 302 485
38 421 485
50 421 485
32 310 471
38 428 485
24 363 377
80 428 459
260 356 376
12 72 479
72 422 479
117 422 479
66 327 394
66 130 423
55 117 423
28 389 459
179 202 407
28 340 389
148 283 356
24 202 260
340 376 389
34 120 167
24 376 377
24 260 376
38 421 471
32 363 471
363 377 471
29 107 108
44 108 401
29 107 258
44 108 358
112 258 262
109 284 392
82 371 439
29 371 445
27 46 61
112 258 445
46 61 249
17 49 119
287 330 332
113 174 392
112 113 262
166 258 354
15 27 61
17 127 162
15 49 458
10 330 458
119 166 411
49 119 166
166 345 411
166 256 354
84 310 360
32 360 363
256 281 345
107 108 358
19 34 493
84 247 310
154 360 363
32 310 360
247 310 346
263 289 346
75 440 450
201 289 471
39 302 364
302 364 384
225 364 430
131 285 487
85 172 268
225 341 487
195 225 364
195 440 450
195 225 341
195 364 450
195 268 440
85 268 417
87 88 344
85 285 487
85 242 417
242 306 417
141 399 440
268 306 417
65 399 440
268 306 440
141 306 440
336 343 453
65 75 440
176 281 307
176 276 472
42 276 472
42 276 336
230 343 399
259 261 295
141 242 306
261 271 295
83 259 261
83 141 252
88 333 460
141 252 299
141 242 299
85 242 344
242 299 344
78 88 344
78 83 460
305 333 460
261 271 305
88 294 333
85 87 285
103 324 333
103 305 333
124 324 413
183 259 494
2 311 464
2 433 494
31 41 491
311 388 464
2 311 494
6 462 464
2 282 464
6 132 464
60 162 253
132 335 388
132 205 478
311 335 494
98 205 332
127 162 330
60 158 184
49 127 458
10 53 330
60 158 330
158 330 332
11 53 140
53 140 321
127 330 458
10 15 458
76 152 181
105 144 304
105 140 321
177 228 316
134 152 313
168 204 465
140 204 465
31 168 465
31 41 465
41 126 465
31 168 491
41 126 462
41 462 491
134 152 491
181 188 241
152 334 491
152 188 334
58 241 468
188 334 444
188 444 468
128 462 491
188 241 468
218 301 372
30 316 372
58 301 420
58 241 301
181 182 241
97 275 316
7 30 218
275 316 415
97 228 316
76 228 438
97 228 438
304 383 438
97 135 438
105 304 313
76 304 438
76 177 181
76 177 228
76 304 313
144 304 383
115 216 383
169 216 473
97 115 275
97 115 135
115 275 320
109 216 473
375 380 397
200 216 320
200 216 397
180 284 435
46 249 392
174 412 467
174 392 412
82 174 467
139 251 424
155 251 467
82 155 467
257 326 412
284 412 435
4 139 257
111 257 488
212 317 416
37 139 424
37 221 317
45 212 463
4 37 416
297 470 498
16 111 488
373 375 397
111 326 380
326 412 435
133 357 492
275 357 415
200 275 357
133 220 264
133 223 357
133 220 492
16 161 488
25 161 264
63 220 418
1 297 498
70 246 426
25 264 418
133 223 264
161 350 488
161 255 264
110 297 410
70 110 410
25 161 498
161 350 498
206 246 410
25 86 470
70 246 410
297 410 470
193 245 328
210 233 239
193 210 288
86 91 328
193 245 288
63 86 418
63 190 328
91 193 328
91 193 239
193 210 239
215 229 303
94 235 406
94 235 452
94 365 452
198 245 427
245 328 427
192 245 288
217 235 238
116 238 427
47 357 415
47 171 303
215 217 235
217 238 303
215 217 303
93 292 293
13 128 292
58 128 292
229 293 352
13 129 292
93 293 352
129 292 293
129 293 365
13 129 361
147 361 451
94 147 365
137 274 451
13 274 451
137 147 451
43 137 274
128 444 491
404 437 499
425 436 441
38 428 471
408 421 471
201 408 471
56 403 463
45 403 463
19 393 493
154 393 493
109 392 473
46 392 473
384 400 489
263 381 450
376 389 459
145 367 477
367 390 436
367 425 436
145 367 431
143 367 431
154 360 493
84 360 493
200 357 397
357 380 397
223 357 380
355 391 437
315 349 495
23 348 484
291 342 496
28 340 422
55 340 422
335 414 478
132 335 478
294 333 413
329 355 482
0 325 398
325 398 490
169 321 383
105 321 383
113 249 392
375 380 435
16 111 223
40 138 339
183 433 494
89 382 486
326 380 435
130 148 298
327 394 419
103 271 378
12 72 481
172 268 341
315 348 480
349 362 495
116 238 303
280 301 442
93 292 420
86 91 470
91 239 470
89 92 101
53 96 321
136 183 378
59 318 323
21 194 337
0 202 398
139 257 412
84 256 281
77 185 337
1 212 416
3 48 355
82 251 424
82 155 251
10 15 27
261 305 460
131 486 489
75 263 472
265 327 419
72 80 481
206 233 246
28 72 422
117 270 479
6 126 462
104 197 484
206 410 470
281 307 346
259 335 414
201 289 381
461 477 483
33 62 396
7 218 442
74 79 476
219 270 489
62 122 396
10 53 96
61 166 262
5 159 449
59 191 322
18 186 387
103 136 378
81 121 405
56 95 454
124 282 462
55 298 356
55 340 356
179 202 260
48 395 482
65 266 343
119 162 253
428 459 471
27 46 169
56 209 454
30 229 442
11 53 287
61 249 262
52 175 385
105 144 383
52 121 175
206 233 470
180 284 373
207 254 405
51 81 122
109 284 373
221 439 447
93 280 420
3 48 395
46 169 473
22 157 477
227 351 405
172 341 487
21 92 285
11 243 287
34 107 358
16 255 264
98 158 205
15 49 166
15 61 166
180 375 435
40 68 339
16 223 264
222 250 296
14 232 475
59 312 322
96 169 321
156 170 338
11 126 465
20 52 386
11 126 243
65 343 399
89 100 382
20 52 121
29 371 439
276 281 411
10 27 96
191 236 443
51 396 456
165 207 469
9 64 214
131 319 384
123 226 308
208 278 409
12 270 479
4 350 488
28 72 459
194 366 387
0 167 202
177 182 372
54 99 443
78 83 344
210 246 431
93 352 442
278 437 499
215 229 452
69 230 453
112 174 445
210 288 406
18 186 279
183 271 295
84 247 281
18 355 391
164 260 356
56 441 463
74 102 476
1 350 416
51 123 456
22 461 477
1 212 463
26 226 368
9 108 401
4 257 488
6 126 243
21 92 163
273 329 482
30 229 415
190 328 427
53 287 330
100 185 329
23 240 370
103 124 136
23 370 484
112 113 174
33 62 165
1 350 498
33 165 312
130 269 499
40 138 425
26 267 368
177 316 372
42 75 472
180 373 375
26 123 226
20 199 386
238 309 406
1 110 441
1 110 297
187 291 369
42 75 266
7 30 442
125 204 313
1 441 463
58 128 444
33 250 296
54 99 448
33 296 312
302 384 400
34 107 493
83 252 344
353 367 477
14 232 461
36 429 476
36 73 476
110 436 441
187 331 409
57 178 240
27 96 169
136 282 433
39 381 450
203 315 454
94 137 406
72 80 459
143 151 426
93 280 442
47 303 415
115 383 438
116 171 303
117 244 270
117 394 419
117 244 419
113 249 262
118 348 480
104 348 484
124 413 462
118 315 454
17 119 162
247 281 346
120 272 325
18 114 355
183 271 378
44 120 272
125 134 313
51 81 189
187 291 496
281 345 411
89 92 163
115 135 438
129 147 361
130 298 423
131 384 489
209 434 441
101 131 486
20 81 121
334 444 491
136 183 433
164 283 368
124 136 282
198 238 309
137 210 406
139 412 467
143 151 390
71 225 319
158 184 478
197 370 484
145 455 497
145 211 455
79 153 248
106 146 231
146 250 267
106 146 267
256 354 493
265 329 382
129 147 365
270 486 489
233 239 470
318 323 338
23 57 240
75 263 450
376 377 459
153 248 429
3 114 355
36 156 338
57 118 348
158 205 478
159 368 449
164 283 356
164 267 368
165 207 254
69 230 414
197 236 443
192 288 309
85 172 487
173 296 322
173 222 296
118 434 454
111 223 380
164 179 260
9 196 214
56 209 441
42 266 343
60 184 253
210 233 246
187 369 409
116 190 427
58 444 468
186 194 387
21 90 337
196 398 407
196 398 490
197 236 277
159 199 368
29 439 447
54 203 237
203 237 447
203 315 349
140 204 313
182 241 372
229 293 452
207 351 405
106 231 267
77 90 337
12 270 481
208 278 437
184 253 453
45 212 221
212 221 317
18 387 395
221 403 447
146 222 250
225 319 487
227 279 342
100 329 382
227 342 496
229 303 415
230 259 414
230 343 453
164 231 267
42 336 343
235 238 406
241 301 372
6 243 287
199 226 368
252 299 344
119 253 411
324 333 413
253 276 411
40 434 441
84 256 493
9 108 402
107 258 493
259 335 494
230 259 399
99 191 443
141 259 399
263 307 472
83 261 460
263 307 346
265 382 419
195 268 341
258 354 493
176 276 281
280 301 420
288 309 406
263 289 381
218 301 442
39 302 381
302 381 408
146 222 231
269 278 499
315 348 495
