20 189 308
213 362 495
125 168 491
13 43 274
211 455 497
248 370 432
232 461 475
36 277 432
64 237 402
240 370 484
81 142 405
253 276 336
203 349 454
176 307 472
282 462 464
6 132 332
132 205 332
141 230 259
311 335 388
166 258 262
103 124 324
115 216 320
6 11 287
10 53 321
47 171 492
30 47 415
229 352 442
177 181 182
74 351 497
74 79 160
23 240 484
22 224 240
36 73 156
68 149 339
246 426 431
16 161 255
151 390 436
173 179 231
68 138 339
138 367 457
57 348 480
213 348 495
315 362 495
56 209 463
95 203 454
9 64 196
222 296 322
99 443 448
197 277 286
59 191 312
191 236 323
79 153 429
8 74 102
74 160 497
290 351 359
59 165 318
165 254 469
26 250 267
33 250 456
106 222 231
191 312 322
164 260 283
33 396 456
121 175 385
21 90 163
208 369 409
194 273 366
265 329 355
377 459 471
24 363 393
106 164 267
302 400 489
71 319 487
87 88 294
89 101 163
364 384 466
39 381 408
263 450 472
340 356 376
244 270 479
55 298 423
0 120 167
173 222 231
214 347 379
9 64 402
54 443 448
64 214 379
166 256 345
289 310 346
38 428 459
42 266 336
71 225 487
319 384 430
131 319 487
85 87 344
60 184 453
65 75 266
253 336 453
2 282 433
87 294 413
183 259 295
6 243 462
13 128 462
126 243 465
6 287 332
125 168 204
10 96 321
125 134 491
109 216 397
30 316 415
169 216 383
109 373 397
135 383 438
200 380 397
237 402 447
371 439 447
37 221 424
29 258 445
221 424 439
4 350 416
111 257 326
145 353 367
63 171 190
293 365 452
198 238 427
63 86 328
171 220 492
58 292 420
192 198 309
94 137 147
13 361 451
145 211 497
143 367 390
150 232 461
232 455 475
8 74 351
36 73 429
73 429 476
8 102 476
153 429 476
79 153 476
300 455 475
14 248 370
277 286 432
286 370 432
197 286 370
104 370 484
104 197 443
104 197 370
23 57 348
22 240 370
14 22 370
14 461 475
22 157 224
22 157 461
14 22 461
150 461 483
353 446 477
353 446 457
157 224 474
57 149 178
149 178 474
149 339 457
353 367 457
143 145 431
143 145 367
151 390 426
70 151 436
70 151 426
40 425 441
138 367 425
138 339 457
57 68 118
57 68 149
1 209 441
118 315 480
57 118 480
209 434 454
68 118 434
40 68 434
67 213 443
54 67 443
67 213 362
173 214 407
54 203 349
45 56 463
45 56 403
45 212 317
54 237 447
9 272 401
272 325 490
173 179 407
154 363 393
19 167 393
107 358 493
0 120 325
19 34 167
0 325 490
44 120 325
64 196 214
0 398 490
196 214 407
164 179 231
106 164 231
164 267 283
106 250 267
26 250 456
51 123 308
106 146 222
106 146 250
173 214 347
296 312 322
99 191 322
173 222 322
99 322 448
36 429 432
36 236 277
59 323 338
59 191 323
59 165 312
59 318 338
156 170 290
170 318 338
73 156 290
8 73 476
207 351 359
207 254 469
142 254 405
62 142 254
62 165 254
33 122 396
20 199 308
35 122 396
62 122 142
33 62 122
81 122 142
269 283 449
51 189 308
20 81 189
26 123 456
199 226 308
267 283 368
52 385 386
187 331 385
148 269 283
283 368 449
5 159 368
5 368 449
55 117 422
278 314 409
208 291 369
331 369 409
187 369 496
121 227 496
291 369 496
187 331 369
175 187 385
175 187 496
121 175 496
121 227 405
186 227 279
291 342 391
208 391 437
208 291 391
18 342 391
3 18 114
48 355 482
18 279 342
3 18 395
273 329 355
186 387 395
186 366 387
114 355 437
130 148 269
273 366 482
273 355 482
186 194 366
21 163 285
66 327 499
66 394 423
265 327 404
148 298 356
327 404 499
130 269 278
355 404 437
269 278 314
66 130 499
130 278 499
219 270 481
219 400 489
270 479 481
80 219 400
244 394 419
244 270 486
244 382 419
265 355 404
265 329 419
21 186 194
77 90 163
100 185 382
77 100 185
101 131 489
219 270 486
92 101 163
92 101 131
131 234 285
92 131 234
71 225 430
71 319 430
201 381 408
384 430 466
89 101 486
302 384 489
219 486 489
101 486 489
80 219 481
302 400 485
50 408 421
50 302 485
38 421 485
50 421 485
80 428 459
260 356 376
12 80 481
72 422 479
12 479 481
117 244 479
117 244 394
117 422 479
66 327 394
66 130 423
28 55 340
260 283 356
28 389 459
28 340 389
148 283 356
24 202 260
340 376 389
34 120 167
34 358 493
84 154 493
24 376 377
24 260 376
38 459 471
32 363 471
84 154 360
44 108 401
112 258 262
107 354 493
109 284 392
29 371 445
27 46 61
112 258 445
17 49 119
287 330 332
49 61 166
112 113 262
61 166 249
166 249 262
15 27 61
15 49 61
15 27 96
10 330 458
119 166 411
49 119 166
166 345 411
119 253 276
32 360 363
84 256 354
107 258 354
19 34 493
84 354 493
154 360 363
32 310 360
247 310 346
307 346 472
263 346 472
263 289 346
201 408 421
201 289 471
39 302 364
302 364 384
131 285 487
225 341 487
195 225 341
75 450 472
85 172 341
87 88 344
85 285 487
85 341 487
85 242 417
242 306 417
268 306 417
268 306 440
176 281 307
176 276 472
119 276 411
42 276 472
42 276 336
69 230 259
261 271 295
259 414 494
141 230 399
78 299 344
85 242 344
242 299 344
78 88 344
305 333 460
85 87 285
294 324 413
103 305 333
183 378 494
124 282 433
124 324 413
124 136 433
136 378 433
378 433 494
183 259 494
2 433 494
31 41 491
311 388 464
2 311 494
6 462 464
60 162 253
132 205 478
311 335 494
335 414 494
98 205 332
60 253 453
184 205 478
127 162 330
60 158 184
53 140 321
127 330 458
76 152 181
105 144 304
177 228 316
134 152 313
168 204 465
140 204 465
31 168 465
126 243 462
31 168 491
41 126 462
41 462 491
128 444 468
188 444 468
128 462 491
128 334 491
182 241 301
188 241 468
58 128 468
218 301 372
30 316 372
58 301 420
182 301 372
181 182 241
373 375 435
115 135 383
97 228 316
97 228 438
304 383 438
97 135 438
105 304 313
76 304 438
76 177 181
144 304 383
115 216 383
169 216 473
97 115 275
97 115 135
115 275 320
109 216 473
375 380 397
200 216 320
200 216 397
180 284 435
109 180 373
109 180 284
174 412 467
82 174 467
155 251 467
82 155 467
284 412 435
111 257 488
212 317 416
37 139 424
45 212 463
1 209 463
16 111 488
373 375 397
180 373 435
326 412 435
326 375 435
326 375 380
275 357 415
133 220 264
133 223 357
16 223 255
133 220 492
16 161 488
25 161 264
1 297 498
70 246 426
133 223 264
161 350 488
223 255 264
161 255 264
110 297 410
70 110 410
161 350 498
206 246 410
25 86 470
70 246 410
110 425 441
206 233 410
86 91 239
210 233 431
210 233 239
193 210 288
86 91 328
63 190 328
91 193 328
91 193 239
193 210 239
94 137 210
94 235 406
94 210 406
94 365 452
245 328 427
192 245 288
217 235 238
116 238 427
30 47 303
30 229 303
47 171 303
215 217 235
217 238 303
215 217 303
93 292 293
58 128 292
229 293 352
93 293 352
129 292 293
129 293 365
13 129 361
147 361 451
94 147 365
137 274 451
13 274 451
137 147 451
43 137 274
157 474 477
446 474 477
404 437 499
139 424 467
297 410 498
19 393 493
154 393 493
109 392 473
46 392 473
390 426 431
335 388 414
387 395 482
366 387 482
263 381 450
376 389 459
371 424 439
82 371 424
29 371 402
367 390 436
367 425 436
315 362 454
349 362 454
200 357 380
223 357 380
23 348 484
291 342 496
195 341 440
44 325 401
322 347 448
173 322 347
200 320 357
275 320 357
113 249 392
16 111 223
103 261 305
185 273 329
105 169 383
130 148 298
327 394 419
103 271 378
233 246 431
172 268 341
103 261 271
132 388 414
31 41 126
315 348 480
98 158 330
98 330 332
116 238 303
280 301 442
69 184 478
93 292 420
90 273 337
54 64 379
84 247 345
0 202 398
77 185 337
1 212 416
83 259 295
3 48 355
82 251 424
82 155 251
12 80 479
72 80 479
79 160 300
76 177 438
261 305 460
265 327 419
65 306 440
78 333 460
206 233 246
103 294 324
69 184 453
28 72 422
65 230 343
78 294 333
149 446 457
65 230 399
281 307 346
61 249 392
65 75 195
201 289 381
461 477 483
7 218 442
74 79 476
185 329 419
85 172 417
103 136 378
81 121 405
158 162 330
56 95 454
70 110 425
124 282 462
55 117 394
55 298 356
55 340 356
83 261 295
54 67 362
179 202 260
47 133 415
48 395 482
65 266 343
54 349 362
119 162 253
410 470 498
371 402 447
54 347 379
27 46 169
56 209 454
54 64 237
30 229 442
11 53 287
105 144 383
65 195 440
94 215 235
69 374 478
207 254 405
28 55 422
221 439 447
93 280 420
77 100 163
3 48 395
47 133 492
46 169 473
227 351 405
207 290 469
18 186 395
128 188 334
98 158 205
9 196 272
6 132 388
222 250 296
52 121 385
145 150 211
96 169 321
156 170 338
195 225 430
20 52 386
89 100 382
97 316 415
20 52 121
134 334 491
2 282 311
34 44 358
276 281 411
10 53 287
191 236 443
131 319 384
123 226 308
185 273 337
29 108 258
89 244 486
208 278 409
34 44 120
160 455 497
172 268 417
4 350 488
28 72 459
15 96 458
49 127 162
32 289 471
0 167 202
25 63 418
177 182 372
21 90 273
13 128 129
54 403 447
7 30 372
93 352 442
278 437 499
152 304 313
69 230 453
5 159 385
24 363 471
69 259 374
112 174 445
242 299 306
210 288 406
32 289 310
18 186 279
183 271 295
25 220 418
5 331 385
143 390 431
193 288 328
4 317 416
35 81 122
79 248 300
74 102 476
1 350 416
5 314 331
89 244 382
51 123 456
76 152 304
104 213 443
1 212 463
26 226 368
37 139 257
9 108 401
158 184 205
107 108 258
38 201 471
4 257 488
6 388 464
5 269 449
84 256 345
5 269 314
6 243 465
190 328 427
46 61 392
17 49 162
272 325 401
8 73 290
56 95 203
75 195 450
196 272 490
36 323 338
192 198 427
55 394 423
103 124 136
233 239 410
44 107 358
112 113 174
8 290 351
140 313 321
33 62 165
282 311 464
24 377 471
25 63 86
35 396 456
11 53 465
78 88 294
198 309 406
35 81 189
171 190 303
70 425 436
79 248 432
25 220 264
1 350 498
33 165 312
92 163 234
157 461 477
40 138 425
26 267 368
38 400 485
177 316 372
42 75 472
26 123 226
20 199 386
1 110 441
105 313 321
1 110 297
15 127 458
37 45 317
29 108 402
10 287 330
31 126 465
42 75 266
7 30 442
353 477 483
133 357 415
179 398 407
79 429 432
38 400 428
33 250 296
33 296 312
104 213 348
145 150 483
35 51 189
35 51 456
36 236 323
54 347 448
37 45 221
39 50 302
4 37 257
57 178 240
159 385 386
27 96 169
39 381 450
39 50 408
39 195 364
72 80 459
103 294 333
45 221 447
113 284 392
132 374 414
93 280 442
6 11 465
113 174 284
18 114 391
195 364 466
56 203 403
113 249 262
185 382 419
256 258 354
104 348 484
124 413 462
118 315 454
17 119 162
247 281 346
183 271 378
281 345 411
128 129 292
128 188 444
141 306 399
129 147 361
130 298 423
131 384 489
209 434 441
268 341 440
132 374 478
111 223 326
45 403 447
134 188 334
241 301 468
38 201 421
134 152 188
134 204 313
20 81 121
15 49 127
125 134 204
178 224 474
139 326 467
139 257 326
44 107 108
4 37 317
129 147 365
149 446 474
97 275 415
150 211 455
150 232 455
23 57 240
152 188 241
376 377 459
152 181 241
3 114 355
36 156 338
60 158 162
160 300 455
25 161 470
161 470 498
326 412 467
10 96 458
207 290 359
84 247 360
165 290 318
165 290 469
105 169 321
171 220 418
197 236 443
192 288 309
40 68 138
170 290 318
174 284 412
7 218 372
82 174 371
118 434 454
174 371 445
145 353 483
177 228 438
178 224 240
164 179 260
179 202 398
141 252 306
163 234 285
89 100 163
116 190 303
116 190 427
192 245 427
195 430 466
196 398 407
196 398 490
197 236 277
159 199 368
159 199 386
24 202 393
140 204 313
229 293 452
207 351 405
77 90 337
53 140 465
208 278 437
54 203 403
21 194 273
146 222 250
223 326 380
227 279 342
227 342 496
230 343 453
266 336 453
65 306 399
266 343 453
235 238 406
198 238 406
239 410 470
86 239 470
247 281 345
247 310 360
14 248 475
248 300 475
199 226 368
83 252 259
167 202 393
141 252 259
251 424 467
63 171 418
114 391 437
252 299 306
83 252 460
39 195 450
40 434 441
166 256 258
9 108 402
259 374 414
99 191 443
83 261 460
80 400 428
176 276 281
280 301 420
288 309 406
245 288 328
263 289 381
78 299 460
252 299 460
218 301 442
58 301 468
229 303 452
215 303 452
314 331 409
94 215 452
315 348 495
