137.844 594.714
701.316 1360.81
177.149 -681.581
-1966.15 45.4326
-1217.7 1368.87
1992.48 -1831.7
-1847.87 -546.417
-801.914 1056.32
673.686 918.324
-86.9807 1801.72
1354.91 -1589.78
-638.148 -947.072
-525.075 -233.663
567.667 -800.347
1394.87 -785.499
-1131.98 -467.288
1809.21 1569.34
-1106.48 -13.6364
-1112.24 -1072.63
-1968.2 -329.941
-1703.76 -1975.72
-161.641 -1551.63
-522.136 1036.45
1504.69 -1848.45
-45.2306 -582.291
1953.27 -690.316
-172.067 -684.877
362.612 1302.86
1081.46 -1069.72
-1497.49 476.328
144.78 -629.467
-1990.96 -46.0061
-1060.13 -1097.44
1940.36 -172.371
-170.07 1972.15
1497.69 126.171
1996.43 -663.953
574.546 -525.701
-1627.51 79.2355
-374.151 327.261
1496.94 -420.88
1636.94 -675.122
894.243 -0.443381
-1372.26 -24.2966
929.836 -869.753
-1547.97 -925.385
500.78 -1538.93
1028.61 1440.65
-636.371 968.967
-731.72 1193.56
