81 197 208
88 163 245
65 182 243
48 79 198
19 116 213
0 27 115
6 90 112
61 79 198
34 61 124
41 155 229
129 131 137
1 49 230
28 186 242
2 119 211
65 72 161
22 182 243
76 78 161
72 78 161
13 170 188
29 126 204
29 117 186
119 129 196
32 112 222
6 226 235
66 169 175
32 192 222
135 153 163
32 192 249
57 72 153
12 88 163
69 103 207
67 69 157
11 52 103
11 68 69
48 116 213
74 111 229
18 36 174
21 48 212
6 152 235
17 159 205
39 53 63
20 80 233
46 244 246
45 130 165
14 184 191
45 184 191
46 230 246
53 102 120
62 100 191
39 63 107
105 106 169
16 175 202
92 123 134
27 115 184
35 123 225
113 158 196
92 113 134
2 27 184
62 82 191
28 186 238
28 197 242
28 170 238
28 170 197
60 76 208
10 78 81
60 76 161
108 126 139
108 172 243
142 221 223
76 78 81
76 81 208
13 60 208
13 60 161
170 188 238
13 161 188
173 186 238
29 177 204
117 186 242
173 188 238
29 35 77
29 77 162
29 173 186
162 177 224
40 87 92
29 162 177
50 179 210
50 56 210
50 56 204
108 139 217
29 126 173
56 126 204
56 121 172
192 222 223
22 172 243
22 172 226
57 65 182
22 182 223
121 172 226
6 222 226
121 167 226
121 156 167
167 226 235
6 112 222
91 180 201
4 118 195
9 200 249
4 32 112
9 26 240
142 192 223
142 192 249
12 142 221
153 163 245
182 223 245
57 65 72
57 182 245
72 78 153
57 153 245
71 200 249
10 135 194
12 88 221
12 142 249
71 97 190
10 190 194
71 97 239
71 190 249
32 218 249
4 32 218
9 26 171
71 109 239
71 109 200
110 218 240
4 195 228
38 110 228
26 110 240
3 19 213
67 68 69
67 145 157
145 219 239
171 219 239
109 171 239
10 86 242
43 103 207
11 69 103
67 68 97
68 86 97
24 70 94
24 52 70
30 70 94
52 59 70
52 59 103
30 59 70
30 43 59
30 43 150
43 59 103
43 133 150
43 133 207
69 207 215
116 133 207
21 164 212
48 146 198
21 41 47
116 133 203
48 116 212
116 203 212
133 150 203
18 36 47
18 94 174
94 164 174
21 164 174
41 47 229
15 155 229
15 229 233
75 80 216
61 124 198
136 152 201
33 124 146
44 227 236
33 124 236
3 33 146
3 19 227
38 195 228
90 114 118
124 146 198
159 201 205
53 91 159
17 205 206
17 102 159
120 149 199
53 102 159
120 149 241
17 102 241
102 120 241
8 125 234
37 89 189
34 127 234
127 136 206
34 127 136
8 80 234
20 80 93
34 61 93
8 75 80
15 20 233
20 61 93
15 79 155
95 229 233
178 189 237
49 230 246
23 49 74
8 75 176
160 166 189
89 99 189
31 89 99
1 23 49
1 23 166
7 51 143
62 100 143
51 101 147
7 51 147
7 147 151
99 166 189
89 100 143
37 89 100
37 130 189
37 100 191
14 82 191
144 220 237
73 160 187
1 187 230
73 187 220
160 189 237
96 149 241
63 64 199
45 154 165
130 178 189
149 154 178
45 115 184
130 165 178
154 165 178
2 119 148
45 115 154
0 154 181
0 115 154
27 42 211
2 27 211
119 129 138
2 209 248
55 64 128
107 128 231
42 141 211
0 141 181
55 141 211
64 181 199
53 63 199
53 120 199
53 58 91
39 53 202
58 202 235
91 159 201
58 91 180
53 58 202
167 202 235
58 180 235
54 131 169
50 179 204
54 131 137
105 131 169
137 231 247
40 87 106
87 92 123
132 162 224
25 132 162
66 87 179
87 179 224
66 175 179
25 77 162
25 77 132
117 225 232
123 134 214
85 214 232
123 225 232
117 140 232
123 214 232
84 104 185
84 185 209
119 148 196
148 196 248
83 185 248
185 209 248
2 14 184
2 148 248
83 104 185
82 84 209
84 104 140
9 240 249
95 229 246
187 220 230
108 217 243
216 244 246
38 215 227
19 215 227
177 204 224
39 202 247
180 201 235
201 205 206
12 194 249
83 193 248
193 196 248
144 183 237
8 176 183
175 179 210
55 138 231
55 141 181
101 147 151
125 127 206
55 119 138
116 207 215
1 160 166
56 126 172
98 101 151
113 193 196
74 101 111
37 45 130
37 45 191
46 75 230
222 223 226
46 75 244
35 77 123
29 35 225
49 229 246
64 107 128
75 216 244
26 145 219
24 68 86
136 201 206
4 110 218
11 24 52
12 135 163
40 106 122
21 41 79
0 27 141
17 125 206
4 112 118
176 220 230
3 48 213
26 171 219
1 160 187
18 47 111
13 170 197
33 227 236
85 134 214
44 168 195
9 109 171
12 135 194
96 183 237
7 31 151
95 216 246
10 197 242
83 85 104
65 139 217
96 149 178
5 114 118
85 113 193
11 24 68
108 126 172
190 194 249
38 69 215
55 128 231
27 42 141
3 48 146
39 107 231
78 135 153
55 64 181
14 82 209
137 138 231
5 118 168
23 98 99
30 94 150
38 69 157
18 94 111
34 93 234
13 197 208
74 98 101
31 89 143
26 38 110
31 98 99
29 117 225
16 137 247
9 109 200
5 34 168
10 81 197
20 61 79
22 223 226
122 129 196
21 36 47
39 231 247
152 201 235
105 106 122
15 20 79
8 125 183
85 113 134
7 31 143
4 110 228
16 169 175
122 158 196
16 202 247
26 38 157
65 139 161
88 223 245
16 54 137
67 97 239
156 175 210
179 204 224
23 74 98
77 123 132
10 78 135
80 95 233
80 95 216
83 85 193
6 90 152
5 34 136
86 97 190
10 86 190
66 87 169
87 106 169
55 119 211
88 221 223
65 217 243
21 48 79
56 121 210
67 145 239
40 92 122
92 122 158
34 124 168
92 113 158
104 140 232
80 93 234
94 101 111
94 150 164
96 125 241
23 99 166
150 203 212
96 125 183
96 178 237
38 44 195
62 101 143
51 101 143
41 79 155
47 111 229
44 168 236
149 154 199
85 104 232
2 14 209
90 114 152
49 74 229
5 114 136
75 176 230
144 176 220
19 116 215
144 176 183
121 156 210
105 122 131
17 125 241
122 129 131
87 123 224
125 127 234
123 132 224
218 240 249
63 64 107
31 98 151
129 137 138
139 161 188
90 112 118
126 139 173
139 173 188
150 164 212
154 181 199
156 167 202
156 175 202
160 220 237
73 160 220
26 145 157
114 136 152
118 168 195
21 36 174
124 168 236
38 44 227
3 33 227
16 54 169
