81 197 208
88 163 245
15 20 61
48 79 198
19 116 213
0 27 115
6 90 112
61 79 198
34 61 124
129 131 137
55 128 138
156 179 210
28 186 242
65 72 161
22 182 243
76 78 161
72 78 161
13 170 188
29 117 186
6 226 235
32 192 222
135 153 163
10 78 153
32 192 249
57 72 153
145 171 219
67 69 157
11 52 103
11 68 69
30 94 164
30 150 164
19 207 215
48 116 213
74 111 229
18 36 174
21 48 212
95 216 233
6 152 235
17 159 205
16 39 202
20 80 233
46 244 246
74 95 229
14 184 191
23 74 101
45 184 191
46 230 246
63 107 128
62 100 191
92 123 134
27 115 184
113 158 196
35 117 225
2 82 209
83 193 196
62 82 191
28 186 238
28 197 242
28 170 238
28 170 197
60 76 208
10 78 81
60 76 161
108 126 139
65 161 188
108 172 243
142 221 223
76 78 81
76 81 208
13 60 208
13 60 161
170 188 238
13 161 188
173 186 238
117 186 242
126 173 188
173 188 238
29 77 162
29 173 186
162 177 224
126 139 188
40 87 92
50 179 210
56 121 156
177 179 224
50 56 210
177 179 204
50 56 204
56 156 210
108 139 217
29 126 173
56 126 204
56 121 172
192 222 223
22 172 243
22 172 226
22 182 223
6 222 226
121 156 167
167 226 235
6 114 152
91 180 201
6 90 114
4 32 112
9 26 240
142 192 223
142 192 249
12 142 221
57 182 245
72 78 153
71 200 249
10 135 194
10 135 153
12 88 221
12 142 249
71 97 190
10 190 194
71 97 239
71 190 249
32 218 249
4 32 218
9 26 171
71 109 239
71 109 200
9 218 240
4 218 228
38 110 228
26 110 240
3 19 213
67 68 69
67 145 157
145 219 239
10 86 242
97 145 239
11 69 103
11 52 68
68 86 97
52 68 86
24 70 94
24 52 86
24 52 70
30 70 94
52 59 70
52 59 103
30 59 70
30 43 59
43 133 207
19 38 215
3 146 213
3 227 236
21 164 212
48 146 198
116 133 203
48 116 212
116 203 212
133 150 203
18 94 174
94 164 174
21 164 174
41 47 229
36 47 174
15 229 233
75 80 216
61 124 198
136 152 201
33 124 146
48 146 213
44 227 236
33 124 236
19 38 227
3 33 146
3 19 227
44 124 168
44 195 227
44 124 236
3 33 236
124 146 198
5 114 168
5 114 152
159 201 205
53 91 159
152 180 201
17 102 159
120 149 199
120 149 241
17 102 241
102 120 241
8 125 234
136 201 205
37 89 189
34 80 234
34 127 234
127 136 206
8 80 234
20 80 93
34 61 93
8 75 80
34 80 93
15 20 233
20 61 93
80 216 233
15 79 155
15 61 79
95 229 233
23 49 74
144 187 220
8 75 176
96 144 183
37 130 191
160 166 189
89 99 189
31 89 99
23 98 101
1 23 166
62 100 143
51 101 147
7 147 151
99 166 189
89 100 143
1 166 187
96 144 237
37 89 100
37 130 189
37 100 191
14 82 191
160 166 187
144 220 237
73 160 187
73 220 237
1 187 230
73 187 220
73 160 237
96 149 241
63 64 199
149 181 199
149 154 178
45 115 184
149 154 181
0 154 181
0 115 154
27 42 211
2 27 211
119 129 138
42 141 211
0 27 42
55 141 211
64 141 181
64 181 199
63 64 128
53 63 199
53 120 199
58 202 235
91 159 201
53 58 202
152 180 235
167 202 235
58 180 235
50 179 204
54 131 137
16 39 247
137 231 247
40 87 106
129 137 231
66 87 106
87 132 224
25 77 162
117 225 232
123 134 214
85 214 232
85 113 214
123 225 232
117 140 232
123 214 232
83 196 248
113 134 214
129 138 231
122 129 158
119 148 196
148 196 248
83 185 248
2 14 82
2 148 248
83 104 185
82 84 209
84 104 140
218 228 240
195 227 228
108 217 243
216 244 246
200 218 249
9 200 218
12 194 249
8 176 183
59 103 207
43 59 207
57 182 243
53 63 202
101 147 151
125 127 206
55 119 138
66 87 224
53 91 180
49 74 95
42 141 181
65 139 188
56 126 172
98 101 151
113 193 196
19 116 133
160 178 237
74 101 111
46 75 230
222 223 226
46 75 244
36 47 111
18 36 111
45 165 178
68 97 145
30 133 150
75 216 244
57 153 163
25 132 225
49 95 246
26 145 171
40 106 122
162 177 204
21 41 79
17 136 206
17 125 206
4 112 118
7 143 151
104 185 209
6 32 112
13 170 197
57 163 245
31 143 151
2 185 209
1 23 230
44 168 195
9 109 171
5 127 136
35 77 117
119 158 196
95 216 246
23 230 246
54 105 131
10 197 242
83 85 104
88 182 245
54 105 106
65 139 217
23 49 246
25 35 225
96 149 178
85 113 193
108 126 172
6 32 222
190 194 249
38 69 215
119 148 211
15 41 155
64 128 141
29 126 162
5 136 152
14 27 184
21 41 174
38 69 157
41 47 174
15 41 229
18 94 111
2 14 27
107 128 138
13 197 208
16 156 175
16 156 202
38 227 228
31 89 143
2 185 248
109 219 239
26 38 110
16 137 247
130 165 189
107 138 231
9 109 200
63 231 247
17 136 205
5 34 168
10 81 197
63 107 231
22 223 226
23 31 99
2 148 211
105 106 122
8 125 183
25 35 77
16 169 175
19 133 207
25 162 224
25 132 224
26 38 157
30 43 133
66 156 179
53 58 180
66 156 175
5 34 127
66 179 224
16 54 137
88 182 223
67 68 145
57 72 243
65 72 243
0 42 181
29 77 117
83 85 193
86 97 190
10 86 190
55 119 211
88 135 163
88 135 194
12 88 194
88 221 223
65 217 243
21 48 79
92 134 158
90 118 168
90 114 168
40 92 122
92 122 158
92 123 132
34 124 168
87 92 132
104 140 232
94 101 111
96 125 241
23 99 166
150 203 212
96 125 183
96 178 237
62 101 143
51 101 143
165 178 189
41 79 155
103 207 215
47 111 229
69 103 215
85 104 232
66 106 175
106 169 175
109 171 219
121 167 172
75 176 230
115 154 178
45 115 178
4 118 228
54 106 169
118 195 228
144 176 183
119 129 158
53 120 159
23 31 98
84 104 209
102 120 159
105 122 131
17 125 241
122 129 131
125 127 234
126 162 204
55 128 141
123 132 225
113 134 158
31 98 151
39 63 202
90 112 118
7 143 147
51 143 147
110 228 240
144 176 230
144 187 230
150 164 212
156 167 202
160 178 189
130 165 191
39 63 247
45 165 191
26 145 157
167 172 226
118 168 195
16 54 169
