81 197 208
88 163 245
65 188 217
65 182 243
19 116 213
38 157 215
46 230 244
61 79 198
34 61 124
41 155 229
129 131 137
55 128 138
156 179 210
65 72 161
22 182 243
76 78 161
72 78 161
139 188 217
29 117 186
17 206 241
6 226 235
66 169 175
32 192 222
135 153 163
9 171 200
10 78 153
32 192 249
10 86 97
57 72 153
67 69 157
11 52 103
11 68 69
19 207 215
48 116 213
74 111 229
18 36 174
21 48 212
114 118 168
19 116 207
6 152 235
17 159 205
39 53 63
125 206 241
20 80 233
46 244 246
18 94 101
49 74 246
14 184 191
51 62 143
45 184 191
31 99 151
46 230 246
53 102 120
128 138 231
35 77 132
16 54 247
105 106 169
16 175 202
92 123 134
27 115 184
35 123 225
113 158 196
2 82 209
83 193 196
2 27 184
28 197 242
28 170 238
28 170 197
60 76 208
10 78 81
60 76 161
65 161 188
108 172 243
76 78 81
76 81 208
13 60 208
13 60 161
173 186 238
117 186 242
29 35 77
29 77 162
29 173 186
162 177 224
40 87 92
29 162 177
50 179 210
50 56 210
50 56 204
56 126 204
56 121 172
192 222 223
22 172 243
22 172 226
57 65 182
22 182 223
121 172 226
6 222 226
156 167 175
121 167 226
121 156 167
167 226 235
91 180 201
4 118 195
4 90 118
9 200 249
4 32 112
142 192 249
12 142 221
12 190 194
12 190 249
153 163 245
57 65 72
57 182 245
72 78 153
57 153 245
71 200 249
135 163 194
10 135 194
10 135 153
12 88 221
12 142 249
71 97 190
10 190 194
71 190 249
32 218 249
109 171 200
4 32 218
71 109 200
4 218 228
4 195 228
38 110 228
26 110 240
3 19 213
69 157 215
67 68 69
67 145 157
145 219 239
171 219 239
10 97 190
109 171 239
10 86 242
11 52 68
67 68 97
68 86 97
52 68 86
24 70 94
24 52 86
24 52 70
30 70 94
52 59 70
30 59 70
30 43 59
43 133 207
19 38 215
116 133 207
21 41 47
116 133 203
48 116 212
116 203 212
133 150 203
48 79 155
21 47 174
18 36 47
18 94 174
94 164 174
41 47 229
36 47 174
21 41 48
15 155 229
41 48 155
15 229 233
5 124 168
75 80 216
61 124 198
136 152 201
48 146 213
44 227 236
33 124 236
38 195 228
90 114 118
44 124 168
44 124 236
5 114 168
5 34 124
5 114 152
159 201 205
53 91 159
17 205 206
120 149 199
120 149 241
17 102 241
102 120 241
8 125 234
37 89 189
34 127 234
127 136 206
20 80 93
34 61 93
8 75 80
34 80 93
15 20 233
20 61 93
15 79 155
95 229 233
23 49 74
8 75 176
8 144 176
23 98 166
37 130 191
160 166 189
31 89 99
7 89 143
51 62 101
1 23 166
51 101 147
7 147 151
89 100 143
1 166 187
37 89 100
37 130 189
37 100 191
160 166 187
144 220 237
73 160 187
73 220 237
1 187 230
73 187 220
73 160 237
96 149 241
63 64 199
130 178 189
149 154 178
45 115 184
130 165 178
2 119 148
0 154 181
27 42 211
119 129 138
55 64 128
107 128 231
42 141 211
55 64 141
0 27 42
55 141 211
64 141 181
64 181 199
53 63 199
167 175 202
53 120 199
39 53 202
58 202 235
91 159 201
58 91 180
167 202 235
58 180 235
54 131 169
16 54 175
54 131 137
54 169 175
105 131 169
137 231 247
54 137 247
40 87 106
129 137 231
87 92 123
35 123 132
132 162 224
25 132 162
25 77 162
25 77 132
117 225 232
123 134 214
85 214 232
85 113 196
123 225 232
117 140 232
123 214 232
85 193 196
85 104 140
85 140 232
129 138 231
122 129 158
119 148 196
83 185 248
2 14 82
2 14 184
2 148 248
83 104 185
82 84 209
84 104 140
9 240 249
186 238 242
95 229 246
74 229 246
218 228 240
187 220 230
108 217 243
216 244 246
177 204 224
39 202 247
180 201 235
201 205 206
142 192 221
192 221 223
144 183 237
164 174 212
21 174 212
43 59 207
101 147 151
125 127 206
55 119 138
66 87 224
52 59 207
42 141 181
56 126 172
98 101 151
50 204 224
160 178 237
74 101 111
3 19 38
88 163 194
222 223 226
29 35 225
0 27 154
7 31 89
45 165 178
30 133 150
27 119 211
64 107 128
75 216 244
26 145 219
136 201 206
11 69 215
4 6 112
40 106 122
11 103 215
176 220 230
33 146 213
26 171 219
18 47 111
104 185 209
6 32 112
13 170 197
2 185 209
48 79 146
33 227 236
1 23 230
79 146 198
2 27 119
85 134 214
44 168 195
96 183 237
5 127 136
8 144 183
119 158 196
7 31 151
95 216 246
23 230 246
10 197 242
83 85 104
88 182 245
100 143 191
23 49 246
96 149 178
13 161 170
108 126 172
6 32 222
3 38 227
27 115 154
83 148 248
5 136 152
89 166 189
14 62 82
30 94 150
89 99 166
8 34 234
13 197 208
74 98 101
8 34 80
53 91 202
2 185 248
4 6 90
26 38 110
29 117 225
63 231 247
10 81 197
20 61 79
63 107 231
22 223 226
33 146 198
152 201 235
105 106 122
15 20 79
8 125 183
85 113 134
29 173 177
16 202 247
26 38 157
30 43 133
170 173 188
17 53 159
3 33 213
66 156 179
66 156 175
5 34 127
66 179 224
88 182 223
58 91 202
67 97 239
0 42 181
23 74 98
75 230 244
80 95 233
80 95 216
83 85 193
83 148 196
98 151 166
6 90 152
33 124 198
66 87 169
87 106 169
55 119 211
126 173 204
12 88 194
88 221 223
65 217 243
92 134 158
56 121 210
67 145 239
40 92 122
92 122 158
50 179 224
28 238 242
94 150 164
96 125 241
150 203 212
96 125 183
96 178 237
97 109 239
38 44 195
71 97 109
126 139 217
52 103 207
103 207 215
14 62 191
47 111 229
149 154 199
90 114 152
75 176 230
115 154 178
45 115 178
144 176 220
119 129 158
84 104 209
121 156 210
105 122 131
122 129 131
18 101 111
87 123 224
125 127 234
17 53 102
108 126 217
123 132 224
99 151 166
218 240 249
63 64 107
113 134 158
126 139 173
139 173 188
7 143 147
51 143 147
62 143 191
110 228 240
150 164 212
154 181 199
160 178 189
130 165 191
161 170 188
39 63 247
45 165 191
26 145 157
118 168 195
38 44 227
170 173 238
3 33 227
26 171 240
173 177 204
9 171 240
