2 4 192
40 61 186
63 161 183
90 156 183
35 87 138
11 31 193
75 83 113
18 78 186
84 101 175
81 91 131
2 160 167
24 48 129
5 40 169
74 86 135
13 84 101
11 49 193
49 152 193
6 68 189
6 38 142
33 56 65
158 165 169
79 173 189
65 137 179
24 63 161
6 68 142
50 63 173
90 161 183
14 36 153
36 52 153
14 58 146
57 89 145
37 108 124
92 106 170
92 106 159
138 151 154
93 181 182
30 119 143
149 180 196
96 134 136
71 128 196
13 110 117
3 125 163
26 32 45
32 40 169
56 158 178
5 158 169
45 160 165
2 167 192
32 165 169
32 45 165
42 84 175
78 112 186
18 26 186
42 78 133
18 42 78
78 112 133
13 84 110
41 117 127
18 26 70
74 110 117
34 53 95
115 127 184
12 68 111
68 173 189
68 111 142
12 68 69
2 22 160
2 4 22
160 165 167
38 178 192
56 65 178
167 178 192
33 65 137
65 178 179
38 178 179
33 61 121
33 56 61
10 33 176
33 48 176
50 164 173
24 63 173
44 98 156
44 98 164
50 98 164
0 24 161
24 48 176
10 24 176
0 67 148
87 148 198
0 64 148
99 161 171
90 99 161
14 95 146
34 60 95
54 138 151
8 104 106
85 120 153
44 51 60
53 69 199
95 146 172
62 187 191
108 187 191
102 124 195
8 188 197
8 20 197
20 72 197
8 20 106
1 122 139
1 82 122
1 116 139
16 82 122
16 82 107
92 139 159
1 116 155
104 106 159
181 182 195
88 126 144
23 105 185
23 46 185
94 105 174
23 94 105
9 83 105
102 108 124
21 75 109
21 102 195
21 194 195
21 75 194
76 103 113
55 77 166
128 180 196
55 71 128
39 140 193
55 57 166
57 97 166
97 109 166
57 97 100
103 109 168
19 21 102
27 118 191
39 41 193
39 41 117
41 152 193
13 39 117
11 31 118
80 89 119
31 57 145
80 89 145
7 25 140
3 73 125
3 47 112
28 80 145
28 29 80
3 73 112
43 81 131
73 125 177
119 123 143
80 119 123
29 80 123
55 89 128
55 57 89
89 128 136
30 91 134
30 119 134
172 190 199
15 190 199
182 194 195
9 182 194
77 166 168
158 165 178
149 150 180
31 145 193
140 145 193
115 152 157
131 149 150
15 130 157
130 132 157
79 129 137
96 128 150
128 150 180
29 125 143
109 166 168
16 122 147
52 122 147
67 121 148
44 51 99
77 103 168
43 81 143
0 161 171
6 38 189
38 179 189
52 92 139
17 37 58
14 58 72
103 162 196
10 33 67
27 31 118
29 114 163
29 125 163
26 32 40
66 115 184
49 62 130
19 27 31
44 69 164
26 135 160
26 45 160
26 40 186
46 105 185
37 58 72
24 79 129
44 90 99
0 24 67
22 66 160
23 46 144
11 49 62
4 38 111
21 97 100
20 59 170
20 59 72
14 59 72
8 93 104
9 46 144
9 144 182
40 56 61
16 147 151
29 123 143
53 60 69
7 114 163
79 179 189
14 95 120
42 112 133
66 115 157
116 139 159
41 115 152
12 15 69
54 85 138
7 28 29
1 88 155
12 22 111
85 99 171
7 13 101
10 24 67
4 38 192
68 164 173
14 59 170
8 93 181
24 79 173
11 118 191
33 67 121
55 71 77
25 28 140
3 101 163
20 106 170
98 156 183
19 27 102
15 69 199
12 15 157
73 131 149
119 134 136
91 96 134
125 143 177
9 75 194
165 167 178
26 70 135
7 29 114
0 64 171
58 146 172
12 22 66
76 103 196
116 155 159
5 40 56
23 88 126
23 126 144
51 95 120
14 36 170
4 22 111
5 56 158
13 39 140
141 162 196
18 42 84
14 120 153
15 62 190
47 101 175
21 97 109
3 47 101
7 13 140
15 62 130
16 138 154
7 25 28
31 57 100
38 111 142
77 141 196
52 92 170
23 88 94
16 151 154
17 62 187
52 122 139
93 104 155
18 70 84
50 63 98
19 31 100
88 144 155
42 112 175
34 53 60
28 140 145
9 46 105
83 105 113
33 48 137
47 112 175
72 124 188
48 129 137
76 113 174
91 96 150
49 130 132
51 60 95
76 94 174
52 85 153
52 54 85
52 54 151
52 147 151
36 52 170
53 95 172
53 172 199
64 171 198
91 131 150
93 144 182
9 75 83
17 58 190
51 99 120
124 181 188
37 72 124
58 172 190
63 98 183
64 148 198
44 60 69
17 62 190
12 66 157
30 91 143
35 121 148
70 74 86
124 181 195
70 74 110
70 84 110
70 86 135
1 82 88
72 188 197
11 62 191
43 73 131
17 108 187
27 102 191
73 143 177
74 135 160
74 160 184
75 103 113
75 103 109
16 35 138
117 127 184
44 90 156
76 88 107
35 87 148
76 107 196
77 103 162
77 141 162
49 152 157
71 77 196
82 88 107
41 115 127
81 91 143
68 69 164
93 144 155
85 87 198
85 87 138
85 171 198
76 88 94
79 137 179
96 128 136
85 99 120
49 132 157
102 108 191
104 155 159
105 113 174
19 21 100
7 101 163
8 181 188
43 73 143
17 37 108
74 117 184
66 160 184
89 119 136
