17 187 190
40 61 186
22 66 135
35 138 154
17 37 187
35 87 138
8 181 195
50 98 156
37 188 197
18 78 186
2 160 167
74 117 127
6 38 142
158 165 169
79 173 189
65 137 179
6 68 142
51 85 120
35 67 121
33 79 129
36 92 170
14 36 153
16 52 147
14 58 146
36 52 92
103 141 162
138 151 154
30 119 143
96 150 180
123 143 177
71 141 196
149 180 196
71 128 196
91 134 150
13 114 163
7 13 114
30 81 143
5 40 61
5 158 169
45 160 165
32 165 169
32 40 186
32 45 165
42 84 175
78 112 186
42 133 175
18 26 186
42 78 133
18 42 78
78 112 133
112 133 175
42 84 110
41 117 127
74 86 110
18 26 70
26 70 86
70 86 110
74 127 184
74 110 117
115 157 184
115 127 184
12 68 69
6 38 137
2 4 22
160 165 167
167 178 192
33 65 137
38 137 179
33 79 137
33 61 121
10 33 176
33 48 176
79 129 173
33 48 129
44 98 156
44 98 164
50 98 164
99 171 198
87 148 198
99 161 171
54 85 198
87 138 198
90 99 161
14 95 146
147 151 154
16 147 154
16 35 154
92 122 139
36 59 170
54 85 153
85 120 153
14 95 153
34 44 60
53 69 199
53 69 164
95 146 172
62 187 190
19 100 109
37 72 197
37 124 188
8 20 197
20 72 197
8 20 106
1 116 139
16 82 122
1 82 107
16 82 107
92 139 159
144 155 182
8 104 181
93 104 181
46 144 182
93 155 182
23 105 185
94 105 174
23 94 105
76 103 107
102 108 124
21 75 109
19 21 109
21 194 195
21 75 194
103 162 168
55 71 141
55 71 128
39 140 193
19 100 118
19 21 102
62 118 191
27 118 191
57 100 118
19 27 118
39 41 117
7 13 39
7 39 140
80 89 119
31 57 145
31 57 118
80 89 145
31 140 193
31 140 145
7 25 140
25 140 145
73 125 177
119 123 143
80 119 123
29 80 123
89 119 134
89 128 136
30 91 134
30 119 134
188 195 197
172 190 199
15 190 199
182 194 195
9 182 194
46 182 185
178 179 192
77 166 168
158 165 178
156 173 183
90 156 161
54 151 198
73 149 177
156 161 183
149 150 180
77 141 166
55 141 166
115 152 157
96 136 150
74 135 184
43 131 177
131 149 177
131 149 150
15 130 157
130 132 157
108 124 191
29 123 125
123 125 177
44 51 99
44 99 156
43 81 143
9 105 182
43 143 177
39 152 193
20 92 170
107 116 155
89 128 145
17 37 58
34 53 199
34 172 199
34 95 172
34 53 164
10 33 67
23 94 126
63 129 173
30 43 81
29 114 163
29 125 163
13 84 175
51 85 198
77 162 168
13 39 84
30 43 91
26 135 160
26 45 160
36 58 59
37 58 72
34 44 164
35 67 148
31 118 193
55 97 166
21 124 188
55 128 145
21 102 124
62 118 130
20 59 170
12 111 142
20 59 72
24 63 183
138 151 198
3 13 163
7 28 114
12 68 142
36 54 153
88 94 126
6 173 189
89 136 150
116 139 159
0 24 171
0 10 64
41 115 152
12 15 69
13 47 101
73 125 163
12 22 111
0 48 129
33 61 65
32 45 186
96 180 196
43 91 131
25 28 80
26 74 135
8 92 104
33 67 121
19 27 102
15 69 199
39 41 152
37 124 187
5 32 40
14 36 58
0 10 176
12 15 157
25 80 145
18 70 110
11 152 193
10 64 67
0 48 176
5 56 61
13 101 175
21 188 195
97 100 168
6 68 173
3 13 47
165 167 178
3 47 73
26 74 86
18 42 110
2 135 160
0 64 171
96 128 196
11 49 152
12 22 66
44 60 120
2 4 167
116 155 159
24 161 183
4 22 111
16 52 92
66 135 184
56 65 179
5 56 158
84 110 117
44 51 120
36 52 54
5 32 169
158 178 179
15 62 190
6 79 189
47 101 175
6 79 137
56 158 179
15 62 130
0 24 129
3 73 163
7 25 28
16 92 122
38 111 142
93 104 155
107 141 196
62 124 187
88 144 155
24 63 129
20 92 106
51 99 198
26 45 186
46 88 144
46 88 126
39 84 117
63 173 183
83 105 113
47 73 112
47 112 175
49 130 132
11 49 130
50 68 164
55 57 145
34 95 153
58 59 72
76 94 174
24 161 171
52 54 151
52 147 151
56 61 65
103 113 174
55 57 100
64 171 198
91 131 150
17 58 190
58 146 190
60 120 153
62 124 191
146 172 190
64 67 148
64 148 198
11 118 193
55 97 100
38 111 179
12 66 157
66 157 184
29 80 114
76 103 174
93 181 195
27 102 191
50 68 173
75 105 194
2 22 135
75 83 105
76 88 107
35 87 148
34 60 153
77 141 162
49 152 157
8 92 106
28 80 114
41 115 127
105 182 185
68 69 164
1 82 139
82 122 139
83 109 113
75 83 109
46 126 185
76 88 94
88 107 155
23 126 185
89 134 150
92 104 159
50 156 173
93 182 195
96 128 136
97 166 168
90 99 156
100 109 168
49 132 157
102 108 191
104 155 159
105 113 174
9 105 194
1 107 116
103 107 141
4 111 167
111 167 192
111 179 192
103 113 168
109 113 168
11 118 130
8 195 197
