40 61 186
22 66 135
68 69 173
35 138 154
90 156 183
17 37 187
35 87 138
50 98 156
15 130 190
37 188 197
75 83 113
81 91 131
2 160 167
13 84 101
15 130 132
6 38 142
33 56 65
158 165 169
79 173 189
65 137 179
51 85 120
90 161 183
36 92 170
16 52 147
54 147 151
52 92 122
14 58 146
36 52 92
17 37 72
20 58 59
16 52 122
103 141 162
103 107 196
93 181 182
123 143 177
149 180 196
96 134 136
71 128 196
13 110 117
13 101 163
114 125 163
30 81 91
81 143 177
26 32 45
158 167 178
56 158 178
5 158 169
45 135 160
158 165 167
26 45 135
32 165 169
32 45 165
78 112 186
42 133 175
18 26 186
42 78 133
78 112 133
112 133 175
13 84 110
41 117 127
18 26 70
18 42 70
26 70 86
66 74 135
66 74 184
74 110 117
11 130 132
34 53 95
115 127 184
15 132 157
68 173 189
79 137 189
12 68 69
38 178 192
167 178 192
33 65 137
38 178 179
33 61 121
33 56 61
10 33 176
79 129 173
24 63 173
53 95 199
44 98 156
44 98 164
50 98 164
0 10 67
90 99 161
14 95 146
34 60 95
54 138 151
16 147 154
16 35 154
92 122 139
52 54 147
36 59 170
52 54 153
14 36 59
17 58 72
20 58 72
51 60 120
44 51 60
34 44 60
53 69 164
15 157 199
95 172 199
15 172 190
15 172 199
95 146 172
75 109 113
83 113 174
37 72 197
8 188 197
37 124 188
14 58 59
20 59 106
8 20 197
20 72 197
59 106 170
1 116 139
16 82 122
1 82 107
16 82 107
139 155 159
1 116 155
124 188 195
181 182 195
1 107 155
116 139 155
107 144 155
88 107 126
88 107 144
23 46 126
23 46 185
23 76 94
9 83 105
76 103 107
97 100 109
9 182 195
21 75 109
21 102 195
27 108 191
21 194 195
75 83 194
21 75 194
103 141 196
128 180 196
55 71 128
39 140 193
55 57 166
19 100 118
57 97 166
97 109 166
57 97 100
19 27 108
19 102 108
27 118 191
57 100 118
19 27 118
11 49 132
115 127 152
39 41 193
39 41 117
41 127 152
41 152 193
7 39 140
80 89 119
31 57 145
31 57 118
80 89 145
7 25 114
7 25 140
25 140 145
47 101 112
28 29 80
28 29 125
43 81 131
119 123 143
80 119 123
89 128 136
30 119 134
181 188 195
6 179 189
137 179 189
24 173 176
77 166 196
77 166 168
161 171 198
156 173 183
31 145 193
140 145 193
6 142 189
92 139 170
138 147 151
138 147 154
48 137 176
33 137 176
134 150 180
131 149 180
131 150 180
79 129 137
108 124 191
109 166 168
67 121 148
44 51 99
77 103 168
42 70 74
89 128 145
14 60 95
34 53 164
54 85 120
10 33 67
51 85 198
26 32 40
50 69 164
66 115 184
38 111 192
2 22 111
8 93 155
26 40 186
104 159 170
25 114 125
71 166 196
46 105 185
25 28 125
44 90 99
84 110 175
34 44 164
23 107 126
31 118 193
55 128 145
12 111 142
24 63 183
14 52 153
9 46 144
9 144 182
40 56 61
23 76 107
7 114 163
18 42 186
12 68 142
7 39 117
7 13 117
53 69 157
81 119 143
6 38 179
66 115 157
0 24 171
11 130 190
73 125 163
30 91 150
42 78 186
12 22 111
20 104 106
25 28 80
26 74 135
8 93 181
11 118 191
33 67 121
48 173 176
21 100 102
84 101 112
3 101 163
37 124 187
84 112 175
5 32 40
0 10 176
80 123 177
5 40 158
53 157 199
25 80 145
73 131 149
99 161 198
11 152 193
119 134 136
2 4 111
96 128 180
0 24 176
3 47 73
26 74 86
2 135 160
0 64 171
58 146 172
11 49 152
12 22 66
2 4 167
45 165 167
11 62 190
24 161 183
102 108 195
7 13 163
30 134 150
54 120 153
56 65 179
54 85 87
14 120 153
5 32 169
14 36 52
29 73 125
14 60 120
8 20 104
3 47 101
3 73 163
38 111 142
77 141 196
17 62 187
62 124 187
45 160 167
51 99 198
46 88 144
46 88 126
63 173 183
9 46 105
47 73 112
42 74 110
68 142 189
48 129 137
9 83 195
21 100 109
48 129 173
55 71 166
49 115 157
55 57 145
50 69 173
24 161 171
56 178 179
103 113 174
49 115 152
54 87 138
64 171 198
91 131 150
93 144 182
17 58 190
139 159 170
58 172 190
62 124 191
0 64 67
64 67 148
64 87 148
11 118 193
94 103 174
17 62 190
12 66 157
12 69 157
35 121 148
70 74 86
8 104 155
42 110 175
11 62 191
40 56 158
73 81 177
43 73 81
43 73 131
96 134 180
2 22 135
117 127 184
44 90 156
35 87 148
83 105 185
77 103 162
77 141 162
29 80 177
30 81 119
93 144 155
1 82 139
82 122 139
76 94 103
83 174 185
64 87 198
83 194 195
85 87 198
29 73 177
23 94 185
50 156 173
96 128 136
19 100 102
49 132 157
104 155 159
104 106 170
108 124 195
4 111 167
111 167 192
94 174 185
8 181 188
103 113 168
109 113 168
74 117 184
89 119 136
