40 61 186
22 66 135
90 156 183
17 37 187
35 87 138
15 130 190
11 31 193
18 78 186
29 125 177
81 91 131
6 137 189
74 86 135
6 38 142
79 173 189
65 137 179
50 63 173
36 92 170
14 36 153
16 52 147
54 147 151
52 92 122
36 52 153
14 58 146
36 52 92
17 37 72
11 62 130
37 108 124
92 106 170
16 52 122
93 181 182
77 109 166
149 180 196
96 134 136
91 134 150
13 110 117
13 101 163
13 114 163
7 13 114
3 47 163
5 40 61
32 40 169
158 167 178
45 135 160
45 160 165
26 45 135
32 165 169
32 40 186
32 45 165
78 112 186
42 133 175
42 78 133
42 70 110
18 42 78
78 112 133
13 84 110
41 117 127
74 86 110
18 26 70
18 42 70
26 70 86
66 74 135
26 86 135
70 86 110
12 66 111
66 74 184
74 110 117
115 127 184
68 173 189
79 137 189
12 68 69
167 178 192
33 65 137
56 61 158
33 61 121
10 33 176
33 48 176
79 129 173
44 98 164
50 98 164
50 63 183
10 67 121
87 148 198
99 161 171
0 10 67
10 33 121
64 148 171
54 85 198
87 138 198
148 171 198
51 90 156
90 99 161
14 95 146
51 90 99
34 60 95
16 147 154
92 122 139
52 54 147
8 104 106
52 54 153
54 85 153
85 120 153
17 58 72
17 58 146
60 95 120
51 60 120
44 53 164
44 51 60
34 44 60
53 69 199
34 44 53
53 69 164
15 157 199
95 146 172
62 130 190
62 187 191
108 187 191
11 62 118
37 108 187
19 100 109
20 59 106
8 20 197
20 72 197
59 106 170
8 20 106
1 116 139
16 82 122
16 82 107
92 139 159
1 116 155
8 104 181
124 188 195
88 107 126
88 107 144
23 105 185
23 46 126
23 46 185
23 76 94
97 100 109
102 108 124
21 75 109
19 21 109
21 194 195
75 83 194
21 75 194
76 103 113
103 162 168
96 136 180
55 71 128
39 140 193
77 109 168
97 109 166
19 21 102
62 118 191
27 118 191
19 27 118
80 89 119
31 57 145
80 89 145
25 140 145
3 47 112
28 29 80
3 73 112
43 81 131
80 119 123
29 80 123
89 134 136
172 190 199
15 190 199
46 182 185
181 188 195
178 179 192
104 159 181
54 151 198
17 146 187
31 145 193
140 145 193
6 142 189
77 141 166
55 141 166
139 159 181
138 147 151
138 147 154
136 180 196
134 150 180
131 149 180
131 150 180
15 130 157
130 132 157
79 129 137
67 121 148
43 81 143
9 105 182
41 152 157
39 152 193
50 98 183
14 58 72
103 162 196
34 53 172
34 95 172
2 160 165
63 129 173
29 114 163
29 125 163
13 84 175
77 162 168
66 115 184
1 144 155
30 119 123
11 31 57
2 22 111
40 165 169
19 57 118
41 115 157
23 105 174
9 181 182
84 110 175
23 107 126
55 97 166
62 146 187
21 102 124
12 111 142
20 59 72
14 59 72
138 151 198
5 40 165
29 123 143
7 28 114
23 76 107
83 105 195
14 95 120
12 68 142
7 39 117
7 13 117
6 38 179
66 115 157
19 57 100
0 24 171
25 39 140
8 181 197
24 90 161
0 48 129
11 57 118
33 61 65
69 157 199
85 99 171
101 133 175
6 137 179
3 73 177
7 25 39
25 28 80
23 94 174
14 59 170
98 156 183
2 158 167
19 27 102
0 10 176
25 80 145
73 131 149
11 152 193
18 32 186
0 48 176
13 101 175
2 4 111
47 112 163
2 135 160
0 64 171
11 49 152
29 143 177
76 103 196
2 4 167
21 124 195
55 71 196
14 36 170
141 162 196
14 120 153
158 178 179
0 24 129
89 91 134
16 138 154
7 25 28
38 111 142
30 89 119
28 29 114
55 128 136
18 32 45
18 26 45
24 63 129
46 88 144
46 88 126
46 93 182
83 105 113
46 144 155
33 48 137
72 124 188
68 142 189
48 129 137
76 113 174
49 130 132
11 49 130
50 68 164
55 57 145
24 63 90
44 51 98
76 94 174
51 98 156
24 161 171
63 90 183
56 61 65
53 172 199
55 57 100
55 89 136
55 89 145
55 141 196
91 131 150
93 116 181
51 99 120
61 158 165
5 61 165
37 72 124
62 146 190
146 172 190
0 64 67
64 67 148
41 117 152
65 158 179
56 65 158
55 97 100
38 111 179
12 66 157
30 91 143
12 69 157
35 121 148
71 136 196
71 128 136
39 117 152
42 110 175
72 188 197
43 73 131
27 102 191
73 143 177
181 188 197
50 68 173
96 134 180
16 35 138
2 22 135
117 127 184
35 87 148
76 107 196
77 141 162
46 93 155
49 152 157
41 115 127
81 91 143
105 182 185
68 69 164
101 112 133
1 82 139
82 122 139
82 107 144
1 82 144
83 109 113
75 83 109
83 194 195
85 171 198
125 163 177
30 89 91
22 66 111
92 104 159
92 104 106
93 116 155
85 99 120
49 132 157
102 108 191
105 113 174
9 181 195
9 105 195
2 158 165
3 163 177
4 111 167
111 167 192
111 179 192
101 112 163
43 73 143
103 113 168
109 113 168
116 139 181
74 117 184
30 123 143
