17 187 190
40 61 186
35 138 154
90 156 183
17 37 187
35 87 138
8 181 195
50 98 156
18 78 186
5 40 169
49 152 193
6 68 189
6 38 142
79 173 189
65 137 179
6 68 142
51 85 120
36 92 170
14 36 153
54 147 151
36 52 153
36 52 92
17 37 72
37 108 124
103 141 162
93 181 182
96 150 180
123 143 177
71 141 196
91 150 180
149 180 196
71 128 196
91 131 149
114 125 163
3 47 163
91 149 180
81 143 177
32 40 169
56 158 178
45 135 160
45 160 165
26 45 135
32 40 186
42 84 175
78 112 186
18 26 186
78 112 133
112 133 175
18 26 70
26 70 86
4 111 192
74 127 184
115 132 157
34 53 95
115 157 184
115 127 184
111 142 192
68 173 189
6 38 137
2 22 160
56 65 178
167 178 192
33 65 137
65 178 179
38 137 179
33 61 121
53 95 199
44 98 156
44 98 164
50 98 164
24 48 176
10 67 121
99 171 198
0 64 148
99 161 171
67 87 148
10 33 121
90 99 161
14 95 146
34 60 95
54 138 151
16 147 154
16 35 154
52 54 147
36 59 170
8 104 106
14 36 59
85 120 153
17 58 72
44 51 60
34 44 60
34 44 53
15 172 190
15 172 199
62 187 190
11 62 118
37 108 187
19 100 109
83 113 174
94 113 174
20 59 106
8 20 197
20 72 197
59 106 170
8 20 106
1 116 139
16 82 122
1 82 107
16 82 107
1 116 155
8 104 181
104 106 159
124 188 195
46 126 144
116 139 155
88 126 144
76 94 113
76 103 107
97 100 109
102 108 124
21 75 109
19 21 109
21 194 195
75 83 194
21 75 194
76 103 113
103 162 168
55 71 141
55 71 128
57 97 100
19 21 102
62 118 191
27 118 191
19 27 118
115 127 152
41 127 152
13 39 117
11 31 118
80 89 119
31 57 145
31 57 118
80 89 145
28 114 125
25 28 145
7 25 114
101 112 175
47 101 112
43 73 177
28 80 145
25 28 114
28 29 80
28 29 125
80 119 123
29 80 123
55 89 128
89 128 136
89 134 136
43 81 177
188 195 197
178 179 192
158 165 178
104 159 181
156 173 183
31 145 193
140 145 193
77 141 166
55 141 166
139 159 181
93 139 181
92 139 170
138 147 151
138 147 154
130 132 157
79 129 137
29 123 125
123 125 177
16 122 147
52 122 147
44 51 99
5 158 165
76 88 126
39 152 193
39 41 127
52 92 139
97 109 168
44 53 69
23 94 126
2 160 165
31 49 193
13 84 175
51 85 198
11 31 49
50 69 164
77 162 168
1 144 155
30 119 123
49 62 130
39 117 127
44 69 164
2 22 111
13 84 117
46 105 185
77 97 168
35 87 121
19 57 118
83 109 168
44 90 99
22 66 160
9 181 182
23 83 174
55 97 166
11 49 62
4 167 192
21 102 124
12 111 142
20 59 72
64 87 171
9 46 144
9 144 182
40 56 61
7 140 145
7 114 163
10 33 48
14 95 120
12 68 142
12 15 199
12 53 199
19 57 100
0 24 171
13 47 101
12 22 111
1 88 144
24 90 161
13 47 163
33 61 65
13 39 193
32 45 186
18 78 133
96 180 196
43 91 131
10 48 176
23 94 174
26 74 135
19 27 102
12 15 130
39 41 152
0 10 176
38 142 179
73 131 149
13 101 175
2 4 111
0 24 176
95 146 199
165 167 178
14 59 146
5 165 169
3 47 73
1 88 107
26 74 86
0 64 171
96 128 196
2 165 167
58 146 172
0 10 148
12 22 66
62 108 187
2 4 167
5 40 56
21 124 195
51 95 120
7 13 163
12 53 69
12 68 173
5 56 158
58 59 146
67 87 121
84 110 117
54 85 87
45 165 169
12 130 157
91 96 136
18 42 84
13 140 193
14 120 153
62 108 191
63 79 129
18 42 175
12 69 173
77 97 166
15 62 190
6 79 189
6 79 137
7 13 140
15 62 130
3 73 163
89 91 134
18 133 175
142 179 192
52 122 139
107 141 196
18 70 84
30 89 119
146 172 199
51 99 198
26 45 186
63 173 183
9 46 105
47 73 112
33 48 137
72 124 188
24 48 63
48 63 129
48 129 137
49 115 132
91 96 150
49 130 132
55 57 145
50 69 173
58 59 72
73 163 177
51 60 95
63 79 173
24 63 90
52 85 153
24 161 171
63 90 183
52 54 85
106 159 170
56 61 65
49 115 152
54 87 138
55 57 97
55 89 145
93 144 182
17 58 190
139 159 170
37 72 124
58 172 190
64 87 148
12 66 157
66 157 184
30 91 143
70 74 86
70 74 110
70 84 110
72 188 197
23 83 185
43 73 131
27 102 191
10 67 148
74 135 160
74 160 184
44 90 156
76 88 107
83 105 185
77 141 162
43 81 91
81 91 143
93 144 155
32 45 169
1 82 139
82 122 139
75 83 109
83 113 168
85 87 198
87 171 198
46 126 185
125 163 177
30 89 91
23 126 185
91 134 136
50 156 173
93 139 155
76 94 126
96 128 136
102 108 191
83 105 194
9 181 195
105 194 195
9 105 195
103 107 141
74 110 127
110 117 127
103 113 168
66 160 184
8 195 197
30 123 143
7 25 145
