-1486.6 736.891
189.832 1957.35
-1106.81 -637.268
404.143 -1935.59
-1101.24 -431.154
-1630.87 -1284.46
-1377.74 -128.423
393.775 -1211.6
419.696 1200.09
1049.14 1266.25
-1765.38 446.621
215.113 -225.433
-748.497 -16.7818
117.7 -1345.22
-320.535 992.196
-207.211 192.866
-270.913 1982.62
150.213 622.278
-654.647 -1445.64
686.692 244.116
123.202 1055.82
959.655 745.467
-1072.6 -646.57
1533.87 1347.09
-1446.48 583.006
613.343 -1211.86
-970.373 -1171.54
562.702 281.13
811.674 -1319.6
935.911 -1508.86
1672.6 -1271.3
684.006 -598.315
-1288.68 -1165.78
-1976.04 56.6725
-611.426 710.655
-1699.21 1511.78
-233.524 1260.44
257.244 693.874
-1386.13 -208.887
40.9679 -832.608
-1625.88 -1345.69
-44.4727 -596.255
-517.233 -1481.77
1684.88 -1705.56
-801.368 620.786
-1214.42 -1128.77
1349.49 1469.59
272.915 -1939.19
-1696.2 296.878
117.478 -307.621
-992.467 418.266
-795.845 774.009
-321.29 1461.4
-532.117 292.583
-747.488 1508.85
1459.98 -373.369
-1836.84 -584.497
1030.38 -354.072
-66.2681 715.251
-59.6308 1132.36
-663.963 725.95
-1996.41 -1314.48
195.536 276.509
-1253.67 499.34
-1426.61 863.806
-1808.28 -419.08
-717.928 -604.126
-1645.07 960.782
-1142.73 -177.189
-746.635 109.785
-668.338 -1286.66
1736.42 -505.176
128.843 766.792
1140.75 -1937.43
-517.957 -918.879
1194.94 818.08
1807.07 1198.53
1503.6 2.60625
-524.959 -1750.07
-1498.05 48.4278
1113.74 -1306.34
1629.35 -1604.19
89.5384 1984.28
1356.59 946.811
-192.912 -1390.04
-943.403 1138.75
-676.704 -1206.99
-1366.43 1452.14
1559.8 1774.33
1514.71 -958.153
-1144.55 709.652
1859.93 -1337.48
-91.8157 1363.53
665.124 1383.23
1613.46 1167.07
-568.347 727.2
1860.73 -938.999
1123.01 -49.7273
-954.723 479.601
-1102.92 852.364
1089.56 -46.3193
-8.88583 -1587.15
746.693 624.688
1864.99 306.497
399.013 1379.71
1348.34 1254.46
89.3584 1208.27
1916.98 1997.54
571.801 582.101
1380.77 185.263
-250.829 -1187.58
-1087.54 -390.095
-126.578 -1964.53
1560.18 918.699
515.073 -1542.74
-228.937 -395.37
410.943 1762.18
17.4837 -842.364
386.865 -117.524
1464.13 -1214.12
-737.817 812.475
-1959.66 1351.54
20.7458 1957.32
1349.08 -1407.45
539.417 729.852
777.81 -1711.41
1542.27 1690.27
-101.506 -584.305
1725.74 -541.328
-1665.61 240.817
-84.0657 105.456
1845.45 -1673.12
-132.367 -137.069
-515.487 -1745.5
1745.41 -1051.35
-959.624 -992.41
1761.12 -919.285
-1640.87 -218.134
-961.969 1708.21
374.413 1577.45
438.066 -847.777
1866.04 -19.6612
-1157.5 -235.469
1396.03 -1431.76
1223.2 1730.43
809.057 -860.863
-164.117 654.505
-533.985 1703.52
-1482.56 950.527
1958.01 -1737.16
1899.17 -1001.61
-729.566 1660.29
79.1052 -370.435
-557.84 1117.14
-662.221 1816.57
694.585 1775.85
-1031.2 560.622
-243.816 -188.71
-1674.85 -847.782
379.53 1548.36
-1117.36 -811.413
-1312.51 718.527
1843.09 153.508
422.042 -1639.47
-895.964 380.056
-1376.63 -996.792
1378.45 -106.195
-1336.5 -542.448
1523.37 105.661
-1425.31 -1138.85
-77.7666 1269.27
-1363 891.029
-170.105 393.18
-1297.68 155.048
1545.4 1081.85
-296.596 -1571.96
-1729.56 390.898
1146.57 -1886.47
-1455.59 -431.39
-1525.94 -351.559
1948.67 -902.573
651.649 1327.11
991.233 1315.15
-1215.34 514.603
-579.189 -640.648
1375.75 1343.04
-1371.37 -1987.25
234.074 458.52
405.927 936.393
-1386.43 -48.6755
18.2423 316.972
379.366 288.679
-1292.13 -474.066
402.207 -747.725
1094.54 876.263
900.716 1043.21
1973.69 -447.634
370.323 964.923
-1132.48 1154.99
-520.474 288.327
