710.875 -1086.63
-263.317 1484
-965.041 789.41
985.705 -1087.42
1757.02 994.182
1537.81 -88.5306
-560.532 -1120
1578.38 -1162.61
1940.36 494.662
-1510.41 596.01
-1046.28 -725.843
152.678 50.2601
-1328.44 190.679
300.673 -318.61
-12.2556 -1454.19
455.126 -1301.38
-540.814 -1808.19
-1817.38 494.145
981.219 1168.33
1406.73 738.243
162.51 944.539
-1350.29 1601.98
1824.54 -1771.91
-1560.63 1764.9
722.755 -1071.05
360.915 1676.47
203.111 -1486.41
-273.27 874.673
704.272 -1972.6
-1443.94 -1307.98
-1426.78 1011.19
-609.365 32.4039
1203 -426.742
-1473.45 184.217
-1258.41 1933.27
-1077.54 904.097
877.814 -427.828
506.074 702.358
-199.736 945.442
467.262 -1476.98
1874.4 -1171.82
-1800.51 77.5076
-658.23 -73.7809
-1047.82 -1953.96
-46.3782 -491.755
-1261.94 526.839
-1480.57 128.692
-1440.76 1722.43
1701.95 -914.208
-93.3512 -1556.46
-980.933 829.108
1347.63 1896.88
-1598.72 -146.292
599.24 201.545
-1200.85 -933.498
724.564 -1326.45
-105.321 924.053
751.054 1236.45
-1149.73 1703.24
1282.49 803.894
-788.52 -1979.45
-669.267 -269.086
149.239 -110.024
-546.655 -148.81
975.769 1359.99
294.727 1994.84
189.103 -357.639
1891.72 590.383
1496.07 490.957
-1208.07 -1704.78
1557.46 1516.49
-1031.23 -547.862
440.544 1719.82
-1311.41 1290.82
1423.06 1971.08
94.709 -1365.47
1991.62 1425.44
365.449 140.862
-684.581 1818.79
1992.05 -1708.81
1178.79 286.778
-1713.98 -632.11
1929.14 -1822.26
1958.27 1425.21
668.698 -1249.8
1720.43 226.157
-1733.31 -1310.81
1678.29 707.235
-1590.99 -1633.12
-1.94928 1832.07
-1662.04 -1907.24
-1533.4 -1670.42
1518.2 832.052
470.441 -1166.38
650.845 462.492
-875.192 -170.367
-1250.73 -589.169
1197.52 -1321.59
-411.428 1155.8
-1896.38 -1742.73
1906 1824.04
483.427 -1827.31
-1486.76 161.721
879.924 -1077.75
528.602 -1122.02
-1245.68 866.559
-1029.27 -779.08
1196.14 -1511.06
-1947.03 -333.421
-677.443 703.817
-1870.93 447.365
-1466.55 -1121.66
1858.2 1730.97
-443.248 -553.232
886.771 -339.631
-295.962 792.769
-515.587 -1812.54
965.458 -2.35059
349.186 -154.618
919.899 -1122.21
723.357 1674.22
1744.35 1694.09
-1104.86 940.486
-1816.97 -1051.89
-1392.94 -494.414
1651.93 -1263.86
1952.95 -1814.62
-385.521 1811.15
1916.35 1171.23
-742.085 803.12
-1168.4 961.953
-404.111 316.013
1149.42 -1438.65
-1686.34 -501.396
406.729 1233.56
376.392 -869.914
907.777 120.74
-1175.82 1802.91
-938.775 -992.792
-1248.98 -331.71
512.794 -1597.05
404.427 465.745
-1411.68 -1981.09
276.892 -1495.33
1190.14 1534.81
1307.79 -1978.26
496.76 -1096.32
337.749 -353.822
-534.972 651.411
1144.78 1871.76
