22 32 142
18 74 101
73 130 144
105 122 129
92 123 134
10 28 81
50 66 121
22 65 108
6 22 32
108 126 139
6 32 112
12 71 135
19 38 69
28 76 81
38 44 110
8 75 80
58 91 114
6 58 114
39 53 58
16 39 58
39 53 63
1 75 144
15 41 47
14 45 115
83 113 148
40 87 106
83 85 113
83 85 104
2 82 83
13 28 117
28 60 76
57 72 135
10 71 135
12 71 142
9 26 145
13 28 60
56 108 126
50 56 121
65 108 139
12 88 142
4 32 112
4 90 118
34 61 93
11 68 69
57 88 135
12 88 135
9 71 109
10 71 97
71 97 109
9 109 145
67 68 69
26 67 145
41 48 79
11 69 103
24 70 94
19 69 103
10 86 97
30 70 94
30 59 70
30 43 133
30 43 59
43 59 103
19 116 133
21 36 94
15 41 79
18 74 111
18 94 101
18 36 94
21 36 47
3 19 116
3 48 146
3 33 146
3 33 44
5 34 124
33 44 124
34 61 124
91 114 136
34 127 136
17 127 136
55 64 141
96 125 144
8 125 144
8 75 144
1 46 75
74 95 111
1 23 49
1 46 49
1 23 99
51 101 147
7 89 143
7 51 143
37 89 100
7 31 89
31 89 99
37 73 130
1 73 144
14 45 100
14 27 115
0 27 115
39 63 107
0 64 141
53 58 91
16 58 121
105 129 131
40 105 122
54 105 131
40 105 106
54 105 106
25 77 132
85 113 134
85 123 134
40 87 92
92 113 134
119 129 138
2 83 148
2 119 148
2 14 82
85 123 140
82 83 84
85 104 140
42 138 141
113 119 148
113 119 129
107 131 137
107 129 131
51 101 143
62 101 143
96 102 120
96 120 149
34 93 127
93 125 127
92 122 129
62 82 100
14 82 100
102 125 127
20 79 93
17 102 127
29 77 126
35 77 123
29 77 117
13 72 139
65 72 139
55 138 141
8 93 125
20 93 95
83 104 140
26 67 110
87 92 132
66 87 132
77 92 123
64 128 138
63 64 107
64 107 128
128 129 138
54 66 121
17 53 136
53 64 120
50 56 126
25 50 77
23 49 98
48 61 146
48 61 79
16 54 121
46 93 95
54 87 106
17 53 120
17 102 120
16 54 131
16 107 137
67 68 145
15 36 95
2 14 119
55 64 138
61 79 93
13 126 139
16 131 137
62 89 100
96 144 149
13 72 78
13 76 78
11 86 97
3 19 44
4 44 118
11 52 86
11 59 103
11 52 59
10 72 78
10 72 135
16 39 107
0 45 149
22 58 121
5 44 118
32 71 142
40 92 122
15 36 47
15 20 79
22 65 72
0 45 115
11 68 97
4 6 90
34 114 136
57 88 142
52 59 86
1 73 89
21 30 133
1 89 99
0 64 120
24 59 86
68 97 109
4 6 112
46 49 74
13 60 76
4 9 26
4 26 110
107 128 129
77 92 132
10 76 78
5 6 114
96 102 125
14 27 42
5 6 90
83 84 140
42 119 138
37 73 89
53 91 136
50 77 126
74 98 101
5 90 118
68 109 145
8 80 93
15 20 95
0 120 149
53 63 64
54 66 87
4 44 110
41 47 48
23 31 98
35 77 117
92 113 129
19 43 103
19 43 133
19 38 44
25 50 66
21 30 94
21 116 133
22 56 108
37 45 100
6 22 58
22 57 72
35 123 140
31 101 147
23 31 99
24 59 70
5 34 114
22 57 142
49 74 98
25 66 132
62 89 143
21 47 48
0 27 141
3 21 48
3 21 116
22 56 121
7 31 51
31 98 101
9 32 71
27 42 141
33 61 146
14 42 119
33 61 124
35 117 140
36 95 111
18 36 111
5 44 124
37 45 130
38 67 110
10 76 81
13 29 126
38 67 69
13 29 117
46 80 93
4 9 32
31 51 147
45 144 149
45 130 144
46 74 95
46 75 80
