22 32 142
73 130 144
6 58 121
10 28 81
13 65 72
50 66 121
22 65 108
53 102 120
6 22 32
72 76 78
12 71 135
19 38 69
8 75 80
58 91 114
6 58 114
4 90 112
8 125 127
16 39 58
63 64 120
45 130 149
15 41 47
14 45 115
96 130 149
0 115 149
107 128 138
40 87 106
83 85 104
119 129 148
13 28 117
57 72 135
10 71 135
57 65 72
22 57 65
50 56 121
6 22 121
4 32 112
4 90 118
4 32 110
6 90 114
5 34 136
5 114 136
34 61 93
9 26 110
11 68 69
57 88 135
12 88 135
22 57 88
9 71 109
10 71 97
71 97 109
9 109 145
67 68 69
11 69 103
24 70 94
19 69 103
21 48 116
97 109 145
10 86 97
30 70 94
52 59 70
30 59 70
30 43 59
19 116 133
15 20 80
15 41 79
18 36 94
3 19 116
48 79 146
3 19 38
3 33 146
33 44 124
61 79 146
34 127 136
17 127 136
55 64 141
96 130 144
34 80 93
20 80 93
20 61 93
15 80 95
46 49 95
1 23 99
23 49 74
23 98 101
23 74 101
51 62 101
51 101 147
7 89 143
51 62 143
7 51 147
7 51 143
37 89 100
23 98 99
31 89 99
31 98 99
45 115 149
1 73 144
14 45 100
55 128 138
0 64 141
63 64 128
55 64 128
102 120 149
53 91 102
17 91 102
53 58 91
53 63 120
16 58 121
16 39 137
39 107 137
66 87 106
35 77 132
35 123 132
25 77 132
119 129 138
2 83 148
2 119 148
2 14 82
83 84 104
85 104 140
84 104 140
123 134 140
85 134 140
3 116 146
0 115 141
42 138 141
107 131 137
107 131 138
105 106 131
105 106 129
105 129 138
11 97 103
92 113 122
83 85 129
85 92 113
85 92 134
83 129 148
62 82 100
14 82 100
102 125 127
34 80 127
17 102 127
123 132 134
29 77 126
29 77 117
55 138 141
102 125 149
38 69 110
68 97 145
66 87 132
66 106 131
54 66 131
39 58 63
53 58 63
56 108 139
50 56 132
54 66 121
48 116 146
18 94 111
49 74 111
31 89 147
16 54 121
36 47 94
16 54 131
9 12 71
67 68 145
96 125 149
40 92 132
13 108 139
16 131 137
52 70 103
62 89 100
25 56 132
92 132 134
12 22 88
24 86 97
12 22 142
4 44 118
9 67 145
13 29 139
10 72 78
10 72 135
5 44 118
106 122 129
1 8 144
9 110 142
94 101 111
2 83 84
2 82 84
36 47 95
40 92 122
1 73 130
21 48 79
2 14 115
13 65 108
32 110 142
9 12 142
15 20 79
11 68 97
4 38 44
49 95 111
1 23 75
1 37 89
39 63 128
105 131 138
5 34 61
17 91 114
18 95 111
1 89 99
0 64 120
40 106 122
13 60 76
21 41 79
10 76 78
5 61 124
1 8 75
15 47 95
42 119 138
21 41 94
43 52 59
85 122 129
46 80 95
1 37 130
5 90 118
17 114 136
2 27 115
0 120 149
8 96 144
9 67 69
35 77 117
18 36 95
19 43 103
56 126 139
19 43 133
20 61 79
60 76 81
13 28 81
21 116 133
21 94 133
22 56 108
37 45 100
35 123 140
31 101 147
2 42 119
25 77 126
23 46 49
23 46 75
24 97 103
24 70 103
6 32 90
4 38 110
9 26 69
62 89 143
25 56 126
8 80 127
30 43 94
2 27 42
29 126 139
50 66 132
27 115 141
22 56 121
8 96 125
7 89 147
31 98 101
13 72 76
32 90 112
27 42 141
33 38 44
3 33 38
33 61 146
33 61 124
26 69 110
35 117 140
5 90 114
5 44 124
37 45 130
10 76 81
13 29 117
39 107 128
85 113 122
40 87 132
41 47 94
74 101 111
43 94 133
43 52 103
13 60 81
46 75 80
