29 117 126
18 74 101
6 90 112
6 58 121
117 126 139
10 28 81
13 117 139
22 65 108
53 102 120
6 32 112
12 71 135
72 78 135
38 44 110
10 78 81
8 75 80
58 91 114
6 58 114
8 125 127
39 53 63
61 124 146
45 130 149
15 41 47
45 100 130
40 87 106
50 66 87
83 85 113
83 85 104
119 129 148
13 28 117
10 78 135
10 71 135
57 65 72
12 71 142
13 28 60
65 108 139
56 108 121
6 22 121
22 108 121
4 32 112
4 32 110
6 90 114
15 20 61
5 114 136
34 61 93
9 71 109
10 71 97
71 97 109
9 109 145
26 67 69
30 94 133
41 48 79
24 70 94
97 109 145
68 86 97
10 86 97
30 70 94
52 59 70
30 59 70
30 43 133
30 43 59
15 41 79
18 74 111
18 94 101
18 36 94
21 36 47
48 79 146
33 124 146
3 48 146
3 33 146
5 34 124
61 79 146
34 61 124
17 125 127
17 127 136
20 80 93
20 61 93
15 61 79
1 23 49
46 49 95
1 46 49
1 23 99
7 51 143
23 98 99
31 89 99
37 73 130
37 100 130
14 27 115
39 63 107
55 119 138
0 64 141
0 42 141
54 66 106
54 131 137
16 58 121
54 105 131
40 105 106
54 105 106
66 87 106
35 77 132
35 123 132
25 77 132
85 123 134
113 122 129
119 129 138
2 83 148
2 14 82
83 84 104
85 123 140
64 128 141
122 129 131
42 119 141
90 112 118
51 101 143
62 101 143
14 100 115
37 99 100
34 93 127
92 113 122
85 92 113
85 92 134
83 129 148
62 82 100
14 82 100
89 99 100
129 131 138
56 77 126
123 132 134
29 77 126
29 77 117
8 75 96
75 96 144
73 144 149
73 130 149
13 72 139
65 72 139
57 72 88
72 78 81
72 76 81
38 69 110
68 97 145
67 69 103
11 67 103
57 65 88
63 64 107
64 107 128
28 60 81
56 108 139
50 56 66
54 107 137
54 56 121
54 56 66
53 64 120
25 50 77
23 49 98
49 74 111
16 54 121
31 89 100
17 53 91
83 113 129
84 85 104
0 42 115
19 38 103
31 62 143
15 18 36
96 125 149
2 14 42
40 92 132
52 70 103
96 144 149
92 132 134
12 72 135
55 119 141
12 22 88
12 22 142
11 67 145
3 19 44
102 120 125
42 119 148
9 67 145
11 68 70
46 73 75
0 45 149
17 53 102
5 44 118
3 33 124
32 71 142
1 46 73
2 83 84
12 72 88
11 68 145
2 82 84
40 92 122
51 98 101
9 26 67
15 36 47
55 128 141
44 112 118
22 65 88
0 45 115
40 105 131
16 58 91
3 44 124
1 37 99
49 95 111
51 98 147
5 127 136
131 137 138
17 91 114
18 95 111
98 99 147
0 64 120
50 56 77
3 116 133
26 32 110
13 60 76
6 32 142
84 85 140
16 39 54
14 27 42
11 70 103
5 34 127
3 19 133
16 53 91
55 107 128
43 52 59
46 80 95
17 102 125
5 90 118
2 42 148
17 114 136
8 93 127
8 80 93
15 20 95
0 120 149
53 63 64
1 37 73
4 44 110
41 47 48
35 77 117
15 18 95
19 43 103
56 126 139
19 43 133
19 38 44
20 80 95
60 76 81
40 122 131
21 116 133
73 75 144
45 100 115
35 123 140
16 39 53
55 107 138
24 68 86
4 44 112
24 68 70
25 50 87
25 87 132
31 99 147
21 47 48
9 26 32
39 54 107
3 21 48
7 31 143
49 98 101
3 21 116
8 96 125
7 31 51
31 62 100
9 32 71
13 72 76
26 69 110
35 117 140
5 90 114
21 36 133
36 94 133
107 137 138
5 44 124
27 42 115
49 74 101
38 69 103
120 125 149
40 87 132
6 22 142
31 51 147
43 52 103
46 75 80
