5 114 118
22 32 142
6 90 112
14 62 82
105 122 129
10 28 81
22 65 108
53 102 120
6 22 32
108 126 139
72 76 78
6 32 112
12 71 135
28 76 81
10 78 81
8 75 80
58 91 114
6 58 114
8 125 127
63 64 120
39 53 63
61 124 146
17 96 125
1 75 144
45 130 149
31 98 147
14 45 115
96 130 149
63 107 128
2 14 27
107 128 138
117 123 140
2 82 83
119 129 148
13 28 117
28 60 76
57 72 135
10 71 135
12 71 142
76 78 81
13 28 60
56 108 126
50 56 121
65 108 139
4 32 112
6 90 114
5 118 124
5 34 136
5 114 136
90 114 118
22 57 88
9 71 109
10 71 97
67 68 97
67 97 145
71 97 109
9 109 145
26 38 110
26 38 69
41 48 79
24 70 94
21 48 116
97 109 145
68 86 97
10 86 97
30 70 94
30 59 70
30 43 59
43 59 103
44 118 124
15 20 80
21 36 94
15 41 79
18 36 94
21 36 47
33 124 146
3 33 146
5 34 124
17 125 127
17 127 136
55 64 141
20 80 93
20 61 93
15 80 95
15 95 111
1 46 75
74 95 111
1 23 49
1 46 49
1 23 99
23 98 101
51 62 101
7 89 143
37 89 100
23 98 99
7 31 89
31 89 99
31 98 99
37 73 130
45 115 149
1 73 144
14 45 100
14 62 100
14 27 115
42 55 119
55 119 138
0 64 141
42 55 141
63 64 128
102 120 149
53 63 120
54 66 106
16 58 121
105 129 131
40 105 122
54 105 131
40 105 106
54 105 106
50 87 132
66 87 106
25 77 132
25 50 132
35 117 123
119 129 138
2 83 148
2 14 82
85 104 140
84 104 140
123 134 140
85 134 140
3 116 146
90 112 118
107 131 137
107 131 138
83 104 129
34 93 136
92 113 122
87 92 134
50 87 121
85 92 113
85 92 134
83 129 148
80 93 136
80 127 136
129 131 138
61 93 124
77 132 134
29 77 126
35 77 123
29 77 117
13 76 139
8 75 96
75 96 144
74 94 101
74 94 111
73 96 130
65 72 139
66 87 121
64 128 138
63 107 137
54 66 121
82 83 104
50 56 126
48 116 146
72 76 139
18 94 111
48 61 146
48 61 79
16 54 121
17 53 91
11 38 69
55 64 138
87 132 134
62 89 100
12 57 135
73 96 144
12 57 88
12 22 88
12 22 142
3 19 44
11 19 38
23 49 101
42 119 148
9 67 145
11 52 86
11 68 86
11 67 69
13 29 139
11 59 103
11 52 59
10 72 78
10 72 135
22 58 121
17 53 102
39 54 131
3 33 124
40 92 106
32 71 142
40 92 122
51 98 101
15 41 111
44 112 118
15 20 79
22 65 72
16 58 91
4 38 44
3 44 124
36 47 111
51 98 147
1 37 89
52 59 86
17 91 114
11 19 103
1 89 99
0 64 120
3 116 133
24 59 86
46 49 74
13 60 76
4 26 32
4 26 110
16 39 54
3 19 133
16 53 91
7 62 143
7 51 62
85 122 129
46 80 95
2 42 148
17 114 136
0 120 149
27 115 149
1 37 73
9 67 69
11 67 68
17 96 149
17 102 149
0 27 149
41 47 48
35 77 117
19 43 103
34 93 124
19 43 133
19 38 44
20 61 79
21 30 43
21 30 94
21 116 133
21 43 133
87 92 106
22 56 108
37 45 100
6 22 58
22 57 72
16 39 53
25 77 126
24 59 70
4 44 112
25 50 126
4 38 110
9 26 69
62 89 143
8 80 127
77 123 134
21 47 48
9 26 32
0 27 141
2 27 42
29 126 139
22 56 121
8 96 125
7 31 51
9 32 71
27 42 141
85 104 129
39 63 137
18 36 111
37 45 130
49 74 101
13 29 117
82 84 104
39 131 137
85 113 122
41 47 111
31 51 147
46 74 95
46 75 80
