16 36 45
17 19 30
12 13 44
3 8 32
9 10 38
3 6 8
12 44 45
26 35 39
2 34 35
0 17 25
9 26 38
10 38 39
26 38 39
2 20 34
13 23 28
14 18 40
5 23 47
16 32 36
3 31 32
36 44 45
12 13 28
4 12 28
16 31 45
1 14 40
1 14 21
7 21 22
1 21 41
3 22 31
16 31 32
22 29 31
9 10 37
3 10 37
3 6 10
9 41 46
9 37 46
1 9 41
2 35 39
2 20 39
20 33 39
10 33 39
0 20 25
0 6 17
6 10 33
20 25 34
8 30 42
19 30 42
5 27 43
19 42 49
8 32 42
27 42 47
23 36 47
27 42 49
5 27 47
11 19 49
5 23 43
36 42 47
12 29 45
23 36 44
13 23 44
22 41 46
21 22 41
22 37 46
11 43 49
19 24 43
19 24 25
14 18 48
4 15 23
4 23 28
4 15 40
18 29 48
6 17 30
29 31 45
3 22 37
4 18 40
11 19 43
32 36 42
6 20 33
7 21 48
17 19 25
0 6 20
6 8 30
7 22 29
4 12 18
7 29 48
12 18 29
14 21 48
27 43 49
