16 36 45
13 36 44
17 19 30
3 8 32
9 10 38
3 6 8
26 35 39
2 34 35
0 17 25
9 26 38
10 38 39
26 38 39
2 20 34
0 6 33
15 23 28
13 23 28
4 15 28
14 18 40
13 23 36
3 31 32
14 18 21
36 44 45
4 18 48
4 12 28
12 29 31
16 31 45
4 15 18
15 18 40
1 14 40
1 14 21
7 21 22
1 21 41
21 22 46
7 22 48
3 22 31
16 31 32
9 10 37
21 41 46
3 10 37
9 41 46
9 37 46
1 9 41
2 35 39
2 20 39
20 33 39
10 33 39
0 20 25
0 20 33
0 6 17
20 25 34
17 19 24
11 24 43
8 30 42
11 27 49
19 30 42
5 27 43
19 42 49
8 32 42
5 27 47
11 19 49
5 23 43
11 19 24
11 27 43
17 24 25
36 42 47
22 31 48
12 31 44
42 47 49
31 44 45
12 28 44
22 37 46
27 47 49
18 21 48
13 28 44
6 17 30
3 22 37
5 36 47
5 23 36
16 32 42
12 29 48
7 21 48
3 10 33
6 8 30
29 31 48
3 6 33
4 12 48
16 36 42
