16 36 45
17 19 30
12 13 44
3 8 32
9 10 38
3 6 8
26 35 39
2 34 35
9 26 38
10 38 39
26 38 39
0 6 33
15 23 28
13 23 28
4 15 28
14 18 40
5 23 47
3 31 32
36 44 45
12 13 28
4 12 28
12 29 31
4 12 29
16 31 45
7 18 48
1 14 40
1 14 21
7 21 22
1 21 41
22 29 48
7 22 48
3 22 31
16 31 32
22 29 31
9 10 37
3 10 37
3 6 10
9 41 46
9 37 46
1 9 41
2 35 39
2 20 39
20 33 39
10 33 39
0 20 25
0 20 33
6 10 33
17 19 24
8 30 42
5 27 43
8 32 42
23 36 47
27 42 49
11 19 49
5 23 43
17 24 25
36 42 47
12 31 44
31 44 45
19 30 49
23 36 44
13 23 44
22 41 46
21 22 41
22 37 46
11 43 49
19 24 43
4 18 29
5 42 47
4 15 40
7 14 21
18 29 48
0 6 25
30 42 49
6 17 25
6 17 30
3 22 37
4 18 40
2 25 34
11 19 43
16 32 42
2 20 25
5 27 42
6 8 30
7 14 18
27 43 49
16 36 42
