16 36 45
17 19 30
12 13 44
3 8 32
3 6 8
26 35 39
2 34 35
9 26 38
10 38 39
26 38 39
15 23 28
13 23 28
4 15 28
14 18 40
5 23 47
3 31 32
36 44 45
12 13 28
4 12 28
12 29 31
4 12 29
16 31 45
1 14 40
1 14 21
7 21 22
1 21 41
7 22 48
3 22 31
16 31 32
21 41 46
3 10 37
3 6 10
9 41 46
1 9 41
2 35 39
10 33 39
0 20 25
6 10 33
8 30 42
5 27 43
8 32 42
27 42 47
23 36 47
27 42 49
5 27 47
11 19 49
5 23 43
9 38 46
37 38 46
10 37 38
22 31 48
12 31 44
31 44 45
19 30 49
23 36 44
13 23 44
11 43 49
21 37 46
19 24 43
19 24 25
4 18 29
16 36 47
14 18 48
4 15 40
7 14 21
2 33 39
18 29 48
0 6 25
30 42 49
6 17 25
16 42 47
6 17 30
3 22 37
4 18 40
2 25 34
2 20 33
11 19 43
16 32 42
2 20 25
6 20 33
17 19 25
0 6 20
6 8 30
21 22 37
29 31 48
7 14 48
27 43 49
