8 37 131
0 66 199
73 163 225
69 228 229
114 193 219
7 117 124
22 109 228
19 51 55
69 151 228
76 103 197
79 180 213
31 190 221
96 172 217
31 36 130
66 199 248
178 199 248
178 199 207
112 163 210
112 210 229
0 211 225
9 43 70
98 149 245
77 121 158
20 27 123
65 73 235
41 77 158
160 163 210
133 135 158
74 141 236
58 100 168
185 228 229
68 129 238
29 59 145
20 59 125
88 162 247
160 206 209
71 100 137
48 69 151
69 112 229
42 107 167
48 151 212
109 119 169
12 97 220
53 156 179
38 89 176
92 156 224
53 155 179
101 107 139
15 26 89
79 197 213
91 101 107
5 118 204
91 198 204
42 46 204
42 91 204
46 177 215
5 46 177
2 165 193
31 130 190
57 144 195
66 208 248
4 106 118
11 18 142
18 33 230
11 142 195
120 195 245
33 93 120
65 73 170
100 137 173
43 159 191
144 184 221
98 120 245
33 120 195
184 190 221
144 195 245
57 188 226
184 189 226
130 208 248
94 140 186
83 186 208
83 189 208
31 205 221
31 36 205
36 178 205
184 189 190
102 144 221
102 149 245
102 144 245
1 98 191
70 137 173
80 159 217
9 43 159
80 217 218
105 172 218
112 163 225
96 172 225
73 105 235
65 80 218
172 217 218
71 80 137
65 80 87
9 70 137
1 32 191
60 70 133
70 173 194
32 43 70
149 159 191
52 70 194
60 166 230
32 43 191
98 149 191
33 93 230
32 60 70
60 158 166
60 133 158
41 135 158
52 133 135
67 72 168
52 70 133
52 194 242
20 58 123
58 125 168
52 135 242
173 194 242
20 59 216
20 58 125
58 87 123
87 123 170
71 80 87
56 86 134
10 29 78
59 125 145
41 135 242
41 67 242
77 121 244
56 141 236
14 108 181
21 117 146
14 21 146
56 86 126
14 117 146
7 124 132
86 152 183
154 222 247
34 86 152
34 90 122
34 86 122
50 86 183
50 86 126
50 117 223
50 117 126
50 183 223
7 28 238
47 82 90
82 129 200
78 88 154
39 122 154
82 90 200
10 185 209
162 164 247
88 154 247
29 113 145
10 78 88
27 44 216
10 44 216
20 27 216
65 87 170
10 44 209
27 44 123
44 160 209
185 206 229
185 206 209
206 210 229
160 206 210
48 62 69
22 51 182
22 228 237
151 169 212
151 169 228
48 62 116
89 138 139
22 51 115
15 26 55
51 81 115
19 26 55
22 109 182
109 169 228
115 164 237
22 115 237
185 228 237
13 164 247
13 47 222
13 47 95
13 222 247
47 90 222
12 81 147
68 82 129
68 85 238
7 28 132
124 155 201
14 117 124
92 179 192
124 132 220
28 95 132
12 13 115
12 81 115
13 115 164
19 92 224
17 156 224
19 26 224
92 156 179
124 155 220
61 103 148
76 99 201
53 155 201
99 187 201
17 99 104
76 99 104
17 104 224
61 76 104
61 104 148
61 76 103
127 148 202
26 127 224
51 55 182
55 119 182
15 55 119
15 89 119
109 119 182
26 89 176
38 89 138
35 64 103
64 103 197
35 64 161
38 197 213
38 138 213
79 180 214
45 75 203
45 79 197
4 106 241
23 198 231
5 118 177
75 110 203
198 204 232
5 46 204
42 91 107
91 180 198
91 101 180
101 180 213
174 177 215
62 107 167
42 46 215
167 174 215
42 167 215
62 107 116
107 116 169
112 143 211
111 167 174
111 143 239
63 111 174
112 211 225
112 143 239
143 150 211
118 204 232
106 233 234
2 193 233
106 233 241
6 165 193
114 171 219
66 140 219
0 199 207
6 94 140
6 8 165
2 233 241
57 186 227
2 8 165
196 240 241
49 84 240
57 84 227
24 196 246
4 118 232
4 153 232
30 75 110
30 54 75
49 136 249
136 246 249
136 240 246
65 218 235
178 205 217
128 205 217
23 203 214
198 214 231
180 198 214
90 183 200
155 179 220
97 179 220
62 112 239
1 60 93
56 113 236
53 156 187
104 127 224
63 111 143
10 29 59
23 110 203
53 187 201
9 80 159
40 175 241
37 40 131
35 103 148
35 38 176
16 56 141
38 64 161
108 141 181
72 74 244
41 67 77
114 193 234
48 116 212
29 78 154
12 13 220
29 113 134
183 200 223
83 186 188
3 21 117
35 148 202
102 128 149
62 111 167
25 174 177
56 113 134
25 63 174
4 24 241
24 196 241
63 150 234
8 40 175
62 111 239
3 14 21
63 143 150
84 227 240
164 185 237
193 233 234
25 63 234
8 175 241
4 24 110
83 189 226
29 39 154
8 37 94
3 117 126
19 51 147
7 129 200
1 93 120
47 68 85
18 142 195
13 132 220
0 96 207
150 171 211
30 54 246
97 179 192
6 8 94
71 87 100
34 90 183
23 110 153
66 171 219
23 214 231
86 122 134
92 147 192
38 64 197
16 108 141
104 127 148
58 87 100
29 39 134
11 18 230
10 59 216
2 8 241
26 127 202
0 66 171
10 88 162
73 105 225
130 189 190
10 162 185
9 80 137
102 128 205
35 38 161
11 158 230
7 200 223
94 186 227
34 152 183
12 97 157
14 16 108
8 40 131
19 92 147
72 77 244
83 188 226
130 178 248
17 156 187
89 107 139
26 176 202
17 99 187
12 147 157
73 160 170
51 81 147
162 164 185
18 33 195
89 119 169
140 193 219
3 14 16
123 160 170
37 40 227
74 145 243
67 72 77
7 117 223
1 98 120
35 176 202
54 75 197
4 110 153
72 74 243
72 145 243
73 160 163
74 113 236
74 121 244
74 113 145
45 75 197
89 107 169
24 110 246
0 171 211
3 16 56
196 240 246
47 68 82
25 118 177
130 189 208
101 139 213
54 246 249
37 94 227
114 150 234
102 205 221
85 95 238
96 178 207
96 178 217
1 32 60
105 172 225
97 157 192
79 203 214
105 218 235
66 140 208
30 110 246
28 95 238
114 150 171
47 85 95
67 168 242
116 169 212
106 118 234
25 118 234
39 122 134
72 145 168
90 122 222
40 227 240
122 154 222
44 123 160
13 95 132
36 130 178
49 136 240
125 145 168
138 139 213
6 140 193
140 186 208
121 141 181
7 129 238
0 96 225
40 240 241
144 184 226
57 144 226
147 157 192
62 69 112
149 159 217
3 56 126
128 149 217
153 198 232
45 79 203
23 153 198
57 186 188
158 166 230
60 93 230
100 168 173
74 121 141
168 173 242
