8 37 131
0 66 199
32 60 230
73 163 225
69 228 229
114 193 219
7 117 124
19 51 55
10 88 185
69 151 228
76 103 197
31 190 221
31 36 130
66 199 248
178 199 248
178 199 207
180 214 231
128 159 217
9 43 70
98 149 245
77 121 158
20 27 123
65 73 235
133 135 158
74 141 244
74 243 244
72 243 244
74 141 236
58 100 168
68 129 238
113 236 243
29 59 145
20 59 125
160 206 209
71 100 137
48 69 151
69 112 229
48 151 212
109 119 169
12 97 220
53 156 179
82 85 95
38 89 176
45 54 197
53 155 179
15 26 89
5 118 204
91 198 204
42 46 204
42 91 204
46 177 215
5 46 177
2 165 193
31 130 190
57 144 195
40 84 227
66 208 248
2 175 241
24 30 110
18 33 230
11 142 195
120 195 245
33 93 120
65 73 170
93 98 120
100 137 173
1 93 98
144 184 221
98 120 245
184 190 221
57 144 184
144 195 245
83 188 189
184 189 226
188 189 226
130 208 248
94 140 186
83 189 208
31 205 221
184 189 190
128 178 205
102 149 245
1 98 191
80 159 217
9 137 159
128 178 217
105 172 218
112 163 225
96 172 225
96 207 225
71 80 137
80 137 159
1 32 191
60 70 133
70 173 194
32 43 70
149 159 191
52 70 194
60 166 230
32 43 191
98 149 191
1 32 230
33 93 230
1 93 230
32 60 70
52 133 135
67 72 168
52 70 133
20 58 123
58 125 168
173 194 242
20 59 216
20 58 125
58 87 123
87 123 170
56 86 134
74 236 243
10 29 78
59 125 145
121 141 244
113 145 243
41 135 242
41 67 242
77 121 244
56 141 236
14 108 181
14 21 146
56 86 126
3 21 126
14 117 146
86 152 183
34 86 152
34 90 122
34 86 122
34 90 152
50 86 183
90 152 183
50 86 126
50 117 223
50 117 126
117 200 223
50 183 223
7 28 238
129 200 238
47 82 90
82 129 200
39 122 154
82 90 200
162 185 237
88 162 185
29 113 145
27 44 216
10 44 216
20 27 216
65 87 170
27 44 123
44 160 209
185 206 209
206 210 229
48 62 69
48 62 116
89 138 139
22 51 115
51 81 115
109 169 228
162 164 237
13 164 247
13 47 222
13 47 95
13 222 247
47 90 222
47 82 95
12 81 147
68 85 238
7 200 238
7 117 200
124 155 201
14 117 124
92 179 192
124 132 220
28 95 132
13 115 164
19 92 224
17 156 224
19 26 224
99 156 187
124 155 220
17 99 156
53 155 201
17 99 104
17 104 224
61 104 148
61 76 103
35 103 202
26 127 224
51 55 182
55 119 182
15 55 119
15 89 119
109 119 182
26 89 176
38 89 138
101 138 139
35 64 103
64 103 197
35 64 161
38 197 213
38 138 213
79 214 231
23 45 203
45 75 203
45 79 197
23 198 231
5 118 177
75 110 203
198 204 232
5 46 204
180 198 231
42 91 107
91 180 198
91 101 180
101 180 213
101 138 213
174 177 215
42 46 215
167 174 215
25 63 118
42 167 215
62 107 116
107 116 169
111 143 239
63 111 174
112 211 225
118 204 232
106 233 234
2 193 233
6 165 193
114 171 219
0 150 171
0 199 207
6 94 140
37 131 227
57 186 227
2 8 175
40 131 227
49 84 240
57 84 227
40 84 240
24 196 246
4 118 232
45 54 75
24 110 153
24 30 246
49 136 249
136 246 249
136 196 246
73 225 235
172 225 235
102 221 245
144 221 245
65 218 235
169 212 228
151 212 228
112 211 239
0 207 211
197 213 214
57 184 188
90 183 200
92 179 224
156 179 224
155 179 220
97 179 220
184 188 226
62 112 239
12 13 81
61 103 202
11 18 33
61 99 104
56 113 236
54 75 110
53 156 187
104 127 224
63 111 143
10 29 59
23 110 203
53 187 201
128 149 159
51 109 182
61 148 202
45 79 231
42 62 107
40 175 241
35 38 176
16 56 141
140 171 219
38 64 161
108 141 181
22 164 237
9 137 173
30 54 110
41 67 77
112 163 229
114 193 234
48 116 212
29 78 154
12 13 220
7 28 124
29 113 134
62 111 174
183 200 223
106 118 241
83 186 188
102 128 149
41 77 135
56 113 134
4 24 241
185 206 237
24 153 232
2 106 241
107 139 169
9 70 173
63 150 234
10 44 185
8 40 175
62 111 239
160 163 206
3 14 21
207 211 225
63 143 150
76 99 187
193 233 234
9 159 191
25 63 234
29 39 154
2 106 233
8 37 94
24 196 240
163 210 229
19 51 147
143 211 239
31 36 178
0 143 150
13 132 220
33 120 142
0 143 211
11 166 230
61 76 99
30 54 246
97 179 192
6 8 94
71 87 100
23 110 153
86 122 134
83 140 186
92 147 192
62 167 174
44 185 209
38 64 197
16 108 141
65 71 87
91 101 139
31 178 205
58 87 100
133 158 166
29 39 134
11 18 230
11 33 142
10 59 216
2 6 8
10 88 154
26 127 202
206 228 229
163 206 210
28 124 132
13 81 115
0 66 171
10 78 154
130 189 190
206 228 237
11 158 166
68 85 129
102 128 205
2 6 165
35 38 161
94 186 227
12 97 157
15 19 55
14 16 108
8 40 131
19 92 147
72 77 244
15 19 26
4 24 232
65 71 80
130 178 248
26 176 202
12 147 157
180 213 214
73 160 170
51 81 147
89 119 169
140 193 219
3 14 16
123 160 170
63 174 177
23 45 231
63 118 177
65 80 217
67 72 77
35 176 202
72 145 243
77 135 158
73 160 163
76 187 201
104 127 202
3 16 56
83 140 208
22 115 164
52 135 194
130 189 208
82 85 129
88 164 247
88 162 164
88 154 222
88 222 247
89 139 169
24 240 241
4 118 241
105 172 235
54 246 249
37 94 227
114 150 234
102 205 221
85 95 238
96 178 207
96 178 217
96 217 218
96 172 218
97 157 192
91 107 139
104 148 202
109 228 237
22 109 237
105 218 235
66 140 208
28 95 238
114 150 171
67 168 242
116 169 212
106 118 234
9 43 191
25 118 234
120 142 195
39 122 134
72 145 168
90 122 222
122 154 222
44 123 160
21 126 146
13 95 132
117 126 146
36 130 178
60 133 166
135 194 242
49 136 240
136 196 240
79 197 214
125 145 168
66 140 171
6 140 193
121 141 181
22 51 109
40 240 241
65 217 218
147 157 192
62 69 112
42 62 167
3 56 126
153 198 232
23 153 198
57 186 188
100 168 173
168 173 242
