8 37 131
0 66 199
73 163 225
69 228 229
16 56 108
114 193 219
19 51 81
22 109 228
97 147 157
19 51 55
69 151 228
76 103 197
66 186 208
57 184 226
130 190 208
31 36 130
66 199 248
178 199 248
0 66 219
178 199 207
112 163 210
112 210 229
180 214 231
9 43 70
98 149 245
77 121 158
20 27 123
65 73 235
41 77 158
160 163 210
133 135 158
74 243 244
72 243 244
74 141 236
58 100 168
68 129 238
29 59 145
72 125 168
88 162 247
125 145 243
160 206 209
71 100 137
48 69 151
69 112 229
23 198 232
48 151 212
109 119 169
19 81 147
12 97 220
53 156 179
38 89 176
45 54 197
53 155 179
97 155 179
15 26 89
91 198 204
42 46 204
42 91 204
46 177 215
63 111 150
5 46 177
57 144 195
40 84 227
66 208 248
2 175 241
4 106 118
11 18 142
18 33 230
11 142 195
120 195 245
18 33 142
33 93 120
65 73 170
93 98 120
100 137 173
33 142 195
102 128 221
43 159 191
1 93 98
98 120 245
33 120 195
184 190 221
57 144 184
144 195 245
57 188 226
184 189 226
188 189 226
130 208 248
94 140 186
83 186 208
66 140 186
31 205 221
184 189 190
189 190 208
128 205 221
128 178 205
102 149 245
102 144 245
1 98 191
9 43 159
128 178 217
105 172 218
112 163 225
96 172 225
96 207 225
65 105 218
65 105 235
71 80 137
58 71 100
1 32 191
100 173 242
60 70 133
70 173 194
32 43 70
52 70 194
60 166 230
32 43 191
18 166 230
33 93 230
1 93 230
32 60 70
41 135 158
52 133 135
67 72 168
52 70 133
20 58 123
58 125 168
173 194 242
20 58 125
87 123 170
56 86 134
10 29 78
59 125 145
72 125 243
41 135 242
41 67 242
77 121 244
56 141 236
113 134 236
14 108 181
14 21 146
56 86 126
3 16 21
3 21 126
14 117 146
56 108 141
56 134 236
154 222 247
34 86 152
39 113 134
34 90 122
34 86 122
50 86 126
50 117 223
50 117 126
117 200 223
50 183 223
7 28 238
90 183 223
129 200 238
90 200 223
47 82 90
82 129 200
29 39 113
39 122 154
82 90 200
10 185 209
162 164 247
88 154 247
29 113 145
29 59 216
10 29 216
20 27 216
44 160 170
65 87 170
10 44 209
44 160 209
185 206 209
206 210 229
160 206 210
48 62 69
22 228 237
151 169 212
151 169 228
48 62 116
89 138 139
22 51 115
51 81 115
109 169 228
22 115 237
13 47 222
13 47 95
47 90 222
12 81 147
7 200 238
7 117 200
28 85 95
124 155 201
92 179 192
124 132 220
28 95 132
12 97 147
19 92 224
19 92 192
19 26 224
97 155 220
124 155 220
53 156 201
61 103 148
156 187 201
53 155 201
17 99 104
64 161 197
76 99 104
17 104 224
61 76 104
61 104 148
61 76 103
127 148 202
51 55 182
15 89 119
109 119 182
26 89 176
38 89 138
35 64 103
64 103 197
35 64 161
38 138 213
23 153 203
23 153 232
45 75 203
45 79 197
4 106 241
23 198 231
5 118 177
198 204 232
5 46 204
42 91 107
91 101 180
101 180 213
174 177 215
42 46 215
167 174 215
62 167 239
42 167 215
107 116 169
112 143 211
63 111 174
112 211 225
112 143 239
118 174 177
25 106 234
106 233 234
25 106 118
106 233 241
66 140 219
0 150 171
0 199 207
6 94 140
6 140 219
2 233 241
57 186 227
2 8 175
57 84 227
40 84 240
24 196 246
4 118 232
4 153 232
110 153 203
45 54 75
30 54 75
49 136 249
136 246 249
136 240 246
73 225 235
172 225 235
0 207 211
23 203 214
197 213 214
83 188 208
188 189 208
26 176 224
167 174 239
62 112 239
12 13 81
111 150 239
104 127 224
128 149 159
51 109 182
50 152 183
9 80 159
17 156 179
40 175 241
37 40 131
2 165 233
35 103 148
35 38 176
108 141 181
9 137 173
42 62 116
28 68 85
41 67 77
30 75 203
114 193 234
4 240 241
48 116 212
29 78 154
12 13 220
7 28 124
83 186 188
27 123 170
58 71 123
50 86 152
35 148 202
27 44 170
102 128 149
25 63 174
185 206 237
5 118 232
9 70 173
0 114 219
63 150 234
8 40 175
207 211 225
42 107 116
76 99 187
164 185 237
193 233 234
25 63 234
4 24 110
29 39 154
8 37 94
24 196 240
5 204 232
31 36 178
0 143 150
127 176 202
13 132 220
17 92 224
1 60 230
0 143 211
30 54 246
97 179 192
6 8 94
34 90 183
23 214 231
98 159 191
86 122 134
164 222 247
13 115 237
38 161 213
65 71 87
104 127 148
91 101 139
31 178 205
133 158 166
0 114 171
17 92 179
2 6 8
10 88 154
206 228 229
80 128 159
28 124 132
28 68 238
13 81 115
10 27 216
10 78 154
10 88 162
10 162 185
206 228 237
91 180 231
15 55 182
10 27 44
9 80 137
14 16 21
11 158 166
68 85 129
2 6 165
13 164 222
11 18 166
35 38 161
94 186 227
34 152 183
15 19 55
102 144 184
14 16 108
8 40 131
72 77 244
15 19 26
65 71 80
130 178 248
17 156 187
89 107 139
30 110 203
17 99 187
180 213 214
73 160 170
162 164 185
31 130 221
89 119 169
7 14 117
47 82 85
37 40 227
74 145 243
65 80 217
67 72 77
35 176 202
71 87 123
4 110 153
165 193 233
73 160 163
74 113 236
74 121 244
74 113 145
111 174 239
89 107 169
76 187 201
25 118 174
20 125 216
24 110 246
3 16 56
80 128 217
15 119 182
196 240 246
6 165 219
52 135 194
102 184 221
84 136 240
82 85 129
13 164 237
4 24 240
101 139 213
91 198 231
105 172 235
54 246 249
37 94 227
114 150 234
96 178 207
96 178 217
96 217 218
1 32 60
59 125 216
96 172 218
97 157 192
98 149 159
91 107 139
130 190 221
79 203 214
143 150 239
30 110 246
114 150 171
47 85 95
19 147 192
165 193 219
67 168 242
49 84 136
116 169 212
127 176 224
39 122 134
90 122 222
122 154 222
21 126 146
13 95 132
117 126 146
36 130 178
60 133 166
135 194 242
79 197 214
138 139 213
121 141 181
22 51 109
40 240 241
65 217 218
147 157 192
62 69 112
42 62 167
3 56 126
45 79 203
57 186 188
161 197 213
74 121 141
7 14 124
100 168 242
