441.432 1632.76
248.736 262.856
442.315 -1502.85
1116.21 -466.978
1915.79 -685.672
1419.26 945.154
-1028.2 -1004.25
1502.07 -357.617
-217.282 -445.292
1844.27 -1273.65
96.8579 -1791.26
-32.3378 1709.4
1221.89 -1480.5
-759.772 -733.094
-604.393 -11.2276
883.671 1837.04
-378.466 -867.593
99.895 -1936.15
-370.44 -783.896
-403.13 -454.652
530.432 -983.866
-1509.5 1502.23
11.8884 1992.57
-855.385 1794.61
-452.719 -1011.11
-1479.05 1644.14
-802.375 488.616
1353.54 -1580.48
1008.11 -1406.23
-313.574 -1596.28
