114 125 185
24 82 108
27 170 187
30 72 171
13 182 189
20 145 158
25 91 183
151 153 183
137 177 197
79 140 152
77 154 159
35 37 159
7 158 165
88 114 139
11 169 185
45 139 185
46 125 126
3 26 141
46 64 187
97 107 130
63 135 174
63 96 135
14 33 78
25 26 178
10 79 94
4 90 103
6 10 133
6 133 180
49 80 92
137 160 177
2 20 158
25 55 183
12 129 199
26 68 194
6 10 140
87 143 195
77 84 113
40 50 173
16 40 143
23 87 195
75 86 98
58 172 193
13 30 168
120 165 191
7 120 165
2 150 158
11 36 45
36 58 105
22 96 101
22 104 172
58 105 132
114 139 185
104 105 167
24 36 82
36 45 139
58 132 193
81 82 108
108 112 168
81 108 112
121 182 189
13 30 182
131 147 148
30 121 182
9 125 169
11 45 185
89 155 170
15 64 123
9 46 125
114 125 126
114 126 131
123 126 131
70 79 80
18 41 195
15 64 70
15 86 123
27 97 119
9 46 187
27 89 97
64 99 187
27 89 170
9 170 187
31 89 146
31 89 155
125 169 185
31 155 167
89 97 146
31 97 146
97 119 130
31 97 107
63 119 130
63 116 119
4 54 62
63 116 174
116 144 174
4 103 144
4 48 54
0 128 192
103 144 174
53 106 163
106 135 163
65 74 101
53 90 163
42 65 101
22 74 101
42 53 164
74 95 184
65 74 184
32 33 78
57 78 95
32 57 78
57 110 186
32 57 175
33 42 164
34 83 90
60 102 175
100 162 186
57 162 175
110 141 186
57 162 186
3 141 186
73 128 161
68 118 192
28 38 118
48 54 157
0 157 192
0 48 157
0 60 128
21 52 92
21 92 99
49 64 70
38 80 92
49 70 80
59 115 190
29 38 80
28 29 38
10 79 140
43 133 180
115 179 190
115 176 180
115 179 180
28 39 59
140 152 176
39 59 190
68 118 194
19 91 197
57 95 110
55 95 110
19 25 91
127 151 160
25 26 55
19 66 178
19 25 178
19 66 166
19 166 197
156 179 180
66 178 179
166 177 197
91 137 197
91 137 183
109 150 188
69 127 150
12 129 156
69 129 199
17 69 129
17 51 134
17 129 156
43 156 180
76 93 181
43 76 156
12 136 199
122 136 150
122 136 199
2 12 61
2 93 111
2 61 111
2 136 150
2 12 136
2 20 93
20 93 181
1 18 71
37 56 191
37 56 142
23 124 142
1 18 75
5 76 181
5 76 198
10 47 94
47 85 198
44 86 98
75 86 117
1 75 117
18 41 75
23 71 124
67 77 149
41 143 195
16 143 149
40 41 143
50 147 189
8 30 168
50 121 173
50 121 189
16 40 173
67 72 77
159 165 191
37 159 191
77 149 154
143 149 154
35 154 159
35 37 87
7 120 158
56 142 145
120 145 158
77 159 165
77 84 165
9 169 170
83 164 175
68 161 192
69 150 199
122 150 199
109 150 153
150 151 153
16 149 173
20 145 181
142 145 181
51 134 177
137 151 183
103 163 174
85 117 198
114 131 148
112 148 189
81 112 138
128 161 192
147 148 189
104 172 193
104 132 193
100 162 175
60 100 175
73 100 128
38 92 196
52 92 196
53 90 164
87 143 154
35 87 154
113 158 165
44 86 147
86 123 131
81 88 138
81 82 88
78 95 184
76 93 111
61 76 111
71 124 198
1 71 198
23 71 195
134 166 179
67 149 173
67 171 173
67 72 171
66 166 179
46 64 126
49 64 92
63 107 130
62 99 187
4 62 144
86 131 147
30 121 173
15 86 94
30 58 72
47 85 117
29 79 80
96 101 106
21 54 62
28 29 152
84 113 165
26 39 178
50 98 147
56 120 191
37 87 142
60 100 128
17 134 179
135 163 174
17 156 179
112 138 148
24 108 168
15 79 94
155 169 170
28 59 115
39 118 194
27 62 187
13 112 189
42 53 106
21 52 54
83 90 164
8 24 168
157 192 196
5 124 142
22 31 107
3 73 100
8 36 58
83 102 175
29 79 152
64 123 126
5 124 198
5 142 181
11 155 167
30 171 173
55 110 141
13 112 168
15 70 79
137 151 160
90 103 163
8 30 58
6 140 180
3 26 161
4 34 90
22 31 104
28 115 176
8 24 36
34 83 102
33 164 175
38 118 192
50 75 98
21 62 99
4 34 48
47 133 198
18 71 195
3 100 186
14 78 184
134 166 177
26 68 161
86 94 117
39 179 190
127 150 151
22 96 107
26 39 194
96 106 135
28 152 176
1 117 198
34 48 102
31 104 167
33 42 65
114 138 148
33 65 184
27 62 119
11 155 169
11 36 167
3 73 161
36 82 88
36 105 167
38 192 196
28 39 118
41 50 75
39 178 179
63 96 107
10 47 133
40 41 50
44 98 147
62 116 144
42 101 106
51 127 160
23 87 142
43 76 198
43 133 198
47 94 117
48 60 102
0 48 60
140 176 180
88 114 138
51 69 127
36 88 139
17 51 69
51 160 177
52 54 157
32 33 175
64 92 99
52 157 196
26 55 141
56 120 145
14 33 184
12 61 156
104 105 132
61 76 156
62 116 119
