73 100 186
112 168 189
81 112 189
27 170 187
21 54 99
13 182 189
151 153 183
137 177 197
6 140 176
77 154 159
35 37 159
88 114 139
11 169 185
13 168 189
45 139 185
70 79 94
3 26 141
46 64 187
28 59 176
132 172 193
97 107 130
103 135 174
104 105 172
63 135 174
53 101 106
63 96 135
14 42 65
14 33 78
53 83 90
25 26 178
21 54 157
0 34 48
10 79 94
0 60 102
6 10 133
52 157 192
49 80 92
73 161 186
3 26 68
137 160 177
12 129 199
51 134 166
17 134 156
26 68 194
6 10 140
87 143 195
77 84 113
40 50 173
20 142 181
16 40 143
23 87 195
15 70 94
85 94 117
58 172 193
13 30 168
11 36 45
11 36 105
22 31 96
11 105 167
22 96 101
22 104 172
104 105 167
24 36 82
36 45 139
105 132 172
58 132 193
108 112 168
81 108 112
121 182 189
13 30 182
138 147 148
131 147 148
30 121 182
36 82 139
82 88 139
11 45 185
89 155 170
15 64 123
114 125 126
123 126 131
44 131 147
15 86 117
18 41 195
15 86 123
46 64 123
27 97 119
9 46 187
27 89 170
9 170 187
31 96 107
31 97 146
97 119 130
31 97 107
63 119 130
63 116 119
4 54 62
63 116 174
4 48 54
53 83 164
0 128 192
53 90 163
22 74 101
42 53 164
14 33 42
74 95 184
14 65 184
57 78 95
32 57 78
32 57 175
33 42 164
34 83 90
60 100 162
0 34 102
60 102 175
100 162 186
57 162 186
3 68 161
3 141 186
3 161 186
73 128 161
68 128 161
38 118 196
28 29 176
118 192 196
29 80 152
48 54 157
54 62 99
21 92 99
27 62 99
52 192 196
59 115 190
29 38 80
29 152 176
10 79 140
26 178 194
178 179 190
28 39 59
140 152 176
59 115 176
39 59 190
68 118 194
39 178 194
39 178 190
19 91 197
57 95 110
55 95 110
19 25 91
19 66 178
19 25 178
19 66 166
19 166 197
66 178 179
51 127 177
166 177 197
51 166 177
91 137 197
137 160 183
91 137 183
151 160 183
109 150 188
69 127 150
69 129 199
69 122 150
17 69 129
69 122 199
17 129 156
43 76 133
43 156 180
76 93 181
43 76 156
12 61 76
12 136 199
122 136 150
122 136 199
2 136 150
20 93 181
1 85 198
1 18 71
37 56 191
1 18 75
5 76 181
76 133 198
5 76 198
10 47 94
47 85 94
47 85 198
15 94 117
40 50 98
40 41 98
18 41 75
41 143 195
16 143 149
41 75 98
40 41 143
50 147 189
8 30 168
50 121 173
50 121 189
72 171 173
67 72 173
16 40 173
67 72 77
37 159 191
35 154 159
35 37 87
23 37 87
56 142 145
20 142 145
77 159 165
84 113 158
77 84 165
115 180 190
9 169 170
83 164 175
32 164 175
109 150 153
150 151 153
16 149 173
134 156 180
114 126 148
126 131 148
125 139 185
114 125 139
2 111 136
61 111 136
74 101 184
73 100 128
179 180 190
103 116 174
52 92 157
35 87 154
87 143 149
87 149 154
151 160 177
86 123 131
81 147 189
81 88 138
81 82 88
38 80 196
31 146 167
79 80 140
78 95 184
33 78 164
146 155 167
76 93 111
61 76 111
71 124 198
1 71 198
23 71 195
71 124 142
134 166 179
67 149 173
51 69 134
17 69 134
145 150 158
67 149 154
66 166 179
49 64 92
63 107 130
4 62 144
30 121 173
24 81 108
89 146 155
127 151 177
96 101 106
50 98 147
56 120 191
25 26 141
24 81 82
80 140 152
23 56 142
76 129 156
20 93 111
24 108 168
155 169 170
27 89 146
39 118 194
52 80 92
52 80 196
2 20 111
6 43 180
6 115 180
57 60 162
8 24 168
7 84 158
5 124 142
4 90 144
8 36 58
12 76 129
29 38 118
44 86 131
57 141 186
23 37 56
83 102 175
2 20 145
0 100 128
5 124 198
5 142 181
7 145 158
11 155 167
30 171 173
55 110 141
25 55 141
30 58 171
90 103 163
8 30 58
57 60 175
81 138 147
12 61 136
4 34 90
27 64 187
22 31 104
68 118 128
27 97 146
7 84 165
8 24 36
34 83 102
9 46 169
27 64 99
49 79 80
28 29 118
2 145 150
7 120 191
90 103 144
4 34 48
47 133 198
18 71 195
14 78 184
6 115 176
6 43 133
123 125 126
7 159 191
127 150 151
58 72 171
53 106 135
96 106 135
7 120 145
15 49 64
15 49 70
31 104 167
46 169 185
118 128 192
114 138 148
27 62 119
11 155 169
1 75 85
36 58 132
36 105 132
21 92 157
28 39 118
42 53 65
63 96 107
10 47 133
103 116 144
44 98 147
62 116 144
65 101 184
67 77 154
44 86 117
46 123 125
44 98 117
46 125 185
75 85 117
23 71 142
0 60 100
88 114 138
0 48 192
32 78 164
48 157 192
49 70 79
51 69 127
75 98 117
53 65 101
53 135 163
64 92 99
55 91 183
25 55 91
134 179 180
56 120 145
57 110 141
7 159 165
103 135 163
62 116 119
