112 168 189
24 82 108
27 170 187
30 72 171
13 182 189
25 91 183
151 153 183
6 140 176
79 140 152
56 145 191
88 114 139
13 168 189
45 139 185
3 26 141
46 64 187
97 107 130
63 135 174
14 95 184
14 78 95
53 83 90
60 162 175
21 54 157
0 34 48
10 79 94
0 60 102
4 48 90
4 62 116
6 10 133
52 157 192
49 80 92
25 55 183
26 68 194
6 10 140
77 84 113
20 142 181
16 40 143
23 87 195
75 86 98
85 94 117
82 88 138
58 172 193
13 30 168
2 150 158
36 58 105
11 105 167
22 96 101
22 104 172
58 105 132
104 105 167
155 167 169
24 36 82
36 45 139
58 132 193
81 82 108
108 112 168
81 108 112
121 182 189
13 30 182
131 147 148
30 121 182
81 82 138
89 155 170
15 64 123
114 125 126
123 126 131
70 79 80
15 86 117
18 41 195
15 86 123
49 64 99
46 64 123
9 46 187
64 99 187
27 89 170
9 170 187
9 155 170
11 167 169
9 155 169
89 97 146
63 119 130
4 54 62
4 116 144
34 48 90
4 48 54
53 83 164
0 128 192
32 83 175
53 106 163
101 106 135
106 135 163
53 90 163
42 65 101
22 74 101
42 53 164
74 95 184
57 78 95
32 57 78
32 83 164
32 57 175
33 42 164
32 33 164
34 83 90
34 83 175
60 100 162
0 34 102
60 102 175
34 102 175
60 73 100
60 73 128
100 162 186
57 162 175
57 162 186
26 110 141
3 141 186
73 128 161
118 192 196
28 39 194
68 118 192
48 54 157
0 157 192
0 48 157
0 60 128
21 52 92
21 92 99
52 192 196
21 52 157
49 92 99
49 70 80
59 115 190
29 38 80
28 29 38
10 79 140
26 178 194
178 179 190
28 39 59
140 152 176
28 118 194
39 59 190
68 118 194
39 178 194
39 178 190
26 55 110
25 26 55
19 66 178
19 66 166
19 166 197
156 179 180
66 178 179
51 127 177
166 177 197
91 137 197
91 137 183
109 127 151
109 151 153
69 127 150
12 129 156
69 129 199
69 122 150
17 69 129
69 122 199
17 51 134
17 129 156
43 156 180
76 93 181
43 76 156
122 136 150
122 136 199
61 76 93
2 12 61
2 93 111
2 61 111
2 136 150
2 12 136
2 20 93
61 93 111
20 93 181
1 85 198
1 18 71
37 56 191
23 124 142
1 18 75
5 76 181
10 133 198
5 76 198
10 47 94
10 47 198
47 85 94
47 85 198
15 94 117
44 86 98
75 86 117
18 41 75
23 71 124
67 77 149
41 143 195
16 143 149
40 41 143
50 147 189
8 30 168
50 121 189
16 40 173
67 72 77
120 145 191
77 149 154
143 149 154
35 154 159
35 143 154
35 37 87
23 37 87
56 142 145
20 142 145
84 113 158
77 84 165
115 180 190
68 161 192
77 154 165
16 149 173
12 129 136
129 136 199
127 150 188
109 127 188
114 126 148
51 134 177
126 131 148
137 151 183
125 139 185
114 125 139
123 131 147
103 163 174
116 119 174
112 148 189
81 112 138
97 107 146
128 161 192
147 148 189
104 172 193
104 132 193
74 101 184
179 180 190
103 116 174
151 160 177
86 123 147
44 86 147
38 80 196
31 146 167
146 155 167
23 71 195
134 166 179
67 149 173
67 171 173
67 72 171
66 166 179
27 89 119
63 107 130
63 101 135
89 97 130
62 99 187
30 121 173
89 146 155
30 58 72
127 151 177
29 79 80
21 54 62
28 29 152
63 119 174
35 143 195
50 98 147
154 159 165
23 56 142
19 25 197
19 26 178
28 38 196
17 134 179
135 163 174
31 107 146
17 156 179
35 37 191
112 138 148
24 108 168
15 79 94
28 59 115
160 177 197
36 45 105
52 80 92
27 62 187
42 53 106
52 80 196
6 43 180
6 115 180
8 24 168
7 84 158
9 46 185
5 124 142
22 31 107
3 73 100
4 90 144
8 36 58
57 141 186
23 37 56
29 79 152
2 20 145
5 124 198
5 142 181
7 145 158
30 171 173
15 70 79
137 151 160
40 121 173
90 103 163
1 71 124
8 30 58
9 169 185
3 26 161
22 31 104
89 119 130
2 145 158
7 84 165
28 115 176
8 24 36
7 120 191
50 75 98
90 103 144
21 62 99
40 50 121
18 71 195
3 100 186
134 166 177
6 115 176
26 68 161
6 43 133
123 125 126
7 159 191
22 96 107
7 120 145
28 152 176
14 32 78
15 49 64
15 49 70
31 104 167
33 42 65
114 138 148
33 65 184
27 62 119
45 169 185
1 75 85
19 25 26
35 159 191
35 87 195
3 73 161
36 82 88
40 41 75
14 32 33
63 96 107
103 116 144
44 98 147
65 101 184
42 101 106
43 76 198
43 133 198
46 123 125
46 125 185
75 85 117
11 45 105
11 45 169
137 160 197
28 118 196
88 114 138
51 69 127
1 124 198
36 88 139
17 51 69
40 50 75
55 57 110
55 57 95
63 96 101
57 110 141
7 159 165
25 91 197
14 33 184
12 61 156
104 105 132
61 76 156
62 116 119
