73 100 186
114 125 185
27 170 187
30 72 171
21 54 99
13 182 189
20 145 158
151 153 183
137 177 197
6 140 176
79 140 152
35 37 159
7 158 165
88 114 139
27 62 116
45 139 185
70 79 94
3 26 141
46 64 187
28 59 176
63 96 130
27 116 119
97 107 130
103 135 174
63 135 174
53 101 106
63 96 135
14 33 78
53 83 90
21 54 157
4 48 90
6 10 133
46 123 126
49 80 92
73 161 186
3 26 68
137 160 177
2 20 158
66 134 166
17 134 156
26 68 194
6 10 140
77 84 113
40 50 173
15 70 94
58 172 193
24 36 58
13 30 168
8 24 58
2 150 158
121 171 173
11 105 167
22 96 101
22 104 172
114 139 185
104 105 167
24 36 82
36 45 139
58 132 193
108 112 168
81 108 112
121 182 189
13 30 182
131 147 148
30 121 182
36 82 139
82 88 139
89 155 170
15 64 123
79 80 152
123 126 131
15 86 117
18 41 195
15 64 70
15 86 123
49 64 99
46 64 123
27 97 119
9 46 187
27 89 170
9 170 187
31 89 146
31 89 155
125 169 185
31 155 167
97 119 130
63 119 130
96 107 130
34 48 90
90 103 135
4 48 54
53 83 164
0 128 192
90 135 163
53 106 163
106 135 163
53 90 163
22 74 101
42 53 164
14 33 42
74 95 184
57 78 95
32 57 78
57 110 186
32 57 175
33 42 164
34 83 90
34 83 175
60 102 175
34 102 175
100 162 186
57 162 175
110 141 186
57 162 186
3 68 161
3 141 186
3 161 186
68 128 192
73 128 161
68 128 161
38 118 196
28 29 176
118 192 196
28 39 194
68 118 192
29 80 152
48 54 157
0 157 192
0 48 157
21 92 99
27 62 99
49 92 99
49 64 70
38 80 92
59 115 190
29 38 80
29 152 176
1 5 71
115 179 190
26 178 194
115 179 180
28 39 59
140 152 176
59 115 176
28 118 194
39 59 190
68 118 194
39 178 194
39 178 190
19 91 197
19 25 91
19 166 197
66 134 179
51 127 177
166 177 197
91 137 197
137 160 183
91 137 183
151 160 183
109 127 151
109 151 153
69 127 150
12 129 156
17 51 134
17 129 156
43 76 133
43 156 180
76 93 181
43 76 156
122 136 150
122 136 199
2 12 61
2 93 111
2 61 111
2 136 150
2 12 136
2 20 93
20 93 181
1 85 198
124 142 181
1 18 71
23 124 142
1 18 75
5 76 181
10 133 198
5 124 181
76 133 198
1 85 117
1 5 198
5 76 198
10 47 94
10 47 198
47 85 198
15 94 117
40 50 98
1 75 117
40 41 98
18 41 75
5 71 124
23 71 124
41 143 195
35 87 143
41 75 98
50 147 189
8 30 168
50 121 173
50 121 189
30 121 171
16 40 173
67 72 77
143 149 154
35 154 159
35 143 154
35 37 87
23 37 87
56 142 145
77 84 165
9 169 170
83 164 175
32 164 175
77 154 165
69 150 199
122 150 199
16 149 173
20 145 181
142 145 181
134 156 180
12 129 136
129 136 199
127 150 188
109 127 188
51 134 177
126 131 148
114 126 138
123 131 147
120 159 191
116 119 174
112 148 189
81 112 138
97 107 146
105 132 193
147 148 189
104 172 193
104 105 193
74 101 184
100 162 175
60 100 175
73 100 128
38 92 196
52 92 196
103 116 174
52 92 157
151 160 177
113 158 165
86 123 147
44 86 147
81 88 138
81 82 88
78 95 184
33 78 164
76 93 111
61 76 111
19 166 178
23 71 195
67 149 173
67 171 173
67 72 171
67 149 154
4 62 144
24 81 108
30 58 72
127 151 177
47 85 117
96 101 106
84 113 165
63 119 174
50 98 147
56 120 191
154 159 165
25 26 141
24 81 82
23 143 195
23 56 142
19 26 178
17 129 199
17 69 199
31 107 146
112 138 148
24 108 168
155 169 170
27 89 146
4 62 99
36 45 105
13 112 189
6 43 180
6 115 180
4 54 99
8 24 168
157 192 196
22 31 107
4 90 144
29 38 118
66 166 178
23 37 56
7 120 159
0 100 128
7 145 158
11 155 167
10 94 140
55 110 141
25 55 141
13 112 168
8 30 58
27 64 187
22 31 104
66 178 190
27 97 146
16 40 41
9 46 169
27 64 99
49 79 80
28 29 118
90 103 144
46 114 125
18 71 195
14 78 184
134 166 177
6 115 176
6 43 133
79 94 140
22 96 107
96 106 135
7 120 145
66 179 190
46 114 126
34 48 102
31 104 167
11 155 169
45 169 185
19 25 26
36 58 132
36 105 132
21 92 157
42 53 65
103 116 144
44 98 147
62 116 144
16 41 149
65 101 184
42 65 184
67 77 154
37 56 159
44 86 117
44 98 117
11 45 105
11 45 169
46 125 169
47 94 117
48 60 102
0 48 60
56 159 191
0 60 100
88 114 138
23 87 143
32 78 164
14 42 184
49 70 79
51 69 127
17 51 69
75 98 117
53 65 101
55 57 110
55 57 95
55 91 183
52 157 196
25 55 91
134 179 180
56 120 145
7 159 165
41 143 149
12 61 156
126 138 148
61 76 156
