-745.526 -1058.21
1111.76 -1901.26
1324.6 1048.67
1120.14 137.974
-1742.24 -863.077
-1928.35 -1647.61
-1671.04 1279
-1084.52 -294.177
1128.01 -1482.47
-1984.43 1842.73
197.982 1790.93
210.19 1775.15
-1576.68 -1150.24
82.8447 -1947.42
-667.873 -904.868
1605.38 586.601
36.9207 717.144
685.338 -638.476
-234.184 -194.521
1499.5 23.5771
942.402 1571.15
375.967 1271.36
850.153 1291.45
-1022.81 -21.8369
1808.98 -1007.25
-179.111 6.96041
-1216.31 -1968.92
-217.887 -792.995
-1119.16 1864.96
-740.418 212.964
-1039.91 -1135.04
-1200.43 997.01
1582.1 1484.9
-1641.47 -652.079
-709.617 1858.03
1371.5 -1767.22
1429.18 -252.535
1504.15 279.334
-961.088 -1518.67
-1742.5 -1152.11
-525.911 78.3866
854.851 257.777
109.466 -1363.04
1464.78 990.303
-1498.08 -1275.64
-796.733 -537.988
-410.676 2.83194
-1540.98 -828.571
-512.265 -1182.44
519.35 778.118
