8 19 94
15 43 54
14 38 61
44 47 54
34 35 74
35 43 60
13 18 63
25 45 83
51 70 87
26 44 54
20 39 79
5 6 53
3 40 77
35 60 74
41 56 95
4 9 66
24 58 68
30 41 96
16 17 76
31 63 75
21 35 43
31 60 75
21 43 54
13 37 43
10 26 62
26 55 62
15 37 43
66 67 93
19 52 59
45 69 83
45 52 59
25 45 59
19 59 94
81 82 87
8 19 73
2 29 94
2 61 98
22 61 98
8 29 94
28 65 80
5 81 82
22 28 98
22 61 99
5 81 90
33 65 73
19 33 73
9 81 87
4 10 62
4 20 39
5 82 89
6 14 99
14 61 99
6 27 53
5 53 90
27 36 53
27 38 57
72 86 96
56 95 97
68 77 95
41 77 95
30 41 56
49 71 84
32 44 46
23 86 96
49 56 97
21 47 54
24 74 85
34 74 78
0 84 85
49 58 97
50 56 71
46 50 71
49 56 71
24 49 58
11 88 93
51 88 93
74 78 85
51 70 93
66 70 93
55 62 93
24 60 68
31 60 63
58 68 95
30 56 96
50 56 96
1 57 92
58 95 97
25 64 94
19 51 52
17 18 83
18 25 64
62 67 93
4 7 23
20 23 86
4 62 67
13 60 63
13 17 18
45 52 69
6 22 99
18 63 75
12 22 28
12 65 80
11 15 55
23 46 50
66 70 87
4 7 32
1 40 57
6 27 38
36 72 91
13 43 60
4 20 23
4 39 81
2 29 73
36 39 90
1 36 92
1 36 91
44 47 78
4 10 32
44 46 78
11 69 88
12 65 89
1 40 42
4 9 81
11 16 76
2 28 65
18 25 83
4 66 67
19 33 51
51 52 88
5 6 89
25 59 94
9 66 87
6 12 22
16 69 83
12 28 80
6 14 38
7 32 46
2 28 98
46 71 84
20 48 86
7 23 46
11 13 15
10 26 32
11 13 76
16 17 83
23 50 96
13 15 37
24 84 85
34 47 78
13 17 76
8 29 73
24 60 74
27 57 92
21 35 47
20 48 79
2 65 73
1 42 91
18 64 75
24 49 84
36 48 79
0 46 84
27 36 92
3 38 61
33 82 89
11 16 69
34 35 47
36 39 79
0 46 78
6 12 89
36 48 86
36 53 90
11 55 93
39 81 90
3 40 57
40 42 72
40 77 96
40 72 96
41 77 96
15 54 55
0 78 85
42 72 91
36 72 86
26 32 44
51 82 87
52 69 88
3 38 57
33 65 89
60 68 75
26 54 55
33 51 82
