8 19 94
14 38 61
35 43 60
21 34 35
33 65 82
4 62 66
26 44 54
20 39 79
5 6 53
5 6 12
3 40 77
36 48 91
7 20 23
24 58 68
18 63 64
13 37 76
63 64 75
31 63 75
21 34 47
21 35 43
31 60 75
10 26 62
26 55 62
15 26 55
55 62 67
62 66 67
66 67 93
15 26 54
19 52 59
25 59 64
59 64 94
19 59 94
81 82 87
45 52 88
19 33 52
8 19 73
28 65 73
2 29 94
2 61 98
22 61 98
8 29 94
28 65 80
5 81 82
22 61 99
33 65 73
19 33 73
9 81 87
9 70 87
36 48 53
7 23 32
48 53 90
5 82 89
6 14 99
5 12 89
14 61 99
6 14 27
6 27 53
5 53 90
27 38 57
14 27 38
38 57 61
3 57 61
36 57 92
48 79 86
1 42 72
40 42 77
56 95 97
68 77 95
41 77 95
30 50 96
49 71 84
23 86 96
7 10 32
0 74 78
34 44 78
30 50 56
0 44 46
0 44 78
21 47 54
24 74 85
0 74 85
0 71 84
24 49 85
0 84 85
0 46 71
46 50 71
49 84 85
24 49 58
68 95 97
48 86 91
45 83 88
49 71 97
66 70 93
33 70 82
65 82 89
55 67 93
20 79 86
1 57 92
11 51 70
17 18 83
18 25 64
20 23 86
16 83 88
13 16 17
13 17 63
12 22 98
12 28 98
6 22 99
7 10 62
11 70 93
12 65 80
11 15 55
30 41 95
11 37 43
4 5 90
23 46 50
11 51 88
40 42 57
11 37 76
15 21 43
39 48 79
7 20 90
4 5 81
25 52 83
4 66 70
34 44 54
49 58 68
27 53 57
1 36 92
1 36 91
50 71 97
1 72 86
11 69 88
12 65 89
50 56 97
1 86 91
4 9 81
23 32 44
11 16 76
11 15 43
18 25 83
51 52 88
4 9 70
13 16 76
6 12 22
17 18 63
12 28 80
2 28 29
30 56 95
4 7 90
2 28 98
49 68 97
37 43 60
70 82 87
33 51 70
10 26 32
23 44 46
16 17 83
23 50 96
24 35 74
4 7 62
25 52 59
45 52 83
8 29 73
15 21 54
30 86 96
39 48 90
28 29 73
30 72 86
30 41 72
31 37 63
11 16 69
24 35 68
20 39 90
34 35 78
35 74 78
13 37 63
36 53 57
1 42 57
31 37 60
11 55 93
16 69 88
3 40 57
35 60 68
41 42 72
41 42 77
34 47 54
26 32 44
33 51 52
60 68 75
