8 19 94
14 38 61
34 35 74
13 18 63
69 76 83
11 69 76
16 25 64
51 70 87
4 9 90
26 44 54
5 6 53
3 40 77
41 72 77
42 72 77
4 9 66
24 68 75
24 58 68
30 41 96
16 17 64
18 63 64
63 64 75
31 63 75
21 34 47
31 60 75
21 43 54
13 37 43
66 67 93
11 66 93
15 26 54
19 52 59
25 59 64
11 51 66
33 52 88
81 82 87
45 52 88
8 19 73
2 29 94
2 61 98
22 61 98
8 29 94
9 81 90
22 61 99
33 51 88
51 66 70
7 23 32
5 82 89
6 14 99
5 12 89
14 61 99
5 53 90
27 36 53
27 38 57
14 27 38
38 57 61
1 91 92
48 72 86
48 79 86
3 40 42
40 42 77
56 95 97
68 77 95
41 77 95
49 71 84
10 26 44
0 74 78
10 32 44
23 46 96
34 44 78
30 50 56
0 44 46
0 44 78
21 47 54
24 74 85
34 74 78
24 49 85
50 56 71
58 68 97
49 84 85
68 95 97
69 83 88
45 83 88
23 79 96
79 86 96
74 84 85
33 73 82
49 71 97
56 71 97
71 74 84
66 81 87
65 82 89
57 61 92
31 60 63
3 61 92
55 62 66
55 66 67
4 20 90
55 67 93
19 59 64
4 7 23
0 71 74
13 35 43
13 60 63
30 46 50
13 16 17
12 22 98
12 28 98
6 22 99
65 73 82
12 65 80
11 15 55
30 41 95
11 51 88
66 70 87
5 12 22
4 7 32
4 10 66
5 82 90
25 52 83
13 18 64
36 72 91
34 44 54
4 20 23
19 64 94
36 39 90
30 46 96
4 10 32
11 69 88
12 65 89
13 17 64
24 35 60
23 32 44
6 14 53
5 6 22
20 23 39
25 76 83
14 27 53
13 16 76
27 91 92
12 28 80
13 35 60
2 28 29
24 60 75
8 65 80
30 56 95
1 42 92
0 46 50
2 28 98
41 86 96
24 49 97
8 29 80
8 65 73
10 55 62
10 15 55
10 15 26
11 13 15
11 13 76
23 44 46
24 35 74
13 15 37
24 58 97
25 52 59
16 25 76
45 52 83
27 57 92
28 29 80
1 42 91
36 48 79
10 62 66
27 36 91
9 66 81
34 35 43
21 34 43
20 39 90
36 39 79
36 48 72
41 72 86
15 37 54
19 52 73
36 53 90
37 43 54
23 39 79
11 55 93
0 50 71
34 47 54
3 42 92
42 72 91
33 52 73
51 82 87
81 82 90
33 51 82
