8 19 94
15 43 54
14 38 61
17 18 76
11 69 76
25 45 83
4 39 90
48 79 90
39 79 90
20 39 79
5 6 53
3 40 77
36 48 91
35 60 74
24 68 75
23 32 46
24 58 68
16 17 76
13 37 76
31 63 75
21 43 54
10 26 62
15 67 93
26 55 62
15 37 43
11 15 93
66 67 93
19 52 59
25 59 64
45 69 83
45 69 88
59 64 94
25 45 59
19 59 94
81 82 87
19 33 52
22 28 80
28 65 73
2 29 94
2 61 98
22 61 98
8 29 94
28 65 80
5 81 82
22 28 98
22 61 99
65 80 82
80 82 89
19 33 73
51 69 88
36 48 53
4 20 39
7 23 32
5 82 89
6 14 99
5 12 89
12 22 99
14 61 99
6 27 53
27 36 53
27 38 57
38 57 61
1 91 92
48 79 86
1 42 72
3 40 42
40 42 77
68 77 95
30 41 56
32 44 46
10 26 44
7 10 32
0 74 78
10 32 44
23 46 96
34 44 78
34 44 47
21 47 54
49 58 97
58 68 97
48 86 91
49 84 97
74 84 85
33 73 82
71 74 84
51 70 93
66 70 93
11 69 93
51 69 93
66 81 87
25 64 83
18 63 76
57 61 92
45 59 88
3 61 92
49 58 84
56 71 84
56 77 95
41 56 77
56 68 95
55 62 66
55 66 67
54 55 67
21 35 60
20 23 96
50 71 74
20 79 86
5 6 99
17 18 83
4 7 23
5 12 99
31 74 75
13 31 60
30 46 50
7 10 62
18 63 75
65 73 82
12 22 89
11 15 37
4 5 90
66 70 87
8 19 28
11 37 76
4 5 81
6 27 38
8 28 29
4 20 23
24 75 85
30 46 96
13 37 60
56 68 97
44 46 78
1 72 86
13 31 63
1 86 91
4 9 81
51 52 88
16 69 76
5 48 53
5 48 90
30 41 86
16 69 83
27 91 92
6 14 38
24 58 84
74 75 85
2 28 29
20 86 96
1 42 92
0 46 50
4 9 62
2 28 98
21 43 60
37 43 60
70 82 87
9 62 66
26 44 47
15 54 67
22 80 89
16 17 83
4 7 62
24 84 85
26 47 54
30 86 96
27 57 92
21 35 47
18 64 75
30 56 71
30 50 71
31 60 74
27 36 91
13 63 76
9 66 81
34 35 47
34 35 78
35 74 78
0 46 78
41 72 86
19 28 73
56 84 97
18 64 83
41 42 72
41 42 77
3 42 92
52 59 88
0 50 74
51 70 82
33 51 52
26 54 55
33 51 82
