8 19 94
15 43 54
14 38 61
21 34 35
4 39 90
27 36 57
5 6 12
3 40 77
35 60 74
23 32 46
24 58 68
30 41 96
17 18 64
16 17 76
13 37 76
21 34 47
31 60 75
21 43 54
15 37 43
15 26 55
55 62 67
66 67 93
15 26 54
19 52 59
19 59 94
81 82 87
45 52 88
19 33 52
22 28 80
8 19 73
2 29 94
2 61 98
2 29 98
22 61 98
8 29 94
8 29 98
8 28 98
22 28 98
22 61 99
65 80 82
80 82 89
33 65 73
19 33 73
9 81 87
51 66 70
9 70 87
36 48 53
4 10 62
4 20 39
4 7 20
5 82 89
5 12 89
12 22 99
14 61 99
6 12 99
5 53 90
36 91 92
27 36 53
27 38 57
14 27 38
38 57 61
1 91 92
36 57 92
1 72 91
72 86 96
1 42 72
40 42 77
68 77 95
46 50 96
30 41 56
30 50 96
32 44 46
23 86 96
0 74 78
23 46 96
30 50 56
21 47 54
24 74 85
49 58 97
50 56 71
58 68 97
69 83 88
45 83 88
74 84 85
49 71 97
56 71 97
71 74 84
33 65 70
57 61 92
24 60 68
43 60 63
31 60 63
25 59 83
58 71 84
56 77 95
41 56 77
56 68 95
21 35 60
50 71 74
55 67 93
20 23 32
52 59 83
25 64 94
17 63 76
23 48 79
4 62 67
17 25 83
12 22 89
11 15 55
11 15 37
11 51 88
4 81 90
4 7 32
11 37 76
5 82 90
4 66 70
5 6 27
18 31 63
1 61 92
5 27 53
44 47 78
56 68 97
4 10 32
44 46 78
18 31 75
1 3 61
6 27 99
11 69 88
1 40 42
17 25 64
1 3 40
4 9 81
11 16 76
4 66 67
51 52 88
20 23 39
7 20 32
8 28 80
25 59 94
4 9 70
16 69 83
17 18 63
24 58 84
42 72 96
8 65 80
0 46 50
10 26 55
8 65 73
21 43 60
10 55 62
70 82 87
33 51 70
26 44 47
10 26 32
22 80 89
23 48 86
16 17 83
24 84 85
45 52 83
34 47 78
26 47 54
24 60 74
42 77 96
14 27 99
49 58 71
51 66 93
18 64 75
13 63 76
39 53 90
11 16 69
11 51 93
34 35 78
72 86 91
35 74 78
65 70 82
0 46 78
13 37 63
36 86 91
36 48 86
23 39 79
37 43 63
39 53 79
11 55 93
41 77 96
26 32 44
0 50 74
33 51 52
48 53 79
60 68 75
81 82 90
