460.46 -870.522
1063.51 -1414.8
1087.79 -1145.52
852.467 -194.535
8.0958 1499.77
943.906 415.628
-1732.3 -1484.63
987.017 -468.395
632.057 -740.456
-1794.31 1973.52
1804.31 1278.74
676.105 -331.039
-978.258 716.515
483.902 -366.545
821.537 -407.153
-601.158 -718.003
722.325 -1537.65
-132.802 -189.884
-683.171 -1280.34
1615.58 1324.93
-1780.56 559.487
-259.447 -1512.87
1074.86 -1272.43
18.7385 -293.082
-12.8864 224.43
-319.563 -208.58
-496.834 -1643.46
1460.38 524.908
1073.06 -55.7166
-1841.64 -105.405
1537.13 -442.795
1176.59 259.456
19.5533 -956.211
-1930.43 1336.38
-236.546 1685.15
661.308 -17.1106
244.641 -1598.14
470.023 -680.499
-870.569 -1511.24
1026.42 1116.54
713.191 -1293.14
-1092.04 -1783.64
-936.601 -1631.65
741.265 -1863.54
312.629 899.628
31.052 -150.24
-1543.17 -792.357
-1890.78 476.387
251.433 -1821.21
-187.23 -1985.11
1863.94 -1525.92
-2.22444 108.583
-1124.06 -1532.2
1428.08 5.36906
-1043.44 454.503
-878.087 1669.75
1161.36 29.8776
1886.11 -1775.24
398.223 627.373
-1638.78 -1289.15
-472.999 392.269
560.613 -16.1653
1599.91 669.829
-1539.78 -148.655
848.617 272.992
-133.769 712.559
747.069 1864.01
-1178.86 1623.01
-1668.2 -1750.77
-371.623 -711.636
703.729 750.29
-1041.89 -134.911
-1219.83 -1155.78
89.8488 1178.39
1471.59 451.066
1889.24 -1001.4
-1156.67 449.856
982.43 -1556.75
-880.315 1442.65
294.592 1968.3
-284.356 -1839.18
680.862 -1537.29
-1975.17 1502
-1914.28 -1643.37
1751.23 -285.903
-355.002 454.959
-1535.61 603.113
-1679.95 -755.446
1447.34 409.897
-1577.05 918.93
-1139.04 -1687.81
1917.53 -295.702
762.045 899.956
147.544 1881.73
342.608 -1557.86
1850.03 -1941.75
-1397.04 530.894
-1479.04 -1372.21
32.8983 -1393.32
-1015.58 -215.872
320.781 629.42
-1760.91 785.168
-767.467 -1440.86
-1970.28 -1320.13
969.033 -1547.33
1598.8 1830
-1235.14 1516.32
-465.706 1526.9
416.28 1681.84
1408.63 -1241.11
-1876.03 1258.66
-1182.86 -1273.07
-210.441 -661.897
-645.279 1822.46
-55.2124 339.143
-393.414 -1734.43
-1031.44 -154.327
1050.74 201.096
404.809 1080.46
880.965 -626.158
1533.13 479.763
-796.162 -1702.02
-3.91257 738.132
1824.89 -1587.63
419.97 1233.52
-828.745 543.944
492.183 -11.6063
1270.88 -1718.26
1326.5 -1374.4
-1895.8 -728.716
964.74 -289.214
-463.147 1933.3
1556.46 -1412.41
134.399 -38.7326
1668.05 -984.636
1335.11 1201.18
1495.13 -1461.05
1499.16 -508.785
1277.08 1324.05
-96.418 -302.951
557.565 1074.84
-1759.01 -950.252
-936.77 1511.87
-668.51 -1610.27
-1862.53 -564.31
-338.988 1102.21
1146.48 1197.86
1035.51 702.934
1785.46 -830.092
-1335.8 1453.51
185.271 1999.31
654.682 -319.601
-1461.74 153.843
1171.61 1815.34
-522.11 -924.804
-487.613 -1964.55
-1849.97 -246.621
-914.798 -786.737
-734.751 416.692
-397.01 -597.285
1852.38 1264
-1495.08 998.857
461.866 1540.43
-298.209 247.321
-1289.66 365.993
-299.174 895.609
365.304 -1644.49
-1423.99 903.562
509.352 1747.62
718.9 1987.24
-1177.18 -1768.71
-1977.3 -1027.15
-15.3344 -892.102
186.112 1249.91
1524.59 1789.1
-1347.37 1376.97
1053.1 -842.449
375.83 -485.031
-1302.02 -1922.38
1762.29 -591.682
443.614 -536.884
-1696.07 -1191.08
-181.375 -1120.07
1712.48 -1672.02
-1372.44 431.379
-1684.78 -549.628
662.666 -1662.09
423.221 -1352.67
-554.188 -1390.67
1897.25 -1029.6
-1601.57 -1450.13
-1652.63 1451.54
-292.575 723.205
-1033.49 405.406
800.826 -1271.2
1813.72 -755.56
191.912 -1882.35
53.3583 -1989.46
-1002.42 -234.162
-1661.49 -374.861
-1802.78 -1346.27
1075.51 859.883
-1008.36 -501.267
1507.21 437.456
108.066 1404.46
1407.86 506.501
1954.33 1755.23
-41.9624 -338.24
478.437 924.543
-1932.83 -720.737
1653.34 1880.89
523.703 -154.75
1998.54 -1422.94
-144.214 -1003.88
342.9 194.299
621.263 540.117
848.03 -303.225
-600 1839.67
1195.51 -1092.79
277.129 -696.426
-1688.33 -315.013
1810.07 -1733.99
-559.781 -231.888
-72.2308 1918.66
-1307.34 -5.06487
-802.081 -1654.01
-124.175 1721.62
191.243 -125.636
-1701.32 -1952.97
870.487 641.583
241.328 -508.25
-818.299 -910.642
1188.52 581.701
-1070.97 384.032
1488.92 1206.16
1687.61 1800.59
-1108.85 1497.68
-1933.4 331.367
-734.207 -5.63163
250.023 -41.5519
1989.3 1447.94
304.441 -134.872
1169.56 -1504.32
1739.49 1468.25
-1457.29 609.98
109.831 784.042
-1898.27 1291.53
1873.4 1290.25
-126.767 -1197.57
-325.713 -637.852
-1991.41 -638.107
-837.262 -1100.26
-1140.43 -770.662
1231.11 125.367
1223.71 -518.869
-1916.18 1213.01
-1070.93 388.257
-921.862 -1901.36
883.941 -1182.37
1566.88 1426.65
1427.61 -323.284
210.697 1529.34
-1031.75 84.0966
819.594 841.48
886.528 -1506.12
-1796.37 895.121
-144.226 -633.633
1794.86 715.348
595.705 1025.97
-1159.28 -180.589
-1492.9 -1075.47
-967.58 -563.825
1312.79 110.557
-465.188 196.729
928.187 -898.303
-376.617 355.796
778.413 1834.08
-114.865 1746.66
-81.8235 -1295.27
588.141 -1195.29
-801.391 791.769
1699.83 1054.38
-1841.86 1494.69
-230.269 753.841
520.66 610.447
-1426.75 1027.76
1534.98 -394.328
-1536.06 847.765
1716.23 -1.25094
-955.506 644.416
1100.45 667.878
-999.788 -121.141
501.957 885.347
-374.48 -1579.87
1590.08 -1786.34
-775.161 -1211.31
1005.43 -1075.33
1843.07 1163.57
-1580.65 -387.2
-82.5925 940.014
-1776.75 490.659
-32.2239 1758.22
-1903.67 431.713
605.99 1812.56
-1569.54 1650.48
456.976 1530.91
318.362 1457.19
-590.233 -1179.68
342.536 1035.29
-759.547 -67.3881
1248.95 465.292
721.297 254.377
1389.96 564.365
-582.057 1809.31
-1822.84 1335.35
749.326 -1599.59
-173.99 -1282.9
-1841.36 -77.6593
1148.82 764.626
-265.099 1579.28
415.11 -1808.12
1110.19 -1266.53
1649.07 -1480.05
-446.209 -8.39881
1555.24 794.244
1924.21 804.186
-740.464 645.51
-941.437 -1350.51
-790.125 476.506
-1541.19 -612.96
-188.143 1208.13
-212.548 1637.87
1925.23 -53.9121
-439.792 1074.05
-1289.29 1295.11
653.327 1125.82
1486.99 -236.488
1859.3 1136.05
283.465 -586.914
-872.348 -161.296
-1792.67 -948.135
-1357.11 -533.135
1697.37 -298.547
116.359 -1092.75
-1822.04 575.164
294.291 -10.1835
-216.704 -1918.26
-372.316 -291.47
27.8307 1187.89
-1217.42 738.544
483 1435.91
-135.632 -30.0149
-800.581 -276.337
-893.964 1482.88
1136.75 233.687
-678.412 1344.08
1285.55 -35.522
-1189.06 982.927
1665.93 927.302
1890.18 1843.89
-497.534 184.468
-166.293 1285.76
266.211 1461.39
-1005.71 -1705.96
649.282 -223.128
1032.59 -867.718
-787.221 -1103.05
1102.27 412.198
620.617 -1791.7
-104.918 -242.634
441.99 1216.67
-898.556 -272.458
-818.852 -87.6122
-1289.53 -1152.92
-1160.31 -1399.35
-1309.03 342.156
785.115 524.677
-372.082 -948.673
-13.9325 622.211
-654.631 -1364.65
-1600.92 -1622.04
-232.369 -388.138
-725.09 -1130.1
-1975.94 1895.53
-921.8 -80.8576
-347.107 1520.19
-864.187 754.337
-752.268 316.961
-1333.27 -41.7991
1164.04 -493.585
558.848 1855.01
1848.57 -656.037
379.687 -523.511
395.289 -1634.25
-1901.3 1740.66
-998.896 -1502.22
-1881.39 768.735
109.644 -606.477
1638.63 133.704
-710.951 -1283.17
