3 17 34
12 34 36
19 33 37
33 37 46
4 45 47
2 8 14
1 21 29
3 6 17
5 35 41
3 28 46
3 28 34
3 6 46
2 13 25
6 17 25
12 24 34
20 26 33
11 12 30
19 30 33
11 12 24
26 30 33
20 26 31
11 27 44
38 42 44
4 38 42
21 27 30
18 38 44
11 27 30
18 27 44
7 29 48
7 45 48
7 10 39
1 7 29
9 39 47
9 10 20
9 10 39
4 9 47
4 9 32
4 45 48
4 29 48
0 15 42
0 35 41
0 15 32
0 22 41
0 35 42
16 23 35
8 14 16
2 13 14
5 22 41
19 36 37
34 37 46
12 30 36
23 42 44
22 40 43
21 26 30
1 21 26
19 30 36
11 23 24
1 31 49
28 34 46
7 39 45
6 13 25
11 23 44
8 17 25
4 21 38
13 14 43
8 23 24
34 36 37
1 7 10
10 31 49
8 16 23
4 21 29
5 22 43
18 21 27
39 45 47
2 8 25
4 15 32
4 15 42
8 17 34
8 24 34
10 20 31
23 35 42
6 13 43
1 26 31
1 10 49
14 16 35
5 14 35
5 14 43
18 21 38
