3 17 34
12 34 36
19 33 37
1 26 30
8 17 24
19 34 36
33 37 46
2 8 14
1 21 29
4 32 42
3 6 17
5 35 41
3 28 46
3 28 34
6 25 43
3 6 46
6 17 25
2 8 17
11 12 30
19 34 37
11 24 44
11 12 24
11 27 44
38 42 44
18 38 44
11 27 30
18 27 44
7 29 48
21 29 38
7 45 48
7 10 39
1 7 29
9 10 20
9 10 39
7 45 47
4 45 48
4 29 48
0 15 42
0 15 32
0 22 41
15 32 42
23 24 44
16 23 35
13 25 43
5 40 43
8 14 16
5 13 43
5 22 40
5 22 41
34 37 46
4 32 45
20 31 33
26 31 33
12 30 36
29 38 42
4 29 42
23 42 44
19 30 36
19 26 33
7 9 39
1 31 49
28 34 46
7 9 47
32 45 47
0 41 42
8 23 24
1 21 27
19 26 30
1 7 10
13 17 25
10 31 49
8 16 23
18 21 27
2 5 14
2 5 13
9 32 47
35 41 42
10 20 31
23 35 42
1 26 31
12 17 34
1 27 30
1 10 49
2 13 17
12 17 24
14 16 35
5 14 35
18 21 38
