3 17 34
12 34 36
28 34 37
19 33 37
19 34 36
33 37 46
4 45 47
7 39 47
10 20 49
2 8 14
1 21 29
4 32 42
3 6 17
28 37 46
3 28 46
3 28 34
3 6 46
6 17 25
2 8 17
19 34 37
11 24 44
11 12 24
20 31 49
11 27 44
38 42 44
4 38 42
21 27 30
18 38 44
11 27 30
18 27 44
7 29 48
21 29 38
7 45 48
4 29 38
7 10 39
1 7 29
9 10 20
4 9 47
7 45 47
4 9 32
4 45 48
4 29 48
0 15 42
0 15 32
0 22 41
0 35 42
15 32 42
23 24 44
16 23 35
16 23 24
2 13 14
5 22 41
20 31 33
26 31 33
23 42 44
22 40 43
21 26 30
1 21 26
19 30 36
19 26 33
1 31 49
11 30 36
6 13 25
13 14 43
8 12 24
0 5 35
19 26 30
1 7 10
13 17 25
5 22 43
0 5 41
18 21 27
8 12 34
8 17 34
23 35 42
6 13 43
9 10 47
10 39 47
1 26 31
11 12 36
1 10 49
2 13 17
8 14 24
14 16 24
14 16 35
5 14 35
5 14 43
18 21 38
