3 17 34
12 34 36
19 33 37
8 17 24
7 10 49
33 37 46
4 45 47
10 20 49
2 8 14
1 21 29
23 35 44
4 32 42
2 17 25
3 6 17
3 28 46
3 28 34
3 6 46
2 13 25
6 17 25
17 24 34
2 8 17
12 24 34
20 26 33
19 30 33
11 12 24
26 30 33
20 31 49
1 7 49
20 26 31
4 38 42
18 38 44
18 27 38
11 27 30
18 27 44
7 29 48
7 45 48
7 10 39
1 7 29
9 10 20
9 10 39
4 9 47
7 45 47
4 9 32
4 45 48
4 29 48
0 15 42
0 15 32
0 22 41
0 35 42
15 32 42
16 23 35
16 23 24
5 40 43
5 13 43
5 22 40
5 22 41
19 36 37
34 37 46
27 30 38
23 27 44
11 23 27
21 26 30
1 21 26
19 30 36
11 23 24
7 9 39
1 31 49
28 34 46
7 9 47
11 30 36
6 13 25
4 21 38
0 5 35
34 36 37
4 21 29
0 5 41
35 38 44
2 5 14
2 5 13
6 13 43
1 26 31
35 38 42
11 12 36
8 14 24
14 16 24
14 16 35
21 30 38
5 14 35
