49 97 254
224 229 246
41 159 273
26 48 241
58 77 258
135 213 223
27 66 134
27 66 198
18 239 258
89 125 129
89 140 156
73 85 205
40 167 218
140 207 226
111 140 156
111 140 207
56 115 236
111 157 166
93 200 246
84 222 250
196 229 246
187 224 291
101 136 284
3 15 136
110 159 249
44 93 246
159 219 261
38 74 241
44 45 276
87 120 152
78 187 199
12 26 74
47 111 257
112 154 241
8 110 249
65 71 231
49 50 254
22 256 263
128 148 258
66 173 274
66 161 173
11 164 288
16 130 142
11 36 73
16 111 207
16 125 252
17 193 297
66 164 288
66 164 277
89 140 226
111 156 166
16 111 130
65 150 231
57 115 122
158 167 287
119 192 216
121 127 193
56 131 283
39 64 146
5 95 179
64 130 257
5 123 178
167 180 290
17 193 236
19 178 242
178 220 242
214 250 275
43 90 168
84 250 275
6 168 250
99 107 153
6 192 216
30 33 169
6 163 216
6 192 250
1 165 260
53 112 139
20 88 144
147 209 294
78 224 229
195 282 294
147 209 262
61 62 96
112 139 191
62 195 294
62 96 138
76 189 201
30 169 293
33 149 222
63 92 268
255 284 295
3 101 136
49 110 202
202 284 295
68 202 284
8 177 254
49 97 110
110 159 202
170 172 256
68 159 238
41 196 200
68 238 298
68 159 202
68 101 284
68 101 298
238 291 298
159 238 273
196 200 246
81 238 273
78 199 229
81 187 199
46 105 235
3 224 291
78 187 224
105 212 299
44 246 299
45 108 276
26 74 241
210 233 264
44 212 299
44 45 212
44 93 276
41 159 219
108 276 278
41 200 219
219 261 276
188 261 276
106 188 261
32 106 261
188 276 278
2 108 278
2 210 264
12 210 233
12 48 112
48 112 241
12 26 48
143 154 241
2 74 278
35 150 203
32 52 249
22 170 256
0 170 171
109 150 203
25 32 52
35 52 172
25 32 106
50 175 254
175 177 254
42 253 271
0 8 171
171 271 292
175 177 292
170 171 281
98 253 263
253 263 271
42 271 292
42 98 253
58 98 148
58 98 263
71 231 251
160 221 270
77 239 258
77 104 239
18 211 221
18 221 239
102 128 243
58 148 258
94 173 274
102 161 243
161 197 243
161 173 197
94 240 274
73 94 228
16 142 145
94 228 240
228 240 288
66 134 161
102 161 211
89 156 277
27 116 279
29 270 279
156 166 198
27 166 198
27 116 134
134 161 211
211 221 270
116 134 211
18 102 211
111 157 234
47 86 111
125 207 226
89 125 226
16 125 207
36 89 129
125 129 252
73 118 252
16 118 252
39 145 181
73 85 118
85 118 181
39 85 181
39 145 217
130 142 217
142 145 217
155 162 232
86 111 234
47 83 227
20 135 144
20 135 194
47 83 86
29 157 234
103 160 251
29 157 279
29 141 270
71 160 251
141 160 270
103 126 137
103 141 160
55 143 154
143 150 231
55 143 194
135 137 194
135 144 213
115 236 287
28 127 259
47 232 257
121 167 287
17 155 232
144 162 213
162 213 227
79 232 297
17 232 297
79 193 297
64 130 217
111 130 257
10 54 208
39 64 217
64 146 280
39 85 146
82 146 280
85 146 205
82 259 269
4 10 230
5 10 54
82 259 280
4 259 269
28 127 225
80 114 133
72 123 178
5 205 230
5 10 230
179 186 266
5 95 205
95 133 275
185 186 266
90 168 214
34 40 69
80 90 214
168 214 250
80 90 91
69 72 91
69 167 290
121 167 180
19 69 290
158 167 218
40 163 184
34 40 163
40 69 167
163 184 216
33 222 260
6 43 168
43 90 91
30 33 151
192 250 272
1 119 192
113 222 260
33 149 151
84 149 222
30 151 293
151 189 201
245 248 293
37 245 248
169 245 293
13 24 237
119 184 216
21 183 184
21 24 183
24 183 237
67 100 265
67 117 285
24 100 265
24 139 265
20 53 139
20 88 122
112 120 191
120 152 233
67 265 285
67 117 215
31 37 215
23 62 138
31 61 289
23 147 294
7 96 138
7 23 138
7 87 285
7 23 132
51 182 262
46 105 182
75 204 224
75 204 209
105 204 235
51 147 262
46 182 262
209 282 294
23 62 294
9 176 282
61 62 195
9 63 282
75 209 282
9 63 92
9 92 99
76 189 289
76 176 206
84 149 174
70 84 174
92 99 153
99 107 206
66 274 288
113 260 272
46 235 262
47 227 232
28 220 259
28 220 225
220 225 242
100 215 244
212 233 264
211 270 279
116 211 279
204 246 299
204 224 246
76 201 206
201 206 267
61 195 289
194 231 251
79 193 259
1 192 260
240 274 288
192 260 272
190 232 257
79 190 232
37 215 244
60 184 237
152 182 212
105 182 212
143 194 231
124 176 195
176 195 282
204 209 262
171 263 271
171 177 292
8 171 177
33 169 260
165 169 260
21 165 245
17 155 236
92 153 268
14 153 268
204 235 262
153 206 267
151 174 201
53 55 112
70 174 267
51 87 152
152 212 233
56 115 122
222 250 272
0 52 170
51 152 182
56 88 122
72 80 247
151 189 293
38 109 203
71 104 239
54 220 259
52 170 172
86 223 234
41 81 196
38 109 143
83 86 223
16 118 145
36 89 277
133 214 275
11 36 164
38 106 188
38 188 278
32 159 261
72 123 266
31 37 248
31 189 289
29 103 141
29 103 126
72 80 91
162 227 232
183 184 237
27 157 166
50 255 295
144 155 162
29 126 234
72 185 247
135 137 234
121 193 236
165 169 245
51 87 132
19 225 242
64 190 280
109 143 150
35 65 150
25 35 52
36 164 277
15 136 255
10 208 259
34 43 163
18 128 258
19 180 225
56 88 144
43 69 91
38 74 278
9 176 206
35 58 59
70 153 267
65 71 104
4 205 230
103 137 251
8 52 249
76 124 176
50 175 255
42 128 148
160 221 239
49 50 202
5 54 220
139 191 285
4 10 259
5 178 220
41 81 273
60 218 286
1 21 184
56 131 144
171 263 281
55 112 154
0 8 52
38 143 241
124 195 289
81 196 199
20 53 55
2 212 264
121 180 225
93 200 276
135 223 234
107 153 206
82 146 269
6 43 163
184 218 286
20 57 139
3 101 298
20 57 122
13 60 237
14 153 296
58 256 263
24 57 139
60 115 287
19 180 290
11 73 288
5 123 179
21 24 100
70 153 296
18 102 128
60 158 218
21 37 245
21 37 244
71 160 239
21 100 244
200 219 276
127 193 259
81 187 291
13 24 57
105 204 299
25 38 106
19 72 178
174 201 267
58 172 256
57 60 115
13 57 60
36 73 129
58 59 77
59 77 104
60 158 287
12 112 233
61 96 117
61 117 215
31 61 215
2 108 212
63 75 282
126 137 234
35 59 65
27 157 279
59 65 104
19 69 72
25 38 203
79 259 280
66 156 198
45 108 212
196 199 229
114 133 186
170 263 281
23 132 147
66 156 277
72 185 266
73 129 252
73 228 288
60 184 286
12 74 210
87 120 285
2 74 210
76 124 289
94 197 243
79 190 280
40 184 218
64 190 257
185 186 247
80 114 247
35 58 172
81 238 291
54 208 259
80 133 214
136 255 284
50 202 295
83 213 227
83 213 223
14 84 296
42 94 128
70 84 296
9 99 206
120 191 285
7 87 132
25 35 203
94 128 243
95 133 186
149 151 174
95 179 186
3 291 298
7 96 285
67 100 215
63 75 268
121 127 225
4 205 269
32 159 249
1 119 184
97 110 254
8 110 254
42 98 148
146 205 269
112 120 233
1 21 165
114 186 247
51 132 147
189 248 293
94 173 197
118 145 181
20 55 194
121 236 287
123 179 266
31 189 248
34 43 69
137 194 251
96 117 285
22 170 263
56 155 283
139 265 285
113 222 272
144 155 283
131 144 283
56 155 236
