24 100 244
224 229 246
41 159 273
59 65 150
26 48 241
27 66 198
18 239 258
89 125 129
73 85 205
40 167 218
140 207 226
111 140 156
111 140 207
56 115 236
74 188 278
93 200 246
84 222 250
196 229 246
187 224 291
81 196 229
101 136 284
81 187 238
3 15 136
110 159 249
81 199 229
44 93 246
159 219 261
38 74 241
78 187 199
105 152 182
12 26 74
87 152 182
8 110 249
65 71 231
8 171 292
49 202 295
128 148 258
172 256 263
8 177 292
94 173 243
11 164 288
16 130 142
11 36 73
16 125 252
66 164 288
66 164 277
89 140 226
158 167 287
119 192 216
121 127 193
82 146 205
5 95 179
79 127 193
180 225 290
5 123 178
167 180 290
19 178 242
60 158 286
178 220 242
34 69 91
43 90 168
84 250 275
6 168 250
99 107 153
6 192 216
30 33 169
6 163 216
6 192 250
1 165 260
53 112 139
20 88 144
147 209 294
78 224 229
195 282 294
147 209 262
112 139 191
62 195 294
30 169 293
14 92 268
33 149 222
63 92 268
3 101 291
3 101 136
15 136 284
15 255 284
8 177 254
8 97 110
0 52 172
170 172 256
68 159 238
68 238 298
101 291 298
187 238 291
68 101 298
238 291 298
159 238 273
196 200 246
81 238 273
81 196 273
78 199 229
81 187 199
46 105 235
3 224 291
46 204 209
78 187 224
105 212 299
105 152 212
44 246 299
26 74 241
210 233 264
41 159 219
108 276 278
41 200 219
219 261 276
188 261 276
106 188 261
0 170 172
25 106 203
32 106 261
188 276 278
2 12 210
2 210 264
12 210 233
12 48 112
53 112 154
12 26 48
143 154 241
38 74 188
2 12 74
38 109 241
35 58 150
22 170 281
22 170 256
0 170 171
25 32 106
50 175 254
8 97 254
49 50 295
175 177 254
42 253 271
0 8 171
171 271 292
171 271 281
175 177 292
263 271 281
170 171 281
98 253 263
253 263 271
42 271 292
98 128 148
58 98 148
58 98 263
58 59 150
71 231 251
71 160 221
160 221 270
77 239 258
77 104 239
18 211 221
18 221 239
102 128 243
18 102 258
173 197 243
94 173 274
102 128 258
161 197 243
161 173 197
66 240 274
66 240 288
73 94 228
16 142 145
228 240 288
66 134 161
27 116 279
29 270 279
156 166 198
27 166 198
134 161 211
211 221 270
116 134 211
18 102 211
111 157 234
89 125 226
16 145 181
36 129 252
36 89 129
36 73 252
125 129 252
73 118 252
16 118 252
39 145 181
16 118 181
73 85 118
85 118 181
39 85 181
190 257 280
39 145 217
142 145 217
155 162 232
86 111 234
47 83 86
29 157 279
29 141 270
103 126 141
103 126 137
29 126 137
29 126 141
55 143 154
55 143 194
135 137 194
53 55 154
20 122 139
57 122 139
115 236 287
13 57 115
158 218 286
28 127 259
47 232 257
121 167 287
127 180 225
17 155 232
79 127 259
79 232 297
17 232 297
79 193 297
64 146 280
39 85 146
82 146 280
85 146 205
82 259 269
4 230 269
4 10 230
4 208 259
5 10 54
4 259 269
121 127 180
28 127 225
28 225 242
80 114 133
28 220 242
5 123 266
5 10 230
123 185 266
5 179 266
179 186 266
95 133 275
123 185 247
185 186 266
72 114 247
80 91 114
80 133 275
90 168 214
34 40 69
72 91 114
80 214 275
80 90 214
80 90 91
69 72 91
69 167 290
121 167 180
19 69 290
158 167 218
40 163 184
34 40 163
40 69 167
34 43 91
33 222 260
6 43 168
43 90 91
30 33 151
192 250 272
1 119 192
37 100 244
113 250 272
113 222 250
113 222 260
33 149 151
21 244 245
37 245 248
21 169 245
13 24 237
21 165 169
21 183 184
183 184 286
37 244 245
24 183 237
67 117 285
24 139 265
139 191 265
20 53 139
20 88 122
112 120 191
46 209 262
7 117 285
87 120 191
87 191 285
96 117 215
67 117 215
31 37 215
23 62 138
7 96 117
31 61 289
23 147 294
7 87 285
7 23 132
51 182 262
51 87 182
46 105 182
75 268 282
75 204 224
75 204 209
105 204 235
46 204 235
51 147 262
46 182 262
209 282 294
23 62 294
61 62 195
75 209 282
99 176 206
9 63 92
61 124 289
124 176 289
61 124 195
76 189 289
76 176 289
76 176 206
14 70 84
76 206 267
70 84 174
76 201 267
14 70 296
70 267 296
153 267 296
92 99 153
99 107 206
113 260 272
22 256 281
183 237 286
193 236 297
94 228 274
47 227 232
28 220 259
212 233 264
211 270 279
116 211 279
161 211 243
204 246 299
204 224 246
202 255 295
202 255 284
41 200 273
194 231 251
135 194 213
1 192 260
192 260 272
190 232 257
79 190 232
24 183 244
123 178 247
143 194 231
124 176 195
84 174 222
149 174 222
33 169 260
165 169 260
169 245 248
169 248 293
168 250 275
66 161 274
161 173 274
156 157 166
155 236 283
17 155 236
153 206 267
151 174 201
70 174 267
152 212 233
44 45 299
56 88 122
47 223 227
24 67 100
45 212 299
44 45 108
38 109 203
17 236 297
71 104 239
54 220 259
86 223 234
38 106 203
49 97 202
228 240 274
83 86 223
47 130 257
36 89 277
11 36 164
35 109 203
38 106 188
137 157 234
32 159 261
31 37 248
31 189 289
135 213 227
30 189 293
162 227 232
27 157 166
50 255 295
144 155 162
25 32 249
56 57 115
25 52 249
135 137 234
9 176 195
121 193 236
51 87 132
30 151 189
19 225 242
9 63 268
109 143 150
56 131 236
144 213 227
48 112 154
56 57 122
111 156 157
101 202 284
36 164 277
34 43 163
56 88 144
48 154 241
72 178 247
25 52 172
61 96 215
64 146 217
65 71 104
103 137 251
7 23 96
8 52 249
130 257 280
50 175 255
5 54 220
13 60 115
5 178 220
168 214 275
1 21 184
56 131 144
256 263 281
0 8 52
16 125 226
68 110 159
4 54 208
9 92 176
87 152 233
20 53 55
9 268 282
2 212 264
66 116 134
60 237 286
35 109 150
93 200 276
135 223 234
107 153 206
6 43 163
71 103 160
20 144 213
184 218 286
64 130 142
19 225 290
13 60 237
14 153 296
144 162 227
24 57 139
16 207 226
60 115 287
119 163 216
11 73 288
9 195 282
49 50 97
20 194 213
200 219 276
196 200 273
23 96 138
13 24 57
105 204 299
19 72 178
174 201 267
4 10 54
25 35 172
58 172 263
58 59 77
59 77 104
64 130 280
109 143 241
60 158 287
61 62 138
12 112 233
92 99 176
61 96 138
31 61 215
2 108 212
64 142 217
67 191 285
71 103 251
27 157 279
59 65 104
65 143 231
21 183 244
19 69 72
65 143 150
27 66 116
24 67 265
66 156 198
45 108 212
67 191 265
68 110 202
114 133 186
71 221 239
23 132 147
66 156 277
73 228 288
2 74 108
74 108 278
47 83 223
47 86 130
76 151 189
135 223 227
58 77 148
77 148 258
79 190 280
40 184 218
79 82 280
79 82 259
185 186 247
35 58 172
14 92 153
54 208 259
119 163 184
82 205 230
82 230 269
87 120 233
42 94 128
86 111 130
7 87 132
42 128 253
93 108 276
25 35 203
44 93 108
94 128 243
16 130 207
95 133 186
149 151 174
95 179 186
5 95 230
76 151 201
95 205 230
97 110 202
37 100 215
67 100 215
68 101 202
103 160 270
103 141 270
32 159 249
1 119 184
50 97 254
112 120 233
1 21 165
114 186 247
51 132 147
189 248 293
20 55 194
121 236 287
98 128 253
111 130 207
31 189 248
131 236 283
102 211 243
29 137 157
137 194 251
140 156 277
89 140 277
144 155 283
131 144 283
39 146 217
