49 97 254
224 229 246
59 65 150
26 48 241
58 77 258
135 213 223
27 66 134
18 239 258
89 140 156
73 85 205
121 193 287
40 167 218
140 207 226
111 140 207
56 115 236
23 51 147
111 157 166
93 200 246
105 224 299
3 15 136
110 159 249
38 74 241
78 187 199
12 26 74
8 110 249
65 71 231
49 50 254
156 198 277
49 202 295
42 94 243
128 148 258
42 128 243
8 177 292
66 173 274
94 173 243
11 164 288
16 130 142
11 36 73
17 193 297
66 164 288
66 164 277
89 140 226
157 166 279
119 192 216
121 127 193
5 95 179
79 127 193
180 225 290
5 123 178
167 180 290
17 193 236
19 178 242
60 158 286
178 220 242
43 90 168
84 250 275
6 168 250
99 107 153
6 192 216
6 192 250
1 165 260
53 112 139
20 88 144
147 209 294
78 224 229
195 282 294
147 209 262
61 62 96
62 195 294
62 96 138
124 195 282
105 204 224
107 153 267
33 149 222
63 92 268
3 101 136
49 110 202
49 97 110
170 172 256
68 159 238
41 196 200
68 238 298
187 238 291
68 101 298
238 291 298
159 238 273
196 200 246
81 196 273
78 199 229
81 187 199
46 105 235
3 224 291
105 212 299
224 246 299
45 108 276
26 74 241
210 233 264
44 212 299
44 45 212
108 276 278
41 196 273
41 200 219
219 261 276
106 188 261
32 106 261
2 45 108
2 12 210
152 212 264
2 210 264
12 210 233
12 48 112
48 112 241
12 26 48
2 12 74
35 150 203
35 58 150
22 170 281
22 170 256
0 170 171
0 52 249
109 150 203
25 32 106
50 175 254
49 50 295
42 253 271
0 8 171
0 8 249
175 177 292
170 171 281
42 271 292
98 128 148
58 98 148
58 59 150
71 231 251
160 221 270
77 239 258
77 104 239
18 211 221
18 221 239
102 128 243
18 102 258
58 148 258
173 197 243
94 173 274
102 161 243
102 128 258
161 197 243
94 240 274
66 240 274
11 73 228
66 240 288
73 94 228
16 142 145
94 228 240
66 134 161
102 161 211
89 156 277
27 116 279
156 166 198
27 116 134
134 161 211
116 134 211
18 102 211
111 157 234
47 162 227
125 207 226
89 125 226
16 145 181
16 125 207
36 129 252
16 118 252
39 145 181
16 118 181
73 85 118
85 118 181
39 85 181
190 257 280
39 145 217
142 145 217
155 162 232
86 111 234
83 86 234
47 83 227
155 162 283
135 137 223
47 83 86
29 157 279
103 126 141
103 126 137
29 126 137
29 126 141
55 143 154
55 143 194
135 137 194
20 122 139
115 158 287
115 236 287
60 115 158
158 218 286
28 127 259
47 232 257
127 180 225
193 236 287
17 155 232
144 162 213
79 127 259
79 232 257
47 162 232
162 213 227
79 232 297
17 232 297
79 193 297
79 190 257
64 146 280
39 85 146
82 146 280
85 146 205
82 259 269
205 230 269
5 10 54
28 54 208
28 208 259
121 127 180
28 127 225
28 54 220
28 225 242
80 114 133
69 72 178
28 220 242
72 123 178
5 205 230
5 10 230
179 186 266
5 95 205
133 185 186
114 133 185
95 133 275
185 186 266
114 185 247
90 168 214
80 90 214
80 90 91
69 72 91
69 167 290
19 69 290
19 69 178
40 163 184
34 40 163
40 69 167
34 43 91
163 184 216
33 222 260
6 43 168
43 90 91
192 250 272
1 119 192
37 100 244
113 222 260
21 244 245
37 245 248
37 189 248
107 206 267
13 24 237
1 119 165
119 184 216
21 183 184
37 244 245
21 24 183
24 183 237
67 100 265
67 117 285
24 100 265
24 139 265
20 53 139
20 88 122
152 233 264
7 51 87
67 265 285
96 117 215
67 117 215
31 96 215
31 37 215
23 62 138
31 61 96
23 147 294
7 87 285
23 51 132
51 182 262
7 51 132
46 105 182
75 268 282
75 204 224
75 204 209
105 204 235
51 147 262
46 182 262
209 282 294
23 62 294
9 176 282
61 62 195
75 209 282
99 176 206
9 63 92
124 176 282
61 124 195
76 189 289
76 176 206
76 206 267
70 84 174
76 201 267
70 267 296
153 267 296
92 99 153
99 107 206
261 276 278
188 261 278
41 261 273
113 260 272
22 256 281
209 235 262
46 235 262
221 270 279
116 221 279
158 218 287
204 209 235
4 208 269
208 259 269
202 255 295
202 255 284
167 218 287
199 229 246
196 199 246
166 198 279
194 231 251
144 194 213
135 194 213
1 192 260
14 268 296
192 260 272
81 187 273
184 237 286
152 182 212
105 182 212
143 194 231
84 174 250
149 174 222
171 253 271
33 169 260
165 169 260
169 245 248
169 248 293
168 250 275
21 165 245
21 165 184
155 236 283
17 155 236
92 153 268
153 268 296
151 174 201
24 122 139
53 55 112
112 143 154
70 174 267
51 87 152
222 250 272
0 52 170
51 152 182
56 88 122
72 80 247
43 163 216
38 109 203
6 43 216
71 104 239
52 170 172
40 69 91
4 10 269
38 109 143
58 253 263
141 270 279
47 130 257
36 89 277
133 214 275
11 36 164
8 271 292
16 129 252
36 125 129
36 73 118
38 106 188
38 188 278
137 157 234
32 159 261
72 123 266
31 189 289
121 180 287
31 37 189
30 189 293
72 80 91
183 184 237
11 228 240
36 118 252
50 255 295
25 32 249
56 57 115
72 185 247
25 52 249
93 246 299
165 169 245
16 125 129
30 151 189
19 225 242
9 63 268
109 143 150
56 131 236
56 57 122
44 45 93
36 164 277
15 136 255
34 43 163
56 88 144
31 124 289
25 52 172
27 66 277
38 74 278
64 146 217
167 180 287
8 175 177
65 71 104
103 137 251
130 257 280
76 124 176
50 175 255
160 221 239
5 54 220
139 191 285
10 230 269
174 222 250
5 178 220
41 219 261
168 214 275
78 187 291
7 96 132
56 131 144
171 263 281
44 93 299
256 263 281
55 112 154
68 110 159
38 143 241
4 54 208
9 92 176
81 196 199
87 152 233
20 53 55
9 268 282
119 165 184
2 212 264
45 93 276
60 237 286
93 200 276
30 149 151
27 198 279
30 33 293
82 146 269
71 103 160
184 218 286
36 89 125
64 130 142
24 57 122
11 240 288
19 225 290
3 101 298
13 60 237
58 256 263
66 161 197
5 123 179
21 24 100
34 40 91
71 160 239
21 100 244
200 219 276
31 61 124
23 96 138
13 24 57
25 38 106
174 201 267
58 172 256
4 10 54
25 35 172
57 60 115
13 57 60
58 98 253
58 59 77
59 77 104
64 130 280
12 112 233
92 99 176
187 238 273
64 142 217
71 103 251
59 65 104
20 144 194
65 143 231
112 120 139
65 143 150
140 156 166
25 38 203
66 173 197
2 45 212
68 110 202
136 202 284
72 185 266
2 74 108
74 108 278
87 120 285
33 169 293
76 124 289
47 86 130
76 151 189
8 171 271
27 198 277
79 190 280
40 184 218
79 82 280
79 82 259
23 96 132
80 114 247
35 58 172
87 120 233
83 137 223
83 137 234
80 133 214
136 255 284
83 213 227
83 213 223
14 84 296
70 84 296
120 191 285
86 111 130
116 211 221
42 128 253
25 35 203
16 130 207
95 133 186
149 151 174
95 179 186
76 151 201
3 291 298
7 96 285
37 100 215
67 100 215
68 101 202
103 160 270
103 141 270
32 159 249
97 110 254
8 110 254
112 143 241
171 253 263
146 205 269
112 120 233
189 248 293
20 55 194
120 139 191
123 179 266
98 128 253
111 130 207
131 236 283
101 136 202
29 137 157
137 194 251
96 117 285
30 33 149
8 175 254
78 224 291
139 265 285
111 140 166
159 261 273
29 141 279
113 222 272
144 162 283
131 144 283
39 146 217
