24 100 244
224 229 246
59 65 150
26 48 241
66 198 277
27 66 198
89 125 129
73 85 205
40 167 218
140 207 226
111 140 156
111 140 207
56 115 236
93 200 246
84 222 250
196 229 246
81 196 229
101 136 284
3 15 136
110 159 249
81 199 229
159 219 261
87 120 152
78 187 199
105 152 182
87 152 182
47 111 257
38 109 188
112 154 241
8 110 249
65 71 231
156 198 277
8 171 292
22 256 263
42 94 243
128 148 258
42 128 243
172 256 263
8 177 292
66 173 274
66 161 173
11 164 288
16 130 142
11 36 73
16 111 207
66 164 288
66 164 277
89 140 226
157 166 279
16 111 130
57 115 122
158 167 287
119 192 216
121 127 193
56 131 283
82 146 205
39 64 146
5 95 179
64 130 257
5 123 178
167 180 290
19 178 242
60 158 286
178 220 242
43 90 168
84 250 275
99 107 153
6 192 216
30 33 169
6 163 216
1 192 272
1 165 260
53 112 139
20 88 144
88 115 122
147 209 294
78 224 229
147 209 262
61 62 96
62 195 294
62 96 138
30 169 293
107 153 267
14 92 268
33 149 222
63 92 268
255 284 295
3 101 136
15 136 284
15 255 284
202 284 295
68 202 284
8 177 254
170 172 256
68 159 238
68 238 298
68 101 284
68 101 298
238 291 298
159 238 273
196 200 246
81 238 273
81 196 273
78 199 229
81 187 199
46 105 235
3 224 291
45 108 276
210 233 264
45 212 264
108 276 278
41 200 219
219 261 276
106 188 261
25 106 203
32 106 261
2 45 108
2 12 210
152 212 264
2 210 264
2 45 264
12 210 233
12 48 112
48 112 241
12 26 48
143 154 241
38 109 241
32 52 249
22 263 281
22 170 256
0 170 171
0 52 249
35 52 203
25 32 52
35 52 172
25 32 106
25 52 203
50 175 254
175 177 254
42 253 271
0 8 171
0 8 249
171 271 292
175 177 292
98 253 263
42 271 292
42 98 253
58 98 148
58 98 263
71 231 251
27 166 279
160 221 270
77 104 239
18 211 221
18 221 239
102 128 243
94 173 274
102 161 243
161 197 243
161 173 197
94 240 274
11 73 228
73 94 228
16 142 145
94 228 240
66 134 161
102 161 211
27 116 279
156 166 198
27 166 198
134 161 211
211 221 270
116 134 211
18 102 211
111 157 234
47 86 111
47 162 227
125 207 226
89 125 226
16 145 181
16 125 207
36 89 129
125 129 252
73 118 252
16 118 181
73 85 118
85 118 181
190 257 280
39 145 217
130 142 217
142 145 217
86 111 234
83 86 234
47 83 227
135 137 223
83 223 227
47 83 86
103 160 251
29 157 279
71 160 251
141 160 270
103 126 137
103 141 160
29 126 137
55 143 154
55 143 194
135 137 194
17 155 283
20 122 139
115 236 287
13 57 115
21 24 244
158 218 286
47 232 257
121 167 287
127 180 225
17 236 283
56 88 115
56 236 283
47 162 232
79 232 297
4 10 208
17 232 297
79 193 297
64 130 217
111 130 257
10 54 208
39 64 217
39 85 146
82 146 280
85 146 205
82 259 269
4 230 269
4 10 230
4 208 259
205 230 269
5 10 54
82 259 280
82 205 269
4 259 269
121 127 180
80 114 133
69 72 178
5 123 266
5 205 230
5 10 230
123 185 266
5 179 266
179 186 266
5 95 205
95 133 275
123 185 247
185 186 266
80 91 114
90 168 214
80 90 214
80 90 91
69 72 91
69 167 290
121 167 180
19 69 290
19 69 178
40 218 286
158 167 218
34 40 163
33 222 260
6 43 168
43 90 91
30 33 151
192 250 272
1 119 192
37 100 244
113 250 272
1 113 260
113 222 250
1 113 272
113 222 260
33 149 151
84 149 222
245 248 293
37 189 289
37 245 248
37 189 248
169 245 293
13 24 237
21 183 184
183 184 286
21 24 183
24 183 237
67 100 265
67 117 285
24 100 265
24 139 265
20 53 139
20 88 122
152 233 264
7 51 87
120 152 233
46 209 262
7 117 285
87 120 191
67 265 285
87 191 285
96 117 215
31 37 289
31 37 215
23 62 138
7 96 117
31 61 289
23 147 294
7 87 285
7 23 132
51 182 262
7 51 132
51 87 182
46 105 182
75 268 282
75 204 224
75 204 209
51 147 262
46 182 262
23 62 294
61 62 195
9 63 282
75 209 282
14 92 296
63 268 282
124 176 289
76 189 289
76 176 289
76 176 206
84 149 174
149 151 201
70 84 174
149 174 201
70 267 296
92 153 296
153 267 296
92 99 153
66 274 288
261 276 278
188 261 278
183 237 286
193 236 297
105 235 299
204 235 299
28 225 259
28 220 259
28 220 225
220 225 242
159 219 273
41 219 273
211 270 279
116 211 279
46 209 235
204 209 235
204 246 299
204 224 246
76 201 206
201 206 267
41 200 273
61 195 289
127 225 259
195 209 282
194 231 251
135 194 213
79 193 259
240 274 288
190 232 257
79 190 232
109 188 203
106 188 203
180 225 242
123 178 247
143 194 231
171 253 271
33 169 260
165 169 260
168 250 275
6 168 192
168 192 250
21 165 245
21 165 184
40 163 286
156 157 166
152 212 299
105 152 299
24 122 139
53 55 112
70 174 267
44 45 299
0 52 170
45 212 299
91 114 247
17 236 297
71 104 239
54 220 259
52 170 172
49 97 202
141 270 279
36 89 277
133 214 275
11 36 164
35 109 203
35 59 150
38 188 278
137 157 234
32 159 261
43 69 167
135 213 227
30 248 293
29 103 141
29 103 126
11 228 240
50 255 295
144 155 162
93 246 299
121 193 236
165 169 245
30 151 189
109 143 150
144 213 227
111 156 157
9 124 176
44 45 93
36 164 277
34 43 163
18 128 258
56 88 144
72 178 247
43 69 91
38 74 278
61 96 215
26 38 74
9 176 206
35 58 59
65 71 104
103 137 251
7 23 96
34 43 167
2 12 26
50 175 255
42 128 148
160 221 239
49 50 202
5 54 220
13 60 115
139 191 285
17 155 162
5 178 220
168 214 275
26 38 241
78 187 291
2 26 74
56 131 144
171 263 281
44 93 299
9 124 195
55 112 154
1 165 184
68 110 159
124 195 289
20 53 55
16 118 125
66 116 134
45 93 276
60 237 286
35 109 150
93 200 276
6 43 163
20 144 213
22 171 281
24 57 122
11 240 288
3 101 298
13 60 237
19 180 242
144 162 227
99 206 267
60 115 287
19 180 290
18 77 239
119 163 216
9 195 282
99 107 267
18 102 128
49 50 97
20 194 213
30 189 248
21 37 245
21 37 244
71 160 239
200 219 276
196 200 273
127 193 259
81 187 291
23 96 138
13 24 57
67 100 117
174 201 267
58 172 263
36 73 129
58 59 77
59 77 104
109 143 241
60 158 287
12 112 233
163 184 286
31 61 215
9 63 99
63 92 99
59 65 104
65 143 231
112 120 139
65 143 150
27 66 116
79 259 280
34 40 167
68 110 202
114 133 186
23 132 147
73 129 252
2 74 108
74 108 278
76 151 189
135 223 227
58 77 148
94 197 243
77 148 258
79 190 280
100 117 215
18 77 258
185 186 247
35 58 172
81 238 291
195 209 294
54 208 259
119 163 184
83 137 223
83 137 234
80 133 214
50 202 295
14 84 296
70 84 296
39 85 145
85 145 181
9 99 206
72 91 247
95 133 186
95 179 186
76 151 201
3 291 298
97 110 202
37 100 215
22 170 171
32 159 249
1 119 184
97 110 254
8 110 254
50 97 254
42 98 148
146 257 280
171 253 263
112 120 233
114 186 247
51 132 147
118 125 252
17 162 232
94 173 197
20 55 194
120 139 191
121 236 287
29 137 157
137 194 251
78 224 291
139 265 285
140 156 277
89 140 277
29 141 279
144 155 283
131 144 283
64 146 257
