257 279 301
50 191 266
119 139 224
6 39 326
156 221 229
246 295 327
200 279 301
17 26 48
30 156 229
89 92 187
13 14 197
12 41 260
231 282 314
197 252 308
1 4 277
110 307 323
22 281 288
40 280 284
107 201 327
228 232 240
33 201 327
33 246 327
20 131 274
148 160 192
71 107 192
107 192 201
250 325 333
60 82 288
79 94 221
183 250 325
51 120 184
46 96 216
72 109 199
37 108 112
58 155 167
133 175 209
56 133 175
175 202 209
48 203 322
103 175 202
262 263 314
36 245 260
150 211 315
89 125 140
252 253 308
46 67 74
149 203 271
19 163 171
54 96 198
45 149 283
96 198 216
45 210 243
265 308 310
117 178 283
6 139 287
163 171 265
50 147 330
14 308 310
50 85 266
1 4 300
98 164 323
13 21 340
47 69 260
11 20 158
44 146 256
123 291 343
153 172 173
181 190 302
66 159 219
34 128 331
182 219 275
249 280 284
57 66 281
18 109 249
126 270 325
40 270 333
71 86 286
52 73 107
82 281 288
82 177 281
57 177 281
52 70 113
57 70 177
212 334 344
228 232 337
8 228 337
200 268 279
215 242 324
84 241 286
71 86 301
52 73 333
71 73 107
71 73 301
268 296 329
86 200 301
200 268 290
84 160 286
134 215 342
23 211 292
23 36 150
23 150 315
188 211 329
23 211 315
79 221 229
12 95 180
68 156 183
63 296 329
30 183 296
30 229 296
30 156 183
183 257 279
68 183 325
270 325 333
51 109 199
37 120 199
37 94 120
51 120 199
94 120 184
51 184 194
24 91 238
24 222 316
25 108 112
25 91 108
91 108 238
25 91 349
78 141 204
24 222 348
185 222 316
5 261 309
75 137 348
137 298 348
32 102 298
273 297 312
56 237 248
56 72 237
56 64 248
58 64 213
58 167 213
56 64 133
93 167 209
167 169 213
222 259 348
155 298 312
102 137 298
185 222 259
93 129 167
12 41 162
7 258 272
10 103 202
216 258 272
105 124 269
12 245 260
115 154 244
0 9 154
0 154 244
9 154 304
12 95 332
78 95 180
12 180 245
28 47 89
69 105 260
106 121 187
36 260 339
49 136 346
92 187 340
38 92 136
49 277 346
21 187 340
13 197 289
14 197 308
97 197 289
262 282 314
55 145 264
21 121 187
47 69 305
55 106 305
48 203 271
67 74 145
17 48 271
54 149 271
3 117 168
3 117 175
3 243 347
149 178 251
76 117 178
263 314 322
97 197 282
97 262 282
163 265 308
163 253 308
149 178 283
76 178 255
27 76 189
117 168 283
119 239 326
39 239 326
76 117 189
27 76 255
27 104 189
19 171 224
139 224 318
6 39 287
143 265 310
50 85 330
35 152 196
53 224 318
143 206 265
14 90 310
35 111 321
1 111 321
35 111 300
1 111 300
35 135 300
4 135 300
85 179 266
98 135 164
152 191 266
35 152 266
39 50 191
152 191 196
128 313 331
35 98 196
35 98 135
42 110 116
110 191 196
99 116 132
110 132 307
99 190 227
62 132 307
110 116 132
42 110 191
87 164 173
190 227 319
142 256 299
142 190 319
62 99 132
87 173 181
164 173 226
4 226 278
153 170 173
170 236 345
49 136 278
195 236 278
38 43 140
43 140 220
131 207 233
11 20 233
134 215 242
20 131 233
11 207 233
158 274 345
20 158 274
44 256 328
172 181 302
172 173 181
123 165 343
44 165 343
146 205 256
142 256 328
83 142 328
161 176 182
29 131 207
161 176 285
161 165 285
207 223 285
29 207 223
29 80 193
176 182 275
81 223 275
66 232 240
81 193 240
186 208 299
142 299 319
15 293 311
88 186 208
128 299 319
34 166 214
88 166 208
128 313 319
99 116 227
227 313 319
42 65 127
116 127 214
42 116 127
34 214 331
128 208 299
34 128 208
65 114 127
34 166 208
88 101 294
276 293 317
101 276 294
65 114 294
151 337 344
274 320 345
220 320 345
73 301 333
32 297 298
297 298 312
246 295 344
211 292 329
40 284 306
118 284 306
52 280 333
249 280 288
60 280 288
268 279 296
183 279 296
49 277 278
8 80 148
131 215 324
8 144 334
74 262 263
19 104 224
51 194 225
176 275 285
68 225 338
80 193 240
2 188 320
66 276 317
168 243 283
64 169 213
63 229 296
62 87 181
61 85 330
31 79 94
237 248 303
37 199 238
58 64 312
61 85 90
11 158 291
75 102 137
55 69 305
55 67 145
24 91 230
119 224 239
64 273 312
64 248 273
99 181 190
143 310 341
53 147 318
145 262 264
52 113 327
69 105 124
52 82 177
86 241 286
29 80 131
136 340 346
85 90 179
29 81 223
154 261 304
68 325 338
13 21 289
15 186 311
146 161 182
43 195 220
43 136 174
54 96 271
38 43 136
119 139 326
60 82 280
125 150 211
80 148 342
206 224 265
41 105 260
3 103 347
41 77 244
92 136 340
40 234 270
40 234 306
9 185 304
64 133 169
38 89 140
37 108 238
84 160 242
36 180 292
23 36 292
36 180 245
61 330 341
67 69 124
80 215 342
164 307 323
129 185 259
84 242 324
16 77 162
16 130 332
173 226 236
72 237 303
14 90 340
95 141 235
53 147 341
21 121 264
52 107 327
16 77 244
17 46 96
40 280 333
88 114 166
41 115 244
13 14 340
226 236 278
5 7 217
197 231 252
11 123 165
10 103 347
277 340 346
51 126 338
7 124 258
62 87 164
133 167 169
10 157 335
15 186 276
180 204 292
171 224 265
31 37 94
8 80 240
84 188 241
8 228 240
5 138 217
3 103 175
38 89 92
17 26 46
5 138 261
97 264 267
54 198 210
10 202 216
59 210 216
51 126 270
106 121 264
72 75 199
44 302 328
116 227 331
43 174 195
33 212 334
219 240 275
7 202 217
16 162 332
1 90 277
62 164 307
93 138 217
59 216 335
10 157 347
19 27 104
122 248 303
75 199 238
1 90 321
141 235 349
19 100 251
70 113 295
7 202 272
174 195 278
5 7 124
9 130 230
84 188 336
2 131 324
29 81 193
32 72 303
5 124 309
57 66 232
170 173 236
97 262 264
9 16 130
51 225 338
127 166 214
160 192 286
15 276 293
129 185 247
8 144 192
26 46 74
35 179 266
32 273 303
19 27 255
28 260 339
115 254 269
165 207 285
24 230 316
8 148 192
182 186 311
46 124 258
203 252 253
18 109 234
18 118 234
46 216 258
129 155 167
83 302 328
21 264 267
11 123 291
182 219 317
19 178 251
19 178 255
2 131 320
95 235 332
172 291 343
157 210 335
220 236 345
84 324 336
21 97 267
21 97 289
32 273 297
153 170 345
138 261 304
186 256 299
218 293 311
155 259 348
116 214 331
50 147 287
109 234 270
129 155 259
26 74 263
28 47 260
26 48 322
32 72 75
46 67 124
155 298 348
130 235 332
31 63 292
151 295 344
31 79 229
62 99 181
57 151 232
33 246 344
0 16 244
31 37 112
55 67 69
0 9 16
31 204 292
10 216 335
223 275 285
183 257 333
66 159 317
33 144 334
139 147 318
33 212 344
122 248 273
98 110 196
35 179 321
86 241 290
188 211 320
32 75 102
86 200 290
106 187 305
78 180 204
88 114 294
89 187 305
58 155 312
125 211 320
90 179 321
90 277 340
90 310 341
61 90 341
91 230 235
54 149 210
113 295 327
231 252 314
94 194 225
94 184 194
78 95 141
98 110 323
17 96 271
19 100 163
100 163 253
153 158 345
100 149 203
100 149 251
88 101 186
118 234 306
22 249 288
52 82 280
55 106 264
81 240 275
126 325 338
66 219 240
138 247 304
25 112 349
31 112 349
41 115 269
3 168 243
44 146 165
18 118 249
51 109 270
125 220 320
114 127 166
133 167 209
41 77 162
129 138 247
134 160 242
143 206 341
31 63 229
4 135 226
203 252 322
63 292 329
139 147 287
6 139 326
52 70 177
2 188 324
89 125 150
83 142 302
142 190 302
4 277 278
33 144 201
144 192 201
183 250 333
74 145 262
146 161 165
202 216 272
115 154 254
36 150 339
28 150 339
57 151 295
151 232 337
153 158 172
26 263 322
91 235 349
154 254 309
154 261 309
68 156 225
28 89 150
156 221 225
122 273 303
182 218 311
80 131 215
158 172 291
57 70 295
134 160 342
148 160 342
47 89 305
12 162 332
146 182 205
186 205 256
159 219 317
93 209 217
11 165 207
93 129 138
9 185 230
135 164 226
41 105 269
172 302 343
202 209 217
147 330 341
136 174 278
182 186 205
182 218 317
198 210 216
185 230 316
101 186 276
188 324 336
197 231 282
71 192 286
100 203 253
31 204 349
141 204 349
53 206 341
104 189 239
59 210 335
210 243 347
118 249 284
125 140 220
8 334 337
218 293 317
227 313 331
195 220 236
94 221 225
185 247 304
104 224 239
130 230 235
53 206 224
157 210 347
75 238 348
24 238 348
334 337 344
241 268 290
241 268 329
188 241 329
257 301 333
45 149 210
45 243 283
39 50 287
252 314 322
131 274 320
44 302 343
254 269 309
124 269 309
