50 191 266
176 223 285
6 39 326
173 226 278
57 246 295
246 295 327
31 63 79
17 26 48
25 31 112
259 298 348
89 92 187
1 4 277
250 257 333
107 201 327
144 212 334
20 131 274
94 225 338
107 192 201
250 325 333
60 82 288
79 94 221
37 79 94
184 194 225
183 250 325
51 120 184
234 270 306
31 79 112
72 109 199
37 108 112
155 259 298
72 75 238
72 199 238
56 133 175
175 202 209
48 203 322
3 175 347
262 263 314
0 16 77
89 125 140
28 36 339
121 264 267
19 163 171
54 96 198
96 198 216
103 175 347
265 308 310
90 143 310
117 178 283
39 147 287
147 318 341
61 85 179
53 318 341
50 85 266
98 164 323
2 324 336
13 21 340
29 193 223
44 146 161
11 165 291
153 172 173
66 159 219
40 52 280
22 60 249
22 60 288
57 66 281
18 109 249
73 257 333
70 82 177
82 177 281
52 70 82
57 177 281
52 70 113
57 70 177
57 151 344
71 160 192
33 212 246
57 66 151
8 144 148
66 151 232
8 228 337
134 148 160
200 268 279
134 148 342
33 192 201
188 241 290
73 257 301
268 296 329
200 268 290
28 36 150
86 200 286
84 160 286
2 188 336
84 241 336
134 215 342
131 215 274
2 274 324
2 274 320
125 140 320
188 241 336
23 150 315
188 211 329
79 221 229
63 204 292
37 79 112
63 79 296
68 156 183
63 296 329
183 250 257
68 183 325
18 109 118
109 126 234
51 109 199
51 109 126
37 120 199
51 120 199
51 184 194
31 141 204
24 91 238
37 108 199
0 16 332
25 91 349
25 31 349
31 141 349
31 63 204
185 222 316
5 261 309
185 304 316
24 141 349
24 75 348
24 91 349
75 137 348
24 75 238
72 75 137
137 298 348
32 72 102
32 297 303
122 237 248
273 297 312
56 237 248
56 72 237
122 237 303
64 122 248
167 169 209
133 169 213
167 169 213
222 259 348
155 298 312
185 222 259
93 129 167
138 247 261
103 157 347
59 157 335
67 105 124
67 124 258
105 124 269
67 69 105
12 245 260
115 254 309
115 154 244
0 9 154
0 77 244
0 154 244
115 154 309
9 154 304
12 16 77
0 9 130
0 130 332
78 204 292
95 130 332
12 180 245
23 180 245
12 77 162
69 105 260
28 47 339
195 220 345
49 136 346
49 277 346
262 282 314
55 145 264
55 121 264
47 106 305
55 145 305
55 106 121
55 106 305
26 46 48
67 74 145
17 54 271
17 48 271
54 149 271
3 117 168
3 117 175
157 243 347
45 54 149
76 117 178
74 263 322
263 314 322
97 262 282
53 206 265
104 224 255
76 178 255
178 251 255
117 168 283
119 239 326
27 104 255
19 224 255
39 239 326
27 76 255
6 39 287
50 85 330
35 152 196
61 143 341
1 179 321
61 90 143
61 90 179
1 111 321
35 135 300
4 135 300
152 191 266
35 152 266
39 50 191
35 98 135
99 116 132
99 190 227
42 110 191
87 164 173
190 227 319
142 256 299
142 190 319
170 236 278
164 173 226
4 164 226
4 226 278
170 173 278
153 170 173
195 236 345
170 236 345
49 136 278
195 236 278
11 158 345
140 220 320
131 207 233
20 131 233
158 274 345
44 161 165
123 165 291
172 181 302
123 165 343
146 161 205
142 256 328
83 142 328
161 176 182
29 131 207
161 176 285
29 80 193
176 182 275
81 193 240
176 223 275
159 218 317
161 182 205
218 311 317
186 208 299
142 299 319
15 293 311
15 88 186
88 186 208
214 313 331
88 166 208
99 116 227
227 313 319
42 65 127
42 116 127
88 166 294
34 128 208
34 166 208
88 101 294
15 88 101
101 276 294
65 114 294
274 320 345
220 320 345
128 319 331
313 319 331
222 316 348
302 328 343
297 298 312
211 292 329
211 292 315
23 292 315
188 290 329
268 290 329
139 287 326
231 282 322
282 314 322
197 282 289
268 279 296
49 277 278
85 111 321
84 200 286
8 80 148
26 46 216
8 144 334
52 73 113
73 107 113
58 64 133
67 69 145
68 156 229
208 299 319
19 224 318
80 193 240
2 188 320
67 74 322
66 276 317
66 219 275
215 242 274
87 172 181
64 122 273
62 87 181
193 223 275
61 85 330
93 167 217
57 212 344
178 251 283
45 54 243
60 118 284
54 198 243
85 179 321
119 224 239
99 181 190
168 243 347
145 262 264
78 95 292
71 86 279
29 80 131
110 152 196
81 193 275
136 340 346
58 64 273
48 67 322
66 81 275
84 200 241
154 261 304
68 325 338
46 67 258
10 103 175
13 21 289
15 186 311
18 60 118
44 205 256
43 195 220
74 145 263
43 136 174
38 43 136
119 139 326
59 157 243
42 116 132
60 82 280
80 148 342
41 105 260
200 241 290
40 325 333
40 270 325
19 163 253
270 325 338
11 153 291
57 212 246
276 293 311
38 43 220
38 89 140
11 161 285
13 14 289
84 160 242
44 165 256
39 50 330
58 155 273
80 131 342
69 145 305
19 100 253
78 95 230
23 150 245
14 90 308
12 16 180
164 307 323
129 185 259
84 242 324
61 147 341
72 237 303
60 280 284
39 147 330
41 115 244
13 14 340
77 162 244
197 231 252
28 106 121
23 95 180
277 340 346
51 126 338
7 124 258
62 87 164
10 157 335
14 90 277
11 158 274
16 180 332
186 218 311
160 215 242
8 80 240
11 233 274
9 230 304
8 228 240
4 98 135
17 54 96
38 89 92
18 60 249
14 252 308
97 282 289
5 138 261
4 98 164
97 264 267
10 202 216
59 210 216
17 26 96
1 4 111
14 197 252
35 98 323
5 254 269
43 174 195
7 216 272
10 103 157
78 230 235
7 202 217
38 140 220
1 90 277
62 164 307
93 138 217
24 316 348
59 216 335
142 181 190
34 166 294
90 308 310
19 100 251
70 113 295
37 94 225
7 202 272
174 195 278
5 7 124
9 130 230
28 121 187
32 72 303
7 216 258
1 90 179
29 207 285
51 194 338
10 175 202
97 262 264
30 183 279
36 150 245
116 227 313
4 111 300
37 120 184
7 138 217
11 153 170
15 276 293
134 160 215
41 162 244
129 185 247
48 100 203
48 100 271
40 118 280
115 254 269
273 297 303
61 147 330
86 160 286
5 124 269
14 277 340
47 245 260
5 7 138
203 252 253
182 218 275
56 133 248
22 82 281
46 216 258
129 155 167
198 210 243
126 234 338
83 302 328
27 76 117
59 210 243
40 52 73
11 161 165
19 251 255
128 214 331
46 48 67
21 38 92
40 73 333
21 92 187
84 324 336
21 97 267
44 146 205
58 133 213
21 97 289
111 266 300
183 257 301
6 287 326
66 81 232
99 132 307
58 155 213
85 111 266
186 256 299
28 89 187
129 155 259
35 266 300
30 183 229
30 79 229
28 47 106
34 128 214
71 279 301
11 170 345
30 79 296
33 192 212
62 99 181
37 184 225
71 192 301
26 96 216
165 256 328
10 216 335
66 159 317
139 147 318
34 65 214
21 38 136
34 65 114
34 114 294
86 200 279
144 160 192
87 172 173
45 149 168
25 91 112
91 108 112
91 108 199
206 265 310
91 199 238
133 169 175
113 295 327
93 138 247
142 181 302
95 130 230
81 232 240
118 234 306
32 102 297
102 297 298
27 104 117
104 117 189
201 246 327
71 86 160
52 82 280
218 219 275
100 251 271
73 107 301
110 152 191
107 113 327
62 99 307
41 115 269
116 127 313
22 82 288
118 270 306
40 118 270
118 280 284
119 139 318
119 224 318
123 153 172
123 172 343
125 188 315
125 150 315
68 221 229
231 252 322
127 214 313
68 221 338
143 206 341
131 215 342
132 196 323
110 132 196
132 307 323
64 133 248
203 252 322
63 292 329
139 147 287
141 230 316
141 230 235
24 141 316
89 125 150
83 142 302
188 211 315
183 279 301
144 148 160
4 277 278
202 216 272
149 251 283
149 168 283
21 136 340
151 212 344
151 212 334
151 334 337
151 232 337
165 328 343
154 261 309
155 167 213
145 262 263
28 89 150
53 163 265
122 273 303
30 279 296
57 70 295
232 240 337
109 118 234
5 254 309
47 245 339
33 201 246
41 162 260
12 162 260
121 187 267
186 205 256
163 171 318
53 163 318
72 137 298
167 209 217
45 168 243
3 168 347
35 196 323
41 105 269
172 302 343
194 225 338
202 209 217
95 180 332
136 174 278
276 311 317
15 101 276
29 223 285
182 186 205
42 110 132
156 183 229
198 210 216
65 127 214
21 187 267
20 233 274
125 188 320
14 197 289
197 231 282
144 192 212
107 192 301
23 95 292
93 129 247
100 203 253
141 204 235
78 204 235
143 206 310
53 206 341
104 189 239
128 208 319
182 186 218
8 334 337
159 218 219
94 221 338
185 247 304
104 224 239
155 273 312
230 304 316
247 261 304
169 175 209
11 233 285
207 233 285
234 270 338
228 240 337
123 153 291
242 274 324
19 171 318
36 245 339
149 251 271
252 253 265
252 265 308
72 102 298
163 253 265
69 260 305
47 260 305
