23 64 87
12 17 18
11 50 76
11 27 82
15 70 75
5 10 41
5 24 62
65 77 97
9 21 26
22 55 79
11 27 96
13 66 83
13 66 79
39 47 57
39 57 63
11 50 60
0 11 60
20 34 82
20 34 94
12 20 96
45 59 95
3 15 70
34 80 94
15 43 74
25 37 38
15 18 43
25 38 63
1 64 87
37 38 87
3 37 87
70 90 97
1 24 38
1 38 87
10 14 91
5 10 62
3 23 87
10 62 91
10 14 41
14 41 53
89 91 97
2 4 36
6 91 97
35 70 90
65 90 97
65 77 93
12 45 96
7 42 67
21 42 92
31 69 92
8 51 88
8 51 69
8 81 88
2 4 61
52 71 72
28 68 71
68 71 86
52 71 73
71 73 86
9 26 99
49 58 85
19 48 54
22 48 84
19 54 78
21 59 93
9 30 99
45 56 96
44 56 96
13 50 76
13 46 83
46 49 83
44 46 96
49 66 83
30 49 85
16 58 85
16 22 84
55 58 79
20 82 96
11 76 96
73 78 86
32 69 89
42 67 92
31 67 92
67 69 89
6 64 91
62 64 91
53 89 98
46 49 56
26 86 92
6 70 97
17 18 75
29 47 57
8 36 81
26 54 78
16 48 84
12 45 93
3 15 37
15 37 74
26 78 86
13 46 96
17 35 93
13 76 96
12 20 94
17 35 70
15 18 75
9 59 95
45 49 95
61 71 72
7 67 77
14 89 91
0 11 29
17 70 75
0 13 39
2 36 81
6 33 70
67 89 97
4 41 53
3 33 70
4 36 98
2 81 88
4 5 41
25 37 74
21 26 92
12 17 93
26 54 99
29 39 47
34 40 80
35 65 93
3 23 33
4 53 98
32 89 98
2 61 88
8 32 36
40 80 94
14 53 89
7 21 42
9 21 59
8 32 69
25 57 63
28 61 88
21 77 93
7 21 77
16 22 58
24 62 64
25 40 57
28 51 88
51 86 92
29 34 40
22 55 58
45 59 93
28 68 86
28 51 86
0 29 39
31 67 69
29 40 57
29 34 82
23 33 64
0 13 50
30 48 99
45 49 56
30 48 85
1 24 64
48 54 99
11 29 82
0 50 60
30 49 95
9 30 95
12 18 94
32 36 98
6 33 64
35 65 90
25 43 74
25 40 94
19 52 78
18 43 94
25 43 94
67 77 97
51 69 92
44 46 56
49 58 79
49 66 79
52 73 78
27 82 96
16 48 85
28 61 71
