15 17 18
11 27 82
15 70 75
5 10 41
65 77 97
9 21 26
12 35 93
14 53 98
2 32 36
31 42 67
65 90 93
22 55 79
11 27 96
13 66 83
9 30 49
13 66 79
30 85 99
40 57 63
0 39 47
40 47 57
25 80 94
12 17 35
9 49 56
45 59 95
3 15 70
18 20 94
15 43 74
15 18 43
37 43 74
1 64 87
37 38 87
15 17 75
3 23 70
3 37 87
1 62 64
1 24 38
1 38 87
10 14 91
2 4 36
2 32 81
36 53 98
7 77 89
6 91 97
35 90 93
23 33 70
65 90 97
65 77 93
31 42 92
7 67 89
21 42 92
8 81 88
2 4 61
21 86 92
51 69 86
28 68 71
51 68 86
52 71 73
19 52 73
9 26 99
19 48 54
22 48 84
19 26 78
26 78 99
19 54 78
12 59 93
45 56 95
9 30 99
9 56 95
44 49 56
44 56 96
13 46 83
44 46 96
30 49 85
16 58 85
16 55 58
55 58 79
20 82 96
80 82 94
58 79 85
66 79 85
77 91 97
28 72 88
32 69 89
68 73 86
67 69 89
49 66 85
6 64 91
12 20 59
61 72 88
28 68 88
6 70 97
28 52 71
17 18 20
16 48 84
3 15 37
15 37 74
68 71 73
13 46 96
19 26 73
13 76 96
20 45 59
34 80 82
17 35 70
9 59 95
44 49 66
14 89 91
17 70 75
3 23 64
3 64 87
6 33 70
20 82 94
14 89 98
5 36 41
5 10 24
10 64 91
50 76 96
2 81 88
20 45 56
13 39 76
50 60 96
25 38 43
36 41 53
1 10 62
0 29 80
8 32 51
1 10 24
10 62 64
38 40 63
4 5 36
0 39 50
8 68 88
32 89 98
2 61 88
10 41 53
20 56 96
47 57 63
9 21 59
21 73 86
8 32 81
44 46 83
44 66 83
0 34 80
21 26 73
77 89 91
42 59 67
10 14 53
8 51 68
59 77 93
11 60 96
25 29 80
25 29 40
12 17 20
28 52 72
21 42 59
39 50 76
31 67 69
0 29 47
29 40 47
32 51 69
23 33 64
22 55 84
0 50 60
31 69 86
31 86 92
32 36 98
39 47 63
6 33 64
34 60 82
0 34 60
35 70 97
35 90 97
25 38 40
37 38 43
18 43 94
25 43 94
48 78 99
48 54 78
48 85 99
16 55 84
27 82 96
7 59 67
7 59 77
16 48 85
11 60 82
