3 37 74
29 34 80
16 84 85
17 35 75
11 27 82
15 70 75
1 24 62
5 10 41
36 89 98
9 21 26
32 36 89
65 90 93
48 54 85
22 55 79
11 27 96
9 30 49
39 47 57
0 39 47
39 57 63
0 29 34
45 59 95
3 15 70
18 25 94
15 43 74
15 18 43
25 38 63
18 25 43
3 15 74
1 64 87
37 38 87
35 70 75
15 17 75
3 37 87
70 90 97
1 62 64
6 23 64
6 62 64
1 24 38
1 38 87
10 14 91
33 70 97
6 62 91
10 62 91
10 14 41
5 41 53
14 41 53
89 91 97
7 77 89
6 91 97
35 90 93
35 70 90
65 77 93
7 67 89
21 42 92
4 5 53
31 69 92
8 51 88
8 81 88
28 61 72
28 68 71
52 71 73
19 52 73
9 26 99
19 48 54
22 48 84
19 54 78
11 46 96
9 30 99
44 49 56
45 56 96
44 56 96
44 46 96
49 66 83
30 49 85
16 58 85
48 84 85
16 22 84
55 58 79
89 90 97
65 89 90
20 82 96
80 82 94
58 79 85
66 79 85
13 79 83
78 86 92
73 78 86
19 73 78
32 69 89
68 73 86
42 67 92
31 67 92
67 69 89
49 66 85
65 77 89
12 20 59
21 59 67
20 45 96
28 52 71
25 57 94
17 35 59
29 47 57
8 36 81
26 54 78
68 71 73
26 78 92
12 17 59
12 20 94
20 45 59
34 80 82
61 86 88
9 59 95
45 49 95
4 14 98
14 89 91
4 61 88
2 4 88
3 23 64
2 36 81
3 64 87
20 82 94
14 89 98
2 36 98
5 10 24
3 33 70
21 42 67
4 14 53
2 81 88
12 15 18
11 46 83
13 39 76
2 4 98
21 26 92
8 32 51
26 54 99
29 80 94
28 61 86
3 23 33
0 39 50
8 32 36
9 21 59
25 57 63
44 46 83
50 60 76
10 24 62
66 79 83
16 22 58
59 77 93
6 23 97
23 33 97
12 15 17
51 86 92
11 60 76
11 13 83
22 55 58
29 40 94
28 52 72
28 68 86
39 50 76
31 67 69
0 29 47
32 51 69
29 40 57
45 49 56
30 54 99
30 54 85
51 86 88
0 50 60
12 18 94
34 60 82
0 34 60
35 59 93
25 43 74
37 38 74
25 38 74
44 49 83
51 69 92
9 49 95
11 13 76
40 57 94
27 82 96
7 59 67
7 59 77
11 60 82
