21 140 204
107 161 229
196 222 348
77 90 127
203 225 266
40 239 331
73 102 110
177 185 341
21 39 204
91 180 215
101 113 144
114 224 233
145 152 156
17 177 277
112 113 144
238 289 325
255 258 322
86 138 343
60 138 343
154 216 292
8 27 213
150 196 348
175 276 304
4 37 106
66 103 217
26 302 319
32 72 179
113 249 316
43 315 344
5 96 204
1 13 164
155 168 172
90 167 168
6 90 167
148 166 230
188 204 246
1 50 332
1 148 166
166 281 286
96 281 286
51 283 327
51 199 283
88 205 324
1 13 50
73 88 205
36 88 324
36 142 180
94 113 231
36 94 180
153 231 291
152 153 156
133 273 337
145 156 324
205 255 310
147 227 275
258 333 337
59 223 232
192 231 232
244 255 310
11 110 126
11 98 126
10 187 298
117 135 253
69 187 298
17 57 177
140 245 304
17 64 183
129 280 290
83 296 320
83 171 329
41 71 330
55 214 347
257 326 334
27 47 193
65 87 160
44 71 275
60 75 87
170 259 284
139 158 183
42 119 306
62 226 260
15 279 340
79 93 111
235 271 302
92 175 276
33 161 229
33 175 304
140 264 304
107 161 288
33 76 280
67 129 263
43 242 243
89 242 288
235 302 319
128 312 336
31 81 248
43 100 248
43 243 315
58 149 189
12 189 318
210 228 336
240 278 318
203 266 274
34 54 95
12 72 287
32 72 169
32 179 237
32 101 237
14 113 308
101 113 308
3 169 300
136 283 327
283 321 339
115 182 300
199 283 339
12 30 186
25 72 169
169 182 300
28 115 186
25 169 182
220 315 344
28 30 186
100 190 256
23 256 344
23 220 344
12 30 220
31 190 256
31 100 248
31 100 190
43 81 248
23 31 256
81 149 211
161 271 288
35 155 172
90 168 172
28 115 315
107 229 280
5 96 191
140 204 290
155 168 263
67 168 263
76 247 280
247 264 290
247 280 290
33 229 280
76 247 264
122 131 206
57 276 282
122 206 245
140 264 290
21 39 104
13 39 293
164 204 246
5 204 290
6 96 281
96 188 204
51 230 281
166 188 246
166 188 286
96 188 286
6 281 299
67 129 191
29 67 168
29 96 191
29 167 168
29 67 191
199 299 339
166 230 281
121 249 301
136 283 321
207 230 301
121 249 316
40 316 331
113 316 331
137 148 230
51 230 301
40 121 207
121 207 301
40 80 207
40 80 239
40 121 316
91 215 331
94 113 331
0 80 239
0 74 239
1 148 332
0 148 332
253 267 310
97 98 332
105 135 253
11 73 110
11 73 205
180 215 328
36 88 142
102 110 331
142 309 328
102 215 331
142 180 328
94 153 231
91 94 180
91 94 331
156 200 324
36 200 324
145 152 173
152 153 291
192 231 291
20 258 337
49 335 338
70 173 335
133 173 273
20 49 335
133 333 337
173 335 338
173 273 338
70 152 173
20 49 337
98 117 267
205 267 310
150 194 348
209 305 329
208 296 297
22 209 322
22 209 223
20 22 223
162 208 257
59 214 347
83 171 303
83 296 297
83 297 303
208 296 320
194 222 348
7 208 297
208 305 320
44 150 196
71 269 275
162 194 257
45 82 150
63 105 227
45 82 244
63 244 310
45 63 244
10 105 135
63 253 310
63 105 253
10 147 298
97 98 135
117 253 267
98 117 135
13 50 293
141 269 298
147 275 298
45 63 227
269 275 298
44 184 275
141 269 317
21 104 141
158 183 206
224 250 317
17 64 260
93 289 325
61 64 146
130 159 163
326 330 334
8 27 47
109 143 233
41 233 330
41 224 233
71 196 330
44 71 196
71 269 317
222 257 334
150 162 194
194 222 257
221 257 326
8 46 60
7 85 297
7 208 257
7 218 257
55 160 218
75 87 221
55 218 347
65 160 214
55 160 214
65 214 343
59 214 343
46 125 138
60 65 343
59 86 343
60 65 87
87 160 218
47 165 193
46 84 125
16 24 346
217 270 285
78 197 311
46 60 138
125 202 219
125 138 346
24 125 346
134 176 345
16 174 346
134 176 261
66 176 261
24 125 202
202 314 345
24 134 202
66 176 345
134 202 345
202 219 314
84 285 314
84 270 285
66 217 285
103 259 325
132 270 342
217 270 342
132 163 342
78 130 270
109 233 292
154 178 252
197 292 311
78 197 216
197 216 292
154 252 292
154 178 307
124 178 307
151 178 268
159 163 284
170 195 234
79 170 195
93 254 289
79 195 307
48 103 325
93 259 325
48 103 266
212 238 262
118 225 238
212 225 238
119 181 323
103 217 259
111 198 262
181 323 340
119 181 198
42 119 198
61 62 268
42 111 198
79 124 307
62 124 226
4 260 277
62 124 268
124 178 268
2 4 37
4 226 306
61 62 64
4 226 260
62 64 260
17 260 277
64 139 183
57 177 341
106 312 323
183 206 282
276 282 304
57 92 341
57 92 276
26 116 201
116 185 201
116 128 185
108 128 185
2 37 108
4 106 306
2 108 185
108 128 312
53 294 313
56 210 336
9 56 210
56 236 319
9 56 236
31 149 189
236 251 319
9 236 251
89 211 242
31 81 149
9 99 149
9 149 211
23 31 189
58 99 149
53 313 318
265 313 318
53 272 318
38 53 272
123 157 349
272 278 318
34 95 274
103 266 274
34 103 240
95 203 274
15 120 123
240 278 349
54 95 349
54 240 349
34 103 274
34 54 240
273 337 338
26 319 336
312 323 340
14 308 321
228 279 295
15 279 295
155 263 288
238 262 289
217 259 342
133 255 324
205 255 324
159 234 307
279 312 340
195 234 307
228 312 336
163 284 342
223 232 335
20 223 335
171 223 303
59 223 303
218 221 257
259 284 342
87 218 221
255 258 333
210 228 295
206 245 304
157 203 349
95 203 349
181 203 340
157 203 340
185 201 341
92 201 341
51 199 281
51 301 327
129 191 290
49 337 338
181 198 262
181 203 225
181 212 225
196 330 334
133 255 333
171 209 329
3 169 339
1 164 166
164 166 246
132 163 270
130 163 270
161 175 271
33 161 175
159 170 234
155 242 288
45 150 184
44 150 184
61 146 268
146 151 268
114 146 252
146 178 252
109 143 311
143 221 326
143 165 193
141 158 206
141 158 317
210 294 295
139 250 317
122 131 245
131 141 206
21 131 141
249 301 327
52 255 322
143 326 330
15 38 295
6 90 299
52 162 208
2 177 185
9 210 313
47 75 221
74 110 239
47 165 221
45 227 275
8 47 60
113 136 321
43 81 211
8 46 213
50 187 332
37 108 312
97 187 332
30 220 315
5 191 290
143 241 311
46 84 213
24 134 261
26 128 336
26 116 128
69 104 293
69 187 293
26 92 201
25 115 182
33 76 264
196 222 334
9 265 313
25 115 186
12 189 220
35 155 242
101 169 321
66 285 314
89 235 319
50 187 293
144 179 237
35 90 172
86 138 346
7 85 347
125 219 314
9 68 265
133 173 324
228 279 312
90 299 339
19 58 68
73 88 142
2 4 177
79 111 226
77 242 243
15 157 340
52 150 162
20 22 258
56 319 336
0 98 332
18 52 208
17 183 282
181 212 262
36 156 200
9 89 211
25 72 186
16 24 261
64 114 139
3 115 300
37 106 312
0 74 110
139 158 317
210 294 313
72 112 287
143 233 330
0 98 126
18 52 322
159 170 284
9 68 99
89 251 319
26 175 271
4 177 277
143 165 221
43 256 344
206 282 304
86 174 346
80 137 148
10 97 135
45 184 275
28 30 315
73 102 215
3 115 127
254 262 289
18 208 305
11 98 267
169 321 339
16 86 261
85 303 347
48 238 325
66 314 345
15 38 120
47 60 75
7 218 347
85 297 303
48 118 238
82 244 255
10 97 187
72 144 179
15 123 157
16 86 174
10 105 147
120 272 278
104 141 298
69 104 298
192 232 335
21 131 245
9 89 251
79 170 259
107 263 288
21 140 245
39 104 293
38 294 295
41 71 224
18 209 305
43 211 242
26 271 302
70 152 291
27 143 241
52 82 150
130 154 307
33 264 304
58 68 99
0 110 126
58 189 318
145 173 324
64 114 146
22 258 322
101 144 237
80 137 230
68 265 318
73 215 309
43 100 256
70 192 291
70 192 335
107 129 280
17 57 282
12 72 186
115 243 315
59 86 232
71 224 317
86 232 261
19 68 318
72 112 144
38 53 294
73 142 309
107 129 263
39 164 204
113 249 327
113 136 327
77 115 243
171 209 223
77 115 127
35 77 242
94 153 156
78 241 311
78 241 270
84 213 241
79 124 226
120 123 349
14 113 321
101 308 321
83 305 320
0 80 148
80 207 230
35 77 90
114 233 292
52 82 255
83 305 329
89 271 288
89 235 271
118 225 266
93 111 254
59 303 347
110 239 331
36 94 156
29 96 167
6 96 167
27 143 193
27 213 241
84 241 270
32 101 169
79 93 259
105 147 227
106 119 306
106 119 323
199 281 299
84 125 314
19 58 318
130 159 307
215 309 328
109 292 311
111 254 262
42 111 306
111 226 306
23 189 220
146 151 178
114 139 250
114 224 250
114 252 292
48 118 266
38 120 272
18 209 322
120 278 349
26 92 175
11 205 267
13 39 164
3 127 339
90 127 339
130 154 216
78 130 216
