21 140 204
77 127 315
107 161 229
196 222 348
77 90 127
40 239 331
73 102 110
51 249 327
21 39 204
145 152 156
17 177 277
238 289 325
255 258 322
86 138 343
20 223 232
8 27 213
42 111 226
4 37 106
66 103 217
26 302 319
32 72 179
113 249 316
6 299 339
26 56 319
43 315 344
5 96 204
90 167 168
1 50 332
51 199 283
73 88 205
36 142 180
94 113 231
36 94 180
82 150 162
153 231 291
152 153 156
145 156 324
147 227 275
258 333 337
133 205 255
59 223 232
192 231 232
244 255 310
11 110 126
11 98 126
98 205 267
117 135 253
11 98 205
39 69 104
139 158 250
13 39 204
140 245 304
129 280 290
83 296 320
83 171 329
257 326 334
7 85 218
27 47 193
114 146 151
233 326 330
60 75 87
170 259 284
163 217 284
139 158 183
42 119 306
62 226 260
15 279 340
79 93 111
26 175 302
92 175 276
140 264 304
107 161 288
67 129 263
43 242 243
89 242 288
235 302 319
128 312 336
89 235 251
9 211 251
43 100 248
43 243 315
12 189 318
210 228 336
157 181 340
240 278 318
203 266 274
14 101 308
12 72 287
32 72 169
32 179 237
32 101 321
32 101 237
14 113 308
101 113 308
14 101 321
283 321 339
3 321 339
199 283 339
115 127 315
12 30 186
32 169 321
169 182 300
25 182 186
220 315 344
23 256 344
43 100 344
77 243 315
23 220 344
12 30 220
31 190 256
31 100 248
31 100 190
43 81 248
23 31 256
89 211 251
161 271 288
35 155 288
35 242 288
35 155 172
90 168 172
3 90 339
3 90 127
28 115 315
107 263 280
107 229 280
5 96 191
140 204 290
67 168 263
5 129 290
129 263 280
247 264 290
247 280 290
33 76 304
122 131 206
57 276 282
76 264 304
140 264 290
13 164 204
21 39 104
13 39 293
39 69 293
5 204 290
6 281 299
67 129 191
5 129 191
29 67 168
29 96 191
29 167 168
29 67 191
199 299 339
51 249 301
121 249 301
14 136 321
136 283 321
207 230 301
121 249 316
40 316 331
113 316 331
137 148 230
137 207 230
40 121 207
80 137 207
121 207 301
40 121 316
91 215 331
94 113 331
74 110 331
73 102 309
74 239 331
1 148 332
0 148 332
253 267 310
97 98 332
105 135 253
11 73 110
11 73 205
73 88 309
88 142 309
36 88 142
102 110 331
142 309 328
102 215 331
102 309 328
102 215 328
142 180 328
94 153 231
91 94 180
91 94 331
156 200 324
133 205 324
36 200 324
152 153 291
192 231 291
59 171 223
20 232 335
49 335 338
70 173 335
133 173 273
20 49 335
49 273 338
173 335 338
173 273 338
20 49 337
49 273 337
133 258 333
98 117 267
18 305 322
52 82 244
133 255 258
20 22 322
209 305 329
162 208 257
59 214 347
59 86 261
59 171 303
83 171 303
208 296 320
194 222 348
208 305 320
82 162 208
162 194 257
52 82 208
45 82 150
52 244 255
45 82 244
63 244 310
45 63 244
10 105 135
63 253 310
63 105 253
10 147 298
117 253 267
13 50 293
141 269 298
44 184 275
41 224 317
141 269 317
21 104 141
158 183 206
139 224 250
114 139 224
141 206 317
224 250 317
158 250 317
158 206 317
27 143 165
17 64 260
93 289 325
61 64 146
42 226 306
130 159 163
326 330 334
109 143 241
8 27 47
41 233 330
222 330 334
44 71 196
71 269 317
222 257 334
150 162 194
194 222 257
221 257 326
8 46 60
7 85 297
7 208 257
55 160 218
75 87 221
65 214 343
59 214 343
46 125 138
59 232 261
59 86 343
60 65 87
87 160 218
143 213 241
46 84 125
27 165 193
66 285 345
16 24 346
27 143 213
84 125 219
78 197 311
46 60 138
125 202 219
125 138 346
134 176 345
16 174 346
66 176 261
202 314 345
24 134 202
66 176 345
134 202 345
285 314 345
202 219 314
84 219 314
84 285 314
84 270 285
66 217 285
132 270 342
132 163 342
163 217 342
130 132 163
109 233 292
109 241 292
241 292 311
114 151 252
197 292 311
78 197 216
197 216 292
154 178 307
151 178 252
159 163 284
159 234 284
170 234 284
93 254 262
93 254 289
217 259 284
93 259 325
212 238 262
103 217 259
181 323 340
157 181 203
119 181 198
42 119 198
61 62 268
42 111 198
4 260 277
2 4 37
4 226 306
61 62 64
4 226 260
62 64 260
17 260 277
57 177 341
92 185 201
106 312 323
26 175 201
57 183 282
183 206 282
276 282 304
57 92 341
92 175 201
57 92 276
26 116 201
116 185 201
92 185 341
106 108 312
116 128 185
2 4 185
2 37 108
4 106 306
37 106 108
106 306 323
108 128 312
53 294 313
26 56 336
56 210 336
9 56 210
56 236 319
9 56 236
31 149 189
9 210 294
9 236 251
89 211 242
68 99 313
9 99 149
23 31 189
19 68 265
19 265 318
68 265 313
9 99 313
9 294 313
53 272 318
123 278 349
38 53 272
123 157 349
272 278 318
279 312 323
15 123 340
279 323 340
48 118 225
34 103 240
95 203 274
123 157 340
15 120 123
240 278 349
54 95 349
54 240 349
34 54 240
20 322 337
258 322 337
3 300 321
169 300 321
296 297 303
270 285 342
51 281 301
228 279 295
15 279 295
76 264 280
155 263 288
238 262 289
188 246 281
235 236 251
159 234 307
195 234 307
228 312 336
62 226 268
87 218 221
216 252 292
210 228 295
80 207 239
188 204 286
157 203 349
95 203 349
24 202 346
125 202 346
51 199 281
47 193 221
100 190 344
190 256 344
115 186 300
119 181 306
181 306 323
181 198 262
181 203 225
181 212 225
178 216 252
171 209 329
6 167 339
166 230 301
164 188 204
1 164 166
164 166 246
161 175 271
160 214 347
124 151 307
45 150 184
175 235 302
44 150 184
31 149 248
147 269 298
147 269 275
133 273 333
61 146 268
146 151 268
143 221 326
210 294 295
175 235 271
122 131 245
131 141 206
21 131 141
34 54 274
54 95 274
52 255 322
15 38 295
101 112 113
48 259 266
71 317 330
72 112 179
188 281 286
47 75 221
45 227 275
71 222 330
45 63 105
8 47 60
44 150 194
205 255 267
124 226 268
43 81 211
124 151 268
41 114 224
44 269 275
4 185 341
8 46 213
50 187 332
97 187 332
34 103 266
30 220 315
46 84 213
44 194 348
53 265 318
26 128 336
26 116 128
90 167 339
69 187 293
96 204 286
7 218 221
24 134 176
103 259 266
166 281 301
12 189 220
22 305 322
10 69 298
33 276 304
14 113 327
48 203 266
0 74 80
6 96 286
17 64 139
33 175 229
16 24 176
44 71 269
50 187 293
144 179 237
35 90 172
86 138 346
34 266 274
118 212 225
133 173 324
30 115 186
228 279 312
19 58 68
7 208 296
255 267 310
1 148 230
79 111 226
77 242 243
9 81 211
0 98 332
18 52 208
151 178 307
181 212 262
51 136 283
53 265 313
33 175 276
4 177 341
17 177 183
25 72 186
64 114 139
74 80 239
3 115 300
0 74 110
87 160 214
7 221 257
91 215 328
72 112 287
16 176 261
65 138 343
0 98 126
18 52 322
60 65 138
76 229 280
40 207 239
4 177 277
143 165 221
206 282 304
86 174 346
80 137 148
10 97 135
78 130 132
45 184 275
28 30 315
20 209 223
3 115 127
41 317 330
254 262 289
18 208 305
28 30 115
16 86 261
79 124 195
85 303 347
123 272 278
14 136 327
48 238 325
217 285 342
36 205 324
15 38 120
45 105 227
20 22 209
154 178 216
47 60 75
85 297 303
91 180 328
48 118 238
10 97 187
16 86 174
10 105 147
161 175 229
13 50 164
104 141 298
69 104 298
192 232 335
21 131 245
1 166 230
79 170 259
107 263 288
21 140 245
38 294 295
43 211 242
70 152 291
6 281 286
10 69 187
182 186 300
22 209 305
130 154 307
55 85 218
2 108 128
70 145 173
55 85 347
165 193 221
164 188 246
58 68 99
0 110 126
58 189 318
145 173 324
64 114 146
101 144 237
70 145 152
70 192 291
70 192 335
81 149 248
12 72 186
71 196 222
38 53 294
72 169 182
36 88 205
25 72 182
57 177 183
113 249 327
171 209 223
35 77 242
94 153 156
78 132 270
7 296 297
78 241 311
78 241 270
84 213 241
48 259 325
79 124 226
79 195 234
79 170 234
83 305 320
0 80 148
35 77 90
114 233 292
41 114 233
83 305 329
89 271 288
89 235 271
33 76 229
101 112 144
17 139 183
155 172 263
93 198 262
44 196 348
93 111 198
36 94 200
59 303 347
29 96 167
6 96 167
97 98 117
97 117 135
9 81 149
58 99 189
99 149 189
2 128 185
84 241 270
51 136 327
79 93 259
105 147 227
48 203 225
199 281 299
94 156 200
19 58 318
130 159 307
83 296 303
109 233 326
109 143 326
235 236 319
112 144 179
166 246 281
23 189 220
1 50 164
114 252 292
55 160 347
118 212 238
168 172 263
38 120 272
65 87 214
122 206 304
122 245 304
247 264 280
120 123 272
273 333 337
124 195 307
130 154 216
78 130 216
