329 364 390
321 369 385
64 111 277
399 414 424
33 349 380
112 289 445
65 129 157
290 353 427
185 261 398
58 187 248
99 388 410
1 156 423
28 116 366
106 275 377
34 87 384
178 309 328
14 47 326
56 346 370
294 311 434
219 273 432
88 163 432
162 229 322
93 288 300
220 347 374
52 165 251
213 364 390
96 141 251
31 303 393
24 265 314
1 28 156
64 111 292
64 172 366
64 116 321
7 160 431
98 249 274
69 284 417
179 274 386
12 66 251
134 159 306
119 338 415
17 66 141
25 96 165
58 223 267
76 94 118
4 36 316
185 365 398
84 194 295
33 120 380
140 225 388
1 225 423
201 344 380
58 142 236
99 225 388
9 156 423
99 168 225
122 216 339
99 218 259
148 202 331
168 313 360
13 168 283
10 77 180
59 105 114
207 383 391
205 399 414
44 333 392
77 171 180
164 260 384
139 326 394
208 212 362
205 214 247
205 337 429
10 238 392
91 207 310
245 276 301
271 362 430
0 182 233
2 91 136
0 170 237
135 163 432
53 88 163
55 88 446
125 162 229
0 271 378
282 351 419
121 135 163
143 269 381
371 379 436
329 371 390
177 379 390
57 101 334
334 354 374
6 368 441
347 354 374
100 306 356
65 129 342
24 265 393
102 230 297
12 66 386
52 109 262
69 176 249
69 176 284
102 393 417
157 265 279
83 381 401
71 250 327
32 81 293
179 274 420
64 116 366
32 104 293
3 95 172
1 172 225
28 116 156
64 277 385
1 28 366
1 172 366
318 321 369
64 321 385
58 369 385
58 187 223
160 193 385
68 111 292
32 68 98
7 277 431
7 39 160
66 179 386
17 252 420
147 274 386
12 147 386
147 249 274
109 312 348
147 249 262
69 249 444
12 52 251
17 96 141
66 141 251
96 165 251
25 353 427
22 52 109
94 118 290
153 197 223
15 153 290
15 153 197
15 130 197
15 252 290
39 268 420
130 197 363
82 193 363
82 223 267
153 187 223
118 153 187
16 210 449
45 118 187
76 210 449
45 118 210
76 118 210
118 153 290
76 94 196
100 235 356
76 196 449
94 159 416
6 85 441
16 85 441
18 87 304
196 438 441
343 365 368
151 185 261
33 132 349
132 210 349
18 85 87
18 132 210
120 380 415
120 335 415
33 120 335
258 335 421
258 335 415
70 258 421
258 338 415
201 349 380
201 426 440
50 201 349
50 236 426
119 338 357
201 344 440
50 201 426
200 255 423
200 357 440
140 255 423
9 200 423
140 225 423
9 200 440
140 255 388
200 255 357
131 255 357
63 70 397
27 319 397
27 131 397
27 202 218
202 218 259
27 124 319
148 202 259
133 198 339
99 259 360
122 128 216
63 173 331
124 202 331
27 124 202
124 173 331
124 173 319
63 70 84
84 280 433
63 128 331
181 280 433
59 105 295
405 428 447
186 243 298
59 114 117
51 263 264
97 195 433
243 298 406
89 243 406
105 195 433
89 195 406
122 133 339
259 339 360
99 168 360
89 97 195
198 339 360
89 243 361
198 313 360
209 243 361
67 126 299
67 126 254
168 254 313
254 313 361
126 246 325
126 168 254
13 168 246
126 168 246
13 246 286
246 286 325
126 299 325
19 166 435
13 286 376
283 372 383
41 283 372
41 166 372
19 41 166
51 186 243
105 114 298
51 186 263
114 117 264
51 264 447
114 263 264
35 38 228
75 287 428
38 75 171
51 228 447
228 428 447
35 166 435
161 240 302
161 240 372
240 372 383
2 207 383
244 281 302
281 383 391
161 244 302
10 238 244
10 77 244
77 161 244
310 382 443
317 382 443
238 310 443
311 317 443
205 294 414
205 294 434
43 287 428
183 377 399
44 333 424
205 214 399
183 275 377
214 377 399
72 231 308
183 275 305
79 115 305
115 183 399
43 79 428
43 79 115
79 405 428
164 215 260
117 405 437
215 285 437
115 183 305
34 192 260
164 215 285
34 192 425
34 260 384
34 87 425
185 192 413
29 192 260
47 296 324
14 158 326
14 47 296
151 261 341
139 158 326
73 139 387
110 189 315
138 315 394
332 374 419
110 332 351
332 351 419
189 358 418
8 149 307
149 189 315
149 189 418
110 315 332
149 307 418
189 358 407
125 182 233
0 170 182
154 167 395
271 378 389
0 233 378
137 362 430
307 389 418
8 307 387
73 191 387
73 106 211
191 208 362
205 247 429
212 247 429
167 337 442
311 317 434
203 317 434
205 337 434
203 301 434
203 317 382
113 175 272
11 46 241
11 241 276
46 241 245
241 245 276
11 92 328
92 309 359
136 175 272
92 272 359
55 359 446
92 309 328
154 328 395
11 328 395
167 301 395
137 362 442
337 429 442
137 167 442
154 237 328
154 237 430
74 88 253
55 229 322
88 370 411
2 91 207
346 370 446
56 291 439
56 346 373
346 359 373
346 359 446
88 370 446
21 432 439
121 219 273
273 432 439
135 219 432
53 123 199
74 127 253
127 162 322
30 127 253
74 127 322
53 199 253
53 88 253
121 135 219
60 396 403
123 199 375
48 53 123
40 123 375
30 162 355
30 127 162
146 234 358
174 234 358
177 213 390
174 256 355
150 213 404
174 234 355
174 358 407
174 282 419
174 282 407
282 351 407
144 150 174
144 174 419
213 400 404
213 396 400
150 155 256
150 174 256
40 169 403
23 86 336
60 103 330
61 177 436
61 103 436
65 143 157
190 278 336
278 330 336
60 330 336
49 86 336
54 323 345
54 227 323
269 381 401
65 93 143
269 352 401
334 354 448
93 188 288
90 184 347
371 379 390
184 354 448
57 329 334
300 329 371
288 300 371
224 288 371
177 379 436
101 144 364
57 329 364
57 101 364
101 144 419
220 332 374
235 341 408
184 232 356
320 341 350
138 350 402
78 350 402
78 226 402
151 341 350
78 320 350
90 108 347
108 320 341
108 235 341
235 343 408
343 368 438
261 341 408
261 398 408
368 438 441
159 196 438
62 100 438
100 343 438
62 100 306
90 235 356
134 306 356
90 108 235
100 235 343
184 347 354
90 184 356
112 157 445
112 289 303
289 303 445
36 80 107
4 102 222
42 221 232
159 316 416
94 159 196
4 36 222
20 316 416
4 20 316
4 102 230
36 107 222
4 20 230
22 52 165
71 327 422
22 109 348
109 249 262
109 312 444
109 249 444
69 145 444
297 312 348
20 230 297
102 206 417
102 206 297
98 176 249
23 26 412
176 284 422
71 176 422
5 26 412
37 250 327
157 265 445
24 314 409
204 266 345
265 279 314
37 266 314
143 227 323
93 143 381
204 266 279
204 323 345
266 279 314
54 250 345
49 86 352
143 227 269
23 217 340
227 269 352
86 227 352
54 250 340
217 250 340
54 227 340
23 60 336
5 270 412
23 217 412
217 270 412
5 71 270
5 26 367
5 71 367
291 411 439
265 393 445
392 414 424
21 411 439
375 400 404
40 375 400
185 365 413
23 86 340
40 48 169
190 224 278
233 389 418
59 117 285
115 399 424
113 136 175
42 112 232
82 193 385
42 112 303
106 211 214
231 308 437
103 278 436
7 111 277
191 307 362
101 374 419
101 334 374
66 179 420
50 248 349
70 84 194
99 131 410
27 99 131
83 224 288
49 239 336
3 95 104
92 136 272
11 92 136
91 310 382
55 170 229
74 88 322
35 51 435
97 133 198
6 85 413
138 332 402
97 133 433
29 151 192
84 128 280
83 239 401
2 56 113
396 400 403
58 82 385
85 87 413
80 134 221
36 80 134
156 318 321
103 278 330
78 108 320
78 108 226
2 113 136
81 95 293
73 191 208
73 208 211
46 91 136
69 206 417
119 344 357
45 257 349
122 128 181
63 173 319
204 279 323
63 319 397
62 159 438
121 273 403
61 213 396
106 214 377
67 209 299
61 177 213
27 99 218
55 170 178
69 145 206
56 370 411
80 102 222
258 338 397
89 198 313
362 429 442
80 107 222
13 283 376
31 42 303
58 82 267
82 197 363
39 160 193
39 98 274
199 253 375
59 164 285
24 393 409
25 165 416
112 129 157
70 164 421
220 226 332
65 93 300
62 159 306
215 231 260
41 299 376
83 188 288
33 335 421
48 121 403
233 358 418
55 88 322
30 155 253
212 362 429
65 300 342
11 276 395
87 192 425
32 68 292
31 42 221
75 228 428
8 139 394
29 296 324
63 84 128
15 130 420
59 164 295
115 333 424
21 88 432
37 314 409
48 53 163
212 214 247
242 324 326
75 180 287
215 231 437
12 52 147
43 115 333
21 88 411
38 75 228
125 162 355
60 103 396
343 365 408
20 22 297
17 25 96
45 210 349
125 234 355
72 139 158
145 152 312
7 68 111
304 384 421
51 209 435
3 172 225
125 146 234
35 161 372
9 142 440
155 375 404
130 193 363
32 95 292
35 38 161
40 48 123
209 299 435
17 66 420
19 299 435
8 139 387
50 58 248
242 326 394
15 252 420
61 103 396
3 104 225
17 25 427
14 158 296
31 80 102
32 81 95
43 180 333
33 304 421
22 297 348
35 51 228
211 212 214
35 166 372
36 159 316
37 327 409
36 134 159
16 441 449
46 245 382
82 197 223
112 129 232
40 400 403
7 39 68
108 226 347
39 193 268
138 315 332
50 58 236
365 398 408
39 274 420
45 187 248
16 85 210
284 327 422
31 102 393
11 46 136
18 33 304
148 259 339
240 302 383
43 180 287
70 164 194
365 368 413
84 105 433
17 290 427
87 192 413
51 209 243
48 169 403
89 97 198
294 311 414
56 291 411
79 305 405
55 178 309
55 309 359
117 285 437
239 352 401
113 272 373
145 312 444
125 146 233
184 300 342
31 80 221
300 329 334
128 148 216
128 181 280
338 357 397
130 193 268
130 268 420
72 73 106
72 106 275
72 73 139
122 133 181
206 297 312
311 392 414
133 181 433
39 68 98
134 232 356
134 221 232
146 233 358
275 305 308
142 156 318
224 371 436
8 149 394
58 142 369
142 318 369
305 308 405
209 254 361
143 279 323
143 157 279
344 380 415
137 154 167
148 216 339
149 315 394
46 91 382
150 213 364
144 150 364
271 362 389
151 185 192
29 151 324
151 242 324
208 211 212
238 311 443
38 161 171
155 253 375
155 256 355
150 155 404
116 156 321
9 142 156
71 250 270
72 158 231
19 41 299
238 244 391
158 231 296
160 277 431
160 277 385
77 161 171
164 194 295
164 384 421
125 182 229
167 337 434
167 301 434
170 237 328
87 304 384
170 178 328
95 172 292
48 121 163
17 252 290
30 155 355
142 236 426
10 180 392
119 344 415
180 333 392
25 353 416
18 33 132
37 250 266
18 85 210
170 182 229
29 260 296
6 368 413
110 189 351
237 271 430
184 300 448
83 188 381
93 188 381
189 351 407
191 307 387
195 298 406
105 195 298
231 260 296
64 172 292
284 393 417
131 255 410
152 206 312
84 105 295
67 209 254
142 426 440
117 264 405
224 278 436
220 226 347
226 332 402
196 441 449
184 232 342
129 232 342
233 378 389
86 227 340
0 237 271
238 311 392
190 239 336
49 239 352
138 242 350
303 393 445
151 242 350
138 242 394
244 281 391
248 257 349
207 310 391
250 266 345
217 250 270
20 22 416
45 248 257
137 154 430
114 263 298
52 147 262
255 388 410
70 258 397
186 263 298
264 405 447
272 359 373
60 273 403
72 275 308
276 301 395
22 165 416
94 290 416
308 405 437
75 171 180
95 104 293
41 283 376
284 327 409
284 393 409
286 299 376
286 299 325
190 224 239
290 353 416
300 334 448
89 313 361
83 224 239
203 301 382
245 301 382
281 302 383
307 362 389
238 310 391
145 152 206
47 324 326
56 113 373
344 357 440
44 392 424
128 148 331
131 357 397
