31 80 393
64 111 277
399 414 424
33 349 380
65 129 157
290 353 427
7 39 98
17 179 420
185 261 398
58 187 248
99 388 410
1 156 423
212 429 442
122 181 280
238 244 281
238 281 391
30 155 256
106 275 377
178 309 328
14 47 326
56 346 370
294 311 434
88 163 432
83 224 401
162 229 322
93 288 300
284 409 422
220 347 374
52 165 251
138 315 402
213 364 390
31 303 393
12 147 262
160 385 431
1 28 156
64 111 292
64 172 366
3 104 293
64 116 321
7 160 431
98 249 274
69 284 417
179 274 386
134 159 306
17 66 141
25 96 165
58 223 267
185 365 398
84 194 295
16 18 85
6 85 87
50 257 349
33 120 380
140 225 388
1 225 423
116 318 321
201 344 380
58 142 236
131 338 397
99 225 388
9 156 423
99 168 225
67 209 361
89 97 133
148 202 331
105 195 406
168 313 360
13 168 283
35 38 171
209 243 435
97 181 433
305 308 437
207 383 391
35 77 161
35 161 166
10 333 392
44 333 392
75 171 287
164 260 384
79 405 437
29 151 242
29 260 324
139 326 394
146 358 418
106 211 377
205 214 247
205 337 429
46 91 310
91 207 310
245 276 301
271 362 430
0 182 233
2 136 175
56 291 370
53 88 163
55 88 446
125 162 229
146 233 418
0 271 378
282 351 419
143 269 381
60 121 403
371 379 436
278 371 436
177 379 390
224 278 371
334 374 419
57 101 334
334 354 374
6 368 441
347 354 374
65 129 342
24 265 393
102 230 297
159 306 438
31 42 112
52 109 262
145 152 444
69 176 249
327 409 422
284 409 417
83 381 401
190 239 278
71 250 327
32 81 293
179 274 420
32 104 293
64 95 172
3 95 172
1 172 225
64 277 385
1 28 366
1 172 366
64 95 292
318 321 369
58 318 369
9 142 318
58 193 385
58 236 248
58 369 385
58 193 267
82 223 363
82 193 267
58 187 223
277 385 431
160 193 385
32 68 98
7 277 431
7 68 98
7 39 160
98 274 420
17 66 179
66 179 386
17 252 420
39 98 420
147 274 386
12 147 386
147 249 274
109 312 348
147 249 262
69 249 444
12 52 251
12 52 262
17 96 141
66 141 251
25 353 427
22 52 109
94 118 290
252 290 427
153 197 223
15 153 290
193 268 363
15 153 197
15 130 197
15 252 290
197 223 363
39 268 420
130 268 363
130 197 363
82 193 363
82 223 267
153 187 223
118 153 187
45 118 187
76 210 449
45 118 210
6 87 413
76 118 210
118 153 290
76 196 449
94 159 416
6 85 441
18 132 304
16 85 441
18 87 304
192 413 425
196 438 441
343 365 368
151 185 261
108 220 347
138 326 394
87 413 425
33 132 304
33 132 349
18 85 87
258 335 421
304 335 421
258 335 415
70 258 421
258 338 415
201 426 440
50 248 257
50 236 248
9 142 236
50 236 426
9 156 318
50 201 426
200 255 423
58 142 318
200 357 440
140 255 423
9 200 423
140 225 423
131 255 388
140 255 388
131 388 410
200 255 357
63 70 397
27 202 218
27 124 319
99 259 360
122 128 216
63 173 331
63 84 280
124 202 331
27 124 202
124 173 331
124 173 319
63 70 84
84 280 433
63 128 280
63 128 331
181 280 433
105 298 406
59 105 295
405 428 447
59 114 117
97 195 433
89 243 406
105 195 433
89 195 406
122 128 280
259 339 360
99 168 360
89 97 195
89 243 361
209 243 361
67 126 299
168 254 313
254 313 361
126 246 325
126 168 254
13 168 246
126 168 246
13 41 283
246 286 325
126 299 325
19 166 435
51 243 435
13 41 376
283 372 383
41 283 372
19 299 376
41 166 372
19 41 376
19 41 166
19 67 299
51 186 243
51 228 435
51 186 263
114 117 264
114 263 264
35 38 228
117 264 447
72 305 308
75 287 428
59 285 437
38 75 171
228 428 447
35 77 171
161 240 302
240 281 302
240 372 383
2 207 383
244 281 302
10 238 244
10 77 244
310 382 443
238 310 443
294 311 392
311 317 443
205 294 434
294 392 414
43 287 428
183 377 399
44 333 424
205 214 399
183 275 377
214 377 399
211 214 377
72 231 308
73 139 158
183 275 305
72 275 305
43 115 399
115 183 399
43 79 428
43 79 115
59 117 437
79 405 428
117 405 447
164 215 260
215 308 437
117 405 437
215 285 437
79 305 437
164 215 285
215 231 308
34 192 425
34 260 384
34 87 425
185 192 413
29 151 185
29 185 192
47 242 326
260 296 324
47 296 324
14 158 326
29 242 324
14 47 296
47 242 324
151 261 341
139 158 326
138 151 242
73 139 387
138 242 326
78 226 320
315 332 402
138 315 394
332 374 419
110 332 351
332 351 419
189 358 418
8 149 307
149 189 418
110 315 332
378 389 418
149 307 418
146 233 234
189 358 407
233 378 418
154 167 395
271 378 389
0 233 378
137 362 430
208 211 214
307 389 418
8 307 387
73 191 387
73 106 211
191 208 362
167 337 442
311 317 434
203 317 434
205 337 434
203 301 434
113 175 272
11 46 241
11 241 276
46 241 245
241 245 276
92 309 359
136 175 272
92 272 359
55 359 446
92 309 328
154 328 395
167 301 395
137 362 442
337 429 442
137 167 442
154 237 328
154 237 430
74 88 253
55 229 322
178 309 359
55 178 359
2 113 175
2 91 207
56 291 439
56 346 373
346 359 373
291 370 411
88 411 432
121 219 273
21 411 432
60 61 103
74 127 253
30 127 253
53 199 253
53 88 253
121 135 219
60 396 403
48 121 169
48 123 169
30 199 253
150 155 375
40 123 169
30 199 375
30 155 375
30 127 162
146 234 358
174 234 358
177 213 390
174 256 355
150 213 404
174 234 355
101 334 419
174 358 407
110 189 407
174 282 407
213 400 404
150 375 404
40 375 404
150 155 256
121 169 403
40 169 403
40 400 404
60 121 273
23 86 336
60 103 330
60 61 396
61 103 436
224 239 278
190 278 336
278 330 336
60 330 336
49 352 401
49 239 401
49 86 336
54 227 323
269 381 401
65 93 143
224 239 401
269 352 401
188 224 288
334 354 448
83 188 224
93 188 288
90 184 347
371 379 390
184 354 448
57 329 334
300 329 371
288 300 371
224 288 371
61 177 396
101 144 364
57 329 364
57 101 364
101 144 419
108 220 226
235 341 408
184 232 356
320 341 350
138 350 402
78 350 402
138 151 350
108 226 320
151 341 350
78 320 350
90 108 347
108 320 341
235 343 408
368 438 441
159 196 438
62 100 438
62 306 438
90 235 356
134 306 356
184 347 354
90 184 356
129 157 232
42 157 232
265 303 393
289 303 445
36 80 107
4 102 222
36 80 221
42 112 157
36 134 221
42 221 232
159 316 416
94 159 196
20 316 416
4 20 316
4 102 230
36 107 222
102 107 222
4 20 230
22 52 165
71 327 422
22 109 348
109 312 444
152 312 444
69 145 444
297 312 348
20 230 297
102 206 417
80 102 107
102 206 297
98 176 249
23 26 412
71 176 422
37 250 327
265 279 314
265 303 445
37 266 314
93 143 381
266 279 314
49 86 352
86 227 352
217 250 340
54 227 340
23 60 336
71 217 270
71 217 250
217 270 412
5 71 270
5 26 367
5 71 367
88 411 446
291 411 439
393 409 417
370 411 446
392 414 424
21 411 439
332 374 402
220 374 402
185 365 413
23 86 340
21 273 439
119 201 344
110 282 351
103 278 436
7 111 277
191 307 362
100 343 368
100 368 438
186 243 406
70 84 194
157 279 289
99 131 410
99 131 218
49 239 336
92 328 395
92 136 272
110 149 315
11 92 136
90 108 341
90 235 341
250 340 345
89 198 339
89 133 339
55 170 229
74 88 322
2 56 113
396 400 403
80 393 417
103 278 330
78 220 226
119 201 357
261 341 398
77 161 302
72 106 158
12 251 386
81 95 293
74 127 162
73 191 208
73 208 211
143 323 352
18 132 349
94 118 196
148 202 218
69 206 417
177 396 400
19 67 435
64 321 369
45 257 349
65 143 323
170 182 237
40 123 199
198 313 339
186 298 406
11 92 395
63 173 319
204 279 323
32 68 95
63 319 397
62 306 356
62 100 356
208 212 214
55 170 178
69 145 206
258 338 397
53 121 199
89 198 313
23 340 412
131 319 397
166 240 372
39 160 193
217 340 412
79 183 305
53 135 163
59 164 285
24 393 409
67 126 361
25 165 416
17 25 252
70 164 421
204 279 345
65 93 300
112 157 289
215 231 260
77 171 287
141 165 251
99 148 218
34 304 421
335 380 415
50 349 380
55 88 322
21 273 432
54 204 345
74 162 322
110 149 189
65 300 342
11 276 395
31 42 221
75 228 428
28 64 366
78 220 402
8 139 394
5 26 270
15 130 420
37 314 409
212 214 247
77 180 287
18 210 449
38 75 228
10 238 443
240 281 391
48 121 199
125 162 355
343 365 408
20 22 297
17 25 96
45 210 349
125 234 355
7 68 111
24 265 409
35 166 228
3 172 225
2 46 91
29 34 260
76 118 196
255 338 357
28 156 318
8 139 387
120 304 335
61 177 379
4 222 316
15 252 420
16 18 449
110 282 407
200 426 440
10 311 392
3 104 225
59 194 295
14 158 296
68 95 111
2 46 136
32 81 95
61 379 436
43 180 333
69 284 422
59 105 298
29 34 192
22 297 348
77 180 333
36 159 316
26 270 412
37 327 409
36 134 159
16 441 449
46 245 382
40 400 403
67 209 435
205 212 429
39 193 268
95 111 292
18 210 349
365 398 408
45 187 248
329 364 371
40 199 375
53 121 135
48 123 199
25 252 427
11 46 136
148 259 339
43 333 424
34 384 421
10 311 443
43 180 287
70 164 194
365 368 413
84 105 433
43 399 424
27 131 218
50 201 380
31 112 289
80 102 417
79 115 183
143 269 352
201 357 440
9 200 236
113 272 373
100 343 356
65 157 323
184 300 342
119 357 415
135 163 273
31 80 221
300 329 334
128 148 216
130 268 420
72 106 275
126 254 361
27 131 319
97 133 181
122 133 181
206 297 312
133 216 339
54 204 323
134 232 356
134 221 232
246 286 376
135 219 273
59 164 194
265 314 409
157 279 323
8 149 394
64 369 385
66 251 386
144 174 256
144 282 419
144 174 282
228 263 447
344 380 415
137 154 167
148 216 339
149 315 394
150 213 364
28 64 116
144 150 364
271 362 389
205 212 247
203 317 443
72 158 231
158 231 296
30 162 256
162 256 355
164 384 421
166 228 435
125 182 229
167 337 434
163 273 432
167 301 434
31 289 303
170 237 328
170 178 328
10 77 333
177 213 400
99 148 259
161 166 240
119 344 415
25 353 416
200 236 426
37 250 266
77 244 302
36 222 316
170 182 229
125 182 234
182 233 234
0 182 237
6 368 413
33 120 304
279 289 445
59 114 298
338 357 415
237 271 430
184 300 448
83 188 381
93 188 381
144 150 256
28 116 318
191 307 387
231 260 296
46 310 382
109 262 444
203 382 443
152 206 312
208 212 442
84 105 295
208 362 442
196 441 449
51 228 263
184 232 342
129 232 342
34 87 304
86 227 340
0 237 271
190 239 336
69 176 422
313 339 360
3 95 293
13 246 376
207 310 391
250 266 345
20 22 416
45 248 257
137 154 430
96 141 165
114 263 298
131 255 338
122 133 216
70 258 397
249 262 444
186 263 298
263 264 447
240 383 391
272 359 373
73 106 158
276 301 395
22 165 416
94 290 416
266 279 345
265 279 445
359 370 446
54 340 345
286 299 376
286 299 325
290 353 416
205 294 399
294 399 414
300 334 448
89 313 361
203 301 382
245 301 382
307 362 389
238 310 391
145 152 206
120 335 380
341 398 408
56 113 373
235 343 356
44 392 424
128 148 331
227 323 352
346 359 370
364 371 390
