2 13 141
125 230 310
90 189 258
11 101 147
19 107 229
6 91 157
58 191 242
73 130 277
46 285 301
65 115 213
16 109 286
148 188 337
16 186 286
8 49 291
187 237 276
90 106 288
94 187 276
11 59 347
44 284 334
106 243 288
81 92 125
5 92 310
256 316 327
196 256 331
263 313 332
5 310 323
263 310 313
169 235 245
145 210 225
89 105 302
89 302 318
140 246 292
7 78 129
21 66 217
10 116 233
79 217 294
14 98 168
47 91 157
124 133 206
62 161 206
204 244 268
88 124 346
30 55 287
143 156 261
46 246 304
30 244 287
131 268 301
123 186 199
150 262 271
1 60 262
1 140 292
13 184 342
38 165 328
141 184 226
183 184 259
0 101 342
101 195 216
230 237 243
106 173 306
125 230 266
39 296 299
81 173 221
92 125 310
172 174 222
173 221 299
255 296 299
189 284 334
90 189 288
90 106 306
189 258 334
107 229 314
44 147 347
11 147 347
108 162 228
108 329 347
37 59 86
37 216 289
37 86 289
36 212 264
192 201 340
162 192 201
162 201 220
180 220 255
39 128 220
39 128 166
32 255 299
32 227 255
152 154 222
36 264 330
264 280 283
36 74 212
89 160 348
160 212 264
105 126 348
84 119 247
126 160 348
89 105 348
178 239 335
89 239 318
178 202 318
89 239 335
68 178 207
178 239 318
68 207 335
68 178 335
152 174 320
12 303 326
152 207 320
20 175 205
20 50 320
152 174 222
9 174 320
9 172 174
61 208 333
42 181 298
61 172 208
181 310 323
117 181 298
42 181 310
42 310 313
219 303 326
12 275 326
219 275 326
42 219 275
42 275 313
27 275 313
27 142 313
175 196 331
175 196 290
110 256 331
202 231 318
110 202 205
158 193 257
27 142 316
97 316 327
142 307 313
142 232 307
158 257 332
307 313 332
136 170 297
193 257 297
145 225 293
113 159 278
64 69 293
209 210 245
97 170 297
169 170 235
57 121 169
57 169 245
3 79 200
3 70 79
104 113 278
70 79 278
3 70 82
82 159 248
99 157 325
66 132 300
79 217 278
21 66 132
21 100 132
84 105 302
85 155 200
96 233 241
79 200 294
84 112 119
119 249 349
41 118 302
43 63 121
43 118 344
41 84 302
31 111 254
197 247 254
111 139 254
77 111 242
53 83 304
234 250 292
234 292 317
53 58 242
49 198 269
17 129 194
55 87 287
17 30 279
31 77 111
31 77 114
93 98 265
28 54 103
6 157 325
6 91 95
78 194 238
28 54 265
179 214 322
17 194 279
120 164 168
120 138 218
93 120 138
78 129 194
7 127 129
179 214 238
76 157 161
47 76 157
122 124 133
7 127 153
133 277 338
88 122 124
109 252 286
35 51 144
252 286 324
17 55 73
102 109 252
51 87 341
17 30 55
204 240 268
190 285 301
244 268 301
131 186 199
87 287 341
35 51 87
35 55 87
51 102 341
67 123 199
156 167 261
52 186 286
52 156 167
52 167 286
15 163 311
148 188 211
143 211 261
29 56 223
75 308 342
148 236 337
60 190 271
67 80 199
67 123 149
52 123 186
1 46 60
60 262 271
1 177 262
150 198 281
150 177 281
150 177 262
22 201 340
22 134 251
8 29 49
49 198 291
223 269 321
71 309 328
165 309 328
26 71 215
18 171 215
107 135 314
4 216 289
11 101 216
13 101 342
260 308 342
101 147 224
137 226 274
13 141 184
2 185 224
0 260 342
23 29 56
45 213 259
45 137 274
45 137 259
45 176 274
141 226 274
207 335 343
44 334 347
179 322 339
28 322 339
308 309 312
25 308 312
9 303 320
50 303 320
32 299 333
246 292 304
83 292 304
12 290 303
41 84 118
81 106 173
80 190 271
3 33 200
2 101 224
14 24 103
75 188 337
75 184 342
241 247 249
69 72 263
128 220 258
26 71 336
71 309 312
128 166 258
280 283 335
65 324 346
47 179 339
64 69 72
48 183 184
67 80 223
187 237 243
67 149 223
100 305 345
64 145 210
64 145 293
35 55 73
75 223 337
43 63 118
62 127 338
106 230 243
106 125 266
90 173 306
76 153 238
58 191 279
57 82 209
57 209 245
94 284 288
73 277 338
0 260 308
3 57 82
46 140 246
74 160 177
10 96 233
192 229 340
53 83 292
52 123 236
267 270 273
329 334 347
47 76 238
100 132 345
70 159 278
65 286 324
49 223 269
130 144 324
36 251 330
48 75 184
112 253 349
47 91 95
47 95 339
124 206 346
46 244 301
46 60 190
71 312 336
52 143 156
45 176 315
82 248 270
45 213 315
63 118 231
9 117 303
48 188 259
43 57 253
43 57 121
16 204 240
19 71 135
20 178 207
17 127 129
65 213 259
3 33 349
17 73 127
80 223 321
99 146 182
44 147 276
4 18 289
61 323 333
42 219 303
15 163 261
26 195 216
112 118 253
46 244 304
14 164 168
114 116 282
48 183 259
37 59 216
39 255 296
46 190 285
164 218 272
71 314 328
9 117 172
12 27 196
12 196 290
100 155 305
32 208 333
1 46 140
77 242 272
19 71 171
21 100 217
4 26 215
33 85 96
141 185 274
33 96 241
65 167 286
20 178 202
86 108 228
18 86 289
4 26 216
2 13 101
157 206 319
152 154 255
99 146 159
7 78 238
70 82 159
189 284 288
112 119 349
206 319 346
81 92 333
20 202 205
134 251 330
93 98 168
22 134 330
82 209 270
0 25 308
136 235 245
40 72 210
3 57 253
8 23 38
218 242 272
97 142 316
85 116 282
12 27 275
15 259 311
40 136 210
139 247 254
52 143 236
40 72 263
3 253 349
16 186 240
14 54 103
38 308 309
22 201 330
27 256 316
104 217 278
24 132 300
56 75 223
158 232 332
10 85 96
80 190 199
39 166 173
26 195 336
20 50 290
36 74 251
8 23 29
267 273 293
280 335 343
114 197 254
180 201 343
34 113 300
269 271 321
4 18 215
122 130 346
108 162 220
93 120 168
180 207 343
33 249 349
38 165 309
30 58 244
27 196 256
84 112 118
152 207 255
97 142 232
2 141 185
118 253 344
214 238 295
73 127 338
110 202 327
30 58 279
85 151 305
34 104 217
0 101 195
62 127 153
42 298 303
33 241 249
225 273 293
23 38 308
39 173 299
15 188 259
20 207 320
32 208 227
108 220 329
99 159 270
94 187 243
203 258 334
71 171 215
48 75 188
99 267 270
40 257 332
177 251 281
221 299 333
177 292 317
139 242 250
97 121 327
44 276 284
11 59 216
39 220 255
5 323 333
117 298 303
53 58 244
24 103 300
40 136 297
100 200 294
8 38 291
40 257 297
244 287 341
84 247 250
84 105 250
23 56 308
10 85 116
115 213 315
154 227 255
85 151 282
85 155 305
18 86 171
157 161 206
86 228 229
19 86 229
106 230 266
86 108 347
172 208 222
71 135 314
172 181 323
197 233 247
138 214 295
203 220 258
73 130 144
5 92 333
126 160 317
94 243 288
95 103 182
95 182 325
97 121 169
190 199 301
97 158 193
97 169 170
34 217 300
53 244 304
97 193 297
99 182 325
100 155 200
100 217 294
51 102 144
102 144 324
154 208 222
102 204 341
35 73 144
102 252 324
103 146 300
103 146 182
136 210 245
95 103 339
28 103 339
264 280 330
40 263 332
14 24 164
80 271 321
16 109 204
102 109 204
20 175 290
29 49 223
34 104 113
198 269 271
113 146 300
114 272 282
77 114 272
115 185 274
115 274 315
114 116 197
116 197 233
118 302 318
126 234 317
148 211 236
118 231 318
122 133 277
63 121 327
122 130 277
88 122 346
0 25 195
123 149 236
160 177 317
105 126 250
126 234 250
167 261 311
149 223 236
62 76 153
14 54 265
139 247 250
130 324 346
24 132 164
65 167 311
19 86 171
64 72 210
19 107 135
65 259 311
136 170 235
6 95 325
137 184 226
137 184 259
138 218 279
138 194 295
138 194 279
138 214 322
93 138 265
138 265 322
175 205 331
43 253 344
132 164 345
188 211 261
81 221 333
113 146 159
28 265 322
151 164 282
151 305 345
151 164 345
89 160 264
7 153 238
94 276 284
159 248 270
162 192 229
162 228 229
111 139 242
62 76 161
194 238 295
120 164 218
164 272 282
90 166 258
59 86 347
117 172 181
53 242 292
74 160 212
81 106 125
25 195 312
74 177 251
1 177 292
56 75 308
31 114 254
14 98 265
50 290 303
180 201 220
198 291 328
131 186 268
186 240 268
15 188 261
47 179 238
38 291 328
195 312 336
191 218 279
22 198 251
198 251 281
150 198 271
198 314 328
198 314 340
22 198 340
131 199 301
61 172 323
201 280 343
202 231 327
203 220 329
110 205 331
133 206 338
62 206 338
180 207 255
110 256 327
154 208 227
209 270 273
209 210 273
143 211 236
203 329 334
66 217 300
97 158 232
191 218 242
223 236 337
229 314 340
63 231 327
232 307 332
233 241 247
201 280 330
242 250 292
204 244 341
119 247 249
90 166 173
33 85 200
163 261 311
210 225 273
264 283 335
89 264 335
176 274 315
