125 230 310
19 107 229
152 180 255
94 189 288
152 207 343
108 162 329
32 221 299
138 191 279
63 110 256
179 238 339
6 91 157
46 285 301
204 244 287
65 115 213
16 109 286
148 188 337
23 75 308
8 49 291
44 329 347
230 243 266
189 276 284
94 187 276
94 189 276
108 228 229
11 59 347
44 147 284
32 221 333
44 284 334
20 178 205
81 92 125
5 92 310
21 100 294
63 110 202
263 313 332
5 310 323
105 247 250
169 235 245
200 249 349
82 209 245
63 256 327
89 105 302
178 202 205
89 302 318
118 231 302
21 66 217
197 241 247
139 250 292
98 120 168
54 98 265
28 95 339
124 133 206
225 267 293
73 127 129
88 124 346
143 156 261
244 301 304
46 246 304
131 268 301
123 186 199
1 60 262
314 328 340
13 184 342
18 26 215
8 291 328
19 108 229
183 259 311
101 195 216
230 237 243
106 173 306
106 243 266
106 173 266
125 230 266
81 173 221
92 125 310
32 154 227
173 221 299
255 296 299
189 284 334
90 189 288
147 276 284
90 106 306
189 258 334
128 203 258
44 147 347
11 147 347
37 59 86
37 216 289
37 86 289
162 203 329
162 201 220
39 128 220
32 255 299
152 180 343
220 280 343
160 264 283
32 227 255
180 220 343
20 178 320
89 160 283
264 280 283
89 160 348
105 126 348
126 160 348
126 160 234
89 105 348
178 239 335
89 239 318
89 283 335
89 239 335
68 178 207
68 178 335
20 175 205
9 50 320
20 50 320
152 174 222
9 174 320
154 172 208
61 208 333
61 172 208
5 61 323
12 50 290
12 275 326
219 275 326
42 275 313
175 196 331
110 175 205
110 256 331
110 175 331
110 202 205
158 193 257
27 142 316
27 196 316
57 121 253
142 232 307
158 257 332
257 263 332
307 313 332
136 170 297
40 257 263
193 257 297
145 225 293
40 69 263
64 69 293
82 209 248
209 225 273
136 170 210
170 210 235
97 170 297
169 170 235
57 121 169
34 104 278
70 79 278
3 70 82
34 66 300
99 157 325
66 132 300
79 217 278
24 54 103
21 217 294
21 66 132
85 96 200
21 100 132
155 200 294
84 105 302
100 155 294
164 305 345
85 155 200
33 96 200
33 200 249
84 112 119
119 249 349
41 118 302
43 112 253
41 84 302
84 105 247
139 250 254
31 111 254
111 139 254
160 234 317
77 111 242
234 250 292
234 292 317
83 246 304
138 279 295
80 131 301
30 191 279
30 58 191
55 87 287
17 30 279
120 218 272
31 77 111
31 77 114
93 98 265
100 155 345
151 164 305
155 305 345
14 24 54
146 182 300
6 157 325
103 182 325
28 95 103
6 91 95
179 265 322
93 265 322
93 138 322
93 98 120
191 218 272
138 191 218
194 214 295
194 279 295
7 76 153
7 76 78
124 206 319
62 153 161
62 133 338
76 153 161
7 127 153
127 277 338
133 277 338
55 73 144
109 252 286
35 51 144
124 319 346
252 286 324
144 324 346
102 109 252
204 287 341
17 30 55
35 55 144
46 301 304
30 244 304
190 285 301
244 268 301
131 240 268
186 204 240
87 287 341
35 55 87
16 102 109
67 123 199
16 186 204
156 167 261
52 156 167
52 167 286
15 188 211
15 163 311
15 188 311
148 188 211
52 123 156
80 190 269
143 149 236
148 236 337
80 131 199
60 190 271
67 80 199
1 46 60
80 190 301
74 177 281
190 269 271
150 198 281
150 177 281
150 177 262
74 251 281
22 328 340
22 134 251
135 314 328
75 183 342
8 29 49
223 269 321
80 269 321
23 38 165
26 71 215
4 18 86
18 171 215
4 216 289
19 86 108
4 86 289
0 25 101
0 25 260
2 185 224
2 141 274
183 184 342
48 75 183
23 56 75
23 29 56
45 137 274
45 176 274
2 185 274
137 226 259
115 176 315
196 316 331
181 298 323
298 310 323
65 286 311
41 84 118
82 99 248
90 106 243
70 79 200
2 101 224
42 298 310
11 101 224
60 150 262
74 177 317
70 113 159
74 160 317
22 251 328
55 73 129
47 91 161
26 71 312
280 283 335
70 99 159
65 324 346
71 135 171
64 69 72
68 280 343
68 280 335
40 69 72
9 12 50
66 217 278
65 137 311
76 78 238
70 82 99
64 145 293
219 275 298
62 127 338
86 329 347
160 212 330
90 173 306
67 80 321
71 165 309
3 57 82
95 238 339
46 140 246
192 228 340
27 275 307
17 55 129
27 196 290
10 96 233
0 101 260
56 75 188
181 219 298
53 58 191
267 270 273
141 183 226
47 76 238
55 244 287
14 54 168
201 220 280
65 286 324
49 223 269
63 121 253
107 135 229
30 55 244
112 253 349
46 60 190
168 272 282
99 248 270
45 115 176
44 203 329
23 165 309
9 117 303
43 63 202
20 175 196
35 87 341
34 66 278
70 104 113
29 223 337
43 63 253
67 149 321
53 83 246
22 192 340
53 242 246
62 133 161
36 134 201
39 180 220
15 163 261
65 137 213
48 183 311
15 143 211
14 164 168
48 188 311
114 116 282
30 53 58
13 101 260
46 190 285
25 308 309
16 52 123
24 103 182
28 265 339
9 117 172
99 159 325
72 257 297
11 147 224
32 208 333
1 46 140
77 242 272
5 61 92
84 119 249
33 96 241
149 223 321
54 98 168
152 222 255
2 13 101
157 206 319
108 162 192
15 143 261
72 145 210
35 102 341
9 303 326
44 203 334
39 90 128
72 136 297
60 150 271
112 119 349
36 212 251
81 92 333
82 169 245
25 71 312
61 92 333
16 52 286
47 76 161
3 57 253
117 219 326
8 23 38
9 154 172
88 144 346
18 26 312
8 38 165
97 142 316
85 116 282
113 159 325
45 115 213
12 27 275
75 260 308
3 253 349
8 165 328
9 154 222
70 200 349
9 12 326
10 31 233
158 232 332
10 85 96
91 157 161
20 196 290
88 124 133
39 166 173
20 50 290
53 191 242
36 134 251
43 84 112
8 23 29
22 134 162
72 136 210
34 113 300
25 71 309
3 70 349
75 260 342
57 82 169
198 269 291
27 142 307
97 142 232
7 78 127
85 151 305
29 56 337
62 127 153
33 241 249
30 83 304
42 263 310
113 146 182
31 197 254
31 197 233
32 154 208
42 263 313
43 231 344
138 179 322
74 212 251
36 201 330
94 187 243
203 258 334
71 171 215
48 75 188
39 180 296
35 51 102
99 267 270
40 72 257
225 267 273
37 59 101
97 121 327
23 308 309
39 173 296
22 162 192
11 59 101
4 18 336
84 118 344
84 241 247
200 217 294
84 241 249
64 72 145
120 168 272
10 85 116
154 227 255
93 138 218
85 151 282
85 155 305
18 86 171
157 161 206
145 209 225
9 174 222
88 122 133
172 181 323
16 102 204
90 243 288
138 214 295
73 130 144
93 120 218
2 13 184
94 243 288
95 103 325
97 121 169
96 197 233
97 158 193
97 169 170
97 193 297
97 256 327
97 256 316
100 132 164
100 164 345
16 123 186
209 210 235
101 195 312
43 202 231
25 101 312
51 102 144
102 144 324
102 204 341
102 252 324
96 197 241
86 108 329
28 103 265
54 103 265
10 114 116
14 24 164
108 192 228
29 49 223
91 95 238
113 182 325
34 104 113
198 269 271
195 216 312
45 137 213
113 146 300
43 84 344
114 272 282
77 114 272
115 185 274
115 274 315
138 179 214
117 303 326
148 211 236
70 104 278
122 133 277
237 243 276
152 174 207
63 121 327
88 122 144
122 130 144
122 130 277
81 125 173
105 126 250
126 234 250
127 130 277
73 127 130
167 261 311
128 162 220
128 162 203
90 128 189
128 189 258
149 223 236
129 179 214
129 179 238
129 194 214
125 173 266
129 194 279
47 91 238
39 90 166
24 132 164
132 182 300
19 86 171
133 161 206
134 162 201
135 165 328
19 107 135
71 135 165
135 229 314
6 95 325
137 141 274
131 199 240
137 259 311
67 123 156
24 132 182
56 188 337
139 242 292
140 242 246
1 140 317
140 292 317
78 129 238
145 209 210
81 221 333
191 242 272
68 207 343
151 164 282
180 255 296
12 27 290
256 316 331
167 286 311
154 222 255
30 53 83
160 264 330
111 139 242
240 244 268
186 199 240
59 86 347
164 168 282
67 149 156
117 172 181
173 296 299
174 178 320
74 160 212
174 178 207
13 260 342
140 242 292
117 181 219
183 226 259
78 127 129
228 229 340
137 141 226
197 250 254
197 247 250
198 251 291
198 251 281
150 198 271
2 141 184
19 135 171
61 172 323
201 264 280
37 101 216
201 264 330
202 239 318
178 202 239
202 231 302
202 302 318
141 183 184
209 235 245
209 270 273
209 248 270
143 211 236
36 212 330
79 200 217
216 312 336
10 31 114
4 216 336
97 158 232
223 236 337
18 312 336
25 260 308
17 129 279
229 314 340
118 231 344
232 307 332
204 240 244
187 243 276
90 166 173
251 291 328
163 261 311
177 262 317
1 262 317
179 265 339
143 149 156
49 269 291
176 274 315
42 275 298
275 307 313
