149 236 321
125 230 310
19 107 229
152 180 255
70 82 278
32 221 299
63 110 256
81 125 266
179 238 339
58 191 242
46 285 301
65 115 213
16 109 286
8 49 291
187 237 276
230 243 266
94 187 276
11 59 347
44 284 334
166 173 306
81 173 266
20 178 205
81 92 125
21 100 294
97 232 297
196 256 316
196 256 331
40 64 72
263 313 332
209 248 273
209 210 225
105 247 250
40 64 69
145 210 225
82 209 245
96 241 249
63 256 327
178 202 205
140 246 292
7 78 129
79 217 294
85 96 233
139 250 292
98 120 168
54 98 265
88 122 130
28 95 339
14 98 168
157 161 319
146 182 325
62 161 206
138 295 322
46 246 304
1 46 246
30 244 287
131 268 301
150 262 271
1 177 317
1 140 246
314 328 340
13 184 342
8 291 328
135 171 215
143 148 211
38 165 328
143 148 236
183 259 311
101 195 216
230 237 243
94 187 237
106 173 306
106 243 266
106 173 266
125 230 266
81 173 221
81 92 221
92 125 310
61 221 333
172 174 222
154 172 222
173 221 299
90 166 306
189 284 334
90 189 288
147 276 284
90 106 306
128 203 220
128 203 258
11 147 347
108 162 228
108 329 347
59 108 347
37 216 289
37 86 289
192 201 340
162 192 228
162 192 201
201 220 330
162 201 220
180 220 255
39 128 166
32 227 255
264 280 283
89 160 348
105 126 348
126 160 348
126 160 234
89 105 348
89 239 318
178 202 318
89 239 335
68 178 207
178 239 318
152 207 320
20 175 205
9 50 320
20 50 320
9 174 320
9 172 174
61 208 333
154 208 333
5 61 323
181 310 323
12 50 290
12 275 326
219 275 326
63 121 169
158 232 307
42 275 313
27 196 275
110 175 205
110 256 331
202 231 318
110 175 331
158 193 257
97 232 316
27 196 316
57 121 253
158 193 232
142 307 313
142 232 307
158 307 332
307 313 332
193 232 297
193 257 297
40 69 263
64 69 293
64 72 293
82 209 248
209 225 273
248 270 273
209 210 245
136 145 210
97 170 297
169 170 235
57 121 169
3 79 200
3 70 79
3 82 245
104 113 278
3 70 82
82 159 248
34 104 146
99 157 325
34 66 217
21 217 294
21 100 132
33 96 249
84 105 302
164 305 345
85 155 200
96 233 241
79 200 294
57 253 349
112 119 253
3 57 349
41 118 344
41 84 302
84 105 247
139 250 254
31 111 254
10 85 233
111 139 254
197 233 254
160 234 317
160 212 317
77 111 242
53 58 242
83 246 304
138 279 295
49 198 269
30 58 191
17 30 279
31 77 111
31 77 114
77 114 116
14 54 98
100 155 345
151 164 305
155 305 345
14 24 54
103 182 300
146 182 300
6 157 325
28 179 339
194 214 238
6 91 95
78 194 238
28 54 265
179 214 322
93 265 322
93 138 322
120 164 168
120 138 218
191 218 272
93 120 138
138 191 218
78 129 194
194 279 295
7 127 129
47 238 339
62 153 338
179 214 238
47 76 78
7 76 78
47 78 238
124 206 319
62 153 161
62 133 338
161 206 319
144 324 346
17 55 73
51 87 341
17 30 55
46 301 304
244 268 301
131 240 268
35 51 87
35 55 87
16 204 341
51 102 341
67 123 199
156 167 261
52 156 167
52 167 286
163 211 261
15 163 311
15 163 211
148 236 337
60 190 271
67 123 149
46 60 285
60 190 285
74 177 281
60 262 271
1 177 262
22 251 281
150 177 262
74 251 281
192 314 340
22 328 340
135 314 328
49 198 291
223 269 321
8 38 328
165 308 309
18 171 215
4 216 289
25 312 336
260 308 342
2 185 224
2 141 274
0 260 342
48 75 337
48 188 337
56 75 337
23 29 56
45 137 274
45 176 274
2 185 274
137 226 259
44 334 347
280 330 343
308 309 312
25 308 312
181 298 310
175 290 331
196 290 331
65 286 311
147 284 347
44 284 347
22 281 328
83 246 292
149 156 236
90 106 243
80 190 271
0 195 336
3 33 200
2 101 224
42 298 310
11 101 224
241 247 249
74 177 317
74 212 317
15 211 311
73 88 144
72 225 293
26 71 336
148 211 337
71 309 312
47 91 161
128 166 258
65 324 346
68 280 343
68 283 335
67 199 285
48 183 184
9 12 50
34 66 146
35 55 73
63 110 205
219 275 298
160 212 330
53 58 83
67 80 321
61 92 221
154 227 333
63 97 169
94 284 288
0 260 308
24 54 132
87 204 287
7 76 161
54 95 103
53 83 292
181 219 298
122 277 338
267 270 273
52 123 149
52 149 156
329 334 347
51 109 252
100 132 345
65 286 324
63 121 253
54 103 300
107 135 229
48 184 342
47 91 95
47 95 339
65 137 259
46 60 262
82 113 278
71 312 336
89 105 318
22 134 340
45 176 315
45 213 315
88 319 346
7 153 161
9 117 303
68 178 239
68 280 283
62 124 133
7 127 277
16 204 240
66 132 217
20 178 207
29 223 337
63 97 327
43 63 253
142 275 313
22 74 134
17 127 129
67 149 321
30 138 279
3 33 349
17 73 127
37 86 108
4 18 289
41 112 119
65 137 213
180 330 343
26 195 216
48 183 311
136 235 297
104 113 325
14 164 168
48 188 311
51 252 324
43 63 205
40 72 145
164 218 272
16 52 123
180 220 330
67 80 285
156 211 261
9 117 172
12 196 290
99 159 325
11 147 224
77 242 272
4 26 215
61 181 323
5 61 92
41 302 318
32 220 255
33 85 96
84 119 249
3 169 235
86 108 228
30 301 304
18 86 289
4 26 216
152 222 255
8 49 269
36 201 340
9 303 326
0 13 342
116 151 282
0 2 13
189 284 288
16 52 286
0 25 308
47 76 161
136 235 245
40 158 263
117 219 326
8 23 38
40 158 257
88 144 346
51 102 109
113 159 325
8 223 269
30 58 83
72 145 225
7 153 338
48 75 308
3 235 245
141 226 259
16 186 240
228 229 314
10 114 233
9 12 326
104 217 278
54 66 132
54 66 300
30 87 287
88 124 133
39 166 173
199 285 301
26 195 336
20 50 290
8 23 29
267 273 293
61 154 208
80 190 285
269 271 321
4 18 215
82 113 159
22 74 251
108 162 220
180 207 343
26 135 215
26 71 135
33 249 349
123 131 240
27 232 316
21 132 217
3 57 169
85 151 305
90 189 334
34 104 217
0 101 195
29 56 337
30 83 304
225 273 293
23 38 308
42 263 310
30 138 191
20 207 320
30 55 87
42 263 313
43 231 344
32 220 296
32 296 299
36 201 330
99 159 270
150 177 198
70 79 217
62 124 206
203 258 334
6 91 161
99 267 270
221 227 333
12 196 275
28 54 95
123 131 199
37 59 101
30 244 301
38 165 308
39 173 296
188 211 311
40 136 145
6 157 161
28 179 322
40 136 297
41 84 119
41 118 231
100 200 294
40 257 297
7 277 338
11 59 101
84 247 249
23 56 308
10 85 116
115 213 315
154 227 255
74 134 212
85 155 305
18 86 171
61 172 181
86 228 229
19 86 229
87 204 341
88 122 133
88 124 319
41 112 253
197 233 247
36 134 340
90 243 288
92 310 323
5 92 323
1 46 262
94 237 243
2 13 184
94 243 288
174 222 320
95 103 182
95 182 325
97 169 170
97 256 327
97 256 316
32 221 227
135 165 309
16 123 186
100 155 200
43 202 231
35 73 144
116 272 282
136 210 245
27 142 275
10 114 116
104 146 325
264 280 330
105 302 318
14 24 164
80 271 321
108 203 329
108 203 220
20 175 290
109 252 324
109 286 324
16 109 341
102 109 341
198 269 271
41 231 318
45 137 213
43 202 205
114 233 254
115 185 274
115 274 315
77 116 272
117 303 326
98 120 265
93 120 265
41 253 344
198 281 328
122 130 277
122 133 338
244 268 287
66 146 300
123 186 240
105 126 250
126 234 250
127 130 277
0 2 101
73 127 130
167 261 311
39 128 296
61 154 172
128 220 296
8 29 223
129 194 279
37 59 108
24 132 164
19 86 171
68 239 335
36 134 212
170 235 297
135 165 328
19 107 135
135 229 314
71 135 309
194 295 322
65 259 311
6 95 325
85 116 151
137 141 274
166 258 334
139 242 292
1 140 317
140 292 317
141 183 259
43 253 344
132 164 345
152 222 320
28 265 322
191 242 272
68 207 343
151 164 282
89 160 264
73 88 130
167 286 311
94 276 284
154 222 255
143 156 211
27 142 232
143 156 236
158 263 332
90 166 334
159 248 270
160 264 330
111 139 242
120 164 218
164 272 282
117 172 181
53 242 292
173 296 299
177 198 281
56 75 308
70 217 278
31 114 254
152 180 207
117 181 219
198 291 328
137 141 226
194 214 322
35 144 324
197 250 254
197 247 250
150 198 271
35 51 324
131 199 301
2 141 184
19 135 171
37 101 216
188 211 337
141 183 184
48 308 342
0 25 336
203 329 334
36 212 330
223 236 321
223 236 337
192 228 314
17 129 279
118 231 344
233 241 247
240 268 287
204 240 287
119 249 253
249 253 349
250 292 317
33 85 200
234 250 317
163 261 311
264 283 335
89 264 335
176 274 315
42 275 298
