11 37 216
125 230 310
4 18 26
19 107 229
108 162 329
70 82 278
32 221 299
138 191 279
81 125 266
88 130 346
24 164 168
179 238 339
6 91 157
77 272 282
46 285 301
65 115 213
16 109 286
23 75 308
8 49 291
94 237 288
44 329 347
187 237 276
90 106 288
189 276 284
94 187 276
11 37 59
44 284 334
18 19 171
81 173 266
20 178 205
81 92 125
196 256 331
40 64 72
263 313 332
263 310 313
40 64 69
169 235 245
145 210 225
178 202 205
89 302 318
247 250 254
140 246 292
79 217 294
85 96 233
139 250 292
98 120 168
54 98 265
28 95 339
24 103 132
47 91 157
157 161 319
124 133 206
6 103 325
122 130 133
30 55 287
143 156 261
30 58 304
138 295 322
46 246 304
30 244 287
131 268 301
25 309 312
1 60 262
36 134 330
314 328 340
13 184 342
18 26 215
26 312 336
135 171 215
22 291 328
141 184 226
183 184 259
101 195 216
94 187 237
106 173 266
81 173 221
81 92 221
92 125 310
5 92 221
173 221 299
90 166 306
189 284 334
147 276 284
90 106 306
189 258 334
128 203 220
128 203 258
11 147 347
108 329 347
18 19 86
37 59 86
59 86 108
37 216 289
37 86 289
36 212 264
134 201 330
162 203 329
180 220 255
32 227 255
180 220 343
20 178 320
36 264 330
264 280 283
36 74 212
36 74 134
89 160 348
160 212 264
105 126 348
105 126 234
105 234 250
89 105 348
178 239 335
89 239 318
178 202 318
89 283 335
89 239 335
68 178 207
178 239 318
68 178 335
12 303 326
20 175 205
20 50 320
152 174 222
61 208 333
154 208 333
181 310 323
117 181 298
42 310 313
9 50 303
219 303 326
12 275 326
219 275 326
158 232 307
27 275 313
175 196 331
110 175 205
110 256 331
63 202 231
110 175 331
158 193 257
43 118 231
57 121 253
158 193 232
142 232 307
158 257 332
158 307 332
257 263 332
307 313 332
136 170 297
193 257 297
145 225 293
64 69 293
209 210 245
97 170 297
169 170 235
57 121 169
70 79 278
3 70 82
34 66 300
99 157 325
99 113 159
66 132 300
79 217 278
24 100 132
21 66 132
85 96 200
33 96 249
85 155 200
33 96 200
79 200 294
84 112 119
43 63 231
112 119 253
43 112 253
43 118 344
41 84 302
139 250 254
10 85 233
197 233 254
77 111 242
53 58 242
49 198 269
30 58 191
120 218 272
77 191 272
31 77 111
31 77 114
14 54 98
100 155 345
155 305 345
146 182 300
6 157 325
103 182 325
28 179 339
6 95 103
28 95 103
179 214 322
93 265 322
191 218 272
138 191 218
7 127 129
76 157 161
47 76 157
124 206 319
122 124 133
62 153 161
62 133 338
62 133 206
7 127 153
127 277 338
133 277 338
130 133 277
73 130 346
17 30 55
16 102 341
204 240 268
190 285 301
244 268 301
131 240 268
87 287 341
35 51 87
16 204 341
16 102 109
67 123 199
52 167 286
65 163 261
15 188 211
15 188 311
148 188 211
143 211 261
29 56 223
143 149 236
148 236 337
67 80 149
1 46 60
74 177 281
150 198 269
60 262 271
150 198 281
150 177 281
150 177 262
74 251 281
74 177 212
22 198 291
74 134 251
192 314 340
22 328 340
49 198 291
223 269 321
8 29 38
165 308 309
23 29 38
26 71 215
71 135 215
18 171 215
4 216 289
4 195 216
13 101 342
25 312 336
101 147 224
13 101 224
13 141 184
2 13 224
0 260 342
23 56 75
48 183 188
23 29 56
176 185 315
45 176 274
176 185 274
115 185 315
181 298 310
246 292 304
83 292 304
12 290 303
147 284 347
44 284 347
41 84 118
84 89 105
82 99 248
45 141 274
0 195 336
70 79 200
78 179 214
76 78 129
42 298 310
14 24 103
7 76 129
48 75 148
230 243 288
71 309 312
122 124 130
26 71 312
280 283 335
65 324 346
40 69 257
68 280 343
68 280 335
3 169 245
48 183 184
4 26 195
73 324 346
97 297 316
67 80 190
67 143 156
243 266 288
76 78 238
80 149 236
15 65 311
64 145 293
75 223 337
63 110 205
24 98 168
8 49 223
62 127 338
42 219 313
82 270 273
53 58 83
58 77 242
71 165 309
84 119 241
154 227 333
0 260 308
58 77 191
46 140 246
58 83 304
82 104 159
82 99 159
7 76 161
93 218 322
128 220 255
53 83 292
52 156 261
267 270 273
52 67 123
52 67 156
47 76 238
51 144 324
65 167 261
51 109 252
35 51 55
219 298 303
9 50 174
65 286 324
49 223 269
14 24 98
77 114 282
48 75 260
63 121 253
48 260 342
107 135 229
48 184 342
71 165 328
78 179 238
46 244 301
46 60 190
168 272 282
45 176 315
82 248 270
88 319 346
99 248 270
7 153 161
44 203 329
9 117 303
52 167 261
20 175 196
63 202 205
16 204 240
10 111 233
43 63 253
17 127 129
65 213 259
154 222 227
22 192 340
17 73 127
126 317 348
34 217 294
104 113 159
80 223 321
99 146 182
4 18 289
61 323 333
10 31 111
15 163 261
193 232 316
125 230 243
114 116 282
51 252 324
60 190 321
13 141 274
67 143 149
39 255 296
46 190 285
45 137 141
16 52 123
71 314 328
9 117 172
12 27 196
12 196 290
160 317 348
30 46 244
1 46 140
11 59 108
39 128 255
5 221 333
61 181 323
75 148 337
131 190 301
65 167 286
86 108 228
18 86 289
15 211 261
152 222 255
160 177 212
108 162 192
20 50 196
62 161 319
17 73 144
72 145 210
44 203 334
39 90 128
50 196 290
82 104 278
17 191 279
91 238 339
3 209 245
50 174 320
16 52 286
32 255 296
6 95 339
136 235 245
40 72 210
3 57 253
9 154 172
51 102 109
8 38 165
85 116 282
45 115 213
12 27 275
40 136 210
188 259 311
75 260 308
3 253 349
9 154 222
16 186 240
228 229 314
14 54 103
70 200 349
84 89 302
27 256 316
104 217 278
193 297 316
0 308 309
82 209 273
90 189 276
56 75 223
17 30 191
85 151 164
34 66 294
45 115 315
39 166 173
26 195 336
17 55 144
43 84 112
267 273 293
22 134 162
268 287 341
61 154 208
27 307 313
34 113 300
262 269 271
269 271 321
197 241 254
0 25 309
3 70 349
33 249 349
27 232 316
27 196 256
152 207 255
27 142 307
3 57 169
134 198 251
85 151 305
80 223 337
34 104 217
62 127 153
225 273 293
23 38 308
32 296 299
33 200 349
203 258 334
99 267 270
221 227 333
35 87 287
35 55 287
123 199 240
97 121 327
38 165 308
39 173 296
5 323 333
117 298 303
28 179 322
40 136 297
41 231 302
41 118 231
100 200 294
22 162 192
40 257 297
101 195 342
84 118 344
84 241 247
84 247 250
64 72 145
84 105 250
2 224 274
120 168 272
10 85 116
85 164 282
85 155 305
61 172 181
86 228 229
19 86 229
87 102 341
9 174 222
71 135 314
88 124 319
89 264 283
90 276 288
92 310 323
5 92 323
93 120 218
96 119 241
103 132 182
96 119 249
97 121 169
96 197 233
97 169 170
11 108 347
97 256 327
97 256 316
32 221 227
99 113 146
99 182 325
24 100 164
100 164 345
16 123 186
100 155 200
241 247 254
96 197 241
136 210 245
28 103 265
54 103 265
10 114 116
21 66 294
106 166 173
80 236 337
108 192 228
138 218 322
109 252 324
109 286 324
63 110 327
34 104 113
45 137 213
113 146 300
43 84 344
11 147 216
126 234 317
148 211 236
98 120 265
93 120 265
152 174 207
63 121 327
244 268 287
123 186 240
160 177 317
88 124 130
125 243 266
69 257 263
127 130 277
222 227 255
73 127 130
90 128 189
128 189 258
61 154 172
129 194 214
8 29 223
73 144 324
78 129 214
129 194 279
47 91 238
39 90 166
131 190 199
132 182 300
100 132 294
21 132 294
134 162 201
19 107 135
135 229 314
194 295 322
65 259 311
136 170 235
30 46 304
131 199 240
137 184 226
137 184 259
137 213 259
138 194 295
138 194 279
139 233 254
111 139 233
139 242 292
1 140 317
140 292 317
60 271 321
28 265 322
68 207 343
151 305 345
151 164 345
89 160 264
48 148 188
27 142 232
22 134 198
67 190 199
111 139 242
165 291 328
201 203 220
164 168 282
117 172 181
53 242 292
173 296 299
101 147 216
174 178 320
174 178 207
51 87 102
51 55 144
3 82 209
50 290 303
137 141 226
2 13 274
62 206 319
80 190 321
194 214 322
0 195 342
198 251 281
150 262 269
162 201 203
15 65 163
19 135 171
201 264 280
201 264 330
201 220 343
201 280 343
202 231 302
202 302 318
6 91 339
207 255 343
110 256 327
209 210 273
0 25 336
143 211 236
10 31 114
204 268 341
42 219 298
219 275 313
185 224 274
183 188 259
192 228 314
17 129 279
230 237 288
119 249 253
249 253 349
250 292 317
234 250 317
8 165 291
180 255 343
106 166 306
210 225 273
177 262 317
1 262 317
106 266 288
94 276 288
