220 271 281
132 193 488
143 257 425
65 140 281
25 136 236
6 90 397
65 271 281
73 118 359
39 277 382
212 252 470
160 366 473
164 192 432
47 405 432
73 359 463
13 74 439
59 414 496
4 67 479
282 285 318
203 246 338
55 280 403
174 268 472
234 278 322
44 338 416
106 211 268
391 440 451
84 211 287
56 282 339
17 31 290
1 176 340
64 129 305
253 484 499
196 228 244
86 190 462
129 294 425
64 129 463
5 72 160
39 175 272
31 215 382
152 428 482
72 160 473
239 312 460
151 169 248
169 248 285
200 433 495
50 293 345
15 398 467
349 389 467
345 349 471
227 289 462
220 271 476
65 258 411
65 271 315
172 331 437
124 320 335
85 162 225
97 225 456
331 417 457
143 172 437
353 450 480
127 348 480
104 342 385
12 170 177
354 372 453
243 250 494
63 354 372
201 232 461
12 170 250
136 236 489
16 429 436
103 157 444
170 250 439
243 250 439
136 139 489
66 383 421
318 455 496
168 248 285
151 168 248
3 95 99
171 307 469
40 304 332
307 343 469
40 54 464
59 338 416
2 229 317
133 146 288
20 70 251
55 209 224
195 341 453
27 55 280
109 401 441
81 273 336
68 191 288
191 306 317
133 188 288
20 452 454
182 343 497
282 407 415
38 132 161
364 452 454
284 367 451
84 109 179
96 174 475
147 273 409
106 125 275
96 207 216
207 440 449
45 379 485
117 204 311
32 132 291
207 216 449
47 405 483
32 38 132
49 178 181
186 374 378
31 333 445
113 193 387
17 31 445
237 333 374
29 386 499
29 215 382
82 141 380
29 290 344
88 400 447
52 390 475
102 384 390
8 58 386
28 487 498
82 159 492
267 277 382
382 412 499
226 269 484
118 143 359
143 253 499
73 118 448
73 210 448
210 347 434
158 312 381
10 196 228
196 219 420
64 305 310
228 244 477
312 326 460
183 244 477
142 255 296
155 255 267
183 210 347
91 114 249
73 135 210
210 412 418
210 418 434
114 267 277
91 255 267
158 183 355
158 312 334
91 114 267
91 142 255
267 382 412
114 249 277
91 142 249
39 249 277
249 300 321
39 249 300
156 175 223
175 223 321
156 212 470
19 113 193
89 175 272
19 374 378
71 119 131
24 432 470
93 223 334
93 223 321
156 212 223
183 347 355
158 334 404
93 334 404
158 355 404
305 310 420
10 473 486
312 326 381
366 473 486
10 228 326
24 252 470
47 164 432
47 164 483
36 98 168
98 173 299
149 230 406
71 131 230
95 98 168
98 173 406
3 151 168
95 99 149
5 119 160
119 131 160
349 389 411
65 315 411
258 411 435
87 190 462
69 79 254
69 79 357
219 357 420
129 359 463
79 219 357
259 375 490
69 190 254
69 357 490
259 294 490
87 227 462
57 172 417
257 259 294
257 294 425
22 143 257
87 375 490
86 258 462
140 289 462
62 150 220
140 281 289
22 87 227
62 281 289
110 227 265
110 227 289
22 227 265
150 198 468
62 110 289
150 350 468
62 220 281
33 271 476
315 389 411
33 271 315
33 389 467
33 315 389
349 467 471
398 467 471
33 402 476
15 33 431
15 33 467
124 320 431
76 320 431
76 157 431
104 342 439
97 157 456
162 225 456
14 57 85
143 172 198
172 198 468
97 157 444
101 126 457
172 331 417
126 264 373
78 184 385
101 444 457
97 444 457
126 264 351
126 148 295
101 126 373
126 295 351
43 314 316
43 316 437
16 205 221
264 348 373
264 314 351
107 353 365
368 438 450
16 221 481
221 309 481
55 195 221
438 450 481
107 184 365
76 83 104
342 429 436
342 385 429
197 385 429
197 352 429
107 127 184
83 104 385
78 83 103
197 352 385
78 83 385
76 104 320
104 187 320
12 250 494
13 25 74
12 332 363
170 342 439
16 205 297
205 297 325
205 325 341
23 63 328
12 177 313
177 313 493
51 63 354
322 354 453
234 278 424
195 205 221
195 205 341
263 278 322
23 328 443
23 51 54
23 51 63
12 363 494
34 363 494
358 376 465
34 194 358
53 145 283
53 218 458
153 236 327
235 262 495
236 327 369
25 74 136
34 74 136
74 243 439
25 236 369
104 187 433
187 200 433
200 335 495
25 262 369
50 67 479
4 53 458
50 345 471
4 67 458
50 293 479
50 67 471
4 138 479
94 208 329
4 53 329
53 145 153
145 283 489
53 283 329
46 94 180
393 414 459
3 46 165
203 246 393
100 245 455
100 394 455
60 394 419
66 245 416
185 245 416
59 185 496
44 66 416
59 185 416
44 66 303
100 245 421
66 245 421
60 367 421
302 336 364
122 343 442
44 266 303
182 251 497
21 203 338
21 203 393
21 59 338
0 246 442
0 139 194
0 122 376
121 122 376
0 376 465
246 266 442
0 122 442
260 266 303
121 307 343
182 343 442
40 304 497
121 122 343
121 171 307
40 298 464
298 424 464
195 224 242
195 242 263
209 274 276
55 195 224
116 274 424
40 298 497
362 427 446
209 224 274
232 362 427
209 238 362
232 238 461
201 232 427
232 238 362
2 7 410
303 364 454
276 362 446
209 276 362
70 182 260
260 303 454
70 182 251
70 260 454
20 70 454
68 188 306
81 303 364
306 317 452
20 130 371
7 30 130
20 371 452
2 7 317
27 201 229
27 201 461
27 55 461
27 229 280
137 280 403
2 201 229
30 130 371
7 30 317
111 137 229
137 229 280
137 241 403
154 308 430
154 167 430
146 189 401
308 430 474
111 137 308
68 191 306
128 133 188
68 188 288
92 286 388
167 401 430
108 109 441
217 392 409
189 356 401
217 279 409
92 189 356
92 147 356
92 189 388
128 286 370
302 336 370
286 336 370
81 336 364
66 303 383
330 383 421
81 303 383
48 204 330
48 81 383
92 147 273
48 81 273
287 379 485
45 423 485
37 284 330
48 330 383
37 284 451
37 204 330
9 37 204
117 392 409
147 356 395
42 108 109
42 108 392
240 323 472
42 392 423
45 240 472
211 287 379
109 167 401
61 109 179
80 125 179
125 179 275
199 487 498
106 275 390
106 125 211
84 211 478
45 240 423
52 120 397
106 390 475
6 52 399
90 178 426
6 52 397
96 120 466
90 120 178
96 216 466
360 440 449
181 301 466
96 174 207
106 268 475
211 268 472
174 268 475
117 240 311
9 204 311
339 360 440
9 37 451
394 419 455
56 339 440
56 419 455
247 270 337
282 339 413
123 165 169
3 46 94
3 95 168
36 98 299
407 415 422
346 361 407
132 193 291
291 346 361
89 405 483
113 387 422
19 319 483
193 291 346
193 346 387
161 377 488
38 161 396
132 161 488
35 161 377
32 49 247
270 337 360
35 75 214
115 222 340
1 17 445
35 214 377
186 333 374
19 237 374
89 319 483
19 113 483
26 272 319
89 272 319
19 237 319
26 237 319
41 115 222
11 115 233
1 17 340
1 176 445
29 31 290
29 31 215
29 382 499
41 112 344
11 400 447
11 233 447
144 202 324
11 166 400
8 112 324
29 112 344
41 166 202
8 144 492
8 144 324
144 163 492
82 163 492
261 384 390
6 18 90
163 399 408
52 399 408
90 120 397
206 408 491
261 408 491
82 206 380
206 261 491
141 380 384
102 199 487
82 141 159
61 179 275
58 386 498
61 199 275
102 199 275
102 275 390
141 231 384
58 159 292
58 292 498
61 199 498
343 469 497
304 469 497
301 449 466
118 448 484
251 446 497
298 424 497
226 412 484
412 484 499
152 411 482
349 411 428
361 407 413
282 407 413
124 398 431
15 398 431
147 395 409
279 395 409
60 394 421
100 394 421
217 392 441
52 390 408
368 438 481
309 368 481
352 365 429
352 365 385
34 358 363
356 395 441
356 401 441
353 450 481
296 347 404
401 430 474
337 360 449
65 140 462
112 202 324
41 112 202
111 229 317
48 117 409
110 198 265
26 31 333
129 143 359
116 424 497
72 196 219
103 184 444
101 127 348
24 173 432
94 180 283
216 449 466
13 25 262
13 262 495
71 293 349
105 141 231
176 233 447
88 163 256
161 396 426
86 213 482
38 49 396
86 190 254
123 169 318
84 109 485
82 206 408
293 345 349
80 211 478
88 144 163
92 273 336
16 372 436
42 423 485
209 238 461
24 77 239
129 143 425
77 230 406
77 173 406
8 159 492
49 178 426
77 160 366
39 175 321
74 243 494
185 455 496
72 213 254
84 287 485
41 222 290
76 83 157
218 235 262
69 87 190
155 267 412
261 390 408
95 98 406
235 335 471
64 73 135
63 328 443
3 99 208
123 318 496
88 166 400
224 263 278
60 367 451
42 109 485
72 213 482
5 72 482
148 295 316
57 172 468
14 57 468
28 105 292
56 440 451
56 419 451
146 191 288
95 149 406
57 97 457
35 161 426
52 96 120
51 54 322
19 378 488
39 300 321
255 347 434
18 88 256
210 269 448
72 79 254
111 191 317
3 165 169
102 231 487
77 239 460
155 255 418
75 214 445
17 222 290
31 39 272
13 104 433
16 297 372
12 63 443
64 244 310
88 144 202
26 237 333
56 282 318
12 40 332
45 211 379
59 393 414
6 18 399
12 40 443
31 39 382
65 258 462
3 94 208
71 119 349
34 139 194
235 335 495
102 231 384
152 411 428
135 210 244
10 460 486
19 193 488
0 393 459
64 73 463
10 72 473
77 131 230
49 247 337
20 427 446
0 194 358
306 364 452
69 87 490
0 358 465
89 175 432
240 311 323
387 407 422
9 311 391
94 283 329
139 283 459
62 110 198
270 339 413
80 125 211
156 175 432
41 290 344
185 245 455
13 433 495
105 141 159
11 41 115
84 179 478
8 29 386
18 256 399
0 246 393
26 31 272
23 40 443
52 96 475
18 35 88
118 143 484
72 79 219
323 391 440
4 138 208
48 273 409
78 103 184
44 246 338
274 276 446
105 231 487
93 249 321
5 428 482
2 201 427
30 317 452
62 150 198
24 239 252
16 365 429
4 208 329
57 85 225
56 318 455
206 380 384
186 333 377
33 162 402
20 251 446
129 305 357
57 97 225
301 337 449
115 176 340
9 391 451
264 348 368
89 405 432
45 211 472
116 446 497
49 301 337
63 313 493
224 274 424
28 292 498
10 326 460
22 87 257
164 173 192
137 154 308
87 257 259
44 246 266
82 163 408
153 218 327
64 135 244
86 213 254
157 162 431
17 222 340
57 417 457
54 234 322
18 35 90
108 392 441
146 308 474
33 162 431
124 335 398
35 90 426
101 348 373
35 88 447
2 410 427
127 184 444
133 286 388
49 181 301
88 166 202
36 113 422
32 38 49
196 244 310
92 286 336
77 366 486
83 103 157
196 310 420
24 77 173
348 368 480
10 72 196
158 381 477
8 58 159
49 396 426
411 435 482
101 127 444
117 392 423
117 240 423
5 119 428
77 460 486
255 418 434
146 189 388
119 349 428
21 59 393
120 181 466
123 165 459
123 414 459
123 414 496
12 63 313
167 241 403
127 353 480
35 75 447
107 127 353
402 468 476
350 468 476
46 180 459
128 302 370
128 188 302
247 270 291
130 410 427
128 133 286
13 104 439
347 355 404
77 131 160
137 154 241
184 365 385
99 149 208
120 178 181
139 283 489
93 142 404
142 296 404
16 353 365
170 177 342
143 198 265
22 143 265
143 253 484
145 153 236
145 236 489
111 146 191
111 146 308
93 142 249
182 266 442
63 372 493
169 285 318
126 148 457
148 331 457
138 149 208
149 293 479
284 367 421
138 149 479
150 350 476
150 220 476
168 415 422
53 153 218
155 412 418
188 302 364
157 162 456
158 183 477
214 333 377
48 117 204
171 358 363
295 316 351
162 402 468
87 259 375
14 162 468
335 398 471
177 372 493
164 173 299
7 130 410
182 260 266
60 419 451
154 167 241
168 282 285
316 331 437
75 176 445
207 323 472
168 282 415
36 168 422
294 357 490
171 332 363
121 171 376
171 358 376
75 176 447
177 342 436
173 192 432
177 372 436
46 165 459
163 256 399
80 179 478
180 283 459
11 41 166
186 378 488
186 377 488
368 450 480
195 263 322
195 322 453
30 371 452
200 320 335
255 296 347
187 200 320
206 261 384
214 333 445
174 207 472
55 209 461
210 226 412
183 210 244
210 226 269
346 387 407
34 136 139
134 212 239
212 239 252
212 223 334
134 212 334
34 74 494
20 130 427
217 279 395
217 395 441
156 432 470
218 262 369
218 327 369
148 316 331
36 113 299
224 242 263
224 278 424
71 230 293
149 230 293
14 85 162
146 401 474
54 234 464
218 235 458
67 235 458
67 235 471
134 239 334
8 29 112
239 312 334
325 341 372
32 247 291
305 357 420
341 372 453
258 435 482
86 258 482
264 314 368
311 323 391
270 339 360
105 159 292
116 274 446
51 322 354
133 146 388
284 330 421
115 176 233
234 424 464
16 353 481
291 361 413
270 291 413
129 294 357
269 448 484
113 299 483
28 105 487
164 299 483
188 306 364
309 314 368
43 309 314
0 139 459
23 40 54
314 316 351
3 151 169
207 323 440
297 325 372
228 326 477
326 381 477
304 332 469
171 332 469
