220 271 281
132 193 488
157 431 456
65 140 281
353 365 450
119 293 345
25 136 236
65 271 281
73 118 359
39 277 382
212 252 470
339 360 413
160 366 473
47 405 432
73 359 463
13 74 439
97 225 457
16 352 429
282 285 318
203 246 338
55 280 403
174 268 472
234 278 322
391 440 451
84 211 287
17 31 290
118 143 253
253 484 499
196 228 244
129 294 425
5 72 160
77 131 366
39 175 272
31 215 382
95 98 149
152 428 482
72 160 473
239 312 460
71 149 293
151 169 248
3 151 165
145 153 489
169 248 285
127 348 373
350 402 476
33 402 431
50 293 345
15 398 467
349 389 467
345 349 471
227 289 462
86 258 435
220 271 476
65 258 411
162 402 431
172 331 437
124 320 335
14 402 468
162 431 456
97 225 456
331 417 457
126 148 331
143 172 437
348 450 480
353 450 480
101 127 373
127 348 480
177 436 493
16 352 365
12 170 177
354 372 453
243 250 494
63 354 372
12 170 250
136 236 489
16 429 436
103 157 444
104 433 439
243 250 439
136 139 194
136 139 489
318 455 496
168 248 285
151 168 248
171 307 469
304 343 469
251 427 446
40 304 332
307 343 469
40 332 443
40 54 464
59 338 416
2 229 317
133 146 288
20 70 251
55 209 224
195 341 453
27 55 280
109 401 441
111 191 288
81 273 336
68 191 288
133 188 288
188 302 370
182 343 497
282 407 415
38 132 161
211 379 472
84 109 179
96 174 475
147 273 409
80 84 179
106 125 275
207 440 449
45 379 485
117 204 311
32 132 291
216 301 449
207 216 449
47 405 483
32 38 132
49 178 181
186 374 378
113 193 387
29 386 499
29 215 382
88 400 447
82 163 206
8 58 386
82 159 492
296 347 434
226 269 484
118 253 484
129 359 425
118 143 359
143 253 499
129 305 420
73 118 448
73 210 448
158 312 381
10 196 228
196 219 420
64 305 310
228 244 477
312 326 460
135 183 210
155 255 267
91 114 249
73 135 210
210 412 418
210 418 434
114 267 277
155 418 434
267 412 418
155 255 434
91 255 267
142 249 321
158 312 334
91 114 267
91 142 255
155 267 418
114 249 277
91 142 249
39 249 277
249 300 321
39 249 300
156 175 223
93 142 321
175 223 321
156 212 470
89 175 405
19 113 193
89 175 272
19 374 378
175 405 432
19 193 378
71 119 131
24 432 470
10 326 486
134 239 252
93 223 334
134 212 252
93 223 321
156 212 223
183 347 355
158 334 404
93 334 404
158 355 404
305 310 420
10 473 486
312 326 381
239 252 460
326 460 486
10 228 326
24 252 470
47 164 483
77 366 460
24 173 406
71 131 230
131 230 406
24 77 406
98 173 406
95 99 149
71 149 230
71 119 293
5 119 160
119 131 160
131 160 366
77 131 406
152 435 482
5 349 428
152 411 435
349 389 411
65 315 411
258 411 435
86 435 482
69 79 357
129 357 420
219 357 420
129 359 463
79 219 357
259 375 490
87 190 490
143 359 425
69 357 490
69 190 490
87 227 462
22 259 375
257 259 294
257 294 425
22 257 259
22 87 375
87 375 490
86 258 462
140 289 462
62 150 220
140 281 289
22 87 227
110 227 265
110 227 289
22 227 265
150 350 468
62 220 281
33 271 476
150 220 350
315 389 411
33 389 467
33 315 389
335 471 495
349 467 471
124 398 471
398 467 471
33 402 476
220 350 476
15 33 431
15 33 467
124 335 471
13 433 439
76 157 431
184 352 365
107 127 480
85 162 402
350 402 468
14 57 85
14 85 402
143 172 198
148 331 437
126 264 373
78 184 385
101 444 457
97 444 457
101 184 444
107 353 480
126 264 351
126 148 295
101 126 373
126 295 351
43 314 316
314 348 368
43 316 437
309 368 438
348 368 450
16 205 221
264 314 351
101 127 184
107 353 365
368 438 450
16 221 481
221 309 481
55 195 221
309 438 481
438 450 481
107 184 365
76 83 104
342 429 436
342 385 429
197 385 429
197 352 429
107 127 184
78 103 444
184 352 385
78 184 444
83 104 385
78 83 103
197 352 385
78 83 385
76 104 320
12 250 494
12 332 363
170 342 436
170 177 436
16 205 297
297 372 453
205 297 325
205 325 341
263 322 453
23 63 328
372 436 493
12 177 313
177 313 493
51 63 354
322 354 453
195 205 221
195 205 341
224 274 278
263 278 322
12 332 443
23 328 443
23 51 54
23 51 63
34 243 494
12 363 494
34 363 494
358 376 465
34 136 194
34 194 358
53 145 283
53 218 458
235 262 495
236 327 369
34 74 243
34 74 136
74 243 439
262 433 495
25 236 369
200 335 495
25 262 369
53 153 327
4 53 458
67 218 458
50 345 471
4 67 458
50 293 479
50 67 471
4 138 479
94 208 329
94 99 208
67 218 235
4 53 329
53 145 153
145 283 489
393 414 459
3 46 165
203 246 393
165 283 459
21 59 414
60 100 421
330 367 421
48 204 273
100 394 455
56 419 440
60 100 394
419 440 451
284 330 367
60 394 419
185 245 496
185 245 416
59 185 416
100 245 421
60 367 421
302 336 364
0 283 459
44 266 303
182 251 497
304 343 497
21 203 393
21 393 414
0 139 194
0 122 376
121 358 376
194 358 465
121 122 376
246 266 442
121 171 358
260 266 303
121 307 343
182 343 442
304 332 363
121 171 307
40 298 464
298 424 464
195 224 242
209 274 276
55 195 224
116 274 424
362 427 446
209 224 274
232 362 427
209 238 362
232 238 461
201 232 427
232 238 362
201 410 427
2 7 410
20 251 427
276 362 446
209 276 362
116 274 276
70 182 260
260 303 454
70 182 251
70 260 454
20 70 454
68 188 306
302 364 452
306 317 452
188 302 452
20 130 371
7 30 130
27 55 461
137 280 403
2 201 229
2 201 410
30 130 371
111 137 229
137 229 280
154 167 430
146 189 401
188 306 452
128 133 188
68 188 288
111 146 288
92 286 388
167 401 430
217 392 409
189 356 401
217 279 409
92 189 356
92 147 356
92 189 388
128 286 370
128 188 370
302 336 370
286 336 370
81 336 364
48 204 330
48 81 383
92 147 273
48 81 273
287 379 485
45 423 485
37 284 330
48 330 383
37 204 330
9 311 451
9 37 204
204 273 409
117 204 409
117 392 409
147 356 395
356 395 401
395 401 441
109 287 485
109 423 485
42 108 392
42 109 423
211 287 379
109 167 401
61 109 179
84 109 287
80 84 478
80 125 179
125 179 275
106 275 390
84 211 478
45 240 423
45 379 472
6 52 399
90 178 426
96 120 466
96 216 466
360 440 449
106 268 475
211 268 472
174 268 475
9 204 311
311 391 451
339 360 440
394 419 455
56 339 440
282 318 455
270 360 413
123 169 285
123 285 318
123 165 169
151 165 169
3 46 94
36 168 415
36 415 422
113 164 299
407 415 422
132 193 291
89 405 483
113 387 422
193 291 346
193 346 387
38 161 396
35 161 377
32 49 247
216 301 466
35 75 214
35 88 256
75 233 447
377 378 488
35 214 377
193 378 488
113 164 483
19 237 374
89 319 483
19 113 483
26 272 319
89 272 319
26 237 319
186 333 445
186 377 378
41 115 222
11 115 233
17 290 340
115 233 340
1 17 340
1 176 445
29 31 215
41 112 344
222 290 344
41 222 344
11 400 447
75 176 233
11 233 447
144 202 324
11 166 400
8 112 324
41 166 202
8 144 492
8 144 324
144 163 492
82 163 492
105 141 292
6 18 256
52 399 408
18 90 426
206 261 380
206 408 491
261 408 491
82 206 380
206 261 491
231 384 487
102 199 487
261 380 384
58 386 498
102 384 487
102 199 275
102 275 390
8 112 386
58 159 292
58 292 498
366 460 473
460 473 486
118 448 484
251 446 497
97 444 456
298 424 497
226 412 484
412 484 499
349 411 428
361 407 413
282 407 413
124 398 431
15 398 431
147 395 409
279 395 409
217 392 441
52 390 408
104 385 439
186 377 445
20 371 454
16 365 481
365 450 481
303 364 383
81 364 383
171 363 469
304 363 469
34 358 363
183 355 477
296 347 404
29 344 386
401 430 474
112 344 386
181 337 466
301 337 466
337 360 449
65 140 462
112 202 324
41 112 202
111 229 317
111 154 308
110 281 289
62 110 281
110 198 265
36 95 98
26 31 333
33 65 315
59 203 338
116 424 497
72 196 219
45 240 323
24 173 432
13 25 262
102 261 384
21 59 203
9 367 451
105 141 231
88 163 256
161 396 426
129 305 463
86 213 482
6 120 397
38 49 396
86 190 254
86 87 462
85 162 456
120 178 397
77 252 460
53 180 329
214 377 445
82 231 380
259 357 490
80 211 478
88 144 163
92 273 336
16 372 436
24 77 252
209 238 461
8 159 492
49 178 426
82 159 292
82 141 231
39 175 321
72 213 254
76 83 157
218 235 262
44 66 338
79 190 254
195 242 453
261 390 408
64 73 135
63 328 443
123 318 496
88 166 400
224 263 278
60 367 451
42 240 423
47 164 192
154 308 474
72 213 482
5 72 482
148 295 316
57 172 468
14 57 468
28 105 292
35 161 426
52 96 120
51 54 322
39 300 321
18 256 426
6 18 397
18 90 397
22 257 425
100 245 496
68 306 317
210 269 448
72 79 254
42 108 441
111 191 317
20 410 427
75 214 445
31 39 272
303 364 452
250 342 439
245 416 421
16 297 372
12 63 443
100 455 496
64 244 310
88 144 202
26 237 333
101 331 457
66 416 421
135 244 477
76 124 431
27 232 461
31 39 382
65 258 462
13 74 136
104 320 433
45 323 472
152 411 428
28 61 498
235 471 495
0 393 459
85 225 456
64 73 463
10 72 473
49 247 337
183 347 434
1 176 233
2 7 30
240 311 323
387 407 422
13 262 433
62 110 198
80 125 211
96 174 216
156 175 432
42 240 392
1 17 31
53 218 327
66 338 416
86 87 190
11 41 115
56 282 413
247 337 360
95 151 168
206 399 408
82 141 292
27 201 232
53 180 283
132 161 377
371 452 454
0 246 393
26 31 272
23 40 443
52 96 475
1 233 340
22 143 425
72 79 219
323 391 440
4 138 208
56 339 413
187 433 495
5 345 349
44 246 338
28 61 487
0 194 376
4 50 479
105 231 487
5 428 482
6 52 120
30 317 452
183 210 434
62 150 198
4 50 67
4 208 329
9 37 284
57 85 225
9 284 367
301 337 449
13 25 136
236 327 489
68 191 317
52 106 475
29 31 344
101 126 331
44 66 383
61 179 199
36 173 299
63 313 493
28 292 498
164 173 192
98 149 230
29 412 499
31 290 344
44 246 266
5 119 345
64 135 244
86 213 254
0 122 246
111 137 154
57 172 331
54 234 322
33 65 271
108 392 441
146 308 474
76 124 320
69 79 190
94 95 99
35 88 447
133 286 388
36 95 168
88 166 202
36 113 422
291 361 407
32 38 49
259 294 357
196 244 310
92 286 336
83 103 157
46 180 329
196 310 420
47 192 432
115 222 290
10 72 196
158 381 477
49 181 337
8 58 159
20 130 410
3 94 95
49 396 426
115 290 340
148 316 437
146 189 388
120 181 466
121 122 442
123 165 459
123 414 459
123 414 496
1 333 445
106 125 268
12 63 313
125 211 268
234 274 424
35 75 447
117 311 392
154 430 474
102 261 390
247 270 291
42 109 441
128 133 286
347 355 404
242 263 453
135 183 477
137 154 241
137 167 403
122 246 442
137 167 241
132 377 488
0 139 283
66 330 383
99 149 208
2 30 317
120 178 181
231 380 384
139 283 489
93 142 404
179 199 275
142 296 404
142 255 434
142 296 434
6 256 399
143 198 265
22 143 265
111 146 308
182 266 442
234 274 278
63 372 493
138 149 208
149 293 479
66 330 421
138 149 479
150 172 198
150 172 468
1 31 333
90 178 397
27 201 280
171 358 363
295 316 351
3 95 151
194 376 465
164 173 299
7 130 410
182 260 266
165 180 283
60 419 451
154 167 241
168 282 285
75 176 445
201 229 280
207 323 472
168 282 415
174 207 216
173 192 432
163 256 399
52 106 390
59 185 414
11 41 166
186 237 333
186 237 374
46 165 180
187 200 495
30 371 452
200 320 335
187 200 320
46 94 329
57 331 417
297 341 453
163 206 399
297 325 341
174 207 472
55 209 461
210 226 412
121 343 442
210 226 269
346 387 407
298 304 497
212 223 334
134 212 334
157 444 456
217 279 395
217 395 441
156 432 470
218 262 369
218 327 369
36 113 299
224 242 263
225 417 457
56 282 419
146 401 474
158 355 477
54 234 464
276 446 497
67 235 471
237 319 483
19 237 483
134 239 334
342 385 439
239 312 334
32 247 291
247 270 360
170 250 342
35 256 426
185 414 496
153 327 489
98 230 406
311 323 391
51 322 354
116 276 497
277 382 412
267 277 412
282 419 455
133 146 388
234 424 464
291 346 407
291 361 413
44 303 383
270 291 413
36 98 173
129 294 357
40 298 304
269 448 484
28 105 487
303 452 454
64 305 463
309 314 368
43 309 314
240 311 392
61 199 487
314 348 373
29 382 412
23 40 54
264 314 373
314 316 351
187 320 433
207 323 440
228 326 477
326 381 477
57 225 417
