220 271 281
143 257 425
353 365 450
119 293 345
25 136 236
65 271 281
73 118 359
39 277 382
52 120 475
339 360 413
160 366 473
164 192 432
47 405 432
15 124 398
73 359 463
13 74 439
97 225 457
116 276 446
165 414 459
282 285 318
203 246 338
55 280 403
174 268 472
234 278 322
44 338 416
391 440 451
60 367 419
49 178 396
174 323 472
144 166 400
96 120 475
56 282 339
176 233 340
1 176 340
129 294 425
64 135 310
5 72 160
39 175 272
226 412 499
72 79 213
72 160 473
239 312 460
36 299 422
151 169 248
3 151 165
145 153 489
169 248 285
200 433 495
0 246 459
171 304 469
350 402 476
33 402 431
15 398 467
345 349 471
227 289 462
220 271 476
162 402 431
172 331 437
85 162 225
148 295 437
126 148 331
143 172 437
353 450 480
101 127 373
16 352 365
354 372 453
243 250 494
63 354 372
136 236 489
103 157 444
170 250 439
243 250 439
136 139 194
136 139 489
318 455 496
168 285 415
207 391 440
168 248 285
123 165 414
151 168 248
171 307 469
0 139 489
171 304 363
251 427 446
40 332 443
40 54 464
133 146 288
20 70 251
55 209 224
195 341 453
27 55 280
109 401 441
81 273 336
68 191 288
133 188 288
188 302 370
20 452 454
182 343 497
38 132 161
273 286 336
364 452 454
284 367 451
146 401 430
84 109 179
96 174 475
147 273 409
96 207 216
301 360 449
216 301 449
31 237 333
47 405 483
32 38 132
178 396 426
49 178 181
186 374 378
26 31 237
113 193 387
237 333 374
29 386 499
29 215 382
29 290 344
88 400 447
82 163 206
102 384 390
8 58 386
267 277 382
118 269 448
210 412 448
226 412 448
226 269 448
118 269 484
129 359 425
118 143 359
143 253 499
135 244 310
228 326 381
73 118 448
73 210 448
210 347 434
158 312 381
10 196 228
196 219 420
64 305 310
312 326 460
228 381 477
142 255 296
135 183 210
183 210 347
91 114 249
73 135 210
210 412 418
114 267 277
267 412 418
155 255 434
158 183 355
93 142 296
91 114 267
91 142 255
155 267 418
267 382 412
114 249 277
39 249 277
249 300 321
39 272 382
39 249 300
93 296 404
93 142 321
19 113 193
89 175 272
19 374 378
19 193 378
24 432 470
93 223 334
93 223 321
156 212 223
183 347 355
93 334 404
158 355 404
10 196 473
305 310 420
10 473 486
312 326 381
10 228 326
24 252 470
47 164 432
24 192 432
36 98 168
24 173 192
77 366 460
24 173 406
149 230 406
71 131 230
131 230 406
24 77 406
95 98 168
98 173 406
95 99 149
99 138 149
67 235 495
5 72 428
71 119 293
5 119 160
77 131 406
152 435 482
5 349 428
152 411 435
349 389 411
65 315 411
140 258 462
86 190 482
79 213 254
69 79 357
244 310 420
129 357 490
79 219 357
259 375 490
143 359 425
69 357 490
259 294 490
87 227 462
57 172 417
129 294 490
257 259 294
257 294 425
22 143 257
87 375 490
86 258 462
140 289 462
62 150 220
22 87 227
22 198 265
22 227 265
22 143 198
150 350 468
62 220 281
33 271 476
315 389 411
33 389 467
33 315 389
124 398 471
398 467 471
33 402 476
15 33 431
15 33 467
15 124 431
124 335 471
76 320 431
76 157 431
104 342 439
184 352 365
107 127 480
350 402 468
14 57 85
143 172 198
101 126 457
172 331 417
148 331 437
78 184 385
101 444 457
97 444 457
107 353 480
126 148 295
101 126 373
126 295 351
295 316 437
314 348 368
309 368 438
43 314 368
16 205 221
264 314 351
107 353 365
368 438 450
16 221 481
43 309 368
221 309 481
55 195 221
309 438 481
438 450 481
107 184 365
342 429 436
197 385 429
197 352 429
107 127 184
83 104 385
78 83 103
78 83 385
13 25 74
12 332 363
170 342 439
16 205 297
205 297 325
205 325 341
23 63 328
12 177 313
177 313 493
12 313 443
51 63 354
322 354 453
234 278 424
234 322 354
195 205 221
195 205 341
263 278 322
12 332 443
23 51 54
23 51 63
34 243 494
12 363 494
34 363 494
358 376 465
44 266 338
0 283 489
53 145 283
53 218 458
235 262 495
236 327 369
34 74 243
25 74 136
34 74 136
74 243 439
262 433 495
25 236 369
187 200 433
25 262 369
67 471 495
50 67 479
235 262 369
4 53 458
67 218 458
50 345 471
4 67 458
50 67 471
94 208 329
99 138 208
94 99 208
218 235 369
67 218 235
4 53 329
53 145 153
145 283 489
46 94 180
94 180 329
393 414 459
3 46 165
60 100 421
48 204 273
100 394 455
56 419 440
60 100 394
419 440 451
60 394 419
185 245 416
44 66 416
59 185 416
44 66 303
100 245 421
60 367 421
302 336 364
122 343 442
182 260 442
0 283 459
44 266 303
182 251 497
21 203 338
21 203 393
0 246 442
0 139 194
0 122 376
121 358 376
194 358 465
121 122 376
121 171 358
0 122 442
260 266 303
121 307 343
182 343 442
304 332 363
121 122 343
121 171 307
40 298 464
40 54 443
298 424 464
195 224 242
195 242 263
55 195 224
40 298 497
116 298 497
362 427 446
209 224 274
232 362 427
209 238 362
232 238 461
201 232 427
232 238 362
201 410 427
2 7 410
20 251 427
303 364 454
7 20 130
276 362 446
116 274 276
260 266 442
260 303 454
70 260 454
20 70 454
68 188 306
30 317 371
81 303 364
20 130 371
7 30 130
20 371 452
27 55 461
154 241 308
137 280 403
2 201 229
2 201 410
30 130 371
137 241 308
111 137 229
137 229 280
137 241 403
154 167 430
146 189 401
111 137 308
111 191 229
188 306 452
128 133 188
68 188 288
133 189 388
146 430 474
92 286 388
133 146 189
92 273 286
167 401 430
92 189 388
128 188 370
302 336 370
81 336 364
66 303 383
81 303 383
48 204 330
48 81 383
92 147 273
48 81 273
287 379 485
37 284 330
48 330 383
37 204 330
9 37 204
204 273 409
117 204 409
279 395 441
147 279 395
217 279 441
117 240 392
109 423 485
42 108 392
240 392 423
42 392 423
42 109 423
109 167 401
61 109 179
80 125 478
80 125 179
106 275 390
125 211 478
84 211 478
45 240 423
52 120 397
6 52 399
52 261 408
90 178 426
6 52 397
96 120 466
120 178 466
90 120 178
178 181 466
360 440 449
181 301 466
96 174 207
106 268 475
211 268 472
174 268 475
9 204 311
339 360 440
394 419 455
367 419 451
56 339 440
56 419 455
270 360 413
247 270 337
282 339 413
123 169 285
123 285 318
123 165 169
151 165 169
3 46 94
36 168 415
36 415 422
113 164 299
89 405 483
113 299 422
113 387 422
193 291 346
193 346 387
161 377 488
38 161 396
132 161 488
35 161 377
32 49 247
181 301 337
115 222 340
75 176 214
176 214 445
377 378 488
193 378 488
186 333 374
19 237 374
89 319 483
19 113 483
26 272 319
89 272 319
26 237 319
186 377 378
11 115 233
115 233 340
1 17 340
1 176 445
29 31 215
29 112 386
41 112 344
11 115 166
11 166 400
8 112 324
29 112 344
88 144 400
41 166 202
8 144 324
144 163 492
261 384 390
105 141 292
163 399 408
52 399 408
90 120 397
52 261 390
261 408 491
82 206 380
206 261 491
231 384 487
102 199 487
61 179 275
58 386 498
61 199 275
102 384 487
102 199 275
102 275 390
105 292 498
8 112 386
58 159 292
58 159 492
28 105 498
58 292 498
304 469 497
366 460 473
460 473 486
251 446 497
97 444 456
244 420 477
349 411 428
361 407 413
282 407 413
217 392 441
349 389 471
389 467 471
387 415 422
379 423 485
348 373 480
16 365 481
365 450 481
34 358 363
356 395 441
356 401 441
352 429 436
296 347 404
293 345 479
50 345 479
266 338 442
246 338 442
124 335 431
112 202 324
41 112 202
264 351 373
62 110 281
51 234 354
110 198 265
209 274 362
72 219 473
33 65 315
106 179 275
91 249 321
104 342 429
104 385 429
103 184 444
285 407 415
97 162 456
45 240 323
96 301 466
110 140 289
207 216 440
13 25 262
75 214 377
92 356 401
92 356 395
84 211 379
91 142 321
105 141 231
176 233 447
88 163 256
100 185 455
161 396 426
87 257 375
38 49 396
86 87 462
65 258 435
136 194 358
16 352 436
84 109 485
76 83 320
53 180 329
215 272 382
82 231 380
100 185 245
88 144 163
16 372 436
24 77 252
209 238 461
117 217 409
77 160 366
82 159 292
204 240 311
227 265 289
82 141 231
35 75 377
39 175 321
156 175 321
185 455 496
84 287 485
71 119 160
41 222 290
76 83 157
69 87 190
4 67 138
79 190 254
95 98 406
64 73 135
63 328 443
123 318 496
200 471 495
224 263 278
154 308 474
8 58 144
57 172 468
91 155 255
72 152 213
14 57 468
57 225 457
146 191 288
95 149 406
92 189 401
23 54 328
35 161 426
39 300 321
6 18 397
255 347 434
18 90 397
18 88 256
68 306 317
42 108 441
77 239 460
20 410 427
31 215 272
17 222 290
274 298 424
54 328 443
13 104 433
106 125 179
245 416 421
16 297 372
17 29 290
56 282 318
66 416 421
45 211 379
59 393 414
219 305 357
135 244 477
6 18 399
27 232 461
104 320 433
45 323 472
152 411 428
28 61 498
65 258 281
71 131 160
126 351 373
10 460 486
182 251 260
64 73 463
49 247 337
69 87 490
89 175 432
2 7 30
240 311 323
147 217 409
9 311 391
13 262 433
62 110 198
47 113 164
156 175 432
306 317 371
2 191 317
41 290 344
1 17 31
86 87 190
95 151 168
82 141 292
58 144 492
27 201 232
53 180 283
84 179 478
18 256 399
26 31 272
305 359 463
226 253 269
18 35 88
118 143 484
72 79 219
155 210 434
4 138 208
63 313 443
78 103 184
5 345 349
0 194 376
105 231 487
28 199 487
67 138 479
62 150 198
9 284 451
4 208 329
9 37 284
57 85 225
56 318 455
206 380 384
186 333 377
110 140 281
77 239 252
129 305 357
92 147 395
110 265 289
9 391 451
228 420 477
236 327 489
68 191 317
89 405 432
52 106 475
45 211 472
116 446 497
36 173 299
63 313 493
190 254 482
224 274 424
10 326 460
22 87 257
164 173 192
29 412 499
5 119 345
153 218 327
170 177 494
270 301 360
32 193 291
32 193 488
17 29 31
157 162 431
17 222 340
57 417 457
2 191 229
33 65 271
18 35 90
108 392 441
146 308 474
270 301 337
69 79 190
35 90 426
94 95 99
35 88 447
253 269 484
127 184 444
133 286 388
196 228 420
291 361 407
32 38 49
166 202 324
83 103 157
348 368 480
158 381 477
49 181 337
65 411 435
3 94 95
156 212 252
51 54 234
274 276 362
307 343 497
117 217 392
101 127 444
226 253 499
219 305 420
21 59 393
21 59 416
123 414 496
32 132 488
1 333 445
106 125 268
47 113 483
125 211 268
126 417 457
12 177 494
167 241 403
35 75 447
43 314 437
320 335 431
154 430 474
387 407 415
128 286 336
128 336 370
247 270 291
42 109 441
128 133 286
13 104 439
347 355 404
77 131 160
196 219 473
135 183 477
174 207 323
34 136 358
66 330 383
83 104 320
2 30 317
231 380 384
170 177 342
144 166 324
143 253 484
111 146 191
111 146 308
147 217 279
63 372 493
282 285 407
127 373 480
149 293 479
284 367 421
66 330 421
138 149 479
150 172 198
150 172 468
150 350 476
150 220 476
1 31 333
152 213 482
53 153 218
155 210 418
314 316 437
156 252 470
156 223 321
188 302 364
157 162 456
158 183 477
214 333 377
27 201 280
171 358 363
295 316 351
140 258 281
82 159 163
72 152 428
3 95 151
162 402 468
194 376 465
14 162 468
177 372 493
164 173 299
41 166 222
115 166 222
188 364 452
154 167 241
201 229 280
312 334 404
170 250 494
75 176 447
177 342 436
177 372 436
163 256 399
80 179 478
180 283 459
165 180 459
52 106 390
184 197 352
59 185 414
46 165 180
368 450 480
307 469 497
195 263 322
195 322 453
28 61 199
304 332 497
200 320 335
255 296 347
187 200 320
200 335 471
203 393 459
117 204 240
206 261 384
214 333 445
207 323 391
55 209 461
163 408 491
346 387 407
134 212 239
212 239 252
45 379 423
212 223 334
134 212 334
157 444 456
216 440 449
156 432 470
218 327 369
7 20 410
203 246 459
224 242 263
224 278 424
71 230 293
149 230 293
14 85 162
233 400 447
11 233 400
54 234 464
237 319 483
19 237 483
134 239 334
239 312 334
325 341 372
32 247 291
70 251 260
126 331 417
213 254 482
257 259 375
185 414 496
341 372 453
258 435 482
153 327 489
86 258 482
311 323 391
91 155 267
84 287 379
21 338 416
116 274 298
284 330 421
234 424 464
159 163 492
291 346 407
291 361 413
270 291 413
36 98 173
28 105 487
64 305 463
306 371 452
96 216 301
158 312 404
129 305 359
314 348 373
29 382 412
264 314 373
314 316 351
187 320 433
97 162 225
184 197 385
297 325 372
40 332 497
163 206 491
