220 271 281
132 193 488
65 140 281
119 293 345
25 136 236
6 90 397
65 271 281
73 118 359
73 135 463
26 272 382
39 277 382
52 120 475
212 252 470
160 366 473
164 192 432
46 165 283
47 405 432
15 124 398
73 359 463
13 74 439
16 352 429
116 276 446
165 414 459
282 285 318
203 246 338
55 280 403
106 211 268
84 211 287
49 178 396
144 166 400
96 120 475
56 282 339
176 233 340
17 31 290
1 176 340
118 143 253
253 484 499
119 345 349
129 294 425
64 135 310
5 72 160
77 131 366
39 175 272
134 239 312
72 160 473
239 312 460
71 149 293
187 200 335
36 299 422
3 151 165
145 153 489
169 248 285
200 433 495
127 348 373
50 293 345
15 398 467
349 389 467
345 349 471
220 271 476
65 271 315
14 57 172
172 331 437
124 320 335
85 162 225
76 103 157
97 225 456
331 417 457
76 83 103
143 172 437
353 450 480
101 127 373
127 348 480
16 450 481
177 436 493
16 352 365
354 372 453
243 250 494
63 354 372
201 232 461
16 429 436
170 250 439
243 250 439
136 139 194
66 383 421
318 455 496
168 285 415
207 391 440
168 248 285
123 165 414
151 168 248
46 180 283
3 95 99
171 307 469
40 304 332
40 332 443
116 251 497
40 54 464
133 146 288
20 70 251
55 209 224
195 341 453
27 55 280
109 401 441
81 273 336
68 191 288
133 188 288
188 302 370
182 343 497
364 452 454
284 367 451
84 109 179
96 174 475
147 273 409
80 84 179
174 323 391
45 379 485
174 207 391
32 132 291
216 301 449
31 237 333
32 247 270
47 405 483
32 38 132
178 396 426
186 374 378
31 333 445
26 31 237
113 193 387
17 31 445
237 333 374
29 386 499
29 215 382
82 141 380
29 290 344
88 400 447
82 163 206
52 390 475
8 58 386
28 487 498
144 163 256
267 277 382
382 412 499
118 269 448
226 269 484
226 269 448
118 253 484
118 269 484
129 359 425
118 143 359
143 253 499
135 244 310
64 135 463
228 326 381
73 118 448
210 347 434
158 312 381
10 196 228
196 219 420
64 305 310
228 381 477
183 244 477
142 255 296
183 210 347
91 114 249
210 412 418
210 418 434
114 267 277
155 418 434
155 255 434
134 212 223
91 114 267
91 142 255
267 382 412
114 249 277
91 142 249
249 300 321
39 272 382
134 223 334
156 212 470
89 175 272
19 374 378
156 175 470
24 432 470
10 326 486
93 223 334
93 223 321
183 347 355
134 312 334
93 334 404
158 355 404
10 196 473
305 310 420
10 473 486
24 77 460
326 460 486
10 228 326
24 252 470
173 192 299
175 432 470
47 164 432
47 164 483
164 192 299
36 98 168
98 173 299
77 366 460
149 230 406
71 131 230
131 230 406
95 98 168
98 173 406
3 151 168
95 99 149
99 138 149
71 149 230
67 235 495
5 72 428
71 119 293
5 119 160
131 160 366
77 131 406
349 389 411
69 79 254
69 79 357
244 310 420
129 357 490
79 219 357
259 375 490
69 190 254
143 359 425
69 357 490
69 190 490
259 294 490
129 294 490
257 259 294
257 294 425
14 172 468
86 258 462
62 150 220
22 227 265
150 198 468
62 110 289
150 350 468
62 220 281
62 110 150
33 271 476
150 220 350
315 389 411
335 471 495
349 467 471
398 467 471
33 402 476
220 350 476
15 33 431
124 320 431
15 124 431
187 320 335
13 25 433
76 320 431
76 157 431
104 342 439
184 352 365
107 127 480
97 157 456
162 225 456
14 57 85
143 172 198
172 198 468
101 126 457
78 184 385
101 444 457
97 444 457
101 184 444
107 353 480
126 264 351
126 148 295
126 295 351
43 314 316
295 316 437
314 348 368
43 316 437
309 368 438
264 314 351
101 127 184
107 353 365
368 438 450
16 221 481
221 309 481
55 195 221
309 438 481
438 450 481
107 184 365
76 83 104
342 429 436
197 385 429
197 352 429
107 127 184
78 103 444
184 352 385
78 184 444
83 104 385
78 83 103
197 352 385
78 83 385
76 104 320
13 25 74
23 54 443
12 332 363
170 342 436
170 177 436
170 342 439
205 297 325
205 325 341
372 436 493
12 313 443
54 234 354
322 354 453
51 54 354
234 322 354
195 205 221
195 205 341
12 332 443
23 328 443
23 51 54
12 363 494
34 363 494
358 376 465
44 266 338
53 145 283
53 218 458
235 262 495
236 327 369
25 74 136
34 74 136
74 243 439
262 433 495
25 236 369
187 200 433
200 335 495
25 262 369
67 471 495
50 67 479
25 262 433
53 153 327
4 53 458
67 218 458
50 345 471
4 67 458
50 293 479
50 67 471
94 208 329
99 138 208
67 218 235
4 53 329
180 283 329
53 145 153
145 283 489
53 283 329
393 414 459
3 46 165
165 283 459
123 318 414
330 367 421
100 394 455
56 419 440
284 330 367
59 185 496
59 185 416
100 245 421
66 245 421
60 367 421
302 336 364
122 343 442
44 266 303
182 251 497
21 203 393
246 266 338
0 246 442
0 139 194
0 122 376
121 122 376
0 376 465
246 266 442
0 122 442
260 266 303
121 307 343
182 343 442
304 332 363
121 122 343
121 171 307
40 298 464
40 54 443
298 424 464
195 224 242
195 242 263
209 274 276
55 195 224
116 274 424
362 427 446
209 224 274
232 362 427
55 238 461
209 238 362
55 209 238
232 238 461
201 232 427
232 238 362
201 410 427
303 364 454
276 362 446
116 251 446
209 276 362
116 274 276
260 303 454
70 260 454
20 70 454
68 188 306
30 317 371
20 130 371
7 30 130
2 7 317
7 410 427
27 201 461
27 55 461
154 241 308
137 280 403
2 201 229
30 130 371
7 30 317
137 241 308
111 137 229
137 229 280
154 167 430
146 189 401
111 137 308
111 191 229
128 133 188
68 188 288
92 286 388
167 401 430
217 279 409
92 147 356
92 189 388
128 286 370
128 188 370
302 336 370
286 336 370
81 336 364
330 383 421
48 204 330
48 81 383
92 147 273
48 81 273
287 379 485
45 423 485
37 284 330
48 330 383
37 284 451
37 204 330
9 37 204
240 323 391
117 204 409
240 311 391
147 356 395
279 395 441
147 279 395
147 279 409
356 395 401
217 279 441
395 401 441
109 287 485
109 423 485
42 108 392
42 392 423
42 109 423
211 287 379
109 167 401
61 109 179
84 109 287
80 84 478
80 125 179
199 487 498
106 275 390
106 125 211
84 211 478
52 120 397
106 390 475
6 52 399
52 261 408
90 178 426
6 52 397
96 120 466
35 161 396
360 440 449
106 268 475
211 268 472
174 268 475
9 204 311
339 360 440
9 37 451
394 419 455
367 419 451
56 339 440
282 318 455
32 270 291
282 361 413
282 339 413
123 165 169
3 46 94
3 95 168
36 168 415
36 98 299
36 415 422
113 164 299
282 361 407
346 361 407
132 193 291
291 346 361
89 405 483
193 291 346
193 346 387
161 377 488
132 161 488
35 161 377
32 49 247
35 396 426
115 222 340
1 17 445
377 378 488
193 378 488
186 333 374
113 164 483
19 237 374
89 319 483
19 113 483
26 272 319
89 272 319
26 237 319
186 377 378
41 115 222
11 115 233
115 233 340
1 17 340
1 176 445
29 31 290
29 31 215
29 112 386
29 382 499
41 112 344
11 400 447
11 233 447
11 115 166
144 166 202
144 202 324
11 166 400
8 112 324
29 112 344
88 144 400
8 144 492
8 144 324
144 163 492
105 141 292
88 144 256
6 18 90
163 399 408
52 399 408
206 261 380
52 261 390
261 408 491
82 206 380
206 261 491
102 199 487
261 380 384
61 179 275
58 386 498
61 199 275
102 199 275
102 275 390
105 292 498
8 112 386
58 159 292
28 105 498
58 292 498
61 199 498
304 469 497
366 460 473
460 473 486
298 424 497
244 420 477
226 412 484
412 484 499
152 411 482
349 411 428
60 394 421
100 394 421
217 392 441
391 419 451
391 419 440
387 415 422
312 381 460
20 371 454
303 364 383
81 364 383
171 363 469
304 363 469
34 358 363
183 355 477
296 347 404
346 407 415
401 430 474
181 337 466
301 337 466
337 360 449
65 140 462
112 202 324
41 112 202
110 198 265
72 219 473
106 179 275
116 424 497
104 342 429
104 385 429
285 407 415
96 301 466
24 173 432
207 216 440
75 214 377
92 356 401
102 261 384
105 141 231
176 233 447
38 49 396
86 190 254
86 87 462
14 85 468
136 194 358
123 169 318
120 178 397
214 377 445
80 211 478
100 185 245
92 273 336
16 372 436
77 173 406
8 159 492
117 217 409
82 159 292
204 240 311
234 263 278
227 265 289
35 75 377
39 175 321
74 243 494
156 175 321
72 213 254
71 119 160
41 222 290
218 235 262
48 204 409
4 67 138
44 66 338
295 331 437
66 185 416
155 267 412
268 323 472
95 98 406
63 328 443
3 99 208
62 140 281
101 126 264
224 263 278
154 308 474
59 318 414
72 213 482
66 185 245
91 155 255
19 113 378
146 191 288
95 149 406
92 189 401
57 97 457
39 300 321
255 347 434
18 88 256
22 257 425
68 306 317
72 79 254
42 108 441
15 33 389
113 193 378
102 231 487
75 214 445
17 222 290
190 375 490
13 104 433
12 313 493
106 125 179
16 297 372
100 455 496
210 226 448
72 152 482
45 211 379
59 393 414
271 315 389
6 18 399
65 258 462
3 94 208
104 320 433
45 323 472
102 231 384
152 411 428
12 177 493
71 131 160
135 210 244
182 251 260
49 247 337
20 427 446
0 194 358
306 364 452
0 358 465
89 175 432
9 311 391
23 51 328
270 339 413
80 125 211
21 203 416
96 174 216
306 317 371
2 191 317
41 290 344
53 218 327
66 338 416
86 87 190
247 337 360
82 141 292
2 7 201
18 256 399
371 452 454
24 239 460
305 359 463
110 150 198
18 35 88
26 31 215
22 143 425
72 79 219
4 138 208
63 313 443
48 273 409
105 231 487
93 249 321
67 138 479
129 219 305
24 239 252
212 223 321
4 208 329
57 85 225
22 227 462
186 333 377
33 162 402
20 251 446
57 97 225
301 337 449
60 367 394
110 265 289
9 391 451
228 420 477
236 327 489
68 191 317
89 405 432
22 87 462
45 211 472
97 103 157
44 66 383
86 254 482
26 215 382
63 313 493
224 274 424
22 87 257
87 257 259
170 177 494
157 162 431
57 172 331
17 222 340
57 417 457
333 377 445
2 191 229
18 35 90
108 392 441
146 308 474
33 162 431
124 335 398
35 90 426
35 88 447
133 286 388
196 228 420
140 227 462
32 38 49
62 140 289
49 120 178
92 286 336
46 180 329
24 77 173
348 368 480
158 381 477
49 120 181
49 181 337
8 58 159
97 103 444
115 166 202
411 435 482
41 115 202
307 343 497
117 217 392
117 392 423
117 240 423
219 305 420
5 119 428
299 387 422
146 189 388
119 349 428
21 59 393
120 181 466
59 318 496
21 59 416
15 389 467
12 177 494
35 75 447
402 468 476
350 468 476
154 430 474
129 219 357
38 132 396
102 261 390
42 109 441
7 130 427
132 161 396
128 133 286
13 104 439
347 355 404
196 219 473
135 210 448
34 136 358
85 162 468
137 167 403
137 167 241
139 236 489
0 139 283
231 380 384
139 283 489
140 227 289
93 142 404
142 296 404
16 353 365
143 198 265
22 143 265
111 146 191
111 146 308
93 142 249
182 266 442
63 372 493
169 285 318
282 285 407
126 148 457
148 331 457
149 293 479
138 149 479
174 268 323
155 412 418
90 178 397
188 302 364
157 162 456
27 201 280
171 358 363
295 316 351
82 159 163
72 152 428
162 402 468
87 259 375
315 411 435
335 398 471
182 260 266
165 169 248
151 165 248
154 167 241
258 315 435
75 176 445
201 229 280
312 334 404
101 264 373
170 250 494
121 171 376
171 358 376
174 207 216
75 176 447
173 192 432
278 424 464
367 394 419
163 256 399
87 190 375
368 450 480
307 469 497
195 263 322
195 322 453
255 296 347
203 338 416
46 94 329
203 393 459
51 328 354
117 204 240
57 331 417
326 381 460
210 226 412
183 210 244
163 408 491
298 304 497
134 212 239
212 239 252
156 212 321
34 74 494
20 130 427
216 440 449
218 262 369
218 327 369
205 221 297
16 221 297
203 246 459
224 242 263
224 278 424
100 185 496
7 201 410
39 277 300
141 231 380
56 282 419
146 401 474
234 263 322
158 355 477
54 234 464
237 319 483
19 237 483
246 283 459
325 341 372
0 246 283
247 270 360
70 251 260
213 254 482
65 258 315
341 372 453
258 435 482
153 327 489
86 258 482
91 155 267
63 328 354
270 339 360
33 271 389
249 277 300
234 278 464
346 387 415
282 419 455
133 146 388
159 163 492
291 361 413
44 303 383
270 291 413
148 295 331
16 353 450
40 298 304
113 299 387
28 105 487
64 305 463
188 306 364
306 371 452
309 314 368
73 135 448
43 309 314
96 216 301
158 312 404
129 305 359
314 348 373
264 314 373
314 316 351
187 320 433
240 323 423
45 323 423
136 139 236
297 325 372
163 206 491
