23 66 74
37 42 88
2 18 35
11 47 90
3 23 83
59 66 74
31 39 81
2 16 35
73 91 97
26 27 94
25 65 72
7 24 62
11 27 76
37 47 94
65 71 84
40 77 79
43 53 86
46 84 97
7 25 48
17 70 80
39 63 81
3 31 39
3 78 83
3 31 78
9 78 83
70 92 98
7 8 44
15 29 62
15 63 81
24 63 95
65 72 91
7 24 95
13 19 36
2 16 59
19 59 74
16 33 59
1 13 36
16 33 36
58 60 96
10 18 58
58 60 76
26 27 76
1 58 96
93 96 97
1 13 93
60 96 97
32 47 90
27 47 94
26 37 94
42 55 82
32 37 82
32 37 47
11 27 47
32 84 90
21 32 84
11 46 90
46 84 90
1 93 96
13 19 73
11 46 97
55 64 79
7 45 48
55 64 69
25 65 71
25 38 71
37 42 82
12 42 88
64 77 79
21 55 69
12 20 88
20 30 40
37 51 88
20 30 88
30 51 88
30 53 75
43 53 57
40 57 77
0 28 68
0 57 77
0 28 57
28 34 68
28 34 50
28 50 61
34 50 87
50 52 80
50 52 86
34 68 98
7 45 62
70 87 98
70 80 87
50 80 87
34 87 98
52 75 80
5 17 89
4 5 41
17 22 89
4 5 6
22 85 99
5 6 89
56 80 85
56 75 80
54 56 75
6 89 99
73 93 97
13 73 93
19 73 74
72 73 91
14 72 73
17 67 70
67 70 92
24 62 63
45 62 98
52 53 75
23 49 63
49 63 95
65 84 91
45 48 68
52 53 86
43 50 86
38 64 69
25 38 48
38 48 68
33 36 59
19 36 59
1 35 36
56 85 99
16 35 36
38 69 71
30 40 57
12 40 79
15 62 63
28 57 61
12 55 79
6 56 99
9 59 66
6 54 56
9 23 83
29 62 92
12 20 40
7 8 25
8 25 72
0 38 77
8 14 72
29 67 92
30 53 57
2 9 59
84 91 97
7 49 95
17 22 85
14 73 74
1 18 58
45 68 98
11 60 76
38 64 77
8 14 44
17 41 67
9 23 66
1 18 35
29 41 67
7 44 49
22 89 99
12 42 55
11 60 97
62 92 98
14 23 49
0 38 68
14 44 49
43 50 61
5 17 41
21 69 71
17 80 85
21 32 55
32 55 82
14 23 74
21 71 84
23 39 63
3 23 39
26 58 76
10 26 58
4 29 41
4 29 81
43 57 61
15 29 81
