10 26 76
37 42 88
2 18 35
11 47 90
5 17 67
59 66 74
31 39 81
3 23 63
9 66 83
2 16 35
1 35 58
73 91 97
3 39 63
11 27 76
65 71 84
43 53 86
23 49 95
17 70 80
17 22 80
39 63 81
3 31 39
3 31 78
9 78 83
23 63 95
23 66 83
70 92 98
7 8 44
15 63 81
65 72 91
14 49 72
7 24 95
14 49 74
45 62 92
52 75 86
8 44 72
7 8 72
44 49 72
2 59 66
2 9 66
19 33 59
13 19 36
19 59 74
16 33 36
1 16 35
58 60 96
18 35 58
10 18 58
1 13 93
32 47 90
13 93 97
27 47 94
26 37 94
42 55 82
32 37 82
11 27 47
21 69 84
11 46 90
46 84 90
19 33 36
11 46 97
55 64 69
25 48 68
25 65 71
37 42 82
12 42 88
64 77 79
21 55 69
20 30 40
37 51 88
30 53 75
20 40 79
43 53 57
0 28 68
0 57 77
0 64 77
0 28 57
28 34 68
28 43 57
28 43 61
34 50 87
53 75 86
50 52 86
45 92 98
34 68 98
70 80 87
5 41 67
5 17 89
4 5 41
17 22 89
4 5 6
22 85 99
5 6 89
56 80 85
6 22 89
22 80 85
54 56 85
54 56 75
6 22 99
20 79 88
12 79 88
19 73 74
72 73 91
14 72 73
38 68 71
17 67 70
67 70 92
60 93 96
52 56 80
52 56 75
52 80 87
46 91 97
27 76 94
46 65 91
46 65 84
45 48 68
23 49 66
49 66 74
43 50 86
34 70 87
34 50 61
28 34 61
32 37 94
38 69 71
32 47 94
30 40 57
13 16 36
12 64 79
50 52 87
2 16 33
10 58 60
29 62 92
21 84 90
29 67 92
30 53 57
25 68 71
34 70 98
7 49 95
14 73 74
7 25 65
58 93 96
45 68 98
0 38 69
11 60 76
24 29 62
0 64 69
2 33 59
29 41 67
7 44 49
57 77 79
23 78 83
21 32 90
7 25 45
10 60 76
6 85 99
12 42 55
1 13 16
11 60 97
0 38 68
20 30 51
7 65 72
3 23 78
43 50 61
15 63 95
15 24 95
21 32 55
20 51 88
6 54 85
13 19 97
19 73 97
32 55 82
24 45 62
60 93 97
1 58 93
25 45 48
15 24 29
7 24 45
26 76 94
40 57 79
12 55 64
4 29 41
4 29 81
69 71 84
15 29 81
