10 26 76
23 66 74
10 58 76
2 18 35
40 53 57
3 23 83
59 66 74
31 39 81
9 66 83
1 16 36
2 16 35
1 35 58
26 27 94
7 24 62
11 27 76
65 71 84
40 77 79
43 53 86
23 49 95
17 70 80
17 22 80
39 63 81
3 78 83
9 78 83
23 63 95
23 66 83
17 67 92
70 92 98
7 8 44
65 72 91
7 24 95
7 44 95
7 8 72
14 72 91
44 49 95
14 73 91
13 19 36
2 16 59
19 59 74
16 33 59
1 13 36
16 33 36
1 16 35
58 60 96
18 35 58
10 18 58
58 60 76
26 27 76
93 96 97
1 13 93
60 96 97
32 47 90
13 93 97
27 47 94
26 37 94
42 55 82
32 37 82
32 84 90
21 32 84
11 46 90
46 84 90
13 19 73
65 91 97
48 68 98
55 64 69
25 48 68
25 65 71
25 38 68
38 71 84
25 38 71
0 64 68
12 42 88
64 68 69
64 77 79
21 55 69
38 68 69
12 20 88
20 30 40
37 51 88
20 30 88
30 51 88
30 53 75
43 53 57
40 57 77
0 28 68
0 57 77
0 64 77
0 28 57
28 34 68
50 61 86
30 40 53
34 50 87
50 52 80
43 61 86
50 52 86
34 68 98
7 45 62
45 48 98
17 70 92
70 80 87
50 80 87
5 17 89
4 5 41
17 22 89
4 5 6
22 85 99
5 6 89
56 80 85
6 22 89
22 80 85
6 22 99
42 82 88
37 82 88
19 73 74
52 56 80
52 54 75
45 62 98
52 53 75
52 54 56
46 65 84
11 46 60
52 53 86
33 36 59
19 36 59
34 70 87
34 50 61
56 85 99
28 34 61
32 37 94
32 47 94
46 65 97
3 39 78
12 64 79
12 40 79
11 27 90
28 57 61
6 56 99
9 59 66
6 54 56
46 60 97
29 62 92
12 20 40
8 14 72
29 67 92
2 9 59
34 70 98
14 73 74
7 25 65
58 93 96
11 60 76
8 14 44
17 41 67
24 29 62
29 41 67
4 15 63
7 25 45
31 39 78
4 15 41
12 42 55
27 47 90
21 38 69
15 29 41
62 92 98
14 23 49
14 44 49
4 63 81
7 65 72
15 63 95
15 24 95
5 17 41
21 32 55
32 55 82
14 23 74
21 38 84
23 39 63
3 23 39
1 58 93
25 45 48
15 24 29
12 55 64
13 91 97
13 73 91
43 57 61
