10 26 76
23 66 74
37 42 88
2 18 35
3 23 83
59 66 74
4 15 29
31 39 81
3 23 63
9 66 83
2 16 35
1 35 58
73 91 97
26 27 94
3 39 63
7 24 62
11 27 76
21 32 82
37 47 94
65 71 84
40 77 79
43 53 86
46 84 97
7 25 48
23 49 74
17 70 80
39 63 81
3 78 83
9 78 83
23 66 83
4 41 67
70 92 98
7 8 44
65 72 91
14 49 74
52 75 86
8 44 72
7 8 72
44 49 95
2 59 66
2 9 66
19 33 59
13 19 36
2 16 59
16 33 59
1 13 36
16 33 36
58 60 96
18 35 58
10 18 58
26 27 76
1 58 96
1 13 93
32 47 90
27 47 94
26 37 94
42 55 82
11 46 90
46 84 90
1 93 96
13 19 73
19 33 36
11 46 97
7 45 48
55 64 69
25 48 68
25 65 71
38 71 84
21 55 82
37 42 82
12 42 88
64 77 79
21 55 69
20 30 40
37 51 88
20 30 88
30 51 88
30 53 75
20 40 79
43 53 57
40 57 77
0 28 68
0 57 77
0 64 77
28 34 68
28 43 61
34 50 87
53 75 86
50 52 86
7 45 62
45 48 98
17 70 92
70 80 87
4 29 67
5 41 67
5 17 89
4 5 41
17 22 89
4 5 6
22 85 99
5 6 89
56 80 85
54 85 99
54 56 85
6 54 99
6 89 99
20 79 88
12 79 88
73 93 97
13 73 93
72 73 91
14 72 73
38 68 71
60 93 96
59 73 74
19 59 73
52 56 80
52 54 75
45 62 98
52 80 87
23 49 63
49 63 95
37 47 82
52 54 56
65 84 91
43 50 86
38 64 69
1 35 36
34 70 87
34 50 61
28 34 61
16 35 36
34 48 68
34 48 98
3 39 78
30 40 57
12 64 79
11 27 90
50 52 87
10 58 60
29 62 92
21 84 90
29 67 92
30 53 57
25 68 71
34 70 98
84 91 97
17 22 85
14 73 74
7 25 65
5 67 92
11 60 76
0 28 43
24 29 62
7 24 44
0 43 57
32 47 82
24 44 95
4 15 63
21 32 90
0 38 64
31 39 78
10 60 76
22 89 99
12 42 55
27 47 90
21 38 69
11 60 97
62 92 98
14 44 72
0 38 68
14 44 49
4 63 81
7 65 72
43 50 61
15 63 95
17 80 85
24 29 95
21 38 84
60 93 97
5 17 92
12 55 64
15 29 95
