-1400.07 435.62
523.514 -982.824
-1379.52 -514.943
1522.03 19.493
1081.24 -476.593
-1022.65 118.47
-889.021 570.517
1387.87 -210.783
482.724 -1825.69
931.764 1825.69
1997.05 -195.48
992.563 1764.73
-1897.39 -1707.42
1893.63 -104.723
510.552 1370.08
-354.985 1110.48
-194.298 -1831.47
-1872.34 426.182
-346.414 1649.69
-1554.33 -1265.17
-826.903 -576.974
853.298 284.077
1993.54 241.17
-1926.71 476.267
415.478 1005.06
301.956 412.529
-1190.42 -705.481
177.259 -1087.81
-412.902 70.8911
807.465 -1902.35
-559.026 -1547.52
1208.13 1246.68
-1378.99 1335.79
-327.142 274.597
985.477 118.532
1009.42 -1841.43
1541.56 -137.277
442.651 1535.1
-1896.11 515.945
11.3669 519.371
-478.997 -1686.68
-1068.1 330.581
-392.159 1109.16
1242.77 1194.94
-819.95 50.235
1292.59 621.023
502.716 500.719
-132.301 1123.73
-163.493 1540.56
-601.677 -1178.02
