-148.797 1163.72
-1102.4 71.0436
-530.404 533.873
-1635.07 -1232.56
1342.35 -976.247
982.906 -997.164
-545.43 373.611
1434.93 -1975.61
874.133 -1379.35
1575.96 1626.62
-1874.23 637.564
-1257.45 1295.99
1361.42 1584.04
-1815.12 -1200.08
601.906 1647.02
-395.119 -1546.89
810.743 502.483
524.152 -1719.66
-963.643 889.081
-952.219 -1621.29
1912.83 -1969.31
-618.453 -632.596
404.298 -1183.52
-608.208 -721.57
-562.87 -1032.25
-1094.95 -437.103
1605.31 -352.397
-1141.11 966.735
-768.354 -956.234
1766.66 1833.55
-1309.21 -628.46
-1713.34 1501.53
1874.02 810.812
1781.87 -1089.62
-300.107 -1170.35
-710.909 -387.272
-1139.66 670.639
980.132 1264.64
1487.12 -1628.08
-1456.93 -1075.75
-660.327 -551.881
487.143 -1055.01
1095.72 1346.03
1911.72 -1672.63
-1610.2 1678.38
-1839.08 -919.414
-950.078 -1552.42
-1417.88 -1076.05
1258.39 -1636.01
-165.675 -1041.71
-806.359 1123.42
571.014 53.9788
-205.945 -448.855
-681.385 -718.829
-76.9313 -138.319
205.416 1262.74
1309.8 -1307.44
-1792.27 405.522
-1961.41 -1880.55
732.89 -1571.61
1797.83 893.81
-491.029 -1152.25
1341.39 91.0892
-228.3 599.783
455.078 1606.02
1558.07 1648.72
729.441 129.083
-297.303 -1476.5
1680.23 1021.31
-195.333 -396.703
-1117.01 -1989.92
-1133.96 -1807.21
-1297.36 -926.232
598.314 -1258.77
-806.781 -668.796
-830.384 -1008.95
-1774.99 678.587
-161.193 1566.4
-1230.32 1610.51
166.186 1224.75
1216.53 -275.745
873.473 -54.0274
1853.34 -1423.83
469.469 1533.57
1597.48 -1725.86
-863.138 -1519.53
-1715.78 2.90098
-1326.73 -1013.14
1076.67 1271.58
-271.908 -1730.11
-1397.22 897.708
-739.06 -1172.2
-423.704 1099.75
-1605.8 345.972
710.253 560.387
-429.273 -73.2158
-1715.36 -1555.8
1872.76 -1862.02
-979.63 342.226
1671.55 -1382.15
616.362 -1191.59
-901.673 900.581
811.308 -228.406
1887.44 -112.023
-956.825 -384.466
157.865 -354.041
-1486.76 1418.8
473.757 89.5385
518.55 867.959
-1564.49 -771.197
-571.654 6.23762
1155.59 -287.012
450.437 1028.34
-149.033 1470.81
-629.43 -477.488
-1911.34 1986.93
330.92 -813.013
887.512 -857.772
958.581 774.955
1030.21 -1998.24
-1609.51 -811.93
-352.285 -1096.27
-1393.13 -1878.53
993.27 1125.42
989.431 1428.78
-1645.77 -1582.22
-564.982 1509.82
130.765 1885.46
538.159 1981.73
1356.26 1908.73
-495.756 1444.92
1895.66 1835.16
-1368.09 783.173
-1022.61 1590.49
-441.873 -1992.4
1592.25 -51.3837
-804.332 -760.038
852.348 -197.458
-638.565 -154.382
-1072.03 -1649.13
-725.601 -717.806
-1231.36 709.417
-1207.99 899.408
594.873 1330.17
881.14 -48.8636
1238.9 -1614.62
-603.94 1134.56
-1779.45 27.9698
-82.2697 -802.059
-381.539 1475.86
-794.461 -789.292
-575.526 401.207
450.67 -1723.18
-1796.25 1812.11
122.44 -868.284
-1837.03 1396.84
413.91 -1068.39
106.256 1205.92
1831.02 -1298.87
536.087 712.161
652.265 -225.016
1097.55 -1951.68
-1090.46 1318.09
76.2946 827.272
-1483.97 1694.76
303.13 -278.426
-1094.54 1727.6
-1877.22 1356.13
-1995.57 -1673.47
1168.24 126.865
-541.754 1331.21
-476.296 1872.16
-1737.18 1629.96
1078.07 -1906.15
-1668.91 -385.839
806.007 983.353
1389.15 -96.4481
1031.68 -1701.31
-778.354 -892.027
1125.96 -262.32
-1197.27 -570.911
1459.25 -291.808
-843.307 1582.04
-935.675 -838.881
1908.57 -1767.44
1287.98 -633.189
1563.77 -1188.31
-761.033 1826.6
-1558.35 -1682.96
1920.44 -1227.26
-68.7975 726.449
1756.09 -679.652
-1370 787.768
-380.964 -148.353
1895.74 -1255
1589.33 -1301.53
174.085 1048.58
406.661 1330.78
630.617 1470.99
-1508.1 539.182
1703.55 1779.88
1905.99 1267.32
-1408.43 -855.04
1093.92 -966.783
-537.999 1014.36
-194.047 1393.2
-259.188 -437.957
-1286.45 370.813
-1650.19 332.588
-1777.54 -1754.45
1077.58 1811.79
-1055.98 -748.332
860.368 1350.68
-1417.55 -509.015
821.666 -925.657
-1969.83 525.216
-1145.78 1936.16
-207.46 -554.207
-918.878 -1113.54
479.01 543.123
1900.82 -1715.04
-63.6728 -358.364
-152.994 649.879
-1987.55 196.817
-1017.53 -1765.09
442.368 -1939.95
-1953.3 1386.39
-688.282 907.065
737.068 -105.836
-1601.95 -441.266
968.507 -1571.78
-1916.05 1822.73
-1635.62 -123.51
-731.477 -554.498
762.95 1747.53
1988.62 663.774
-1967.5 -75.048
-1694.59 -120.497
-1425.17 -1682.14
-1923.68 -442.701
-1447.23 518.688
-382.651 -1400.53
-94.9249 929.067
1506.53 -1357.86
-1176.77 1904.58
200.877 1791.74
-1667.2 284.827
1614.47 -1302.82
-1838.68 -1117.01
142.681 924.267
-1369.48 131.306
-411.958 -1336.98
-1943.74 -106.548
542.525 -1368.91
211.312 618.845
188.388 764.081
-862.468 1805.74
1363.55 1042.61
734.804 870.079
1684.75 1558.03
774.661 -114.373
1349.77 1107.46
-1829.55 964.24
1804.64 -1668.23
1847.23 -52.6784
1256.04 -1522.24
-1921.37 -1155.92
-859.223 -1865.11
737.532 1683.3
-1234.02 -1051.16
302.146 954.363
1712.93 1439.68
760.1 1076.47
482.286 -505.096
-53.4477 167.036
-947.062 -1278.79
-1947.34 -1597.29
1828.67 -1776.88
1366.95 1633.31
-1445.11 1214.18
-419.364 1810.93
1691.94 -340.737
-1344.99 -1167.29
-205.851 1392.54
-1483.99 560.125
-1658.62 818.161
-485.512 -1945.69
257.839 -1725.41
1130.78 -1259.88
-230.509 -922.664
907.16 822.43
-201.451 959.823
1225.14 -372.777
1182.94 592.09
-739.463 1737.83
-193.728 841.173
1548.76 -501.792
-1499.56 -1796.23
330.921 294.585
1596.31 846.936
