1701.16 773.612
-1089.1 1735.62
1757.39 1188.77
583.826 99.5821
-1473.69 -739.127
1041.57 -1732.08
1249.87 377.72
-934.048 391.968
914.541 -270.95
977.048 1838.58
789.97 1115.52
1805.51 -1569.5
-1033.35 -668.807
-654.677 -1353.28
-1609.07 1179.28
-1739.04 -1907.91
-47.1036 -828.141
1827.71 -289.718
-1639.37 411.536
1809.86 -1113.06
1672.41 851.437
-845.132 922.277
-770.843 220.82
-685.756 -1856.3
1949.87 -1708.71
1982.28 739.84
1406.82 1787.79
1170.35 -1626.53
-881.021 -1484.33
-979.814 -490.095
1694.95 -718.857
-398.003 -352.151
453.002 -570.293
1358.13 813.633
1841.24 1168
1700.58 1513.65
19.4335 -1144.55
435.929 1248.59
1076.26 1750.17
1392.29 1026.14
-1958.53 1374.57
-234.025 1448.28
1162.35 -1063.68
1821.75 -1718.67
-548.011 -1158.06
-208.761 -853.058
123.079 1393.24
794.792 -1423.92
-1177.06 152.923
1389.71 -1335.81
