-1873.18 -1625.51
-905.983 -1085.51
-1400.35 505.122
1253.78 -1642.2
1175.25 733.407
21.6188 313.267
-994.339 -154.706
-1990.03 -1289.2
-629.614 -1408.67
191.035 601.123
-1229.12 816.461
337.901 1190.79
-1562.14 1571.1
-288.415 -1371.25
1072.22 -163.879
494.822 1199.04
210.615 1588.84
-1886.48 810.262
93.9598 1367.3
1168.06 -730.79
100.71 -810.324
1582.48 1106.37
1034.97 1592.45
1817.17 -1594.64
-1816.23 8.20194
1006.48 -1045.34
-1175.34 -655.621
-1854.55 -737.482
-1084.52 -142.964
-108.733 1987.7
1693.16 -1613.91
1186.74 -96.2285
1974.93 1300.26
-1285.97 68.8865
667.56 1882.09
1338.1 -1231.73
-928.234 920.573
1874.64 -1893.26
513.02 1691.81
-1487.91 696.792
-299.99 1518.57
1651.45 524.672
-1137.05 1796.9
1787.19 -221.571
-346.065 -321.543
-233.871 -652.909
64.5457 -1047.14
1250.86 39.4724
-1746.88 1964.9
-1891.64 920.682
1846.99 1446.46
1688.95 -1081.25
367.028 1563.59
-974.513 -1119.95
1255.4 -462.422
1576.84 -1044.59
-943.853 1228.29
1480.08 -80.906
1025.19 1267.27
1697.52 -1320.88
-1054.27 -536.347
26.2122 1010.28
416.517 -722.925
-950.251 669.639
-758.03 -841.892
-409.679 -911.044
-1395.44 -720.727
7.70784 971.591
-1157.13 1033.2
1851.64 -1901.73
-1429.23 1428.48
-946.322 -373.08
656.768 -1466.24
1546.01 -318.046
1801.03 1243.54
361.076 -1253.24
-1292.81 -1612.71
1757.04 1123.71
-335.638 -1193.21
-206.654 906.333
-35.1023 1383.67
1995.29 569.461
-1337.06 2.9965
-458.948 -494.194
-963.808 -607.308
-395.927 -393.035
-1178.83 657.751
1233.89 1477.94
1191.51 779.899
-840.107 992.546
23.4366 1520.97
1739.31 730.626
1908.26 1496.35
-145.666 -427.382
-1696.86 1647.68
-1521.05 268.039
1031.35 -1525.76
-1162.5 1694.29
477.236 378.552
-799.906 1513.43
1771.24 804.167
-879.607 -1407.59
-538.082 -1645.72
-1929.65 -1346.57
1134.18 -769.754
1645.98 -842.386
-1248.79 1385.29
1888.24 -1340.53
881.637 -257.426
232.089 1184.78
-609.747 711.04
-547.182 -1578.4
1185.28 290.317
-1884.11 -337.484
-1331.13 -684.018
-824.056 -1559.89
-1879.85 296.337
-967.473 -417.933
650.615 -897.12
235.497 -215.208
333.126 -118.528
942.406 1084.34
-733.242 830.646
1743.81 -1851.6
-1426.78 -24.1002
1333.17 -36.5262
-1313.06 -1214.01
385.074 1872.22
1076.31 500.962
-465.264 1745.18
1816.94 710.68
-1814.71 1937.09
-992.983 -782.183
-480.841 1657.63
320.697 1754.66
-557.576 -1346.18
-363.872 -1615.17
1738.16 902.885
1215.48 1481.97
1051.28 1788.7
-542.126 384.454
-247.829 144.814
1170.45 -1862.75
17.0339 246.754
638.207 1551.77
-8.06742 455.151
262.45 177.223
392.243 1269.47
1395.04 1911.4
927.099 -284.262
1666.06 -1630.48
369.561 -697.815
-1245.65 107.725
-1794.93 1969.83
-410.301 1256.35
1758.53 1047.57
-359.195 -489.301
-807.612 -1188.75
-352.056 1209.42
1058.01 -1713.85
761.191 -950.062
741.302 -976.359
1227.16 -866.455
-1706.89 622.202
-955.053 1220.21
-1662.06 -1289
1589.73 707.501
13.1891 -1655.92
-1184.77 218.26
-1686.09 404.926
-525.389 -1927.56
-547.501 1115.42
-416.859 644.887
1926.67 1231.09
-145.692 984.672
1517.24 -1384.5
-1965.39 258.539
-360.86 1261.77
1392.08 -67.7521
-116.027 -1562.97
-847.546 221.913
-851.966 -1257.82
-1070.59 1161.22
-913.733 -255.36
-620.517 -599.819
-1850.43 854.093
-527.377 -397.935
-30.4907 1055.76
-1753.05 -103.824
286.849 101.259
-1119.15 -195.914
716.759 -1084.54
-1937.38 -1644.1
-1822.77 1454.71
288.147 61.202
1891.74 1440.6
-1716.89 -960.228
-1817.21 -787.471
-1799 -730.948
957.169 -419.522
669.234 1106.73
-1565.43 -1858.14
-1291.2 404.08
1197.62 -1044.25
-1699.74 -515.529
1057.01 -818.896
1288.56 -226.231
96.5626 1351.18
129.668 273.792
805.889 -1582.19
-1665.01 697.627
1858.42 -1381.89
1737.4 -1958.8
-169.363 1938.39
-689.747 -1212.19
-481.128 1979.49
1894.54 -46.5567
-1878.66 -1396.66
-1642.48 1318.97
-440.908 -1342.22
-1196.56 -1383.9
-161.115 -1908.01
389.872 1935.45
1443.17 -1480.46
209.239 249.062
-1062.65 544.233
-1053.31 -1204.23
1162.34 -1315.91
-1163.03 -1007.02
-1377.52 147.225
-219.215 141.356
126.712 -324.674
-1905.2 248.056
278.667 -1547.68
-432.979 1837.76
-889.897 370.456
-1546.14 948.987
462.449 843.734
884.434 -94.3781
1363.27 -906.327
-1845.32 -1699.37
1637.91 -898.626
-903.601 800.247
-214.537 -66.6291
1793.23 407.946
-1919.4 -425.99
-1450.7 207.308
1249.34 -1355.9
-1544.64 -471.997
-903.577 22.3844
-634.238 206.526
-1607.16 -180.376
-844.487 855.289
-1336.64 -1960.05
-1239.09 -1973.37
-866.379 -1084.4
-1672.74 -1228.47
16.9699 -576.34
1571.77 1802.43
1357.03 1365
210.379 1437.63
-1060.99 759.681
-355.066 -1811.66
1403.78 100.298
-283.652 -1499.79
-1877.32 1082.11
706.731 -1484.48
-1098.27 1862.24
1370.81 -434.908
1902.19 -1868.28
-408.276 -964.188
-952.68 -81.0153
-192.661 1064.29
1342.64 -620.888
866.722 699.675
-1255.89 -922.898
137.302 -316.882
1836.78 1782.24
-128.537 1240.57
-117.466 1587.81
1740.77 5.21573
669.92 447.502
520.739 1571.65
309.747 -108.449
-863.253 211.939
23.2749 728.471
1247.75 1070.59
-1352.54 -944.91
134.884 1990.1
434.201 -998.394
689.775 1178.31
78.7084 -1172.92
-1138.57 -84.5083
-1390.69 732.892
-843.943 491.847
320.702 -1103.17
-1502.94 -1009.38
1344.33 1017.8
-1437.72 -345.922
-1090.65 -300.977
1866.02 932.627
-1572.51 1113.77
3.22165 -925.05
-1831.14 -1861.89
-934.95 603.059
-860.288 1754.83
-218.63 1218.42
-1418.1 642.8
-866.088 -808.785
-624.308 289.97
1683.06 1696.39
1186.8 -1819.88
-1312.98 531.128
1197.93 -750.708
-1814.79 -1892.72
948.315 -1948.78
1039.9 1375.81
1164.99 -956.873
-1549.24 1333.85
-818.768 -484.191
-63.0932 320.944
-729.366 1718.28
-460.635 -147.464
361.077 673.277
1043.75 1736.77
-1036.75 726.813
1433.16 -1849.96
906.938 -1879.82
681.173 104.863
-630.53 866.379
212.141 -1682.21
917.601 -747.954
1693.59 82.5917
295.172 -1855.65
-583.561 1476.4
-339.838 1353.35
-202.651 930.796
1071.62 1336.71
-1216.67 -567.3
9.99085 1827.08
-830.531 973.238
553.896 -1397.37
1123.28 -539.166
-1277.19 -195.545
1565.7 92.2792
-1329.17 -222.162
410.065 1588.44
1029.88 103.659
-328.973 -674.944
248.013 1087.47
-1198.54 1908.17
440.812 598.809
838.97 -487.564
-64.4772 1622.3
945.136 1945.51
1449.38 -1885.4
918.751 3.28074
-1282.76 42.033
1464.11 -559.955
1846.49 1029.81
1532.32 -1482.68
-1192.35 -57.6112
-1894.24 1837.53
-1953.95 -223.217
-837.412 294.061
-1135.75 -35.9515
202.236 1305.06
-1437.14 -958.794
-1182.5 498.38
-1336.49 1762.63
443.894 -1887.11
1877.24 -637.355
116.174 -1405.52
1404.68 -419.712
34.52 1251.17
-1389.9 -433.156
1768.49 -582.252
1509.23 1874.24
-744.719 1555.28
-348.973 417.869
-150.658 515.276
-1618.08 -1948.42
-179.662 -1055.23
-907.216 637.836
1443.16 -243.708
400.47 -112.951
-130.815 277.709
1249.69 1985.36
872.184 654.372
-434.354 -1093.3
-94.4618 175.746
473.548 -325.974
1593.49 -17.2187
-451.731 -1151.23
-461.938 1199.3
1266.64 1387.4
-285.427 1648.56
1438.98 1534.91
-1406.66 -1468.23
172.747 -1963.51
