181.735 -1754.26
1851.92 -237.703
-1058.52 191.137
1583.73 220.354
499.684 238.393
412.48 1867.76
-297.495 173.806
-1596.64 -1185.87
-829.189 18.1351
6.51018 1361.84
-524.212 -1761.78
514.628 473.634
-1998.17 -1511.7
-817.302 1629.41
1040.91 -118.04
1170.11 -777.36
127.696 1022.03
984.938 1069.17
-786.829 568.669
-710.475 1712.85
-1192.94 1702
1580.61 509.567
-124.19 1983.97
1323.7 1046.62
2.10271 -669.789
408.46 1477.89
-431.567 -1076.91
-48.4757 -429.739
-588.617 1134.22
-800.333 -1547.71
-983.817 -1630.22
-325.071 1143.88
1391.82 -1340.13
213.05 -1395.01
1228.54 1502.57
-1682.16 -1964.4
1204.58 1898.45
545.165 -919.611
1882.42 -131.134
-1872.99 -115.477
1199.08 535.471
-637.586 -1232.49
1458.56 1313.94
337.77 -1130.06
448.161 1537.44
-677.771 1464.34
1907.22 997.158
608.222 1299.03
1657.02 -1178.73
1904.02 885.561
-1676.15 -1778.14
921.159 1528.42
-1879.69 -533.676
-1391.19 -1997.26
1335.19 -1264.17
-112.742 534.266
1271.3 1249.67
1301.78 729.854
563.61 -360.454
1599.79 -988.229
-823.017 -1077.98
-1523.89 -915.798
1919.18 1084.34
-1616.76 1576.21
1905.61 -1712.74
461.768 -1770.55
-1490.88 -617.073
1757.88 -1370.57
849.251 -1633.31
-1367.83 184.441
-897.483 519.427
-1281.29 -1626.19
-230.901 -1979.52
1103.67 -1667.29
-339.972 703.463
-655.519 837.011
1625.49 -179.405
1921.21 1544.67
-1095.07 -1695.55
1120.88 -1189.46
-1408.29 -417.357
-960.01 -899.174
965.57 -1202.13
-269.74 -185.179
-835.44 362.429
1999.26 267.078
-1118.14 -1282.03
640.891 650.955
-1261.55 -255.441
983.665 398.48
-1551.98 -1671.85
-764.508 -1926.49
148.74 -843.295
1618.18 1053.67
-538.845 739.052
1864.21 52.8625
-1678.3 -1095.8
1153.69 1287.27
-297.934 -1116.05
-897.914 866.626
1246.38 -898.651
-866.296 -1871.77
-180.682 1774.59
779.188 557.77
-480.846 -237.147
-1043.75 -32.8244
90.9982 191.743
40.684 -1760.26
1348.45 -341.139
1293.41 -1190.4
-1602.09 1157.62
862.466 -1280.39
-1938.19 16.1543
-1993.13 -236.12
900.103 -891.04
-1369.49 146.481
210.309 -235.79
274.714 -1970.37
-461.195 -946.097
587.397 1057.96
816.756 1543.65
-974.865 -1092.25
-264.61 1065.82
-852.508 -916.162
-1275.32 -1559.1
-106.559 -877.407
1598.52 -1244.09
-157.798 1660.33
772.061 -150.925
-575.789 -327.836
958.035 54.7175
1818.65 -831.656
1818.93 93.3597
-802.029 -642.267
1147.26 1785.37
-1584.31 -35.9814
1329.02 -559.173
871.773 -935.594
-1493.35 -1980.73
148.244 -768.674
-1539.83 -1958.31
353.919 -1941.32
-1202.41 -1803.88
1719.01 1569.65
45.196 -856.776
-758.182 -996.769
1197.94 -939.537
171.575 1016.87
1153.82 1369.55
-1625.4 301.086
