1377.58 1022.29
-1704.72 -1678.11
1540.72 -21.5793
-1418.61 1427.38
187.382 -1589.32
867.269 141.999
-708.981 335.913
521.95 1293.61
1526.18 -1938.47
-94.0484 1187.59
-369.191 1590.39
-1082.14 -1092.65
-769.79 1909.05
-61.9085 1496.37
-694.134 1220.9
-790.672 -1316.55
243.186 -495.387
-994.661 -216.091
1483.03 -413.273
-788.713 -329.584
-2.58971 -1921.44
1812.42 1288.43
414.469 334.365
582.039 -59.3518
395.893 -1512.01
-871.759 -1973.3
-1921.62 46.0996
-1065.95 -691.411
-44.8505 872.146
-1195.04 1261.02
93.0419 14.291
1944.47 -1663.77
1518.9 -1050.2
120.137 1001.94
536.531 1331.42
-1327.65 -1466.06
1409.98 -1515.23
1822.37 -175.552
819.134 404.409
1765.1 -784.974
892.399 -1106.66
-758.271 970.777
939.436 175.783
-1720.63 -1105.41
-952.072 -915.671
-1844.4 1140.97
1098.62 -1899.93
1477.2 617.524
-950.129 -402.665
-380.538 1586.4
-1071.24 291.815
-1879.66 -1661.26
776.584 1942.71
163.185 -404.282
347.123 -71.7188
810.744 -760.478
821.618 -1947.53
-1789.7 -238.945
228.255 -1510.33
655.641 1276.18
-426.006 811.242
417.154 -1327.39
911.309 -105.648
1290.14 1961.18
1491.69 -1090.4
1547.58 -1579.55
1201.42 1667.92
-1240.82 -22.0005
1610.64 922.368
1573.72 -42.2392
-1149.35 384.461
1197.28 1672.27
436.934 1407.58
-566.678 -1334.81
1897.25 -1911.04
1941.37 -528.759
900.204 358.527
143.855 -188.487
-1747.12 -566.007
-227.308 1744.57
343.593 -679.726
-1834.99 -454.992
-1011.8 -1075.81
1523.01 -1401.16
1846.56 1096.73
556.597 -1302.79
-518.813 -246.12
-1630.52 1918.12
-838.539 -197.2
-1416.69 -941.292
-108.238 -1475.32
529.949 -1208.03
883.211 -1326.2
603.479 1136.09
107.797 -1623.83
880.657 -1548.61
-303.555 1045.67
-3.60162 684.643
1969.86 -480.594
1283.48 1816.43
-1383.87 -159.923
-1486.36 97.3177
1593.96 -1116.89
15.4384 -1244.58
685.914 598.749
-185.874 -1422.32
1123.43 -1655.93
-630.358 6.6436
-982.121 1973.12
-857.266 1125.68
-1650.71 -1976.61
1577.07 45.7375
1069.06 -426.535
-1269.62 1038.92
1092.87 -1986.14
855.348 1709
-146.063 1368.98
-193.681 -552.107
-1747.9 1821.76
203.311 938.013
420.507 -1982.56
1515.69 -456.061
-1638.49 -1114.67
1550.58 -620.61
-1141.55 -1306.68
-1494.93 -792.254
-1283.29 -1917.87
1253.48 1785.77
-344.403 1983.86
824.691 -1251.53
1997.72 -319.961
-1542.53 -148.339
-950.977 263.789
1299.55 -698.878
85.5467 -497.135
-1760.87 -1493.95
-479.698 1754.82
49.9923 -118.186
-1359.85 -399.425
1261.2 -501.392
293.892 1766.27
706.353 1010.6
1848.4 -40.1638
796.368 -496
-56.3002 -378.941
252.468 -58.5766
1301.1 709.937
1793.08 -1649.88
-1026.27 1092.64
-348.757 1059.27
-1404.5 -109.622
1565.33 115.805
-354.799 -384.681
1997.62 285.356
1215.89 1258.82
1783.96 -490.215
1025.09 490.317
-1479.62 873.496
-1549.85 1316.75
-1622.5 393.853
-1062.19 629.964
-1664.72 -1761.09
-660.098 -1871.64
-1410.97 313.628
1221 240.274
-627.099 1816.5
-1869.35 -1061.77
-67.694 -224.147
553.546 -70.0756
-1938.79 -230.561
-811.253 1845.17
1279.22 -1786.16
335.491 1799.61
1087.34 785.644
1116.36 1464.83
-820.502 -1945.83
94.7961 -485.226
-1706.92 1434.7
-356.865 -1117.89
-251.674 -1135.87
1122.39 1121.23
-1319.37 1253.04
-1940.55 612.941
-971.108 613
-1457.13 -909.898
-1617.56 -268.388
-1064.72 1661.66
-54.5486 1270.77
1461.27 -967.213
56.4106 577.635
-1502.38 1235.91
631.809 592.415
-1249.32 924.891
27.1127 393.818
1807 1775.44
1257.95 929.391
896.665 1938.59
182.43 956.12
551.527 1211.32
-430.88 1094.39
-1698.58 -48.4402
-1174 -763.301
-386.776 771.455
-1492.54 -925.503
1804.24 563.876
1652.13 -1698.14
-200.216 283.941
894.276 550.467
-791.168 -1078.61
-1055.72 -984.163
-1303.17 -1797.76
1945.23 1593.49
-1859.18 127.657
549.613 692.348
-661.021 -1881.27
-213.26 -359.598
70.2926 612.744
877.101 1683.52
-615.801 1384.57
-1241.99 -811.558
-51.5587 -1589.85
-509.697 1748.23
694.088 -1615.42
298.692 1902.92
-694.032 1242.98
-1081.24 2.79518
1445.21 -1136.02
-403.712 1586.03
991.642 -1854.1
278.382 -1669.38
-1735.37 -1934.88
-28.9765 334.926
677.866 -1151.88
18.443 -1937.93
-1767.31 776.457
-749.493 181.132
1186.6 740.81
-70.6432 -119.308
1125.39 -1771.95
-216.387 -1568.64
1471.02 702.371
434.152 916.236
1566.36 -1969.56
502.27 557.998
-1823.66 -1219.35
888.619 -1559.03
-1154.23 -1140.36
775.901 1523.64
-292.233 -1205.66
1585.7 -59.5427
1570.8 -1163.79
-1878.41 757.405
1577.02 50.9457
-1361.9 702.41
278.994 421.71
1133.77 -249.981
-875.919 -432.082
-1333.74 -1309.56
-401.642 1168.52
1248.43 -225.302
1949.18 137.053
215.672 -1205.05
996.696 -1008.43
-1681.41 -1295.54
-214.084 1904.29
644.92 -643.283
-1259.5 766.509
-1885.88 -1682.47
-1182.55 -1247.78
1019.94 1096.45
1173.93 153.702
-1153.53 -1701.99
1721.62 -487.277
-1011.55 -680.022
-1318.75 -1763.12
1094.68 -1369.58
373.933 -689.652
-574.626 -629.371
301.921 -256.038
75.0916 -1912.16
-351.745 -1279.99
-555.446 388.76
1486.52 -441.324
706.286 -1696.02
310.895 -273.778
1400.42 -515.177
1879.92 -1753.11
-217.167 1601.54
-240.384 771.278
-1078.48 440.864
1008.16 -1983.8
1071.29 -617.909
-673.455 -1503.34
752.72 1628.47
240.624 -1172.19
1716.3 1888.88
-452.177 -839.143
277.639 -965.656
719.533 -1016.07
-661.68 -969.572
