-661.218 502.816
-973.149 369.763
-615.267 -48.7916
987.73 86.3352
102.371 -1702.19
1871.96 -1021.59
1753.32 -313.954
281.364 -1956.4
-1871.33 168.072
1143.07 -1576.53
-1325.3 -339.398
1144.27 -250.297
760.596 1932.38
-898.496 -1171.96
1719.37 1023.08
412.515 -941.843
-474.101 1439.37
1427.92 910.632
-609.425 415.651
-1003.03 1492.95
713.459 -1131.07
-1528.64 466.777
554.976 752.722
510.373 683.643
-1079.21 -346.559
1107.12 -404.51
1314.04 251.391
1345.19 74.6396
183.774 -1553.3
902.679 -96.8517
1469.78 -684.806
961.305 -1004.32
-1245.44 389.225
1906.31 145.136
-1195.12 -1096.72
-361.919 1518.33
-227.792 109.439
-14.8876 -1672.82
-1137.84 -1504.51
1010.83 -217.046
148.926 117.943
1378.44 -537.03
-1630.67 723.636
1537.61 553.107
1170.33 440.288
-1543.74 640.112
1755.48 1417.56
1635.79 -1489.96
-193.214 1542.1
655.178 611.662
-1554.62 -1706.74
129.997 217.588
402.698 -1884.89
544.772 1264.86
-1389.41 -444.401
-952.187 759.521
1673.54 -1573.74
-1777.51 -1957.13
1149.89 1760.1
595.982 320.225
200.387 1052.24
-1039.66 -44.131
469.797 -1403.87
465.911 -1723.42
-1861.77 -878.911
888.245 -1416.39
-585.651 -981.758
801.199 1817.05
-866.649 -654.028
1081.91 -256.054
901.57 -1870.28
-1496.53 575.112
-1444.03 -1274.04
617.986 1705.87
-1513.94 -786.032
26.0908 686.444
-1733.8 986.428
-1357.69 736.002
1582.56 1108.22
1012.59 1720.79
-1770.69 -99.1694
-1695.6 -356.338
919.073 1105.6
-539.291 -1947.58
-1548.43 -1457.39
-203.63 1353.14
-1327.67 299.836
-71.7499 -771.694
1025.79 -1453.76
-1065.83 1511.85
-239.796 960.263
198.293 26.4091
-53.3095 840.606
-1237.59 -470.754
-51.1702 1775
-749.968 178.143
-324.173 -445.57
1821.81 -1405.1
-1339.97 -717.486
-1352.68 -888.406
-174.872 443.694
-1535.27 497.46
-1256.47 392.983
1725.77 1769.32
939.219 -1340.06
1281.17 -1300.58
1620.2 -520.534
725.833 -433.109
-1679.93 1488.24
1096.14 268.902
1263.24 -1653.83
-1552.95 -1060.93
-99.4005 -1731.15
-466.032 560.626
-448.635 181.292
1672.22 1376.49
-1375.01 -1863.05
-126.048 -631.484
529.936 -400.282
-862.16 -530.845
259.656 -1580.99
168.579 -120.143
-101.521 -1105.59
1446.75 218.551
-1617.34 542.885
-1512.55 1645.9
889.055 -1065.5
-1415.04 -1210.35
-796.651 118.932
1350.28 754.714
-1699.78 1022.5
131.206 -1074.79
1159.45 -1994.84
293.727 -310.611
-395.123 1431.57
1158.54 1864.53
1850.58 -672.877
-255.61 -250.941
221.535 -808.863
1967.61 604.19
1734.02 -1544.94
250.087 623.077
-610.437 835.051
1412.73 592.912
-1046.02 763.011
-652.375 -745.793
-214.489 1478.83
179.418 -1055.04
1483.99 -1526.85
634.354 -911.133
1904.71 -207.102
-1046.6 1755.29
1120.02 697.79
-495.649 -658.444
1888.93 -528.039
1945.75 1622.95
-72.975 195.834
246.026 1316.59
-969.116 -341.242
-90.5008 -15.1325
-1578.23 1257.12
1239.07 207.28
735.956 -581.507
1152.24 219.946
-108.362 -213.402
1308.81 -203.65
1579.5 -1737.79
-448.358 699.518
960.002 1055.99
-1958.93 848.929
-1472.05 1986.82
471.879 454.978
182.655 -1282.1
-228.434 1213.54
376.662 1681.07
-801.593 798.431
938.19 -1562.52
-994.289 -325.855
-144.025 -1842.04
1894.09 1747.61
-55.4454 1202.9
-456.037 -475.949
1465.12 1095.6
-1776.43 425.119
151.597 -1735.36
-725.951 679.55
-1748.53 1745.93
-865.471 434.12
-1536.17 906.095
-352.34 840.494
587.16 846.066
-361.074 -474.651
1283.55 644.637
1199.49 -860.477
802.593 1093.59
-1112.86 -1252.85
296.49 431.098
271.199 -238.393
-473.297 494.768
-1813.27 1678.3
759.412 -539.225
357.849 1010.88
-793.297 1492.38
-555.003 -329.465
398.472 1092.66
-1488.97 -1014.37
-61.2767 149.955
510.981 -777.729
-1205.41 -289.524
361.794 1597.18
-1195.94 1248.93
-1655.67 1100.55
-319.972 615.531
-1137.84 1206.73
-889.701 -951.114
885.03 1869.71
509.661 -757.121
880.588 1716.36
-1264.74 -1674.41
-613.101 1133.73
1418.24 -102.072
-1880.64 -643.035
-1952.12 630.343
579.237 -1157.53
-1659.18 -1058.97
-1560.34 -855.119
-1810.04 -1216.01
-1754.57 -130.011
1399.52 -892.407
-923.281 -1490.18
156.479 1961.75
-1620.47 -1333.86
-795.371 1260.12
-1617.5 -60.1146
1585.7 -230.597
-926.385 1003.94
1667.33 -807.024
-1639.09 1715.21
1823.32 940.146
-1442.31 -1835.86
1881.18 -1002.66
-690.981 -1928.86
-218.667 -445.548
-58.8735 -819.147
662.045 1017.85
-309.328 -1181.48
979.595 70.2009
-515.335 -1815.78
-669.682 -132.831
124.109 -1083.98
1636.57 1197.72
1919.96 1303.9
-1609.3 -1719.13
1019.12 -1785.98
1221.02 1576.8
-1621.84 1102.2
-1425.86 -312.826
1173.33 355.478
1241.63 -885.539
1536.33 -96.3281
-1867.69 -772.997
722.197 1111.9
1297.2 -1793.14
1296.13 -1372.48
74.0311 -579.764
-456.459 -289.397
-1382.04 -536.495
-985.494 -991.341
-255.621 -1966.38
-777.323 -1034.6
1610.42 -399.167
-1932.4 -1815.43
1288.01 1240.93
540.044 529.633
-1644.61 76.3755
-1566.69 -1512.3
1303.38 1155.5
1599.6 600.582
1362.36 895.728
1228.1 -563.605
-1684.04 -1228.36
1147 -1066.08
235.15 -1838.5
-57.4177 1979.53
-1804.88 1165.26
-1055.07 1805.55
-1233.91 -987.476
1990.11 -1945.9
-1746.55 530.158
583.733 -1391.15
-1393.47 1017.04
-903.456 1909.91
172.54 -1303.85
510.493 -465.096
1591.87 -261.403
971.299 1907.84
510.242 118.297
-1158.24 -1254.61
279.8 784.342
-1275.08 474.925
-50.3981 -330.151
280.472 715.694
682.372 270.585
769.794 935.826
-1199.26 -646.473
1544.67 -592.724
-1629.43 -1358.78
-682.812 543.105
-662.638 1827.68
-1921.99 -1070.76
-433.722 1049.31
-1162.93 -1923.48
-832.396 -321.168
-1178.09 1447.4
-1536.83 -453.167
-77.67 412.776
1216.68 -1797.2
-871.529 -100.945
473.387 1898.26
-1165.12 1274.13
-748.209 -1620.45
-1318.59 -377.644
-979.231 -1.4051
-1834.54 358.131
-173.724 -1756.53
1287.37 1392.55
1292.78 -1875.56
1469.07 -1539.62
-196.728 -1709.01
1907.79 266.446
-162.18 -169.882
-1320.78 -945.498
32.9198 -192.307
953.557 -1493.69
-294.042 1788.44
1780.44 957.749
-1832.01 -1538.16
-1419.89 -811.24
460.44 -1254.43
1546.89 -1713.28
-1010.96 834.258
1679.27 -1718.18
958.697 1148.35
-1257.8 -1238.03
1439.33 -1350.01
1028.42 -722.848
480.105 1707.64
331.654 -1486.98
-484.669 -714.789
-980.668 1221.29
-926.351 -1200.23
179.037 -758.361
-738.386 759.143
430.399 1722.05
1504.71 -22.7094
-1991.23 -1506.25
-1188.45 1688.04
-1224.44 1770.25
836.386 -482.236
-1467.78 275.718
167.751 1560.63
1552.87 -1352.14
1268.27 -115.475
-839.119 -1216.4
1169.74 180.212
-1995.11 -1756.62
979.982 183.924
-514.976 -1758.4
-1056.93 1915.42
1963.65 -1552.22
-107.286 1972.42
-1058.48 704.262
1660.46 -282.911
474.509 496.847
1234.85 1006.72
-1227.43 -597.396
567.354 -1674.56
50.4594 -164.378
209.961 1211.34
619.22 -620.303
-608.448 624.107
-376.919 -1628.47
-1191.97 1108.11
-1386.87 -248.901
1023.53 -1423.22
198.876 -1083.76
-1450.8 1140.4
1620.5 -1790.34
-1142.51 95.0131
706.511 -1907.66
-898.263 1479.08
-505.054 1669.09
1804.51 1545.41
-495.287 14.4728
756.745 -1876.07
1394.17 -1851.7
748.041 -982.749
-1480.17 1556.07
-1874.64 -867.037
-692.829 1148.88
-290.255 1506.05
-1934.87 258.947
646.448 1685.63
468.611 1503.94
-219.356 -824.878
1596.28 882.381
-1345.8 -908.774
551.472 -1541.29
-1363.37 -1943.82
473.183 1393.38
-1819.88 -132.648
1541.67 928.159
884.603 -1938.49
484.231 1009.96
-805.53 1791.4
158.843 904.215
1297.45 223.97
-836.837 -56.1019
-90.3999 1631.77
-552.164 1690.24
-1193.1 -955.884
572.624 -538.907
135.343 -875.904
-80.1965 771.975
-819.72 -1607.01
165.352 -639.602
260.339 -292.973
-1711.44 -855.058
-231.466 772.788
-1845.1 963.004
564.191 313.744
-132.78 -138.359
-1462.29 1030.38
1805.54 447.314
662.156 -746.625
137.558 1469.05
297.491 -1289.82
-1069.85 -1567.17
-165.722 849.949
1204.81 1014.56
1242.93 -629.84
-1625.04 -496.726
1077.19 -1336.49
648.215 -1154.28
1436.3 803.117
1808.72 0.492713
-883.139 -324.056
1862.13 -345.425
-1293.67 1667.67
-1898.11 1368.48
