86 111 123
53 94 141
13 118 147
8 67 128
88 90 91
3 103 119
6 49 116
6 14 75
52 108 133
43 69 142
99 108 123
27 115 129
11 62 118
44 63 113
109 129 148
31 42 63
71 95 139
53 94 136
51 74 149
83 112 121
37 94 141
13 66 147
15 75 143
16 60 116
32 36 114
28 107 132
40 79 125
86 99 123
90 91 142
81 108 133
81 108 123
29 54 111
43 60 142
15 39 143
60 142 145
6 14 49
49 101 116
14 26 49
6 16 116
54 106 138
54 81 96
61 71 113
26 75 143
11 62 63
12 33 45
46 52 139
10 71 106
10 71 96
41 108 110
52 124 139
52 124 133
33 46 102
12 33 46
31 45 109
9 33 45
9 17 30
9 45 105
9 30 105
34 47 137
21 47 137
58 78 137
34 78 137
23 34 47
73 122 130
58 78 98
1 20 134
1 78 98
1 89 127
1 78 127
1 20 56
2 35 50
2 50 129
115 131 148
115 129 148
53 77 118
80 94 136
80 117 136
18 59 92
20 37 134
53 77 141
37 57 134
70 83 121
51 70 121
70 83 128
4 70 128
4 87 92
68 80 85
19 59 92
19 68 80
8 67 85
5 32 48
0 24 103
0 103 119
36 114 147
24 36 103
11 77 118
24 135 146
14 26 75
93 135 146
0 104 146
93 104 146
0 24 146
15 39 55
15 75 93
75 93 135
39 140 143
28 60 145
22 79 82
55 119 132
28 107 145
22 107 145
79 82 126
22 82 145
117 118 136
53 118 136
117 118 147
114 117 147
28 101 132
81 96 133
29 91 111
1 89 134
67 87 128
86 90 99
83 100 112
78 89 127
77 115 141
11 77 115
6 75 113
21 73 137
23 73 110
65 72 89
25 72 89
72 74 149
96 124 133
71 96 124
51 70 149
70 144 149
107 125 132
19 68 92
13 66 118
62 66 118
64 144 149
64 120 149
64 70 144
60 101 116
37 57 94
18 57 94
38 56 98
28 60 101
15 55 93
54 81 123
29 54 69
51 112 121
51 100 112
51 74 100
1 56 98
7 48 125
35 98 129
35 98 122
44 135 147
4 87 128
18 57 120
16 43 60
11 31 131
22 79 107
11 115 131
0 93 104
29 91 142
9 33 102
3 119 132
44 63 66
79 107 125
18 59 94
35 122 130
4 18 70
4 18 92
24 135 147
7 48 97
18 64 120
54 69 138
58 98 122
17 46 102
10 96 106
6 106 138
49 140 143
68 85 92
76 83 100
5 40 85
17 73 110
44 113 135
3 97 132
37 56 115
3 32 97
41 46 108
6 43 138
27 38 129
8 40 76
65 72 74
27 38 115
80 85 117
0 84 93
5 32 114
75 113 135
25 89 134
12 46 95
67 85 87
17 30 73
8 83 128
73 105 130
23 47 73
6 71 113
8 40 85
46 95 139
5 40 48
9 17 102
45 109 129
6 71 106
25 57 134
38 56 115
6 16 43
11 31 63
42 61 71
26 49 143
34 65 89
35 105 130
7 97 132
37 115 141
42 63 113
39 132 140
85 87 92
0 55 119
41 46 110
58 73 137
30 73 105
8 76 83
18 64 70
19 80 94
19 59 94
25 57 72
101 132 140
54 111 123
58 73 122
49 101 140
24 36 147
71 124 139
40 48 125
17 46 110
86 88 90
34 78 89
5 85 117
54 96 106
21 47 73
42 45 95
7 125 132
29 69 142
86 88 91
5 114 117
55 84 93
31 109 148
31 131 148
32 48 97
3 32 103
20 37 56
62 63 66
32 36 103
38 98 129
2 35 45
35 45 105
35 50 129
12 45 95
31 42 45
57 72 120
86 91 111
39 55 132
40 76 79
0 55 84
42 71 95
42 61 113
43 69 138
72 120 149
44 66 147
2 45 129
46 52 108
