18 37 57
11 131 141
56 115 141
53 94 141
6 44 113
13 118 147
43 60 69
88 90 91
44 66 135
3 103 119
6 49 116
29 69 138
10 54 106
52 108 133
43 69 142
96 124 139
9 17 33
99 108 123
109 129 148
61 71 95
1 25 134
100 112 121
18 37 59
37 59 94
37 94 141
4 67 87
8 76 79
11 77 141
16 60 116
6 69 138
5 48 85
40 79 125
86 99 123
81 108 133
81 108 123
43 60 142
15 39 143
60 142 145
28 60 116
6 14 49
49 101 116
14 26 49
6 16 116
54 106 138
54 81 96
31 63 131
12 33 45
61 63 113
42 61 95
31 42 95
41 52 108
41 108 110
41 46 52
17 33 102
17 102 110
33 46 102
12 33 46
9 33 45
21 58 73
9 45 105
9 30 105
17 23 110
58 78 137
34 78 137
73 98 122
35 105 122
73 122 130
58 73 98
58 78 98
1 78 98
1 89 127
1 78 127
115 131 141
105 122 130
2 35 50
2 50 129
2 45 109
109 131 148
2 109 129
115 131 148
115 129 148
53 77 118
5 80 117
80 117 136
18 59 92
20 37 134
53 77 141
37 57 134
1 25 89
72 120 134
25 72 134
51 70 144
57 120 134
70 83 121
51 144 149
74 100 121
76 100 112
4 87 92
4 70 92
19 59 92
8 40 79
4 67 128
3 32 36
5 32 48
3 32 48
97 119 132
3 36 103
0 24 103
36 114 147
24 36 103
44 62 66
24 135 146
14 26 75
93 104 146
39 55 140
15 39 55
15 75 93
44 75 135
28 101 116
28 101 140
28 60 145
55 119 132
15 55 84
3 97 119
28 107 145
22 107 145
22 82 145
53 118 136
114 117 147
29 111 138
28 107 140
27 98 115
81 96 133
95 96 139
71 95 96
86 90 99
79 107 132
78 89 127
76 112 121
75 93 146
79 125 132
65 72 89
25 72 89
96 124 133
117 136 147
51 70 74
69 90 91
69 90 142
69 88 91
69 86 88
59 68 94
19 68 92
13 66 118
62 66 118
64 144 149
64 120 149
64 70 92
64 70 144
11 62 131
62 63 131
44 62 113
61 106 113
20 56 134
55 107 140
55 103 119
68 85 87
54 81 123
68 80 94
53 80 94
12 52 95
51 65 149
50 98 129
11 62 77
7 48 125
98 115 129
35 98 122
68 87 92
18 57 120
49 101 143
10 61 71
22 79 107
62 63 113
54 71 96
10 61 106
15 26 143
45 109 131
9 23 47
5 36 114
19 59 68
14 44 75
37 56 141
4 70 83
6 106 113
8 67 87
24 135 147
7 48 97
18 64 120
0 15 84
13 66 135
76 83 121
6 106 138
40 48 85
12 46 52
6 14 44
0 55 103
21 47 58
52 133 139
27 38 115
15 26 75
5 68 80
1 27 98
5 32 36
55 107 132
0 15 104
73 105 130
5 68 85
53 80 136
8 40 85
8 67 76
67 83 128
15 93 104
8 85 87
9 30 47
38 56 115
6 16 60
6 60 69
26 49 143
3 48 97
34 65 89
75 135 146
7 97 132
67 76 83
13 135 147
4 83 128
29 86 123
41 46 110
30 47 73
30 73 105
31 45 95
62 77 118
22 79 126
54 111 138
18 64 92
22 82 126
54 111 123
23 47 58
23 34 58
0 24 104
70 74 121
24 104 146
24 36 147
40 48 125
86 88 90
34 78 89
39 101 140
21 47 73
29 69 86
7 125 132
29 111 123
118 136 147
5 114 117
31 61 63
31 42 61
1 27 38
52 95 139
20 37 56
34 58 137
2 35 45
35 45 105
35 50 98
10 54 71
31 45 131
12 45 95
51 65 74
1 38 134
38 56 134
39 101 143
65 72 149
0 55 84
124 133 139
9 17 23
72 120 149
46 102 110
