17 411 444
119 203 312
66 245 363
229 320 363
43 123 433
17 278 444
109 163 366
99 205 406
224 225 427
76 284 429
151 291 414
291 308 370
213 349 382
203 248 265
14 78 250
174 230 353
27 161 364
31 126 396
176 376 407
27 123 354
6 270 372
155 251 392
64 224 309
8 323 401
231 280 306
111 127 205
61 208 388
96 137 265
96 191 265
153 181 191
19 151 390
248 312 317
98 304 375
81 256 314
90 189 438
8 80 410
8 274 323
222 323 401
183 274 359
169 284 429
226 309 355
210 313 397
108 199 449
142 219 310
16 134 219
94 334 370
291 308 414
232 235 349
334 391 419
235 340 382
55 187 371
21 71 101
32 86 102
1 128 322
137 265 393
149 207 434
11 25 69
332 377 426
90 173 180
12 67 73
190 244 413
23 49 273
22 23 49
79 215 295
94 283 370
58 79 135
139 155 251
139 238 251
103 179 392
44 143 192
190 244 303
6 154 447
25 279 345
200 345 358
31 345 396
162 345 434
87 117 404
118 293 421
131 147 422
52 63 389
4 28 184
132 316 326
30 228 236
148 327 339
47 97 361
57 239 252
50 218 275
50 239 252
252 275 336
50 252 275
169 355 365
111 224 280
64 309 398
64 224 427
38 297 343
68 214 267
34 286 331
119 312 446
34 297 343
57 239 408
38 72 84
116 239 408
38 229 437
83 311 408
57 268 408
87 243 404
178 268 324
83 241 311
83 268 408
166 341 387
7 178 268
241 311 424
229 320 424
66 245 404
245 328 381
37 245 328
13 214 269
195 267 350
38 195 229
38 195 297
195 229 350
119 158 446
145 153 348
66 348 404
87 117 264
96 191 242
153 191 348
203 248 312
264 300 426
96 137 242
137 330 393
2 265 393
2 248 265
312 317 446
24 158 177
24 61 177
8 80 274
24 93 375
98 99 337
54 266 314
98 266 375
64 260 427
221 260 398
64 260 398
8 401 410
221 309 398
221 260 427
81 221 441
81 221 410
81 314 441
80 233 274
81 227 410
80 227 410
221 309 401
221 401 410
183 274 323
21 183 359
24 61 208
86 102 299
1 32 299
32 102 299
77 144 371
42 169 429
77 299 371
55 144 340
55 144 371
77 188 290
71 77 299
188 290 432
45 71 77
42 76 188
169 284 449
42 76 429
160 211 255
130 211 255
108 160 397
108 125 237
125 170 237
170 186 237
108 125 397
125 397 448
285 291 368
151 285 291
285 357 368
313 397 448
210 313 319
290 386 432
160 255 386
77 290 382
210 213 319
235 349 382
180 378 435
232 235 399
219 232 399
202 232 390
35 334 391
48 146 400
16 202 232
16 219 232
170 283 370
94 334 418
60 180 415
85 180 435
90 173 310
85 173 180
90 189 310
90 92 438
90 92 180
75 141 301
92 180 415
189 428 438
100 114 198
142 175 352
185 187 307
0 307 380
142 167 380
185 307 380
0 187 307
1 95 187
1 95 128
18 95 114
18 114 198
23 141 373
100 156 315
159 377 431
332 377 431
164 300 332
133 197 426
40 159 206
91 121 197
91 197 296
59 302 430
296 302 430
22 49 190
49 190 303
44 49 152
23 273 373
22 190 298
23 141 301
171 196 373
141 196 373
75 141 315
201 298 415
60 204 378
201 204 413
157 378 435
60 180 378
157 403 409
12 230 283
94 230 283
12 230 318
230 318 353
12 215 295
12 67 215
272 342 439
53 157 409
82 194 342
115 250 325
168 342 439
182 272 276
82 168 342
272 325 342
46 115 392
79 135 295
58 79 254
254 325 342
14 78 411
155 179 392
46 251 392
405 411 444
277 405 444
43 277 433
139 329 433
33 139 329
26 43 123
129 278 444
44 152 192
49 152 303
29 39 246
27 362 364
26 161 416
109 302 366
3 246 366
3 246 362
161 163 364
3 362 364
220 259 354
27 220 354
27 161 416
6 150 372
220 234 259
234 259 445
33 150 445
139 287 369
11 165 362
165 220 234
270 294 372
106 136 236
6 150 447
5 97 369
150 154 447
5 240 369
136 154 240
5 228 236
106 236 305
41 279 440
193 258 281
228 344 361
31 126 281
31 193 281
30 41 440
279 345 440
30 41 305
30 236 305
41 270 294
25 345 358
11 39 69
162 200 345
107 200 358
300 332 426
133 264 426
264 351 425
118 133 293
138 351 425
15 138 147
15 147 385
138 207 216
15 138 207
138 216 425
345 396 434
149 396 434
15 149 207
20 126 396
65 289 407
62 289 407
15 223 338
122 131 249
172 292 436
62 347 407
4 28 37
28 120 184
4 37 112
88 176 333
7 178 282
7 132 268
9 110 263
57 132 268
9 253 316
70 176 253
20 104 126
105 263 344
105 281 442
262 316 326
105 263 442
110 263 327
47 148 361
5 228 361
148 344 361
5 97 361
56 140 341
132 326 395
262 326 395
210 386 397
379 421 425
216 379 425
329 433 445
308 370 419
334 370 419
341 369 387
287 369 387
245 363 381
123 354 433
185 352 380
142 352 380
347 376 407
342 402 403
53 342 403
217 342 402
339 387 395
166 339 387
338 347 436
62 338 347
277 335 433
14 335 411
65 333 407
176 333 407
34 331 343
262 327 395
324 328 381
324 367 381
247 324 367
317 322 446
10 321 383
256 321 383
93 321 375
132 316 412
75 315 423
74 314 337
54 314 321
301 415 423
75 301 423
298 301 415
222 288 323
183 288 323
286 331 406
280 306 336
320 363 367
277 335 405
59 273 302
272 374 439
271 336 355
145 269 348
34 267 297
195 267 297
157 403 435
264 351 422
264 293 425
133 264 293
110 262 327
244 261 413
194 261 303
259 433 445
259 354 433
105 258 344
228 258 344
109 257 302
103 254 392
256 314 321
249 385 436
172 249 436
122 245 292
87 243 264
122 243 245
117 242 404
137 242 330
242 264 300
164 330 332
229 311 424
74 225 441
222 309 401
221 225 427
221 225 441
219 235 399
142 219 235
217 254 342
214 267 350
213 290 382
113 212 380
83 320 424
82 194 303
35 334 418
76 188 432
76 130 432
76 130 211
80 233 383
74 99 337
76 211 284
226 280 355
21 71 359
81 227 383
15 20 149
17 182 276
71 86 359
111 205 224
39 69 358
135 179 295
115 325 392
68 145 269
17 278 374
15 338 436
101 183 288
68 153 181
70 316 412
63 120 376
243 264 422
67 79 217
2 114 393
67 79 215
98 314 337
209 403 435
267 286 420
42 45 288
65 289 443
65 88 333
65 88 384
63 389 394
47 56 166
63 120 184
63 184 282
164 242 330
61 158 177
273 373 430
132 387 395
171 373 430
49 273 302
74 314 441
57 271 336
33 329 445
0 18 95
56 97 140
47 56 97
263 384 442
114 128 417
280 336 355
55 235 340
54 266 375
53 194 261
53 194 342
52 389 412
38 218 311
7 52 132
89 313 448
26 109 161
68 267 420
68 214 269
190 201 298
78 272 325
363 367 381
48 360 418
94 174 230
48 85 146
92 423 428
53 204 378
46 251 335
68 145 153
57 252 336
15 20 443
45 71 101
14 115 250
168 303 439
44 49 302
26 43 257
43 44 257
41 165 279
17 276 374
29 39 358
17 78 182
62 223 338
14 46 115
41 165 234
121 197 377
226 280 309
13 214 350
24 158 375
26 109 257
26 27 123
84 275 336
31 193 440
30 193 440
48 85 360
81 256 383
0 95 187
11 39 246
19 232 390
98 99 304
192 374 439
151 202 390
170 368 370
271 355 365
296 302 366
86 233 383
12 73 346
40 51 156
19 151 356
13 229 363
169 222 309
60 204 415
13 66 269
9 262 316
330 332 431
35 48 400
17 78 411
10 383 388
44 257 302
72 84 306
70 253 316
129 192 278
20 149 396
11 25 279
2 317 417
28 37 245
104 281 442
13 229 350
38 72 127
40 51 196
27 165 362
3 163 364
130 255 386
66 269 348
128 317 322
80 227 383
47 148 166
84 306 336
12 346 353
247 320 367
15 385 436
65 104 442
15 223 443
229 311 437
160 386 397
100 113 198
62 289 443
70 376 394
148 263 327
122 172 249
16 35 400
1 61 388
22 298 301
201 204 415
83 268 324
21 101 183
187 299 371
16 134 400
1 61 322
43 44 143
54 321 375
0 18 380
1 32 86
10 24 321
70 176 376
38 311 437
45 101 124
175 187 352
197 377 426
29 296 366
5 136 236
68 304 420
5 136 240
6 136 270
18 113 198
335 405 411
36 159 330
33 139 369
65 384 442
127 231 306
63 376 394
19 89 213
7 63 282
55 175 187
70 389 412
25 69 358
143 192 444
191 242 348
202 391 419
40 156 206
9 110 262
67 73 217
83 247 320
78 182 272
122 131 422
151 202 414
108 186 237
19 232 349
73 217 402
18 113 380
24 93 321
11 165 279
26 27 416
38 218 275
91 171 296
42 45 77
56 166 341
99 286 420
27 165 220
38 84 275
150 234 445
10 24 208
28 292 436
12 318 353
29 107 358
132 287 387
29 246 366
10 208 388
7 52 63
108 186 199
142 167 310
125 170 368
30 193 258
30 228 258
2 248 317
52 132 412
37 324 328
19 213 349
37 112 324
327 339 395
85 360 435
41 234 294
40 91 121
22 23 301
152 303 439
244 261 303
43 277 444
35 202 391
83 241 424
70 389 394
191 203 265
62 223 443
202 308 414
50 116 218
41 106 305
38 127 343
125 357 368
53 403 409
171 296 430
68 119 375
33 150 369
11 246 362
71 86 299
85 134 219
42 77 188
28 245 292
82 168 303
41 106 270
85 173 219
6 136 154
86 274 359
86 383 388
103 135 179
9 88 253
162 207 379
88 176 253
100 113 212
9 88 263
89 213 319
1 86 388
169 309 355
254 325 392
91 171 196
174 209 435
35 48 418
97 140 341
99 304 420
224 280 309
13 66 363
40 121 159
118 133 296
105 258 281
89 313 319
151 356 448
169 222 288
207 216 379
98 266 314
130 386 432
99 205 225
272 276 374
99 286 406
100 212 428
100 423 428
68 304 375
101 124 288
104 126 281
28 120 436
139 238 335
65 104 443
20 104 443
127 331 343
55 175 235
43 143 444
29 107 296
108 160 211
108 211 284
108 284 449
109 161 163
95 114 128
111 127 231
111 231 280
147 249 385
218 311 408
131 147 249
242 348 404
100 114 156
36 114 156
167 189 428
79 217 254
36 114 330
72 127 306
114 330 393
2 114 417
89 356 448
210 213 290
107 118 200
139 335 433
118 200 421
243 245 404
209 346 353
120 347 376
120 347 436
121 159 377
122 172 292
291 368 370
68 119 203
122 243 422
68 181 203
209 402 403
86 233 274
125 357 448
167 212 380
97 341 369
85 134 146
127 205 406
127 331 406
128 317 417
31 345 440
174 360 435
103 135 254
133 197 296
134 146 400
42 169 288
58 135 254
106 136 270
159 330 431
142 175 235
77 144 382
83 247 324
141 156 196
141 156 315
138 147 351
92 428 438
144 340 382
73 346 402
100 315 423
59 273 430
150 234 294
14 46 335
107 118 296
92 415 423
147 351 422
148 166 339
117 242 264
148 263 344
150 240 369
116 218 408
78 250 325
150 154 240
19 89 356
150 294 372
3 163 366
151 285 448
202 308 419
4 112 184
285 357 448
156 159 206
204 261 413
36 156 159
51 156 196
158 322 446
119 158 375
162 207 434
164 242 300
167 189 310
167 212 428
16 35 202
53 157 378
173 219 310
174 360 418
94 174 418
184 282 324
178 282 324
293 421 425
238 251 335
112 184 324
1 187 299
40 91 196
185 187 352
50 116 239
190 201 413
181 191 203
192 278 374
152 192 439
74 99 225
129 192 444
61 158 322
162 200 379
174 209 353
200 379 421
34 267 286
53 204 261
205 224 225
88 263 384
45 124 288
209 346 402
210 290 386
