17 411 444
119 203 312
245 320 381
229 320 363
43 123 433
17 278 444
234 294 372
138 147 422
252 271 336
63 347 407
142 219 399
45 71 124
224 225 427
271 336 365
76 284 429
57 252 271
108 160 449
203 248 265
119 181 203
78 182 411
14 78 250
27 161 364
31 126 396
176 376 407
6 270 372
155 251 392
8 323 401
226 306 336
84 275 306
231 280 306
38 84 218
267 304 420
111 127 205
226 280 306
96 137 265
96 191 265
36 159 431
19 151 390
61 322 388
90 189 438
183 274 359
42 222 288
336 355 365
108 199 449
142 219 310
210 213 382
16 134 219
16 391 419
94 334 370
308 334 419
308 414 419
232 235 349
134 219 310
334 391 419
142 175 399
21 71 101
32 86 102
164 330 431
117 264 300
11 25 69
109 163 257
51 156 206
90 173 180
190 244 413
23 49 273
22 23 49
94 283 370
46 115 251
139 155 251
139 238 251
44 143 192
190 244 303
6 154 447
200 345 358
31 345 396
338 385 436
162 345 434
162 379 434
172 385 436
118 293 421
131 147 422
15 149 223
216 379 421
52 63 389
65 176 333
4 28 184
83 247 268
6 106 270
30 228 236
148 327 339
7 52 282
57 239 252
50 239 252
50 252 275
169 355 365
111 224 225
64 224 427
111 205 225
68 214 267
119 312 446
34 297 343
50 218 239
311 424 437
116 218 239
72 127 343
38 218 437
57 268 408
241 320 367
241 247 367
87 243 404
83 241 247
83 268 408
166 341 387
7 178 268
112 178 324
28 37 292
112 324 328
320 367 381
229 320 424
245 328 381
122 243 404
245 320 363
218 311 437
229 424 437
34 195 297
38 195 297
119 158 446
24 119 304
68 267 304
68 119 304
145 214 269
145 153 348
68 145 214
66 348 404
117 242 300
119 153 181
181 191 265
203 248 312
36 330 431
96 137 242
137 330 393
181 203 265
177 317 446
158 177 446
24 93 208
286 331 420
331 406 420
98 99 337
54 266 314
98 266 375
74 225 337
221 260 398
221 309 398
221 260 427
81 221 441
233 256 383
81 314 441
54 256 314
81 227 233
80 227 410
80 227 233
221 309 401
221 401 410
55 175 340
1 32 388
32 86 388
24 61 208
32 102 299
77 144 371
55 144 340
55 144 371
42 76 188
71 101 124
42 45 124
42 124 288
42 45 188
76 130 188
255 386 432
108 125 237
170 186 237
313 356 448
285 291 368
170 291 368
89 313 356
210 313 319
160 255 386
213 319 349
210 213 319
175 235 340
16 35 391
219 232 399
16 35 134
19 89 313
19 349 390
48 146 400
16 202 232
16 219 232
48 334 418
48 334 400
94 334 418
134 173 310
85 180 435
85 146 400
90 173 310
85 173 180
423 428 438
75 141 301
189 428 438
51 156 315
92 423 438
212 423 428
142 175 352
142 167 189
185 187 307
142 185 352
0 307 380
0 198 380
0 18 198
0 187 307
61 317 322
1 95 187
100 212 423
113 198 380
18 114 198
100 156 315
36 156 206
36 159 206
164 300 332
133 197 426
29 296 302
22 49 190
49 190 303
201 298 413
60 201 204
23 298 301
171 196 373
141 196 373
201 298 415
60 204 378
60 201 415
201 204 413
53 204 413
79 215 217
60 180 378
94 360 418
12 230 283
94 230 283
174 209 360
209 360 435
209 346 403
12 230 318
230 318 353
12 215 295
12 67 215
272 342 439
67 215 217
53 244 261
53 157 409
168 194 303
53 244 413
82 168 194
182 278 374
272 276 439
152 168 303
182 272 276
103 179 295
272 325 342
103 135 295
58 79 254
115 254 325
14 78 411
115 250 251
46 251 392
405 411 444
14 238 335
14 405 411
17 182 411
78 182 250
17 182 278
14 335 405
43 277 433
139 329 433
123 329 433
33 139 329
26 43 123
43 143 277
129 278 444
44 152 192
129 152 192
49 152 303
29 39 246
44 109 257
27 123 416
27 362 364
109 302 366
29 246 302
27 220 362
220 259 354
27 161 416
26 123 416
259 354 445
220 234 259
33 150 445
11 165 362
165 220 234
270 294 372
150 154 447
136 154 240
97 140 369
5 228 236
165 234 294
41 279 440
228 344 361
106 270 305
279 345 440
30 236 305
41 270 305
41 270 294
41 165 294
165 220 362
29 39 107
162 200 345
107 200 358
39 107 358
107 118 421
29 107 118
118 133 197
87 243 351
133 264 426
118 133 293
207 216 434
243 351 422
172 249 292
15 138 147
15 147 385
15 338 385
15 138 207
138 351 422
216 379 434
20 126 396
104 384 442
223 289 338
20 396 443
62 289 407
223 289 443
15 223 338
62 289 338
122 131 249
122 249 292
172 292 436
62 347 407
4 28 37
63 120 347
37 112 328
63 120 282
7 132 268
52 63 282
63 376 407
70 394 412
389 394 412
9 110 263
57 132 268
9 253 316
9 176 253
20 104 126
65 104 384
105 281 442
148 327 344
9 110 316
110 263 327
5 228 361
132 326 395
47 56 148
166 339 341
110 262 316
262 326 395
287 341 387
209 409 435
260 398 427
35 391 400
334 391 400
98 375 406
216 351 421
195 350 437
64 398 427
346 402 403
166 339 387
338 347 436
62 338 347
335 405 433
123 329 354
324 328 381
324 367 381
93 321 375
253 316 412
132 316 412
75 315 423
74 314 337
313 386 397
313 319 349
19 313 349
311 320 424
309 336 355
226 309 336
169 429 449
30 305 440
75 301 423
298 301 415
141 301 373
291 308 334
291 334 370
222 288 401
183 288 359
21 288 359
183 288 323
127 286 343
34 286 343
283 291 370
105 281 344
64 280 398
280 309 398
279 345 358
59 273 302
23 273 301
145 269 348
264 332 426
264 293 425
133 264 293
262 387 395
110 262 327
264 300 332
53 261 402
194 261 303
6 259 447
150 259 447
234 259 372
258 281 344
228 258 344
161 257 416
26 257 416
161 257 364
160 255 449
255 284 449
70 253 412
176 253 376
252 275 306
252 306 336
66 245 269
245 269 363
137 242 330
238 250 251
14 238 250
125 237 448
237 357 448
83 241 408
81 233 314
74 225 441
205 225 406
99 225 406
224 231 280
149 223 396
222 309 401
221 225 427
221 225 441
262 327 339
217 254 325
217 261 342
13 214 363
214 267 350
213 235 349
211 255 432
210 386 432
210 382 432
170 237 357
82 194 261
142 307 380
8 80 401
80 401 410
47 344 361
77 188 432
90 142 189
76 130 211
76 169 429
75 141 196
136 236 305
76 211 284
71 77 371
4 37 184
211 255 284
21 71 359
71 77 188
71 102 359
69 362 364
87 117 153
11 69 362
39 69 358
267 350 420
39 69 246
68 119 153
67 73 346
12 67 318
285 291 308
2 114 393
22 23 413
98 314 337
351 421 425
65 88 333
286 350 420
65 88 384
197 332 377
100 156 198
24 177 317
63 389 394
77 290 432
93 304 375
104 289 443
164 242 330
60 92 415
241 311 408
59 373 430
59 296 302
132 387 395
171 373 430
49 273 302
74 314 441
58 135 295
71 299 371
57 116 239
33 329 445
107 162 379
64 224 280
0 18 95
56 287 369
87 117 351
56 97 140
159 164 431
47 56 97
82 168 439
45 71 188
55 175 352
54 266 375
132 262 316
1 95 388
53 402 403
52 389 412
7 52 132
95 128 417
60 180 438
70 253 376
82 342 439
47 148 344
217 325 342
42 76 222
53 204 378
46 115 254
68 145 153
59 273 373
117 264 425
46 103 392
129 152 168
26 43 257
49 152 302
69 246 364
31 281 442
43 44 257
5 97 240
223 396 443
16 414 419
214 269 363
1 32 371
121 197 377
226 280 309
13 214 350
15 207 434
31 193 440
113 142 380
30 193 440
8 183 274
51 159 206
0 95 187
2 18 114
278 374 439
115 182 250
151 202 390
163 257 364
157 180 378
50 84 218
86 233 383
115 182 325
19 151 356
13 229 363
2 18 95
28 184 282
169 222 309
32 299 371
138 207 351
127 224 231
107 162 200
182 272 325
58 79 215
117 181 191
72 84 306
217 261 402
37 292 328
11 25 279
2 317 417
11 41 165
76 169 222
3 302 366
66 122 245
13 229 350
34 286 350
170 283 291
40 51 196
3 163 364
57 116 408
66 269 348
128 317 322
60 92 438
31 193 258
67 318 353
23 298 413
160 386 397
100 113 198
3 109 366
1 55 187
56 140 369
8 80 233
70 376 394
103 155 179
85 146 418
46 103 254
6 106 136
7 112 178
159 164 332
43 44 143
44 152 302
54 321 375
178 247 268
122 245 328
2 137 393
61 208 383
11 41 279
209 403 409
10 54 256
1 55 371
3 109 163
10 93 208
5 47 97
213 235 340
51 75 315
5 136 236
5 136 240
84 297 343
10 93 321
15 149 434
284 429 449
176 289 407
127 231 306
63 376 394
202 349 390
8 233 274
8 183 323
25 279 358
210 313 386
40 159 377
125 313 397
29 197 296
221 227 410
25 69 358
61 383 388
67 346 353
143 192 444
125 160 397
7 112 282
67 73 217
40 91 171
10 54 321
56 148 341
50 84 275
56 287 341
22 190 413
122 131 422
9 176 333
151 202 414
35 134 173
108 186 237
33 139 287
33 150 287
148 339 341
288 323 401
73 217 402
125 313 448
304 406 420
28 120 282
82 261 342
113 142 167
28 292 436
29 118 197
132 287 387
111 127 224
127 286 331
108 186 199
31 104 442
3 246 302
2 248 317
52 132 412
34 195 350
85 360 435
9 88 333
5 47 361
35 85 400
151 285 308
40 91 121
35 85 173
244 261 303
40 51 159
31 258 281
37 112 184
44 109 302
59 296 430
71 102 299
248 312 446
40 121 377
157 409 435
53 403 409
170 285 368
24 61 317
137 248 265
51 75 196
72 84 343
48 146 418
277 405 433
6 136 154
86 274 359
86 383 388
85 360 418
100 113 212
9 88 263
130 188 432
169 309 355
90 142 310
91 171 430
144 290 382
91 296 430
81 221 227
91 121 296
108 125 160
290 382 432
130 211 432
92 301 415
58 215 295
24 93 304
94 174 360
94 230 353
94 174 353
96 117 191
21 101 288
151 356 448
24 119 177
149 345 434
6 259 372
3 246 364
66 122 404
241 311 320
98 266 314
98 99 406
99 225 337
101 124 288
132 262 326
16 202 414
112 184 282
103 155 392
149 345 396
28 120 436
65 104 289
139 238 335
20 104 443
97 240 369
96 117 242
105 327 344
105 263 327
105 263 384
105 384 442
147 172 249
107 379 421
218 311 408
150 287 369
113 167 428
131 147 249
113 212 428
114 156 198
36 114 156
38 195 437
167 189 428
79 217 254
36 114 330
72 127 306
114 330 393
30 193 228
207 216 351
117 153 181
151 308 414
117 351 425
304 375 406
213 340 382
139 335 433
119 158 177
209 346 353
248 317 446
120 347 436
121 197 296
122 292 328
122 243 422
123 220 354
27 123 220
86 233 274
197 332 426
127 205 406
127 331 406
128 317 417
128 322 388
31 345 440
129 278 439
103 135 254
90 180 438
182 276 439
58 135 254
106 136 305
2 137 248
95 128 388
143 405 444
143 277 405
273 301 373
77 144 290
144 340 382
73 346 402
38 84 297
262 339 387
40 171 196
100 315 423
147 172 385
150 240 369
116 218 408
150 154 240
150 259 445
19 89 356
151 285 448
285 357 448
153 348 404
41 305 440
229 350 437
129 168 439
157 180 435
86 102 359
159 332 377
164 242 300
233 256 314
170 285 357
53 157 378
87 153 404
193 228 258
175 232 235
175 232 399
65 176 289
208 256 383
293 421 425
178 247 367
178 324 367
182 374 439
55 187 352
185 187 352
329 354 445
129 192 444
2 95 417
174 209 353
202 232 349
92 301 423
88 263 384
10 208 256
142 185 307
31 104 126
