245 320 381
43 123 433
234 294 372
109 163 366
142 219 399
45 71 124
224 225 427
271 336 365
151 390 414
213 349 382
203 248 265
75 92 423
202 414 419
202 390 414
182 276 374
163 364 366
25 41 279
27 161 364
31 126 396
176 376 407
6 270 372
116 311 408
8 323 401
7 132 412
231 280 306
111 127 205
66 269 363
96 137 265
96 191 265
36 159 431
153 181 191
19 151 390
74 225 427
61 322 388
98 304 420
8 274 323
336 355 365
108 199 449
142 219 310
210 213 382
1 322 388
94 334 370
308 334 419
308 414 419
232 235 349
334 391 419
55 187 371
32 86 102
100 198 212
149 207 434
117 264 300
75 100 315
109 163 257
59 171 273
85 134 173
276 374 439
90 173 180
360 418 435
23 49 273
22 23 49
94 283 370
139 155 251
139 238 251
103 179 392
26 44 257
162 379 421
150 372 445
20 65 104
31 345 396
162 345 434
133 293 425
40 91 296
87 117 404
172 385 436
118 293 421
162 200 421
65 176 333
4 28 184
30 228 236
148 327 339
7 52 282
50 239 252
275 306 336
38 72 343
50 252 275
169 222 355
169 355 365
64 309 398
222 355 401
64 224 427
224 226 280
38 297 343
72 84 231
119 312 446
34 127 343
34 297 343
13 214 267
38 72 84
72 127 343
38 218 437
83 311 408
87 243 404
83 241 247
178 268 324
83 241 311
166 341 387
7 178 268
112 178 324
28 37 292
320 367 381
37 122 292
66 245 404
245 328 381
122 243 404
37 245 328
66 145 348
66 145 269
13 267 350
229 424 437
34 195 297
38 195 297
119 158 446
54 256 321
68 119 304
145 214 269
145 153 348
68 145 214
66 348 404
122 245 404
87 117 264
96 191 242
117 242 300
137 164 330
153 191 348
137 164 300
264 300 426
137 242 300
36 330 431
96 137 242
137 330 393
312 317 446
24 158 177
158 177 446
10 208 321
10 256 321
93 266 375
127 205 331
205 331 406
98 99 337
54 266 314
74 427 441
64 260 427
64 260 398
221 260 427
81 221 410
81 314 441
21 86 359
86 102 299
1 32 299
32 102 299
124 183 288
77 299 371
55 144 340
55 144 371
71 77 299
45 71 77
71 101 124
42 45 124
42 124 288
210 382 386
130 211 284
130 211 255
108 160 397
125 170 237
170 186 237
285 291 368
170 291 368
170 357 368
151 285 291
285 357 368
290 386 432
290 382 386
213 319 349
210 213 319
235 349 382
232 235 399
175 235 399
202 232 390
19 89 313
48 146 400
16 202 232
48 418 435
134 173 310
90 173 310
85 173 180
90 92 438
51 156 315
212 423 428
100 114 198
36 100 114
185 187 307
175 185 352
0 307 380
185 307 380
113 167 212
0 18 198
0 187 307
61 317 322
36 100 156
113 198 212
18 114 198
100 156 315
36 156 206
36 159 206
164 300 332
91 121 377
133 197 426
40 159 206
40 91 159
91 121 197
91 197 296
171 196 430
11 39 362
49 109 302
59 171 430
171 273 373
22 49 190
49 190 303
44 49 152
201 298 413
22 23 298
60 201 204
171 196 373
141 196 373
60 204 378
157 204 378
201 204 413
60 180 378
157 209 435
12 230 283
94 230 283
174 209 360
209 360 435
209 346 403
73 346 403
12 230 318
12 215 295
12 67 215
67 217 402
67 73 402
194 244 303
194 244 261
152 168 303
115 250 325
182 272 276
272 325 342
79 217 342
79 254 342
58 79 254
115 254 325
254 325 342
14 78 411
155 179 392
43 277 433
139 329 433
123 329 433
26 43 143
26 43 123
43 143 277
44 152 192
129 152 192
49 152 303
44 49 109
44 109 257
26 161 257
27 362 364
26 161 416
109 302 366
3 364 366
3 246 366
3 246 362
27 220 362
3 362 364
27 161 416
26 123 416
123 354 445
259 354 445
6 150 372
33 150 445
11 165 362
270 294 372
6 150 447
5 97 369
150 154 447
5 240 369
136 154 240
97 140 369
136 236 240
165 234 294
193 258 281
228 344 361
31 193 345
31 193 281
193 345 440
106 270 305
30 41 305
41 270 305
41 270 294
41 165 294
165 220 362
11 39 69
107 118 421
118 133 197
300 332 426
118 133 293
138 351 425
172 249 292
138 207 216
15 138 207
138 351 422
138 216 425
15 149 207
20 126 396
104 384 442
62 289 407
15 223 338
62 338 436
122 131 249
37 122 245
122 249 292
28 292 347
172 292 436
28 120 347
62 347 407
4 28 37
63 120 347
63 120 282
88 176 333
7 178 282
7 132 268
176 376 394
52 63 282
70 394 412
389 394 412
376 389 394
9 110 263
57 132 268
110 327 339
110 262 339
9 253 316
70 176 394
70 176 253
20 104 126
105 281 442
9 110 316
110 263 327
47 148 361
148 344 361
56 148 339
110 262 316
287 387 395
287 341 387
133 425 426
264 425 426
351 422 425
210 386 397
379 421 425
216 379 425
320 367 424
345 358 440
279 358 440
107 358 421
200 358 421
123 354 416
142 352 399
185 352 380
195 350 437
63 347 376
347 376 407
166 339 387
223 338 443
335 405 433
238 335 433
14 335 411
164 330 377
123 329 445
324 328 381
324 367 381
247 324 367
274 323 359
313 319 397
210 319 397
316 326 395
262 316 395
74 314 337
313 319 349
189 310 428
90 310 428
309 336 355
226 309 336
169 429 449
190 303 413
246 296 366
291 308 334
291 334 370
77 290 371
144 290 371
222 288 401
183 288 323
287 326 395
132 287 326
283 291 370
226 280 336
280 306 336
274 359 383
59 273 302
273 298 301
252 271 275
6 270 447
98 266 337
93 266 321
54 266 321
262 387 395
260 309 398
175 352 399
234 259 372
259 372 445
105 258 344
228 258 344
161 257 364
255 284 449
103 254 392
70 253 412
132 253 412
253 316 326
241 247 424
243 422 425
87 243 425
117 242 404
241 311 437
50 239 275
57 239 271
139 238 433
235 290 382
235 290 340
232 313 349
5 228 240
227 256 383
227 233 274
98 266 304
205 225 406
224 231 280
111 224 231
221 355 401
221 309 355
217 402 409
53 217 409
217 261 342
214 267 420
13 214 363
239 252 271
61 317 446
57 83 408
82 168 276
82 194 261
82 194 303
81 221 427
80 81 227
85 157 435
14 78 251
77 188 432
76 188 432
76 130 432
76 169 429
75 100 212
48 94 418
75 141 196
74 337 406
73 403 409
151 291 308
4 37 184
211 255 284
231 275 306
111 205 224
267 350 420
135 179 295
69 107 358
17 278 374
15 338 436
68 145 181
266 304 375
266 314 337
67 73 346
144 290 340
67 79 217
67 79 215
66 245 320
65 289 443
40 196 430
92 298 301
65 88 333
286 350 420
197 332 377
77 290 432
93 304 375
60 90 180
59 296 302
49 273 302
74 314 441
58 135 295
34 127 286
57 116 239
33 329 445
57 83 268
0 18 95
56 140 287
241 424 437
55 235 340
54 227 256
54 81 227
54 81 314
247 367 424
35 48 391
52 389 412
89 313 448
95 128 417
330 377 431
48 334 391
75 92 141
33 150 329
80 274 410
94 174 230
48 85 146
92 423 428
0 113 198
64 224 226
46 115 254
46 155 392
129 152 168
244 303 413
84 231 275
31 281 442
76 169 188
20 149 443
18 114 393
11 41 69
17 129 278
30 136 305
17 78 182
214 269 363
62 292 347
46 115 250
121 197 377
56 140 148
15 149 443
30 193 440
37 178 282
271 275 336
0 95 187
37 184 282
19 232 390
278 374 439
163 257 364
74 225 406
296 302 366
157 180 378
27 220 259
16 134 310
40 51 156
157 204 409
19 151 356
13 229 363
39 107 118
2 18 95
28 184 282
56 166 339
66 320 363
14 251 335
35 48 400
182 272 325
58 79 215
17 78 411
20 149 396
2 317 417
145 153 181
11 41 165
15 138 385
2 18 393
46 155 251
16 219 399
29 39 118
13 229 350
34 286 350
78 250 251
170 283 291
40 51 196
57 116 408
128 317 322
30 136 236
40 296 430
136 154 270
15 385 436
75 212 423
61 177 208
15 223 443
8 221 401
16 219 310
160 386 397
62 289 443
148 263 327
221 260 309
16 35 400
52 376 389
108 237 397
82 276 342
83 268 324
80 227 274
21 101 183
78 182 325
187 299 371
16 134 400
92 141 301
26 44 192
1 32 86
0 167 380
2 137 393
61 208 383
90 92 415
209 403 409
119 158 304
51 75 315
95 128 187
68 304 420
284 429 449
176 289 407
335 405 411
48 94 334
227 233 383
233 274 383
61 177 446
25 279 358
55 175 187
141 273 373
130 284 429
125 313 397
29 197 296
25 69 358
61 383 388
67 346 353
143 192 444
191 242 348
202 391 419
40 156 206
60 298 415
108 255 449
26 143 192
52 63 376
21 183 323
56 287 341
22 190 413
122 131 422
48 85 435
108 186 237
132 253 326
288 323 401
30 279 440
24 93 321
38 218 275
42 45 77
56 166 341
62 292 436
125 313 448
12 67 353
38 84 275
27 259 354
25 41 69
28 120 282
82 261 342
12 318 353
29 118 197
29 246 362
21 323 359
29 39 362
127 286 331
108 186 199
142 167 310
19 232 313
39 69 107
140 287 369
31 104 442
2 248 317
68 214 420
68 119 181
37 324 328
37 112 324
34 195 350
0 113 167
8 274 410
165 234 259
35 202 391
17 405 444
24 208 321
191 203 265
80 81 410
29 246 296
22 298 413
59 296 430
162 345 358
46 254 392
119 181 312
17 182 374
42 77 188
167 352 380
82 168 303
137 248 265
60 201 298
51 75 196
85 157 180
21 86 101
277 405 433
86 101 299
86 383 388
86 359 383
53 204 409
87 264 425
72 127 231
88 104 384
27 354 416
88 105 384
103 135 179
88 105 263
9 88 253
162 207 379
88 176 253
9 88 263
1 86 388
90 428 438
138 147 385
91 377 431
91 159 431
130 255 432
73 402 409
58 215 295
24 93 304
37 112 178
92 298 415
101 124 183
105 258 281
151 356 448
160 386 432
169 222 288
149 345 434
97 228 361
5 97 228
23 273 298
207 216 379
98 286 420
98 286 331
98 331 406
98 99 406
71 101 299
174 230 318
17 129 444
116 218 437
149 345 396
229 363 424
24 158 304
105 148 344
204 244 261
55 175 235
46 250 251
105 384 442
147 172 249
108 160 255
228 236 240
111 127 231
150 287 369
131 147 249
242 348 404
38 195 437
167 189 428
64 226 309
116 218 275
36 114 330
114 330 393
30 193 228
116 239 275
116 311 437
89 356 448
151 308 414
30 41 279
209 346 353
122 243 422
7 52 412
125 170 357
125 357 448
62 338 443
197 332 426
99 337 406
85 134 146
81 427 441
128 317 417
129 278 439
76 130 429
103 135 254
131 138 422
131 138 147
154 270 447
134 146 400
42 169 288
58 135 254
106 136 270
106 136 305
164 332 377
20 65 443
2 137 248
47 140 361
83 247 324
97 140 361
141 273 301
272 276 342
143 405 444
92 428 438
143 277 405
60 90 415
17 405 411
262 339 387
147 172 385
65 88 104
150 240 369
78 250 325
150 154 240
139 150 287
203 248 317
19 89 356
139 150 329
151 285 448
105 148 263
53 217 261
285 357 448
229 350 437
129 168 439
8 221 410
162 207 434
162 200 358
165 220 259
47 140 148
167 189 310
142 167 352
167 212 428
16 35 202
168 276 439
42 169 188
160 255 432
174 318 353
174 360 418
193 228 258
94 174 418
175 185 187
65 176 289
208 256 383
293 421 425
238 251 335
181 203 312
320 363 424
1 187 299
128 187 322
1 187 322
181 191 203
129 192 444
2 95 417
24 177 208
174 209 353
203 312 317
204 244 413
53 204 261
125 237 397
205 224 225
10 208 256
157 209 409
16 232 399
31 104 126
