154 159 307
77 90 127
40 239 331
177 185 341
51 249 327
101 113 144
145 152 156
17 177 277
112 113 144
150 196 348
175 276 304
42 111 226
4 37 106
66 103 217
115 182 186
113 249 316
12 23 220
6 299 339
35 77 243
155 168 172
90 167 168
1 50 332
1 148 166
51 283 327
51 199 283
1 13 50
36 142 180
94 113 231
36 94 180
153 231 291
152 153 156
147 227 275
258 333 337
59 223 232
244 255 310
11 110 126
11 98 126
117 135 253
11 98 205
39 69 104
129 280 290
83 296 320
69 141 298
41 71 330
55 214 347
257 326 334
27 47 193
65 87 160
60 75 87
170 259 284
62 226 260
15 279 340
198 212 262
26 175 302
33 161 229
33 175 304
33 76 280
235 302 319
31 81 248
43 100 248
58 149 189
12 189 318
34 54 95
112 144 287
32 72 169
32 101 237
101 113 308
136 283 327
283 321 339
3 321 339
199 283 339
12 30 186
25 72 169
169 182 300
28 115 186
25 169 182
28 30 186
100 190 256
28 30 220
12 30 220
31 190 256
81 211 242
19 58 99
23 31 256
89 211 251
81 149 211
161 271 288
107 155 288
35 155 172
90 168 172
3 90 339
3 90 127
3 127 300
5 96 191
140 204 290
155 168 263
6 29 167
67 168 263
107 155 263
129 263 280
247 264 290
247 280 290
33 229 280
122 140 245
122 131 206
57 276 282
122 131 140
140 264 290
13 164 204
21 39 104
13 39 293
39 69 293
164 204 246
5 204 290
51 230 281
166 188 246
96 188 286
29 96 191
29 167 168
199 299 339
166 230 281
14 136 321
136 283 321
207 230 301
40 316 331
113 316 331
51 230 301
40 121 207
121 207 301
40 80 207
40 80 239
40 121 316
0 80 239
0 74 239
1 148 332
0 148 332
50 97 332
253 267 310
97 98 332
105 135 253
180 215 328
88 142 309
36 88 142
142 309 328
102 215 331
102 215 328
142 180 328
94 153 231
36 94 153
91 94 180
133 205 324
36 200 324
145 152 173
192 231 291
59 171 223
20 258 337
49 335 338
20 49 335
173 335 338
173 273 338
70 152 173
20 49 337
52 82 244
18 52 255
18 52 305
22 209 223
20 22 223
59 214 347
59 86 261
59 171 303
83 296 297
305 320 329
83 320 329
52 208 305
194 222 348
208 305 320
44 150 196
45 82 150
52 244 255
45 82 244
10 105 135
63 253 310
63 105 253
10 147 298
69 104 141
97 98 135
117 253 267
98 117 135
13 50 293
50 97 187
141 269 298
45 63 227
44 184 275
141 269 317
158 183 206
158 250 317
17 64 260
114 139 146
93 289 325
130 159 163
326 330 334
143 165 326
8 27 47
71 269 317
222 257 334
194 222 257
221 257 326
165 221 326
8 46 60
7 85 297
7 208 257
7 218 257
55 160 218
75 87 221
55 218 347
65 160 214
55 160 214
65 214 343
59 214 343
8 60 75
59 232 261
59 86 343
60 65 87
87 160 218
8 47 75
16 24 346
125 138 346
134 176 345
16 174 346
134 176 261
66 176 261
134 202 345
202 219 314
84 285 314
132 163 342
163 217 342
78 130 154
78 130 270
109 241 292
241 292 311
197 292 311
78 154 216
111 124 226
197 216 292
154 178 307
124 178 307
159 163 284
130 154 159
159 234 284
170 234 284
170 195 234
79 170 195
93 254 262
93 254 289
79 195 307
48 103 266
212 238 262
103 217 259
15 228 279
181 323 340
42 119 198
79 124 307
4 260 277
4 226 260
62 64 260
17 260 277
92 185 201
183 206 282
276 282 304
26 116 201
116 185 201
92 185 341
106 306 323
108 128 312
53 294 313
228 294 295
56 210 336
56 236 319
9 56 236
9 236 251
89 211 242
9 99 149
19 189 318
19 58 189
58 99 149
19 68 99
53 313 318
9 99 313
265 313 318
53 294 295
38 53 295
272 278 318
120 123 278
279 312 323
15 123 340
279 323 340
34 95 274
103 266 274
34 103 240
123 157 340
15 120 123
54 95 349
34 103 274
34 54 240
49 337 338
333 337 338
273 333 338
56 319 336
113 308 327
14 308 321
85 303 347
59 303 347
302 319 336
26 302 336
3 300 321
6 286 299
247 264 280
76 264 280
238 262 289
254 262 289
83 85 297
83 85 171
83 171 223
28 315 344
79 259 325
18 209 305
80 137 230
70 231 232
77 115 127
95 203 349
18 258 322
129 191 290
38 53 318
13 166 246
78 84 241
73 102 328
32 72 237
22 258 322
61 146 268
71 330 334
0 80 148
118 212 238
36 153 156
80 137 148
90 167 339
86 134 261
71 250 317
181 306 323
205 258 333
199 281 299
44 196 275
78 241 311
104 131 141
132 285 342
15 120 228
65 138 346
65 343 346
14 136 308
62 64 268
61 64 268
157 203 340
119 181 212
63 105 147
96 188 246
61 139 146
7 218 347
173 232 335
70 192 231
63 147 227
114 146 252
17 64 139
140 245 264
223 305 329
35 155 242
84 213 241
51 249 316
113 249 327
71 196 348
5 191 290
131 141 206
47 165 221
26 128 336
47 143 165
47 143 193
46 125 314
27 109 213
145 173 324
11 73 309
66 176 285
45 227 275
118 212 225
70 192 291
57 92 175
41 233 326
9 149 251
41 114 224
45 63 310
26 92 201
54 278 349
28 243 315
60 65 138
12 31 189
33 245 264
83 223 329
12 25 182
13 21 39
20 22 258
2 37 277
60 125 138
5 96 246
10 97 187
35 43 243
4 37 277
71 222 334
228 294 313
42 93 111
100 220 344
107 229 288
10 69 298
8 84 314
38 272 318
41 326 330
70 153 291
11 102 110
32 101 308
216 252 292
37 312 323
35 77 90
166 188 281
169 300 321
6 29 286
13 21 204
11 205 309
56 210 313
73 309 328
109 213 241
178 216 252
2 177 277
95 118 203
7 85 347
68 99 265
66 285 342
72 144 179
78 84 270
66 217 342
16 134 219
163 259 284
37 108 185
51 121 301
117 205 267
2 177 185
154 178 216
7 296 320
196 269 275
79 93 124
71 222 348
79 170 259
47 75 221
46 60 125
0 98 332
48 289 325
16 24 219
61 64 139
45 244 310
54 278 318
5 204 246
0 98 126
180 215 331
81 149 189
147 269 298
12 23 31
57 175 276
41 114 233
48 259 325
100 190 248
18 255 258
132 163 270
281 286 299
174 343 346
106 226 306
37 106 323
122 206 304
71 196 269
7 208 320
11 73 102
28 77 243
51 199 281
10 97 135
26 92 175
19 68 318
17 139 183
17 183 282
43 100 243
18 22 209
52 82 150
38 120 228
62 226 268
70 152 153
10 69 187
8 27 84
255 267 310
79 93 325
33 76 264
205 255 258
12 25 287
28 77 115
25 72 287
31 81 189
86 174 343
27 109 143
21 104 131
109 233 326
89 236 319
42 93 198
84 132 270
28 220 344
13 164 246
45 184 275
23 100 256
37 108 312
150 162 348
32 169 308
52 150 162
33 245 304
9 56 313
35 43 242
35 90 172
84 132 285
36 88 205
48 118 289
8 46 314
4 106 226
243 315 344
102 110 239
91 180 331
169 308 321
85 171 303
86 134 174
52 162 208
128 279 312
114 224 250
210 228 313
128 279 336
89 235 271
89 235 319
91 94 113
176 285 345
67 191 263
29 168 191
80 207 230
92 177 341
93 111 124
20 223 335
229 263 280
45 150 184
95 118 274
91 113 331
145 200 324
99 265 313
23 100 220
51 121 316
100 243 344
102 239 331
33 161 175
146 151 268
10 105 147
108 116 128
108 116 185
109 114 252
109 114 233
109 143 326
74 110 239
98 117 205
210 279 336
36 156 200
118 203 225
181 203 225
48 118 266
118 266 274
118 238 289
205 255 267
119 198 212
119 226 306
42 119 226
120 272 278
38 120 272
36 205 324
24 219 346
57 92 177
122 245 304
0 74 110
124 151 268
12 182 186
125 219 314
127 182 300
124 151 178
161 229 288
43 242 248
131 140 204
16 134 174
134 202 219
136 308 327
133 173 324
137 148 166
137 166 230
194 208 257
133 173 333
141 158 317
141 158 206
27 143 193
2 37 185
124 226 268
101 144 237
144 179 237
145 156 200
29 96 286
146 178 252
146 151 178
7 296 297
109 252 292
147 269 275
129 191 263
149 211 251
41 71 224
155 242 288
157 278 349
123 157 278
44 150 184
115 127 182
161 175 271
162 194 348
163 217 259
130 163 270
114 139 250
18 22 322
6 167 339
67 168 191
38 228 295
70 173 232
173 273 333
17 177 282
175 235 302
175 235 271
57 177 282
68 265 318
159 234 307
26 116 128
119 181 306
158 183 250
139 183 250
69 187 293
50 187 293
181 212 225
188 281 286
31 190 248
21 131 204
1 13 166
89 236 251
71 224 250
93 198 262
162 194 208
48 103 259
72 144 287
157 203 349
202 285 345
202 285 314
181 203 340
72 179 237
88 205 309
133 205 333
206 282 304
210 228 279
0 110 126
197 216 311
78 216 311
87 218 221
218 221 257
125 219 346
209 223 305
223 232 335
107 229 263
195 234 307
81 242 248
242 271 288
89 242 271
27 84 213
54 240 318
