107 161 229
154 159 307
77 90 127
40 239 331
177 185 341
1 164 246
21 39 204
91 180 215
101 113 144
114 224 233
145 152 156
17 177 277
112 113 144
255 258 322
42 111 226
4 37 106
66 103 217
116 128 336
72 179 287
144 179 287
113 249 316
28 220 315
5 96 204
155 168 172
6 90 167
1 148 166
166 281 286
0 137 148
136 249 327
51 199 283
73 88 205
36 142 180
94 113 231
82 150 162
153 231 291
152 153 156
133 273 337
258 333 337
59 223 232
192 231 232
11 110 126
45 184 227
10 187 298
117 135 253
39 69 104
17 57 177
17 64 183
129 280 290
55 214 347
7 85 218
27 47 193
65 87 160
170 259 284
62 226 260
15 279 340
235 271 302
33 161 229
140 264 304
107 161 288
67 129 263
235 302 319
89 235 251
210 228 294
31 81 248
43 243 315
58 149 189
12 189 318
157 181 340
240 278 318
12 72 287
112 144 287
32 179 237
32 101 237
14 113 308
101 113 308
115 182 300
25 72 169
12 25 186
12 25 72
25 182 186
25 169 182
220 315 344
23 256 344
28 30 220
77 243 315
23 220 344
12 30 220
31 190 256
31 100 248
31 100 190
81 211 242
19 58 99
23 31 256
161 271 288
35 242 288
3 90 339
3 90 127
5 96 191
155 168 263
67 168 263
5 129 290
129 263 280
247 280 290
33 229 280
33 76 304
76 247 264
122 140 245
122 131 206
57 276 282
122 206 245
76 264 304
21 131 206
13 164 204
21 39 104
39 69 293
166 188 286
51 199 299
5 129 191
29 67 168
51 281 299
199 299 339
113 136 249
207 230 301
40 316 331
40 121 207
121 207 301
40 121 316
91 215 331
74 110 331
0 80 137
74 239 331
1 148 332
0 148 332
0 126 332
97 98 332
98 126 332
11 73 110
73 88 309
180 215 328
88 142 309
36 88 142
102 110 331
102 215 331
102 215 328
142 180 328
94 153 231
91 94 180
91 94 331
133 205 324
36 200 324
152 153 291
192 231 291
152 192 291
59 171 223
70 232 335
49 335 338
70 173 335
133 173 273
20 49 335
133 333 337
49 273 338
173 335 338
173 273 338
70 152 173
20 49 337
49 273 337
52 82 244
209 305 329
208 296 297
162 208 257
85 218 347
59 214 347
59 171 303
83 171 303
305 320 329
208 296 320
194 222 348
7 208 297
208 305 320
162 194 257
45 82 150
63 105 227
63 105 253
10 147 298
41 224 317
206 245 282
17 57 183
114 139 146
326 330 334
143 165 326
8 27 47
41 224 233
150 162 194
165 221 326
7 85 297
7 208 257
7 218 257
55 160 218
75 87 221
55 218 347
65 160 214
59 85 347
55 160 214
65 214 343
46 125 138
60 65 343
138 174 346
75 165 221
87 160 218
87 218 257
8 47 75
46 60 138
125 202 219
134 176 345
16 174 261
86 174 261
66 176 261
24 134 202
66 176 345
202 219 314
66 217 285
132 270 342
132 163 342
163 217 342
78 130 270
111 124 226
154 252 292
151 178 268
159 163 284
130 154 159
93 254 262
79 93 170
48 103 266
181 323 340
119 306 323
61 151 268
2 4 37
4 226 260
62 64 260
57 183 282
183 206 282
276 282 304
26 116 201
92 185 341
2 37 108
37 106 108
2 108 185
53 294 313
228 294 295
56 210 336
9 56 210
56 236 319
9 56 236
9 210 294
236 251 319
9 236 251
235 251 319
89 211 242
9 99 149
19 189 318
23 31 189
19 58 189
58 99 149
19 68 99
9 294 313
53 294 295
272 278 318
15 123 340
34 103 240
95 203 274
123 157 340
15 120 123
54 95 349
222 334 348
330 334 348
41 317 330
71 317 330
312 323 340
106 306 312
306 312 323
51 301 327
121 301 316
249 301 316
83 296 329
296 320 329
296 297 303
83 296 303
3 283 300
228 279 295
38 272 295
178 268 307
255 267 333
265 272 318
53 265 272
155 263 288
238 262 289
254 262 289
106 108 128
63 82 227
45 82 227
83 171 223
18 209 305
80 137 230
77 168 172
77 115 127
81 89 211
122 131 204
95 203 349
61 146 183
74 207 239
78 84 241
56 116 336
158 224 317
73 205 267
44 71 184
71 184 269
71 141 317
78 241 311
29 167 191
51 136 327
150 194 196
18 52 322
62 64 268
61 64 268
63 82 244
61 64 183
61 151 178
6 96 167
83 209 223
184 269 275
114 146 252
181 198 323
71 150 196
26 56 302
56 302 319
26 56 116
84 213 241
51 166 301
51 136 283
4 17 277
71 196 348
52 244 310
52 255 322
26 175 271
48 217 259
20 22 209
46 60 75
71 330 348
102 142 328
118 212 225
57 92 175
24 174 346
41 233 326
26 92 201
164 188 204
1 188 246
54 278 349
1 97 332
14 169 321
13 69 298
157 272 278
3 199 339
27 193 241
12 28 186
81 89 149
107 263 288
14 32 169
24 176 261
194 196 348
21 104 206
10 97 187
35 43 243
13 69 293
170 254 289
10 135 253
114 252 292
84 217 342
42 93 111
184 275 298
124 268 307
41 326 330
32 101 308
12 28 30
9 89 251
60 86 343
33 276 304
1 50 187
4 64 260
48 103 217
38 279 295
2 177 277
3 115 300
68 99 265
54 240 274
78 84 270
141 269 275
163 259 284
244 253 310
2 177 185
113 136 283
157 181 212
79 93 124
54 95 274
130 159 270
109 197 311
221 222 326
106 128 312
152 192 232
48 289 325
75 165 193
77 90 168
4 17 64
5 140 290
3 199 283
1 166 188
24 134 176
94 316 331
169 182 283
81 149 189
84 217 285
57 175 276
47 75 193
165 193 241
48 259 325
34 266 274
13 50 164
0 74 80
281 286 299
1 97 187
29 129 191
106 226 306
52 255 310
33 175 276
71 141 269
130 154 216
79 170 234
10 97 135
26 92 175
19 68 318
61 146 178
18 22 209
66 134 345
9 265 313
18 162 208
62 226 268
258 322 337
87 194 257
33 76 247
60 138 174
87 221 222
35 172 243
255 267 310
20 209 223
63 244 253
259 289 325
65 75 87
18 52 162
10 105 253
11 117 267
60 65 75
16 24 261
53 265 313
28 77 115
93 170 254
31 81 189
2 4 277
26 271 302
14 32 308
27 84 125
59 85 303
28 77 315
28 182 186
109 233 326
141 158 183
96 167 191
28 115 182
23 189 220
29 90 167
34 240 274
133 200 324
5 140 204
125 219 285
8 46 125
33 247 280
20 22 337
34 103 266
123 157 272
35 43 242
36 88 205
48 118 289
79 195 234
52 82 162
29 67 129
77 172 243
13 50 298
74 80 207
4 106 226
27 213 241
60 86 174
38 120 279
164 188 246
84 270 342
83 209 329
85 297 303
86 214 343
248 315 344
86 232 261
128 279 312
114 224 250
9 99 265
128 279 336
133 152 173
9 89 149
89 235 271
90 299 339
6 90 299
92 116 185
13 204 293
92 116 201
80 207 230
92 177 341
141 183 206
93 119 198
42 93 119
93 111 124
119 198 323
16 24 174
20 223 335
59 86 214
94 153 156
140 245 282
94 113 316
229 263 280
181 198 262
45 150 184
6 96 299
96 286 299
97 98 117
279 312 340
97 117 135
133 267 333
102 142 309
33 161 175
104 141 206
69 104 298
104 141 298
11 73 267
105 147 227
10 105 147
140 247 264
108 116 128
108 116 185
70 152 232
3 115 127
109 114 292
109 114 233
8 46 75
109 197 292
109 143 326
53 272 295
18 208 305
73 110 309
113 283 321
14 113 321
43 248 315
98 117 126
11 117 126
154 197 216
12 189 220
66 285 314
210 279 336
117 267 310
117 253 310
118 212 262
118 238 262
212 225 274
48 118 266
118 266 274
118 238 289
119 226 306
42 119 226
38 120 272
36 205 324
15 120 279
57 92 177
0 74 110
120 123 272
124 195 307
79 124 195
84 125 285
43 242 248
100 248 344
78 130 216
1 50 164
132 159 163
133 145 152
133 156 200
133 145 156
133 205 267
182 283 300
143 165 311
134 202 314
137 148 166
249 301 327
137 166 230
138 202 346
125 138 202
140 282 304
141 158 317
141 275 298
140 247 290
178 252 307
109 143 311
124 226 268
101 144 237
144 179 237
59 86 232
146 178 252
24 202 346
22 322 337
139 146 183
147 184 227
147 184 298
154 197 292
156 180 200
94 156 180
157 203 212
122 140 204
157 278 349
44 150 184
158 224 250
159 170 284
159 170 234
161 175 271
163 217 259
8 27 125
165 241 311
114 139 250
166 230 301
18 22 322
54 240 278
72 169 179
118 225 274
35 172 288
32 169 179
169 283 321
170 259 289
155 172 288
102 110 309
36 180 200
132 159 270
68 265 318
159 234 307
181 212 262
50 187 298
158 183 250
139 183 250
40 207 239
190 256 344
100 190 344
21 131 204
93 198 262
29 90 168
51 166 281
87 194 222
157 203 349
96 204 286
188 204 286
39 204 293
66 134 314
210 228 279
0 110 126
203 212 274
197 216 311
78 216 311
219 285 314
222 326 334
223 232 335
44 71 150
107 229 263
195 234 307
81 242 248
242 271 288
89 242 271
27 84 213
154 252 307
255 258 333
