23 64 87
12 17 18
20 27 96
29 34 80
16 84 85
0 34 82
0 39 60
29 40 80
15 70 75
1 24 62
5 10 41
5 24 62
9 21 26
12 35 93
28 71 72
14 53 98
31 42 67
22 55 79
21 26 86
11 27 96
9 30 49
30 85 99
25 40 80
40 57 63
0 39 47
40 47 57
39 50 60
0 11 60
20 27 82
20 34 82
25 80 94
20 34 94
0 29 34
12 17 35
12 20 96
3 15 70
34 80 94
18 25 94
15 43 74
25 37 38
15 18 43
18 25 43
1 64 87
37 38 87
3 23 70
3 37 87
1 62 64
6 23 64
6 62 64
1 24 38
1 38 87
10 14 91
5 10 62
3 23 87
10 62 91
10 14 41
5 41 53
14 41 53
89 91 97
2 32 81
36 53 98
23 33 70
35 70 90
65 77 93
12 45 96
31 42 92
7 42 67
19 73 86
7 77 93
21 42 92
2 61 81
61 81 88
69 86 92
31 69 92
31 32 69
8 51 88
8 51 69
8 81 88
2 4 61
51 61 88
28 51 61
28 61 72
21 86 92
52 71 72
51 69 86
28 68 71
28 51 68
68 71 86
51 68 86
52 71 73
71 73 86
19 52 73
9 26 99
49 58 85
19 48 54
22 48 84
26 78 99
19 54 78
54 78 99
11 46 96
12 59 93
45 56 95
9 21 95
21 59 95
9 30 99
45 56 96
44 56 96
13 39 50
13 50 76
44 46 96
49 66 83
30 49 85
16 58 85
48 84 85
66 79 83
13 79 83
26 78 86
13 76 83
46 76 83
67 77 89
6 62 97
65 77 89
7 67 77
44 56 83
19 78 86
16 55 84
9 49 95
49 56 95
49 66 79
48 54 99
47 57 63
39 47 63
46 50 76
21 42 59
22 55 84
38 40 63
44 46 83
3 15 37
15 37 74
16 55 79
14 89 91
89 90 97
17 18 75
12 45 95
65 89 90
12 18 94
49 58 79
8 32 81
12 59 95
4 5 36
8 32 69
46 50 60
7 59 93
0 11 27
14 89 98
2 4 32
25 43 74
4 32 36
0 29 47
62 91 97
33 70 90
5 36 53
0 27 82
23 33 97
17 35 70
16 58 79
25 38 40
32 89 98
49 56 83
17 70 75
15 18 75
11 46 60
29 40 47
6 23 97
7 42 59
25 37 74
32 36 98
12 20 94
31 67 89
48 85 99
31 32 89
33 90 97
35 65 93
35 65 90
