3 37 74
29 34 80
16 84 85
0 39 60
29 40 80
15 70 75
25 40 63
5 10 41
36 89 98
9 21 26
32 36 89
12 35 93
28 71 72
14 53 98
32 67 89
31 42 67
65 90 93
48 54 85
54 85 99
22 55 79
21 26 86
11 27 96
9 30 49
30 85 99
58 66 79
25 40 80
40 57 63
40 47 57
39 50 60
11 50 60
0 11 60
20 34 82
25 80 94
0 29 40
12 17 35
12 20 96
45 59 95
18 25 94
15 43 74
25 38 63
18 25 43
3 15 74
37 38 87
15 17 75
3 37 87
6 62 64
1 24 38
1 38 87
10 14 91
3 23 87
5 41 53
89 91 97
2 4 36
36 53 98
6 91 97
6 33 97
35 90 93
35 70 90
65 77 93
12 45 96
31 42 92
7 42 93
7 42 67
19 73 86
7 77 93
21 42 92
4 36 53
4 5 53
31 69 92
8 51 88
8 51 69
8 81 88
2 4 61
51 61 88
21 86 92
52 71 72
28 68 71
28 51 68
68 71 86
51 68 86
52 71 73
71 73 86
19 52 73
9 26 99
49 58 85
19 48 54
22 48 84
26 78 99
19 54 78
54 78 99
11 46 96
12 59 93
45 56 95
12 45 59
9 30 99
44 49 56
13 46 76
13 46 83
44 46 96
49 66 83
49 58 66
30 49 85
16 58 85
48 84 85
16 55 58
16 22 84
16 22 55
55 58 79
20 82 96
66 79 83
13 79 83
26 78 86
31 67 69
32 67 69
67 77 89
65 77 89
7 67 77
19 78 86
51 86 92
9 49 95
49 56 95
51 69 92
47 57 63
39 47 63
11 46 50
46 50 76
44 45 56
21 42 59
13 39 76
39 50 76
25 38 74
27 82 96
37 38 74
32 36 81
44 46 83
39 40 47
15 23 33
14 89 91
89 90 97
65 89 90
9 59 95
3 15 23
10 41 53
42 59 93
10 24 62
8 32 81
44 49 83
1 23 64
51 61 72
15 33 70
1 23 87
17 18 94
8 32 69
2 61 88
2 36 81
0 11 27
9 21 59
10 14 53
12 17 94
14 89 98
2 81 88
25 43 74
5 10 24
6 10 91
33 70 90
0 27 82
17 35 70
28 51 72
17 18 43
0 29 82
17 70 75
1 24 64
6 10 62
20 34 80
20 80 94
24 62 64
23 33 64
44 45 96
0 39 40
29 34 82
15 17 43
12 20 94
6 33 64
33 90 97
