23 64 87
11 27 82
15 70 75
25 40 63
5 10 41
9 21 26
12 35 93
28 71 72
14 53 98
2 32 36
32 67 89
22 55 79
21 26 86
11 27 96
13 66 83
13 66 79
30 85 99
58 66 79
40 57 63
39 47 57
0 39 47
39 57 63
40 47 57
0 11 82
11 50 60
0 11 60
12 17 35
3 15 70
18 25 94
15 43 74
25 37 38
25 38 63
18 25 43
25 37 43
37 43 74
1 64 87
37 38 87
15 17 75
3 23 70
3 37 87
70 90 97
6 23 64
1 24 38
1 38 87
10 14 91
33 70 97
3 23 87
10 62 91
5 41 53
89 91 97
2 4 36
2 32 81
36 53 98
14 91 98
7 77 89
89 91 98
6 91 97
23 33 70
35 70 90
65 77 93
7 42 67
7 67 89
7 77 93
21 42 92
32 69 81
8 69 81
8 51 88
8 51 69
8 81 88
2 4 61
51 61 88
21 86 92
51 69 86
28 68 71
28 51 68
68 71 86
51 68 86
71 73 86
19 52 73
9 26 99
49 58 85
19 48 54
22 48 84
19 26 78
19 54 78
11 46 96
12 59 93
45 56 95
9 30 99
9 56 95
45 56 96
44 56 96
13 39 50
13 46 76
13 50 76
13 46 83
44 46 96
49 66 83
49 58 66
30 49 85
16 58 85
20 82 96
20 80 82
31 67 69
32 67 69
6 64 91
62 64 91
65 77 89
44 56 83
16 55 84
48 54 99
11 46 50
46 50 76
21 42 59
25 40 94
27 82 96
22 55 84
16 48 85
44 46 83
3 15 37
15 37 74
16 55 79
89 90 97
12 45 95
26 54 78
65 89 90
9 59 95
10 41 53
10 24 62
51 61 72
31 67 92
12 59 95
4 5 36
34 80 82
17 18 94
0 39 50
0 50 60
2 61 88
34 40 80
7 59 93
9 21 59
10 14 53
12 17 94
19 26 73
2 81 88
52 72 73
5 10 24
16 48 84
0 29 47
5 36 53
71 72 73
12 20 45
31 69 86
23 33 97
26 73 86
42 67 92
9 30 56
17 35 70
28 51 72
16 58 79
32 89 98
17 18 43
0 29 82
49 56 83
17 70 75
1 24 64
29 40 47
20 80 94
40 80 94
20 45 96
6 23 97
7 42 59
24 62 64
26 54 99
32 36 98
29 34 82
15 17 43
30 49 56
12 20 94
31 86 92
48 85 99
35 65 93
29 34 40
35 65 90
