12 17 18
3 37 74
15 17 18
20 27 96
16 84 85
17 35 75
12 18 20
77 89 97
1 24 62
5 10 41
65 77 97
36 89 98
9 21 26
32 36 89
12 35 93
28 71 72
14 53 98
32 67 89
22 55 79
21 26 86
11 27 96
9 30 49
30 85 99
58 66 79
40 57 63
39 47 57
0 39 47
39 57 63
40 47 57
0 11 60
20 27 82
12 17 35
45 59 95
34 80 94
18 20 94
18 25 94
15 43 74
25 37 38
15 18 43
18 25 43
25 37 43
3 15 74
37 43 74
37 38 87
35 70 75
15 17 75
3 37 87
70 90 97
1 62 64
1 24 38
1 38 87
10 14 91
33 70 97
3 23 87
10 62 91
10 14 41
5 41 53
14 41 53
89 91 97
2 32 81
36 53 98
14 91 98
7 77 89
89 91 98
6 91 97
6 33 97
23 33 70
35 70 90
65 90 97
65 77 93
7 42 93
7 42 67
19 73 86
7 67 89
7 77 93
21 42 92
8 51 88
8 51 69
8 81 88
28 61 72
21 86 92
52 71 72
51 69 86
28 68 71
28 51 68
68 71 86
51 68 86
52 71 73
71 73 86
19 52 73
9 26 99
19 48 54
22 48 84
19 54 78
21 42 93
11 46 96
21 59 93
12 59 93
45 56 95
12 45 59
9 30 99
44 49 56
45 56 96
44 46 49
44 56 96
13 39 50
13 50 76
46 49 83
44 46 96
49 66 83
30 49 85
16 58 85
48 84 85
34 82 94
66 79 83
13 79 83
26 78 86
13 76 83
46 76 83
31 67 69
32 67 69
49 66 85
6 64 91
62 64 91
19 78 86
16 55 84
9 49 95
49 56 95
48 54 99
46 50 76
25 40 94
22 55 84
38 40 63
28 61 88
58 66 85
16 55 79
26 54 78
9 59 95
3 15 23
10 24 62
28 51 88
8 32 81
1 23 64
1 23 87
31 67 92
4 5 36
0 39 50
20 82 94
8 32 69
0 50 60
23 70 75
46 50 60
34 40 80
15 23 75
0 11 27
9 21 59
2 81 88
2 4 32
4 32 36
5 10 24
0 29 47
5 36 53
12 20 45
31 69 86
0 27 82
42 67 92
4 61 88
16 58 79
25 38 40
0 29 82
2 4 88
11 46 60
29 40 47
40 80 94
20 45 96
23 33 64
26 54 99
29 34 82
31 86 92
48 85 99
6 33 64
35 65 93
29 34 40
35 65 90
