101 106 121
56 136 147
55 101 121
11 82 116
42 58 65
27 100 149
0 21 127
0 74 80
83 139 148
90 102 123
2 20 40
36 53 54
66 72 114
83 92 96
29 34 113
14 91 130
8 14 91
42 58 130
10 28 73
29 33 81
6 94 115
13 93 99
35 62 84
19 24 26
6 38 115
0 118 127
50 118 127
4 74 80
31 44 142
31 44 80
62 110 142
62 84 110
31 62 142
61 106 117
61 84 117
3 4 80
3 61 106
55 79 101
101 106 117
55 65 79
30 43 131
30 131 145
48 87 123
2 23 141
43 48 123
51 100 125
100 125 149
87 123 141
2 40 141
40 123 141
40 90 123
66 90 102
9 89 132
89 132 147
2 132 147
2 9 132
7 136 137
7 86 136
54 57 89
57 86 89
7 56 137
56 136 137
64 69 88
56 64 71
1 41 64
1 41 76
75 104 139
1 76 107
53 63 148
30 96 145
63 109 145
63 83 148
39 139 148
55 92 96
39 75 107
91 126 130
91 105 111
12 32 103
104 126 139
39 75 139
12 75 104
103 105 111
41 64 88
69 88 135
5 67 69
56 64 69
15 103 122
5 18 69
5 32 67
5 18 68
18 69 77
18 77 128
77 98 128
28 122 128
34 45 113
34 73 134
10 15 17
29 113 138
45 140 146
45 113 140
34 45 146
119 120 146
98 128 134
119 134 144
113 124 138
120 140 146
113 124 140
78 115 144
38 115 144
116 119 144
33 82 138
13 81 99
29 33 138
8 14 42
14 42 130
16 22 143
47 60 112
22 60 143
47 60 143
46 101 117
35 85 133
26 49 129
47 70 143
49 129 133
16 70 143
16 52 108
6 52 94
6 19 38
19 24 38
87 141 149
48 121 125
116 124 140
97 112 117
109 131 145
12 103 104
91 104 105
87 125 149
86 136 147
63 83 145
116 119 120
82 124 138
3 80 110
78 116 144
11 78 116
41 76 135
7 71 86
57 71 86
82 116 124
5 68 103
65 93 99
49 62 133
35 62 133
59 64 71
58 83 130
58 83 92
48 87 125
55 58 65
54 66 102
36 54 102
53 54 57
52 108 129
84 97 117
20 25 72
55 58 92
68 103 122
13 29 81
22 81 99
18 68 122
23 50 51
10 17 29
32 76 135
8 17 111
116 120 140
16 108 129
19 26 129
15 28 122
46 79 101
83 126 130
0 50 118
22 65 79
47 85 97
74 121 125
12 76 107
3 4 121
3 106 121
1 39 59
27 51 100
52 95 129
20 40 72
22 52 94
9 20 25
3 61 84
16 70 129
10 29 73
15 17 103
32 67 69
11 33 81
25 54 72
6 19 95
11 78 115
35 85 97
60 79 112
3 84 110
21 31 80
7 56 71
46 112 117
21 31 37
1 39 107
4 74 121
8 65 93
43 102 131
8 13 29
5 32 103
80 110 142
16 22 52
12 75 107
34 119 134
83 126 139
43 55 96
8 17 29
6 52 95
0 21 80
8 13 93
17 103 111
40 72 114
2 9 20
47 70 129
8 91 111
9 54 89
22 65 99
22 60 79
23 27 141
22 94 115
23 27 51
39 53 148
11 22 115
103 104 105
41 88 135
10 15 28
27 141 149
18 122 128
28 128 134
28 73 134
29 34 73
11 22 81
9 25 54
31 49 62
31 37 49
39 53 59
40 66 114
12 32 76
54 66 72
35 84 97
34 119 146
11 33 82
86 89 147
50 74 125
36 109 131
8 42 65
36 102 131
57 59 71
1 59 64
53 57 59
30 43 96
91 104 126
40 66 90
0 50 74
83 96 145
43 55 121
53 63 109
46 79 112
32 69 135
47 129 133
43 102 123
47 85 133
43 48 121
36 53 109
47 97 112
19 95 129
50 51 125
44 80 142
