101 106 121
56 136 147
55 101 121
75 76 107
10 29 34
11 82 116
11 22 94
43 48 74
27 100 149
0 51 118
0 21 127
0 74 80
48 74 125
90 102 123
29 34 113
42 58 130
1 64 71
10 28 73
19 24 26
6 38 115
0 21 37
0 118 127
50 51 118
50 118 127
0 51 125
4 74 80
31 44 142
31 44 80
62 110 142
62 84 110
35 49 62
31 62 142
61 84 117
3 4 106
3 44 80
3 4 80
43 74 121
0 74 125
3 61 106
55 79 101
55 65 79
30 131 145
2 23 141
48 125 149
51 100 125
50 51 100
100 125 149
23 27 149
48 87 149
25 54 89
9 89 132
2 132 147
2 9 132
7 136 137
126 130 139
7 57 86
7 86 136
57 86 89
56 136 137
64 69 88
56 64 71
1 57 59
1 41 76
75 104 139
1 76 107
53 54 59
30 96 145
36 63 109
63 83 148
39 139 148
58 92 130
39 75 107
91 126 130
10 34 73
12 32 103
12 104 105
39 75 139
103 105 111
67 69 135
69 88 135
32 67 135
5 67 69
56 64 69
12 103 105
15 103 122
68 122 128
18 69 77
73 128 134
77 98 128
28 73 128
28 122 128
34 45 113
10 15 17
45 140 146
45 113 140
34 45 146
98 128 134
119 134 144
120 140 146
113 124 140
78 115 144
38 115 144
8 10 29
8 10 17
8 14 42
16 22 143
13 81 93
11 22 99
11 82 99
22 60 143
46 97 117
35 85 133
35 49 133
26 49 129
49 129 133
16 22 94
6 52 94
16 52 94
6 19 52
6 19 38
19 24 38
87 141 149
130 139 148
119 124 144
119 120 134
120 134 146
119 120 140
119 124 140
40 114 123
90 114 123
47 112 143
105 111 126
91 111 126
104 105 139
83 92 148
86 136 147
86 132 147
86 89 132
63 83 109
83 109 145
82 124 138
33 81 82
65 79 93
78 116 144
11 78 116
75 76 104
12 76 104
23 141 149
66 72 90
9 72 89
105 126 139
34 73 146
56 71 137
7 71 137
47 70 112
73 134 146
70 97 112
70 95 129
82 116 124
70 95 108
5 68 103
68 77 128
18 68 69
5 68 69
18 68 77
5 67 103
62 85 97
70 85 129
61 101 106
60 97 112
54 59 89
42 58 93
35 62 85
55 83 92
55 83 96
55 58 65
36 53 102
53 66 90
53 90 102
52 70 108
84 97 117
2 20 141
19 95 108
55 58 92
46 61 101
68 103 122
13 79 93
8 17 111
19 26 129
16 47 143
16 47 70
60 112 143
15 28 122
58 65 93
46 79 101
62 84 97
13 82 99
1 41 88
13 79 99
85 129 133
36 63 148
46 61 117
72 90 114
1 39 59
20 40 72
3 61 84
1 7 57
1 64 88
116 124 144
15 17 103
8 29 33
20 40 87
4 106 121
25 54 72
11 78 115
3 84 110
32 67 103
1 39 107
4 74 121
36 131 145
23 50 100
8 33 81
57 59 89
36 53 148
6 11 94
36 109 145
8 14 111
29 113 124
6 11 115
17 103 111
9 20 72
40 87 123
40 72 114
2 9 20
32 41 76
20 87 141
13 81 82
22 60 79
8 42 81
39 53 148
32 41 135
41 88 135
10 15 28
46 60 97
92 130 148
36 43 102
29 82 138
1 7 71
29 33 82
29 124 138
30 55 96
31 49 62
31 37 49
39 53 59
46 60 79
22 79 99
12 32 76
54 66 72
70 85 97
36 43 131
42 91 130
0 37 80
53 54 66
31 37 80
83 96 145
16 52 70
19 52 108
42 81 93
14 42 91
43 55 131
43 55 121
43 48 87
43 87 123
25 72 89
44 110 142
3 44 110
30 55 131
43 102 123
14 91 111
23 27 100
19 95 129
