56 136 147
26 95 129
11 22 94
85 97 117
70 85 133
0 21 127
30 96 121
0 74 80
40 90 114
20 72 114
39 59 148
53 59 148
2 20 72
36 66 102
20 40 114
66 72 114
83 92 96
29 34 113
14 91 130
10 28 73
47 70 85
61 84 110
6 38 115
0 118 127
50 118 127
4 74 80
31 44 142
31 44 80
62 110 142
62 84 110
35 49 62
31 62 142
3 61 110
61 84 117
3 4 106
43 74 121
0 74 125
3 61 106
55 79 101
55 96 121
30 43 131
30 43 121
30 131 145
2 23 141
48 125 149
51 100 125
23 27 149
48 87 149
43 123 131
40 90 123
36 53 63
9 89 132
2 132 147
2 9 132
86 89 136
7 57 86
54 57 89
57 86 89
56 136 137
64 69 88
56 64 71
1 57 71
1 57 59
75 104 139
53 63 148
30 96 145
36 102 109
36 63 109
39 139 148
58 92 130
55 92 96
91 105 111
15 17 111
91 105 126
15 103 111
12 104 105
12 75 104
103 105 111
41 64 88
67 69 135
69 88 135
32 67 135
5 67 69
56 64 69
15 103 122
18 69 77
77 98 128
28 73 128
34 45 113
29 113 138
119 134 146
45 113 140
34 45 146
119 134 144
113 124 138
113 124 140
78 115 144
38 115 144
11 78 94
33 82 138
8 10 29
8 29 81
16 22 143
11 22 99
22 60 99
47 60 112
22 60 143
70 129 133
47 60 143
47 85 112
85 97 112
46 97 117
47 70 143
52 95 108
16 70 143
16 22 94
16 70 108
124 140 144
119 140 144
132 136 147
130 139 148
119 120 140
104 105 139
102 109 145
90 102 114
11 99 116
96 109 145
16 94 108
83 92 148
42 92 93
90 102 145
90 123 131
90 131 145
86 136 137
82 124 138
29 81 138
33 81 82
89 132 136
39 107 139
65 79 93
78 116 144
11 78 116
65 79 92
73 98 134
23 141 149
105 126 139
34 73 146
56 71 137
52 94 108
73 134 146
70 95 129
0 118 125
82 116 124
70 95 108
5 68 103
68 77 128
18 68 69
5 68 69
18 68 77
5 67 103
60 97 112
62 85 117
7 57 137
35 62 85
55 106 121
55 101 106
75 107 139
57 71 137
36 53 66
53 54 57
52 78 115
52 78 94
91 126 139
2 20 141
68 103 122
1 41 107
63 96 109
23 50 51
13 79 93
14 42 93
15 28 122
46 79 101
65 92 93
13 82 99
23 51 100
12 76 107
13 60 99
46 61 117
1 39 59
2 9 25
27 100 125
46 61 106
8 10 15
28 68 122
2 25 72
10 29 73
73 98 128
116 124 144
14 15 17
4 106 121
25 54 72
63 96 148
6 19 95
21 31 80
4 44 80
32 67 103
21 31 37
1 39 107
4 74 121
14 17 111
91 130 139
3 4 110
12 75 107
6 24 38
26 49 133
6 19 24
50 118 125
6 52 95
0 21 80
40 87 123
55 79 92
13 60 79
8 13 81
20 40 141
14 58 130
32 41 76
14 42 58
41 76 107
9 54 89
13 81 82
45 119 120
28 68 128
4 44 110
62 84 117
19 24 95
32 41 135
26 129 133
41 88 135
10 15 28
7 86 137
46 60 97
92 130 148
66 102 114
29 34 73
9 25 54
31 49 62
31 37 49
40 87 149
83 96 148
13 14 93
24 26 95
46 60 79
12 32 76
54 66 72
32 103 105
53 54 66
27 125 149
53 57 59
45 119 146
8 13 14
40 141 149
1 41 71
41 64 71
33 81 138
45 120 140
12 32 105
42 58 92
43 48 87
43 87 123
43 74 125
8 14 15
6 52 115
44 110 142
82 99 116
46 101 106
14 91 111
23 27 100
35 49 85
49 85 133
50 51 125
43 48 125
