56 136 147
55 101 121
75 76 107
10 29 34
11 82 116
27 100 149
0 51 118
46 60 101
0 21 127
8 42 93
40 90 114
48 74 125
90 102 123
2 20 40
20 72 114
39 59 148
53 59 148
20 40 114
66 72 114
83 92 130
29 34 113
42 58 130
1 64 71
82 116 138
10 28 73
29 33 81
6 94 115
13 93 99
19 24 26
6 38 115
0 118 127
50 51 118
50 118 127
3 110 142
4 74 80
3 44 142
31 44 142
62 110 142
62 84 110
31 62 142
61 106 117
61 84 117
3 61 106
30 131 145
2 23 141
48 87 149
2 40 141
40 90 123
25 54 66
66 90 102
66 90 114
25 54 89
25 66 72
9 89 132
2 132 147
2 9 132
86 89 136
57 86 89
56 136 137
64 69 88
56 64 71
12 41 76
12 41 88
1 41 64
104 105 126
53 63 148
53 54 59
63 109 145
39 139 148
58 92 130
91 105 111
10 34 73
12 32 103
91 105 126
12 104 105
5 68 122
12 88 135
41 64 88
32 67 135
5 67 69
56 64 69
12 32 135
15 103 122
5 18 69
5 18 68
18 69 77
18 77 128
73 128 134
77 98 128
28 73 128
34 45 113
34 134 146
34 73 134
10 15 17
29 113 138
45 113 140
34 45 146
98 128 134
119 134 144
113 124 138
113 124 140
78 115 144
116 119 124
38 115 144
116 119 144
116 124 138
33 82 138
13 81 99
29 33 138
8 14 42
42 65 93
60 79 101
16 22 143
11 22 99
47 60 112
47 60 143
47 85 112
46 101 117
85 97 112
46 97 117
35 85 133
52 95 108
16 22 94
16 70 108
16 52 108
6 52 94
16 52 94
6 19 52
132 136 147
130 139 148
83 130 148
43 121 131
119 120 134
120 134 146
119 120 140
119 124 140
101 117 121
106 117 121
109 131 145
22 99 143
86 136 137
33 81 82
89 132 136
39 107 139
65 79 93
78 116 144
11 78 116
75 76 104
12 76 104
56 71 137
7 71 137
7 71 86
57 71 86
70 95 108
5 67 122
67 103 122
67 88 135
55 65 101
65 79 101
49 62 133
35 62 133
60 97 112
54 59 89
1 59 71
55 83 92
67 69 88
55 83 96
54 66 102
75 107 139
36 53 102
84 97 117
20 25 72
91 126 139
1 41 107
13 29 81
18 68 122
23 50 51
10 17 29
16 47 143
16 47 70
15 28 122
93 99 143
55 121 131
62 84 97
4 31 80
4 31 44
23 51 100
9 20 89
12 103 111
3 4 121
3 4 44
3 106 121
1 39 59
75 126 139
18 28 122
3 61 84
15 17 103
19 26 52
63 96 148
11 78 115
35 85 97
45 120 146
3 84 110
32 67 103
21 31 37
1 39 107
4 74 121
14 17 111
91 130 139
0 21 31
57 59 89
6 24 38
11 81 99
12 105 111
8 17 29
26 49 133
6 19 24
17 103 111
40 87 123
8 14 17
8 29 93
2 9 20
47 70 129
11 81 82
41 76 107
26 70 129
35 62 97
23 27 141
22 94 115
11 22 115
26 52 95
26 70 95
26 129 133
20 25 89
10 15 28
48 51 100
48 100 149
60 93 143
27 40 141
7 86 137
46 60 97
27 40 149
30 63 145
30 55 96
30 63 96
31 49 62
31 37 49
31 74 80
40 87 149
75 104 126
83 96 148
0 31 74
51 74 125
36 43 131
53 54 102
36 43 123
36 102 123
36 109 131
42 91 130
57 59 71
18 28 128
60 79 93
42 55 65
42 55 92
45 120 140
14 42 91
42 58 92
43 48 87
43 87 123
13 29 93
53 63 109
30 55 131
47 129 133
47 85 133
48 51 125
43 48 121
48 74 121
36 53 109
14 91 111
23 27 100
0 51 74
