72 97 196
10 114 284
47 187 226
77 349 352
93 312 321
115 285 331
156 180 255
156 180 395
129 188 196
90 252 373
33 184 333
90 355 373
67 147 222
186 229 240
51 212 352
21 383 388
137 185 386
164 271 379
28 57 189
19 242 393
205 295 308
51 212 374
146 147 222
205 218 280
70 153 241
95 186 263
51 77 352
180 213 395
156 258 395
55 59 363
31 192 222
150 165 172
285 356 360
40 102 376
40 96 385
17 203 378
214 272 274
146 368 378
92 154 167
67 159 313
107 358 364
40 140 385
220 237 336
220 306 336
63 143 348
63 262 348
74 226 394
159 309 313
160 288 320
109 262 348
113 288 391
206 252 323
66 88 390
33 144 333
127 157 347
90 92 167
26 33 224
69 231 359
69 99 354
107 226 364
49 81 325
101 199 236
10 113 267
155 160 344
136 138 174
148 164 321
202 271 379
164 321 328
148 164 271
44 78 235
125 183 384
148 191 271
202 319 379
28 211 282
72 97 399
14 139 175
97 131 278
14 139 396
175 191 271
148 191 321
38 104 396
163 193 388
104 230 256
163 193 299
243 266 375
16 358 364
9 219 234
12 106 329
102 329 349
12 106 310
179 247 310
8 20 216
25 128 182
20 216 366
244 270 299
100 209 337
205 307 308
209 295 308
205 280 283
213 258 395
52 115 360
17 52 360
95 255 263
156 255 331
55 240 363
34 186 263
126 186 229
34 126 186
156 258 331
17 146 378
31 222 313
31 52 192
115 285 360
52 115 331
285 331 338
285 356 362
123 172 371
120 203 356
120 198 356
146 197 350
177 198 291
177 291 326
46 177 326
123 371 397
43 46 123
43 123 397
227 291 326
165 172 371
106 314 397
46 123 172
294 350 368
214 272 317
165 294 368
102 197 329
106 165 294
106 294 350
146 178 197
106 197 350
178 272 317
178 214 317
300 368 378
150 165 368
150 300 378
150 300 368
146 192 222
146 350 368
145 339 398
67 222 313
63 262 274
5 32 91
178 214 339
96 272 274
194 237 336
73 82 301
173 250 306
74 187 226
63 143 274
76 143 274
74 109 348
155 160 246
32 91 276
32 284 302
91 176 316
5 32 284
5 91 176
5 10 284
135 309 324
207 309 313
159 176 309
207 309 324
87 169 324
87 229 324
15 343 389
59 95 363
95 186 363
186 240 363
55 229 240
11 59 95
50 55 59
276 343 389
15 169 389
116 302 343
15 343 377
116 158 302
50 59 116
10 101 114
59 116 158
85 158 302
85 119 221
113 160 344
10 101 267
113 160 288
81 155 251
101 113 267
42 114 134
134 167 254
7 236 344
7 41 344
101 114 199
114 154 199
24 167 254
134 254 390
7 92 154
26 124 137
66 355 373
66 206 373
66 206 304
127 157 233
66 88 304
24 90 167
206 252 373
35 253 286
35 253 304
35 286 323
127 347 386
127 137 233
124 137 233
245 347 386
253 264 286
72 125 196
122 264 286
181 185 386
168 245 386
26 137 185
127 137 386
33 184 224
7 41 224
124 233 369
157 233 369
157 252 369
26 124 224
7 92 224
27 353 359
27 185 353
33 353 359
60 129 188
3 36 129
22 23 372
22 151 264
22 23 151
168 181 386
151 181 188
181 185 188
36 60 129
151 188 196
243 293 375
266 351 375
3 29 266
9 231 359
9 201 359
9 231 234
121 243 266
99 340 354
246 296 394
210 231 234
99 340 394
107 210 234
33 144 359
41 184 224
49 251 296
41 184 325
49 333 354
246 251 296
101 113 344
49 81 251
101 236 344
160 246 320
81 155 344
176 320 382
109 246 320
155 246 251
107 210 226
296 340 394
73 301 387
13 82 265
13 82 94
47 226 364
73 187 220
16 265 358
37 73 82
47 73 187
37 82 265
16 37 265
117 118 342
138 312 328
21 312 383
18 138 225
138 225 312
0 13 174
80 260 319
1 298 351
61 190 257
9 121 219
48 190 257
80 319 365
125 196 357
78 235 365
44 235 275
39 183 365
183 319 384
72 142 399
139 175 315
72 125 384
175 271 311
183 319 365
39 235 365
78 80 365
61 136 190
260 319 379
61 136 260
104 256 341
104 139 396
38 248 321
312 321 328
38 75 104
162 202 311
202 271 311
175 311 315
97 162 399
162 311 315
261 278 334
261 305 334
305 315 334
149 211 305
131 261 278
105 131 261
57 105 208
105 131 208
57 105 189
105 189 261
28 57 282
71 130 289
256 341 346
228 230 322
171 228 289
282 322 346
54 163 332
171 244 299
98 171 299
21 30 312
93 312 383
193 383 388
64 193 383
163 270 299
21 30 141
54 217 287
205 283 292
282 283 322
71 130 132
71 283 289
100 277 292
103 132 292
205 292 295
19 392 393
249 303 392
218 303 392
19 249 318
19 249 392
83 89 337
179 239 335
19 238 242
232 238 297
58 152 153
30 195 273
83 307 308
83 89 330
58 89 330
58 89 287
58 152 287
200 281 381
200 241 381
195 200 273
112 273 342
301 374 387
112 301 374
112 281 374
212 281 374
51 374 387
51 77 170
51 170 387
77 170 376
212 281 381
25 212 380
70 241 381
70 79 153
79 153 367
79 110 367
212 352 380
6 223 370
4 6 8
268 335 380
327 349 352
106 197 329
12 327 329
327 329 349
2 259 291
12 268 327
12 268 335
2 86 259
43 326 397
43 46 326
2 227 291
259 291 366
86 279 345
4 8 345
2 86 215
86 215 279
86 259 366
86 216 345
6 8 20
8 216 345
291 362 366
86 216 366
6 20 223
56 68 361
20 362 366
218 392 393
84 111 204
25 110 232
25 204 232
25 128 212
68 84 370
56 68 84
84 111 370
20 223 361
45 56 361
45 56 242
45 108 361
53 108 361
205 218 303
108 218 393
20 62 362
53 62 362
53 108 218
53 218 280
69 354 359
77 349 376
4 335 345
184 325 333
135 324 389
191 321 396
179 310 335
250 306 348
239 335 345
206 304 323
249 303 307
296 340 354
103 290 292
217 287 337
268 352 380
133 265 269
265 269 358
109 262 320
258 331 338
61 257 260
243 293 298
238 297 318
56 232 242
228 283 289
230 256 346
228 283 322
227 326 397
227 247 314
85 221 302
221 284 302
234 269 358
220 237 387
277 290 292
73 220 387
219 234 269
215 279 345
215 239 345
126 207 229
169 324 389
198 356 362
198 291 362
66 355 390
28 189 211
125 183 275
179 227 247
2 179 227
146 178 398
177 198 378
176 382 391
5 176 391
159 176 274
176 262 274
136 174 190
140 173 385
170 237 387
170 237 376
98 166 171
164 260 379
164 260 328
161 225 312
99 210 394
49 325 333
153 330 367
58 153 330
152 153 195
149 305 315
145 147 274
145 214 339
288 320 391
145 146 147
144 354 359
76 143 385
143 250 385
178 339 398
143 250 348
142 202 319
112 273 281
142 162 399
145 146 398
21 141 163
135 176 309
135 176 316
42 134 221
0 133 219
200 273 281
132 244 270
130 132 244
130 171 289
130 171 244
3 129 266
209 292 295
129 266 351
54 277 290
12 310 335
50 116 343
207 229 324
114 154 167
48 121 257
46 150 177
72 319 384
41 81 325
40 194 336
40 102 197
17 356 360
89 287 337
67 147 274
54 103 163
103 132 270
91 276 389
268 327 352
1 44 78
223 361 370
23 151 372
52 255 331
56 204 232
41 81 344
32 302 343
32 276 343
83 249 318
9 121 201
254 355 390
83 249 307
31 34 263
31 52 263
138 260 328
65 252 323
38 166 248
118 161 312
29 121 266
3 27 201
243 257 298
27 36 185
247 310 314
53 62 361
3 27 36
92 124 224
176 262 320
25 79 110
59 88 158
230 322 346
80 257 298
106 310 314
122 168 245
136 138 260
50 87 229
14 175 191
1 129 351
83 318 330
189 211 305
25 111 204
0 190 219
50 343 377
0 13 265
140 306 336
4 335 380
17 52 146
38 75 166
4 111 370
27 201 359
54 152 287
18 161 225
5 113 391
60 185 188
1 44 275
157 245 347
46 150 172
110 297 367
11 213 338
40 96 197
0 174 190
13 138 174
140 173 306
293 298 351
30 152 332
112 117 342
2 179 239
39 235 275
85 88 119
15 87 377
76 96 385
80 257 260
13 18 138
1 129 196
70 128 182
1 78 298
232 238 242
38 321 396
85 88 158
97 315 334
1 275 357
34 126 313
13 18 94
157 245 252
64 193 299
24 90 254
126 207 313
3 29 201
227 314 397
7 199 236
4 6 370
168 181 372
30 141 332
30 152 195
21 163 388
297 318 330
22 122 264
52 255 263
18 94 161
50 87 377
92 252 369
26 33 353
16 37 73
2 215 239
5 10 113
96 178 197
54 152 332
11 180 213
149 341 346
40 237 376
14 191 396
153 200 241
20 62 361
104 149 341
150 177 378
30 273 342
17 203 356
26 185 353
108 242 393
97 151 264
109 246 394
22 122 372
30 118 342
72 142 319
50 55 229
52 146 192
29 121 201
40 194 237
189 261 305
64 93 321
119 134 221
25 111 380
54 217 277
210 226 394
56 84 204
107 234 358
59 88 304
35 304 323
121 243 257
19 238 318
64 93 383
36 60 185
64 248 321
114 134 167
65 245 252
91 135 316
122 168 372
67 159 274
102 349 376
104 139 149
69 210 231
69 99 210
133 219 269
70 79 182
100 209 292
142 162 202
166 228 230
70 128 212
70 212 381
48 121 190
71 283 292
71 132 292
320 382 391
149 211 346
47 73 364
16 73 364
45 108 242
7 154 199
74 187 220
74 220 306
90 92 252
76 96 274
153 195 200
68 361 370
11 95 180
30 118 312
141 163 332
151 181 372
213 258 338
31 34 313
78 80 298
74 306 348
121 190 219
83 209 337
139 149 315
94 118 161
83 209 308
64 98 299
96 178 272
90 254 355
145 214 274
40 140 336
91 135 389
49 296 354
103 163 270
92 124 369
112 117 301
166 171 228
94 117 118
39 183 275
94 117 301
82 94 301
95 180 255
97 151 196
97 162 315
97 278 334
98 166 248
120 198 378
104 166 230
100 217 337
114 221 284
100 217 277
293 351 375
75 104 166
120 203 378
15 87 169
106 371 397
106 165 371
205 303 307
74 109 394
297 330 367
110 232 297
211 282 346
25 79 182
42 114 221
4 111 380
64 98 248
54 103 290
88 119 390
119 134 390
144 333 354
0 133 265
65 122 245
65 122 323
122 286 323
125 275 357
1 196 357
173 250 385
