209 246 307
147 215 225
65 256 340
77 272 349
29 125 148
40 210 327
22 28 50
94 284 302
69 180 244
254 255 330
18 96 217
163 238 248
88 113 247
179 236 294
56 215 338
85 267 274
54 151 278
13 54 318
38 65 256
35 85 349
81 137 264
30 99 172
22 92 158
22 28 187
76 170 252
194 308 344
199 201 287
89 148 313
189 199 223
103 134 216
26 95 305
128 135 336
5 218 280
27 197 245
124 204 324
209 228 324
44 109 211
109 175 277
27 80 138
8 216 336
108 284 302
185 261 312
36 87 293
15 16 173
95 171 235
41 226 310
41 209 311
51 217 298
122 208 300
168 226 310
111 131 133
195 237 268
169 179 236
131 167 190
167 190 251
10 202 292
73 140 176
116 166 294
35 85 267
88 140 150
33 160 203
113 247 337
213 231 297
54 151 318
17 270 278
153 186 282
34 91 151
20 89 148
17 32 242
210 289 303
13 256 340
20 38 148
54 270 278
84 153 186
84 186 323
17 32 114
137 264 281
183 210 327
206 272 315
40 104 262
39 123 207
183 242 327
206 242 327
17 183 242
170 303 343
22 158 187
104 154 289
58 328 348
154 258 262
28 154 258
104 154 262
71 225 347
56 262 347
56 225 347
46 92 312
143 191 240
143 158 187
58 260 348
1 93 259
99 223 291
1 30 259
172 257 259
19 60 328
60 328 348
19 252 328
38 76 170
170 252 328
20 38 132
76 193 198
219 287 325
89 145 313
76 198 252
201 287 325
89 219 325
20 89 325
99 172 291
99 189 223
199 201 223
201 223 291
142 189 219
142 219 296
89 145 219
1 30 344
30 99 177
30 177 344
30 172 259
121 146 344
121 243 280
12 23 146
23 121 146
37 159 283
219 335 342
75 142 296
75 335 342
37 159 295
78 214 342
69 197 245
21 234 246
21 246 307
78 244 307
69 245 339
139 197 249
69 180 197
52 197 295
139 227 249
80 249 254
27 197 249
80 184 314
80 254 255
120 254 330
27 80 249
80 184 255
44 184 211
106 175 277
211 314 319
44 109 175
106 277 341
118 209 246
94 175 204
118 209 228
118 228 324
175 204 324
36 108 306
109 211 319
184 211 314
8 134 261
36 293 306
47 61 275
128 216 308
128 216 336
103 216 308
8 134 216
98 128 135
128 194 308
135 336 346
185 261 329
8 261 329
57 202 251
10 63 292
10 63 196
15 87 293
63 185 196
55 63 185
10 101 167
25 101 178
45 101 178
26 178 220
26 178 305
122 178 208
15 173 196
45 173 220
45 178 220
95 156 235
107 171 276
95 171 276
171 235 238
171 238 248
110 221 311
66 110 309
96 298 331
127 156 298
14 51 326
51 130 326
14 119 326
68 130 326
119 181 273
96 217 298
18 41 263
31 126 290
18 41 226
126 168 181
126 253 301
126 181 301
181 253 301
141 290 310
141 157 174
62 157 174
0 62 70
49 285 304
0 70 285
49 100 304
83 212 239
83 232 239
11 129 332
90 113 129
83 232 345
149 241 279
43 266 271
64 88 279
43 162 266
73 266 334
64 105 279
64 105 271
73 176 222
150 161 247
111 164 166
111 131 164
10 167 251
131 133 167
164 190 251
131 164 190
57 191 240
57 202 292
10 202 251
143 158 191
53 236 321
56 215 225
53 236 294
169 236 321
116 117 230
117 222 230
164 166 294
116 166 195
116 195 230
4 117 222
169 215 338
35 123 207
56 327 338
35 123 349
267 274 281
35 102 267
35 102 207
2 102 267
9 213 281
9 213 297
2 79 267
115 265 269
6 9 320
33 203 269
9 269 297
161 203 299
155 176 222
160 333 337
160 203 337
88 150 247
113 333 337
88 113 129
90 113 333
33 269 317
90 233 333
6 9 72
327 338 349
233 317 333
169 316 338
39 316 338
170 303 328
108 302 306
217 288 322
84 278 323
107 276 284
275 293 306
56 262 327
108 276 284
250 288 322
234 246 339
69 244 339
180 244 283
162 237 266
235 238 309
195 230 237
246 339 341
147 225 240
217 226 288
79 213 267
213 267 281
112 212 345
83 212 345
49 212 285
206 272 349
206 327 349
4 205 265
94 204 284
93 200 259
200 257 259
193 198 325
139 197 243
15 196 329
139 227 243
188 209 324
124 188 324
188 221 311
119 181 326
181 253 326
57 191 292
198 291 325
142 177 189
44 175 302
94 175 302
107 171 284
126 168 290
164 179 294
23 227 243
184 275 330
181 250 273
161 203 337
230 237 334
161 247 337
78 244 283
178 208 304
5 159 280
156 298 309
127 156 305
155 222 265
155 265 299
164 179 251
150 155 299
150 161 299
43 149 271
149 241 271
149 152 229
147 169 215
147 169 179
146 194 344
12 146 194
133 167 192
60 144 348
144 260 348
142 177 280
142 218 280
140 155 176
80 138 314
138 314 319
20 132 325
168 290 310
159 197 243
130 208 300
130 208 304
129 141 174
129 174 332
122 127 178
124 188 238
124 171 284
51 122 298
121 177 344
120 249 254
12 120 194
120 227 249
203 265 269
116 117 321
115 231 297
115 269 297
115 205 265
3 115 205
17 114 278
32 114 206
111 166 195
111 195 268
110 188 221
110 188 238
4 222 265
25 178 304
124 204 284
109 138 319
106 118 246
106 246 341
189 199 219
104 210 289
40 104 210
103 182 200
103 136 182
185 196 329
2 102 205
102 205 207
19 200 257
124 171 248
97 100 112
100 112 212
99 177 189
98 135 346
74 98 293
98 120 194
203 265 299
97 133 192
97 111 133
97 111 229
169 316 321
233 317 320
1 93 344
22 92 260
92 158 191
46 92 191
91 151 318
140 150 155
43 162 237
39 123 349
39 205 316
38 76 193
109 138 341
45 101 173
44 302 306
46 185 312
159 197 295
14 119 273
14 217 322
34 84 153
237 266 334
78 214 283
8 329 346
9 72 281
33 317 333
11 232 345
201 291 325
7 210 343
124 163 248
18 217 226
33 160 333
0 31 285
114 206 315
31 59 285
92 144 165
31 141 157
11 62 332
25 101 167
136 144 165
81 315 323
28 143 258
198 257 291
28 143 187
112 279 345
39 338 349
53 116 294
210 303 343
47 275 293
11 62 70
24 145 313
16 108 276
24 186 264
23 121 243
103 200 308
53 116 321
24 34 91
57 179 251
86 110 311
31 62 157
95 156 305
125 256 318
122 127 298
75 214 342
15 74 346
24 186 282
41 86 263
19 198 257
159 243 280
10 173 196
68 130 304
37 67 295
25 100 304
31 141 290
7 65 340
40 262 327
7 54 340
7 17 270
24 34 282
16 26 276
5 142 218
127 178 305
27 245 339
5 283 286
15 16 36
7 17 183
32 206 242
13 256 318
124 163 238
6 90 233
5 159 283
15 329 346
25 100 192
29 125 318
34 151 278
181 226 288
16 173 220
38 65 170
110 238 309
82 111 229
88 279 345
38 125 148
106 118 324
114 278 323
48 316 321
15 36 87
97 112 149
5 75 142
34 84 278
65 170 343
103 136 165
38 132 193
9 317 320
19 182 200
28 50 289
6 233 320
11 224 232
3 79 231
10 101 173
62 174 332
71 143 258
168 181 226
63 191 292
38 125 256
109 277 341
4 117 321
3 115 231
44 275 306
234 244 307
5 75 286
132 193 325
13 54 340
31 59 126
16 36 108
19 60 182
97 152 229
50 58 303
250 273 322
106 175 324
29 91 318
7 54 270
12 23 227
12 120 227
71 258 262
103 134 165
8 336 346
77 274 281
41 86 311
136 144 182
14 273 322
25 167 192
14 51 217
11 70 224
34 153 282
39 205 207
7 183 210
27 138 339
26 95 276
16 26 220
97 149 152
37 180 283
19 198 252
93 308 344
24 91 313
18 86 263
9 269 317
112 149 279
4 48 321
234 244 339
172 257 291
43 82 268
59 126 253
70 212 285
105 271 279
11 129 345
93 200 308
44 184 275
114 315 323
138 339 341
21 234 307
46 55 63
61 120 330
46 55 185
28 154 289
77 85 274
4 48 205
3 79 205
48 205 316
184 255 330
92 144 260
49 100 212
70 212 239
50 58 260
22 50 260
156 235 309
57 147 240
51 130 300
51 122 300
91 148 313
75 214 283
92 165 312
15 74 293
57 147 179
188 209 311
81 186 323
18 86 96
59 285 304
59 68 304
60 144 182
7 65 343
61 98 120
37 67 180
134 261 312
46 63 191
64 73 271
199 219 287
134 165 312
74 98 346
66 86 96
66 96 331
66 298 331
66 298 309
0 31 62
47 61 98
82 111 268
67 180 197
52 67 197
181 250 288
52 67 295
68 253 326
75 219 296
70 224 232
70 232 239
71 143 240
71 225 240
71 262 347
73 230 334
72 264 281
64 73 88
73 88 140
121 177 280
73 222 230
77 81 137
75 219 335
77 85 349
75 283 286
77 81 272
50 289 303
77 137 281
29 91 148
59 68 253
2 79 205
42 72 90
79 213 231
81 186 264
81 272 315
47 98 293
43 237 268
241 271 279
58 303 328
82 149 229
43 82 149
73 266 271
6 72 90
61 275 330
66 86 110
97 100 192
98 128 194
88 129 345
