209 246 307
147 215 225
65 256 340
13 125 318
77 272 349
29 125 148
40 210 327
22 28 50
94 284 302
69 180 244
138 319 341
106 118 175
23 227 254
18 96 217
298 309 331
25 178 208
179 236 294
56 215 338
105 241 279
34 91 313
54 151 278
125 151 318
13 54 270
38 65 256
35 85 349
81 137 264
2 102 207
30 99 172
92 261 312
22 28 187
76 170 252
194 308 344
89 148 313
172 198 257
19 257 259
128 135 336
5 218 280
177 218 280
27 197 245
37 52 67
121 139 243
124 204 324
44 109 211
109 175 277
109 277 319
44 94 302
47 275 306
55 63 292
49 239 285
107 248 284
107 171 248
36 108 276
41 226 310
106 118 341
41 209 311
217 250 273
168 250 273
168 226 310
126 168 310
25 192 304
169 179 236
131 167 190
10 202 292
57 240 251
179 240 251
73 140 176
43 149 152
50 154 289
113 247 337
6 72 233
24 145 282
34 145 282
34 91 151
20 89 148
34 145 313
29 148 313
29 91 313
20 132 193
17 32 242
13 256 340
38 65 343
54 270 278
17 183 270
84 153 282
24 264 282
17 32 114
81 137 315
137 264 281
206 272 327
206 272 315
7 183 270
206 242 327
17 183 242
104 154 289
154 258 262
28 50 154
28 154 258
71 225 347
92 134 261
46 158 191
58 260 348
144 182 200
1 93 259
99 223 291
172 198 291
172 257 259
60 144 200
136 182 200
19 60 328
193 198 291
60 328 348
19 252 328
19 252 257
38 76 170
170 252 328
198 252 257
76 193 198
219 287 325
76 198 252
89 219 325
99 172 291
99 189 223
142 219 296
99 142 177
142 177 218
1 30 344
12 146 344
121 243 280
12 23 120
12 23 146
23 121 146
159 243 295
37 159 295
78 214 342
37 52 295
37 67 283
21 234 246
21 246 307
69 244 307
78 244 307
277 319 341
27 138 245
80 249 254
80 184 314
227 249 254
120 254 330
98 120 128
27 80 249
80 184 255
80 314 319
106 175 277
44 109 175
106 277 341
118 209 246
118 246 341
118 209 228
124 163 188
47 61 330
36 108 306
8 134 261
15 185 329
23 120 254
47 61 275
47 98 330
98 120 330
12 194 344
92 134 165
98 128 135
128 194 308
135 336 346
185 261 329
329 336 346
8 261 329
57 202 251
15 185 196
25 208 304
25 101 192
51 127 298
15 173 196
16 26 95
45 173 220
45 178 220
45 173 196
16 95 276
110 221 311
209 221 311
66 110 309
66 309 331
110 221 309
96 298 331
127 156 298
68 130 326
119 181 273
217 273 322
168 181 273
59 68 326
126 253 301
31 59 253
181 253 301
59 253 326
31 126 253
141 157 290
141 290 310
129 141 332
141 174 332
11 129 224
62 157 290
141 157 174
70 239 285
0 62 70
49 285 304
0 70 285
100 192 304
49 100 239
49 100 304
70 224 239
100 212 239
83 232 239
11 129 332
90 113 129
73 266 334
64 105 279
64 105 271
73 140 266
150 161 247
162 266 334
111 164 166
112 149 152
97 112 152
111 166 268
111 229 268
164 190 251
147 179 240
57 202 292
71 143 225
53 236 321
56 215 225
53 236 294
169 236 321
116 117 230
116 195 230
48 169 321
169 215 338
48 169 316
39 169 316
39 123 338
39 169 338
35 123 349
123 338 349
267 274 281
2 102 267
9 213 281
79 213 281
6 9 320
33 203 269
9 269 297
231 269 297
115 213 231
161 203 299
155 176 222
160 333 337
161 203 247
113 333 337
203 247 337
88 113 129
90 113 333
33 269 317
6 9 72
327 338 349
233 317 333
216 308 336
296 335 342
75 286 335
284 302 306
283 335 342
84 278 282
107 276 284
41 263 288
108 276 284
234 246 339
180 244 283
235 238 309
235 238 248
195 230 237
226 250 288
168 226 250
246 339 341
56 225 262
147 225 240
11 224 332
178 220 305
89 219 313
8 216 329
115 213 265
44 211 302
183 210 242
209 221 309
4 205 265
124 204 248
219 296 342
115 203 231
139 197 243
193 223 291
193 199 201
10 190 202
189 199 201
189 201 223
188 238 309
163 188 248
188 238 248
184 275 306
119 181 326
181 253 326
57 191 292
69 180 245
122 178 300
73 176 334
175 228 324
170 328 348
168 181 301
55 292 312
131 167 229
183 210 343
133 167 229
216 329 336
144 165 260
164 179 294
162 266 271
162 230 237
78 244 283
5 159 280
92 158 312
156 298 309
155 222 265
155 265 299
153 186 323
152 229 268
82 152 268
164 179 251
150 155 299
150 161 299
147 169 215
147 169 179
121 146 280
60 144 348
144 260 348
75 142 335
142 296 335
140 150 247
140 155 176
146 177 344
132 148 256
38 132 256
111 131 229
130 208 300
130 208 304
129 224 239
122 127 178
153 186 264
124 228 324
123 205 207
121 227 249
121 139 249
3 205 265
12 120 194
120 128 194
82 152 237
119 130 326
116 294 321
116 117 321
115 265 299
190 202 251
32 114 206
83 112 239
112 212 239
83 112 232
116 164 166
26 220 305
4 222 265
176 230 334
189 199 219
43 105 162
105 162 271
104 289 303
104 210 303
40 104 210
102 267 274
102 123 207
35 102 123
97 100 112
100 112 212
30 99 344
99 177 344
99 142 219
210 242 327
99 189 219
98 135 346
98 293 306
74 98 293
178 208 300
97 133 192
23 121 227
96 298 322
96 217 322
233 317 320
95 107 276
94 204 248
1 93 344
93 216 308
93 136 200
225 262 347
93 103 136
92 165 260
22 92 260
92 158 187
18 66 96
40 327 338
214 283 342
140 150 155
116 166 268
5 37 159
43 162 237
39 205 316
53 294 321
89 193 325
38 76 193
18 250 288
57 143 240
95 156 171
124 188 228
14 119 273
70 174 332
153 264 282
78 214 283
9 72 281
33 160 337
33 317 333
124 163 248
2 79 265
283 286 335
33 160 333
0 31 285
114 206 315
31 59 285
55 185 196
31 62 290
136 144 165
51 119 130
81 315 323
7 183 343
112 279 345
111 164 190
18 263 288
27 139 197
38 58 170
210 303 343
77 137 315
25 45 178
40 56 338
44 175 324
31 126 310
193 199 287
28 71 187
14 51 119
86 110 311
17 84 270
41 86 263
193 201 223
203 231 269
37 283 286
159 243 280
43 149 279
39 123 205
68 130 304
113 140 247
1 172 259
60 93 259
7 65 340
5 142 218
127 178 305
32 206 242
15 26 220
15 173 220
193 287 325
13 54 151
34 151 278
40 56 154
13 148 256
10 133 192
1 30 172
10 45 292
171 235 248
26 95 156
43 105 241
5 75 142
4 117 230
71 158 191
126 168 301
33 203 337
103 136 165
143 225 240
38 132 193
9 317 320
35 85 274
26 127 156
15 16 26
27 80 319
6 233 320
5 37 286
28 71 258
18 217 250
94 248 284
8 103 216
2 79 281
10 133 167
4 117 321
87 293 306
38 58 343
9 231 297
88 140 266
55 63 196
4 222 230
94 204 324
5 75 286
162 230 334
36 87 306
184 302 306
97 152 229
50 58 303
10 101 192
97 133 229
8 103 134
71 258 262
103 134 165
25 45 101
77 274 281
10 45 101
3 205 207
13 125 148
128 308 336
46 191 292
84 270 278
41 86 311
129 232 239
136 144 182
13 151 318
60 93 200
14 273 322
14 298 322
184 302 314
109 211 314
64 88 129
2 3 265
27 138 319
61 184 255
93 308 344
18 66 86
47 98 306
18 86 263
9 269 317
27 139 249
112 149 279
26 127 305
4 48 321
15 87 329
40 104 154
36 87 276
43 152 237
176 222 230
211 302 314
43 241 279
9 213 231
70 157 174
146 177 280
116 195 268
15 16 276
115 203 299
67 180 283
44 94 324
114 315 323
138 339 341
21 234 307
14 51 298
188 209 309
77 85 274
272 327 349
4 48 205
20 89 193
48 205 316
69 234 307
41 226 288
61 184 275
109 314 319
22 92 187
45 63 196
50 58 260
22 50 260
111 131 190
156 235 309
188 209 228
80 254 330
82 195 237
51 122 127
51 130 300
51 122 300
74 293 346
145 219 313
52 197 243
67 197 245
29 91 125
52 243 295
2 267 281
88 266 271
95 107 171
55 261 312
55 185 261
62 70 157
56 154 262
57 143 191
58 303 343
46 292 312
35 102 274
81 186 323
118 175 228
59 285 304
59 68 304
17 84 114
19 60 259
156 171 235
20 132 148
61 80 330
58 170 348
61 80 255
7 65 343
45 63 292
7 13 270
7 13 340
64 232 345
88 113 140
64 129 232
199 219 287
116 164 294
71 158 187
77 272 315
71 143 191
64 279 345
84 153 323
74 98 346
66 96 331
79 213 265
0 31 62
84 114 323
52 67 197
69 138 245
10 167 190
69 234 339
31 290 310
71 262 347
34 278 282
72 264 281
72 233 333
72 90 333
69 138 339
46 158 312
82 195 268
77 85 349
50 289 303
77 137 281
42 72 90
81 186 264
70 224 332
2 3 207
108 284 306
15 87 276
112 232 345
66 86 110
97 100 192
87 329 346
87 293 346
93 103 216
64 88 271
67 180 245
91 125 151
