209 246 307
147 215 225
13 125 318
77 272 349
29 125 148
40 210 327
22 28 50
94 284 302
58 170 303
69 180 244
254 255 330
106 118 175
23 227 254
18 96 217
25 178 208
68 285 304
88 113 247
179 236 294
97 133 152
105 241 279
38 65 256
81 264 323
81 137 264
2 102 207
30 99 172
22 28 187
40 56 262
76 170 252
89 148 313
103 134 216
26 95 305
52 180 197
5 218 280
177 218 280
124 204 324
44 94 175
109 175 277
27 80 138
109 277 319
107 108 284
44 94 302
8 216 336
108 284 302
55 63 292
36 87 293
10 101 196
15 16 173
36 108 276
41 226 310
41 209 311
168 250 288
168 226 310
70 174 224
126 168 310
203 269 299
195 237 268
167 190 251
16 26 173
10 202 292
57 240 251
28 187 258
116 166 294
150 155 161
143 147 225
88 140 150
137 274 281
113 247 337
213 231 297
24 145 282
153 186 282
17 84 278
34 145 282
29 91 151
20 89 148
29 148 313
29 91 313
210 289 303
13 256 340
84 151 278
24 264 282
186 264 282
17 114 323
186 264 323
17 32 114
137 264 281
2 3 79
40 104 262
40 104 289
40 210 289
187 258 262
39 123 207
206 242 327
170 303 343
22 158 187
58 289 303
50 58 289
104 154 289
154 258 262
28 154 258
104 154 262
46 57 191
143 147 240
56 262 347
46 92 312
58 260 348
60 144 260
103 134 136
1 93 259
1 30 259
19 252 328
38 76 170
170 252 328
76 193 198
219 287 325
89 145 313
76 198 252
201 287 325
5 218 286
99 142 189
99 142 177
142 177 218
1 30 344
30 99 177
30 177 344
121 243 280
23 121 146
75 286 342
75 335 342
159 243 295
37 159 295
78 214 342
21 234 246
21 246 307
78 244 307
277 319 341
21 234 339
69 245 339
139 227 249
80 249 254
227 249 254
80 254 255
27 80 249
106 175 277
211 314 319
106 277 341
118 209 246
118 175 324
94 175 204
118 209 228
118 228 324
124 163 188
175 204 324
109 211 319
8 134 261
15 16 87
47 74 98
47 61 275
134 136 165
12 194 344
128 216 336
8 134 216
8 261 329
57 202 251
10 63 292
10 63 196
15 87 293
46 55 312
15 185 196
45 101 196
25 208 304
51 127 298
95 127 305
15 173 196
16 26 95
45 178 220
26 173 220
95 156 235
107 171 276
16 36 87
95 127 156
107 108 276
156 235 298
171 235 238
94 124 204
171 238 248
66 86 311
124 188 209
110 221 311
66 86 331
66 110 311
110 221 309
127 156 298
14 119 322
119 181 273
119 273 322
217 273 322
18 41 226
168 226 288
126 181 301
31 59 253
59 253 326
0 31 290
141 157 290
126 290 310
141 290 310
62 157 290
141 157 174
62 157 174
0 62 290
49 285 304
0 70 285
133 152 229
70 224 239
11 129 332
90 113 129
83 232 345
149 241 279
105 241 271
73 266 334
64 105 279
64 105 271
73 176 222
4 155 222
97 112 152
82 229 268
111 229 268
164 190 251
57 202 292
71 143 225
53 236 321
147 179 215
53 236 294
4 48 316
116 117 230
4 205 207
117 222 230
53 117 321
164 166 294
116 166 195
116 195 230
4 48 117
2 205 207
4 117 222
48 117 321
169 215 338
39 169 316
35 123 207
39 169 338
35 123 349
35 102 207
2 3 205
79 267 281
9 213 281
9 213 297
2 79 267
79 213 281
269 317 320
6 317 320
6 9 320
33 203 269
231 269 297
3 115 265
161 203 299
33 233 317
155 176 222
155 161 299
88 113 129
90 113 333
33 269 317
6 9 72
327 338 349
108 302 306
296 335 342
68 285 326
151 278 318
275 293 306
250 273 288
217 273 288
54 270 318
260 328 348
234 246 339
138 246 339
138 246 319
246 319 341
69 244 339
269 297 320
235 309 331
235 238 309
115 231 299
195 230 237
56 225 338
224 232 345
11 224 332
174 224 332
178 220 305
217 226 288
112 212 345
83 212 345
183 210 242
206 272 349
9 297 320
206 327 349
4 205 265
219 296 342
93 200 259
200 257 259
103 200 216
173 196 220
128 194 216
139 227 243
188 221 311
188 238 309
188 221 309
163 188 248
188 238 248
86 263 331
119 181 326
181 253 326
52 180 295
69 180 245
122 178 300
169 215 236
109 175 211
44 175 211
99 172 223
107 171 284
170 328 348
131 167 229
183 210 343
133 167 229
10 167 202
167 202 251
131 166 167
164 166 167
144 165 260
164 179 294
164 167 190
184 275 330
162 230 237
181 250 273
78 244 283
198 201 291
160 161 203
5 159 280
158 187 262
22 158 260
155 265 299
153 186 323
164 179 251
149 241 271
147 240 251
23 146 254
172 201 291
89 145 325
145 219 325
75 142 335
142 296 335
27 139 245
139 197 245
80 138 314
138 314 319
19 200 328
235 298 331
132 148 256
67 180 295
38 132 256
132 193 201
132 201 325
111 131 229
111 131 166
184 255 314
142 189 296
31 290 301
130 208 300
130 208 304
129 141 174
129 174 332
122 127 178
126 181 250
180 197 245
124 209 228
124 228 324
3 205 265
54 278 318
120 128 336
12 120 194
120 128 194
115 265 299
32 114 206
113 160 333
111 166 195
111 195 268
110 309 331
66 110 331
121 227 243
26 220 305
108 293 306
121 146 177
106 118 246
106 246 341
189 199 219
113 160 337
103 182 200
103 136 182
19 200 257
97 100 112
100 112 212
99 199 287
99 223 287
210 242 327
99 189 199
98 135 346
178 208 300
98 254 330
193 198 201
97 133 192
189 219 296
23 121 227
93 200 216
93 216 308
93 194 308
1 93 194
92 165 260
92 158 191
46 92 191
34 91 153
43 112 149
194 216 308
43 112 152
30 257 259
40 327 338
214 283 342
5 37 159
43 162 237
39 123 349
94 163 248
38 76 193
44 302 306
17 153 323
15 185 261
6 72 317
16 36 95
36 95 276
71 191 262
36 108 293
57 143 240
83 224 239
92 158 260
14 217 322
231 269 299
78 214 283
8 329 346
9 72 281
37 180 244
32 183 242
75 142 286
18 217 226
0 31 285
25 49 100
52 139 197
31 181 301
114 206 315
31 59 285
169 236 316
55 185 196
94 124 163
25 101 133
29 151 318
98 120 135
136 144 165
81 315 323
7 183 343
198 257 291
149 266 271
112 279 345
39 338 349
35 77 85
17 54 270
53 116 294
210 303 343
25 45 178
17 32 183
160 247 337
40 56 338
14 51 119
98 120 254
37 244 283
80 255 314
21 244 339
15 74 346
41 86 263
19 198 257
37 283 286
159 243 280
91 145 313
68 130 304
37 67 295
45 196 220
18 41 331
171 235 276
41 263 331
25 133 192
126 290 301
7 17 270
127 178 305
27 245 339
7 17 183
32 206 242
15 261 329
73 150 155
12 120 254
15 329 346
25 100 192
17 84 153
30 172 257
29 125 318
25 49 304
83 100 239
60 260 328
126 168 250
38 65 170
13 148 256
84 91 153
7 65 256
160 203 333
2 85 267
48 316 321
4 39 207
65 170 343
7 256 340
38 132 193
28 50 289
8 135 336
5 37 286
3 79 231
94 248 284
10 101 133
8 135 346
10 133 167
83 100 212
14 51 331
3 115 231
55 63 196
44 275 306
1 194 344
162 230 334
4 39 316
51 68 130
31 181 253
46 55 292
4 155 265
2 85 102
12 146 177
25 45 101
13 125 148
21 244 307
41 86 311
136 144 182
14 96 217
49 70 285
0 70 174
34 153 282
43 162 334
27 138 339
77 81 315
17 54 278
160 161 247
19 198 252
59 285 326
27 139 249
112 149 279
18 96 331
43 152 229
172 257 291
147 179 251
43 82 268
11 129 345
44 184 275
120 135 336
44 211 314
114 315 323
43 266 334
43 82 229
20 89 132
172 201 223
28 154 289
77 85 274
46 57 292
236 316 321
184 255 330
85 267 281
50 58 260
22 50 260
51 68 326
51 119 326
51 122 127
51 130 300
51 122 300
51 298 331
52 139 243
52 243 295
47 74 275
53 116 117
44 184 314
92 165 312
15 74 293
55 261 312
55 185 261
56 71 347
33 203 333
56 71 225
57 143 191
188 209 311
84 91 151
60 182 200
60 144 182
20 132 148
58 170 348
7 65 343
61 98 330
158 191 262
37 67 180
134 261 312
7 13 270
12 146 254
88 150 161
7 13 340
64 73 271
283 286 342
0 62 174
199 219 287
11 224 345
179 215 236
71 143 191
64 279 345
85 274 281
64 88 345
134 165 312
74 98 346
201 223 287
47 61 98
142 218 286
70 100 239
35 77 349
71 262 347
73 230 334
72 264 281
72 233 317
72 233 333
72 90 333
64 73 88
73 88 140
73 140 150
73 155 176
89 132 325
121 177 280
73 222 230
74 275 293
33 233 333
77 206 315
77 206 272
95 235 276
49 70 100
42 72 90
79 213 231
77 81 274
215 225 338
43 237 268
81 137 274
73 266 271
83 224 232
35 85 102
43 149 266
14 96 331
61 275 330
171 248 284
97 100 192
88 161 247
13 270 318
12 177 344
88 129 345
34 91 145
60 200 328
