71 150 331
127 217 367
0 102 414
191 275 278
20 165 302
101 114 127
97 203 415
97 163 241
40 146 351
16 121 394
208 326 395
49 94 136
58 211 416
27 130 192
52 113 434
1 368 440
171 172 264
46 200 353
15 128 357
85 262 344
180 324 422
80 317 334
80 141 334
92 223 437
57 181 232
68 317 334
161 209 354
101 127 217
237 372 433
209 338 354
102 117 277
82 184 372
0 102 117
68 334 392
167 200 353
43 357 401
34 50 378
362 383 432
95 169 171
118 284 447
105 107 198
64 126 134
191 362 383
146 222 351
105 107 239
20 222 302
212 323 328
83 199 212
191 278 362
206 323 328
96 308 340
100 205 364
91 297 398
190 215 384
107 239 387
73 89 107
373 404 427
13 166 231
67 107 399
345 412 416
14 252 393
19 230 269
30 119 158
160 213 349
160 195 435
140 306 412
54 306 412
124 391 424
54 166 306
44 189 349
402 408 413
174 293 359
4 29 259
56 138 410
4 216 259
56 84 225
51 214 298
279 281 291
31 143 377
274 409 438
74 234 428
147 202 337
13 436 440
251 295 341
39 201 252
57 262 403
181 262 344
85 262 290
128 357 439
87 95 290
169 314 378
50 108 178
43 168 357
168 357 439
43 168 172
168 172 439
8 15 357
15 128 403
69 167 380
167 200 300
8 167 300
57 180 232
87 262 290
128 403 439
57 181 262
85 344 425
248 344 425
196 248 425
80 141 242
141 282 334
37 80 317
120 397 437
37 120 388
71 150 390
150 331 386
71 331 397
53 92 194
17 55 92
53 92 437
187 334 392
187 282 334
46 187 282
68 223 392
180 196 422
88 180 324
372 392 433
265 358 433
263 265 433
237 263 433
82 237 372
184 372 392
55 184 392
182 409 438
2 161 209
82 237 338
253 374 438
104 193 445
225 243 443
104 225 443
101 142 217
36 56 410
142 217 250
101 149 342
36 114 149
76 228 371
204 226 371
36 112 114
101 114 149
46 276 353
117 276 353
46 276 358
0 66 414
66 376 414
0 117 353
66 151 376
34 50 157
50 108 311
24 314 378
178 380 401
311 376 414
50 178 378
7 62 411
24 34 378
169 261 314
62 175 339
62 261 339
7 62 175
7 86 157
7 86 411
48 142 250
152 322 330
48 176 275
48 275 330
78 176 312
76 78 228
134 183 383
176 183 312
164 255 375
78 312 343
154 261 339
131 220 335
7 175 335
186 441 449
154 247 449
116 247 449
116 247 361
116 118 303
41 47 89
73 254 333
254 260 313
284 360 447
18 292 447
18 59 447
64 360 432
116 118 186
254 303 313
126 220 441
116 186 449
126 186 441
164 360 375
83 165 415
238 255 320
190 239 384
40 198 429
20 215 384
190 239 387
90 190 387
6 23 106
90 190 215
90 215 241
106 299 347
23 106 163
23 97 163
83 165 238
115 203 415
100 288 445
137 297 398
137 288 297
84 225 296
3 100 288
3 115 199
115 137 271
3 100 364
360 375 432
278 328 362
96 206 308
96 205 206
206 308 322
278 322 330
275 278 330
101 142 342
152 308 322
48 152 330
84 245 296
245 296 308
193 225 296
288 297 445
104 193 225
104 267 445
91 227 391
42 70 391
70 391 424
174 402 408
174 293 402
135 293 431
119 135 366
110 119 366
363 419 431
110 119 158
45 110 400
26 45 398
110 370 400
91 124 391
227 370 400
91 124 267
26 45 173
218 430 442
109 244 430
244 404 427
33 224 299
107 327 347
73 107 198
107 382 405
299 347 394
121 299 394
109 224 244
121 224 299
21 170 309
67 107 327
107 382 399
22 170 309
109 224 240
240 309 399
11 60 197
30 326 442
11 197 218
197 218 381
21 309 399
188 235 287
19 355 444
155 235 287
25 336 417
153 233 310
98 155 235
98 233 355
98 235 355
233 355 444
153 233 444
19 177 269
19 230 336
230 336 417
208 395 435
256 316 381
195 208 435
93 363 431
93 395 435
174 231 406
174 359 406
305 363 419
75 189 305
310 345 416
122 286 301
140 345 412
54 132 236
54 236 412
252 379 393
14 201 252
39 379 416
39 252 379
39 63 272
63 202 272
49 74 234
329 337 426
13 54 166
1 436 440
13 231 368
13 368 440
174 231 408
214 368 408
231 368 408
81 129 162
35 81 413
346 413 424
221 346 424
4 29 221
138 243 259
143 162 377
4 162 216
129 162 377
179 279 281
136 179 279
129 279 291
35 81 129
51 214 408
94 185 369
10 315 321
185 321 369
10 144 321
10 77 144
144 321 369
144 325 446
2 161 407
246 325 407
77 246 325
192 194 407
77 144 325
130 246 285
150 268 390
249 268 390
32 61 249
10 77 285
61 249 268
77 246 285
10 257 434
280 390 425
249 280 390
111 123 385
113 125 352
10 315 434
145 315 352
49 94 234
113 307 341
58 211 301
9 211 319
58 286 301
211 301 319
9 211 418
2 407 446
388 390 425
120 388 390
133 385 418
379 412 416
65 369 446
328 362 375
59 333 447
1 329 368
74 329 368
67 327 399
30 326 431
316 326 442
152 308 342
305 359 419
305 359 406
122 301 307
35 298 413
293 359 419
293 419 431
52 289 434
287 350 405
287 382 405
287 382 399
155 287 350
39 286 416
141 282 422
156 282 324
102 277 414
117 276 365
177 273 283
251 272 295
271 373 430
251 270 341
61 268 386
150 268 386
267 297 445
65 266 281
99 266 281
261 314 411
216 259 294
125 258 341
258 295 341
10 257 285
139 257 280
257 280 289
256 316 326
208 256 326
256 269 273
255 348 375
238 255 348
316 381 442
47 247 260
244 373 430
40 351 429
165 241 415
90 241 387
238 320 332
165 238 302
209 237 253
230 269 420
207 229 429
148 229 332
88 156 300
87 171 264
24 86 314
124 259 443
62 261 411
108 151 311
18 59 219
38 148 164
82 338 354
196 388 425
12 299 304
181 232 248
231 306 406
36 56 149
19 177 355
237 263 374
75 140 448
115 271 373
14 39 63
74 147 329
44 72 448
358 392 433
177 269 273
87 264 403
94 145 185
125 234 428
71 120 390
160 195 213
83 115 415
65 179 281
31 99 182
32 249 280
64 134 383
175 335 441
80 242 388
11 60 389
43 172 401
88 156 324
9 385 418
22 60 389
176 191 275
55 92 392
357 380 401
56 84 342
56 149 342
127 204 226
106 241 387
50 76 371
54 132 436
21 170 287
60 273 356
14 63 202
78 176 228
12 97 373
53 192 194
148 292 447
52 111 280
51 298 413
156 200 282
173 398 421
79 263 410
198 333 429
46 358 392
92 194 407
22 240 389
94 136 179
148 164 255
274 294 438
247 313 361
48 142 152
28 138 259
188 235 355
21 287 399
42 70 424
42 402 413
3 212 323
15 88 300
84 245 342
125 258 428
112 204 277
9 307 319
17 184 354
282 324 422
170 188 356
245 308 342
16 327 347
2 65 266
30 135 431
237 253 374
64 126 360
13 54 436
202 337 426
2 182 438
229 351 429
32 61 386
9 113 385
87 95 171
17 161 354
42 293 402
17 161 407
14 39 201
47 254 260
218 381 442
22 60 356
212 328 375
66 151 380
3 323 364
75 305 406
47 73 254
65 179 369
2 253 438
159 393 426
72 140 310
154 175 449
92 223 392
25 153 310
47 73 89
50 311 371
76 78 157
138 225 243
325 407 446
49 136 214
3 115 288
16 347 394
30 430 442
31 129 291
202 272 295
5 350 423
14 202 393
31 281 291
27 53 386
93 326 431
66 69 380
8 15 300
1 210 426
124 221 424
154 175 339
41 47 154
19 153 444
0 167 353
7 78 131
243 259 443
49 74 368
193 296 308
165 215 241
86 314 411
79 263 374
32 130 285
127 226 371
39 251 272
2 99 182
0 66 167
75 189 448
27 53 192
227 370 391
22 240 309
301 307 319
5 98 233
81 346 413
1 132 436
5 98 423
188 273 356
206 323 364
106 107 387
31 129 377
362 375 432
52 111 113
7 131 335
1 132 393
57 180 403
255 320 332
32 139 280
37 80 388
2 65 446
105 146 198
244 373 427
35 279 298
53 331 386
51 408 413
3 199 212
4 221 346
147 258 428
30 119 135
113 315 352
8 357 380
4 318 346
185 315 321
206 278 322
228 250 396
100 193 445
210 393 426
38 360 447
136 214 298
142 152 342
34 86 157
22 170 356
50 76 157
28 79 410
45 398 400
25 44 72
25 44 213
25 72 310
25 153 336
74 147 428
276 358 365
209 237 338
81 318 346
270 307 341
78 131 343
25 213 420
123 133 385
42 110 366
27 32 130
204 277 414
27 32 386
35 129 279
8 167 380
83 115 199
68 120 317
46 187 392
31 99 281
204 311 414
30 158 173
47 154 247
5 350 405
265 358 365
212 348 375
87 262 403
33 224 244
88 180 403
33 244 404
52 280 289
33 373 404
24 34 86
12 33 373
104 124 267
122 270 307
195 256 269
136 279 298
36 265 365
36 263 410
39 122 286
28 294 438
72 140 448
38 164 360
16 121 224
39 122 270
42 110 370
2 209 253
81 162 318
141 196 422
17 92 407
93 160 435
93 160 349
93 189 305
93 305 363
49 214 368
93 326 395
93 189 349
94 179 369
94 234 352
94 145 352
96 100 205
96 100 340
137 271 421
60 256 273
6 97 304
19 153 336
12 97 304
97 203 373
141 196 242
4 162 318
12 33 299
98 155 350
98 350 423
171 172 401
100 193 340
159 202 426
109 218 430
103 143 162
104 124 443
195 269 420
106 107 347
227 398 400
106 163 241
108 151 380
71 120 397
91 267 297
176 250 396
45 110 173
110 158 173
66 69 167
103 162 216
111 123 280
112 117 365
28 259 294
112 117 277
169 171 401
113 315 434
111 113 385
112 114 204
126 134 343
114 127 204
20 222 384
118 254 333
115 137 288
331 397 437
115 203 373
116 313 361
116 303 313
147 258 295
195 213 420
53 331 437
118 126 284
118 126 186
118 254 303
217 228 250
118 333 447
68 120 223
120 223 437
26 173 398
247 260 313
37 120 317
1 329 426
29 124 221
29 124 259
236 379 412
125 234 352
28 79 374
42 135 293
28 138 410
126 220 343
130 246 407
126 284 360
105 146 239
127 367 371
222 229 302
238 302 332
159 202 393
130 192 407
1 210 393
59 219 333
15 88 403
9 113 307
132 236 379
132 379 393
204 311 371
36 263 265
134 183 312
134 312 343
82 184 354
56 138 225
42 135 366
32 139 285
139 257 285
140 310 345
140 306 406
75 140 406
58 286 416
143 274 409
103 143 274
31 143 409
220 335 441
7 78 157
205 206 364
39 251 270
40 146 198
146 239 384
97 241 415
148 207 229
148 255 332
38 148 447
113 125 341
6 299 304
151 311 376
2 99 266
42 370 391
230 417 420
156 200 300
188 273 283
6 23 97
6 106 299
212 238 348
64 383 432
20 165 215
17 55 184
166 231 306
144 369 446
169 178 378
169 178 401
170 188 287
18 219 292
42 413 424
31 182 409
137 398 421
172 403 439
173 271 421
30 173 430
173 271 430
175 441 449
176 191 383
176 228 396
48 176 250
176 183 383
177 283 355
108 178 380
180 196 248
180 232 248
181 248 344
145 185 315
16 327 399
188 283 355
44 189 448
147 329 337
217 228 371
25 417 420
193 308 340
195 208 256
44 213 349
60 197 256
197 256 381
73 198 333
46 200 282
28 374 438
206 278 328
147 202 295
172 264 403
207 219 429
217 367 371
36 112 365
83 212 238
218 240 389
103 216 274
216 274 294
109 218 240
11 218 389
207 219 292
219 333 429
131 220 343
257 289 434
222 229 351
146 222 384
229 302 332
196 242 388
16 224 399
224 240 399
148 207 292
91 227 398
