24 86 411
17 194 407
88 200 300
71 150 331
112 277 365
0 102 414
90 163 387
62 314 411
59 333 429
38 148 292
97 203 415
44 72 140
17 354 407
52 113 434
171 172 264
46 200 353
95 171 264
196 248 344
242 388 425
71 390 397
80 141 334
92 223 437
112 265 365
82 184 372
117 265 276
0 102 117
46 156 282
265 276 358
7 76 157
34 50 378
7 76 78
175 335 449
118 284 447
105 107 198
148 229 292
64 126 134
207 229 292
146 222 351
105 107 239
302 320 332
38 164 255
100 340 445
124 424 443
96 308 340
100 205 364
3 137 288
115 203 271
3 199 364
3 115 137
107 347 387
73 89 107
12 33 304
12 97 203
373 404 427
13 166 231
19 283 355
345 412 416
19 230 269
30 119 158
160 213 349
30 93 395
135 293 366
160 195 435
305 306 406
25 213 310
9 319 385
124 391 424
1 210 436
402 408 413
4 29 259
4 216 259
274 374 438
274 294 374
51 214 298
129 291 377
31 143 377
65 99 281
145 185 234
55 92 223
251 270 272
251 295 341
39 201 252
57 262 403
87 95 264
85 262 290
128 357 439
87 262 264
87 95 290
169 314 378
178 378 401
43 168 357
43 169 401
168 357 439
43 168 172
43 169 172
168 172 439
46 156 200
69 167 380
8 167 300
87 262 290
128 403 439
57 181 262
196 232 344
85 344 425
248 344 425
196 248 425
196 242 425
141 282 334
37 242 388
37 80 242
37 120 388
71 150 390
150 331 386
120 390 397
71 331 397
68 223 437
53 331 397
53 92 194
17 92 194
17 55 92
53 92 437
55 223 392
187 282 334
46 187 282
37 68 317
156 324 422
117 265 365
82 237 372
184 372 392
55 184 392
209 253 374
82 237 338
28 79 138
253 374 438
182 253 438
225 243 443
56 225 243
104 225 443
36 56 410
56 138 243
101 149 342
36 114 149
217 250 396
76 228 371
204 226 371
102 204 414
127 226 367
36 112 114
46 276 353
117 276 353
102 204 277
0 66 414
66 376 414
0 117 353
167 380 401
66 151 376
34 50 157
108 151 376
169 378 401
178 380 401
151 178 380
311 376 414
50 178 378
24 34 378
62 261 314
169 261 314
7 86 157
48 142 250
78 176 312
134 183 383
176 183 312
78 312 343
183 312 343
154 261 339
7 175 335
186 441 449
116 118 303
41 154 247
73 333 429
41 47 89
73 254 333
41 47 247
59 254 333
284 360 447
64 360 432
238 348 375
303 313 361
220 441 449
126 186 441
165 302 320
148 229 351
73 198 429
40 198 429
40 105 198
90 163 241
6 23 106
90 215 241
20 215 241
23 97 163
20 165 241
199 212 323
100 288 445
137 297 398
137 288 297
193 340 445
199 323 364
3 115 199
115 137 271
360 375 432
96 206 308
206 308 322
152 308 322
84 245 296
193 296 340
245 296 308
296 308 340
288 297 445
91 267 445
104 267 445
29 243 443
42 227 370
293 402 413
70 391 424
35 408 413
42 293 413
174 293 402
119 135 431
135 293 431
42 293 366
30 158 442
30 119 431
158 430 442
110 119 158
45 110 400
110 370 400
227 370 400
91 124 267
26 398 421
26 45 173
218 430 442
26 173 421
109 244 430
244 404 427
33 299 304
106 347 387
73 107 198
121 224 240
109 224 244
67 107 327
16 121 240
16 240 399
22 170 309
109 224 240
240 309 399
240 309 389
11 22 389
22 309 389
235 283 355
177 269 420
195 208 273
177 273 356
22 60 170
60 197 381
60 170 356
21 309 399
170 188 283
19 355 444
188 235 283
155 287 382
155 350 382
350 382 405
25 336 417
153 233 310
19 336 444
19 177 283
153 336 444
153 233 444
19 177 269
213 269 420
19 230 336
230 269 417
230 336 417
256 316 381
218 316 381
30 93 431
30 326 395
93 363 431
93 395 435
44 75 448
44 75 189
72 213 310
44 140 448
310 345 416
132 236 393
54 236 412
14 201 252
39 252 379
63 202 272
210 329 426
49 74 136
1 74 329
132 210 436
1 210 329
329 337 426
159 337 426
13 54 166
1 436 440
13 231 368
13 368 440
35 81 413
221 318 346
346 413 424
4 29 221
29 243 259
143 162 377
4 162 216
4 221 318
31 291 377
31 103 143
182 209 253
99 182 409
129 279 291
35 81 129
214 279 298
185 321 369
144 321 369
2 182 266
246 325 407
161 354 407
77 246 325
2 325 446
150 268 390
249 268 390
32 61 249
10 77 285
61 249 268
52 257 289
10 257 434
280 390 425
249 280 390
111 123 385
52 111 307
52 257 434
10 315 434
49 94 234
125 258 352
145 234 428
52 113 307
122 251 270
39 270 272
39 58 286
58 211 301
58 286 301
211 301 319
9 123 133
9 123 385
173 421 430
297 398 445
388 390 425
120 388 390
90 384 387
190 384 387
379 412 416
24 378 411
314 378 411
368 402 408
217 367 396
228 367 396
328 362 375
359 363 431
349 363 419
305 349 419
346 424 443
278 330 362
48 330 342
152 330 342
323 328 364
67 327 399
255 320 375
218 316 442
152 308 342
305 359 419
305 359 406
189 305 349
167 300 353
51 298 408
179 291 369
100 288 364
287 382 399
235 287 355
156 282 422
141 282 422
281 291 409
195 273 420
177 273 420
251 272 295
271 421 430
271 373 430
150 268 386
263 374 410
302 332 351
125 258 341
206 328 364
258 295 341
10 257 285
139 257 280
257 280 289
256 316 326
208 256 326
164 255 360
255 360 375
251 307 341
47 247 313
116 247 303
247 303 361
244 373 430
238 320 375
237 372 392
237 338 374
237 358 433
236 436 440
94 234 369
185 234 369
196 232 242
180 232 242
174 231 402
231 368 402
174 231 359
40 229 429
207 229 429
73 89 254
7 86 175
86 175 411
84 149 342
83 238 320
83 165 241
18 59 219
82 338 354
59 219 429
237 392 433
81 129 377
329 337 428
77 325 446
77 130 285
101 142 250
237 263 374
75 140 448
1 74 440
74 136 440
42 70 227
33 121 224
70 227 391
358 392 433
20 146 165
10 77 315
67 382 405
254 260 303
8 15 128
65 281 369
160 195 213
110 119 135
32 249 280
64 134 383
98 233 444
138 216 243
51 368 408
32 139 257
88 156 324
99 281 409
0 69 380
60 256 381
134 220 441
176 191 275
111 319 385
216 243 259
65 144 369
56 79 410
56 79 138
50 76 371
89 254 260
77 144 321
145 352 434
13 54 440
323 328 375
85 181 232
14 63 202
54 236 440
65 77 446
54 306 406
54 140 345
80 242 422
68 120 437
110 135 366
51 214 368
286 301 319
55 82 184
50 108 376
50 311 376
50 151 178
84 193 225
49 234 428
49 74 428
54 75 306
49 136 179
88 156 200
281 291 369
101 149 217
48 101 142
48 101 342
211 379 416
247 313 361
45 173 430
45 227 400
65 77 144
166 359 406
48 275 362
21 287 399
105 146 351
292 360 447
42 70 424
15 88 300
84 245 342
112 204 277
8 128 357
60 256 356
22 60 197
50 108 151
18 254 303
245 308 342
105 229 351
176 250 275
2 65 266
222 302 351
14 236 393
8 43 357
64 126 360
37 317 334
83 212 415
39 58 379
8 167 401
154 175 247
14 236 379
32 61 130
18 59 254
88 180 422
68 187 317
66 151 380
114 127 149
64 191 432
0 66 380
147 159 202
54 75 140
136 368 440
14 63 272
183 220 343
72 140 310
83 163 415
102 117 365
20 146 215
21 188 309
131 220 449
25 153 310
50 311 371
77 130 246
83 163 241
17 82 354
11 22 197
187 317 334
48 330 362
202 272 295
5 350 423
14 202 393
127 149 367
28 138 216
0 69 167
145 258 428
8 15 300
154 175 339
11 218 381
0 167 353
7 78 131
85 181 262
32 130 285
187 358 392
75 189 306
21 188 235
14 201 272
16 121 327
17 55 82
161 209 338
212 323 375
40 105 229
5 98 233
81 346 413
191 362 432
194 331 386
187 276 358
5 98 423
77 315 321
80 141 422
14 252 379
54 345 412
362 375 432
6 121 299
6 106 394
27 194 407
7 131 335
359 363 419
57 180 403
255 320 332
85 232 344
84 193 296
45 110 430
32 139 280
2 65 446
81 162 377
12 203 271
244 373 427
101 217 250
35 279 298
251 307 319
27 192 407
57 180 181
36 56 225
147 258 428
76 78 176
31 103 409
185 315 321
206 278 322
112 263 265
132 236 436
175 261 339
200 300 353
34 86 157
182 274 409
26 91 398
50 76 157
23 163 387
90 215 384
23 106 387
121 327 394
25 153 336
29 221 346
3 288 364
146 222 302
81 318 346
78 131 343
18 118 303
72 189 213
30 316 442
111 280 289
95 171 172
42 110 366
64 191 383
11 197 381
53 120 397
263 265 358
35 129 279
28 216 294
28 294 374
122 251 319
209 338 374
29 346 443
204 311 414
30 316 326
27 194 386
67 107 405
189 305 306
152 278 330
5 350 405
33 121 299
212 348 375
33 224 244
33 244 404
32 257 285
38 148 255
33 373 404
24 34 86
12 33 373
104 124 267
36 149 225
39 122 286
37 80 334
26 45 91
38 164 360
39 122 270
42 110 370
81 162 318
262 264 403
18 219 447
182 274 438
37 68 120
89 260 313
47 89 313
122 286 319
199 203 415
8 43 401
93 160 435
93 160 349
130 192 386
93 349 363
145 258 352
94 179 369
96 100 205
96 100 340
137 271 421
260 303 313
96 206 364
98 155 355
6 97 304
12 97 304
4 162 318
147 159 337
98 155 350
98 350 423
95 169 172
76 176 228
109 218 430
38 292 360
102 277 365
103 143 162
103 274 409
104 124 443
161 338 354
62 175 261
46 187 276
106 347 394
107 190 387
107 190 239
79 374 410
107 327 394
107 347 394
176 250 396
91 398 445
110 158 430
103 162 216
130 268 386
111 123 280
52 111 289
111 307 319
219 292 447
36 112 410
208 256 356
25 269 417
112 114 204
114 204 226
114 127 226
116 126 284
116 126 186
116 118 284
237 263 358
15 88 180
147 258 295
44 72 189
195 213 420
39 201 272
98 355 444
91 124 227
124 227 391
236 379 412
18 118 447
113 125 307
116 186 247
113 125 434
28 79 374
125 352 434
146 190 384
130 246 407
126 284 360
105 146 239
191 275 362
159 202 393
161 325 407
130 192 407
131 335 449
132 159 393
204 311 371
21 235 287
132 159 426
132 210 426
133 211 418
9 133 319
170 188 309
2 161 325
126 134 441
88 324 422
112 263 410
74 329 428
136 214 368
65 182 266
6 121 394
146 215 384
128 180 403
140 310 345
67 382 399
152 278 322
145 315 434
170 177 356
146 165 302
146 190 239
147 337 428
148 255 332
65 99 182
49 94 179
84 149 225
149 217 367
6 299 304
53 120 437
45 91 227
155 287 355
25 213 269
83 165 320
31 291 409
2 161 182
35 298 408
48 250 275
54 166 406
6 23 97
212 238 348
180 181 232
166 231 359
12 271 373
170 177 283
58 211 379
187 223 392
42 413 424
137 398 421
172 403 439
61 130 268
174 293 431
174 359 431
175 247 449
62 175 411
176 191 383
176 228 396
176 183 383
179 214 279
136 179 214
179 279 291
180 242 422
134 183 220
145 185 315
161 182 209
186 247 449
68 187 223
16 327 399
189 213 349
15 128 180
125 307 341
133 211 319
96 205 364
27 192 386
195 395 435
53 194 331
226 228 371
226 228 367
195 326 395
195 208 326
115 199 203
147 202 295
206 278 362
206 328 362
172 264 403
207 219 429
208 273 356
83 212 238
218 240 389
103 216 274
216 274 294
199 212 415
109 218 240
11 218 389
207 219 292
131 220 343
97 163 415
193 225 445
104 225 445
148 332 351
