74 211 264
18 158 277
35 123 201
157 178 295
106 188 273
10 77 207
6 29 81
12 17 227
48 191 209
34 89 231
9 250 286
155 170 235
62 77 256
59 75 128
75 197 221
29 81 287
6 40 130
73 187 257
73 77 128
65 96 108
142 266 293
10 22 67
49 106 256
29 68 287
68 73 187
71 147 156
206 277 278
106 139 256
12 112 226
71 95 112
37 188 218
7 171 218
196 245 260
38 78 260
3 140 261
2 140 261
21 145 196
15 149 237
34 178 248
157 178 194
89 231 243
178 248 295
142 243 293
178 194 231
11 100 258
165 193 232
125 160 180
28 151 163
28 107 262
2 117 140
28 107 137
3 140 148
21 135 196
90 143 274
39 53 285
11 246 258
214 246 258
90 124 133
54 214 258
54 191 209
48 209 296
124 143 220
153 161 199
143 220 225
161 184 213
45 48 182
20 199 201
23 120 167
104 144 299
22 129 235
30 104 201
54 191 214
1 283 288
116 184 291
123 199 201
111 114 177
31 141 291
116 184 276
154 181 271
31 154 189
8 82 225
62 216 256
62 68 73
40 130 280
25 40 280
81 270 287
62 68 216
132 270 287
29 68 187
25 69 257
62 73 77
93 197 257
77 128 207
73 197 257
25 187 257
93 130 234
93 197 234
75 146 221
69 130 280
25 69 280
197 221 234
59 96 146
59 83 96
108 146 221
96 108 146
26 65 108
65 83 96
5 66 83
59 128 129
98 235 272
59 98 129
59 75 146
98 129 235
16 128 129
113 194 243
22 60 67
10 67 290
16 22 129
16 128 207
22 60 235
203 244 297
204 244 297
60 67 290
23 120 230
120 230 244
44 51 259
23 166 230
23 166 235
113 244 269
113 203 244
138 176 297
37 138 297
60 273 290
37 60 273
106 188 217
0 37 218
37 188 273
85 188 217
13 18 278
49 136 158
106 136 217
223 273 290
87 109 270
87 239 253
49 216 256
49 106 136
102 109 206
87 109 277
18 277 278
109 206 277
102 109 270
95 112 226
71 95 102
7 156 171
157 249 295
248 249 295
190 218 249
43 186 248
149 190 281
12 17 222
112 171 222
17 227 233
12 112 222
42 102 227
135 196 245
17 38 121
36 145 196
76 227 233
21 76 145
148 202 208
55 79 208
78 245 260
121 192 281
15 50 173
38 50 78
117 173 198
2 117 198
134 186 279
15 173 198
55 107 282
58 79 263
79 261 263
3 79 261
2 263 294
58 282 292
107 262 282
159 210 289
2 261 263
2 198 215
159 183 289
56 57 264
14 34 183
34 134 248
34 178 231
14 34 134
14 134 279
134 186 248
186 198 279
15 43 237
113 194 203
0 218 249
0 157 249
194 231 243
101 113 269
101 266 269
101 266 293
84 142 232
142 165 238
84 205 241
185 238 269
142 165 232
84 205 232
150 172 255
125 165 238
74 175 193
74 175 211
9 211 286
64 126 175
105 169 286
56 72 264
72 264 286
211 264 286
57 74 193
57 74 264
56 72 205
56 57 205
72 205 241
72 241 286
34 115 183
127 151 268
80 183 289
80 169 210
80 105 169
80 210 289
162 169 210
53 122 163
53 103 274
28 127 151
127 162 169
127 162 236
162 210 236
46 228 285
169 250 286
105 241 286
46 228 268
9 11 228
11 228 285
39 174 285
39 53 274
91 122 137
39 90 274
19 70 122
70 103 143
103 143 274
33 133 174
90 133 174
90 124 143
33 100 174
39 90 174
33 100 258
41 54 209
94 219 229
41 54 258
64 242 246
126 160 175
214 242 246
27 126 160
191 214 242
160 172 180
64 175 211
64 126 242
125 160 175
48 160 284
94 229 296
209 229 296
82 182 288
82 225 288
4 45 152
45 182 288
1 179 288
20 251 288
179 251 288
225 283 288
1 88 283
20 104 201
153 161 184
153 181 184
20 104 168
24 35 123
30 35 201
4 152 284
4 20 168
44 97 144
97 150 255
247 259 265
44 97 259
120 244 269
47 120 167
47 167 298
170 235 272
155 167 298
184 213 276
252 254 267
24 35 51
30 104 144
30 44 144
24 123 252
224 252 254
63 99 110
61 86 252
24 86 252
61 224 252
63 66 118
66 118 170
26 32 99
32 99 110
5 63 66
26 52 110
224 240 254
26 32 110
240 254 275
52 110 240
52 212 240
26 108 177
92 212 275
212 240 275
92 164 212
26 52 177
92 275 276
114 164 177
123 252 267
92 116 276
181 184 189
154 225 271
154 181 189
184 189 291
31 189 291
31 154 195
225 271 283
47 265 298
263 292 294
58 263 292
236 262 282
210 236 282
132 216 287
68 216 287
49 216 253
132 216 253
213 254 275
210 292 294
8 200 225
200 220 225
194 203 297
60 204 235
48 182 296
164 177 212
52 177 212
150 172 299
171 192 281
171 190 218
171 190 281
169 250 268
166 204 244
125 165 175
53 163 285
161 254 267
160 172 299
119 160 299
136 158 217
18 158 217
0 157 176
51 155 259
158 239 253
155 259 298
149 190 249
149 237 249
46 163 285
140 148 245
147 206 278
127 169 268
24 51 86
57 193 232
47 247 265
100 174 285
51 86 155
46 151 268
45 48 284
55 91 137
117 140 173
43 186 198
10 22 207
42 95 226
17 38 233
37 60 204
14 159 215
35 44 51
15 121 281
43 237 249
0 37 176
61 224 240
159 210 294
36 196 260
135 202 245
41 219 229
37 138 176
20 179 199
61 118 155
71 112 156
27 48 160
4 168 284
43 248 249
36 38 260
112 156 171
41 209 229
31 131 141
9 211 246
49 158 253
15 38 50
45 152 284
25 29 187
108 221 234
34 84 115
97 255 259
15 149 281
17 121 192
28 127 236
9 11 246
33 41 219
92 116 164
23 155 235
73 128 197
26 63 99
14 198 215
5 63 65
166 230 244
4 45 288
77 139 256
37 204 297
17 192 222
50 140 245
119 168 284
213 275 276
25 29 40
157 176 194
42 95 102
47 120 247
36 38 233
1 179 199
61 118 240
105 115 183
88 153 181
28 122 163
15 43 198
1 88 199
13 18 85
14 198 279
106 139 223
27 48 191
16 22 207
247 255 259
23 155 167
9 228 268
10 77 223
10 223 290
28 122 137
8 82 200
31 131 195
142 238 269
12 42 227
30 35 44
13 85 278
5 65 83
14 159 183
88 153 199
97 150 299
114 116 164
33 133 219
28 236 262
166 204 235
7 85 218
165 175 193
6 29 40
15 38 121
18 85 217
3 79 208
180 185 255
126 191 242
20 179 251
34 84 89
53 70 103
147 156 278
53 70 122
55 58 282
55 58 79
259 265 298
19 55 122
55 91 122
55 107 137
123 161 199
125 185 238
57 205 232
61 86 155
94 200 220
108 130 234
88 271 283
104 168 299
4 20 288
71 147 206
71 102 206
84 105 115
85 156 278
12 42 226
50 140 173
2 159 294
84 142 243
77 139 223
125 180 185
185 255 269
9 250 268
82 182 200
210 282 292
76 145 233
83 98 272
83 170 272
66 83 170
84 105 241
7 85 156
85 188 218
172 180 255
87 132 253
87 132 270
64 211 246
87 158 277
87 158 239
88 181 271
3 148 208
94 133 219
2 159 215
94 133 220
94 182 296
111 114 131
26 63 65
97 144 299
11 100 285
119 160 284
27 126 191
101 113 243
101 243 293
59 83 98
118 155 170
80 105 183
106 223 273
63 110 118
110 118 240
114 131 141
120 255 269
94 182 200
116 141 291
114 116 141
171 192 222
75 128 197
120 247 255
123 161 267
131 154 195
176 194 297
69 130 257
93 130 257
111 131 154
119 168 299
124 133 220
36 145 233
135 202 208
161 213 254
46 151 163
148 202 245
84 89 243
50 78 245
33 41 258
142 266 269
