35 123 201
157 178 295
172 185 255
10 77 207
6 29 81
12 17 227
180 185 238
34 89 231
9 250 286
80 115 183
209 219 229
37 60 297
45 48 152
155 170 235
62 77 256
29 81 287
6 40 130
73 75 197
66 83 272
139 223 273
142 266 293
10 22 67
49 106 256
71 147 156
206 277 278
106 139 256
12 112 226
71 95 112
37 188 218
7 171 218
17 36 233
38 78 260
3 140 261
2 140 261
21 145 196
140 202 245
157 178 194
89 231 243
142 243 293
178 194 231
46 53 163
165 193 232
125 160 180
46 53 285
28 151 163
11 100 174
28 107 262
28 107 137
3 140 148
21 135 196
90 143 274
39 53 285
41 133 258
90 124 133
54 214 258
54 191 209
48 209 296
8 182 200
124 143 220
153 161 199
143 220 225
161 184 213
45 48 182
4 20 45
20 199 201
104 144 299
30 104 201
119 150 299
116 184 291
123 199 201
116 184 276
154 181 271
8 82 225
88 225 271
62 216 256
62 68 73
40 130 280
25 40 280
81 270 287
69 93 257
49 239 253
62 68 216
132 270 287
62 73 77
93 197 257
93 130 234
93 197 234
75 146 221
25 69 280
59 83 272
73 75 128
108 146 221
26 65 108
59 98 272
30 35 51
5 66 83
98 235 272
166 204 230
59 98 129
59 75 146
16 128 129
113 194 243
22 60 67
10 67 290
16 22 129
16 128 207
203 244 297
204 244 297
60 67 290
23 167 235
44 51 259
23 166 230
23 166 235
113 244 269
204 230 244
125 180 238
113 203 244
176 203 297
60 204 297
138 176 297
37 138 297
7 85 188
60 273 290
37 60 273
37 188 273
0 138 176
85 188 217
7 156 278
49 158 239
13 18 217
13 18 278
13 85 217
18 136 158
106 139 273
49 136 158
106 136 217
18 136 217
223 273 290
87 109 270
158 239 277
87 239 253
49 216 256
49 106 136
102 109 206
109 206 277
102 109 270
95 112 226
7 188 218
7 156 171
190 218 281
248 249 295
190 218 249
121 149 281
43 186 248
171 218 281
149 190 281
12 17 222
17 227 233
42 102 227
17 36 38
17 38 121
38 196 260
36 145 196
36 38 196
76 227 233
21 76 145
135 208 245
140 148 202
148 202 208
55 79 208
202 208 245
121 192 281
15 121 149
15 50 173
15 50 121
117 173 198
50 117 140
15 186 198
15 173 198
50 117 173
55 107 282
58 79 263
3 79 148
79 148 208
3 79 261
55 79 282
2 263 294
58 79 282
58 282 292
107 262 282
58 263 294
282 292 294
159 282 294
58 292 294
159 210 289
2 198 215
159 183 289
14 34 183
34 178 231
14 34 134
186 198 279
15 43 186
113 194 203
0 218 249
176 194 203
194 231 243
101 113 269
101 266 269
101 266 293
193 205 232
84 142 232
142 165 238
84 205 241
185 238 269
142 165 232
84 205 232
120 247 265
125 165 238
125 165 193
57 193 205
27 191 242
172 180 185
9 211 286
64 126 175
72 264 286
211 264 286
57 74 193
56 57 205
105 115 241
72 205 241
80 105 115
34 115 183
84 115 241
127 151 268
80 183 289
80 169 210
159 210 282
127 236 262
80 210 289
162 169 210
28 127 262
53 122 163
53 103 274
28 127 151
127 162 169
127 162 236
162 210 236
46 228 285
169 250 286
46 228 268
9 11 228
39 174 285
39 53 274
53 103 122
70 103 122
91 122 137
39 90 274
19 70 122
70 103 143
103 143 274
90 133 174
33 133 258
90 124 143
94 220 296
39 90 174
33 100 258
41 133 219
41 54 258
214 242 246
27 126 160
160 172 180
64 175 211
27 160 191
27 126 242
160 172 284
48 160 284
200 220 296
48 200 296
48 152 284
209 229 296
4 45 152
48 182 200
20 45 288
20 251 288
1 88 179
1 88 283
88 225 283
20 104 201
20 104 168
24 35 123
30 35 201
30 44 51
4 152 284
4 20 168
97 247 255
144 150 299
97 144 150
44 97 144
120 247 269
120 244 269
47 120 265
47 167 298
184 213 276
47 259 265
24 35 51
30 104 144
30 44 144
24 123 252
63 99 110
24 86 155
61 86 252
86 155 170
24 86 252
61 224 252
66 118 170
26 32 99
32 99 110
52 110 240
52 212 240
26 108 177
92 212 275
212 240 275
92 164 212
26 52 177
92 114 164
92 275 276
114 116 291
114 164 177
123 252 267
92 116 276
92 114 116
153 181 271
181 184 189
88 153 271
154 225 271
154 181 189
184 189 291
114 141 291
111 131 141
247 255 269
236 262 282
210 236 282
167 235 298
224 240 275
224 254 267
219 229 296
106 217 273
188 217 273
132 216 287
49 216 253
132 216 253
213 254 275
56 205 264
72 205 264
8 200 225
200 220 225
31 189 195
154 189 195
187 197 257
73 187 197
164 177 212
52 177 212
174 228 285
171 192 281
169 250 268
161 254 267
153 161 181
48 160 209
0 157 176
160 191 209
149 190 249
149 237 249
224 252 267
147 206 278
127 169 268
46 151 268
45 82 288
55 91 137
10 22 207
11 100 214
74 175 264
42 95 226
73 77 207
94 219 296
109 239 277
47 51 298
14 159 215
43 237 249
43 149 237
61 224 240
26 32 52
32 52 110
22 166 235
44 97 265
66 235 272
29 68 216
20 179 199
71 112 156
4 168 284
43 248 249
1 82 288
119 150 284
112 156 171
31 131 141
87 109 239
9 211 246
25 29 187
8 45 82
108 221 234
2 140 198
34 84 115
29 216 287
17 121 192
23 230 244
5 65 96
78 135 260
9 11 246
100 214 258
93 130 280
126 242 246
26 63 99
14 198 215
155 235 298
5 63 65
77 139 256
5 66 118
17 192 222
23 120 244
50 140 245
119 168 284
69 187 257
0 249 295
213 275 276
25 29 40
157 176 194
42 95 102
1 251 288
61 118 240
28 122 163
8 45 182
5 63 118
2 79 263
12 171 222
12 112 171
23 47 167
38 78 121
14 198 279
16 22 207
24 155 298
1 82 283
9 228 268
10 77 223
29 73 187
59 75 129
10 223 290
28 122 137
11 214 246
22 98 129
31 131 195
142 238 269
0 157 295
12 42 227
61 86 118
13 85 278
14 186 248
14 159 183
14 134 248
88 153 199
2 79 261
161 181 184
5 83 96
22 166 204
74 125 193
33 100 133
29 68 73
1 179 251
44 259 265
25 69 187
150 172 284
6 29 40
75 221 234
20 179 251
34 84 89
41 54 219
56 74 264
54 209 219
54 191 242
147 156 278
54 214 242
97 172 255
23 47 120
19 55 122
55 91 122
22 60 204
55 107 137
18 158 278
123 161 199
34 178 295
65 96 146
47 51 259
56 57 74
34 134 295
97 150 172
11 174 228
82 225 283
65 108 146
72 105 241
69 93 280
22 98 235
108 130 234
104 168 299
73 128 207
12 42 226
74 125 175
2 159 294
175 211 264
75 128 129
84 142 243
75 197 234
77 139 223
95 147 206
50 78 121
80 105 286
78 135 245
185 255 269
9 250 268
76 145 233
158 277 278
14 186 279
7 85 278
87 132 253
87 132 270
64 211 246
88 179 199
94 133 219
2 159 215
94 133 220
95 102 206
71 95 147
80 169 286
15 43 149
97 247 265
24 51 298
26 63 65
100 133 174
72 105 286
101 113 243
59 83 146
101 243 293
83 96 146
63 110 118
110 118 240
66 170 235
171 192 222
134 248 295
123 161 267
131 154 195
125 126 175
125 126 160
64 126 246
224 254 275
111 131 154
119 168 299
124 133 220
36 145 233
161 213 254
135 196 260
46 151 163
37 138 218
0 138 218
117 140 198
111 141 177
114 141 177
84 89 243
50 78 245
141 189 291
86 118 170
31 141 189
142 266 269
