18 158 277
151 163 268
35 123 201
157 178 295
172 185 255
106 188 273
10 77 207
6 29 81
71 156 171
17 121 222
171 222 281
9 250 286
80 115 183
155 170 235
62 77 256
59 75 128
6 40 130
73 77 128
65 96 108
73 75 197
139 223 273
142 266 293
10 22 67
10 77 290
60 166 235
29 68 287
68 73 187
71 147 156
12 112 226
71 95 112
121 192 222
7 171 218
36 76 145
38 78 260
3 140 261
2 140 261
21 145 196
192 222 281
50 78 140
11 64 211
157 178 194
43 237 248
89 231 243
142 243 293
11 100 258
165 193 232
125 160 180
11 100 174
28 107 262
28 107 137
3 140 148
21 135 196
90 143 274
39 53 285
11 246 258
214 246 258
41 133 258
54 214 258
54 191 209
48 209 296
124 219 220
124 143 220
153 161 199
143 220 225
45 48 182
4 20 45
20 199 201
104 144 299
54 191 214
119 150 299
1 283 288
116 184 291
123 199 201
31 141 291
116 184 276
131 141 195
88 225 271
62 216 256
62 68 73
40 130 280
6 29 187
69 93 257
49 239 253
62 68 216
132 270 287
29 68 187
62 73 77
69 93 130
93 197 257
77 128 207
25 187 257
93 130 234
93 197 234
75 146 221
69 130 280
59 83 272
73 75 128
108 146 221
96 108 146
26 65 108
59 98 272
10 16 22
59 128 129
98 235 272
59 98 129
16 128 129
10 16 207
113 194 243
22 60 67
10 67 290
16 22 129
16 128 207
22 60 235
203 244 297
204 244 297
60 67 290
60 166 204
23 120 230
120 230 244
44 51 259
23 166 230
23 166 235
125 180 238
113 203 244
37 138 297
60 273 290
37 60 273
106 188 217
37 188 273
0 138 176
85 188 217
7 156 278
49 158 239
13 18 278
106 139 273
49 136 158
106 136 217
223 273 290
139 223 256
132 253 270
49 216 256
49 106 136
102 109 206
87 109 277
147 156 206
18 277 278
36 76 233
109 206 277
102 147 206
95 112 226
71 112 171
7 156 171
0 37 138
190 218 249
43 186 248
149 190 281
12 17 222
112 171 222
17 227 233
12 112 222
42 102 226
95 102 226
42 102 227
17 38 121
36 145 196
76 227 233
21 76 145
135 208 245
148 202 208
55 79 208
202 208 245
38 50 121
78 140 245
121 192 281
15 50 173
15 50 121
38 50 78
117 173 198
50 117 140
15 186 198
15 173 198
50 117 173
210 262 282
58 79 263
3 79 148
79 261 263
79 148 208
3 79 261
58 282 292
282 292 294
159 183 215
159 210 289
2 261 263
2 198 215
14 183 215
84 89 115
56 57 264
14 34 183
34 134 248
34 178 231
14 34 134
186 198 279
15 43 186
113 194 203
0 218 249
176 194 203
101 113 269
101 266 269
142 238 266
142 165 238
84 205 241
142 165 232
84 205 232
120 247 265
125 165 238
125 165 193
27 191 242
9 211 286
64 126 175
105 169 286
56 72 264
72 264 286
211 264 286
57 74 193
57 74 264
56 72 205
56 57 205
72 205 241
80 105 115
127 151 268
80 169 210
80 105 169
80 210 289
162 169 210
210 236 262
53 122 163
53 103 274
28 127 151
127 162 169
127 162 236
162 210 236
46 163 268
46 228 285
169 250 286
46 228 268
11 228 285
39 53 274
19 55 91
19 91 122
19 70 122
70 103 143
103 143 274
33 133 258
90 124 143
124 133 219
94 220 296
33 100 258
41 54 209
94 219 220
41 133 219
41 54 258
214 242 246
27 126 160
191 214 242
160 172 180
11 64 246
64 175 211
27 160 191
27 126 242
160 172 284
48 160 284
200 220 296
104 119 299
209 229 296
82 182 288
4 45 152
45 182 288
20 45 288
1 179 288
20 251 288
179 251 288
1 88 283
88 225 283
20 104 201
153 161 184
153 181 184
20 104 168
24 35 123
104 119 168
4 119 168
4 152 284
4 20 168
4 119 284
97 247 255
44 97 144
47 120 265
47 167 298
155 167 298
24 51 155
24 35 51
30 104 144
30 44 144
24 123 252
61 118 224
63 99 110
24 86 155
61 86 252
86 155 170
24 86 252
61 224 252
63 110 240
66 118 170
26 32 99
32 99 110
5 63 83
52 110 240
26 108 177
92 212 275
92 164 212
254 275 276
26 52 177
92 114 164
92 275 276
123 252 267
92 116 276
92 114 116
213 254 276
153 181 271
181 184 189
88 153 271
154 225 271
31 141 195
47 265 298
58 263 292
77 256 290
101 243 266
237 249 295
237 248 295
224 240 275
224 254 267
219 229 296
132 216 287
68 216 287
49 216 253
132 216 253
11 211 228
9 211 228
8 200 225
200 220 225
31 189 195
154 189 195
187 197 257
73 187 197
185 266 269
34 183 231
89 183 231
182 200 296
48 182 296
164 177 212
52 177 212
181 189 271
90 174 274
172 180 238
171 190 218
171 190 281
169 250 268
166 204 244
53 163 285
161 213 276
39 174 274
161 184 276
161 254 267
48 160 209
136 158 217
18 158 217
0 157 176
156 206 277
160 191 209
156 277 278
51 155 259
155 259 298
149 190 249
149 237 249
46 163 285
140 148 245
224 252 267
127 169 268
52 240 275
57 193 232
49 106 139
239 253 270
45 48 284
243 266 293
5 66 272
55 91 137
44 97 247
84 232 243
113 120 244
74 175 264
185 238 266
0 37 188
6 40 187
40 69 280
94 219 296
17 38 233
37 60 204
35 44 51
25 40 187
89 115 183
15 121 281
43 149 237
26 32 52
32 52 110
52 212 275
159 210 294
36 196 260
41 219 229
44 247 265
29 270 287
66 235 272
29 81 270
34 248 295
20 179 199
59 75 83
36 38 260
119 150 284
49 139 256
41 209 229
45 152 284
31 184 291
90 124 174
154 189 271
108 221 234
2 140 198
8 225 283
15 149 281
78 135 260
28 127 236
23 155 235
5 83 272
126 242 246
25 40 257
0 188 218
26 63 99
14 198 215
166 230 244
63 65 96
8 82 283
37 204 297
5 66 118
0 249 295
157 176 194
2 263 292
36 38 233
80 159 183
1 179 199
30 35 104
5 63 118
178 231 243
23 47 167
13 18 85
14 198 279
100 124 174
23 155 167
9 228 268
87 102 109
2 292 294
11 39 285
1 88 153
8 82 200
120 185 269
22 98 129
0 157 295
12 17 42
210 282 294
61 86 118
30 35 44
13 85 278
14 186 248
100 124 133
14 134 248
97 150 299
31 184 189
74 125 193
33 100 133
138 176 203
11 39 174
28 236 262
17 42 227
44 259 265
7 85 218
150 172 284
18 85 217
75 221 234
20 179 251
53 70 103
53 70 122
63 118 224
97 172 255
55 58 282
23 47 120
55 58 79
259 265 298
87 239 270
55 107 137
123 161 199
34 178 295
55 262 282
120 185 255
57 205 232
97 150 172
63 83 96
40 69 257
63 224 240
72 105 241
22 98 235
172 185 238
108 130 234
84 105 115
12 42 226
74 125 175
75 83 96
2 159 294
175 211 264
75 96 146
91 137 163
75 197 234
113 120 269
78 135 245
9 250 268
80 159 289
82 182 200
82 283 288
84 105 241
14 186 279
85 188 218
7 85 278
87 102 270
1 153 199
87 158 277
87 158 239
142 232 243
91 122 163
2 159 215
111 131 164
71 95 147
95 102 147
15 43 149
26 63 65
97 144 299
72 105 286
101 113 243
35 104 201
111 164 177
114 131 141
116 141 291
66 170 235
114 116 141
120 247 255
123 161 267
131 154 195
125 126 175
125 126 160
64 126 246
223 256 290
224 254 275
111 131 154
114 131 164
137 151 163
161 213 254
135 196 260
28 137 151
138 203 297
148 202 245
117 140 198
178 194 243
55 107 262
84 89 243
86 118 170
