13 125 256
209 246 307
13 125 318
13 270 340
29 125 148
34 151 282
40 210 327
22 28 50
94 284 302
5 159 286
58 170 303
69 180 244
139 243 295
254 255 330
106 118 175
23 227 254
18 96 217
163 238 248
68 285 304
88 113 247
77 137 272
97 133 152
56 215 338
105 241 279
125 148 256
54 151 278
7 270 340
13 54 318
13 54 270
38 65 256
81 264 323
35 85 349
169 179 215
81 137 264
2 102 207
30 99 172
46 92 158
92 261 312
22 92 158
22 28 187
76 170 252
194 308 344
199 201 287
19 60 200
38 148 256
103 134 216
1 93 308
19 257 259
108 184 275
74 329 346
128 135 336
5 218 280
27 197 245
121 139 243
124 204 324
163 188 238
209 228 324
44 109 211
27 80 138
109 277 319
107 108 284
44 184 302
138 234 246
8 216 336
108 284 302
184 255 275
185 261 312
55 63 292
36 108 276
108 184 302
95 171 235
41 226 310
106 118 341
41 209 311
122 208 300
217 250 273
168 250 273
168 226 310
126 168 310
119 253 326
119 181 253
25 192 304
111 131 133
195 237 268
111 133 229
169 179 236
131 167 190
167 190 251
10 202 292
57 240 251
179 240 251
116 166 294
35 85 267
50 154 289
88 140 150
137 274 281
129 279 345
113 247 337
213 231 297
54 151 318
17 270 278
153 186 282
17 84 278
34 91 151
20 89 148
29 91 313
193 201 291
20 132 193
17 32 242
210 289 303
13 256 340
38 65 343
54 270 278
84 153 186
84 153 282
24 264 282
186 264 282
81 114 315
77 137 274
17 114 323
186 264 323
17 32 114
81 114 323
32 114 315
137 264 281
2 3 79
206 272 315
40 56 327
39 123 207
206 242 327
17 183 242
7 303 343
22 158 187
58 289 303
50 58 289
104 154 289
154 258 262
28 50 154
28 154 258
104 154 262
71 225 347
46 57 191
71 187 347
143 147 240
46 92 312
71 143 187
46 158 191
143 158 187
58 260 348
1 93 259
172 198 291
172 257 259
19 60 328
193 198 291
60 328 348
19 252 328
19 252 257
38 76 170
170 252 328
219 287 325
89 145 313
38 76 132
76 132 193
201 287 325
89 219 325
193 201 325
99 189 223
1 308 344
142 189 219
142 219 296
89 145 219
5 159 243
1 30 344
5 243 280
121 243 280
12 23 146
23 121 146
37 159 283
159 283 286
75 142 218
214 283 286
159 243 295
37 159 295
78 214 342
214 286 342
37 67 283
69 197 245
78 180 214
78 180 244
138 234 339
21 234 246
21 246 307
69 244 307
78 244 307
277 319 341
21 234 339
69 245 339
69 180 197
139 227 249
80 249 254
80 184 314
227 249 254
80 254 255
120 254 330
27 80 249
80 184 255
80 314 319
44 184 211
80 138 319
211 314 319
106 277 341
118 209 246
118 175 324
94 175 204
118 246 341
118 209 228
118 228 324
124 163 188
175 204 324
108 275 306
36 108 306
109 211 319
184 211 314
8 134 261
15 16 87
61 255 275
61 255 330
74 98 135
98 120 330
128 216 308
128 216 336
103 216 308
8 134 216
128 194 308
74 135 346
185 261 329
55 185 312
8 261 329
57 202 251
10 63 292
15 87 293
46 55 312
45 101 196
101 133 192
25 101 178
25 101 192
45 101 178
122 178 208
122 178 305
122 127 305
15 173 196
16 26 95
45 178 220
95 156 235
16 95 276
107 108 276
156 235 298
171 235 238
124 209 324
171 238 248
124 188 209
110 221 311
188 221 238
221 238 309
66 110 309
110 221 309
96 298 331
14 51 326
14 51 322
122 130 300
51 130 326
14 119 326
68 130 326
68 130 300
14 119 322
119 181 273
119 273 322
96 217 298
217 273 322
18 96 263
18 41 263
31 126 290
168 181 273
126 168 181
126 253 301
126 181 301
31 59 253
181 253 301
31 126 253
141 157 290
126 290 310
141 290 310
11 129 224
11 174 332
62 157 290
141 157 174
62 157 174
59 68 285
0 62 70
49 285 304
0 70 285
49 100 239
97 112 212
133 152 229
70 224 239
100 212 239
97 100 212
83 232 239
43 149 241
83 112 345
224 232 239
11 129 332
90 113 129
83 232 345
149 241 279
43 266 271
88 129 279
82 152 229
105 241 271
64 88 279
43 241 271
64 140 271
140 266 271
64 88 140
73 266 334
64 105 279
64 105 271
73 176 222
73 140 266
150 161 247
4 155 222
195 237 334
162 237 334
111 164 166
195 230 334
82 237 268
10 167 251
131 133 167
147 179 240
57 202 292
10 202 251
143 158 191
53 236 321
56 215 225
53 236 294
116 117 230
4 205 207
117 222 230
53 117 321
164 166 294
116 166 195
53 117 294
116 195 230
116 117 294
4 48 117
2 205 207
4 117 222
48 117 321
169 215 338
39 207 316
272 338 349
35 123 207
56 327 338
35 123 349
115 231 269
35 102 267
35 102 207
2 102 267
2 3 205
9 213 281
9 213 297
2 79 267
115 265 269
6 317 320
6 9 320
9 269 320
33 203 269
9 269 297
231 269 297
115 213 231
161 203 299
33 233 317
4 155 299
4 265 299
155 176 222
160 333 337
88 150 247
113 333 337
88 113 129
90 113 333
160 233 333
90 233 333
6 9 72
39 316 338
21 307 339
51 298 322
217 298 322
296 335 342
219 296 342
75 286 335
151 278 282
84 278 282
96 263 331
138 246 319
246 319 341
48 236 316
258 262 347
224 232 345
179 236 251
26 220 305
79 213 267
183 210 242
4 205 265
94 204 284
124 204 284
168 226 250
103 200 308
93 200 259
19 200 259
185 196 329
45 196 220
173 196 220
76 193 252
193 198 252
164 190 294
189 201 223
188 209 311
147 179 225
179 215 225
25 178 304
178 208 304
142 177 189
44 175 302
94 175 302
172 252 257
172 201 223
172 201 291
171 248 284
107 171 284
170 328 348
235 238 309
92 165 261
134 165 261
144 165 260
210 242 327
161 247 337
189 199 219
93 200 308
152 162 237
160 161 337
169 316 338
150 155 299
121 146 280
146 177 280
15 196 329
146 177 344
60 144 348
144 260 348
142 177 280
142 218 280
172 198 252
140 150 155
136 144 182
75 142 335
22 50 260
50 58 260
39 338 349
27 139 197
103 136 165
49 192 304
49 100 192
95 107 276
206 272 338
46 57 292
55 185 196
51 127 156
43 162 334
33 203 233
48 236 321
43 97 149
18 41 288
51 122 127
73 222 230
41 86 311
41 86 263
203 265 299
20 132 148
286 335 342
8 135 346
12 146 194
71 143 147
46 55 292
33 269 320
32 206 315
52 67 295
89 193 325
44 109 277
26 95 156
16 87 276
29 89 148
44 106 277
120 128 135
28 187 347
27 245 339
49 70 239
91 151 318
15 74 329
36 87 306
3 79 265
10 133 167
67 180 197
190 251 294
33 317 320
68 208 300
73 230 334
0 31 62
213 267 281
68 253 326
8 329 346
9 72 281
7 256 340
129 174 332
24 34 282
39 123 349
1 30 172
52 139 197
0 31 285
40 104 210
146 194 344
44 106 175
40 56 104
30 99 344
199 219 287
51 156 298
180 214 283
31 59 285
29 89 313
32 206 242
7 17 183
1 172 259
85 267 281
7 183 210
69 307 339
111 131 190
10 101 133
7 256 343
12 23 254
160 161 203
15 74 293
18 250 288
22 92 260
7 17 270
111 195 268
11 62 174
111 166 195
127 156 305
5 75 286
11 70 224
15 173 220
15 16 220
18 217 250
169 236 316
11 62 70
48 207 316
7 210 303
120 128 194
26 156 305
49 70 285
206 327 338
38 170 303
203 265 269
83 112 239
17 186 323
8 135 336
3 205 265
92 165 260
85 274 281
142 296 335
5 75 218
235 298 309
17 84 186
16 26 220
4 48 207
160 203 233
31 62 290
77 85 274
12 120 254
52 139 295
42 72 90
38 303 343
66 263 331
52 67 197
65 256 343
6 72 317
66 86 110
55 63 196
99 172 223
178 220 305
56 104 262
27 139 249
57 143 240
57 143 191
112 149 279
60 182 200
60 144 182
59 68 253
189 199 201
47 61 98
28 258 347
58 170 348
61 275 306
47 61 306
129 141 174
63 101 196
23 121 227
10 63 101
112 212 239
66 86 263
66 298 331
66 298 309
37 67 295
68 208 304
51 122 130
136 144 165
72 264 281
71 147 225
236 251 294
29 91 125
74 98 293
72 233 317
73 140 155
103 134 165
79 115 213
79 115 265
73 155 176
81 272 315
81 137 272
82 111 268
82 111 229
41 226 288
67 180 283
77 85 272
85 272 349
24 34 145
86 110 311
87 293 306
36 87 276
20 89 193
91 125 318
34 91 145
91 145 313
61 98 330
95 107 171
97 112 149
129 224 345
97 133 192
97 100 192
47 98 306
98 293 306
225 262 347
99 177 344
99 177 189
103 136 182
103 182 200
104 210 289
82 152 237
43 97 152
43 266 334
112 279 345
124 163 248
188 221 311
98 120 135
12 120 194
27 138 339
56 225 262
111 164 190
121 139 227
43 152 162
72 90 233
124 248 284
226 250 288
150 161 299
38 132 148
