13 125 256
209 246 307
13 125 318
29 125 148
34 151 282
40 210 327
22 28 50
94 284 302
5 159 286
58 170 303
69 180 244
139 243 295
254 255 330
138 319 341
23 227 254
18 96 217
163 238 248
88 113 247
179 236 294
82 162 237
97 133 152
56 215 338
85 267 274
125 148 256
125 151 318
13 54 318
13 54 270
38 65 256
81 264 323
35 85 349
169 179 215
81 137 264
2 102 207
30 99 172
46 92 158
92 261 312
22 28 187
40 56 262
76 170 252
194 308 344
199 201 287
38 148 256
103 134 216
1 93 308
128 135 336
5 218 280
177 218 280
27 197 245
37 52 67
121 139 243
124 204 324
163 188 238
209 228 324
44 109 211
109 175 277
27 80 138
109 277 319
44 94 302
47 275 306
185 261 312
55 63 292
36 87 293
49 239 285
10 101 196
36 108 276
95 171 235
41 226 310
106 118 341
41 209 311
122 208 300
217 250 273
168 250 273
168 226 310
62 70 174
126 168 310
119 253 326
119 181 253
25 192 304
111 131 133
195 237 268
111 133 229
169 179 236
10 202 292
28 187 258
73 140 176
43 149 152
116 166 294
150 155 161
50 154 289
88 140 150
137 274 281
33 160 203
129 279 345
113 247 337
6 72 233
24 145 282
17 270 278
153 186 282
17 84 278
34 145 282
34 91 151
20 89 148
29 91 313
20 132 193
210 289 303
13 256 340
20 38 148
38 65 343
54 270 278
17 183 270
84 153 186
84 153 282
77 137 274
17 114 323
186 264 323
17 32 114
81 114 323
81 137 315
137 264 281
206 272 327
206 272 315
40 104 289
40 210 289
40 56 327
39 123 207
7 183 270
206 242 327
7 303 343
104 154 289
154 258 262
28 50 154
28 154 258
71 225 347
46 57 191
71 187 347
46 92 312
92 134 261
71 143 187
143 191 240
46 158 191
143 158 187
58 260 348
144 182 200
103 134 136
93 103 200
19 93 200
1 93 259
172 257 259
19 60 328
60 328 348
19 252 328
19 252 257
38 76 170
170 252 328
198 252 257
20 38 132
76 193 198
219 287 325
89 145 313
76 198 252
38 76 132
76 132 193
201 287 325
89 219 325
193 201 325
1 308 344
199 201 223
201 223 291
5 218 286
219 296 335
89 145 219
5 159 243
99 142 177
142 177 218
1 30 344
5 243 280
12 146 344
30 99 177
30 177 344
121 243 280
23 121 139
8 329 336
23 139 227
12 23 146
23 121 146
219 335 342
214 283 286
67 214 283
159 243 295
78 214 342
214 286 342
37 52 295
37 67 283
69 197 245
78 180 244
21 234 246
21 246 307
69 244 307
78 244 307
277 319 341
21 234 339
69 245 339
139 197 249
69 180 197
139 227 249
27 197 249
227 249 254
12 120 128
80 254 255
120 254 330
98 120 128
80 314 319
80 138 319
106 175 277
44 109 175
106 277 341
118 209 246
118 246 341
118 209 228
124 163 188
175 204 324
94 124 284
108 275 306
47 61 330
36 108 306
16 36 276
8 134 261
15 185 329
36 293 306
47 61 275
61 255 330
74 98 135
47 98 330
12 128 194
98 120 330
93 103 308
134 136 165
12 194 344
103 216 308
92 134 165
98 128 135
128 194 308
74 135 346
135 336 346
185 261 329
329 336 346
55 185 312
8 261 329
57 202 251
10 63 292
10 63 196
46 55 312
63 185 196
55 63 185
15 185 196
45 101 196
101 133 192
25 101 178
25 101 192
208 300 304
45 101 178
51 127 298
68 300 304
122 127 305
15 173 196
16 26 95
45 173 220
45 178 220
45 173 196
26 173 220
95 156 235
16 95 276
94 124 204
110 221 311
86 263 311
66 110 309
110 221 309
96 298 331
127 156 298
14 51 322
122 130 300
14 119 326
68 130 326
68 130 300
14 119 322
119 181 273
119 273 322
96 217 298
217 273 322
41 263 311
31 126 290
168 181 273
59 68 326
126 253 301
31 59 253
181 253 301
59 253 326
0 31 290
31 126 253
126 290 310
141 290 310
129 141 332
141 174 332
11 129 224
141 157 174
62 157 174
70 239 285
0 62 290
0 62 70
49 285 304
0 70 285
100 192 304
49 100 239
97 112 212
133 152 229
49 100 304
70 224 239
100 212 239
97 100 212
43 149 241
83 112 345
11 129 332
90 113 129
83 232 345
149 241 279
112 149 345
43 266 271
88 129 279
149 279 345
82 152 229
105 241 271
64 88 279
43 241 271
64 140 271
64 88 140
73 266 334
64 105 271
150 155 176
150 161 247
4 155 222
140 150 176
162 237 334
112 149 152
97 112 152
82 229 268
82 237 268
179 251 294
164 251 294
111 229 268
131 133 167
164 190 251
147 179 240
57 191 240
57 202 292
143 158 191
71 143 225
53 236 321
56 215 225
272 327 338
53 236 294
169 236 321
117 222 230
53 117 321
164 166 294
116 166 195
116 195 230
2 205 207
4 117 222
48 169 321
169 215 338
39 207 316
48 169 316
39 169 316
272 338 349
35 123 207
39 123 338
39 169 338
56 327 338
35 123 349
123 338 349
9 264 281
267 274 281
3 79 213
35 102 207
2 102 267
9 213 281
79 213 281
115 265 269
269 317 320
6 317 320
9 72 264
6 9 320
9 269 320
33 203 269
9 269 297
3 115 265
161 203 299
155 176 222
155 161 299
160 333 337
160 203 337
88 150 247
161 203 247
113 333 337
203 247 337
88 113 129
90 113 333
160 233 333
33 269 317
90 233 333
6 233 317
6 9 72
21 307 339
44 302 314
51 298 322
217 298 322
74 293 346
293 329 346
75 286 335
159 286 295
283 286 295
37 283 295
54 278 318
151 278 282
84 278 282
107 276 284
108 275 284
258 262 347
235 238 248
171 235 248
147 225 240
224 232 345
26 220 305
183 210 242
4 205 265
168 226 250
80 255 314
193 198 201
216 308 336
178 208 305
10 190 202
190 202 251
188 209 324
188 209 311
147 179 225
179 215 225
25 178 304
178 208 304
195 230 237
172 223 291
171 248 284
107 171 284
170 328 348
126 168 301
131 166 167
164 166 167
235 238 309
144 165 260
164 167 190
210 242 327
33 160 317
160 233 317
156 235 309
189 199 219
198 201 291
82 152 162
121 146 280
146 177 280
146 177 344
60 144 348
144 260 348
75 142 286
122 208 305
136 144 182
172 257 291
8 134 336
134 216 336
75 142 335
22 50 260
50 58 260
108 276 284
95 107 276
46 57 292
44 211 314
44 94 204
44 175 204
43 162 334
15 36 87
53 116 230
18 41 288
51 122 127
41 96 263
128 308 336
18 41 96
184 302 314
203 265 299
27 249 254
286 335 342
10 167 190
4 117 321
46 55 292
184 275 302
32 206 315
32 81 114
89 193 325
26 95 156
29 89 148
32 81 315
27 245 339
27 80 254
198 257 291
3 115 231
10 133 167
67 180 197
32 183 242
9 231 297
176 222 230
73 230 334
15 16 36
7 256 340
115 269 297
1 30 172
52 139 197
0 31 285
4 48 321
3 213 231
15 26 173
19 60 144
199 219 287
15 16 26
31 59 285
29 89 313
32 206 242
1 172 259
19 93 257
7 13 340
7 183 210
69 307 339
50 289 303
53 116 294
10 101 133
124 188 324
7 256 343
12 23 254
18 250 288
22 92 260
2 267 281
61 184 255
275 284 302
48 205 207
111 195 268
40 154 262
143 225 240
111 166 195
11 70 224
24 186 264
9 213 231
18 217 250
14 130 326
48 207 316
7 210 303
189 219 296
14 51 130
246 339 341
234 246 339
38 170 303
203 265 269
83 112 239
26 127 305
17 186 323
50 58 303
83 224 232
53 117 230
187 258 347
3 205 265
92 165 260
142 296 335
17 84 186
156 298 309
15 87 329
77 85 274
12 120 254
52 139 295
67 78 214
42 72 90
99 189 296
38 303 343
40 104 154
188 238 309
52 67 197
65 256 343
17 32 183
66 86 110
26 127 156
99 172 223
35 85 102
178 220 305
19 144 200
4 155 265
106 175 324
57 179 251
57 179 240
138 339 341
188 221 309
59 285 304
22 92 187
59 68 304
11 70 332
58 170 348
62 141 290
62 141 157
64 241 279
73 266 271
2 79 281
112 212 239
66 96 263
66 96 331
66 86 263
66 298 331
66 298 309
51 122 130
7 13 270
155 265 299
136 144 165
99 142 296
70 174 332
29 91 125
74 98 293
73 176 230
73 140 271
77 137 315
64 105 241
77 272 315
2 79 205
168 181 301
142 218 286
67 78 180
83 224 239
41 226 288
85 102 267
77 85 272
85 272 349
86 110 311
184 255 314
87 293 329
4 48 205
3 79 205
20 89 193
91 125 151
34 91 145
91 145 313
92 158 187
93 257 259
95 107 171
129 224 345
97 133 192
97 100 192
47 98 306
98 293 306
99 199 223
24 186 282
61 184 275
99 189 199
225 262 347
151 278 318
103 136 182
103 182 200
106 118 228
106 228 324
109 211 314
43 266 334
111 131 166
115 231 297
230 237 334
124 163 248
188 221 311
27 138 339
56 225 262
109 314 319
43 152 162
72 90 233
124 248 284
226 250 288
