206 242 315
209 246 307
29 125 148
40 210 327
22 28 50
58 170 303
69 180 244
0 31 59
138 319 341
23 227 254
18 96 217
163 238 248
46 55 57
25 178 208
88 113 247
179 236 294
82 162 237
77 137 272
97 133 152
56 215 338
105 241 279
125 148 256
13 54 318
13 54 270
81 264 323
169 179 215
81 137 264
30 99 172
22 92 158
187 262 347
22 28 187
40 56 262
76 170 252
194 308 344
199 201 287
19 60 200
189 219 287
103 134 216
26 95 305
19 257 259
22 92 165
52 180 197
128 135 336
27 197 245
37 52 67
121 139 243
124 204 324
209 228 324
44 109 211
109 175 277
27 80 138
109 277 319
107 108 284
44 94 302
8 216 336
108 284 302
184 255 275
10 101 196
107 248 284
15 16 173
107 171 248
36 108 276
124 163 284
108 184 302
163 248 284
41 226 310
106 118 341
41 209 311
217 250 273
168 250 288
168 250 273
168 226 310
122 127 130
126 168 310
119 253 326
119 181 253
111 131 133
195 237 268
111 133 229
169 179 236
101 133 167
131 167 190
10 202 292
57 240 251
28 187 258
179 240 251
73 140 176
35 85 267
137 274 281
33 160 203
129 279 345
113 247 337
6 72 233
17 270 278
153 186 282
17 84 278
34 91 151
20 89 148
29 91 313
193 201 291
17 32 242
210 289 303
13 256 340
54 270 278
84 153 186
84 151 278
84 186 323
84 153 282
24 264 282
186 264 282
17 84 323
77 137 274
17 114 323
186 264 323
17 32 114
81 114 323
81 137 315
137 264 281
2 3 79
187 258 262
40 56 327
39 123 207
183 210 303
7 183 303
17 183 242
32 242 315
7 303 343
170 303 343
22 158 187
58 289 303
50 58 289
22 50 58
154 258 262
28 50 154
28 154 258
71 225 347
46 57 191
71 187 347
56 262 347
56 225 347
143 191 240
46 158 191
22 144 165
22 144 260
103 134 136
93 103 200
1 93 259
172 257 259
19 60 328
193 198 291
60 328 348
19 252 257
38 76 170
198 252 257
76 193 198
219 287 325
89 145 313
76 198 252
38 76 132
76 132 193
201 287 325
89 219 325
193 201 325
1 308 344
199 201 223
142 189 219
189 199 287
5 218 286
99 142 189
219 296 335
142 219 296
89 145 219
5 159 243
99 142 177
12 146 344
30 99 177
30 177 344
30 172 259
121 243 280
23 121 139
8 329 336
23 139 227
23 121 146
219 335 342
75 286 342
75 335 342
214 283 286
37 159 295
78 214 342
214 286 342
37 52 295
37 67 283
78 180 214
21 69 307
78 180 244
21 234 246
21 246 307
277 319 341
69 245 339
52 67 180
27 138 245
139 197 295
52 197 295
139 227 249
80 249 254
80 184 314
227 249 254
12 120 128
120 254 330
98 120 128
27 80 249
80 184 255
80 314 319
138 245 339
80 138 319
138 246 341
106 175 277
211 314 319
44 109 175
106 277 341
118 209 246
118 246 341
118 209 228
118 228 324
175 204 324
47 61 330
36 108 306
16 36 276
109 211 319
8 134 261
15 16 87
47 74 98
47 74 293
61 255 275
61 255 330
74 98 135
47 98 330
12 128 194
98 120 330
134 136 165
12 194 344
128 216 308
128 216 336
103 216 308
92 134 165
8 134 216
98 128 135
128 194 308
74 135 346
135 336 346
329 336 346
8 261 329
57 202 251
46 55 312
15 185 196
45 101 196
25 208 304
10 101 167
101 133 192
208 300 304
51 127 298
26 178 220
68 300 304
26 178 305
122 178 305
122 127 305
95 127 305
15 173 196
16 26 95
45 178 220
95 156 235
107 171 276
16 36 87
51 127 130
95 127 156
16 95 276
107 108 276
156 235 298
171 235 238
94 124 204
235 238 298
171 238 248
66 86 311
110 221 311
66 86 331
66 110 311
66 110 309
238 298 309
110 221 309
96 298 331
127 156 298
14 51 326
14 51 322
51 130 326
14 119 326
68 130 326
14 119 322
119 181 273
119 273 322
96 217 298
217 273 322
18 226 288
18 96 263
18 41 263
31 126 290
18 41 226
168 226 288
59 68 326
126 253 301
126 181 301
31 59 253
181 253 301
0 59 285
59 253 326
31 126 253
126 290 310
141 290 310
129 141 332
141 174 332
11 174 332
141 157 174
62 157 174
0 62 70
49 285 304
0 70 285
49 100 239
133 152 229
49 100 304
83 212 239
70 224 239
100 212 239
83 232 239
43 149 241
224 232 239
11 129 332
90 113 129
83 232 345
129 232 345
149 241 279
112 149 345
149 279 345
82 152 229
105 241 271
43 241 271
64 140 271
64 88 140
73 266 334
64 105 279
64 105 271
150 161 247
195 237 334
111 164 166
195 230 334
82 237 268
179 251 294
131 133 167
147 179 240
57 191 240
57 202 292
143 158 191
71 143 225
53 236 321
56 215 225
53 236 294
169 236 321
116 117 230
117 222 230
53 117 321
116 166 195
53 117 294
116 195 230
116 117 294
4 48 117
265 269 299
4 117 222
48 117 321
48 169 321
169 215 338
39 207 316
48 169 316
39 169 316
35 123 207
39 169 338
56 327 338
9 264 281
35 102 267
3 79 213
35 102 207
2 102 267
79 267 281
9 213 281
2 79 267
79 213 281
115 265 269
6 317 320
9 72 264
6 9 320
33 203 269
3 115 265
33 233 317
4 265 299
155 176 222
160 333 337
113 333 337
88 113 129
90 113 333
33 160 233
160 233 333
90 233 333
6 233 317
6 9 72
44 302 314
51 298 322
217 298 322
9 297 320
74 293 346
293 329 346
54 278 318
269 297 320
86 263 331
96 263 331
30 259 344
125 256 318
237 266 334
171 235 276
147 225 240
4 222 299
218 243 280
112 212 345
206 272 349
206 210 327
4 205 265
93 200 259
19 200 259
63 196 292
45 196 220
173 196 220
164 190 294
190 202 251
188 209 324
188 209 311
10 196 292
184 275 306
183 206 210
69 180 245
147 179 225
179 215 225
178 208 300
172 201 223
172 201 291
170 328 348
10 167 202
122 178 300
162 266 271
43 162 271
161 247 337
161 269 299
161 203 269
92 158 312
160 161 337
82 152 162
150 155 299
121 146 280
23 146 254
146 177 280
146 177 344
60 144 348
144 260 348
75 142 286
142 177 280
142 218 280
140 150 247
88 140 247
140 155 176
140 150 155
83 212 345
139 159 295
137 206 272
137 206 315
136 144 182
172 257 291
134 261 312
75 142 335
39 338 349
27 139 197
1 259 344
25 45 192
44 211 314
44 94 204
44 175 204
55 185 196
43 97 149
41 86 311
184 302 314
41 86 263
20 132 148
33 269 320
32 81 114
126 181 273
89 193 325
29 89 148
32 81 315
49 70 239
25 100 192
91 151 318
89 132 193
36 87 306
198 257 291
3 115 231
9 231 297
45 101 192
190 251 294
176 222 230
33 317 320
37 283 286
73 230 334
0 31 62
139 159 243
34 84 282
19 170 328
124 284 302
7 256 340
162 237 266
24 34 282
115 269 297
39 123 349
57 63 292
40 104 210
69 78 307
3 213 231
206 338 349
2 3 102
205 207 316
180 214 283
29 89 313
180 197 245
7 17 183
25 45 178
102 205 207
7 13 340
50 104 154
85 267 281
47 61 293
5 37 286
111 131 190
68 122 300
3 102 205
124 188 324
22 58 348
124 163 238
7 256 343
160 161 203
18 250 288
7 17 270
38 65 148
111 195 268
40 154 262
143 225 240
11 62 174
111 166 195
11 224 232
34 84 151
69 78 244
11 70 224
126 168 273
9 213 231
5 218 243
22 260 348
50 104 289
18 217 250
11 62 70
19 170 252
49 70 285
234 246 339
206 327 338
5 37 159
46 158 312
1 93 103
95 235 276
25 100 304
15 185 261
3 205 265
85 274 281
142 296 335
155 222 299
16 26 220
15 87 329
97 100 112
31 62 290
11 129 232
77 85 274
12 120 254
42 72 90
13 256 318
40 104 154
35 85 123
188 238 309
65 256 343
167 190 202
55 63 196
55 261 312
99 172 223
55 185 261
106 175 324
55 57 63
27 139 249
188 221 309
59 285 304
59 68 304
60 182 200
60 144 182
58 170 348
61 293 306
61 275 306
12 146 254
62 141 290
62 141 157
64 129 279
64 88 129
65 148 256
20 89 132
73 266 271
16 173 220
38 65 170
65 170 343
106 118 324
66 298 331
66 298 309
68 122 130
80 254 330
7 13 270
21 69 234
136 144 165
69 234 339
29 91 125
71 143 158
73 176 230
73 140 271
92 134 312
80 255 330
183 206 242
142 218 286
82 111 268
82 111 229
100 112 212
85 123 349
67 180 283
77 85 272
85 272 349
24 34 145
87 293 306
87 293 329
4 48 205
91 125 318
34 91 145
91 145 313
138 246 339
15 261 329
108 184 306
97 112 149
97 133 192
1 103 308
97 100 192
99 199 223
99 189 199
48 205 316
151 278 318
103 136 182
103 182 200
104 210 289
43 97 152
71 158 187
115 231 297
188 221 311
116 164 294
116 164 166
111 164 190
43 152 162
72 90 233
124 188 238
94 124 302
150 161 299
38 132 148
