12 17 23
5 20 44
2 19 26
24 39 47
23 32 38
15 47 48
21 25 34
8 16 29
20 26 49
1 8 27
20 27 49
20 27 28
20 28 44
12 17 19
2 17 19
28 33 44
0 5 41
0 6 41
0 17 38
17 23 38
0 32 38
9 11 37
18 32 42
6 33 42
6 32 42
25 28 33
0 6 32
14 24 47
21 34 45
37 47 48
14 37 47
18 37 48
9 18 37
3 22 45
22 43 45
3 13 22
3 13 36
10 13 22
21 45 46
21 25 46
24 25 39
24 25 46
25 33 39
27 30 49
8 16 27
1 4 35
4 7 34
10 13 36
3 7 36
18 42 48
33 39 47
15 33 47
27 30 40
16 27 40
25 27 28
1 25 27
11 22 31
22 31 43
19 30 40
16 19 40
12 16 19
19 26 30
0 5 17
2 5 17
4 7 36
14 31 43
5 33 44
43 45 46
4 35 36
11 31 37
1 25 34
10 35 36
24 43 46
26 30 49
5 20 26
5 6 41
7 34 45
2 5 26
5 6 33
3 7 45
1 4 34
15 42 48
14 24 43
8 29 35
15 33 42
14 31 37
1 8 35
