12 17 23
5 20 44
2 19 26
2 20 26
23 32 38
15 47 48
14 24 31
8 16 29
20 26 49
16 30 40
12 16 40
1 8 27
20 27 49
20 27 28
5 41 44
20 28 44
12 17 19
2 17 19
28 33 44
0 5 41
2 5 20
0 17 38
17 23 38
0 32 38
9 11 37
6 33 42
25 28 33
6 41 44
6 33 44
14 24 47
37 47 48
15 39 47
11 14 31
14 37 47
11 14 37
3 22 45
11 31 43
22 43 45
3 13 22
4 10 35
3 13 36
11 22 43
10 13 22
21 45 46
21 25 46
25 33 39
8 16 27
1 4 35
4 7 34
24 46 47
18 42 48
7 34 36
3 34 36
6 32 41
24 31 46
31 43 46
25 27 28
1 25 27
12 19 40
19 30 40
25 39 46
16 30 49
19 26 30
0 5 17
2 5 17
4 7 13
3 21 45
15 33 39
43 45 46
3 21 34
1 21 34
6 18 42
9 18 48
39 46 47
26 30 49
16 27 49
6 18 32
9 37 48
7 13 36
4 10 13
1 4 34
15 42 48
0 32 41
1 21 25
8 29 35
15 33 42
1 8 35
