5 20 44
2 19 26
23 32 38
3 34 45
24 45 46
21 25 34
3 7 34
8 16 29
20 26 49
1 27 28
20 27 49
15 39 42
20 27 28
20 28 44
2 17 19
28 33 44
0 5 41
0 17 38
17 23 38
0 32 38
15 18 42
9 11 37
6 33 42
33 39 42
14 24 47
21 34 45
15 39 47
18 37 48
9 18 37
3 22 45
11 31 43
22 43 45
3 13 22
3 13 36
11 22 43
10 13 22
21 45 46
21 25 46
1 25 28
27 30 49
8 16 27
1 29 35
1 4 35
4 7 34
10 13 36
3 7 36
24 46 47
6 32 41
25 28 39
27 30 40
16 27 40
1 27 29
19 30 40
17 19 23
15 18 47
25 39 46
18 47 48
16 19 40
12 16 19
8 27 29
19 26 30
0 5 17
2 5 17
14 37 48
4 7 36
14 31 43
28 33 39
5 33 44
4 35 36
11 31 37
1 25 34
10 35 36
6 18 42
39 46 47
26 30 49
6 18 32
5 20 26
12 19 23
5 6 41
2 5 26
5 6 33
1 4 34
0 32 41
14 31 37
14 24 45
14 43 45
14 47 48
