12 17 23
5 20 44
2 19 26
24 39 47
23 32 38
14 24 31
4 25 34
3 34 45
1 4 25
21 25 34
8 16 29
20 26 49
7 10 36
19 30 49
12 30 40
16 30 40
12 16 40
1 8 27
16 27 30
20 27 49
20 27 28
20 28 44
12 17 19
2 17 19
12 19 30
19 26 49
0 2 5
0 5 41
0 2 17
0 6 41
0 32 38
15 18 42
9 11 37
18 32 42
6 33 42
21 34 45
3 22 45
11 31 43
22 43 45
4 10 35
11 22 43
10 13 22
21 45 46
21 25 46
24 25 39
24 25 46
27 30 49
8 16 27
4 7 34
10 13 36
4 7 10
7 34 36
3 34 36
33 39 47
15 33 47
24 31 46
25 28 39
31 43 46
25 27 28
1 25 27
14 24 37
24 37 48
24 47 48
15 18 47
18 47 48
13 22 36
3 22 36
5 6 44
0 17 23
1 4 8
0 32 42
28 33 39
43 45 46
11 31 37
4 8 35
6 28 33
9 18 48
0 23 38
5 20 26
9 37 48
5 6 41
2 5 26
6 28 44
8 29 35
15 33 42
14 31 37
0 6 42
