12 17 23
2 19 26
2 20 26
24 39 47
23 32 38
14 24 31
8 16 29
20 26 49
12 16 40
1 27 28
1 8 27
15 39 42
5 41 44
20 28 44
12 17 19
2 17 19
0 2 5
0 5 41
0 2 17
0 6 41
0 32 38
15 18 42
9 11 37
18 32 42
6 33 42
33 39 42
21 34 45
15 39 47
11 14 31
11 14 37
3 22 45
11 31 43
22 43 45
4 10 35
11 22 43
10 13 22
21 45 46
21 25 46
24 25 39
1 25 28
24 25 46
27 30 49
8 16 27
4 7 34
3 7 36
24 31 46
28 41 44
25 28 39
27 30 40
16 27 40
31 43 46
14 24 37
24 37 48
12 19 40
19 30 40
24 47 48
15 18 47
18 47 48
13 22 36
19 26 30
3 22 36
4 7 36
2 5 44
2 20 44
0 17 23
1 4 8
0 32 42
28 33 39
43 45 46
4 13 36
4 8 35
6 28 33
1 21 34
9 18 48
26 30 49
0 23 38
27 28 49
9 37 48
7 34 45
20 28 49
6 28 41
3 7 45
4 10 13
1 4 34
1 21 25
8 29 35
0 6 42
