17 411 444
119 203 312
66 245 363
245 320 381
229 320 363
43 123 433
17 278 444
234 294 372
109 163 366
34 127 331
142 219 399
45 71 124
99 205 406
224 225 427
76 284 429
57 252 271
108 160 449
291 308 370
94 230 360
203 248 265
202 414 419
202 390 414
139 238 277
14 78 250
174 230 353
182 276 374
163 364 366
25 41 279
27 161 364
31 126 396
196 296 430
6 270 372
116 311 408
8 323 401
226 336 355
226 306 336
7 132 412
38 84 218
229 350 363
267 304 420
111 127 205
96 137 265
36 159 431
153 181 191
55 185 187
74 225 427
248 317 417
248 312 317
61 322 388
98 304 375
90 189 438
8 274 323
183 222 323
222 323 401
183 222 288
89 151 356
226 309 355
160 284 449
336 355 365
210 313 397
108 199 449
151 285 357
160 210 397
142 219 310
16 391 419
94 334 370
291 308 414
318 346 353
308 414 419
232 235 349
235 340 382
85 146 435
142 175 399
55 187 371
21 71 101
32 86 102
164 330 431
149 207 434
117 264 300
11 25 69
332 377 426
152 168 439
75 100 315
109 163 257
85 134 173
276 374 439
90 173 180
12 67 73
190 244 413
23 49 273
22 23 49
53 261 342
14 250 251
79 215 295
94 283 370
53 217 342
46 115 251
58 79 135
139 277 433
139 155 251
139 238 251
103 179 392
44 143 192
53 217 402
190 244 303
6 154 447
25 279 345
193 258 440
200 345 358
20 65 104
31 345 396
338 385 436
162 345 434
133 293 425
162 379 434
40 91 296
87 117 404
172 385 436
118 293 421
131 147 422
216 379 421
52 63 389
65 176 333
4 28 184
83 247 268
132 316 326
30 228 236
47 97 361
7 52 282
57 239 252
50 218 275
50 239 252
84 218 275
38 72 343
252 275 336
50 252 275
169 222 355
169 355 365
111 224 280
224 226 309
64 309 398
72 231 280
224 226 280
38 297 343
68 214 267
34 286 331
34 286 420
119 312 446
34 127 343
34 297 343
50 218 239
311 424 437
57 239 408
116 218 239
38 72 84
72 127 343
116 239 408
116 218 311
38 218 437
178 184 282
38 229 437
83 311 408
57 268 408
247 367 381
87 243 404
178 268 324
83 241 311
83 268 408
166 341 387
112 178 324
28 37 292
112 324 328
320 367 381
229 320 424
245 328 381
37 245 328
66 145 348
66 145 269
34 267 420
34 195 267
195 267 350
13 267 350
13 350 363
245 320 363
218 311 437
229 424 437
34 195 297
195 229 350
119 158 446
24 119 304
54 256 321
68 267 304
68 119 145
68 119 304
145 153 348
87 264 351
117 191 242
87 117 264
96 191 242
117 242 300
137 164 330
153 191 348
203 248 312
137 164 300
264 300 426
137 242 300
96 137 242
137 330 393
2 248 265
312 317 446
24 119 158
177 317 446
24 304 375
24 158 177
158 177 446
61 177 317
24 61 177
233 359 388
8 80 274
10 256 321
24 93 208
54 93 321
24 93 375
127 205 331
205 331 406
98 99 337
54 266 314
98 266 375
74 427 441
74 225 337
64 260 427
221 260 398
64 260 398
221 309 398
81 221 441
233 256 383
81 221 410
81 314 441
54 256 314
233 383 388
81 227 410
81 227 233
80 227 410
221 309 401
221 401 410
55 175 340
21 183 359
233 274 359
86 359 388
24 61 208
1 187 371
21 71 299
86 102 299
32 102 299
77 144 371
42 169 429
124 183 288
77 299 371
77 340 382
55 144 340
77 144 340
55 144 371
77 188 290
71 77 299
188 290 432
76 130 284
45 71 77
42 76 188
71 101 124
42 45 124
42 124 288
42 76 429
76 130 188
255 386 432
130 211 284
130 211 255
108 160 397
108 125 237
170 186 237
313 356 448
108 125 397
356 357 448
125 397 448
285 291 368
170 357 368
285 357 368
151 356 357
19 313 319
19 89 151
89 313 356
313 397 448
210 313 319
290 386 432
160 210 386
160 255 386
77 290 382
175 235 340
113 167 380
16 202 419
232 235 399
175 235 399
219 232 399
19 89 313
19 349 390
48 146 400
35 134 400
16 202 232
16 219 232
85 134 400
48 334 418
308 334 370
94 334 418
60 180 415
134 173 310
85 180 435
85 146 400
90 173 310
85 173 180
90 189 310
90 92 438
90 92 180
75 141 301
92 180 415
189 428 438
51 156 315
212 423 428
100 114 198
36 100 114
189 212 428
167 189 212
142 175 352
55 175 185
185 187 307
175 185 352
142 167 380
185 307 380
113 167 212
36 114 393
0 18 198
128 322 417
1 95 187
1 95 128
2 95 128
36 100 156
100 212 423
113 198 380
18 114 198
100 156 315
36 156 206
159 377 431
36 159 206
164 300 332
91 121 377
133 197 426
51 196 296
40 159 206
40 91 159
91 159 377
171 196 430
40 51 296
59 171 430
118 197 296
49 59 302
22 49 190
49 59 273
49 190 303
44 49 152
23 273 373
22 23 298
60 201 204
23 298 301
51 196 315
75 100 423
201 298 415
60 204 378
60 201 415
157 204 378
201 204 413
60 180 378
174 230 360
12 230 283
94 230 283
174 209 360
53 402 409
73 346 403
12 230 318
230 318 353
12 215 295
12 73 318
12 67 215
402 403 409
272 342 439
67 217 402
73 402 403
67 73 402
73 318 346
194 244 303
82 194 342
194 244 261
194 261 342
272 276 439
152 168 303
115 250 325
168 342 439
182 272 276
82 168 342
272 325 342
46 115 392
79 135 295
58 79 254
254 325 342
14 78 411
115 250 251
155 179 392
405 411 444
78 182 250
152 374 439
277 405 444
129 143 192
43 277 433
139 329 433
33 139 329
43 143 277
129 278 444
44 152 192
129 152 192
49 152 303
29 39 246
44 109 257
161 163 257
26 161 257
27 362 364
26 161 416
109 302 366
3 364 366
161 163 364
27 220 362
220 259 354
27 220 354
27 161 416
26 123 416
123 354 445
259 354 445
220 234 259
33 150 445
139 287 369
11 165 362
165 220 234
270 294 372
6 150 447
5 97 369
150 154 447
5 240 369
136 154 240
97 140 369
136 236 240
165 234 294
41 279 440
193 258 281
228 344 361
228 258 281
193 345 440
279 345 440
30 236 305
165 220 362
25 345 358
11 39 69
162 200 345
29 118 296
107 200 358
133 264 425
107 118 421
29 107 118
118 133 197
300 332 426
133 264 426
264 351 425
118 133 293
138 351 425
20 289 443
131 243 422
172 249 292
15 147 385
131 147 385
15 338 385
138 351 422
138 216 425
345 396 434
149 396 434
15 149 207
20 126 396
104 384 442
20 65 289
65 289 407
292 347 436
62 289 407
15 223 338
122 249 292
172 292 436
62 347 407
4 28 37
37 112 328
28 120 184
4 37 112
120 184 282
63 120 282
88 176 333
7 132 268
176 376 394
52 63 282
63 376 407
7 52 389
7 389 412
57 132 268
132 287 395
110 327 339
132 253 316
110 262 339
70 132 253
9 253 316
70 132 412
70 176 394
70 176 253
20 104 126
105 263 344
105 281 442
262 316 326
105 263 442
47 148 361
5 228 361
148 344 361
5 97 361
47 97 140
56 140 341
132 326 395
47 56 140
47 56 148
262 326 395
287 387 395
287 341 387
166 387 395
123 433 445
293 421 425
92 415 423
330 393 431
27 354 416
346 353 403
185 352 380
142 352 380
338 347 436
216 421 425
14 335 411
103 325 392
274 323 359
213 319 382
241 311 320
311 320 424
308 334 391
30 305 440
86 299 359
151 285 414
285 291 414
170 283 368
193 281 345
291 368 370
268 328 381
268 324 328
263 384 442
64 309 427
244 261 413
260 427 441
221 260 441
259 372 445
211 255 284
115 325 392
252 336 365
3 246 364
29 246 296
122 245 292
122 243 249
122 243 245
75 301 415
66 245 348
38 229 297
5 228 240
227 233 274
80 227 274
222 309 401
217 254 342
79 217 254
31 281 345
210 290 382
157 209 409
209 403 409
208 256 383
207 379 434
36 393 431
53 204 409
111 205 224
157 204 409
202 232 349
247 320 367
198 307 380
7 268 282
0 198 307
121 197 377
182 272 325
335 405 411
174 209 403
174 353 403
169 222 288
42 169 288
142 167 310
166 262 339
165 270 294
164 377 431
237 357 448
207 216 379
14 251 335
157 209 360
106 154 305
136 154 305
106 154 270
157 360 435
150 154 240
146 418 435
119 145 203
117 191 404
145 153 181
214 267 269
26 143 257
141 171 196
140 287 369
58 135 254
103 135 254
35 134 391
182 250 325
130 188 432
190 201 413
129 152 374
129 277 444
1 128 388
128 322 388
128 248 417
131 243 249
2 128 248
233 256 314
111 127 280
33 329 445
72 127 280
43 123 143
26 123 143
148 263 344
94 360 435
100 113 212
17 182 374
44 49 302
44 109 302
136 236 305
42 45 77
41 165 270
40 51 156
99 286 420
195 229 297
170 237 357
82 168 303
33 150 369
33 139 369
81 233 314
129 278 374
1 32 371
160 255 284
129 143 277
35 48 400
32 299 371
224 309 427
9 263 327
56 148 327
31 104 126
80 401 410
205 224 225
157 180 435
204 261 413
29 107 358
29 39 358
228 281 344
107 162 379
141 301 373
135 179 295
238 251 335
22 190 201
108 186 237
88 263 384
11 41 165
6 372 445
283 368 370
20 149 396
48 146 418
120 347 407
213 235 382
15 147 422
10 208 256
40 156 206
178 268 282
3 302 366
157 180 378
96 181 191
46 155 251
2 18 114
298 301 415
61 208 383
15 223 443
1 32 86
252 271 365
2 114 393
22 201 298
123 354 416
15 20 443
0 18 95
10 93 321
131 172 249
100 113 198
23 301 373
19 213 319
150 240 369
35 48 391
13 66 363
6 150 445
39 69 358
11 25 41
16 219 310
30 258 440
6 154 270
62 223 443
44 143 257
37 245 292
1 86 388
245 348 404
19 390 414
277 335 405
4 112 184
2 137 393
98 266 337
183 323 359
17 278 374
10 93 208
11 39 246
41 106 270
11 246 362
41 106 305
72 84 306
96 181 203
13 66 269
166 262 395
238 277 335
48 334 391
130 255 432
31 104 442
9 110 327
131 172 385
59 296 302
226 231 306
15 20 149
19 151 414
15 207 216
2 18 95
65 376 407
59 296 430
234 259 372
125 237 448
9 262 316
191 348 404
30 228 258
308 391 419
62 289 443
17 78 182
9 110 262
148 263 327
243 245 404
59 273 373
13 267 269
75 415 423
56 327 339
16 134 310
3 246 302
222 309 355
54 93 375
54 266 375
167 189 310
56 166 341
84 275 336
164 332 377
59 171 373
99 205 225
210 319 382
15 138 422
61 322 417
62 223 338
8 80 401
213 235 349
63 376 394
63 389 394
65 88 333
46 155 392
67 79 217
120 292 347
67 79 215
228 236 240
83 241 320
68 145 269
202 349 390
68 214 269
2 137 265
88 104 384
61 383 388
25 69 358
15 138 216
70 389 412
70 389 394
72 231 306
74 266 337
145 181 203
17 78 411
141 171 373
74 314 441
169 429 449
74 266 314
75 141 196
75 196 315
82 194 303
31 281 442
83 247 320
140 287 341
84 306 336
91 121 296
61 317 417
19 213 349
87 351 422
87 243 422
65 176 376
21 299 359
65 88 104
62 338 347
9 88 253
88 176 253
108 186 199
284 429 449
9 88 263
246 296 302
42 77 188
99 304 420
92 428 438
103 135 179
94 418 435
95 187 307
92 423 428
0 95 307
247 268 381
96 203 265
99 286 406
16 134 391
98 99 304
53 204 261
21 101 183
105 281 344
101 124 183
246 362 364
28 120 292
103 254 325
329 433 445
56 166 339
197 377 426
210 290 386
107 162 200
107 379 421
63 120 407
112 178 184
41 305 440
286 331 406
226 231 280
99 225 337
121 197 296
