17 411 444
119 203 312
66 245 363
229 320 363
119 145 153
43 123 433
17 278 444
234 294 372
138 147 422
252 271 336
142 219 399
45 71 124
99 205 406
84 231 306
271 336 365
57 252 271
108 160 449
291 308 370
94 230 360
119 181 203
75 92 423
202 414 419
139 238 277
78 182 411
14 78 250
174 230 353
182 276 374
143 277 444
27 161 364
31 126 396
176 376 407
27 123 354
6 270 372
155 251 392
309 355 401
10 256 383
8 323 401
226 306 336
7 132 412
231 280 306
229 350 363
267 304 420
111 127 205
99 205 337
226 280 306
75 92 415
96 137 265
96 191 265
36 159 431
153 181 191
19 151 390
74 225 427
248 312 317
61 322 388
98 304 375
81 256 314
90 189 438
8 80 410
222 323 401
42 222 288
89 151 356
160 284 449
336 355 365
108 199 449
42 169 222
45 77 188
142 219 310
16 391 419
94 334 370
291 308 414
308 334 419
318 346 353
308 414 419
334 391 419
235 340 382
142 175 399
32 86 102
137 265 393
36 330 393
164 330 431
117 264 300
11 25 69
152 168 439
75 100 315
109 163 257
59 171 273
85 134 173
276 374 439
90 173 180
12 67 73
190 244 413
23 49 273
22 23 49
53 261 342
14 250 251
94 283 370
53 217 342
46 115 251
139 277 433
139 155 251
139 238 251
26 44 257
53 217 402
190 244 303
65 333 384
106 136 154
193 258 440
105 228 344
20 65 104
338 385 436
162 345 434
133 293 425
162 379 434
40 91 296
87 117 404
172 385 436
118 293 421
131 147 422
15 149 223
216 379 421
4 28 184
62 347 436
83 247 268
88 333 384
6 106 270
30 228 236
148 327 339
56 339 341
7 52 282
57 239 252
50 218 275
50 239 252
252 275 336
50 252 275
169 222 355
169 355 365
111 224 280
224 226 309
64 309 398
222 355 401
72 231 280
224 226 280
38 297 343
68 214 267
72 84 231
34 286 331
34 286 420
119 312 446
34 127 343
99 406 420
34 297 343
13 214 267
50 218 239
311 424 437
116 218 239
72 127 343
38 218 437
38 229 437
247 268 324
241 320 367
241 247 367
87 243 404
83 241 247
178 268 324
166 341 387
7 178 268
112 178 324
28 37 292
112 324 328
320 367 381
37 122 292
229 320 424
66 245 404
122 243 404
66 145 348
13 214 269
34 267 420
13 350 363
218 311 437
229 424 437
34 195 297
38 195 297
119 158 446
205 225 337
24 119 304
68 267 304
68 119 145
68 119 304
145 153 348
68 145 214
66 348 404
122 245 404
117 191 242
87 117 264
96 191 242
117 242 300
119 153 181
181 191 265
203 248 312
264 300 426
36 330 431
96 137 242
137 330 393
181 203 265
312 317 446
24 119 158
24 304 375
24 158 177
61 177 317
24 61 177
10 208 383
8 80 274
74 266 441
24 93 208
54 93 321
24 93 375
286 331 420
205 331 406
331 406 420
98 99 337
54 266 314
98 266 375
221 427 441
74 427 441
74 225 337
64 260 427
221 260 398
64 260 398
221 309 398
221 260 427
81 221 441
233 256 383
81 221 410
81 314 441
266 314 441
54 256 314
80 233 274
81 227 410
80 227 410
80 227 233
221 309 401
21 86 359
55 175 340
1 32 388
21 183 359
233 274 359
32 86 388
86 359 388
24 61 208
317 322 417
32 102 299
77 144 371
42 169 429
124 183 288
77 299 371
55 144 340
55 144 371
71 77 299
45 71 77
71 101 124
42 45 124
42 124 288
42 45 188
42 76 429
255 386 432
130 211 284
130 211 255
108 160 397
170 186 237
313 356 448
356 357 448
125 397 448
285 291 368
170 357 368
285 357 368
19 89 151
89 313 356
313 397 448
210 313 319
290 386 432
160 210 386
160 255 386
213 319 349
175 235 340
113 167 380
16 35 391
16 202 419
175 235 399
219 232 399
202 232 390
16 35 134
19 89 313
48 146 400
16 202 232
16 219 232
308 334 370
85 180 435
85 146 400
90 173 310
85 173 180
90 189 310
423 428 438
75 141 301
189 428 438
51 156 315
92 423 438
212 423 428
100 114 198
36 100 114
189 212 428
167 189 212
142 175 352
0 307 380
2 128 417
142 167 380
185 307 380
113 167 212
36 114 393
0 18 187
0 187 307
61 317 322
128 322 417
18 95 187
2 95 128
113 198 380
18 114 198
36 156 206
36 159 206
164 332 431
164 300 332
133 197 426
171 196 430
29 296 302
49 109 302
40 51 296
59 171 430
118 197 296
171 273 373
44 49 152
23 273 373
51 196 315
141 196 315
75 298 301
75 141 315
75 298 415
157 204 378
201 204 413
53 204 413
79 215 217
60 180 378
157 403 409
157 209 435
174 230 360
12 230 283
94 230 283
174 209 360
209 360 435
157 209 403
12 230 318
230 318 353
12 215 295
12 73 318
12 67 215
272 342 439
67 215 217
67 217 402
67 73 402
73 318 346
53 244 261
168 194 303
53 244 413
82 194 342
194 261 342
82 168 194
272 276 439
152 168 303
168 342 439
182 272 276
82 168 342
272 325 342
79 217 342
79 254 342
58 103 254
58 79 254
115 254 325
254 325 342
182 250 272
115 250 251
58 103 135
103 115 254
46 251 392
405 411 444
17 182 411
78 182 250
152 374 439
277 405 444
129 143 192
14 335 405
43 277 433
139 329 433
123 329 433
33 139 329
26 43 143
26 43 123
43 143 277
129 278 444
129 143 444
152 278 374
129 152 278
44 152 192
129 152 192
49 152 303
44 49 109
29 39 246
44 109 257
161 163 257
27 123 416
109 302 366
29 246 302
246 302 366
3 246 366
3 246 362
161 163 364
27 220 362
220 259 354
27 220 354
27 161 416
26 123 416
123 354 445
259 354 445
220 234 259
234 259 445
33 150 445
139 287 369
234 372 445
11 165 362
165 220 234
270 294 372
106 136 236
6 150 447
5 97 369
150 154 447
5 240 369
136 154 240
97 140 369
5 236 240
136 236 240
165 234 294
106 236 305
41 279 440
30 228 440
228 344 361
31 126 281
228 258 440
31 193 345
193 345 440
106 270 305
279 345 440
30 236 305
41 270 305
41 270 294
41 165 294
165 220 362
29 39 107
29 118 296
107 200 358
107 200 421
39 107 358
107 118 421
29 107 118
118 133 197
300 332 426
87 243 351
216 293 421
118 133 293
243 351 422
172 249 292
15 338 385
15 138 207
138 351 422
216 293 425
216 379 434
149 396 434
15 149 207
20 126 396
104 384 442
20 396 443
65 289 407
62 289 407
223 289 443
15 223 338
62 338 436
122 131 249
37 122 245
122 249 292
172 249 385
172 292 436
28 120 347
62 347 407
4 28 37
37 112 328
28 120 184
4 37 112
7 178 282
7 132 268
176 376 394
52 63 282
63 376 407
70 394 412
389 394 412
376 389 394
9 110 263
57 132 268
132 287 395
110 327 339
132 253 316
110 262 339
9 253 316
9 176 253
70 176 394
70 176 253
20 104 126
65 104 384
88 384 442
105 263 344
105 281 442
9 110 316
105 263 442
110 263 327
5 97 361
56 148 339
56 140 341
132 326 395
47 56 140
47 56 148
166 339 341
262 339 395
110 262 316
262 326 395
287 387 395
166 339 395
287 341 387
166 387 395
133 425 426
264 425 426
359 383 388
346 353 403
185 352 380
142 352 380
232 349 399
73 346 402
176 333 407
123 329 445
328 367 381
247 324 367
213 319 382
65 333 407
241 311 320
311 320 424
30 305 440
183 288 323
151 285 414
285 291 414
151 285 356
170 283 368
320 363 381
25 279 358
49 273 302
64 309 427
194 261 303
211 255 284
164 242 330
137 242 330
125 237 357
5 236 361
83 241 408
116 218 408
346 402 403
210 290 382
174 209 353
108 237 397
207 216 351
205 225 427
205 224 427
53 204 409
111 205 224
157 204 409
218 311 408
203 265 393
59 273 302
223 396 443
201 204 378
60 201 378
162 200 379
283 291 368
90 180 438
142 167 310
160 210 313
160 313 397
14 251 335
227 233 256
159 332 431
159 332 377
153 348 404
151 202 390
151 202 414
150 154 240
149 216 434
228 236 361
147 249 385
26 257 416
117 191 404
144 290 340
290 340 382
141 171 196
162 200 358
97 140 361
140 287 369
138 147 385
132 262 326
132 262 316
130 188 432
76 130 429
190 201 413
245 363 381
1 128 388
128 322 388
95 128 187
1 128 187
111 127 280
33 329 445
72 127 280
125 357 448
41 165 279
285 356 357
122 131 422
132 253 412
148 263 344
94 360 435
48 94 334
47 148 344
38 218 275
100 113 212
105 228 258
17 182 374
37 245 381
19 313 349
40 51 156
309 336 355
18 198 380
38 229 350
21 86 102
36 156 315
170 237 357
3 163 364
33 150 369
33 139 369
63 120 184
38 195 350
1 32 371
160 255 284
35 48 400
32 299 371
224 309 427
31 193 258
222 288 323
157 180 435
8 221 401
34 127 205
28 347 436
0 18 380
77 144 290
141 301 373
26 44 192
158 317 446
22 298 301
135 179 295
22 49 303
238 251 335
22 190 201
158 177 317
108 186 237
10 54 321
138 207 351
22 23 301
38 84 343
153 191 404
8 323 359
9 88 333
8 221 410
6 372 445
48 146 418
120 347 407
42 130 188
213 235 382
40 156 206
47 140 361
157 180 378
55 185 307
209 353 403
2 18 114
13 34 350
61 208 383
9 176 333
2 203 248
58 79 215
2 114 393
161 257 416
22 201 298
2 248 317
51 296 430
216 351 425
77 188 432
22 190 303
34 205 331
10 93 321
39 69 246
100 113 198
23 301 373
3 27 362
149 223 396
150 240 369
35 48 391
13 66 363
37 328 381
65 289 443
3 109 163
6 150 445
39 69 358
11 25 279
60 298 415
16 219 310
31 345 434
52 389 412
52 63 376
13 34 267
283 291 370
26 143 192
2 317 417
31 258 281
10 54 256
11 165 279
277 335 405
4 112 184
11 69 246
3 27 364
21 102 299
98 266 337
183 323 359
17 278 374
10 93 208
105 258 281
46 103 115
11 246 362
81 227 256
16 134 173
1 55 371
28 292 436
13 66 269
238 277 335
200 379 421
48 334 391
112 178 282
130 255 432
130 284 429
3 109 366
59 296 302
1 55 187
47 344 361
51 196 430
60 92 415
34 195 350
2 18 95
15 138 385
59 296 430
36 100 315
16 173 310
162 345 358
35 85 400
148 263 327
324 328 367
46 103 392
125 237 397
19 232 390
38 84 275
52 376 389
7 52 412
103 155 179
53 403 409
53 402 403
54 93 375
54 266 375
167 189 310
58 215 295
55 187 307
55 175 352
226 309 336
84 275 336
131 147 249
57 116 239
57 116 408
60 92 180
241 311 408
60 201 298
40 91 206
210 319 382
19 232 349
62 223 338
77 290 432
62 223 289
63 184 282
213 235 349
20 65 443
66 214 269
66 145 214
106 154 447
313 319 349
233 359 383
8 274 359
61 383 388
25 69 358
74 266 337
75 212 423
122 243 422
78 405 411
141 171 373
58 135 295
169 429 449
235 349 399
75 100 212
140 287 341
84 306 336
72 84 343
85 146 418
91 121 296
149 207 216
279 345 358
85 418 435
42 76 130
121 159 377
87 351 425
57 83 268
108 186 199
244 261 303
88 263 442
284 429 449
9 88 263
121 197 332
91 159 206
31 396 434
99 304 420
57 83 408
103 135 179
94 418 435
35 85 134
70 253 412
92 180 438
164 242 300
55 185 352
98 99 304
21 101 183
87 264 425
101 124 183
71 101 299
103 155 392
2 203 393
48 94 418
104 126 281
14 78 405
197 332 426
104 281 442
121 332 377
6 106 447
210 290 386
21 101 299
63 120 407
41 305 440
112 184 282
115 250 272
115 272 325
91 121 159
121 197 296
