119 203 312
238 335 405
43 123 433
234 294 372
109 163 366
138 147 422
142 219 399
45 71 124
57 252 271
151 291 414
108 160 449
291 308 370
151 390 414
213 349 382
75 92 423
202 390 414
139 238 277
14 78 250
174 230 353
182 276 374
143 277 444
25 41 279
27 161 364
31 126 396
27 123 354
6 270 372
116 311 408
8 323 401
226 336 355
7 132 412
231 280 306
229 350 363
267 304 420
111 127 205
72 111 127
75 92 415
96 137 265
117 191 348
96 191 265
36 159 431
153 181 191
117 348 404
19 151 390
74 225 427
61 322 388
98 304 375
98 304 420
222 323 401
89 151 356
169 284 429
226 309 355
160 284 449
336 355 365
108 199 449
45 77 188
142 219 310
210 213 382
1 322 388
16 391 419
94 334 370
291 308 414
308 334 419
318 346 353
232 235 349
334 391 419
235 340 382
21 71 101
32 86 102
1 128 322
137 265 393
164 330 431
11 25 69
332 377 426
152 168 439
75 100 315
109 163 257
85 134 173
276 374 439
360 418 435
190 244 413
23 49 273
22 23 49
14 250 251
94 283 370
139 277 433
139 155 251
139 238 251
26 44 257
190 244 303
65 333 384
106 136 154
139 150 369
193 258 440
105 228 344
200 345 358
20 65 104
31 345 396
338 385 436
162 345 434
133 293 425
162 379 434
40 91 296
87 117 404
172 385 436
118 293 421
131 147 422
216 379 421
52 63 389
65 176 333
83 247 268
88 333 384
132 316 326
30 228 236
148 327 339
56 339 341
33 139 150
7 52 282
140 341 369
287 341 369
57 239 252
50 218 275
50 239 252
275 306 336
38 72 343
252 275 336
50 252 275
169 222 355
169 355 365
111 224 280
224 226 309
64 309 398
111 205 225
224 226 280
38 297 343
72 84 231
34 286 420
119 312 446
34 127 343
34 297 343
50 218 239
311 424 437
116 218 239
38 72 84
72 127 343
116 218 311
38 218 437
83 311 408
87 243 404
83 241 247
178 268 324
83 241 311
166 341 387
7 178 268
112 178 324
28 37 292
112 324 328
320 367 381
37 122 292
245 328 381
122 243 404
37 245 328
66 145 348
13 269 363
66 145 269
34 267 420
13 267 350
13 350 363
218 311 437
229 424 437
34 195 297
38 195 297
195 229 350
119 158 446
24 119 304
54 256 321
68 119 145
68 119 304
145 214 269
145 153 348
68 145 214
122 245 404
117 191 242
96 191 242
137 164 330
153 191 348
181 191 265
203 248 312
264 300 426
36 330 431
96 137 242
181 203 265
312 317 446
24 119 158
177 317 446
24 304 375
24 158 177
158 177 446
61 177 317
10 208 321
24 61 177
74 98 337
8 80 274
74 266 441
10 256 321
24 93 375
98 99 420
93 266 375
127 205 331
286 331 420
205 331 406
98 99 337
54 266 314
74 98 266
98 266 375
74 225 337
64 260 427
221 260 398
64 260 398
221 309 398
221 260 427
81 221 441
233 256 383
81 221 410
81 314 441
266 314 441
54 256 314
233 383 388
81 227 410
81 227 233
80 227 410
221 309 401
221 401 410
55 175 340
1 32 388
233 274 359
32 86 388
24 61 208
317 322 417
21 71 299
86 102 299
1 32 299
32 102 299
77 144 371
124 183 288
77 299 371
1 299 371
55 144 340
55 144 371
71 77 299
45 71 77
71 101 124
42 45 124
42 124 288
42 45 188
169 284 449
42 76 429
188 255 432
210 382 386
130 188 255
255 386 432
130 211 284
130 211 255
108 160 397
125 170 237
170 186 237
186 199 237
108 125 397
356 357 448
125 397 448
285 291 368
170 357 368
151 285 291
19 89 151
313 397 448
210 313 319
290 386 432
160 210 386
160 255 386
290 382 386
213 319 349
210 213 319
235 349 382
175 235 340
113 167 380
16 202 419
232 235 399
219 232 399
19 89 313
19 349 390
48 146 400
35 134 400
48 334 418
308 334 370
170 283 370
94 334 418
60 180 415
85 180 435
90 173 310
85 173 180
90 189 310
90 92 438
75 141 301
92 180 415
51 156 315
212 423 428
142 175 352
0 307 380
142 167 380
185 307 380
113 167 212
36 114 393
0 18 198
0 187 307
61 317 322
128 322 417
2 95 128
36 100 156
18 114 198
23 141 373
100 156 315
36 156 206
159 377 431
36 159 206
164 332 431
332 377 431
164 300 332
91 121 377
133 197 426
40 159 206
40 91 159
91 121 197
91 159 377
91 197 296
59 302 430
49 109 302
118 197 296
296 302 430
171 273 373
44 49 152
201 298 413
23 273 373
51 196 315
23 141 301
141 196 315
75 298 301
75 141 315
75 298 415
201 204 413
53 204 413
60 180 378
94 360 418
157 209 435
12 230 283
94 230 283
174 209 360
209 360 435
53 402 409
209 346 403
73 346 403
12 230 318
230 318 353
12 215 295
12 67 215
67 215 217
67 217 402
67 73 402
73 318 346
53 244 261
53 157 409
53 244 413
194 244 303
194 244 261
182 278 374
152 168 303
115 250 325
182 272 276
103 179 295
82 168 342
272 325 342
79 217 342
79 254 342
103 135 295
58 79 254
115 254 325
254 325 342
14 78 411
103 115 254
78 182 250
17 182 278
277 405 444
129 143 192
238 277 405
43 277 433
139 329 433
33 139 329
43 143 277
129 143 444
44 152 192
129 152 192
49 152 303
44 49 109
29 39 246
44 109 257
161 163 257
26 161 257
27 362 364
26 161 416
109 302 366
39 246 362
246 302 366
3 246 366
161 163 364
27 220 362
220 259 354
27 220 354
27 161 416
123 354 445
259 354 445
220 234 259
33 150 445
139 287 369
11 165 362
165 220 234
270 294 372
6 150 447
5 97 369
150 154 447
5 240 369
136 154 240
97 140 369
136 236 240
165 234 294
41 279 440
193 258 281
30 228 440
228 344 361
31 126 281
263 327 344
228 258 440
31 193 345
31 193 281
193 345 440
106 270 305
30 41 440
279 345 440
30 41 305
41 270 305
41 270 294
41 165 294
165 220 362
162 200 345
107 200 358
107 118 421
118 133 197
300 332 426
87 243 351
264 351 425
118 133 293
138 351 425
243 351 422
172 249 292
131 147 385
138 207 216
15 138 207
138 351 422
138 216 425
345 396 434
216 379 434
149 396 434
15 149 207
20 126 396
104 384 442
65 289 407
292 347 436
62 289 407
37 122 245
122 249 292
172 292 436
62 347 407
4 28 37
63 120 347
37 112 328
4 37 112
88 176 333
7 178 282
7 132 268
176 376 394
52 63 282
70 394 412
7 52 389
389 394 412
9 110 263
7 389 412
57 132 268
110 327 339
132 253 316
110 262 339
70 132 253
9 253 316
70 132 412
70 176 394
70 176 253
20 104 126
65 104 384
88 384 442
105 263 344
105 281 442
148 327 344
110 263 327
5 228 361
56 148 339
47 97 140
56 140 341
47 56 140
47 56 148
166 339 341
287 387 395
287 341 387
166 387 395
123 433 445
133 425 426
264 425 426
293 421 425
285 356 368
185 352 380
142 352 380
347 376 407
223 338 443
338 347 436
216 421 425
14 335 411
328 367 381
247 328 367
262 316 395
248 312 417
312 317 417
241 311 320
311 320 424
86 299 359
42 288 429
183 288 323
287 326 395
151 285 356
226 280 336
280 306 336
291 368 370
320 363 381
25 279 358
59 273 430
49 273 302
268 324 328
54 266 321
64 309 427
259 372 445
211 255 284
252 336 365
241 247 320
106 270 447
3 246 364
29 246 296
117 242 264
66 245 348
242 264 300
231 275 306
5 228 240
227 233 274
80 227 274
316 326 395
205 225 406
15 223 385
222 309 401
79 217 295
215 217 295
68 214 304
214 267 304
157 209 409
209 403 409
209 346 353
174 209 353
208 256 383
229 363 424
53 342 402
203 265 393
202 232 349
59 273 302
202 308 419
202 219 232
16 202 219
201 204 378
60 201 378
247 320 367
121 197 377
38 195 437
195 229 437
182 272 325
335 405 411
245 269 363
171 196 296
171 296 430
169 222 288
168 276 439
202 308 414
167 212 428
167 189 428
142 167 310
166 262 339
137 164 242
160 210 313
160 313 397
14 251 335
150 154 240
131 249 422
168 276 342
149 216 434
84 231 275
119 145 203
145 153 181
144 290 382
214 267 269
141 171 196
138 147 385
58 135 254
103 135 254
35 134 391
182 250 325
76 130 429
129 374 439
245 363 381
128 248 417
2 128 248
95 128 187
1 128 187
233 256 314
127 286 331
33 329 445
125 357 448
125 170 357
125 199 237
43 123 143
26 123 143
122 249 422
36 137 330
47 148 344
34 127 286
38 218 275
26 27 416
100 113 212
105 228 258
36 137 393
53 82 261
272 276 342
72 111 231
19 313 349
40 51 156
36 100 198
82 168 303
34 267 350
3 163 364
63 120 184
223 338 385
81 233 314
4 120 184
89 356 448
129 278 374
17 129 278
160 255 284
35 48 400
224 309 427
169 288 429
222 288 323
82 194 261
80 401 410
157 180 435
99 225 406
29 107 358
29 39 358
17 129 444
107 162 379
77 144 290
30 136 236
170 368 370
26 44 192
22 298 301
22 49 303
238 251 335
99 331 420
24 93 321
142 235 399
22 23 301
11 41 165
85 134 146
8 323 359
134 146 400
6 372 445
20 149 396
48 146 418
171 273 430
42 130 188
10 208 256
40 156 206
157 180 378
46 155 251
55 185 307
2 18 114
61 208 383
63 347 376
144 340 382
2 203 248
15 223 443
5 47 361
252 271 365
2 114 393
30 136 305
77 188 432
22 190 303
99 331 406
74 221 427
15 20 443
142 175 235
0 18 95
131 172 249
21 323 359
100 113 198
150 240 369
35 48 391
0 113 198
53 157 378
65 289 443
0 113 380
6 150 445
320 363 424
247 268 328
0 95 187
39 69 358
11 25 41
60 298 415
16 219 310
22 190 413
4 28 120
132 287 326
26 143 192
53 204 378
245 348 404
26 27 123
4 112 184
106 136 305
17 405 444
105 258 281
46 103 115
16 134 173
22 298 413
1 55 371
166 262 395
94 174 230
66 245 269
48 334 391
112 178 282
130 284 429
87 117 351
131 172 385
1 55 187
24 208 321
15 20 149
47 344 361
34 195 350
2 18 95
15 138 385
65 376 407
17 405 411
11 69 362
16 173 310
234 259 372
9 262 316
40 196 296
62 289 443
46 250 251
17 78 182
21 183 323
9 110 262
108 125 199
46 103 392
88 105 442
13 267 269
46 115 250
38 84 275
103 155 179
36 114 198
222 309 355
53 82 342
167 189 310
89 313 448
55 187 307
55 175 352
57 116 239
57 116 408
5 47 97
58 79 295
60 201 298
40 51 196
8 80 401
77 290 432
62 338 443
63 184 282
63 376 394
63 389 394
74 221 441
46 155 392
20 65 443
106 154 447
313 319 349
120 292 347
228 236 240
86 233 388
67 73 318
12 67 318
6 270 447
202 349 390
107 118 296
356 357 368
8 274 359
61 383 388
25 69 358
39 69 362
73 402 409
75 212 423
145 181 203
122 243 422
73 403 409
17 78 411
141 171 373
58 135 295
75 100 212
82 194 303
85 146 418
149 207 216
279 345 358
85 418 435
42 76 130
86 233 359
65 176 376
21 299 359
88 105 263
62 338 347
9 88 253
57 83 268
88 176 253
90 428 438
9 88 263
90 189 428
3 163 366
246 296 302
90 92 173
92 173 180
57 83 408
92 428 438
94 174 360
92 423 428
164 242 300
55 185 352
217 342 402
16 134 391
21 101 183
101 124 183
246 362 364
103 155 392
2 203 393
28 120 292
329 433 445
111 231 280
104 126 281
104 281 442
197 377 426
129 152 439
107 162 200
29 107 296
107 379 421
93 266 321
111 224 427
111 225 427
112 184 282
117 264 351
99 225 337
