69 180 184
138 165 168
108 225 226
9 53 131
66 91 162
22 129 205
35 138 207
177 218 236
63 79 143
71 108 225
46 215 238
44 94 149
13 21 129
208 244 245
13 217 234
130 205 217
36 154 156
123 147 178
2 12 231
62 69 246
69 180 185
140 206 246
86 180 230
62 75 184
62 69 184
33 188 239
128 140 246
72 139 230
45 98 201
103 137 247
92 192 220
72 89 139
65 158 166
160 212 213
73 125 170
14 73 105
31 163 224
70 125 170
63 162 211
172 212 223
161 192 229
114 191 218
91 96 248
172 223 248
114 218 236
88 161 164
92 192 229
10 192 220
88 161 221
161 168 229
161 164 192
81 95 228
8 95 164
112 179 189
63 79 211
9 53 79
130 131 205
9 130 131
39 145 189
36 142 149
135 195 241
13 151 234
19 58 215
43 169 197
44 142 149
138 161 168
36 147 149
94 138 165
26 33 239
93 135 243
34 76 153
127 153 155
23 198 202
52 61 100
11 116 242
133 208 216
166 186 187
29 86 118
29 99 118
75 86 184
139 150 230
86 180 184
85 99 117
38 75 86
2 155 239
26 33 128
62 75 188
2 12 153
127 155 239
2 153 155
152 196 209
26 34 127
26 127 239
18 181 232
18 26 209
140 206 232
6 181 232
90 206 246
62 128 246
33 62 128
18 26 128
33 62 188
69 122 185
90 206 235
6 206 232
6 206 235
87 104 227
37 45 176
98 167 201
45 201 240
54 71 108
17 201 240
16 57 214
1 173 214
16 173 214
1 139 194
139 150 194
27 166 186
29 72 187
89 173 186
42 158 225
16 27 173
27 173 186
42 158 166
42 68 166
158 225 226
65 158 226
65 108 226
71 175 225
20 92 109
71 175 247
103 110 134
103 175 247
25 70 170
103 134 137
73 83 170
83 134 137
14 73 125
83 137 171
83 170 171
68 83 110
83 110 134
14 31 125
28 31 213
31 125 224
28 31 163
60 80 160
31 132 213
70 125 224
78 80 101
25 141 171
25 170 171
70 78 224
15 102 177
25 77 78
25 70 78
15 101 102
15 60 101
80 163 224
78 80 224
60 80 101
80 160 163
172 199 212
96 223 248
172 236 248
15 60 199
15 177 236
77 102 177
8 10 218
120 177 218
8 191 218
81 190 191
77 159 177
120 159 220
120 159 177
71 109 247
20 54 71
20 71 109
45 98 176
37 176 204
37 111 200
47 168 229
47 111 168
126 148 178
147 148 178
126 178 249
6 97 136
19 93 215
36 59 147
136 197 227
36 142 154
44 142 182
44 94 138
94 146 165
88 95 164
88 95 221
114 190 191
91 236 248
66 91 190
91 96 162
55 63 162
66 112 193
81 121 228
121 193 207
24 138 207
24 121 207
22 107 113
112 189 193
40 113 179
39 124 233
22 124 129
124 129 219
58 74 215
151 215 234
21 129 219
58 124 219
19 142 154
39 119 144
19 58 119
93 135 156
51 157 243
5 93 215
3 5 30
5 46 215
74 151 215
215 234 237
3 84 237
3 30 84
11 84 242
30 67 202
5 30 64
23 82 202
67 82 202
64 67 82
30 64 67
5 51 64
135 195 243
36 59 241
6 56 136
97 136 227
6 56 181
32 195 227
23 32 50
49 87 104
104 197 227
32 87 227
32 50 87
34 76 152
76 152 196
34 127 153
169 197 210
76 153 222
76 100 222
49 76 196
49 52 183
49 76 183
76 100 183
52 198 203
0 116 216
7 100 222
52 61 203
52 100 183
0 116 202
116 202 242
7 133 244
115 208 245
115 237 245
0 203 216
222 244 245
7 222 244
133 208 244
7 133 216
45 235 240
212 213 223
169 209 210
18 209 210
217 234 245
114 190 236
145 189 207
189 193 207
123 174 178
174 178 249
65 108 214
54 98 176
35 145 207
91 190 236
37 45 200
58 74 219
150 185 230
40 55 179
45 126 200
41 49 196
43 169 196
42 103 175
32 82 157
41 104 197
41 49 104
172 199 236
40 53 79
54 98 108
66 81 193
40 53 131
39 107 189
19 119 142
10 120 220
119 142 144
55 112 162
35 138 182
26 34 209
115 116 208
6 235 249
111 146 165
5 51 93
40 55 143
42 68 103
29 86 230
29 72 230
51 93 243
57 65 214
29 166 187
40 113 131
169 196 209
2 38 239
27 65 166
34 152 209
41 43 196
86 99 118
92 109 220
8 164 192
1 201 214
16 27 65
3 215 238
69 122 246
3 5 238
14 31 105
49 52 198
5 46 238
18 128 140
29 85 99
1 89 173
13 21 151
35 48 145
1 150 185
20 54 176
40 79 143
41 43 197
10 120 218
11 84 237
2 38 231
0 198 202
18 56 210
21 74 151
1 17 201
31 105 132
18 140 232
48 142 144
1 122 185
55 63 143
37 47 204
68 73 105
56 136 197
47 92 229
4 99 117
55 112 179
8 10 192
29 85 166
18 56 181
211 213 223
39 107 233
39 48 144
123 147 227
23 32 82
13 205 217
38 75 239
21 74 219
17 90 240
180 185 230
17 90 122
35 48 182
23 50 87
106 146 200
37 47 111
42 175 225
126 235 249
16 57 65
20 47 204
20 176 204
22 113 131
1 150 194
3 215 237
49 87 198
48 142 182
20 47 92
61 203 216
45 126 235
59 195 241
22 107 233
84 202 242
24 95 221
24 138 161
59 195 227
24 161 221
4 86 99
25 77 159
4 85 117
106 148 200
137 141 171
25 141 159
0 198 203
157 195 243
64 82 157
97 123 174
107 179 189
51 64 157
66 81 190
39 48 145
146 147 149
72 186 187
68 85 166
12 68 85
109 159 220
106 147 148
22 131 205
90 235 240
97 174 249
81 95 191
72 89 186
75 188 239
56 197 210
167 201 214
77 78 101
81 121 193
30 84 202
4 85 231
44 138 182
6 97 249
12 85 231
160 163 213
23 87 198
38 86 231
22 124 233
95 121 228
135 156 241
24 95 121
68 103 110
8 95 191
77 101 102
97 123 227
93 154 156
98 108 167
61 100 216
13 129 205
7 100 216
11 115 237
39 58 119
96 162 223
106 146 147
234 237 245
68 73 83
107 113 179
19 93 154
111 165 168
66 112 162
11 115 116
4 86 231
39 58 124
116 208 216
1 17 122
90 122 246
126 148 200
137 141 247
94 146 149
109 159 247
108 167 214
111 146 200
15 199 236
36 156 241
59 147 227
32 157 195
141 159 247
160 199 212
60 160 199
1 89 139
162 211 223
28 163 213
