69 180 184
36 135 156
138 165 168
108 225 226
66 91 162
22 129 205
35 138 207
177 218 236
63 79 143
71 108 225
46 215 238
44 94 149
13 21 129
5 51 243
130 205 217
36 154 156
123 147 178
2 12 231
69 180 185
140 206 246
86 180 230
33 188 239
128 140 246
72 139 230
72 89 139
72 86 230
73 125 170
31 163 224
12 85 166
109 141 159
172 212 223
161 192 229
114 191 218
91 96 248
172 223 248
55 66 162
114 218 236
88 161 164
92 192 229
10 192 220
88 161 221
121 190 193
161 168 229
161 164 192
91 114 190
112 179 189
63 79 211
13 74 151
39 145 189
107 113 189
135 195 241
43 169 197
44 142 149
36 147 149
26 33 239
93 135 243
56 136 210
5 93 243
23 198 202
11 116 242
133 208 216
166 186 187
4 12 231
4 38 231
29 86 118
4 117 118
72 89 187
29 99 118
75 86 184
139 150 230
29 72 86
86 180 184
99 117 118
85 99 117
4 86 118
38 231 239
2 155 239
2 231 239
26 33 128
62 75 188
2 12 153
2 153 155
26 34 127
26 127 239
18 181 232
18 26 209
140 206 232
90 206 246
17 122 185
1 17 185
69 122 185
90 206 235
6 206 235
106 126 200
45 235 249
6 97 235
20 98 176
37 45 176
98 167 201
45 201 240
54 71 108
17 201 240
57 108 214
16 57 214
1 139 194
139 150 194
27 166 186
29 72 187
89 173 186
89 186 187
42 158 225
42 158 166
42 68 166
57 65 108
12 68 166
158 225 226
65 108 226
71 175 225
20 92 109
71 175 247
103 110 134
103 175 247
137 171 247
92 109 159
73 83 170
68 83 105
83 134 137
14 73 125
83 137 171
83 170 171
68 83 110
83 110 134
14 31 125
28 31 213
31 125 224
28 31 163
31 132 213
25 141 171
25 77 141
141 171 247
77 141 159
15 102 177
25 77 78
25 70 78
15 101 102
15 60 101
80 163 224
80 160 163
172 199 212
172 236 248
15 60 199
15 177 236
91 114 236
77 102 177
8 10 218
120 177 218
8 191 218
8 81 191
109 141 247
77 159 177
120 159 220
120 159 177
71 109 247
20 54 71
20 71 109
20 54 98
37 176 204
47 168 229
47 111 168
47 111 204
126 178 249
136 197 227
94 147 149
35 145 182
44 142 182
111 146 168
146 165 168
106 146 148
88 95 164
88 95 221
81 121 190
91 236 248
91 96 162
55 66 112
66 112 193
81 121 228
121 193 207
24 138 207
24 121 207
48 145 182
113 179 189
107 189 233
112 189 193
39 189 233
53 113 131
40 63 143
40 53 143
53 79 143
13 21 74
21 129 219
58 124 219
19 142 154
58 119 124
39 119 144
19 58 119
93 135 156
51 157 243
123 174 249
5 46 215
215 237 238
3 237 238
215 234 237
3 46 238
3 84 237
3 30 84
30 84 242
11 84 242
0 202 203
64 67 82
23 82 157
5 51 64
135 195 243
36 135 241
59 123 227
36 59 241
123 178 249
45 126 249
174 235 249
97 136 227
97 174 235
18 181 210
23 32 157
23 32 50
198 202 203
49 87 104
32 87 227
41 104 196
32 50 87
49 104 196
136 197 210
56 181 210
34 76 152
169 197 210
76 153 222
76 100 222
49 76 196
49 52 183
49 76 183
76 100 183
52 198 203
0 116 216
0 116 202
116 202 242
7 133 244
11 115 216
11 116 216
115 208 245
115 237 245
115 208 216
0 203 216
133 208 244
7 133 216
45 235 240
212 213 223
169 209 210
18 209 210
208 222 244
208 222 245
111 200 204
37 200 204
199 212 213
217 234 245
145 189 207
61 183 203
189 193 207
52 183 203
98 176 201
45 176 201
125 170 224
56 206 232
6 56 97
55 63 211
35 145 207
40 53 179
100 222 244
37 45 200
5 64 67
58 74 219
22 129 219
150 185 230
56 97 136
44 94 165
24 138 168
45 126 200
43 196 209
42 68 175
41 104 197
172 199 236
54 98 108
19 119 142
10 120 220
119 142 144
35 138 182
26 34 209
32 59 195
32 59 227
36 59 123
5 30 46
44 138 165
29 166 187
36 149 154
4 38 75
14 83 105
27 65 166
9 131 205
34 152 209
41 43 196
8 164 192
62 128 188
1 201 214
16 27 65
1 16 214
1 16 173
69 122 246
14 31 105
49 52 198
29 85 99
1 89 173
43 169 209
22 107 131
5 30 67
80 101 160
1 150 185
41 43 197
10 120 218
11 84 237
95 164 228
160 199 213
1 17 201
31 105 132
18 140 232
61 100 183
48 142 144
24 161 168
47 92 229
4 12 85
40 63 179
55 112 179
8 10 192
29 85 166
142 149 154
76 127 153
23 67 202
211 213 223
158 166 226
39 48 144
106 126 178
13 205 217
38 75 239
53 113 179
14 73 83
69 75 184
21 74 219
17 90 240
16 173 186
180 185 230
17 90 122
23 50 87
106 146 200
42 175 225
70 170 224
16 57 65
19 58 74
4 75 86
20 47 204
19 74 215
20 176 204
153 155 239
23 67 82
159 192 220
91 190 193
1 150 194
26 128 140
49 87 198
48 142 182
20 47 92
22 124 219
61 203 216
7 100 244
59 195 241
22 107 233
24 95 221
36 123 147
24 161 221
4 85 117
5 19 93
157 195 243
55 63 179
64 82 157
97 123 174
51 64 157
39 48 145
162 223 248
30 67 242
67 202 242
18 26 140
68 103 175
62 69 75
69 128 246
62 69 128
70 80 224
22 131 205
70 78 80
90 235 240
25 70 171
70 170 171
74 151 234
74 215 234
75 188 239
34 76 127
76 152 209
103 134 247
146 147 178
167 201 214
76 196 209
77 78 80
77 80 101
53 79 131
81 114 191
81 114 190
81 164 228
8 81 164
146 148 178
44 138 182
160 163 213
23 87 198
5 19 215
87 104 197
87 197 227
22 124 233
66 91 193
95 121 228
24 95 121
68 103 110
9 79 131
151 217 234
77 101 102
97 123 227
93 154 156
98 108 167
61 100 216
13 129 205
7 100 216
11 115 237
60 101 160
234 237 245
9 130 205
106 148 178
107 113 131
19 93 154
13 151 217
6 56 206
56 181 232
119 124 233
55 162 211
90 122 246
39 119 233
33 128 188
65 166 226
134 137 247
16 27 186
108 167 214
111 146 200
15 199 236
146 147 165
94 147 165
127 153 239
32 157 195
92 159 192
60 160 199
3 30 46
1 89 139
162 211 223
96 162 248
28 163 213
