8 34 38
8 37 38
34 42 46
8 27 42
8 24 27
10 14 36
17 32 44
13 26 45
13 36 40
13 26 35
5 6 39
18 35 40
27 42 46
8 34 42
11 17 32
10 27 46
13 35 40
23 29 37
1 23 29
2 3 49
2 29 49
2 3 4
3 6 9
3 4 9
4 9 31
16 17 20
18 40 47
14 39 41
15 25 33
9 22 31
6 9 19
9 19 22
7 13 45
6 19 45
6 7 45
14 21 36
10 27 47
10 12 46
12 43 46
0 12 43
5 38 48
5 28 39
5 28 48
36 40 47
10 36 47
31 33 44
20 33 35
15 33 35
22 25 31
10 14 39
10 12 28
7 14 21
6 7 39
7 21 36
7 14 41
1 2 11
18 27 47
11 16 17
34 38 48
19 25 45
1 23 24
34 43 46
1 2 29
34 43 48
17 33 44
8 23 37
1 11 24
4 31 44
25 26 35
7 39 41
2 4 32
8 23 24
4 32 44
19 22 25
15 25 35
16 18 35
11 16 24
16 20 35
16 24 27
16 18 30
10 28 39
16 27 30
17 20 33
18 27 30
2 11 32
7 13 36
25 31 33
25 26 45
0 12 28
28 43 48
0 28 43
