8 37 38
34 42 46
1 11 32
2 32 44
8 27 42
8 24 27
17 32 44
2 31 44
13 36 40
5 6 39
18 35 40
27 42 46
10 40 47
11 24 27
23 29 37
1 23 29
2 4 31
3 6 9
4 9 31
20 31 33
15 25 26
16 17 30
15 26 35
18 40 47
22 25 26
19 22 26
6 9 19
6 7 41
6 7 45
14 21 36
10 27 47
6 39 41
13 21 36
12 43 46
10 36 40
0 28 39
5 38 48
5 28 39
5 28 48
14 41 43
34 38 42
8 38 42
12 14 36
22 25 31
7 14 21
7 14 41
6 19 26
18 27 47
34 38 48
1 23 24
34 43 46
34 43 48
12 27 46
16 20 31
15 20 25
26 35 40
2 4 9
7 26 45
8 23 37
1 11 24
17 30 32
1 32 49
2 3 32
1 29 49
16 31 44
3 32 49
19 22 31
8 23 24
12 14 43
13 26 40
20 25 33
10 12 36
10 12 27
2 3 9
15 18 35
15 18 20
16 18 20
16 18 30
18 27 30
6 26 45
9 19 31
13 21 26
7 21 26
25 31 33
11 27 32
27 30 32
28 43 48
0 28 43
0 41 43
0 39 41
16 17 44
