8 37 38
34 42 46
34 38 46
2 32 44
8 27 42
8 24 27
10 14 36
17 32 44
13 26 45
18 30 47
13 36 40
5 6 39
18 35 40
27 42 46
10 27 46
13 35 40
16 20 30
27 30 47
11 24 27
11 23 24
20 31 44
23 29 37
1 23 29
2 3 49
2 3 4
3 6 9
3 4 9
4 9 31
20 31 33
16 17 30
15 20 33
18 40 47
15 25 33
6 9 19
6 19 45
6 7 41
10 27 47
6 39 41
7 21 41
10 12 46
10 12 14
38 43 48
0 28 39
5 38 48
5 28 39
5 28 48
34 38 42
8 38 42
36 40 47
10 36 47
21 36 41
12 14 41
22 25 31
6 13 45
7 21 36
6 7 13
14 36 41
12 38 46
8 23 37
1 2 32
17 30 32
19 22 45
4 31 44
12 41 43
2 4 44
1 29 49
19 22 31
13 25 35
8 23 24
12 38 43
13 25 26
15 25 35
15 18 35
15 18 30
15 20 30
16 20 44
9 19 31
22 25 45
1 23 32
11 23 32
7 13 36
25 31 33
1 2 49
25 26 45
11 27 32
27 30 32
28 43 48
0 28 43
0 41 43
0 39 41
16 17 44
