34 42 46
2 32 44
10 14 36
17 32 44
13 26 45
22 25 33
5 6 39
18 35 40
27 42 46
8 34 42
10 40 47
16 20 30
1 11 23
11 23 24
8 24 37
23 29 37
23 24 37
22 31 33
2 29 49
3 6 9
3 4 9
16 17 20
18 40 47
22 25 26
19 22 26
19 26 45
6 9 19
9 19 22
6 19 45
6 7 41
14 21 41
14 21 36
6 39 41
7 21 41
10 12 46
12 43 46
10 12 14
10 36 40
0 12 43
0 43 48
5 38 48
5 28 39
43 46 48
34 46 48
34 37 38
13 15 25
16 17 27
13 15 35
2 23 29
0 5 28
17 27 32
35 36 40
17 31 33
10 46 47
6 13 45
7 21 36
8 34 37
1 2 11
13 35 36
11 27 42
18 27 47
34 38 48
4 9 22
4 22 31
6 7 13
2 4 49
11 24 42
1 2 23
12 14 28
4 31 44
2 4 44
13 25 26
20 25 33
15 18 35
15 18 30
0 5 48
14 28 41
8 24 42
16 27 30
3 4 49
17 31 44
17 20 33
18 27 30
15 25 30
2 11 32
20 25 30
7 13 36
11 27 32
0 12 28
28 39 41
27 46 47
