180 181 431
207 363 372
195 233 400
13 24 37
20 191 494
22 221 259
148 184 447
137 226 283
245 324 441
217 220 239
50 255 385
6 64 75
4 156 350
38 86 250
14 65 488
121 173 205
17 173 300
117 194 479
252 380 458
14 194 303
11 32 413
177 216 463
14 65 194
88 135 427
100 177 216
186 387 414
340 448 460
3 192 412
278 353 493
10 69 239
74 251 328
15 158 424
266 315 410
160 188 308
160 299 308
162 233 248
128 261 330
162 175 370
130 132 134
16 41 482
243 280 453
137 283 339
19 47 309
120 215 253
48 149 396
82 222 452
82 215 222
61 149 301
215 302 469
111 113 201
193 364 417
172 201 391
38 94 408
250 292 351
225 312 461
152 230 461
45 107 164
181 407 461
180 209 407
9 206 377
187 252 323
75 219 255
35 64 388
112 165 385
6 80 143
49 97 478
59 213 264
37 179 374
126 185 336
289 347 446
51 304 423
109 323 355
96 116 323
237 458 480
84 87 140
205 300 372
207 347 363
99 118 171
236 404 475
60 196 413
306 345 348
135 270 360
167 171 419
81 167 381
176 294 487
204 316 333
133 136 274
146 153 453
43 163 433
16 162 370
2 331 378
8 105 499
8 166 273
54 148 447
108 114 257
127 184 293
168 272 298
29 251 462
52 307 315
62 353 493
222 278 493
215 222 278
74 215 278
62 411 483
69 239 352
182 258 301
48 149 284
3 48 455
23 195 400
48 223 455
330 352 383
223 239 352
125 261 330
69 330 352
29 33 266
33 217 462
29 33 462
29 266 410
128 330 383
40 474 499
2 308 378
58 299 314
58 299 370
175 299 370
16 382 482
162 231 401
34 41 464
162 175 195
23 223 455
162 195 233
3 137 290
101 383 442
3 290 412
101 352 383
23 192 400
128 383 442
175 299 442
175 195 442
192 233 400
233 248 486
226 290 395
290 412 486
130 214 438
192 233 486
192 412 486
27 155 279
46 134 398
46 134 365
226 395 438
68 340 438
226 283 438
283 340 481
340 343 460
283 340 438
4 156 376
68 340 343
68 132 343
340 448 481
367 448 459
426 429 465
141 367 426
3 31 346
137 226 290
3 48 396
31 309 346
3 346 396
19 47 182
53 426 429
55 258 452
47 182 301
19 31 309
61 254 301
258 301 452
222 301 452
19 55 120
373 465 491
235 253 429
200 321 456
56 373 491
373 430 459
36 110 321
110 302 321
343 366 460
405 430 435
430 435 460
366 435 460
232 291 405
325 364 478
364 397 417
18 164 310
156 376 397
77 389 456
77 89 138
21 202 292
89 250 292
21 138 292
77 89 218
89 138 292
42 94 408
241 312 407
42 94 103
94 103 443
86 250 351
202 292 351
197 208 225
225 297 312
86 152 197
86 152 317
18 21 25
21 25 202
18 21 310
172 193 391
67 147 384
317 445 449
152 230 317
230 317 445
312 407 461
191 230 461
180 181 407
230 234 445
35 67 246
191 377 494
180 209 431
252 285 415
191 377 431
9 377 431
64 75 150
6 35 64
50 143 245
6 143 305
50 143 305
50 165 385
178 227 304
178 227 392
165 245 441
71 178 304
80 143 324
143 245 324
50 165 245
111 324 498
113 193 391
107 172 201
113 201 391
49 432 478
49 97 287
324 441 498
111 113 498
0 159 432
325 432 478
0 425 432
325 425 432
7 282 451
287 327 392
49 287 327
178 327 392
51 282 423
267 379 436
51 244 421
51 90 421
90 295 296
51 90 304
256 267 379
76 356 434
289 414 477
22 221 275
145 203 322
88 119 427
221 259 434
22 185 275
76 186 242
76 186 428
78 334 387
347 363 471
289 414 446
186 414 477
24 336 436
13 24 336
179 267 436
126 185 275
90 256 295
90 227 304
71 304 423
112 227 392
112 385 422
112 227 332
112 332 422
179 227 332
173 205 300
150 219 440
17 122 173
187 252 285
129 380 458
75 150 219
109 116 323
122 219 255
17 122 219
17 300 439
115 207 372
109 116 439
252 323 380
96 323 380
129 131 380
96 131 380
96 131 228
300 372 409
115 372 409
13 37 374
336 363 471
115 207 347
157 170 362
32 117 479
311 358 416
5 72 228
5 416 488
99 237 458
236 268 404
81 99 118
81 118 167
118 167 171
268 272 404
81 272 404
93 161 167
81 381 404
194 303 479
199 349 475
236 349 475
199 475 492
281 341 467
11 39 345
311 399 409
157 362 446
60 306 472
306 348 473
170 334 387
60 170 196
78 119 242
168 272 338
247 265 360
247 360 473
341 386 467
236 268 386
268 272 348
81 144 272
272 338 348
95 265 360
270 271 316
95 270 360
177 316 333
204 329 375
95 270 450
100 298 337
100 216 337
176 337 495
403 457 496
114 133 274
333 457 463
177 333 463
133 136 489
108 257 313
83 114 133
151 354 444
83 240 319
136 204 375
136 375 489
119 203 427
153 359 369
203 335 406
203 335 466
1 280 421
123 155 342
70 213 342
123 146 342
163 354 470
43 91 154
66 70 476
63 104 464
322 485 497
263 485 497
151 286 319
286 319 485
151 257 444
12 73 394
12 106 394
277 368 484
106 354 444
106 354 394
57 104 382
34 41 231
40 357 474
8 357 474
57 104 424
15 357 424
104 158 424
8 474 499
40 326 344
26 105 499
40 326 499
105 273 320
8 15 357
8 15 166
8 105 273
54 229 420
127 184 288
184 288 447
176 457 496
183 402 420
183 318 402
238 402 420
176 294 495
238 262 402
79 262 487
124 190 437
79 238 262
198 315 447
124 361 437
198 315 361
199 490 492
44 490 492
41 464 482
221 434 466
430 448 459
430 448 460
428 471 477
252 415 458
311 409 416
132 398 451
186 428 477
381 404 475
206 377 388
374 385 422
373 426 465
286 433 485
58 370 382
16 370 382
141 367 481
367 448 481
360 468 472
65 358 488
358 416 488
311 358 399
355 439 440
62 353 411
224 350 397
268 348 386
347 471 477
289 347 477
0 343 451
281 341 345
283 339 481
141 339 426
216 337 463
337 457 463
176 337 457
13 336 393
336 379 436
336 363 372
336 372 393
274 333 403
333 403 457
49 327 432
326 331 378
307 326 378
243 322 453
139 320 484
387 414 446
310 376 397
310 397 417
306 345 413
60 306 413
303 479 492
161 303 492
14 303 419
149 301 396
47 301 396
295 296 466
221 295 466
256 295 379
293 318 402
288 315 447
286 354 470
281 349 467
373 405 430
277 354 368
272 298 495
144 272 495
191 431 461
26 288 315
190 269 437
168 265 298
262 403 496
108 262 403
26 260 288
127 260 288
151 257 319
235 253 469
215 253 469
51 244 282
76 242 356
239 284 411
220 239 411
79 238 487
235 429 465
235 465 491
229 269 418
374 385 390
224 325 364
169 224 291
222 254 301
215 321 456
212 214 395
59 213 486
213 248 486
85 213 248
212 290 395
211 366 425
169 211 425
169 211 291
196 210 413
210 399 413
115 210 347
210 249 347
236 349 386
9 206 415
73 139 454
65 117 358
63 104 476
72 129 458
70 85 213
10 69 102
63 70 476
198 418 447
20 35 246
96 228 439
15 158 277
61 411 483
68 130 132
110 302 469
17 439 440
39 281 490
4 77 92
25 202 351
44 479 492
87 174 419
12 257 444
2 314 382
63 70 464
269 361 437
56 235 469
56 235 491
155 213 264
220 353 411
55 182 258
148 183 420
48 239 284
78 186 387
161 167 419
360 472 473
52 188 371
230 234 384
61 62 254
66 146 359
127 260 320
67 147 201
249 347 446
155 214 365
45 445 449
7 71 178
74 278 353
43 433 485
42 241 389
169 325 425
42 77 389
42 77 408
47 309 346
40 57 424
40 57 382
66 146 342
287 441 498
30 39 44
38 86 197
127 293 320
96 116 439
50 75 305
287 392 441
59 212 214
34 70 401
34 231 401
229 269 420
74 328 353
244 282 398
176 262 496
206 285 415
10 28 102
263 369 497
65 117 194
67 80 201
367 373 459
72 131 228
147 234 384
136 204 333
240 375 489
12 108 313
4 138 376
367 373 426
263 359 369
145 375 427
45 234 276
338 348 473
10 28 33
156 350 397
122 173 255
243 280 406
88 135 360
43 154 263
149 284 411
28 33 266
20 67 246
68 130 438
31 53 426
135 375 427
12 257 313
2 344 382
109 355 439
19 31 53
144 294 487
1 296 466
12 189 454
25 86 351
1 335 466
114 257 319
163 277 354
298 337 495
157 170 446
28 98 102
56 373 405
11 345 413
2 299 314
26 326 499
61 62 483
9 415 431
0 366 425
52 307 308
72 84 458
23 101 442
307 308 378
6 75 305
25 45 449
177 270 316
27 46 398
70 85 401
224 291 350
40 357 424
14 174 488
12 73 454
4 36 92
155 213 342
168 338 473
23 223 352
20 230 384
13 374 393
7 282 423
0 7 159
132 343 451
62 222 254
217 220 353
54 229 418
73 139 368
22 259 434
145 322 485
3 31 339
5 228 439
99 171 419
12 106 444
7 71 423
87 174 488
2 299 308
0 343 366
4 36 350
4 77 138
108 293 402
11 30 32
66 154 476
190 238 487
97 364 478
3 23 192
123 155 279
5 409 439
134 214 365
27 46 365
66 70 342
87 237 419
1 90 296
48 223 239
15 277 484
5 72 84
17 219 440
198 269 361
52 188 308
23 101 352
30 44 479
139 368 484
117 358 399
203 243 406
7 178 327
6 35 67
61 149 411
94 197 208
25 317 449
94 208 443
282 398 451
14 174 419
172 310 417
132 134 398
33 217 239
20 191 230
54 418 447
123 279 421
16 41 231
47 346 396
27 155 365
163 286 470
249 362 446
224 364 397
29 74 410
39 44 490
98 188 371
25 45 164
58 314 382
3 23 455
12 108 189
215 302 321
28 52 371
185 428 471
43 263 485
300 409 439
159 327 432
0 7 451
3 137 339
121 173 255
22 185 428
168 247 265
22 76 434
82 215 452
121 255 385
26 307 315
30 32 479
19 120 253
59 212 290
169 224 325
20 35 388
20 67 384
103 208 225
59 214 264
27 279 421
59 290 486
18 25 164
211 232 405
34 70 464
341 345 348
50 75 255
95 265 298
23 195 442
181 431 461
112 165 441
147 234 276
40 344 382
20 388 494
145 319 485
28 98 371
25 86 317
203 243 322
69 102 330
24 37 179
97 113 364
11 30 39
26 307 326
326 331 344
27 244 421
126 221 275
36 291 350
27 244 398
217 328 353
1 335 406
72 129 131
28 52 315
73 354 368
6 67 80
2 331 344
19 55 182
19 253 429
238 269 420
209 415 431
78 468 472
93 167 475
16 162 231
374 390 393
121 372 393
141 339 481
95 177 450
77 92 200
77 200 456
153 322 453
77 218 408
78 334 472
144 294 495
209 415 458
166 273 484
103 208 443
66 154 359
39 281 345
19 53 429
107 147 276
10 33 239
84 458 480
197 225 461
84 87 480
84 140 488
85 162 401
85 162 248
163 286 433
29 74 251
273 320 484
24 179 436
87 237 480
87 140 488
135 270 271
88 360 468
60 170 472
306 472 473
90 179 227
90 179 267
104 382 482
97 113 287
128 160 442
43 91 163
179 374 422
38 89 250
36 92 321
92 200 321
95 100 177
113 287 498
103 225 297
5 84 488
78 119 468
138 310 376
38 89 408
190 238 269
98 102 330
119 203 466
99 237 419
170 387 446
142 150 285
126 336 379
89 218 408
108 189 293
172 193 417
204 316 329
377 388 494
135 329 375
128 160 188
130 134 214
78 186 242
103 297 312
104 464 482
105 260 320
26 105 260
45 234 445
45 107 276
107 172 310
107 164 310
341 348 386
108 262 402
36 110 291
56 110 469
125 188 261
112 392 441
113 193 364
114 274 403
211 366 435
108 114 403
115 399 409
115 210 399
5 409 416
32 117 413
15 166 484
119 356 466
80 201 324
88 119 468
55 120 452
121 205 372
121 385 390
187 323 355
111 201 324
119 242 356
73 354 394
123 280 421
98 125 188
151 286 354
126 295 379
107 147 201
1 280 406
128 188 261
349 386 467
199 281 349
83 133 240
146 153 359
133 240 489
251 328 462
154 263 359
148 183 318
135 271 329
42 103 241
136 274 333
142 187 285
211 232 291
150 206 285
22 76 428
104 158 476
21 138 310
139 189 454
142 150 440
98 125 330
124 144 190
211 405 435
176 262 487
145 203 427
123 146 280
146 280 453
83 114 319
148 184 293
148 293 318
271 316 329
54 148 420
145 240 375
64 150 388
150 206 388
62 222 493
158 163 277
91 158 163
170 196 210
167 381 475
153 322 497
153 369 497
214 395 438
91 154 476
155 214 264
120 215 452
7 159 327
185 336 471
103 241 312
144 190 487
91 158 476
170 249 362
56 291 405
145 240 319
160 299 442
161 303 419
93 161 475
161 475 492
217 328 462
38 94 197
168 247 473
170 210 249
356 434 466
177 270 450
1 90 421
179 332 422
170 334 472
187 355 440
142 187 440
189 293 320
139 189 320
90 256 267
95 100 298
121 390 393
56 110 291
117 399 413
28 266 315
126 221 295
31 339 426
152 197 461
198 269 418
199 281 490
