180 181 431
31 137 339
207 363 372
195 233 400
22 185 259
20 191 494
22 221 259
127 260 293
163 277 368
137 226 283
128 160 299
217 220 239
28 102 371
50 255 385
59 248 486
86 317 449
220 328 411
4 156 350
9 206 285
17 173 300
167 174 419
252 380 458
14 194 303
11 32 413
177 216 463
93 475 492
14 65 194
88 135 427
100 177 216
3 192 412
62 328 353
278 353 493
10 102 330
74 251 328
52 98 371
266 315 410
188 308 378
160 188 308
160 299 308
162 233 248
10 69 330
128 261 330
153 322 369
16 41 482
137 283 339
367 426 465
141 283 481
120 215 253
48 149 396
92 138 376
74 278 328
36 110 405
56 110 405
193 364 417
42 103 389
25 86 202
215 302 456
250 292 351
208 225 297
206 377 494
147 276 384
45 107 164
180 209 407
9 206 377
35 64 388
7 159 451
179 227 267
37 179 374
157 414 446
126 379 436
51 304 423
116 228 439
96 116 323
129 458 480
84 87 140
205 300 372
174 237 419
236 349 467
281 345 490
60 196 413
117 311 358
135 329 427
95 168 265
81 167 381
262 402 496
176 294 487
157 387 414
185 186 428
16 41 162
146 153 453
8 166 273
139 293 320
54 148 447
73 189 454
139 293 454
54 198 229
28 102 266
52 307 315
220 284 411
278 328 353
62 353 493
74 215 278
69 239 352
220 239 284
182 258 301
48 149 284
3 48 455
23 195 400
48 223 455
223 239 352
69 330 352
102 125 371
33 217 462
52 266 315
29 266 410
98 125 371
28 266 371
125 160 261
128 330 383
128 160 261
128 299 442
52 98 188
52 266 371
307 331 378
307 326 331
58 299 314
2 314 331
16 58 370
34 63 476
41 162 231
41 382 482
162 231 401
23 223 455
162 195 233
101 383 442
3 290 412
23 192 400
128 383 442
175 299 442
101 223 352
192 233 400
233 248 486
226 290 395
290 412 486
162 248 401
85 248 401
155 264 342
59 212 264
27 46 155
27 244 279
279 280 421
27 155 279
71 282 423
68 132 438
46 134 398
46 134 365
226 395 438
130 132 438
130 214 365
283 340 481
68 132 343
169 211 232
53 141 426
235 429 491
448 459 460
430 459 460
141 283 339
3 48 396
31 309 346
3 346 396
19 47 182
309 346 396
55 258 452
47 182 301
47 149 396
47 309 396
258 301 452
222 301 452
19 55 120
373 465 491
302 321 456
92 200 456
200 321 456
373 430 459
56 405 430
430 435 460
169 211 366
0 343 425
36 291 405
232 291 405
325 364 478
193 364 478
18 164 310
156 376 397
4 291 350
77 92 456
77 389 456
21 202 292
77 89 218
103 241 389
241 312 407
42 94 103
94 103 443
202 292 351
152 197 225
197 208 225
225 297 312
241 297 312
86 152 197
86 152 317
18 21 25
86 94 197
86 202 351
21 25 202
172 193 391
35 67 80
67 147 384
191 230 461
180 181 407
234 276 384
230 234 445
20 246 384
191 377 494
180 209 431
252 285 415
191 377 431
9 285 415
9 377 431
206 388 494
64 75 150
6 75 255
6 35 80
50 143 245
50 143 305
178 227 304
178 227 392
71 178 304
80 143 324
80 111 201
49 432 478
97 113 193
324 441 498
325 432 478
0 425 432
325 425 432
0 132 343
0 132 451
7 282 451
287 327 392
178 327 392
159 178 327
51 282 423
267 379 436
51 244 421
51 90 304
221 295 296
76 356 434
334 468 472
22 221 275
76 119 242
145 203 322
203 356 466
78 88 468
76 119 356
78 88 119
76 428 434
221 259 434
22 185 275
289 471 477
76 186 428
60 170 334
289 414 446
13 24 336
179 267 436
221 256 295
126 185 275
90 256 295
71 304 423
112 227 392
112 385 422
112 227 332
112 332 422
179 227 332
121 122 173
173 205 300
17 122 173
121 122 255
142 150 187
187 252 285
17 219 439
17 122 219
17 300 439
115 207 372
109 116 439
252 323 380
72 84 129
96 116 228
115 249 347
37 179 436
13 37 374
336 471 477
32 479 492
32 117 479
194 358 416
5 140 488
311 358 416
5 311 416
32 399 413
72 129 228
5 72 228
84 87 129
87 129 480
5 228 409
65 194 416
14 167 303
14 167 174
81 118 167
93 161 492
268 272 404
81 272 404
93 161 167
81 381 404
161 479 492
161 167 303
161 303 479
199 349 475
236 349 475
199 475 492
30 44 492
30 44 490
30 32 492
11 39 345
115 210 249
210 249 362
157 362 446
60 306 472
306 348 473
60 170 196
60 334 472
247 265 360
168 265 338
281 341 348
236 268 386
95 168 298
81 144 272
247 265 338
95 298 450
270 271 316
177 316 333
177 316 450
100 298 337
144 337 495
100 216 337
403 457 496
83 114 151
83 114 133
114 151 257
83 151 319
83 240 319
119 203 356
136 204 375
145 375 489
270 271 329
145 203 375
203 375 427
319 322 485
153 359 369
203 335 406
203 335 466
155 279 280
1 280 421
244 279 421
1 296 421
66 70 146
66 146 153
66 153 359
66 70 476
34 70 476
63 104 464
263 286 433
263 485 497
151 286 319
286 433 470
151 257 444
260 293 320
12 73 189
12 106 394
277 368 484
41 382 464
34 41 231
57 357 424
63 104 158
8 357 474
104 158 424
8 474 499
8 15 166
26 260 320
26 105 320
8 105 273
54 229 420
54 198 447
262 487 496
189 293 454
127 184 288
108 274 403
238 402 420
238 262 402
79 262 487
79 144 487
361 418 437
79 238 262
229 238 420
198 315 447
124 361 437
190 418 437
198 315 361
199 490 492
44 490 492
340 460 481
457 487 496
176 457 487
347 446 471
221 434 466
159 432 451
56 430 491
57 424 464
252 415 458
181 407 431
132 398 451
78 387 468
165 385 392
112 385 392
426 465 491
381 404 475
255 374 385
374 385 422
363 372 471
369 485 497
322 369 485
354 368 470
196 362 413
362 399 413
360 468 472
268 348 386
16 344 482
343 366 435
343 435 460
216 337 463
337 457 463
176 337 457
13 336 393
336 372 471
336 372 393
274 333 403
333 403 457
314 331 344
328 411 483
62 328 483
325 343 425
243 322 453
139 320 484
183 318 420
318 402 420
318 403 496
293 313 318
108 313 318
310 376 397
310 397 417
308 331 378
306 345 413
60 306 413
117 303 358
272 298 338
168 298 338
208 297 443
294 337 495
176 294 337
152 317 461
288 315 447
49 287 432
205 372 390
448 459 481
286 354 470
281 306 345
155 280 342
278 301 493
194 303 358
15 277 424
126 275 379
108 274 313
272 298 337
144 272 337
26 288 315
268 404 475
268 338 348
268 272 338
263 319 485
256 267 304
26 260 288
127 260 288
254 301 493
62 254 493
235 253 469
253 302 469
236 268 475
252 323 355
59 248 264
247 360 472
247 306 473
165 245 392
165 245 385
50 245 385
51 244 282
242 289 477
274 316 333
236 341 386
236 281 467
0 432 451
169 232 350
232 291 350
198 229 361
229 361 418
229 238 269
224 325 364
221 275 379
259 428 434
90 256 304
221 296 335
221 335 466
221 267 379
221 256 267
219 355 440
217 220 328
212 214 395
212 264 365
212 214 365
211 430 435
207 363 471
75 219 440
73 139 454
70 123 146
97 111 498
70 85 213
68 343 460
68 340 460
68 226 283
67 107 201
79 190 238
14 65 87
20 35 246
185 259 428
61 411 483
126 186 336
76 186 477
133 136 313
138 292 376
101 330 383
123 280 342
57 357 474
57 382 464
12 257 444
247 338 473
116 323 355
56 235 469
56 235 491
367 426 481
55 222 452
55 182 258
148 183 420
40 57 499
31 53 309
117 303 479
52 188 378
48 239 284
43 154 476
49 441 498
230 234 384
61 62 254
36 110 469
70 264 342
16 175 370
49 97 193
249 347 446
47 61 149
47 53 309
19 47 53
46 264 365
45 445 449
448 460 481
224 364 417
247 306 472
43 91 476
42 77 389
42 77 218
59 290 395
242 387 414
34 41 63
118 171 419
68 226 438
40 57 382
6 50 255
40 326 331
40 307 326
38 250 351
70 213 264
38 42 94
38 42 408
36 321 469
65 87 488
10 29 102
287 392 441
96 129 228
35 64 75
34 70 401
34 231 401
244 282 398
33 74 251
33 69 239
43 433 470
13 37 436
263 369 497
12 73 368
8 26 499
8 15 424
16 175 195
25 86 449
67 80 201
367 373 459
189 293 313
18 310 376
372 390 393
10 33 69
19 120 235
141 426 481
91 163 470
13 24 436
51 295 296
16 314 344
230 317 461
40 307 499
47 61 254
263 359 369
45 234 276
338 348 473
156 350 397
243 280 406
222 278 301
88 135 360
43 154 263
101 175 442
149 284 411
2 308 331
12 257 313
109 355 439
105 273 484
99 237 480
51 90 295
33 251 462
144 294 487
265 270 360
88 119 203
5 65 488
104 424 464
6 50 305
5 65 416
136 274 316
14 87 174
35 67 384
29 33 74
11 345 413
2 299 314
61 62 483
9 415 431
1 296 335
55 82 222
96 129 131
25 45 449
27 46 398
70 85 401
4 36 92
49 193 478
5 399 409
53 429 491
20 230 384
13 374 393
199 349 467
42 218 408
318 402 496
219 355 439
230 317 449
5 311 399
92 156 376
73 139 368
75 150 440
150 187 285
99 171 419
24 126 436
16 162 195
12 106 444
46 155 264
2 299 308
21 292 376
38 94 351
3 226 290
31 141 339
12 368 394
11 30 32
66 154 476
30 345 490
3 23 192
32 311 399
227 267 304
108 318 403
75 122 255
10 29 33
5 84 140
48 223 239
114 133 257
15 277 484
5 72 84
30 39 345
103 297 443
367 459 481
190 229 418
139 368 484
236 281 341
203 243 406
8 26 105
215 253 302
57 474 499
61 149 411
94 197 208
4 92 156
94 208 443
282 398 451
172 310 417
163 368 470
132 134 398
33 217 239
20 191 230
367 373 465
82 222 278
16 58 314
249 362 446
29 74 410
3 23 455
233 412 486
3 137 226
300 409 439
133 136 375
18 45 164
152 225 312
49 97 498
51 296 421
40 331 344
26 307 315
19 235 429
169 224 397
41 63 464
169 224 325
20 35 388
263 286 319
59 290 486
7 159 178
119 242 387
211 232 405
186 336 477
81 118 171
40 344 382
20 388 494
24 126 336
67 107 147
6 35 75
18 25 45
89 92 138
203 243 322
53 426 491
11 30 39
26 307 499
18 21 376
31 53 141
144 190 437
27 244 398
192 233 412
123 243 280
1 335 406
52 307 378
148 184 318
242 289 414
29 102 266
7 178 282
19 55 182
177 333 457
209 415 431
93 167 475
35 246 384
142 355 440
374 390 393
76 242 477
211 405 430
153 322 453
75 122 219
144 294 495
49 287 441
209 415 458
166 273 484
79 144 190
146 243 453
66 154 359
6 80 305
80 143 305
80 324 498
81 99 171
82 215 278
19 53 429
55 120 215
107 147 276
169 350 397
86 94 351
270 329 360
58 175 299
102 125 261
302 321 469
224 397 417
85 248 264
169 325 366
85 213 264
87 237 480
87 174 237
87 140 488
88 203 427
97 111 113
88 360 468
127 184 318
80 111 498
334 387 468
179 374 422
38 89 250
8 357 424
43 91 470
36 92 321
92 200 321
95 316 450
95 270 316
121 374 390
158 277 424
38 89 408
190 238 269
3 137 346
99 237 419
99 458 480
103 241 297
100 298 450
89 218 408
172 193 417
143 324 441
101 330 352
204 316 329
58 175 370
102 261 330
105 320 484
45 234 445
106 151 354
4 36 291
106 151 444
106 368 394
106 354 368
199 281 467
45 107 276
32 117 311
107 172 310
107 164 310
59 212 395
107 201 391
107 172 391
341 348 386
56 110 469
111 193 391
145 319 322
43 263 433
111 201 391
126 185 186
211 366 435
373 430 491
115 300 372
115 300 409
177 457 463
115 399 409
115 210 399
187 252 355
55 82 215
115 347 471
115 207 471
109 116 355
15 166 484
130 214 395
281 306 348
111 113 193
78 119 387
70 123 342
120 235 253
47 254 301
121 255 374
101 175 195
131 380 458
123 146 243
100 177 450
125 160 188
98 125 188
135 329 360
151 286 354
127 293 318
1 280 406
228 409 439
138 250 292
191 407 461
204 329 427
130 395 438
136 204 316
96 131 323
131 323 380
129 131 458
132 134 365
130 132 365
133 145 240
133 145 489
83 133 240
133 257 313
251 328 462
133 375 489
154 263 359
148 183 318
245 392 441
31 137 346
136 274 313
77 89 92
150 206 285
89 138 250
148 184 288
142 150 440
143 245 441
124 144 437
148 288 447
157 170 196
271 316 329
54 148 420
118 167 419
190 229 269
64 150 388
150 206 388
12 189 313
210 362 399
158 163 277
152 312 407
91 158 163
152 407 461
167 381 475
230 445 449
68 283 340
157 196 362
157 170 334
157 334 387
63 158 476
91 158 476
159 287 432
159 287 327
145 240 319
289 446 471
217 328 462
344 382 482
173 205 390
356 434 466
121 173 390
204 375 427
179 332 422
142 187 355
71 178 282
191 407 431
325 343 366
95 265 270
101 195 223
23 195 223
199 281 490
