195 233 400
22 185 259
22 221 259
127 260 293
163 277 368
28 102 371
59 248 486
220 328 411
6 64 75
4 156 350
13 390 393
205 390 393
121 173 205
121 255 390
13 374 390
167 174 419
11 32 413
177 216 463
93 475 492
88 135 427
100 177 216
2 308 314
274 403 457
12 189 293
62 328 353
278 353 493
10 69 239
74 251 328
52 98 371
188 308 378
160 188 308
359 369 497
10 69 330
128 261 330
130 132 134
23 192 455
243 280 453
59 212 486
19 47 309
53 141 339
3 192 455
82 222 452
19 31 429
92 138 376
74 278 328
20 191 234
193 364 417
172 201 391
42 103 389
25 86 202
38 94 408
103 241 443
147 276 384
180 209 407
209 252 415
112 165 385
6 80 143
49 97 478
392 441 498
7 159 451
59 213 264
49 159 432
27 46 244
126 185 336
196 210 399
51 304 423
116 228 439
96 116 323
237 458 480
87 174 480
93 381 404
99 118 171
281 345 490
60 196 413
11 60 413
60 306 345
135 329 427
167 171 419
95 168 265
262 402 496
176 294 487
177 298 450
139 454 484
306 360 472
34 70 231
133 136 274
43 154 433
106 313 444
16 162 370
2 331 378
73 454 484
8 166 273
139 293 320
26 315 499
139 293 454
168 272 298
29 251 462
220 284 411
10 33 217
278 328 353
62 353 493
74 215 278
61 149 284
62 328 411
62 411 483
69 239 352
220 239 284
182 258 301
48 149 284
125 261 330
217 220 462
29 266 410
128 330 383
128 160 261
128 299 442
52 98 188
307 331 378
307 326 331
2 308 378
58 299 314
58 299 370
299 308 314
16 58 370
34 41 464
162 175 195
23 223 455
101 352 383
23 192 400
128 383 442
192 233 400
233 248 486
226 290 395
212 395 438
290 412 486
130 214 438
85 213 401
162 248 401
85 248 401
212 214 438
27 46 155
27 244 279
27 155 279
68 132 438
46 134 398
130 134 365
46 134 365
130 132 438
130 214 365
68 340 438
283 340 481
283 340 438
367 448 459
53 141 426
235 429 491
448 459 460
430 459 460
141 283 339
141 367 426
3 31 346
137 226 290
3 31 137
3 346 396
19 47 182
53 426 429
31 53 429
47 182 301
19 31 309
47 309 396
61 254 301
222 301 452
19 55 120
373 465 491
200 321 456
36 92 200
373 430 459
343 366 460
405 430 435
430 435 460
169 211 366
366 435 460
232 291 405
224 325 397
164 172 310
18 164 310
156 376 397
4 291 350
77 389 456
77 92 138
89 138 292
77 218 389
103 241 389
241 312 407
202 292 351
38 86 94
197 208 443
241 297 312
86 152 197
86 152 317
18 21 25
86 202 351
21 25 202
172 193 391
107 164 172
35 67 80
45 147 276
67 147 384
312 407 461
191 230 461
180 181 407
191 230 234
230 234 445
20 246 384
252 285 415
9 285 415
9 377 431
35 246 388
6 35 64
80 107 201
6 35 80
50 143 245
6 143 305
50 143 305
50 165 385
255 374 390
332 374 422
165 245 441
71 178 304
80 143 324
287 392 498
143 245 324
50 165 245
111 324 498
80 111 324
113 193 391
107 172 201
113 201 391
49 432 478
49 97 287
97 113 193
0 159 432
0 159 451
224 325 425
0 425 432
0 132 451
287 327 392
178 327 392
159 178 327
51 282 423
51 244 421
51 90 304
76 356 434
334 468 472
22 221 275
76 119 242
145 203 322
88 119 427
76 119 356
185 259 434
22 185 275
76 186 428
78 334 387
185 336 477
221 256 295
126 185 275
90 256 295
71 304 423
112 227 332
121 205 390
17 122 173
142 150 187
142 150 355
150 355 440
17 122 219
109 116 439
252 323 380
96 323 380
72 84 129
96 131 380
96 116 228
5 311 409
37 179 436
13 37 374
157 170 362
32 479 492
65 416 488
117 194 358
5 311 416
5 72 228
5 416 488
65 194 416
14 167 174
99 171 237
171 237 419
99 237 458
81 99 118
93 161 492
268 272 404
81 272 404
194 303 479
161 479 492
161 303 479
199 349 475
93 404 475
30 44 492
30 32 492
11 39 345
311 399 409
210 399 409
347 362 446
157 362 446
196 399 413
60 306 472
11 60 345
170 196 362
170 334 387
60 170 196
78 242 387
78 119 242
78 334 468
168 272 338
236 268 386
95 168 298
81 144 272
95 298 450
270 271 316
177 316 333
177 316 450
100 298 337
100 216 337
403 457 496
176 457 463
100 177 298
133 136 489
83 114 133
12 293 313
151 354 444
83 133 489
83 240 489
83 240 319
135 360 472
136 375 489
119 203 427
296 335 466
123 146 453
203 335 466
123 155 342
244 279 421
1 296 421
66 70 146
123 280 453
70 213 342
70 146 342
123 146 342
263 359 497
43 91 154
66 70 476
63 104 464
66 91 476
66 91 154
163 433 470
263 286 485
263 485 497
151 286 319
286 319 485
286 433 470
151 257 444
12 73 394
260 293 320
12 106 313
73 368 394
12 106 394
106 354 444
106 354 394
63 91 476
43 91 277
34 41 231
34 63 464
57 357 424
63 104 158
15 91 158
63 91 158
354 368 394
15 91 277
40 326 344
26 105 499
105 273 320
15 166 277
166 277 484
8 15 166
8 105 273
26 127 288
183 184 318
26 127 260
148 183 184
198 361 418
54 198 447
189 293 454
127 184 288
108 293 313
257 313 444
108 293 318
108 274 403
183 318 402
108 318 402
238 262 402
361 418 437
79 238 262
198 315 447
124 361 437
190 418 437
198 315 361
41 464 482
340 460 481
457 487 496
176 457 487
347 446 471
426 429 491
237 419 480
229 418 420
94 408 443
181 407 431
402 403 496
108 402 403
426 465 491
57 382 474
186 428 477
206 377 388
255 374 385
374 385 422
373 426 465
369 485 497
354 368 470
367 448 481
366 405 435
364 432 478
364 425 432
268 348 386
306 345 473
16 344 482
341 349 467
281 341 345
216 337 463
176 337 463
112 332 385
325 364 417
325 397 417
48 396 455
243 322 453
203 322 335
110 321 469
307 315 378
117 358 413
311 399 413
311 358 413
310 397 417
178 304 392
300 372 393
295 296 466
221 295 466
294 337 495
176 294 337
289 336 471
152 317 461
289 336 477
288 315 447
286 354 470
223 284 352
283 367 481
141 283 367
373 405 430
278 301 493
163 277 433
43 277 433
126 275 379
272 298 495
144 272 495
9 285 377
26 288 315
270 271 360
268 404 475
268 349 475
236 268 349
268 338 348
268 272 338
267 336 379
256 267 304
259 434 466
151 257 319
254 301 493
62 254 493
235 253 469
253 302 469
252 323 355
247 306 473
247 270 360
245 324 498
245 441 498
243 322 335
79 238 487
238 294 487
232 291 350
41 231 482
40 382 499
382 464 482
179 227 436
226 283 339
225 241 297
225 241 443
221 275 379
341 349 386
90 256 304
221 267 379
221 256 267
215 253 452
215 321 456
59 213 248
85 213 248
213 231 401
212 290 395
212 290 486
211 366 405
169 211 350
206 252 377
209 252 380
209 380 458
236 349 386
207 363 471
115 207 409
207 372 393
207 300 409
42 408 443
205 300 439
17 205 439
76 185 428
75 219 440
68 343 460
68 340 460
0 68 425
68 343 425
46 282 398
66 153 369
53 137 339
14 65 87
129 140 458
63 70 476
61 411 483
75 255 385
224 343 425
69 330 383
76 186 477
138 292 376
57 104 464
152 208 225
59 264 365
123 279 280
57 357 474
57 382 464
247 338 473
57 158 424
40 307 315
116 323 355
42 218 389
56 235 469
56 235 491
55 258 301
155 213 264
37 179 227
55 182 258
148 183 420
54 198 418
54 184 288
10 98 102
52 315 410
52 315 378
70 213 231
86 107 164
52 188 378
156 169 397
297 312 461
61 62 254
47 61 301
47 61 149
47 48 149
47 48 396
46 264 365
46 51 244
45 445 449
45 86 317
44 475 492
448 460 481
44 349 467
44 199 349
7 71 178
202 292 376
77 138 218
37 227 332
40 315 499
30 44 345
40 307 326
38 250 351
243 335 406
38 218 408
137 226 339
73 277 484
24 336 471
65 87 488
50 75 305
35 64 206
59 214 365
59 212 214
42 103 443
75 150 206
10 28 102
13 37 436
50 75 385
61 284 411
367 373 459
3 137 192
20 246 388
1 279 280
7 282 398
16 231 401
240 375 489
31 309 396
73 277 368
10 220 239
115 347 362
367 373 426
13 24 436
51 295 296
16 314 344
44 345 490
10 98 125
230 317 461
10 29 266
169 343 366
10 28 266
145 375 427
180 209 415
45 234 276
338 348 473
162 195 248
80 111 113
122 173 255
32 194 479
243 280 406
222 278 301
174 419 480
16 162 401
0 68 132
109 355 439
80 113 201
13 207 363
31 346 396
51 90 295
20 234 276
2 314 344
7 134 398
12 189 454
14 87 174
298 337 495
66 146 453
35 67 384
1 279 421
252 285 377
170 289 414
61 62 483
38 89 218
76 289 477
57 104 158
1 296 335
7 134 451
120 253 452
96 129 131
220 328 462
6 75 305
153 322 485
34 63 70
45 107 147
12 73 454
4 36 92
155 213 342
13 24 471
23 223 352
69 352 383
42 218 408
7 282 423
230 317 449
92 156 376
54 229 418
75 150 440
145 322 485
5 228 439
118 381 404
137 192 412
46 155 264
7 71 423
55 301 452
144 238 294
29 33 217
67 80 147
11 30 32
227 267 436
97 364 478
123 155 279
190 418 420
5 409 439
227 267 304
76 185 434
221 259 466
9 180 181
75 122 255
10 29 33
38 86 351
98 102 371
5 72 84
30 39 345
205 300 393
17 219 440
23 101 352
37 332 374
215 253 302
76 242 387
4 92 156
10 217 220
172 310 417
163 368 470
56 405 491
15 357 474
20 276 384
136 204 427
54 288 447
52 266 410
16 231 482
64 75 206
20 191 431
82 222 278
16 58 314
35 206 388
29 74 410
32 117 194
215 302 321
28 52 371
17 355 440
233 412 486
17 355 439
23 101 383
300 409 439
31 53 137
72 96 228
121 173 255
54 184 229
18 310 397
168 247 265
65 194 303
51 296 421
45 317 449
82 215 452
19 235 253
8 105 474
19 235 429
169 224 397
19 120 253
325 364 425
14 161 303
112 227 304
18 376 397
20 377 494
13 363 471
66 153 453
7 159 178
18 25 164
211 232 405
25 86 164
341 345 348
112 165 441
40 344 382
20 388 494
145 319 485
341 467 490
87 140 458
195 299 442
66 359 369
24 267 336
48 284 455
9 181 431
13 207 393
11 30 39
18 21 376
326 331 344
144 190 437
192 233 412
110 200 321
1 335 406
14 161 167
28 52 266
9 180 415
139 273 320
2 331 344
3 396 455
19 55 182
23 400 442
108 133 274
238 269 420
177 333 457
35 246 384
76 387 414
77 92 200
77 200 456
153 322 453
75 122 219
239 284 352
247 306 360
95 247 265
183 238 420
144 294 495
166 273 484
44 199 475
79 262 496
80 107 147
66 154 359
82 215 278
114 257 313
83 114 257
83 257 319
302 321 469
84 140 488
10 125 330
29 74 251
45 86 107
154 263 286
86 94 443
86 197 443
87 458 480
87 140 488
156 169 350
88 468 472
195 400 442
60 170 472
89 250 351
127 184 318
97 113 287
38 89 250
95 247 270
95 316 450
95 270 316
5 84 488
78 119 468
97 193 364
190 238 269
88 135 472
76 289 414
119 203 466
207 300 372
126 336 379
172 193 417
20 377 431
204 316 329
377 388 494
81 118 404
14 65 303
183 238 402
226 283 395
105 260 320
26 105 260
105 474 499
45 234 445
4 36 291
44 467 490
115 249 409
341 348 386
211 232 350
36 110 200
36 110 291
56 110 469
283 395 438
111 287 498
111 113 287
125 188 261
29 217 462
271 329 360
112 304 392
112 392 441
177 457 463
115 249 362
187 252 355
115 347 471
115 207 471
109 116 355
32 117 413
139 273 484
8 15 474
119 356 466
88 119 468
382 474 499
55 120 452
89 138 218
137 290 412
136 375 427
93 161 381
131 380 458
194 311 416
98 125 188
135 329 360
151 286 354
373 405 491
153 369 485
127 293 318
1 280 406
15 158 357
185 428 477
17 173 205
128 299 308
128 160 308
191 407 461
84 129 140
204 329 427
136 204 316
161 167 381
129 131 458
46 51 282
251 328 462
23 383 442
154 263 359
132 134 451
332 385 422
136 316 333
136 333 457
136 274 457
144 190 238
281 341 490
345 348 473
124 144 437
145 203 427
148 229 420
271 316 329
150 206 252
145 240 375
150 187 252
108 114 313
148 184 229
152 197 208
152 225 297
230 445 449
154 286 433
196 210 249
157 289 446
158 357 424
49 159 287
159 287 327
56 291 405
145 240 319
108 114 133
223 284 455
289 446 471
162 299 370
162 175 299
24 267 436
170 387 414
160 188 261
168 247 338
152 297 461
190 269 420
169 224 343
208 225 443
157 170 289
344 382 482
118 171 381
167 171 381
356 434 466
79 487 496
72 96 129
170 334 472
89 292 351
210 249 409
142 187 355
191 407 431
194 311 358
56 110 291
195 233 248
175 195 299
196 249 362
21 202 376
