1756.37 767.751
-1125.69 -729.496
965.292 -1176.31
441.419 -444.026
1935.75 1406.92
-412.651 -1712.87
-777.752 1384.2
-1197.48 674.733
-336.574 -699.299
1003.08 87.2371
463.275 -706.406
775.923 -1148.42
1337.82 -1327.8
-129.988 -856.394
1027.29 -607.97
-1851.64 783.662
-1840.22 -977.322
-1945.83 1125.07
-153.636 495.585
-1318.95 -217.889
-97.4905 268.396
69.2413 1124.76
-347.406 871.76
-200.509 1316.02
-1827.54 -1197.43
-596.743 635.737
96.1649 -1820.82
1487.31 -566.015
-1148.61 -642.675
577.591 1878.68
749.355 725.955
662.338 909.136
1748.63 716.504
34.2086 -405.003
-787.911 715.256
1377.11 1114.6
-1016.35 -553.65
239.356 636.246
-1681.89 -1961.15
-47.734 -1509.43
-1158.58 1355.52
1126.31 937.582
1534.7 613.621
-1628.43 -1613.91
1970.95 949.158
-1735.24 720.302
-324.887 927.102
-370.562 -576.254
-356.394 1663.65
1018.74 855.695
378.903 395.852
-29.707 1362.55
1842.2 -1790.35
-1.20003 -1839.69
-1751.5 1951.07
-1349.12 -910.087
1306.59 1777.19
-1972.51 841.293
390.812 -1600.94
1227.38 361.759
1348.22 1492.15
-917.939 -976.667
419.249 711.499
447.079 -1937.14
375.146 -534.178
918.55 -1245.95
1861.67 -1111.16
-1883.4 1703.88
-901.509 115.403
1864.19 -653.014
66.4686 -1484.93
436.899 -626.942
-1707.74 464.394
-1785.65 683.071
863.456 1441.73
-955.17 211.675
933.879 126.891
1235.01 -646.872
-1161.61 -317.913
-584.017 1213.54
1147.91 -1665.47
1967.58 1009.58
-776.624 -1915.81
713.458 321.867
199.59 577.645
1668.85 -1733.94
1092.71 105.753
-360.883 1384.97
-1429.85 -146.532
68.0436 1433.6
-704.8 1112.87
-354.722 -1770.92
-760.235 -1119.71
-417.792 78.1549
562.372 998.192
-708.309 -289.719
1332.72 -740.724
-1280.14 -1443.9
-656.537 1433.32
877.968 1543.05
10.9676 546.822
1809.11 -896.319
-1347.43 -551.772
-1511.35 -777.279
1301.7 556.697
-1343.68 -1403.1
-330.429 301.601
-1174.02 909.336
1181.89 408.184
-1012.51 -255.741
-593.624 279.182
1454.54 -1260.9
1538.46 -1825.6
-704.798 -1118.08
1607.73 -1826.83
-1575.03 -381.305
719.992 -1765.91
722.376 1372.57
-317.686 1211.03
-1404.71 -1015.99
-232.273 -748.389
-419.094 1437.3
1553.21 406.882
346.633 735.099
-1184.93 1334.12
-1520.64 221.442
-386.695 1933.9
960.543 -848.237
-1891.7 -1744.26
33.683 1716.03
-1571.09 458.657
-665.274 1148.91
692.742 -1942.9
521.472 -1624.94
1268.13 1116.76
-640.935 -964.141
-1631.63 939.971
-1526.84 1921.58
-653.147 819.79
656.683 161.919
153.913 1136.04
-1616.64 1767.22
1069.94 1343.9
-1081.02 1178.24
1599.65 952.664
894.275 -1971.44
-588.679 -1771
1177.47 -1895.94
-1713.9 -301.06
-1520.88 1554.24
-1184.3 -161.817
-1409.91 -815.929
-1221.85 -936.749
-894.346 125.007
1883.04 1762.34
-1713.07 36.9541
898.379 -1329.71
-195.827 -31.681
-1985.81 723.154
-853.437 1613.84
-324.182 -1959.16
1642.4 1087.14
-1730.16 819.869
1191.2 -1444.06
-1481.19 1670.32
-1889.82 -665.492
-491.496 -1299.73
518.579 286.658
-236.478 1624.23
-1588.34 -353.437
1386.57 -1301.41
1683.52 284.949
-631.122 -512.311
-1746.73 -616.932
-1789.16 -600.169
-1003.09 -113.339
-559.332 -1360.69
-1026.2 -289.494
1459.18 -1835
266.448 1977.99
1835.32 376.625
-687.506 -656.174
1076.9 1831.07
1630.48 -1159.58
1455.31 -1957.85
486.98 841.875
-1259.26 170.497
-873.176 109.617
1658.19 -619.908
1492.69 1869.03
779.923 -1510.41
-244.309 -1779.41
-871.1 729.491
-68.9031 -1411.92
894.494 -1802.46
-1433.94 729.816
574.17 -121.445
-1926.36 -348.935
-290.372 1704.13
491.483 -835.067
1746.28 -1021.54
-1993.19 -1512.98
1148.96 -866.368
596.633 807.146
513.724 89.3181
676.176 -706.353
578.91 -1568.13
-485.763 1707.81
1161.36 1445.33
-1704.11 55.8521
1642.88 -1138.05
-1214.33 217.049
740.503 -1140.69
1868.11 -1549.87
-1436.56 359.597
-384.936 -1690.29
1338.06 -378.128
-1203.27 487.021
755.504 1393.36
-705.833 -730.772
-517.322 1970.34
562.875 -1938.41
-1597.79 -1922.89
1769.4 1563.57
1522.45 -1934.71
-380.58 1165.33
-1072.77 405.089
-617.625 1667.74
1264.4 -749.511
-1882.13 1827.84
1610.09 -267.068
-1862.45 948.146
1354.8 -1065.72
-564.833 110.308
-1672.36 729.334
1379.54 -189.686
699.677 -57.5887
-128.098 1101.89
19.524 -358.699
665.455 -458.029
-293.414 -1715.12
-1292.7 633.819
689.964 89.6718
301.556 -45.637
1340.16 419.424
-217.801 950.246
-1847.64 -80.253
-101.607 1507.16
854.023 1333.56
-382.533 1181.66
62.8939 -1003
-1008.03 -1237.43
939.414 863.874
1864.46 -1041.06
-1494.82 529.913
500.909 211.761
814.788 1208.21
-1154.42 -495.248
-702.122 1147.14
1459.12 -1361.96
-433.439 -758.686
1588.29 -281.083
1161.06 -513.322
-773.923 15.0836
-1179.76 843.544
-803.258 883.132
1840.55 188.714
1645.7 779.961
-947.412 1510.16
1738.9 -442.237
40.0735 239.809
1769.52 -1145.14
-551.985 -1384.89
359.614 745.893
1762.24 -181.271
1383.93 -671.197
1060.04 972.217
1047.72 221.104
-1541.1 -1726.2
-1763.81 -720.867
1117.34 -567.07
-1837.74 957.888
1621.64 1807.97
-262.151 -1325.77
1318.13 -523.252
231.995 -641.798
1716.56 1.5199
213.063 -835.427
616.625 -1427.32
1910.47 378.867
391.407 1294.4
1707.67 -548.55
266.616 755.391
1672.55 725.511
1029.19 1908.74
-1995.36 146.529
-658.328 -1833.09
-895.583 -1036.68
1974.88 842.266
-362.453 1293
-1680.99 1869.54
-1348.79 -1964.43
-128.937 864.27
-799.856 -1512.31
1436.95 -889.39
866.555 -171.646
-1594.99 574.226
1279.8 671.623
-670.382 952.359
-602.866 -1641.19
861.101 -598.222
505.336 -1797.23
-431.313 1609.75
-833.912 -456.436
452.018 803.636
-1163.43 771.032
673.178 -512.225
806.603 -1455.76
-1647.95 -1993.25
-968.071 1788.99
-882.644 1898.48
-382.653 -477.636
472.71 -1102.85
-1806.01 1802.33
1849.51 -408.878
-1838.87 710.61
992.9 666.469
913.383 -1438.41
276.221 -1920.53
105.151 -1271.76
883.107 941.72
1499.27 -443.715
-1570.5 305.874
100.526 -1218.46
312.621 1132.45
-1429.47 1429.98
1030.94 187.88
-1047.66 -496.352
1085.03 -853.671
-694.025 934.541
737.451 -532.891
-354.848 -269.648
-1866.42 -1441.47
291.939 409.799
-1361.99 -1602.91
1138.04 1521.11
1338.81 637.31
-922.602 1768.31
-1056.82 1177.92
-1450.15 1255.81
310.379 -879.62
685.782 -658.683
1308.26 1638.12
844.965 393.291
-1215.55 -1849.06
-672.168 1521.9
-381.951 972.984
-747.744 -248.373
1531.52 1544.2
-1838.57 -1830.48
1941.29 1299.46
1690.64 1280.1
-63.2253 -1231.96
1048.4 879.959
1945.96 1598.25
135.764 256.339
-1281.37 -1178.45
1597.66 -1973.11
-1540.33 442.621
420.179 -755.877
593.562 1748.01
-1233.97 -1788.39
720.995 18.284
-36.7613 252.513
-437.521 124.665
422.038 -496.235
-575.87 112.676
-1216.14 1360.9
880.711 1832.26
240.863 826.672
1430.51 -1623.37
-916.989 -1850.86
-801.827 -1319.33
-1823.97 -342.157
1123.29 596.206
901.967 -283.15
344.217 1667.99
-71.5381 -934.788
-313.721 1891.7
1317.73 1248.76
16.3657 -260.237
-1247.48 1440.5
1852.44 -463.616
801.4 733.151
-631.353 -957.736
-440.178 -1200.84
-581.109 642.833
-1051.7 617.064
1323.5 -875.676
-1725.09 446.788
1720.53 1176.87
-1836.36 64.7469
844.869 92.1
1129.96 -1468.85
-16.1994 447.684
1779.9 -1999.83
-1812.55 -1467.57
1440.66 -1960.11
68.8109 242.062
773.038 1437.46
1284.33 -1667.14
-1763.38 -1296.78
975.693 -815.088
1320.28 299.192
309.236 1595.19
-1254.02 29.7662
772.062 -1090.38
-1905.49 -383.069
1001.72 1224.47
148.078 -1014.48
-327.844 -72.0175
-1014.32 -140.396
460.41 -1573.65
-100.509 -1470.78
668.409 -1327.47
1966.68 -47.2647
-994.612 -1796.71
655.952 1981.08
-611.794 -23.7671
280.273 1697.44
-428.579 1026.25
-272.792 -1656.52
1935.87 -178.279
-39.5859 937.589
-953.807 -1891.51
1923.11 718.349
36.4743 -1091.21
-1422.05 -1503.12
-664.861 477.444
-973.895 -1996.45
1149.97 -1007.22
-43.7163 -1844.64
-803.924 -1387.76
-1863.56 584.282
588.469 416.714
281.723 -1840.11
-557.034 -1991.07
-1496.63 -621.163
-169.348 463.787
-1683.57 876.845
572.279 -1760.47
-404.806 -1391.25
-851.675 173.147
-894.363 483.464
-1349.41 131.742
487.012 1800.56
1124.53 -1556.7
1955.92 -1679.4
-944.468 -1907.64
904.883 1644
509.078 -813.394
1803.89 1952.04
-804.463 -1692.74
-669.119 1026.19
771.051 -352.694
-96.9649 -656.67
-113.161 1498.23
-47.917 1035.16
-328.623 1057.72
-481.373 321.968
-810.537 -1994.36
122.532 -1686.01
-1551.07 78.4559
-1365.41 -495.533
170.821 1539.47
-851.533 -1320.1
-1273.92 -1047.64
-1368.06 -78.3848
-740.38 -37.175
-1052.2 -1969.33
1610.13 850.84
-625.999 -503.03
349.07 1326.08
-1467.87 -1979.55
383.804 50.7605
342.415 1573.27
56.3995 -1535.05
1887.25 505.334
543.403 -1478.16
-1990.2 -1285.78
-1938.68 -841.732
-605.877 -1212.61
110.625 26.0664
709.008 1370.25
1988.89 1656.81
1400.92 1599.02
507.653 -1225.08
-904.007 -1143.28
-1899 -371.873
-1122.83 484.804
