13 170 332
14 184 191
28 242 385
108 139 217
159 201 205
261 350 367
304 337 369
182 243 379
287 328 355
117 186 242
249 275 317
226 301 336
19 207 215
12 279 317
181 277 289
57 182 379
124 198 396
137 231 247
17 102 159
89 99 292
156 175 312
64 199 289
154 181 388
63 64 199
40 92 113
57 287 379
65 243 379
10 78 81
86 242 386
126 173 188
56 308 371
87 339 360
65 287 379
192 294 390
176 230 298
127 234 286
6 222 336
4 32 265
57 182 327
78 330 392
142 192 297
69 157 373
249 368 390
43 133 338
19 116 213
38 215 373
30 94 164
30 59 255
195 228 374
257 302 363
44 227 236
34 61 93
90 269 336
8 263 315
286 309 310
5 34 333
80 93 398
18 36 47
18 111 284
229 256 288
256 288 319
95 229 288
1 166 267
189 250 268
1 187 264
189 292 322
1 187 341
96 183 393
1 166 341
230 298 348
73 220 298
62 82 191
181 289 388
119 211 299
107 128 351
27 42 321
185 209 324
84 331 391
197 242 385
313 340 386
28 197 385
28 197 285
60 76 208
76 81 208
161 287 328
57 72 287
108 126 139
139 217 355
328 332 355
170 238 355
170 332 355
186 238 347
29 186 347
29 117 186
77 276 389
35 77 276
25 77 132
29 276 389
50 179 204
177 204 266
50 179 210
56 266 308
177 179 204
173 188 347
29 173 347
172 308 371
22 182 243
88 163 245
121 156 323
172 369 384
121 156 167
323 359 371
22 301 384
226 304 369
180 235 257
222 301 336
226 369 384
222 280 301
226 301 384
22 280 301
249 297 390
142 221 280
222 280 294
4 32 112
192 280 294
142 192 280
12 142 317
275 279 317
249 297 317
142 297 317
192 297 390
88 221 245
221 223 280
163 245 320
72 161 287
153 320 327
72 153 330
153 320 330
194 313 340
135 163 320
135 194 313
10 78 392
71 343 386
68 97 375
190 275 380
190 275 279
9 200 249
109 200 311
71 311 343
265 306 365
110 218 306
4 118 265
195 374 387
195 377 387
110 228 374
110 344 374
67 69 157
281 343 386
97 281 375
86 281 386
314 358 375
24 314 358
24 70 394
24 70 358
24 86 394
24 86 314
43 133 207
30 94 394
30 59 394
43 59 255
30 150 164
43 255 338
11 52 103
67 145 157
21 48 290
48 146 198
3 19 213
48 116 213
150 164 203
94 164 342
260 284 342
48 79 198
111 229 256
36 47 174
18 36 284
111 256 319
111 260 319
15 155 378
124 198 252
124 168 333
20 61 93
3 33 146
44 227 387
44 377 387
118 195 377
3 33 236
33 236 252
44 236 252
168 269 333
32 112 293
6 90 293
90 118 293
6 90 336
114 269 336
114 257 336
235 257 336
5 34 363
5 152 363
152 257 363
34 136 363
201 257 302
127 234 270
127 136 270
136 302 363
241 310 393
144 220 237
127 206 286
127 136 206
8 349 370
183 349 370
144 183 349
80 282 315
8 234 270
34 136 270
8 270 398
15 233 378
75 263 315
233 282 382
20 282 382
254 326 399
111 260 284
74 254 326
74 260 319
95 216 244
74 260 300
74 254 300
23 267 399
46 230 244
46 230 246
49 246 305
144 176 349
1 264 348
264 298 348
187 264 298
1 267 348
37 322 383
187 298 341
147 151 316
101 296 357
62 101 291
14 82 191
62 143 291
98 151 316
160 189 292
31 89 99
130 268 346
100 191 383
62 100 191
37 130 191
37 191 383
100 258 383
160 189 250
73 160 341
73 298 341
130 189 268
130 165 346
250 259 325
259 325 376
154 253 274
262 325 376
262 325 381
178 325 381
45 165 381
154 274 388
261 299 350
42 211 350
27 350 367
119 138 211
55 138 351
211 299 350
55 141 277
27 42 350
0 154 181
64 277 289
120 199 278
58 202 283
102 120 273
53 199 278
17 159 205
159 201 361
201 257 361
58 202 235
58 180 235
16 39 202
66 175 312
54 131 137
54 131 169
179 312 339
16 39 247
107 231 351
107 128 372
66 169 175
329 335 360
105 106 169
105 131 169
66 312 339
66 106 169
117 225 366
335 353 356
117 225 232
123 335 353
123 272 353
92 134 335
214 232 397
92 113 134
140 331 397
40 113 158
113 158 196
40 122 158
119 148 352
119 148 299
138 351 364
2 14 82
82 209 324
193 196 307
85 193 196
84 140 331
331 391 397
82 84 324
71 380 386
70 358 394
335 356 360
165 346 381
190 340 380
340 380 386
312 323 359
156 312 323
125 310 370
196 307 352
83 307 334
49 305 326
87 303 360
98 296 316
45 295 381
288 305 326
86 281 314
194 279 340
64 277 351
55 277 351
141 277 321
273 289 388
35 272 366
225 272 366
8 263 349
260 296 300
101 260 296
149 259 388
259 274 388
253 259 274
253 259 262
259 262 376
23 254 362
254 300 362
253 262 381
185 251 395
2 251 299
249 306 368
218 249 306
148 248 352
248 352 395
32 265 368
230 246 348
220 237 250
85 104 334
33 198 252
85 113 196
84 324 334
44 118 377
123 225 272
2 82 251
178 250 325
82 209 251
149 259 393
78 328 354
76 328 354
21 155 290
73 160 250
129 138 364
121 323 371
72 328 330
68 358 375
190 279 340
57 72 327
85 193 334
64 128 351
49 267 399
63 128 372
53 278 361
60 76 332
172 217 243
61 124 396
137 231 351
88 142 221
61 79 396
132 271 360
135 330 392
21 41 174
110 218 344
117 140 397
52 59 358
182 320 327
58 91 283
129 138 352
108 172 217
25 162 389
50 56 204
216 233 282
76 78 81
88 135 163
63 345 372
8 80 398
3 48 146
53 91 283
79 198 396
51 316 357
90 118 168
131 137 351
34 61 124
51 101 291
78 328 330
50 56 371
17 136 206
248 251 395
103 207 215
85 113 397
49 246 348
56 204 266
41 47 155
47 155 229
68 97 219
63 64 128
44 118 168
43 52 59
42 138 141
72 153 327
296 316 357
66 106 339
46 95 288
16 137 247
39 63 345
72 161 328
39 231 345
96 259 393
59 358 394
75 282 315
15 155 318
83 185 324
11 215 373
123 134 214
172 243 384
167 202 304
13 60 170
29 126 173
27 115 321
49 267 348
145 157 219
38 227 374
17 286 309
307 352 395
11 69 373
11 103 215
14 184 367
26 344 374
185 209 251
164 212 342
11 67 68
23 254 399
46 95 244
10 208 285
102 241 273
10 81 208
167 304 337
12 88 142
2 14 261
31 98 151
10 135 392
16 169 175
121 337 371
121 167 337
118 228 365
144 176 220
71 200 380
39 202 283
99 160 292
26 218 344
16 167 202
265 306 368
178 346 381
50 210 371
16 54 169
39 53 283
248 251 299
76 328 332
19 203 207
7 143 291
47 111 229
32 294 390
231 345 372
90 168 269
11 68 358
11 52 358
53 91 361
37 130 322
84 104 391
281 314 375
16 156 175
3 48 213
39 231 247
234 286 310
228 306 365
40 329 335
14 261 367
28 208 238
166 267 362
87 106 303
2 261 299
75 176 349
44 124 168
85 104 397
25 77 389
6 32 293
149 241 393
16 156 167
48 79 155
27 115 367
238 347 355
10 197 285
123 214 225
98 99 362
17 136 205
9 157 171
224 339 360
8 125 234
17 206 286
226 235 304
67 68 145
29 308 389
52 103 207
40 92 335
35 353 356
178 268 346
44 124 252
109 311 343
162 177 271
49 326 399
6 32 294
35 272 353
31 98 99
5 114 257
188 347 355
11 67 69
7 51 291
13 60 332
91 257 361
233 318 382
9 109 200
61 79 318
41 47 174
35 77 356
79 155 318
60 170 208
22 243 384
31 89 258
19 116 203
3 19 236
42 138 211
36 284 342
16 54 137
21 48 116
176 216 244
21 116 212
21 174 342
74 288 319
18 47 111
31 143 151
10 197 242
5 152 257
19 227 236
113 134 214
55 138 141
10 242 313
26 218 240
214 225 232
26 157 374
21 41 155
77 132 356
266 308 389
108 126 172
51 147 316
9 109 171
135 194 279
25 162 271
58 91 180
76 78 354
29 35 117
35 117 366
29 126 308
61 318 382
31 143 258
33 146 198
65 217 243
75 176 282
184 295 367
102 120 159
34 124 333
36 174 342
89 258 322
7 51 151
38 157 374
172 337 369
38 157 373
39 53 199
105 131 351
170 208 238
8 80 315
186 238 242
177 224 339
34 93 270
20 93 282
80 93 282
96 237 250
96 250 259
97 109 239
97 109 281
97 219 239
98 300 362
98 296 300
99 166 341
99 166 362
100 143 258
29 35 276
17 102 309
102 309 310
83 185 307
227 374 387
28 238 242
249 275 380
118 195 228
123 134 335
176 230 244
177 266 389
104 391 397
105 129 364
105 122 129
105 122 303
162 177 389
105 106 303
105 351 364
87 106 339
75 263 349
25 132 271
8 125 370
177 224 271
148 248 299
109 219 239
23 267 362
109 171 219
109 281 343
12 88 279
4 112 118
112 118 293
200 249 380
114 269 333
5 114 333
115 253 295
116 164 212
144 183 237
117 232 397
118 265 365
181 277 321
116 164 203
120 278 361
120 159 361
122 129 196
40 122 329
122 303 329
32 368 390
88 135 279
126 172 308
71 200 311
126 188 355
83 324 334
126 139 355
120 199 273
178 250 268
9 157 240
129 196 352
210 359 371
6 222 294
45 165 191
132 356 360
20 61 382
135 320 330
48 155 290
119 138 352
115 154 321
10 135 313
136 205 302
51 147 151
74 288 326
102 241 310
42 141 321
7 143 151
182 223 280
84 104 334
28 208 285
130 165 191
30 150 255
155 229 378
99 160 341
157 171 219
26 157 240
182 245 320
21 212 342
62 100 143
73 220 250
122 158 196
93 270 398
110 228 306
176 220 298
176 216 282
9 240 249
177 179 339
179 210 359
179 312 359
0 181 321
258 322 383
182 221 245
51 101 357
22 182 280
96 183 237
183 310 393
183 310 370
185 307 395
89 292 322
184 191 295
45 191 295
133 203 207
39 63 199
193 307 334
199 273 289
91 180 257
242 313 386
130 189 322
43 52 207
202 235 304
150 203 255
133 203 338
201 205 302
203 255 338
125 234 310
19 215 227
38 215 227
95 216 233
46 246 305
68 145 219
182 221 223
217 287 355
65 217 287
113 214 397
115 154 253
224 271 360
226 235 336
172 337 371
115 295 367
95 229 233
229 233 378
46 288 305
15 233 318
303 329 360
107 231 372
218 240 249
253 295 381
149 241 388
241 273 388
0 154 321
