-1552.04 1308.48
1500.82 396.363
1710.98 -1567.5
-1907.58 -275.527
1165.7 -916.506
741.874 584.294
515.297 -1834.78
-1594.94 680.59
396.082 -267.185
-1807.13 209.506
769.787 1405.74
-1879.74 987.563
1807.54 -618.11
-1791.25 1477.39
-1967.69 -704.636
-1682.38 -1519.72
-1396.16 1818.44
876.639 -1685.18
-1749.06 969.057
39.2956 1416.64
-1947.45 -1218.83
0.932616 567.848
-1053.61 405.994
-751.562 1342.47
-1861.19 -558.689
-448.025 908.597
-1152.95 -327.763
-103.84 -1345.41
1054.13 104.908
-1868.02 1086.44
1400.27 -1550.4
1566.71 -1995.88
-1731.96 443.352
-1681.06 -1481.02
-587.591 358.233
1935.62 -535.04
1139.4 -63.4493
-1967.19 -1914.21
-1657.45 -718.755
1428.26 -1518.65
722.556 -1019.76
1389.95 1569.61
652.472 -713.889
-1775.8 -293.402
1391.02 -1643.82
-1206.96 791.29
-1194.21 -1640.25
795.405 -926.17
803.101 1114.34
-407.19 -1784.49
-527.424 -471.572
-319.531 -1388.02
1464.98 -286.724
-1302.23 1807.52
994.521 -1873.97
-1711.12 -282.923
-893.735 1678.83
-713.317 1758.74
-1035.06 -489.117
-534.665 -1644.04
-132.933 258.371
1147.25 672.854
618.121 -57.3469
1746.68 -578.778
-943.004 -660.506
-363.268 529.572
867.922 1317.2
1141.55 332.901
-969.523 1839.32
140.425 -1975
1965.35 429.303
-257.925 -928.385
108.132 1028.76
-1169.65 1073.07
-1460.36 295.687
1429.03 406.708
-1445.94 576.278
-920.438 1172.18
-1481.07 -1173.75
-1406.6 -424.073
165.741 230.133
-1894.5 -966.337
-452.666 1247.05
1366.56 577.811
1086.37 -493.011
602.809 1051.72
1936.29 -1655.12
-1876.66 44.4234
1373.64 -1046.31
-882.505 1913.28
1249.37 -1453.47
319.993 1803.43
1122.8 1399.56
975.613 1641.73
-1774.2 1569.01
-782.34 391.543
-200.853 -676.84
1425.21 1346.48
-1429.79 791.77
-75.7088 1656.58
-1701.24 -1472.9
708.304 -1764.95
-1128.01 831.64
279.474 -1754.37
1785.33 1396.97
-1841.09 1034.7
1943.49 478.907
838.136 1066.3
-121.537 -186.252
708.03 104.265
-617.238 1925.69
-1504.19 1181.91
-751.15 1921.01
528.389 -180.939
712.785 -1547.32
-524.357 1011.54
-1020.22 -1816.05
1246.59 -148.234
1015.59 -473.932
97.3954 800.914
-1076.96 256.309
-164.383 -1133.47
-1264.78 -1326.25
1932.83 613.679
487.501 640.858
-1282.06 1870.26
566.549 -786.248
1052.17 1815.4
-865.234 -419.439
-365.54 1847.55
33.2411 1110.1
859.095 1013.02
1294.05 105.689
-1135.21 309.636
1631.76 962.184
-889.45 -1445.21
-781.507 946.167
-578.675 -46.291
1619.92 -645.848
-1432.61 107.421
1995.01 -714.669
-22.3156 561.559
499.083 -970.144
376.958 1633.85
610.417 -1988.58
1481.4 -1356.34
1121.52 340.495
1656.68 415.571
-1553.82 -1478.53
-1274.79 -1922.06
1483.65 -164.243
-1367.27 -1297.85
-1218.08 54.059
655.854 -1598.16
1408.21 1223.24
509.264 1403.22
-1491.43 -1513.05
-35.2192 1007.66
-483.195 -1658.26
641.505 -1872.78
-1646.84 122.905
-1229.12 1474.68
-1536.6 -1572.44
-109.751 -1090.42
-1050.97 615.455
-1012.48 -1567.32
-1548.79 -379.741
-865.173 -766.864
1674.32 1790.68
-365.021 1082.53
1013.92 -1855.76
485.751 1522.5
-1368.81 -1549.47
530.152 147.998
-1207.73 -828.343
275.22 -854.572
1294.56 1046.1
-1379.89 1757.96
1473.66 510.355
-1332.45 -1577.31
-874.189 -344.929
-1144.63 -422.977
1275.33 -9.79962
810.159 949.648
-219.119 -1554.86
32.1772 -1205.2
-1410.62 -1482.07
-1682.7 -779.426
-1031.54 847.452
1368.57 -239.269
-1980.89 -356.207
906.159 1313.67
-1310.11 1526.26
1071.63 -1836.44
36.62 1739.18
-1413.75 1162.43
-605.748 -558.379
-1260.55 -1330.42
1431.82 1549.61
1619.23 -787.297
1994.75 -348.593
7.50699 -1415.87
169.335 324.807
-195.294 1137.8
-827.74 -826.722
-1101.47 -808.631
817.071 1804.69
-1494.96 1506.96
1330.95 1576.68
1670.52 -632.43
1315.86 -1743.23
-1470 -1289.89
-301.611 -730.546
-620.309 -869.79
-1180.93 -1001.08
342.912 -1186.18
650.328 -1649.58
-602.053 -1180.34
675.227 1202.65
1957.46 1847.49
-1624.07 -1144.02
-961.144 1193
-1339.33 -456.103
699.967 1991.62
-879.427 370.488
-640.809 -1563.57
627.255 -110.809
-853.462 -1674.36
1158.65 526.229
-544.146 1977.71
1525.15 1798.77
-1208.47 175.477
-1850.81 189.474
995.14 824.412
-607.872 952.598
671.899 -231.94
1808.58 1710.75
-1038.94 -1530.75
-745.348 1661.03
-1539.13 375.225
31.5177 -179.936
811.654 -1341.23
1709.26 1958.19
-1015.58 867.901
484.421 440.27
845.612 9.56994
239.036 1637.14
-1814.95 388.222
-173.387 1180.19
-787.366 1218.74
132.785 1884.53
-1013.2 -58.6321
1595.29 -52.1372
410.621 -1150.06
-391.107 871.495
1225.16 1640.41
-1308.44 36.8185
-1700.82 -1599.18
-4.98935 -716.4
1268.72 -1520.57
1723.87 114.328
489.001 -37.0931
-248.533 674.048
-1648.87 1578.08
-145.766 -436.237
796.82 1987.02
-551.704 1783.62
-71.613 -956.416
-268.517 -1660.99
-106.476 1340.38
1210.5 -881.311
980.786 1902.06
1155.51 1279.97
-1697.12 -849.482
-1436.43 1571.6
-370.051 -1712.56
-314.077 -1881.05
250.347 1437.39
792.999 601.476
1015.47 -1352.77
-1834.76 -187.711
-1365.75 -386.464
-404.091 562.639
657.12 1327.39
901.647 -1449.36
667.767 112.151
-330.667 -351.447
14.2146 -1175.16
-1071.48 317.093
-24.6425 -507.908
-111.311 1605.31
-220.468 1574.61
1724.26 -1970.12
1012 517.256
631.356 27.4706
1164.49 796.595
1839.76 1798.74
-1589.87 -564.332
361.38 1067.25
-1236.94 -736.973
1617.9 1430.83
1375.18 -712.772
-920.621 -610.607
112.068 7.90116
1706.49 -1912.57
1499.99 -404.825
1692.73 -720.475
-830.213 1416.99
-690.595 -1818.21
-65.755 1940.76
209.259 -901.266
737.355 49.0184
-1102.53 1147.49
1484.69 1258.85
214.737 -1752.25
-1478.12 -167.368
1678.57 1897.06
1119.86 -1242.05
-713.546 -768.072
765.852 -1007.06
-680.646 265.845
588.116 -987.914
1545.37 1757.9
-1570.93 -1145.22
1939.69 363.32
-1204.46 148.95
1462.05 1532.89
-1802.03 -1640.47
680.377 1682.65
1618.38 -1104.89
1930.4 -1859.73
727.745 1608.97
-1962.67 -152.395
-1633.08 -676.22
1079.53 1132.78
316.721 -1601.11
-601.379 -1095.16
-589.027 -1056.01
-1337.26 -159.952
-201.232 -1397.57
-1796.63 594.303
751.38 1665.42
127.194 949.348
-1975.05 -1192.43
632.003 1643.33
-297.315 562.404
1783.6 -1569.57
171.377 1820.92
278.036 538.301
-855.295 -642.431
