34 93 99
68 96 127
1 6 76
32 65 87
52 91 104
37 62 98
22 56 147
79 113 119
79 106 119
51 56 83
121 124 145
11 124 145
63 117 129
16 106 114
26 82 143
34 45 122
2 69 86
22 23 71
38 97 134
25 113 119
43 60 73
79 89 113
41 139 141
67 71 116
29 56 129
29 56 83
29 35 77
79 89 100
57 94 100
79 100 106
68 131 138
94 114 133
57 100 125
0 94 96
61 63 81
4 14 144
35 77 142
85 123 145
4 81 144
4 14 123
14 85 123
31 45 86
9 93 99
31 34 93
9 55 99
3 69 86
13 31 93
3 48 86
66 80 92
45 86 110
45 110 122
31 34 45
1 101 121
3 76 90
1 121 124
3 6 76
3 6 20
3 20 92
3 48 90
3 69 92
20 39 134
5 39 134
5 38 148
39 116 148
118 132 141
5 39 148
116 139 148
22 67 71
12 97 134
5 38 134
24 38 97
40 105 109
12 66 92
42 47 97
69 80 92
9 55 80
42 46 149
12 42 97
27 50 115
19 47 50
40 62 98
21 27 126
46 146 149
46 62 146
37 98 136
40 54 105
40 62 109
7 36 52
15 105 109
116 135 139
15 27 115
43 54 73
43 54 130
98 130 136
7 84 130
30 84 136
84 130 136
7 30 84
43 74 132
7 43 130
118 120 141
43 120 132
118 120 132
43 60 120
24 50 115
139 141 148
41 132 141
75 88 104
41 135 139
67 128 135
41 75 135
22 56 67
67 116 135
59 106 128
53 91 104
75 104 135
53 59 91
59 91 119
25 107 119
32 87 107
25 32 65
25 32 107
25 65 113
36 87 107
36 107 119
53 59 128
51 106 128
8 89 100
8 89 112
8 102 125
8 17 112
17 95 112
68 96 131
10 95 112
57 102 125
0 94 133
0 96 131
57 94 96
94 100 114
8 100 125
16 29 83
100 106 114
59 106 119
16 83 106
78 131 138
29 64 108
78 108 133
64 77 103
64 103 138
29 49 129
29 35 49
29 64 77
16 29 108
51 83 106
56 129 147
6 20 143
39 71 116
23 71 143
28 117 137
28 137 140
61 63 117
44 85 145
101 121 145
11 44 145
14 18 44
11 18 44
14 44 85
14 18 111
61 81 111
63 70 72
35 70 142
4 33 58
4 81 142
33 58 103
81 111 144
14 111 144
4 58 123
0 131 133
78 131 133
117 129 137
21 126 146
126 146 149
24 115 141
60 115 120
89 112 113
64 108 138
48 90 122
82 137 147
55 80 99
41 74 88
26 82 137
11 26 28
21 62 146
78 108 138
22 23 143
42 47 149
22 82 143
21 62 109
22 82 147
15 21 109
20 71 143
20 39 71
18 61 111
16 114 133
74 88 104
11 18 61
52 74 104
16 108 133
1 11 124
15 54 73
15 54 105
12 20 92
129 137 147
17 68 95
2 9 93
115 120 141
1 11 26
15 21 27
63 70 81
2 31 86
4 77 142
30 65 87
48 86 122
12 42 66
33 77 103
4 33 77
10 65 136
1 76 90
12 20 134
49 63 129
26 28 140
2 9 69
1 90 101
19 27 126
1 26 143
2 13 93
1 6 143
10 37 136
7 36 87
42 46 66
8 17 127
51 56 67
10 65 113
70 81 142
30 65 136
9 69 80
24 38 148
11 61 117
86 110 122
26 137 140
7 30 87
41 74 132
35 70 72
36 91 119
36 52 91
57 102 127
15 73 115
10 112 113
19 27 50
7 43 52
43 52 74
2 13 31
53 104 135
11 28 117
24 141 148
46 66 80
46 80 99
47 126 149
49 63 72
19 47 126
24 50 97
47 50 97
51 67 128
53 128 135
17 68 127
40 54 98
54 98 130
57 96 127
90 101 122
8 102 127
41 75 88
35 49 72
60 73 115
