34 93 99
12 46 66
21 126 149
1 6 76
32 65 87
37 62 98
79 113 119
79 106 119
51 56 83
121 124 145
63 81 142
35 49 70
63 117 129
2 13 86
117 129 147
16 106 114
34 45 122
2 69 86
38 97 134
25 113 119
79 89 113
65 89 113
10 37 65
67 71 116
24 60 120
29 56 129
29 56 83
29 35 77
108 114 133
79 89 100
57 94 100
96 102 127
68 131 138
57 100 125
0 94 96
64 78 108
63 70 142
61 63 81
4 14 144
63 72 129
35 77 142
85 123 145
4 81 144
4 33 142
4 14 123
77 103 142
14 85 123
9 93 99
31 34 93
2 69 80
9 55 99
3 69 86
13 31 93
66 80 92
13 31 86
45 110 122
31 34 45
48 86 110
1 101 121
3 76 90
1 121 124
3 6 76
3 6 20
3 20 92
48 110 122
3 69 92
20 92 134
20 39 134
5 38 148
118 132 141
116 139 148
12 97 134
12 92 134
24 38 97
40 105 109
12 66 92
42 47 97
69 80 92
42 46 149
12 42 46
12 42 97
27 50 115
19 47 50
40 62 98
15 73 105
21 27 126
46 146 149
21 146 149
46 62 146
21 27 109
37 98 136
37 65 136
40 62 109
7 36 52
15 105 109
15 27 109
15 27 115
24 120 141
43 54 73
54 73 105
43 54 130
7 84 130
30 84 136
43 74 132
7 43 130
74 88 132
24 60 115
118 120 141
43 120 132
118 120 132
24 50 115
38 141 148
24 38 141
41 75 132
41 132 141
41 135 139
41 75 135
53 91 104
53 59 91
53 104 128
59 91 119
75 88 132
52 74 88
7 43 74
7 52 74
25 107 119
30 36 87
32 87 107
25 32 65
25 32 107
25 65 113
36 87 107
36 107 119
53 59 128
8 89 112
8 102 125
8 17 112
68 95 127
0 94 133
0 96 131
57 94 96
16 29 83
59 106 119
16 83 106
16 108 114
0 78 133
0 78 131
29 64 108
78 108 133
49 72 129
29 49 129
49 70 72
29 35 49
29 64 77
16 29 108
51 83 106
56 67 128
56 129 147
51 56 128
6 20 143
20 39 143
39 71 143
23 71 143
23 82 143
26 82 140
22 23 82
117 137 147
61 63 117
11 28 140
82 137 140
11 26 140
44 85 145
101 121 145
28 61 117
11 18 111
11 18 44
14 44 85
63 70 72
35 70 142
4 33 58
4 81 142
33 58 103
33 103 142
4 58 123
28 117 140
17 112 127
54 105 130
100 114 133
94 100 133
96 102 125
48 90 122
89 100 125
8 89 125
75 88 135
88 104 135
88 91 104
52 88 91
48 86 90
3 86 90
84 98 136
82 137 147
79 106 114
64 77 138
43 73 120
28 61 111
21 62 146
23 67 71
22 23 67
21 62 109
61 81 144
22 82 147
31 45 110
1 11 124
11 28 111
2 9 93
10 112 127
1 11 26
79 100 114
30 65 87
67 135 139
1 26 82
1 82 143
1 76 90
18 111 144
46 55 99
96 127 131
40 84 98
117 137 140
1 90 101
22 67 147
19 27 126
2 13 93
1 6 143
8 17 127
10 95 127
5 39 71
77 103 138
30 65 136
67 116 139
18 44 144
7 36 84
30 36 84
36 91 119
56 67 147
36 52 91
31 86 110
5 38 39
2 9 55
51 59 106
64 78 131
40 84 130
2 55 80
15 73 115
71 116 148
41 139 148
64 131 138
41 141 148
42 126 149
19 27 50
5 71 148
67 104 135
14 44 144
60 73 120
46 55 80
46 66 80
57 96 125
61 111 144
38 39 134
19 47 126
24 50 97
42 47 126
44 124 145
47 50 97
68 127 131
40 105 130
90 101 122
10 65 112
65 89 112
51 59 128
67 104 128
8 102 127
11 44 124
60 73 115
