24 47 50
34 93 99
1 6 76
79 106 119
40 98 130
51 56 83
121 124 145
35 49 70
11 124 145
63 117 129
16 106 114
26 82 143
34 45 122
55 66 99
2 69 86
38 97 134
43 60 73
79 89 113
10 37 65
24 60 120
29 56 83
29 35 77
108 114 133
79 89 100
10 89 112
57 94 100
96 102 127
68 131 138
57 100 125
0 94 96
64 78 108
61 63 81
63 72 129
35 77 142
85 123 145
4 81 144
14 85 123
9 93 99
31 34 93
2 69 80
9 55 99
3 69 86
13 31 93
66 80 92
45 110 122
31 34 45
48 86 110
1 101 121
3 76 90
1 121 124
3 6 76
3 6 20
3 20 92
48 110 122
3 69 92
20 92 134
5 38 148
5 39 148
116 139 148
12 97 134
5 38 134
12 92 134
24 38 97
24 47 97
12 66 92
69 80 92
55 66 80
46 66 99
42 46 149
19 50 126
19 126 149
27 50 115
19 47 50
40 62 98
46 146 149
46 62 146
21 27 109
37 65 136
7 36 52
15 105 109
116 135 139
15 27 109
15 60 73
24 120 141
43 54 73
43 54 130
7 84 130
30 84 136
7 30 84
7 43 130
24 60 115
118 120 141
43 120 132
118 120 132
43 60 120
24 50 115
38 141 148
24 38 141
75 88 104
59 106 128
53 91 104
75 104 135
53 59 91
53 104 128
59 91 119
52 74 88
7 52 74
32 87 107
25 32 107
25 65 113
36 87 107
36 107 119
53 59 128
8 89 112
8 102 125
8 17 112
17 95 112
10 95 112
57 102 125
0 94 133
0 96 131
57 94 96
57 96 102
59 106 119
16 83 106
16 108 114
0 78 133
0 78 131
78 108 133
64 77 103
64 103 138
49 72 129
49 70 72
56 67 128
56 129 147
51 56 128
6 20 143
20 39 143
39 71 143
23 71 143
23 82 143
26 82 140
22 23 82
28 117 137
28 137 140
61 63 117
82 137 140
11 26 124
1 26 124
44 85 145
101 121 145
11 44 145
11 18 44
14 44 85
61 81 111
35 70 142
4 33 58
4 81 142
33 58 103
81 111 144
117 129 137
21 126 146
126 146 149
25 107 113
54 105 130
100 114 133
94 100 133
48 90 122
89 100 125
8 89 125
88 91 104
52 88 91
48 86 90
3 86 90
84 98 136
83 106 128
16 83 108
82 137 147
79 106 114
79 107 113
79 107 119
75 135 139
15 27 60
41 74 88
27 60 115
11 26 28
29 77 108
21 62 146
23 67 71
37 62 136
22 23 67
42 47 149
21 62 109
21 50 126
22 82 147
31 45 110
18 61 111
11 18 61
25 32 87
15 54 73
15 54 105
129 137 147
17 68 95
2 9 93
62 105 109
5 20 39
79 100 114
49 56 129
2 31 86
4 77 142
30 65 87
12 42 66
33 77 103
4 33 77
62 98 136
64 77 108
1 76 90
18 111 144
96 127 131
26 28 140
21 27 50
1 90 101
12 47 97
22 67 147
1 26 143
29 83 108
2 13 93
41 75 139
1 6 143
5 20 134
7 36 87
42 46 66
7 43 132
8 17 127
40 62 105
12 42 47
10 65 113
70 81 142
30 65 136
35 49 56
11 61 117
25 65 87
10 89 113
7 30 87
41 74 132
29 35 56
7 74 132
18 44 144
36 91 119
51 83 128
56 67 147
36 52 91
31 86 110
2 9 55
64 78 131
2 55 80
41 118 141
41 118 132
71 116 148
84 98 130
41 139 148
64 131 138
14 123 144
41 141 148
67 104 135
2 13 31
11 28 117
14 44 144
19 47 149
17 68 127
68 127 131
40 105 130
90 101 122
58 123 144
4 58 144
67 104 128
63 72 81
8 102 127
41 75 88
71 116 135
67 71 135
70 72 81
39 71 148
