24 47 50
34 93 99
21 126 149
1 6 76
32 65 87
79 106 119
51 56 83
63 81 142
63 117 129
117 129 147
16 106 114
26 82 143
34 45 122
2 69 86
22 23 71
38 97 134
43 60 73
79 89 113
65 89 113
10 65 89
10 37 65
29 56 83
29 35 77
108 114 133
79 89 100
10 89 112
57 94 100
96 102 127
68 131 138
57 100 125
0 94 96
63 70 142
61 63 81
22 137 147
35 77 142
85 123 145
4 81 144
77 103 142
14 85 123
31 34 93
2 69 80
3 69 86
13 31 93
3 48 86
66 80 92
45 110 122
31 34 45
48 90 101
48 101 122
3 76 90
1 121 124
3 6 76
3 6 20
3 20 92
3 48 90
3 69 92
20 92 134
5 38 148
116 139 148
22 67 71
5 38 134
24 38 97
24 47 97
40 105 109
12 66 92
69 80 92
42 46 149
27 50 126
19 50 126
27 50 115
19 47 50
40 62 98
21 27 126
15 60 115
46 146 149
21 146 149
46 62 146
37 65 136
40 62 109
7 36 52
116 135 139
15 27 115
15 60 73
24 120 141
43 54 73
54 73 105
43 54 130
7 84 130
30 84 136
36 52 119
7 30 84
43 74 132
7 43 130
74 88 132
118 120 141
43 120 132
118 120 132
43 60 120
24 50 115
41 75 132
75 88 104
67 128 135
59 106 128
53 91 104
75 104 135
53 59 91
59 91 119
75 88 132
7 43 74
52 91 119
7 52 74
7 30 36
30 36 87
32 87 107
25 32 65
25 65 113
36 87 107
36 107 119
53 59 128
8 102 125
68 95 127
8 17 102
57 102 125
17 102 127
0 96 131
94 100 114
59 106 119
16 83 106
16 108 114
78 131 138
78 108 133
29 35 49
56 67 128
56 129 147
51 56 128
6 20 143
22 82 137
39 71 116
20 39 143
39 71 143
23 71 143
23 82 143
26 82 140
22 23 82
117 137 147
61 63 117
82 137 140
11 26 124
1 26 124
44 85 145
101 121 145
11 18 44
14 44 85
63 70 72
35 70 142
4 33 58
4 81 142
33 58 103
4 58 123
0 131 133
78 131 133
28 117 140
60 115 120
17 112 127
24 115 120
64 108 138
54 105 130
94 96 102
92 97 134
12 92 97
90 101 121
1 90 121
89 100 125
8 89 125
88 91 104
84 98 136
83 106 128
16 83 108
79 106 114
79 107 113
79 107 119
64 77 138
75 135 139
74 88 91
11 26 28
29 77 108
21 62 146
78 108 138
57 94 102
37 62 136
21 62 109
61 81 144
15 21 109
31 45 110
18 61 111
11 18 61
17 89 112
5 116 148
8 17 89
4 103 142
2 9 93
10 112 127
5 20 39
15 21 27
0 94 114
79 100 114
25 32 113
49 56 129
2 31 86
30 65 87
48 86 122
12 42 66
62 98 136
64 77 108
1 76 90
18 111 144
4 33 103
46 55 99
49 63 129
96 127 131
40 84 98
26 28 140
117 137 140
12 47 97
22 67 147
1 26 143
29 83 108
2 13 93
41 75 139
1 6 143
5 20 134
42 46 66
4 123 144
12 42 47
10 95 127
77 103 138
30 65 136
24 38 148
11 61 117
86 110 122
29 49 56
35 70 72
18 44 144
51 83 128
56 67 147
31 86 110
15 73 109
2 9 55
40 84 130
5 39 116
2 55 80
41 118 141
41 118 132
73 105 109
41 139 148
14 123 144
32 107 113
41 141 148
42 126 149
2 13 31
53 104 135
11 28 117
44 121 145
44 121 124
14 44 144
24 141 148
46 55 80
46 66 80
61 111 144
49 63 72
19 47 126
42 47 126
53 128 135
52 74 91
0 114 133
68 127 131
40 105 130
9 55 93
55 93 99
11 44 124
71 116 135
35 49 72
67 71 135
