-1811.54 522.051
-514.014 -757.246
-507.156 -627.195
-1633.23 1841.67
939.283 1678.97
-601.089 1130.74
-1950.69 1170.31
1401.74 -334.935
-788.492 1520.48
-1017.15 861.737
1771.94 -1503.53
-811.477 -320.731
1340.74 -1820.56
1056.87 1614.23
-1803.03 -1424.36
-541.563 -1614.56
1097.69 944.423
-371.807 -1409.46
-1682.77 -5.04166
-1567.79 1256.51
-326.074 -168.883
387.247 -276.763
-998.571 -211.008
1388.3 212.936
-690.527 -1628.85
-925.326 -918.59
-1132.38 263.197
760.679 -1791.64
442.64 -182.451
1822.59 639.615
393.19 -718.974
1025.05 -509.119
-1774.55 -1346.75
81.416 -1457.32
648.206 513.622
1799.19 -1677.87
-1655.26 186.436
45.3694 -653.832
1975.43 -566.328
1559.1 -715.099
-195.18 -1366.22
366.311 672.435
896.975 -873.01
880.793 -660.385
944.539 703.382
1979.23 -662.271
1984.41 1004.28
828.61 -1790.14
1657.53 -1089.97
-1247.47 305.738
1423.65 -1448.28
627.87 1768.39
738.16 -1326.76
-885.446 713.589
106.911 -1326.34
1998.49 1911.73
-692.563 364.801
584.166 -1795.59
1491.79 -535.041
-455.974 436.331
-1831.66 -476.744
1774.06 -1847.25
-1472.46 602.669
-1637.39 -1814.93
1512.69 -884.86
490.811 936.342
-333.136 -881.319
704.729 -1594.98
-208.079 1819.28
1118.61 1898.83
-1507.06 1117.1
1810.56 -199.622
-518.096 394.729
4.78907 -1026.3
1859.69 1548.82
1410.03 -1971.97
-927.929 1184.09
-1819.22 -400.388
-213.244 -1456.62
-215.316 -700.549
-341.479 -1724.5
-1764.21 1325.39
-605.824 940.521
1730.41 1186.1
759.804 849.023
1084.93 1252.75
-33.8743 895.492
-946.877 1448.03
-709.779 1057.91
-1578.27 -850.092
606.728 1831.75
-822.064 1678.8
1015.84 -641.288
-721.589 -1197.41
-97.9069 1063.1
102.045 1560.61
1338.59 337.838
886 -1267.23
-721.641 616.41
1918.86 -1961.84
-534.567 1003.79
1290.91 1431.56
-100.715 -1655.97
879.588 1189.51
1401.94 1301.31
-1660.59 8.67259
1133.07 -482.65
-312.528 148.906
876.062 965.882
951.5 -1221.84
28.9776 -946.455
-1661.23 -632.432
1391.38 1224.77
100.334 -1330.26
-158.821 19.198
-1292.09 1306.61
-977.009 1998.81
738.17 922.276
-1657.15 -382.242
111.781 1744.79
-1080.93 451.195
-246.535 -1947.86
1968.55 1440.94
201.045 844.608
406.819 -847.455
1622.76 -1564.2
206.09 1961.53
-196.636 -402.526
1186.3 1903.7
267.216 -972.519
-77.1032 975.122
-1665.91 945.888
973.937 1072.26
-131.837 1316.78
-1309.98 1979.94
1061.58 -390.907
431.14 -1184.96
-338.768 399.686
-1744.02 1862.28
-755.707 662.797
-985.178 -1132.94
1098.59 1220.91
-1171.41 -1098.04
-1181.61 -1985.11
-1194.34 1085.6
-957.63 728.553
60.7247 -623.537
-325.559 -965.338
-1551.27 1542.6
-1648.55 -861.254
1522.55 1413.02
747.839 -46.3115
-1771.93 -1590.93
-1646.63 -1515.96
-1728.65 -402.333
1146.84 -713.83
464.723 245.433
-1492.92 1293.31
1147.39 -674.532
1308.2 1953.05
-1588.93 -1649.43
681.6 471.795
-272.967 -1643.96
1506.46 175.758
1898.64 1857.9
1314.5 1421.19
1270.93 62.3436
-625.118 1498.99
471.415 -271.744
1983.04 742.763
1325.92 1129.88
-1971.07 -209.354
-624.691 -1463.98
-916.043 -1477.3
-138.516 -1607.84
-1524.25 272.555
-1257.27 1157.35
-1255.65 469.76
1513.39 -1749.19
-1354.48 1412.03
-1891.29 1960.02
833.227 1379.64
22.3655 -1791.89
878.631 -1506.22
-63.6357 861.667
1236.54 -737.713
-8.45699 1265.48
1052.93 1366.85
1801.49 -1863.11
1889.55 -337.022
-1470.95 -1634.7
1935.53 -728.226
1522.65 -1320.12
1741.53 1036.04
-1069.31 -1612.95
448.07 -960.598
-1652.93 -718.703
-1580.96 369.438
-510.595 1297.67
863.219 1425.77
159.339 99.763
-1311.94 -1849.12
-634.759 1740.99
1517.73 -833.266
1877.88 1407.29
829.712 -1593.07
1772.59 765.245
-321.3 1295.23
1445.13 -579.766
331.27 -1624.18
-192.716 -1220.66
-584.78 154.357
60.6364 -165.74
-1476.2 1550.04
-868.068 1387.01
975.811 1291.27
-513.223 1663.87
1442.15 852.018
1404.86 959.887
-1981.25 1282.74
367.174 848.464
1689.66 139.76
-386.291 -631.636
-565.006 -941.163
788.598 1766.26
-565.346 -1404.12
-1454.4 849.874
750.239 606.24
-1315.87 1274.03
156.282 -183.934
661.049 -867.907
-892.663 -1852.17
-1204.04 -1450.51
999.845 -1799.18
1509.38 1018.6
1483.55 -123.45
-132.939 1173.22
-1983.69 1480.77
-1458.42 -548.696
-1460.39 1330.18
-782.432 -25.7388
1926.06 -236.828
-1175.86 676.301
-1630.59 -491.731
-49.6641 525.694
1324.33 -1388.62
1657.79 -1568.33
-1240.79 -1546.25
-1018.84 1759.06
-1345.44 -1509.46
777.653 -1861.88
367.087 -1355.29
1311.34 383.397
-1874.52 1852.92
1834.7 -1334.91
1183.1 -947.731
639.353 1109.16
815.441 1463.49
-214.539 1184.85
-1028.24 1735.8
-289.452 -1703.91
-1652.82 -631.666
-1272.24 -893.606
-177.919 -291.077
-1134.55 476.645
199.46 1643.1
614.763 -1433.45
-1712.18 -73.9011
949.945 -1586.7
-220.983 784.646
-921.606 -1037.88
1836.92 1717.75
-1928.72 652.356
1181.23 -143.263
-162.79 -1847.01
-407.465 1547.76
-1550.92 -60.2832
-1083.91 -823.154
1046.11 738.173
885.769 1911.56
-785.182 -914.771
1554.66 1829.58
-348.224 1842.48
-244.321 -1398.28
-1744.22 1534.7
1386.37 -665.822
-1503.19 1223.28
-948.075 -1431.91
-124.362 -1766.84
424.825 1712.85
-1613.85 -1982.64
1260.61 -1164.77
-42.9233 -1823.3
12.0796 -996.813
914.871 -1102.15
-1085.25 -1870.31
-16.9226 -1530.59
1959.27 1634.85
-1688.11 -285.052
-1763.43 -1432.32
-750.356 1622.94
-98.1463 -253.544
846.223 953.778
314.544 -1278.14
1186.94 -1260.63
-1565.29 1573.09
-1243.27 1695.32
-1591.68 713.807
1872.01 420.402
1716.99 786.884
1318.25 -1368.26
916.572 -698.672
-898.847 875.841
-1063.82 -586.954
-1409.21 -827.244
-19.2783 -159.567
-1204.3 1882.58
1586.89 1641.92
836.354 -98.5666
-1636.22 23.2912
640.803 -1201.51
-403.62 1397.53
-1506.19 4.70209
111.34 -1634.18
-1574.9 -171.666
1152.7 1743.35
460.075 69.2746
-955.318 1561.23
-1054.88 -19.1363
-1025.73 -464.096
1153.62 954.996
1376.34 1949.32
837.571 963.225
1591.24 -326.075
-1135.34 1955.02
1697.22 1505.46
-1246.49 -706.404
902.995 -752.686
1298.3 -985.666
-386.867 1723.4
842.668 -1234.16
1466.76 -697.257
835.11 -1488.56
-1136.03 1780.23
492.302 -161.755
-683.871 -354.078
-1206.76 -1307.53
-404.761 1630.81
1655.69 -813.525
-695.263 -1479.65
-858.506 -998.047
-1974.19 -104.998
295.548 928.805
1142.32 -406.154
1943.14 -1244.55
-682.752 785.807
-478.714 -1216
-1911.45 -1643.6
-704.558 -1047.48
-1863.38 1787.74
790.767 -547.249
-566.334 1584.01
145.217 1028.9
1214.82 -199.093
-1784.62 -1480.44
321.256 -643.126
-478.49 347.066
1251.88 1817.06
-724.129 394.193
-589.095 -780.989
1149.64 728.153
-1995.18 -1329.07
1512.16 -1906.63
-972.675 -1192.4
-954.109 -836.053
-1404.66 1836.66
616.698 29.0097
1420.67 -1238.08
-942.086 635.486
562.822 -726.705
1155.04 -1115.92
630.168 -1323.45
1231.14 -117.955
-1506.39 -1492.98
-1723.76 -95.483
-273.973 1425.88
-1367.33 -269.155
-1903.19 -1855.17
-175.786 -875.866
-1047.57 870.104
288.081 -452.231
706.762 -1095.22
1576.78 127.428
-333.305 -1365.31
-1237.09 -1770.48
-92.0125 1917.96
-886.405 -1461.84
-1405.49 -1655.26
420.2 -911.876
-1148.24 696.438
