171.9 -624.76
-400.493 780.74
865.735 521.548
396.679 984.893
1299.18 907.194
1946.51 -1415.55
-1979.81 -933.319
423.075 -860.598
-1927.77 295.461
-367.165 -1981.21
-1417.55 577.097
1754.13 1383.73
-739.783 -630.322
1236.13 1827.01
-1937.4 -1948.6
1924.07 234.505
-573.361 -476.422
-984.756 -1707.63
-1954.87 1411.92
1277.27 1344.3
319.118 1223.78
1928.75 339.308
-1709.54 351.827
1478.71 -1637.31
-1352.71 -888.455
-1618.53 -770.263
1688.64 -1864.4
-1386.53 -1051.14
-494.721 1849.6
-1224.13 -432.116
1901 -1300.06
1802.39 -672.366
223.517 -1182.37
-379.992 268.643
-1770.44 -1102.73
-387.055 548.674
-1878.95 -458.303
-1112.02 -1588.48
1893.52 -1633.31
-1225.8 -1459.19
-521.763 -844.323
-229.451 -833.122
-708.721 384.017
115.738 796.558
233.614 891.606
-1635.56 134.609
1591.55 -1833.17
1462.24 -184.937
-1015.54 -917.749
-1916.29 -785.98
-20.4751 -303.35
1762.69 100.579
1238.35 -1349.32
512.095 1131.87
-982.631 1286.3
1672.68 495.606
-1558.03 -556.769
1662.48 -266.746
1827.25 -221.778
-1470.19 60.8619
-1330.17 -1105.75
-1804.53 -1738.63
-938.915 1657.71
76.4352 45.5491
-1260.04 160.141
1259.57 719.49
1856.79 1022.26
-1179.93 1095.14
1672.94 1332.16
227.008 -1309.69
618.461 -100.309
1185.92 1060.44
1342.92 848.4
-1206.31 1170.17
-1373.38 -676.498
-768.968 -703.55
217.757 -573.497
-442.178 1278.84
-915.783 1634.26
-675.609 -175.818
-205.602 -1416.04
-1456.33 -348.811
1606.23 -636.26
-1253.67 1279.17
-1304.1 973.335
1969.48 1314.36
-1126.97 1155.39
374.801 -1784.05
3.79379 1168.49
1386.12 630.416
-1508.01 -1382.85
1926.87 709.75
43.652 -515.312
-11.4077 1127.87
-881.054 1312.98
-1047.95 913.344
1896.94 -504.278
-1435.47 1503.17
859.462 -689.14
782.337 1555.37
-1715.81 751.814
869.73 -842.779
-92.7932 -755.47
-626.832 1911
-1586.98 -1240.71
541.417 -1094.99
-623.566 468.282
1614.76 1420.09
1952.97 -396.644
547.955 -928.083
-1083.66 1500.01
1985.26 -1186.72
-1004.27 -1450.21
-1683.55 1855.19
-139.345 1098.79
1410.56 144.85
-149.396 280.285
1302.07 1757.81
1524.82 -1324.76
1668.81 1937.84
-565.477 210.229
-1157.15 810.958
-1321.49 -1542.39
231.044 -1368.52
60.9698 -1221
-296.601 977.31
-1720.99 -311.34
1790.59 -725.267
238.454 -1892.95
-870.077 -1900.89
1205.84 -1459.52
243.959 -943.556
820.763 -453.971
-1185.74 345.578
221.267 -1516.93
283.414 1655.79
693.296 1126.26
466.748 1371.81
1583.88 -1302.21
-1996.71 -355.152
-523.208 -293.313
-1377.84 -244.202
1395.35 -1587.25
1030.53 -366.199
-1480.2 -1839.55
-267.089 1725.64
-1299.07 1976.87
-1217.92 1521.69
-477.101 -403.662
-132.727 1744.17
79.4052 -1849.31
1399.96 -1227.3
1276.95 -133.295
-1855.49 860.829
564.498 -1852.2
-1494.32 -1958.71
-145.516 -872.166
-202.912 -750.169
-459.415 -1172.38
883.632 60.3847
-1011.93 -1383.46
-213.976 -310.995
-1406.59 568.107
-789.3 116.311
-1835.56 1077.97
-139.523 243.85
1228.66 -739.566
1016.55 505.611
1127.14 1161.06
-633.56 -308.363
1308.85 -127.883
-267.073 -836.661
999.951 1530.01
413.169 -1459.46
-1642.37 -703.198
600.921 -654.293
-86.6556 -1613.06
1034.71 506.757
955.051 -1754.59
-1376.93 1119.5
1323.38 483.545
-636.654 552.045
1743.98 -1620.1
-942.344 871.117
1540.95 424.096
-1437.25 849.81
-1703.79 295.68
-1986.85 1296.16
-174.305 426.317
1836.7 183.328
1723.12 437.622
1529.03 -363.537
824.566 563.747
-1856.78 -220.383
809.158 -1233.71
-1100.89 132.543
1249.83 262.459
-1315.41 993.811
642.355 -257.756
-135.072 183.31
