13 28 29
9 12 32
28 29 35
15 41 48
4 9 26
7 37 45
1 31 37
8 20 34
0 39 42
12 22 32
10 13 28
9 10 12
4 9 32
22 25 29
6 17 39
3 38 44
6 16 22
3 19 38
11 26 38
9 11 24
9 11 26
9 10 24
3 19 48
11 19 38
11 19 43
11 24 43
24 30 43
18 30 36
21 30 43
21 41 47
21 30 36
3 33 48
21 36 47
3 33 44
5 6 17
21 41 48
15 41 47
1 23 31
7 18 23
18 23 49
1 8 46
7 31 37
7 23 31
7 14 45
14 27 45
0 17 39
0 27 45
0 17 45
0 27 42
16 25 40
6 16 39
25 29 35
13 22 29
16 22 25
2 40 42
2 14 35
21 43 48
20 33 44
20 34 44
1 8 37
8 15 20
4 5 44
14 27 42
8 17 37
4 38 44
4 22 32
8 15 46
16 39 40
4 6 22
4 5 6
5 8 34
4 26 38
10 13 22
1 23 46
15 36 47
2 25 35
23 46 49
2 25 40
19 43 48
15 20 33
15 18 36
39 40 42
5 8 17
10 12 22
2 14 42
5 34 44
15 33 48
15 18 49
15 46 49
17 37 45
