13 28 29
9 12 32
12 13 22
20 33 34
28 29 35
15 18 47
7 37 45
1 31 37
8 20 34
16 39 42
0 39 42
12 22 32
10 13 28
9 10 12
10 12 13
6 17 39
3 38 44
6 22 32
3 19 38
26 38 44
4 26 44
4 6 32
11 26 38
9 11 26
19 21 43
18 30 36
21 41 47
3 33 48
21 36 47
20 33 48
3 33 44
5 6 17
21 41 48
15 41 47
18 36 47
7 18 23
18 23 49
1 8 46
7 31 37
7 23 31
7 14 45
14 27 45
0 17 39
0 27 45
0 17 45
16 40 42
0 27 42
16 25 40
25 29 35
13 22 29
2 40 42
2 14 35
11 38 43
30 36 43
21 36 43
19 38 43
23 31 46
1 31 46
9 26 32
4 26 32
16 22 39
15 20 41
6 22 39
33 34 44
8 15 20
4 5 44
14 27 42
8 15 46
4 5 6
5 8 34
11 24 30
3 19 21
10 11 24
9 10 11
20 41 48
2 25 35
23 46 49
1 8 17
2 25 40
3 21 48
5 8 17
11 30 43
16 22 29
2 14 42
5 34 44
16 25 29
15 18 49
15 46 49
1 17 37
17 37 45
