11 51 214
50 73 197
11 199 214
74 207 248
59 114 129
66 79 122
56 63 128
43 65 197
86 196 198
25 86 198
92 139 144
40 196 198
155 204 232
155 165 204
67 107 167
99 109 132
8 15 127
0 116 132
32 94 248
30 170 209
32 207 248
52 199 214
52 199 243
22 77 90
34 38 81
77 90 141
30 209 231
53 206 231
66 148 162
45 74 180
53 90 141
59 129 242
12 48 239
60 135 161
71 85 138
16 20 161
20 119 169
23 100 235
10 35 156
28 57 234
56 63 136
10 35 178
40 92 192
40 92 213
139 144 182
25 91 153
86 159 196
25 86 91
37 86 159
108 146 157
108 134 173
108 134 157
76 203 227
85 138 166
143 227 238
76 146 203
203 227 238
91 121 153
91 121 185
104 202 244
1 41 233
121 185 233
1 65 123
16 59 114
1 65 197
87 96 103
26 50 72
41 58 106
44 98 202
72 189 244
111 186 194
31 92 95
15 120 172
8 120 160
64 175 189
111 175 189
64 83 172
64 83 189
31 120 172
8 15 120
120 158 160
8 116 127
101 160 228
101 158 160
0 113 228
117 163 207
69 105 113
0 113 132
51 221 246
51 62 221
5 36 62
68 94 248
34 68 94
36 174 237
26 199 204
97 118 243
13 200 214
26 165 216
26 165 204
73 87 197
43 87 197
96 103 169
43 119 169
9 54 131
20 161 215
152 161 215
9 20 215
75 137 240
151 152 217
131 137 247
23 100 124
100 124 247
3 124 247
174 235 237
38 183 210
34 38 164
38 164 183
30 170 211
22 77 240
66 148 245
137 151 152
30 180 231
148 162 180
148 180 206
180 206 231
89 177 225
80 122 225
55 177 225
29 80 102
60 152 217
2 60 217
18 151 217
2 135 168
60 152 161
2 60 135
18 217 224
66 89 122
89 122 225
80 122 181
17 29 78
78 122 181
17 78 181
12 78 126
78 126 249
49 208 212
48 49 115
126 140 201
48 49 201
12 48 201
48 112 239
12 126 201
102 220 224
20 119 242
16 114 168
112 168 239
129 133 242
123 130 179
6 63 219
7 129 133
7 84 129
84 114 129
84 114 190
143 166 238
84 190 219
7 84 128
7 71 85
7 85 133
85 166 238
4 42 70
178 205 241
6 63 136
6 27 208
57 218 249
33 140 212
33 57 212
33 57 218
57 79 122
28 234 241
205 223 241
39 223 234
51 214 246
6 208 219
49 201 212
140 201 212
199 204 232
11 199 232
61 196 213
101 195 228
69 195 228
147 189 243
118 189 243
189 202 244
185 203 238
45 180 211
30 180 211
178 205 223
10 178 223
55 177 245
142 176 230
14 174 230
14 174 176
172 186 194
170 183 209
25 167 198
156 184 187
154 190 219
115 154 219
67 153 167
25 153 167
55 150 245
148 193 206
148 193 245
143 146 227
53 141 206
138 143 166
24 138 143
75 137 150
4 134 184
130 133 238
85 133 238
9 131 215
130 133 242
158 163 188
83 127 172
24 143 146
126 218 249
83 125 189
118 125 189
23 124 235
40 196 213
123 179 242
119 123 242
131 137 215
0 116 228
82 116 200
116 132 200
112 168 190
112 154 190
64 111 172
111 172 186
13 109 246
31 172 194
107 110 171
58 106 244
105 113 132
99 105 132
18 102 225
124 235 237
101 188 195
100 174 235
100 137 247
88 100 137
39 57 234
38 81 236
26 147 199
38 230 236
46 226 246
19 31 95
10 56 136
5 32 46
24 138 184
36 47 237
35 70 173
35 173 213
44 110 171
34 170 211
75 150 245
34 68 74
13 109 200
107 110 167
33 126 218
41 121 233
19 111 194
32 46 117
35 178 213
117 188 195
29 102 220
29 80 181
36 62 232
47 155 165
54 124 145
26 72 189
22 88 210
26 50 73
82 116 127
14 176 230
38 142 230
24 134 184
76 146 227
82 97 200
92 182 192
37 61 196
22 90 209
22 183 209
5 34 94
135 161 168
80 102 225
22 88 137
22 137 240
82 83 125
21 107 171
108 146 203
21 67 107
57 79 241
63 84 219
8 116 228
47 124 237
111 189 202
74 93 180
37 108 203
123 130 238
10 136 223
29 149 220
1 41 197
36 81 236
31 92 120
34 45 211
12 220 239
16 59 242
4 156 187
5 46 226
5 34 81
44 95 191
21 171 229
47 145 169
5 226 246
26 73 216
12 29 78
38 176 210
11 51 62
50 58 72
167 182 198
21 41 229
92 95 191
8 160 228
137 152 215
22 183 210
104 106 244
90 209 231
10 56 156
141 193 206
34 164 170
137 150 151
73 87 103
75 77 240
16 20 242
15 127 172
6 27 136
62 221 246
114 168 190
147 199 243
38 142 176
41 104 202
19 44 95
36 174 236
168 220 239
117 163 188
1 233 238
4 42 156
185 233 238
41 50 58
11 62 232
41 98 229
41 121 153
24 146 157
20 145 169
37 108 173
26 147 189
24 134 157
9 20 54
53 90 231
2 217 224
35 70 156
17 29 181
36 47 155
93 162 180
1 123 238
12 29 149
12 149 220
2 220 224
44 110 191
5 62 246
5 32 94
52 200 222
20 54 145
101 158 188
36 155 232
174 230 236
43 87 169
97 200 222
69 105 117
3 54 124
100 174 176
27 39 57
4 70 134
39 136 223
57 78 249
40 182 192
92 110 139
40 182 198
44 98 171
41 50 197
41 67 153
21 41 67
18 102 224
41 104 106
41 98 202
5 36 81
70 134 173
2 168 220
43 119 123
43 65 123
68 74 248
98 171 229
37 86 203
19 44 111
57 208 212
44 111 202
4 184 187
28 57 241
27 39 136
16 161 168
18 151 225
46 99 246
57 78 122
138 156 184
13 214 246
47 124 145
47 103 169
82 97 118
48 115 154
89 177 245
33 126 140
109 132 200
73 165 216
49 208 219
223 234 241
46 99 105
49 115 219
52 97 243
52 97 222
52 200 214
19 31 194
61 173 213
110 139 167
54 131 247
55 150 151
56 138 156
56 71 138
27 57 208
58 72 244
42 70 156
99 109 246
37 61 173
64 111 175
69 117 195
69 113 228
7 71 128
56 71 128
63 84 128
73 103 165
75 193 245
164 170 183
34 45 74
55 151 225
77 141 193
32 117 207
75 77 193
139 167 182
82 83 127
37 159 196
92 110 191
3 54 247
82 118 125
92 120 158
86 91 185
86 185 203
87 96 169
88 100 176
88 176 210
66 89 245
48 112 154
130 179 242
46 105 117
92 144 182
47 103 165
