41 153 229
11 51 214
50 73 197
50 58 197
11 199 214
66 79 122
56 63 128
43 65 197
6 115 208
1 203 238
115 154 190
107 171 191
25 86 198
92 139 144
15 83 172
1 130 238
155 204 232
155 165 204
64 175 186
99 109 132
99 226 246
163 188 195
0 116 132
46 117 207
101 158 163
11 199 204
52 199 214
75 150 151
77 90 141
53 206 231
66 148 162
112 114 168
12 48 239
36 62 237
16 20 161
39 205 223
10 35 178
40 92 213
139 144 182
92 144 192
107 110 191
107 167 182
25 91 153
25 86 91
61 159 196
37 86 159
108 146 157
108 134 157
4 134 173
42 156 187
76 203 227
76 146 203
91 108 185
91 121 153
91 121 185
104 202 244
1 58 197
41 153 233
121 185 233
121 153 233
1 65 197
130 133 179
43 65 119
87 96 103
50 58 244
72 189 244
19 44 191
21 44 171
21 67 171
25 67 167
92 95 139
44 171 191
19 95 191
19 95 194
111 202 244
31 92 95
31 95 194
15 120 172
31 186 194
111 175 186
64 172 186
64 175 189
83 118 125
97 118 125
120 158 160
8 116 127
101 158 160
0 113 228
101 163 188
117 163 207
69 188 195
105 117 195
117 163 195
69 105 195
69 105 113
0 113 132
51 221 246
51 62 221
46 99 226
5 36 62
32 46 207
32 46 226
68 94 248
34 68 94
14 36 236
5 32 226
14 36 174
3 54 145
36 174 237
47 103 155
200 214 222
13 200 214
11 204 232
26 165 216
118 147 243
73 87 197
43 87 197
103 155 165
54 145 169
9 54 131
20 161 215
152 161 215
9 20 215
75 137 240
131 137 247
3 54 131
23 100 124
14 230 236
174 235 237
81 142 230
14 142 230
81 230 236
38 183 210
38 142 210
34 38 164
38 164 183
30 170 211
164 170 209
90 183 210
77 141 240
55 75 150
148 206 245
66 148 245
30 45 211
45 211 248
148 162 180
193 206 245
148 180 206
89 177 225
80 122 225
60 152 217
18 150 151
2 60 217
2 135 168
2 60 135
18 217 224
66 89 122
89 122 225
80 122 181
17 29 78
78 122 181
17 78 181
78 126 249
49 208 212
48 49 201
6 136 223
12 48 201
48 112 239
12 126 201
102 220 224
29 102 149
2 168 239
102 149 220
20 119 242
2 220 239
112 168 239
71 138 156
119 123 179
119 179 242
6 63 219
7 129 133
7 84 129
84 114 129
84 128 219
84 114 190
115 190 219
6 115 219
112 114 154
114 154 190
56 71 156
63 128 219
84 190 219
7 84 128
85 166 238
4 42 187
4 42 70
178 205 241
6 63 136
136 205 223
205 234 241
49 115 208
6 27 208
33 140 218
57 218 249
49 140 212
33 140 212
33 57 212
33 57 218
57 79 122
28 234 241
18 224 225
51 214 246
137 240 247
52 214 243
61 196 213
111 186 202
55 177 245
111 175 244
174 176 235
14 174 176
83 172 189
25 167 198
67 167 171
166 203 238
166 203 227
61 159 213
156 184 187
193 206 240
55 150 177
144 182 198
53 141 209
90 141 209
95 139 191
138 143 166
24 138 143
9 137 215
10 136 178
136 178 205
135 152 161
4 134 184
134 157 184
108 134 159
134 159 173
64 172 189
129 133 179
126 140 218
24 143 146
126 218 249
12 126 149
125 200 222
82 125 200
23 124 235
3 124 131
86 159 198
97 125 222
31 120 186
120 172 186
118 222 243
59 114 242
114 129 242
110 139 191
107 110 182
13 109 246
108 185 203
58 106 244
41 106 233
88 240 247
58 106 233
80 102 181
47 124 235
22 77 210
28 212 234
77 88 240
159 196 198
37 91 108
37 86 91
24 138 184
34 170 211
34 38 142
40 92 198
13 109 200
7 130 133
35 178 213
29 78 126
5 36 94
3 47 145
8 83 127
10 35 136
1 185 233
47 235 237
26 72 189
102 224 225
22 88 210
28 57 212
26 50 73
83 147 189
82 116 127
71 85 128
18 152 217
40 198 213
124 131 247
20 43 169
144 192 198
44 186 194
29 102 181
135 161 168
45 207 248
80 102 225
48 49 154
82 83 125
108 146 203
57 79 241
29 126 149
74 93 180
7 85 238
47 96 103
24 157 184
26 52 199
88 100 124
18 177 225
27 208 234
36 81 236
196 198 213
31 92 120
4 173 213
12 220 239
16 59 242
15 120 160
14 176 210
44 98 104
47 145 169
5 226 246
77 90 210
26 73 216
7 130 238
14 142 210
83 118 147
11 51 62
167 182 198
8 160 228
110 139 182
37 108 159
137 152 215
104 106 244
5 62 221
49 115 154
34 164 170
1 65 119
47 96 169
0 8 116
47 62 232
1 119 123
82 109 200
73 87 103
208 212 234
16 20 242
34 36 81
27 39 223
20 43 119
21 25 67
25 153 229
159 173 213
1 130 179
1 185 203
30 45 74
30 206 231
23 176 235
76 143 227
11 62 232
41 98 229
129 179 242
24 146 157
3 47 124
26 147 189
9 20 54
9 131 137
21 25 229
34 81 142
2 217 224
8 15 83
214 222 243
18 151 152
17 29 181
107 167 171
26 50 244
93 162 180
12 149 220
175 189 244
90 164 209
23 100 176
18 150 177
46 113 132
27 205 234
2 220 224
8 15 160
5 32 94
30 74 180
35 70 213
26 72 244
4 70 213
43 87 169
34 36 94
27 39 205
32 94 207
57 78 249
20 54 169
1 123 179
6 27 223
165 199 204
5 221 246
41 98 104
41 104 106
44 104 202
4 184 187
44 186 202
44 98 229
28 57 241
45 74 207
16 161 168
53 206 240
46 99 132
57 78 122
138 156 184
70 136 156
47 62 237
13 214 246
75 193 240
75 151 152
26 165 199
69 101 160
47 155 232
60 135 152
89 177 245
75 137 152
73 165 216
49 126 201
49 126 140
143 166 227
55 75 245
94 207 248
26 52 147
21 44 229
52 147 243
82 109 132
53 170 209
53 170 231
34 68 211
82 116 132
42 70 156
30 180 206
16 59 168
99 109 246
35 70 136
59 114 168
97 118 222
30 170 231
53 141 240
63 136 156
56 63 156
68 211 248
69 101 188
69 160 228
69 113 228
56 71 128
19 44 194
71 138 166
71 85 166
73 103 165
75 193 245
22 77 88
82 83 127
7 85 128
0 8 228
92 120 158
87 96 169
88 124 247
1 58 233
88 100 176
88 176 210
46 105 113
66 89 245
76 143 146
90 164 183
48 112 154
46 105 117
92 192 198
