0 1 2
0 1 40
1 2 15
1 15 40
2 3 8
2 3 16
2 15 16
3 4 5
3 4 16
3 5 8
4 5 6
4 6 16
5 6 14
5 7 13
5 7 14
5 8 9
5 9 13
6 14 16
7 13 14
9 10 12
9 12 13
10 11 14
10 12 14
12 13 14
14 15 16
14 15 24
15 17 23
15 17 24
15 18 20
15 18 37
15 20 23
15 37 38
15 38 40
17 23 24
18 19 20
18 19 21
18 21 36
18 36 37
19 20 21
20 21 27
20 22 23
20 22 27
21 27 36
22 23 27
23 24 25
23 25 29
23 26 28
23 26 29
23 27 28
24 25 29
26 28 29
27 28 35
27 35 36
28 29 35
29 30 35
30 31 36
30 31 39
30 32 33
30 33 39
30 34 35
30 34 36
31 36 39
32 33 39
34 35 36
36 37 38
36 38 39
38 39 40
