0 1 3
0 1 40
0 2 3
1 3 5
1 4 5
1 4 8
1 8 40
2 3 5
2 5 8
4 5 8
6 8 9
6 8 40
6 9 40
7 9 21
7 9 40
7 21 40
9 10 11
9 11 12
9 12 13
9 13 15
9 15 22
9 16 20
9 16 22
9 18 19
9 18 21
9 19 20
11 12 14
12 13 14
13 14 15
14 15 17
14 17 22
14 22 23
14 23 24
15 17 22
16 20 22
18 19 21
19 20 21
20 21 22
21 22 24
21 24 40
22 23 24
24 25 35
24 25 36
24 26 28
24 26 35
24 28 29
24 36 40
25 35 36
26 27 28
26 27 35
27 28 35
28 29 35
29 30 31
29 31 34
29 34 35
30 31 33
30 32 33
31 33 36
31 34 36
32 33 36
32 36 38
32 38 39
34 35 36
36 37 38
36 37 40
37 38 40
38 39 40
