0 2 40
1 2 3
1 2 40
1 3 5
1 4 5
1 4 8
1 6 7
1 6 10
1 7 11
1 8 9
1 9 10
1 11 37
1 37 38
1 38 40
2 3 8
3 5 8
4 5 8
6 7 10
7 10 11
11 12 14
11 12 36
11 36 37
12 13 14
12 13 15
12 15 17
12 16 18
12 16 36
12 17 18
13 14 15
14 15 17
14 17 22
14 22 23
14 23 24
16 18 36
17 18 36
17 19 20
17 19 36
17 20 22
19 20 21
19 21 36
20 21 22
21 22 36
22 23 36
23 24 25
23 25 36
24 25 35
24 26 29
24 26 35
25 35 36
26 27 28
26 27 35
26 28 29
27 28 29
27 29 35
29 30 35
30 31 36
30 31 37
30 32 33
30 33 39
30 34 35
30 34 36
30 37 38
30 38 39
31 36 37
32 33 39
34 35 36
38 39 40
