0 1 2
0 1 6
0 6 40
1 2 3
1 3 4
1 4 6
2 3 8
3 4 5
3 5 8
4 5 8
4 6 8
6 7 8
6 7 40
7 8 10
7 10 18
7 18 19
7 19 20
7 20 22
7 21 22
7 21 27
7 27 40
8 9 10
10 11 14
10 12 13
10 12 14
10 13 23
10 16 18
10 16 20
10 20 23
12 13 14
13 14 24
13 15 17
13 15 23
13 17 24
15 17 23
16 18 20
17 23 24
18 19 20
20 22 23
21 22 27
22 23 27
23 24 25
23 25 29
23 26 28
23 26 29
23 27 28
24 25 29
26 28 29
27 28 35
27 35 40
28 29 31
28 31 35
29 30 32
29 31 32
31 32 33
31 33 34
31 34 35
32 33 39
33 34 37
33 37 39
34 35 36
34 36 40
34 37 40
35 36 40
37 38 39
37 38 40
38 39 40
