0 2 40
1 2 3
1 2 40
1 3 40
2 3 9
2 8 9
3 4 5
3 4 40
3 5 9
4 5 28
4 28 29
4 29 35
4 35 40
5 6 9
5 6 19
5 19 20
5 20 21
5 21 26
5 26 27
5 27 28
6 7 11
6 7 19
6 9 11
7 11 16
7 16 18
7 18 19
9 10 11
11 12 14
11 12 18
11 16 18
12 13 14
12 13 18
13 14 24
13 15 17
13 15 23
13 17 24
13 18 23
15 17 23
17 23 24
18 19 23
19 20 22
19 22 23
20 21 22
21 22 24
21 24 25
21 25 26
22 23 24
24 25 29
25 26 29
26 27 28
26 28 29
29 30 31
29 31 39
29 34 37
29 34 38
29 35 37
29 38 39
30 31 39
30 32 33
30 33 39
32 33 39
34 37 38
35 36 37
35 36 40
36 37 40
37 38 40
38 39 40
