0 2 40
1 2 3
1 2 40
1 3 39
1 38 39
1 38 40
2 3 8
3 4 5
3 4 39
3 5 8
4 5 8
4 6 10
4 6 39
4 8 10
6 7 10
6 7 39
7 10 39
8 9 10
10 11 12
10 12 13
10 13 16
10 16 37
10 37 39
11 12 14
12 13 14
13 14 16
14 15 17
14 15 18
14 16 37
14 17 22
14 18 37
14 22 23
14 23 24
15 17 36
15 18 36
17 19 22
17 19 36
18 36 37
19 20 21
19 20 22
19 21 36
20 21 22
21 22 36
22 23 36
23 24 25
23 25 36
24 25 35
24 26 29
24 26 35
25 35 36
26 27 28
26 27 35
26 28 29
27 28 35
28 29 35
29 30 31
29 31 39
29 34 37
29 34 39
29 35 37
30 31 39
30 32 33
30 33 39
32 33 39
34 37 39
35 36 37
38 39 40
