0 2 40
1 2 3
1 2 40
1 3 40
2 3 5
2 5 8
3 4 5
3 4 36
3 36 40
4 5 26
4 26 35
4 35 36
5 6 7
5 6 18
5 7 13
5 8 13
5 18 19
5 19 21
5 21 22
5 22 26
6 7 18
7 13 15
7 15 16
7 16 17
7 17 18
8 9 10
8 10 13
10 11 14
10 12 13
10 12 14
12 13 14
13 14 15
14 15 17
14 17 23
14 23 24
15 16 17
17 18 19
17 19 21
17 20 21
17 20 22
17 22 23
20 21 22
22 23 24
22 24 25
22 25 26
24 25 26
24 26 30
24 29 30
26 27 32
26 27 35
26 28 30
26 28 31
26 31 33
26 32 33
27 32 34
27 34 35
28 30 31
30 31 33
30 32 33
32 34 37
32 37 39
34 35 36
34 36 40
34 37 40
37 38 39
37 38 40
38 39 40
