0 1 2
0 1 27
0 27 35
0 34 35
0 34 36
0 36 37
0 37 38
0 38 39
0 39 40
1 2 3
1 3 18
1 18 19
1 19 21
1 21 27
2 3 6
2 5 6
2 5 8
3 4 14
3 4 16
3 6 14
3 16 17
3 17 18
4 14 16
5 6 14
5 7 8
5 7 14
7 8 14
8 9 10
8 10 11
8 11 12
8 12 13
8 13 14
11 12 14
12 13 14
14 15 16
14 15 17
14 17 22
14 22 23
14 23 24
15 16 17
17 18 19
17 19 20
17 20 22
19 20 26
19 21 26
20 22 26
21 26 29
21 27 28
21 28 29
22 23 25
22 25 26
23 24 25
24 25 29
25 26 29
27 28 29
27 29 35
29 30 31
29 31 39
29 34 35
29 34 38
29 38 39
30 31 39
30 32 33
30 33 39
32 33 39
34 36 37
34 37 38
