0 1 2
0 1 40
1 2 4
1 4 8
1 8 40
2 3 4
2 3 5
2 5 8
3 4 5
4 5 8
6 7 8
6 7 36
6 8 40
6 36 37
6 37 40
7 8 13
7 13 14
7 14 15
7 15 16
7 16 17
7 17 18
7 18 28
7 27 28
7 27 36
8 9 12
8 12 13
9 10 12
10 11 14
10 12 14
12 13 14
14 15 24
15 16 17
15 17 24
17 18 23
17 23 24
18 19 21
18 19 23
18 21 28
19 20 23
19 20 26
19 21 26
20 22 23
20 22 25
20 25 26
21 26 28
22 23 25
23 24 25
24 25 26
24 26 28
24 28 30
24 29 30
27 28 39
27 35 36
27 35 38
27 38 39
28 30 31
28 31 32
28 32 33
28 33 34
28 34 39
30 31 32
32 33 39
33 34 39
35 36 38
36 37 38
37 38 40
38 39 40
