0 2 40
1 2 4
1 2 40
1 4 8
1 6 7
1 6 8
1 7 40
2 3 4
2 3 8
3 4 5
3 5 8
4 5 8
6 7 8
7 8 35
7 35 36
7 36 37
7 37 40
8 9 35
9 10 11
9 11 12
9 12 17
9 16 18
9 16 23
9 17 24
9 18 26
9 23 24
9 26 35
11 12 14
12 13 14
12 13 15
12 15 17
13 14 17
13 15 17
14 17 24
16 18 23
18 19 20
18 19 21
18 20 23
18 21 26
19 20 21
20 21 23
21 22 23
21 22 26
22 23 24
22 24 25
22 25 26
24 25 26
24 26 29
26 27 28
26 27 35
26 28 29
27 28 35
28 29 35
29 30 32
29 31 32
29 31 33
29 33 39
29 34 37
29 34 38
29 35 37
29 38 39
31 32 33
32 33 39
34 37 38
35 36 37
37 38 40
38 39 40
