0 1 2
0 1 7
0 7 35
0 35 40
1 2 3
1 3 4
1 4 8
1 6 7
1 6 10
1 8 10
2 3 8
3 4 5
3 5 8
4 5 8
6 7 10
7 10 18
7 18 19
7 19 21
7 21 35
8 9 10
10 11 12
10 12 13
10 13 16
10 16 18
11 12 14
12 13 14
13 14 24
13 15 16
13 15 17
13 17 24
15 16 20
15 17 20
16 18 20
17 20 25
17 22 23
17 22 25
17 23 24
18 19 20
19 20 21
20 21 35
20 25 35
22 23 25
23 24 25
24 25 27
24 27 28
24 28 31
24 29 31
25 26 27
25 26 35
26 27 39
26 35 39
27 28 39
28 31 34
28 34 39
29 30 32
29 31 32
31 32 33
31 33 34
32 33 34
32 34 39
35 36 37
35 36 40
35 37 38
35 38 39
36 37 40
37 38 40
38 39 40
