0 2 40
1 2 36
1 2 40
1 36 37
1 37 38
1 38 40
2 3 9
2 3 36
2 8 9
3 4 5
3 4 36
3 5 9
4 5 9
4 6 7
4 6 19
4 7 9
4 19 36
6 7 19
7 9 10
7 10 16
7 16 18
7 18 19
10 11 14
10 12 14
10 12 15
10 15 17
10 16 25
10 17 25
12 13 14
12 13 15
13 14 24
13 15 17
13 17 24
16 18 19
16 19 20
16 20 25
17 22 23
17 22 25
17 23 24
19 20 21
19 21 36
20 21 36
20 25 36
22 23 25
23 24 25
24 25 29
25 26 29
25 26 36
26 27 28
26 27 35
26 28 29
26 35 36
27 28 35
28 29 35
29 30 32
29 31 32
29 31 33
29 33 39
29 34 37
29 34 38
29 35 37
29 38 39
31 32 33
32 33 39
34 37 38
35 36 37
38 39 40
