0 1 2
0 1 6
0 6 7
0 7 40
1 2 3
1 3 4
1 4 6
2 3 5
2 5 10
2 8 10
3 4 7
3 5 10
3 7 11
3 10 11
4 6 7
7 11 12
7 12 16
7 16 18
7 18 21
7 21 38
7 38 40
8 9 10
11 12 14
12 13 14
12 13 15
12 15 17
12 16 19
12 17 21
12 19 21
13 14 15
14 15 17
14 17 24
16 18 21
16 19 21
17 20 21
17 20 23
17 23 24
20 21 23
21 22 23
21 22 37
21 37 38
22 23 25
22 25 36
22 36 37
23 24 25
24 25 29
25 26 27
25 26 35
25 27 28
25 28 29
25 35 39
25 36 37
25 37 38
25 38 39
26 27 39
26 35 39
27 28 39
28 29 30
28 30 31
28 31 33
28 33 34
28 34 39
30 31 33
30 32 33
32 33 39
33 34 39
38 39 40
