0 1 2
0 1 6
0 6 21
0 21 35
0 34 35
0 34 36
0 36 37
0 37 38
0 38 39
0 39 40
1 2 3
1 3 5
1 4 5
1 4 8
1 6 8
2 3 8
3 5 8
4 5 8
6 7 8
6 7 21
7 8 21
8 9 21
9 10 11
9 11 15
9 15 17
9 16 17
9 16 20
9 18 20
9 18 21
11 12 14
11 12 15
12 13 14
12 13 15
13 14 15
14 15 17
14 17 22
14 22 23
14 23 24
16 17 25
16 20 25
17 22 25
18 19 20
18 19 21
19 20 21
20 21 25
21 25 26
21 26 27
21 27 34
21 34 35
22 23 25
23 24 25
24 25 29
25 26 27
25 27 34
25 28 29
25 28 34
28 29 34
29 30 32
29 31 32
29 31 33
29 33 38
29 34 38
31 32 33
32 33 38
32 38 39
34 36 38
36 37 38
