0 1 8
0 1 9
0 2 3
0 3 5
0 4 5
0 4 8
0 6 7
0 6 10
0 7 37
0 9 10
0 37 38
0 38 39
0 39 40
1 8 9
2 3 8
3 5 8
4 5 8
6 7 10
7 10 37
10 11 17
10 16 19
10 16 20
10 17 25
10 18 19
10 18 37
10 20 25
11 12 14
11 12 17
12 13 14
12 13 15
12 15 17
13 14 17
13 15 17
14 17 24
16 19 20
17 22 23
17 22 25
17 23 24
18 19 21
18 21 37
19 20 21
20 21 39
20 25 35
20 35 39
21 36 37
21 36 39
22 23 24
22 24 25
24 25 33
24 28 31
24 28 33
24 29 31
25 26 27
25 26 35
25 27 33
26 27 35
27 33 34
27 34 35
28 31 33
29 30 32
29 31 32
31 32 33
32 33 39
33 34 39
34 35 39
36 37 39
37 38 39
