96 287 316
62 82 225
146 329 335
197 268 345
109 167 334
2 106 223
69 184 319
44 96 316
67 142 193
21 33 147
77 97 131
16 48 244
128 133 250
88 104 213
203 243 244
16 202 244
116 170 271
8 161 169
161 212 323
8 35 161
70 88 242
24 122 220
41 92 99
88 104 200
22 54 137
59 263 315
130 150 235
8 123 206
28 49 284
28 35 284
60 146 335
218 291 296
102 216 251
35 160 284
175 205 276
191 291 296
111 246 337
85 107 261
30 126 279
33 153 199
111 179 337
75 290 310
18 30 152
34 96 304
44 46 166
115 156 241
46 214 297
44 214 316
108 223 299
2 210 223
25 77 131
69 184 210
164 318 339
99 249 316
110 300 348
184 319 348
110 319 348
25 77 93
27 182 298
162 290 310
45 58 158
128 201 250
41 92 239
58 167 190
39 272 289
237 248 309
14 163 268
6 197 345
163 212 345
163 268 345
8 169 345
22 121 122
161 169 212
169 212 345
123 206 335
60 206 335
29 49 55
114 192 219
60 146 219
88 94 192
60 114 219
88 192 242
54 94 137
79 94 137
19 79 137
88 94 200
57 104 200
19 24 220
19 137 220
76 91 332
24 122 149
22 137 220
121 122 338
22 122 220
29 209 338
55 121 329
72 207 342
119 165 317
179 280 337
111 233 246
149 165 315
59 139 315
209 232 233
42 111 179
218 291 340
42 179 327
116 271 296
189 255 340
26 189 340
218 271 296
47 113 211
35 160 161
47 160 284
113 160 161
47 113 160
102 211 344
102 303 344
37 186 311
37 251 303
102 251 303
102 211 323
102 175 216
26 311 330
26 327 349
26 191 311
75 195 228
179 280 327
26 341 349
341 347 349
36 238 286
82 225 286
62 276 346
102 175 261
175 261 346
175 276 346
227 286 343
82 124 286
124 227 286
31 105 312
31 105 293
129 208 293
30 53 279
155 238 274
129 208 265
53 208 257
53 208 265
53 279 324
155 274 279
63 126 259
30 126 152
68 273 302
144 273 302
145 152 154
127 144 145
3 152 154
152 153 199
75 195 326
231 254 325
75 313 326
32 199 277
155 238 292
63 195 259
63 126 155
126 155 279
64 228 267
120 292 347
64 263 337
75 228 267
64 120 337
75 267 310
263 267 333
64 263 267
75 290 313
59 138 139
74 138 139
23 83 183
74 138 157
16 180 202
13 133 203
97 203 244
13 97 203
143 183 322
132 243 250
16 48 77
16 180 231
48 97 244
48 77 97
231 269 325
32 254 320
278 285 308
21 51 230
230 269 325
15 67 285
15 285 307
15 34 304
34 96 112
278 285 307
67 285 308
142 193 308
67 142 308
210 223 241
106 223 299
108 223 241
108 115 241
7 270 308
156 252 295
46 297 336
171 214 316
115 156 336
4 198 299
44 46 214
171 214 297
115 204 336
4 108 115
171 249 316
2 38 106
40 66 106
4 108 299
66 300 348
38 66 348
38 66 106
69 217 319
128 133 221
128 201 221
1 181 289
201 234 272
110 164 319
52 99 249
39 188 289
87 247 318
181 234 272
181 272 289
1 188 289
98 168 237
167 190 236
215 245 266
5 9 43
98 190 236
98 236 245
43 84 201
43 80 201
80 143 322
23 83 314
23 143 183
23 174 314
148 183 196
83 103 314
151 235 317
45 281 331
50 130 148
9 50 109
9 50 322
5 43 84
58 134 190
20 45 332
58 117 158
117 158 321
58 167 334
20 109 334
20 109 332
91 130 332
76 178 301
61 253 306
61 253 256
71 95 159
58 117 134
240 282 305
41 71 159
177 224 239
177 187 229
224 226 239
56 224 226
92 177 239
41 159 239
95 159 240
95 176 240
120 337 347
280 327 347
327 347 349
10 324 343
15 34 112
86 127 222
56 177 248
82 261 346
82 107 261
87 110 247
65 73 107
80 132 201
79 104 213
79 91 213
118 229 272
209 233 315
78 135 305
12 162 290
117 176 240
15 67 304
68 86 287
73 124 258
62 82 346
17 162 333
72 170 264
68 86 144
68 129 140
68 140 273
8 28 123
10 286 343
89 147 153
26 36 341
65 258 312
91 150 260
65 85 107
65 73 258
0 13 97
0 97 131
63 195 292
71 95 306
37 191 296
54 146 219
1 92 188
54 94 219
54 146 329
53 257 343
52 87 300
11 67 252
52 249 299
53 324 343
52 87 99
129 140 265
50 130 332
122 149 338
49 329 335
28 49 123
19 24 119
47 211 344
47 264 284
221 319 339
47 170 264
81 205 225
47 116 170
47 116 344
20 45 334
9 43 80
45 76 331
36 238 292
37 116 296
72 170 342
8 28 35
42 189 255
21 199 277
42 172 255
42 111 172
177 248 309
12 17 27
201 215 272
70 163 242
42 189 327
68 287 312
63 155 292
10 238 274
39 92 188
95 253 306
80 132 143
82 107 124
50 148 322
15 147 307
57 79 104
201 234 339
29 72 207
21 33 199
162 310 333
14 60 197
68 129 293
105 257 293
14 197 268
17 27 298
8 206 345
14 60 114
91 100 301
138 157 333
31 68 293
12 17 162
11 67 262
244 294 298
23 74 174
25 69 210
10 274 279
89 90 173
10 238 286
138 263 333
12 27 290
56 177 224
73 107 124
24 119 165
39 177 229
29 72 264
29 49 284
9 80 322
36 341 347
98 245 309
1 87 318
93 275 328
262 283 304
14 163 242
198 204 249
38 184 348
23 143 294
170 255 271
67 262 304
246 263 315
2 38 184
5 215 245
40 52 300
57 79 94
25 69 217
86 96 287
0 221 319
84 201 215
203 243 250
7 147 308
149 209 315
76 178 331
25 93 210
113 161 211
15 112 185
171 204 249
1 181 234
21 277 325
16 77 231
64 228 292
36 225 288
0 217 319
40 106 299
0 13 221
87 110 300
32 254 325
6 197 206
1 234 339
33 147 153
132 143 294
57 94 200
7 93 270
141 195 326
205 225 276
29 121 338
5 109 167
50 109 332
98 237 309
165 174 315
37 186 216
194 258 312
1 92 99
26 36 288
233 246 315
45 58 334
21 230 325
7 93 275
19 91 260
5 167 236
21 51 147
18 140 152
29 172 232
180 182 254
103 165 314
210 270 295
77 269 328
27 290 313
39 92 177
67 193 252
18 30 53
56 168 237
27 313 320
140 144 273
18 53 265
76 91 301
7 51 147
5 236 245
19 79 91
64 120 292
116 303 344
40 52 299
7 230 275
201 221 339
36 225 286
22 121 329
152 199 259
68 144 302
5 84 215
11 166 283
1 318 339
11 262 283
0 131 217
78 117 282
89 90 147
14 114 192
45 76 332
44 96 283
29 55 121
11 46 166
2 184 210
124 194 227
32 277 325
26 288 330
78 135 226
13 133 221
91 130 150
1 87 99
29 209 232
26 189 327
45 158 321
140 145 152
22 54 329
32 141 259
32 199 259
6 206 345
49 55 329
14 192 242
112 125 222
126 152 259
37 191 311
78 117 134
32 141 313
161 211 323
90 101 125
31 68 312
89 152 153
3 89 152
256 281 301
29 264 284
3 89 173
105 257 343
269 275 328
91 100 306
91 213 306
32 313 320
37 116 303
177 187 309
15 147 185
77 93 328
125 127 222
90 125 173
94 192 219
95 176 253
139 174 315
270 295 308
3 154 173
253 281 321
101 112 147
171 297 336
178 301 331
103 165 317
83 103 183
103 183 196
105 227 343
11 252 336
193 252 308
81 225 288
207 255 342
90 101 147
78 136 226
110 247 318
110 164 318
101 112 125
112 147 185
96 112 222
103 196 317
10 279 324
96 283 304
93 210 270
4 115 198
117 240 282
117 176 253
117 253 321
56 168 226
118 215 266
118 215 272
11 46 336
119 150 317
119 150 260
130 151 196
159 239 240
19 119 260
145 154 173
141 195 259
125 127 173
187 229 266
130 151 235
130 148 196
25 131 217
175 205 330
132 201 250
187 245 266
132 244 294
132 243 244
60 197 206
134 168 226
134 136 226
77 231 269
135 240 305
59 138 263
74 139 174
140 144 145
17 157 333
18 140 265
141 313 326
86 96 222
78 134 136
127 145 173
171 204 336
218 271 340
27 182 320
147 278 307
147 278 308
148 183 322
149 209 338
7 51 230
267 310 333
150 235 317
36 292 347
74 157 294
17 157 298
157 294 298
24 149 165
175 186 311
246 263 337
37 216 251
165 174 314
44 166 283
134 168 190
98 168 190
23 74 294
170 255 342
280 337 347
255 271 340
40 66 300
111 172 233
172 232 233
151 196 317
175 186 216
175 311 330
124 194 258
180 231 254
180 202 298
180 182 298
182 254 320
164 319 339
5 9 109
187 245 309
26 191 340
191 291 340
195 228 292
115 198 204
133 203 250
172 207 255
78 282 305
62 225 276
226 239 240
135 226 240
194 227 312
105 227 312
118 229 266
39 229 272
81 205 330
208 257 293
210 241 295
156 241 295
202 244 298
198 249 299
252 295 308
56 237 248
49 123 335
156 252 336
86 127 144
253 256 281
61 256 301
230 269 275
29 172 207
281 301 331
81 288 330
61 301 306
100 301 306
45 281 321
