36 286 288
96 287 316
26 291 340
62 82 225
197 268 345
207 209 232
2 106 223
93 156 295
11 156 252
44 96 316
67 142 193
38 210 348
21 33 147
77 97 131
16 48 244
184 210 348
88 104 213
203 243 244
8 161 169
161 212 323
8 35 161
70 88 242
24 122 220
28 49 55
132 243 294
88 104 200
22 54 137
79 94 200
59 263 315
33 199 277
130 150 235
59 138 333
8 123 206
28 49 284
26 191 291
28 35 284
35 160 284
12 17 290
280 327 349
81 205 288
85 107 261
62 205 225
3 127 173
18 129 265
33 153 199
120 228 292
155 228 292
127 145 154
16 231 269
18 30 152
15 34 185
34 96 304
11 156 336
115 156 241
204 297 336
44 214 316
93 270 295
77 275 328
2 210 223
25 77 131
69 184 210
99 249 316
25 77 93
12 17 298
45 58 158
128 201 250
117 281 321
41 92 239
135 136 305
58 167 190
1 181 318
8 169 345
6 60 206
161 169 212
169 212 345
123 206 335
60 206 335
29 72 209
60 146 219
88 94 192
60 114 219
88 192 242
54 94 137
79 94 137
57 79 200
88 94 200
57 104 200
19 24 220
19 137 220
76 91 332
22 137 220
121 122 338
29 209 338
72 207 209
55 121 338
172 207 232
119 149 165
23 132 294
119 165 317
172 207 342
59 263 333
17 138 157
111 233 246
149 165 315
209 232 233
42 111 179
218 291 340
42 111 189
111 172 189
172 189 255
172 255 342
255 271 342
35 160 161
113 161 323
113 160 161
37 186 311
102 251 303
26 327 349
75 195 228
179 280 327
26 330 341
26 341 349
36 288 341
82 225 286
62 276 346
175 261 346
62 205 276
175 276 346
129 140 273
124 227 258
194 227 258
105 194 227
227 257 343
31 105 293
129 208 293
30 53 279
105 208 293
129 208 265
53 208 257
274 279 324
10 274 324
53 208 265
53 279 324
18 129 140
30 53 265
155 274 279
63 126 259
30 126 152
18 30 265
68 273 302
145 152 154
68 287 302
86 287 302
127 144 145
3 127 154
33 89 153
3 89 153
126 199 259
231 254 325
63 195 259
63 126 155
120 280 347
64 228 267
120 292 347
246 315 337
64 263 337
64 120 228
263 267 333
263 315 337
64 263 267
59 138 139
74 138 139
17 74 157
74 138 157
13 133 203
13 97 131
13 97 203
132 243 250
51 230 275
7 51 275
231 269 325
12 27 298
27 182 254
278 285 308
21 33 277
230 269 325
15 34 304
34 96 112
34 112 185
44 262 283
142 193 308
67 142 308
7 278 308
77 93 275
93 270 275
11 67 193
4 115 171
210 223 241
2 38 210
106 223 299
108 115 241
156 252 295
11 193 252
11 166 336
44 166 262
46 297 336
115 171 204
4 198 299
40 66 87
69 93 210
13 217 319
0 13 217
25 69 93
128 133 221
221 234 339
128 201 221
1 181 289
201 221 234
201 234 272
181 234 318
110 164 319
66 87 300
52 99 249
39 188 289
87 247 300
39 118 229
181 234 272
181 272 289
1 188 289
118 187 229
187 248 309
98 168 237
168 237 248
215 245 266
98 190 236
98 134 190
98 237 245
43 84 201
84 215 236
43 80 201
23 132 143
80 143 322
50 148 183
23 174 314
103 151 317
151 235 317
83 103 196
50 109 130
20 45 58
50 130 148
5 9 236
178 331 332
58 134 190
20 45 332
58 117 158
117 158 321
158 281 321
20 109 334
91 100 213
100 213 306
91 130 332
76 178 301
76 178 332
45 331 332
61 253 256
78 117 176
71 95 159
78 176 282
41 71 159
136 282 305
78 136 282
135 136 226
98 134 168
56 168 248
177 224 239
224 226 239
135 226 239
56 224 226
92 177 239
176 240 282
41 159 239
95 159 240
95 176 240
20 58 167
86 144 273
86 127 222
65 85 312
86 273 302
83 165 317
44 166 336
82 261 346
81 175 186
29 49 338
80 132 201
2 40 106
79 104 213
79 91 213
209 233 315
243 244 298
85 107 312
75 141 259
79 91 130
121 122 220
62 82 346
17 162 333
56 134 168
118 266 309
139 165 174
8 28 123
83 165 314
64 280 337
63 155 228
63 195 228
61 71 306
60 197 345
60 146 329
19 119 317
59 165 315
193 252 295
58 78 117
74 294 298
42 189 340
82 124 258
117 253 256
56 187 229
9 109 322
82 258 261
54 146 219
1 92 188
54 94 219
54 146 329
53 257 343
52 249 299
40 52 87
52 87 99
4 171 316
49 55 338
122 149 338
19 24 119
48 203 244
48 97 203
60 329 335
128 133 203
47 211 344
221 319 339
59 139 165
36 238 343
16 48 269
44 214 297
36 238 292
8 28 35
69 184 217
239 282 305
262 285 308
201 215 272
70 163 242
68 287 312
10 238 274
108 241 299
39 92 188
5 9 80
38 300 348
38 66 300
21 51 277
51 230 277
38 40 66
80 132 143
15 278 285
15 147 307
57 79 104
228 267 310
162 310 333
8 206 345
91 100 301
1 247 318
64 120 280
31 68 293
114 197 268
11 166 262
11 67 262
23 74 174
218 255 296
234 247 339
89 90 173
56 177 224
128 203 250
5 43 236
39 177 229
29 72 264
29 49 284
9 167 190
9 167 334
9 80 322
36 341 347
193 275 308
75 195 259
12 27 254
10 53 343
262 283 304
14 163 242
48 269 328
2 38 40
25 69 217
86 96 287
37 191 291
79 130 150
84 201 215
203 243 250
243 294 298
94 114 219
81 186 330
149 209 315
28 123 335
0 13 131
1 41 99
5 43 80
26 186 311
83 103 317
17 138 333
37 303 344
204 214 316
9 190 236
40 106 299
26 42 340
101 112 185
82 286 343
26 37 191
37 296 344
43 84 236
135 239 305
205 286 288
20 130 332
116 271 342
0 25 131
15 262 304
28 121 329
4 198 316
12 254 320
10 238 343
194 258 312
81 205 276
233 246 315
20 167 334
1 99 247
13 221 319
254 277 325
0 25 217
1 41 92
155 274 292
30 126 155
21 51 147
9 109 334
18 140 152
14 114 163
158 281 331
31 105 194
15 278 307
39 92 177
56 177 229
73 107 261
17 290 310
83 183 314
81 175 276
75 141 326
180 202 254
140 144 273
76 91 301
7 51 147
26 186 330
20 109 130
19 137 260
255 271 296
248 266 309
40 52 299
288 330 341
22 121 329
103 130 196
79 150 260
14 114 192
110 184 300
47 160 170
27 182 202
37 218 296
44 96 283
211 303 344
26 42 179
160 264 284
13 133 221
28 329 335
71 95 253
47 160 211
110 247 300
30 155 279
140 145 152
22 54 329
32 141 259
6 206 345
184 300 348
44 46 336
14 192 242
112 125 222
32 141 313
31 68 312
36 286 343
83 148 196
33 89 147
256 281 301
29 264 284
3 89 173
89 147 185
269 275 328
23 183 314
108 115 299
32 313 320
290 313 326
15 147 185
6 60 345
93 156 241
93 210 241
125 127 222
94 114 192
175 251 303
95 176 253
48 97 328
98 215 236
98 215 245
56 134 226
87 99 247
101 127 173
101 125 127
102 113 211
102 113 323
23 143 322
103 130 151
178 301 331
27 202 298
118 187 309
73 107 312
50 109 183
109 183 322
110 164 247
111 179 280
101 112 125
96 112 222
114 163 268
60 114 197
4 115 299
96 283 304
75 310 326
117 176 253
180 202 244
198 249 316
118 215 266
118 215 272
61 71 253
118 272 289
39 118 289
24 119 122
119 122 149
47 170 344
159 239 240
22 121 220
223 241 299
124 227 343
126 152 153
126 153 199
234 247 318
254 277 320
130 151 235
130 148 196
193 270 275
132 201 250
134 136 226
117 256 281
79 137 260
74 139 174
140 144 145
56 187 248
237 245 266
141 313 326
44 46 297
86 96 222
78 134 136
16 231 244
83 148 183
147 278 307
239 240 282
7 147 278
208 227 257
149 209 338
105 208 227
267 310 333
150 260 317
150 235 317
32 277 320
28 55 121
36 292 347
152 153 154
102 211 303
3 153 154
19 260 317
110 184 319
156 204 336
115 156 204
45 158 331
82 124 343
113 160 211
160 170 342
160 264 342
204 214 297
90 173 185
165 174 314
37 218 291
23 74 294
89 90 185
17 74 298
116 170 344
111 172 233
172 232 233
205 225 286
101 173 185
175 186 216
175 216 303
180 231 254
184 217 319
116 170 342
280 341 349
164 319 339
37 186 303
199 259 277
189 218 255
31 194 312
189 218 340
193 270 295
182 202 254
171 204 316
10 53 324
72 207 264
207 264 342
290 313 320
212 268 345
163 212 268
186 216 303
75 228 310
180 231 244
26 179 327
271 296 344
237 248 266
26 37 311
202 244 298
23 183 322
111 246 280
246 280 337
164 247 339
198 249 299
102 251 261
175 251 261
86 127 144
61 256 301
73 258 261
73 258 312
32 259 277
15 262 285
67 262 308
58 78 134
230 269 275
116 271 344
129 273 293
68 273 293
238 274 292
7 275 308
77 97 328
230 277 325
280 341 347
281 301 331
17 162 310
81 288 330
12 290 320
290 310 326
61 301 306
100 301 306
