96 287 316
92 99 188
62 82 225
146 329 335
2 106 223
105 194 312
193 270 308
27 254 320
44 96 316
67 142 193
16 48 244
88 104 213
116 170 271
6 8 206
161 212 323
70 88 242
41 92 99
88 104 200
22 54 137
130 150 235
59 138 333
8 123 206
24 119 317
28 49 284
26 191 291
60 146 335
218 291 296
12 17 290
73 194 258
175 205 276
191 291 296
111 246 337
85 107 261
86 222 287
127 145 154
141 199 259
75 290 310
18 30 152
230 254 277
86 144 302
96 222 287
96 125 222
34 96 304
44 96 304
46 214 297
44 214 316
93 270 295
108 223 299
40 52 99
25 77 131
69 184 210
133 221 319
99 249 316
184 319 348
110 319 348
164 221 339
16 77 328
133 203 243
45 58 158
128 201 250
41 92 239
132 143 250
1 181 318
237 248 309
118 187 266
60 197 268
8 35 123
28 35 123
161 169 212
169 212 345
60 206 335
29 72 209
114 192 219
60 146 219
88 94 192
14 114 242
54 94 137
55 329 335
57 79 200
57 104 200
19 24 220
76 91 332
19 235 260
79 91 260
150 235 260
19 79 260
22 137 220
121 122 338
29 209 338
55 121 329
55 121 338
170 264 342
172 207 232
122 209 338
24 119 149
149 246 315
19 24 317
119 149 165
119 165 317
172 207 342
111 233 246
149 165 315
59 139 315
209 232 233
42 111 179
42 179 327
116 271 296
189 255 340
218 271 296
172 255 342
47 170 211
170 264 284
116 170 211
116 211 344
37 186 311
102 211 323
179 280 327
36 238 341
341 347 349
36 238 286
238 341 347
238 292 347
82 225 286
62 276 346
102 175 261
175 261 346
175 276 346
129 140 273
73 194 312
227 257 343
68 129 273
31 68 287
31 287 312
53 208 257
10 257 343
274 279 324
10 274 324
53 208 265
18 140 145
53 279 324
18 129 140
155 274 279
63 126 259
18 145 152
126 152 199
68 273 302
144 273 302
145 152 154
68 287 302
86 287 302
127 144 145
125 173 222
101 125 173
90 101 173
3 90 173
3 89 90
3 89 153
126 199 259
75 195 326
75 313 326
32 199 277
32 141 326
32 141 199
141 259 326
63 126 155
126 155 279
120 280 347
120 292 347
64 263 337
75 267 310
263 267 333
64 263 267
162 267 333
12 290 313
75 290 313
162 267 310
59 138 139
74 138 139
17 74 157
17 74 294
74 138 157
202 294 298
202 244 294
13 97 131
13 97 203
16 180 231
230 254 325
32 254 277
12 27 298
27 182 254
32 254 320
7 270 275
16 269 328
7 21 51
21 33 277
15 185 307
34 96 112
34 112 185
15 67 262
44 283 304
44 262 283
142 193 308
7 278 307
230 275 328
93 270 275
106 223 299
108 223 241
108 115 241
7 270 308
156 252 295
11 166 336
44 166 262
171 214 316
4 198 299
44 46 214
171 214 297
171 204 297
4 108 115
2 38 106
4 108 299
40 52 106
40 87 99
38 66 348
156 210 241
69 93 210
25 69 93
164 221 319
221 234 339
1 181 289
181 234 318
110 164 319
52 99 249
39 188 289
87 247 318
39 118 229
1 188 289
1 99 188
39 188 229
118 187 229
187 266 309
98 168 237
167 190 236
215 245 266
98 190 236
98 134 190
98 236 245
98 237 245
84 215 272
215 236 245
84 215 236
80 143 250
5 84 236
80 201 250
23 132 143
23 143 183
148 183 196
165 174 317
83 103 314
148 196 235
130 150 260
50 109 130
20 45 58
5 43 84
20 45 332
117 158 321
58 167 334
20 109 334
20 58 334
91 130 260
91 130 332
76 91 100
256 281 331
61 178 301
61 253 306
61 253 256
71 95 159
240 282 305
41 71 159
78 117 136
135 159 305
134 136 168
56 136 168
117 134 136
98 134 168
177 224 239
224 226 239
135 226 239
56 224 226
92 177 239
176 240 282
159 240 305
71 253 306
95 159 240
26 330 349
280 327 347
327 347 349
269 325 328
230 325 328
86 127 222
44 166 336
82 261 346
82 107 261
81 341 349
87 110 247
29 49 338
80 143 183
79 104 213
79 91 213
78 135 305
78 135 136
79 137 220
74 132 294
121 122 220
133 203 319
62 82 346
66 110 348
72 209 232
72 207 232
56 135 226
10 286 343
89 147 153
154 173 222
66 110 300
65 85 107
64 280 337
64 75 228
63 195 326
189 340 349
105 293 312
80 201 272
5 167 334
63 195 292
12 17 294
100 178 301
55 123 206
193 252 295
81 330 349
37 191 296
56 187 309
82 124 258
56 187 229
9 109 322
133 221 250
55 206 335
88 114 192
54 146 219
54 94 219
54 146 329
11 67 252
52 106 299
50 130 235
49 55 338
28 49 123
52 198 299
48 97 131
81 205 225
36 81 341
45 76 331
204 241 336
281 321 331
37 116 296
2 210 241
69 184 217
42 189 255
42 172 255
42 111 172
41 135 159
40 87 300
23 74 132
70 163 242
42 189 327
39 181 289
63 155 292
10 238 274
5 9 80
21 51 277
7 33 147
51 230 277
38 40 66
38 40 106
15 278 285
50 148 322
102 211 251
57 79 104
15 67 142
181 201 234
68 129 293
105 257 293
6 268 345
64 120 280
60 163 219
50 148 235
138 157 333
31 68 293
11 166 262
11 67 262
23 74 174
34 185 304
6 169 345
10 238 286
171 198 316
7 147 185
10 53 257
56 177 224
80 183 322
29 72 264
29 49 284
53 265 279
88 94 137
9 80 322
1 87 318
93 275 328
262 283 304
7 285 308
7 278 285
14 163 242
36 81 288
2 184 348
170 255 271
246 263 315
96 112 125
46 204 297
63 259 326
25 69 217
194 227 257
26 340 349
92 177 188
0 13 131
4 198 204
25 77 328
60 163 268
48 243 244
5 43 80
76 178 331
26 186 311
16 48 131
76 100 178
113 161 211
126 152 279
2 223 241
64 228 292
15 142 308
2 38 348
36 225 288
0 217 319
101 112 185
87 110 300
3 153 199
82 286 343
26 37 191
6 197 206
33 147 153
101 147 185
20 130 332
205 225 276
4 115 204
0 25 131
15 262 304
16 269 325
165 174 315
37 186 216
73 82 258
64 75 267
157 162 333
0 25 217
41 135 239
7 21 33
5 167 236
155 274 292
16 77 131
14 114 163
114 163 219
19 151 235
12 294 298
6 197 268
28 35 160
7 185 307
15 278 307
52 198 249
8 35 169
171 198 204
67 193 252
56 177 229
5 109 334
28 160 170
17 290 310
56 168 237
83 183 314
117 176 321
180 202 254
27 313 320
140 144 273
0 13 319
26 186 330
15 285 308
28 170 284
64 120 292
19 151 317
20 109 130
116 303 344
30 129 265
12 27 313
16 231 325
7 230 275
102 175 251
36 225 286
22 121 329
18 30 129
78 117 282
89 90 147
47 160 170
27 182 202
45 76 332
56 135 136
117 134 158
25 93 328
2 184 210
124 194 227
26 218 291
19 79 220
79 88 200
263 315 333
73 82 107
71 95 253
1 87 99
75 228 292
47 160 211
56 248 309
22 54 329
122 149 220
32 313 326
44 46 336
35 161 169
161 211 323
35 113 160
79 88 137
29 264 284
91 100 306
91 213 306
32 313 320
115 204 241
37 116 303
251 303 344
35 113 161
189 327 349
158 321 331
94 192 219
175 251 303
30 265 279
139 174 315
3 154 173
253 281 321
46 204 336
83 103 183
27 202 298
103 183 196
65 107 312
103 196 235
11 252 336
73 107 312
81 225 288
90 101 147
50 109 322
110 247 318
110 164 318
118 181 272
111 179 280
111 280 337
101 112 125
132 133 243
180 202 244
117 176 282
198 249 316
39 118 181
118 215 266
118 215 272
103 151 235
37 216 303
22 121 220
88 114 242
122 209 233
134 167 190
122 233 246
122 149 246
26 218 340
124 227 343
128 221 234
128 201 234
175 205 330
6 8 169
132 244 294
132 243 244
60 197 206
74 139 174
140 144 145
237 245 266
23 174 183
24 149 220
43 80 84
218 271 340
148 183 322
7 51 230
80 84 272
151 174 314
132 133 250
103 151 314
151 174 317
30 152 279
33 153 277
3 154 199
152 154 199
127 154 222
17 157 162
45 158 331
180 231 325
164 234 339
246 263 337
82 124 343
113 160 211
164 234 318
48 97 243
170 255 342
255 271 340
40 66 300
111 172 233
172 232 233
153 199 277
175 186 330
175 186 216
175 216 303
61 178 256
177 188 229
124 194 258
178 256 331
16 180 244
181 201 272
184 217 319
129 265 293
5 9 109
15 185 304
193 270 295
105 194 257
182 202 254
13 203 319
174 183 314
97 203 243
10 53 324
58 134 158
72 207 264
207 264 342
93 210 295
156 210 295
211 251 344
212 268 345
163 212 268
78 282 305
128 221 250
62 225 276
58 134 167
49 55 123
180 254 325
81 205 330
237 266 309
95 240 253
176 240 253
208 257 293
26 37 311
156 241 336
56 237 248
156 252 336
86 127 144
253 256 281
176 253 321
75 195 292
208 265 293
238 274 292
17 162 310
31 293 312
61 301 306
100 301 306
59 315 333
