8 17 96
3 33 48
16 39 58
28 35 84
13 65 72
15 61 79
24 52 86
10 78 81
15 41 79
34 61 93
33 61 79
1 73 75
5 17 34
42 55 64
83 84 85
14 62 82
14 27 45
10 71 97
10 28 81
28 76 81
28 60 76
13 28 60
29 35 77
9 12 32
33 48 79
5 17 91
22 57 65
22 56 65
22 57 88
57 65 72
12 32 88
9 12 71
10 12 88
10 12 71
5 44 90
9 26 67
10 86 97
24 70 94
24 52 70
30 70 94
52 59 70
4 44 90
41 48 79
30 43 94
18 36 47
21 36 47
21 36 94
3 19 38
19 38 69
5 34 61
3 38 44
3 33 44
46 75 95
20 80 93
20 61 93
34 80 93
15 20 61
15 41 47
75 80 95
18 74 94
18 36 94
18 74 95
1 46 75
23 74 98
7 62 89
37 62 89
7 51 62
7 31 51
23 49 74
1 73 99
7 31 89
0 27 45
14 45 62
37 45 62
37 45 96
8 75 80
17 53 91
54 66 87
40 54 55
50 66 87
2 40 55
25 50 87
40 54 87
35 84 85
2 14 82
5 90 91
73 89 96
37 89 96
6 88 90
32 88 90
83 85 92
35 77 85
8 75 96
73 75 96
57 72 88
72 76 81
17 63 96
53 63 91
58 90 91
6 58 90
23 46 49
19 43 59
17 34 80
17 53 63
30 43 70
1 23 46
14 42 55
19 52 69
13 60 76
15 20 95
3 43 94
8 17 80
3 21 94
14 27 42
16 39 63
41 47 48
1 51 99
2 14 55
2 83 84
2 82 84
33 44 61
4 38 44
46 74 95
4 26 32
16 54 63
2 83 92
1 23 98
13 72 76
0 63 64
1 51 98
11 67 69
13 50 56
16 56 58
2 40 92
50 54 56
51 74 98
6 56 58
40 77 92
13 29 35
4 26 38
0 27 64
6 22 88
10 72 88
10 72 78
50 54 66
67 68 71
11 86 97
11 52 69
11 67 68
3 19 43
11 68 97
19 52 59
25 40 87
6 22 56
13 29 50
46 49 74
27 42 64
20 80 95
26 38 67
72 78 81
54 55 64
9 26 32
21 47 48
13 28 35
25 40 77
68 71 97
18 47 95
31 73 89
13 56 65
9 67 71
77 85 92
38 67 69
39 58 91
31 73 99
3 21 48
4 32 90
43 59 70
39 63 91
11 52 86
0 45 63
15 47 95
5 44 61
25 50 77
29 50 77
45 63 96
51 62 74
31 51 99
16 54 56
54 63 64
