160 300 497
20 189 308
213 362 495
247 256 281
125 168 491
13 43 274
248 370 432
232 461 475
143 390 426
347 379 448
300 455 497
207 359 469
173 322 448
20 52 199
329 382 419
176 307 472
96 105 321
282 462 464
374 414 478
311 335 388
30 47 415
177 181 182
74 351 497
22 224 240
68 149 339
151 390 436
68 138 339
138 367 457
315 480 495
213 348 495
95 203 454
99 191 236
236 323 338
191 236 323
79 153 429
8 74 102
74 160 497
36 156 170
146 250 296
33 250 456
164 260 283
33 396 456
35 51 122
227 254 351
21 90 163
208 369 409
208 409 437
24 363 393
106 164 267
302 400 489
50 302 408
89 101 163
39 381 408
28 80 459
55 298 423
214 347 379
64 214 379
176 345 411
176 281 345
39 364 450
85 87 344
60 184 453
253 336 453
132 414 478
69 374 414
78 252 299
2 282 433
87 294 413
183 259 295
13 128 462
98 158 332
125 168 204
125 134 491
109 216 397
30 316 415
169 216 383
109 373 397
10 15 96
237 402 447
116 171 190
45 221 403
29 258 445
221 424 439
63 171 220
111 257 326
86 233 239
63 171 190
293 365 452
171 220 492
58 292 420
192 198 309
13 361 451
192 309 406
145 211 497
157 461 483
143 367 390
150 232 461
232 455 475
8 73 351
8 74 351
300 455 475
14 248 370
248 429 432
197 286 370
23 104 484
23 57 348
23 104 348
22 240 370
224 240 474
14 461 475
22 157 224
22 157 461
353 446 477
157 477 483
157 446 477
157 224 474
178 240 474
57 149 178
149 178 474
143 145 431
143 145 367
143 426 431
151 390 426
70 151 436
70 151 426
68 138 425
138 339 457
57 68 149
40 68 425
118 315 480
209 434 454
68 118 434
40 68 434
348 480 495
67 213 443
54 379 448
54 203 349
45 56 403
45 212 317
54 237 447
44 272 401
9 272 401
272 325 490
9 401 402
173 179 407
29 108 447
34 120 358
108 402 447
108 401 402
107 358 493
24 167 393
44 272 325
164 179 231
173 347 448
36 429 432
59 191 323
156 170 290
170 318 338
73 156 290
207 254 351
207 351 359
142 254 405
20 199 308
123 396 456
62 122 142
227 254 405
269 283 449
20 52 385
20 81 189
26 123 456
199 226 308
159 226 368
52 385 386
52 199 386
187 331 385
148 269 283
159 199 226
283 368 449
175 187 385
121 227 405
186 227 279
279 291 342
279 291 496
227 279 496
18 391 437
291 342 391
208 391 437
208 291 391
18 342 391
3 18 114
48 355 482
18 279 342
366 387 395
185 329 337
273 366 482
273 355 482
148 298 356
278 404 437
278 404 499
278 409 437
66 130 499
219 400 489
244 270 486
273 329 337
265 329 419
185 329 382
21 186 194
100 185 382
92 101 163
92 234 285
131 234 285
71 319 430
201 381 408
89 101 486
302 384 489
219 486 489
101 486 489
89 100 486
302 400 485
50 408 421
24 363 377
80 428 459
12 72 479
28 72 80
12 479 481
66 327 394
260 283 356
28 340 389
148 283 356
164 202 260
340 376 389
34 358 493
24 260 376
32 363 471
363 377 471
84 154 360
29 107 108
29 107 258
107 354 493
29 371 445
27 46 61
46 61 249
166 249 262
15 27 61
17 127 162
15 49 61
15 27 96
119 166 411
256 281 345
84 256 354
107 258 354
19 34 493
84 354 493
84 247 310
307 346 472
84 247 256
263 289 346
201 408 421
201 263 381
39 263 381
39 263 450
131 285 487
225 341 487
195 225 341
85 172 341
87 88 344
85 341 487
141 399 440
65 399 440
336 343 453
176 281 307
176 276 411
176 276 472
119 276 411
42 276 472
259 261 295
183 295 378
83 141 252
141 252 299
141 242 299
78 83 252
85 242 344
78 83 460
294 324 333
294 324 413
124 271 378
103 324 333
183 378 494
124 282 433
124 324 413
124 136 378
124 136 433
136 378 433
2 311 464
31 41 491
124 282 413
6 462 464
2 282 464
282 413 462
132 205 478
335 414 494
98 205 332
60 253 453
184 205 478
266 336 343
127 162 330
60 158 184
144 169 383
10 15 458
105 144 304
134 140 313
31 168 491
41 126 462
41 462 491
58 241 468
188 334 444
188 444 468
128 462 491
188 241 468
218 301 372
30 316 372
181 182 241
97 275 316
275 316 415
105 304 313
76 177 181
76 177 228
76 304 313
144 304 383
115 216 383
169 216 473
97 115 135
109 216 473
200 223 380
200 216 397
46 109 473
249 262 392
174 412 467
155 251 467
82 155 467
284 412 435
373 375 397
326 375 435
133 357 492
275 357 415
63 220 418
133 223 264
161 350 488
110 297 410
70 110 410
1 297 441
161 350 498
350 416 498
70 246 410
110 297 441
206 246 431
206 233 431
86 91 239
210 233 431
210 233 239
193 210 288
63 86 418
63 190 328
91 193 328
91 193 239
193 210 239
94 137 210
192 210 288
192 210 406
94 235 406
94 210 406
94 365 452
198 245 427
116 171 238
30 47 303
47 357 415
30 229 303
217 238 303
280 352 442
93 280 352
58 128 292
129 361 365
129 293 365
13 129 361
147 361 365
94 147 365
137 274 451
13 274 451
43 137 274
219 481 486
270 481 486
364 450 466
128 444 491
334 444 491
209 434 441
139 424 467
38 421 428
25 418 470
410 470 498
364 408 466
132 388 414
377 428 459
82 371 467
14 370 461
22 370 461
353 367 483
353 367 446
39 364 408
229 352 452
349 362 495
55 422 423
195 341 440
149 339 474
88 333 344
78 333 344
327 394 419
265 327 355
44 325 358
319 430 466
317 350 416
278 314 499
105 313 321
165 312 318
353 477 483
302 428 485
50 302 428
218 301 442
301 420 442
248 300 429
79 300 429
1 297 416
193 288 328
243 287 465
180 284 375
180 284 373
284 373 392
281 307 346
273 366 387
103 271 324
148 269 298
172 268 341
250 267 456
265 273 329
133 264 492
25 264 470
263 289 471
83 261 460
260 340 376
260 340 356
257 412 435
256 345 411
197 286 443
256 258 354
166 256 258
161 255 470
255 264 470
4 317 350
245 288 328
230 259 399
251 424 439
14 248 475
247 289 310
206 246 470
244 270 481
6 243 332
243 287 332
278 331 409
241 301 372
265 273 355
101 234 489
131 234 489
222 231 322
247 281 346
230 343 453
69 230 414
230 266 343
215 229 452
228 316 372
182 228 372
76 228 304
228 304 438
141 259 399
221 403 447
80 219 428
215 217 229
318 323 338
79 102 153
20 81 121
2 378 433
115 135 438
302 384 466
75 346 450
75 346 472
25 220 264
65 195 440
23 57 240
1 212 317
158 287 330
94 147 361
73 153 476
12 72 481
72 117 422
71 195 466
56 209 454
69 184 453
69 184 478
277 286 370
68 118 348
57 68 348
0 167 202
170 290 359
66 355 499
87 294 333
65 230 399
277 286 443
63 91 328
141 268 440
19 120 167
117 394 422
213 349 362
28 72 340
54 67 99
59 191 322
65 195 450
58 444 468
221 439 447
220 264 492
141 259 261
86 418 470
58 128 444
69 374 478
78 103 333
10 11 287
257 326 435
56 203 403
3 114 355
54 99 448
10 53 96
18 186 387
70 426 431
50 421 428
56 212 463
293 352 452
49 61 249
280 420 442
265 327 419
48 366 482
117 479 481
32 154 360
79 160 300
47 171 238
46 169 473
115 200 320
51 81 122
49 119 249
72 219 481
30 229 352
197 370 484
56 95 454
42 75 472
42 65 336
98 158 205
18 355 404
37 45 221
6 132 388
183 414 494
46 96 169
73 351 359
76 181 241
106 164 222
40 110 441
111 161 255
99 277 443
165 207 469
335 388 414
55 340 356
8 73 102
53 204 465
18 186 279
21 92 285
35 62 122
44 107 358
17 60 253
17 42 253
104 197 213
3 48 366
7 30 352
121 175 227
130 269 314
72 340 422
38 377 428
73 153 156
15 127 458
170 277 338
2 311 335
32 289 471
81 121 405
76 134 152
33 165 312
164 267 368
55 340 422
66 327 355
57 178 240
59 312 318
230 259 414
33 62 396
24 377 389
194 273 387
47 238 303
146 250 267
15 49 127
125 134 204
16 223 264
51 81 189
10 127 458
10 11 53
33 250 296
36 153 156
21 194 273
219 400 428
72 80 219
9 64 214
0 202 398
109 249 392
3 48 355
261 305 460
71 131 225
118 315 454
97 275 320
5 199 386
17 42 276
104 213 348
32 154 393
4 37 317
32 84 360
33 296 312
21 273 337
133 223 320
6 126 462
228 316 438
174 371 467
9 237 402
100 244 486
6 132 205
29 439 447
157 339 474
53 313 321
53 140 204
42 253 336
241 301 420
9 196 214
139 221 424
7 218 372
355 404 499
63 86 91
5 385 386
21 90 337
4 111 488
62 142 165
38 201 421
18 387 395
18 404 437
94 217 235
71 430 466
367 446 457
28 377 389
17 119 276
10 127 330
2 378 494
5 269 449
165 207 254
325 398 490
11 287 465
70 246 431
53 140 313
222 296 312
96 105 144
165 170 318
200 375 397
31 41 126
117 244 382
1 317 416
4 350 488
76 134 313
196 347 407
71 195 225
24 376 389
5 269 314
21 92 163
200 375 380
55 298 356
130 422 423
263 346 450
142 165 254
112 113 174
33 62 165
112 166 262
54 64 379
6 205 332
99 236 277
275 320 357
5 331 385
6 126 243
42 65 75
6 311 388
217 229 303
173 347 407
7 352 442
19 84 154
111 326 375
11 53 465
130 269 298
4 37 257
5 159 199
175 208 496
53 96 321
19 34 120
72 117 479
20 121 175
67 99 443
20 175 385
79 102 160
54 213 349
78 103 460
100 244 382
141 268 306
130 298 423
31 168 204
37 45 317
82 155 371
158 162 330
38 201 471
40 110 425
5 278 314
76 188 241
297 416 498
38 377 471
297 410 498
0 325 398
117 244 481
7 30 372
135 316 438
59 318 323
31 204 243
23 370 484
35 123 396
54 403 447
145 211 461
65 75 450
9 64 237
106 222 296
166 258 445
129 293 352
36 153 429
86 206 233
400 428 485
78 242 299
26 226 368
261 295 378
261 271 378
13 128 129
54 67 213
203 315 454
5 278 331
35 51 123
145 367 483
186 194 387
268 341 440
139 257 412
70 110 425
5 159 449
115 304 383
26 267 368
32 289 310
164 202 398
26 267 456
73 290 359
16 255 264
32 363 393
182 241 372
112 113 392
195 450 466
31 126 243
56 95 203
115 200 216
60 158 162
36 370 432
35 62 396
85 172 242
9 196 272
116 245 427
10 287 330
198 235 406
24 167 260
172 306 417
100 185 337
4 111 257
86 206 470
87 285 487
113 284 392
36 277 370
92 101 234
7 218 442
93 129 292
77 163 337
93 280 420
93 292 420
94 215 452
94 215 217
26 123 226
94 137 451
94 361 451
111 161 488
96 144 169
97 115 320
167 202 260
2 335 494
130 314 499
150 211 461
128 129 292
89 100 163
77 100 337
102 153 476
81 122 405
120 167 325
74 102 160
198 217 238
175 187 208
103 261 271
103 261 305
40 434 441
236 277 338
66 130 394
103 305 460
247 289 346
106 146 296
54 64 237
107 108 401
29 371 439
46 109 249
16 111 255
111 223 380
16 111 223
19 84 493
111 375 380
1 212 463
112 174 445
112 262 392
97 135 316
109 373 392
113 174 284
158 184 205
115 304 438
157 446 457
37 139 257
116 198 238
6 311 464
116 190 245
177 182 228
58 241 420
18 114 355
117 382 419
117 394 419
198 309 406
32 84 310
118 348 480
174 371 445
174 284 412
49 119 127
54 203 403
119 166 249
17 60 162
141 242 417
124 271 324
122 142 405
51 123 189
123 189 308
123 226 308
251 424 467
70 425 436
158 287 332
198 217 235
155 251 439
204 243 465
59 312 322
187 331 409
93 129 352
1 56 463
130 394 422
131 225 487
131 384 489
131 319 466
44 107 401
85 87 487
71 131 319
192 198 288
25 220 418
133 320 357
69 230 453
134 188 334
78 242 344
134 152 188
134 140 204
134 334 491
191 322 448
196 398 407
138 390 436
138 367 390
138 425 436
23 240 370
37 139 221
83 141 261
141 306 417
200 223 320
116 198 427
19 154 167
145 461 483
248 300 475
164 179 398
179 398 407
150 232 455
302 408 466
150 455 497
154 167 393
56 209 441
45 56 212
155 371 439
203 349 495
157 339 457
246 410 470
131 384 466
65 266 336
159 368 449
65 230 266
161 470 498
90 163 337
164 222 231
164 283 368
165 170 469
166 256 411
112 166 445
196 398 490
106 146 267
0 167 325
1 56 441
36 170 277
170 359 469
171 357 492
47 171 357
118 434 454
172 268 306
27 46 96
175 227 496
76 152 188
284 375 435
77 100 163
173 179 322
179 231 322
180 373 375
183 259 414
73 102 476
28 377 459
201 263 471
187 208 369
187 369 409
17 119 127
190 245 328
87 88 333
196 272 490
3 18 366
196 214 347
197 213 443
18 366 395
104 197 484
99 191 448
198 245 288
222 312 322
120 325 358
150 211 497
203 315 495
172 242 417
208 291 496
139 412 467
