213 362 495
172 195 268
125 168 491
13 43 274
248 370 432
143 390 426
207 359 469
14 300 475
81 142 405
173 322 448
96 105 321
184 374 453
132 205 332
103 124 324
115 216 320
10 53 321
30 47 415
4 37 139
177 181 182
74 351 497
23 240 484
22 224 240
70 110 436
246 426 431
23 57 178
118 315 434
173 179 231
68 138 339
138 367 457
57 348 480
23 178 240
315 480 495
56 209 463
95 203 454
9 64 196
222 296 322
99 443 448
197 277 286
59 191 312
236 323 338
191 236 323
8 74 102
36 156 170
165 254 469
146 250 296
191 312 322
164 260 283
35 51 122
21 90 163
208 369 409
265 329 355
377 459 471
5 331 409
106 164 267
319 384 489
50 302 408
364 430 466
87 88 294
364 384 466
39 381 408
263 450 472
55 298 423
64 214 379
17 49 127
184 374 478
42 266 472
176 281 345
38 428 459
19 154 493
172 195 341
60 184 453
65 75 266
253 336 453
69 230 343
69 374 453
69 374 414
78 252 299
87 294 413
271 295 378
183 259 295
13 128 462
126 243 465
98 158 184
98 158 332
125 168 204
10 96 321
125 134 491
105 140 313
76 152 313
30 316 415
10 15 96
139 257 467
37 221 424
29 258 445
221 424 439
257 412 467
4 350 416
200 275 320
111 257 326
293 365 452
198 238 427
192 198 309
192 309 406
145 211 497
143 367 390
14 248 300
232 455 475
8 74 351
79 153 476
300 455 475
14 248 370
248 429 432
197 286 370
104 197 443
23 104 484
23 57 348
23 104 348
22 240 370
224 240 474
22 157 224
22 157 461
353 446 477
157 446 477
178 240 474
57 149 178
149 339 457
143 145 431
143 145 367
143 426 431
151 390 426
70 151 426
138 367 425
68 138 425
138 339 457
40 68 425
110 425 436
25 86 418
82 424 439
315 434 454
1 209 441
118 315 480
68 118 434
54 67 349
54 379 448
64 237 379
54 203 447
54 203 349
54 237 379
203 403 447
95 203 403
45 56 463
45 212 317
54 237 447
403 439 447
44 272 401
9 272 490
9 272 401
173 179 407
19 167 393
0 120 325
9 196 490
64 196 214
164 179 231
164 267 283
296 312 322
173 347 448
99 322 448
99 236 443
36 429 432
36 236 277
33 62 312
59 323 338
59 191 323
59 318 338
170 318 338
73 156 290
290 359 469
207 351 359
207 254 469
142 254 405
62 142 254
20 81 405
62 165 254
123 396 456
51 122 189
62 122 142
33 62 122
20 121 405
81 122 142
227 254 405
51 189 308
20 81 189
81 122 189
199 226 308
26 226 267
226 267 368
52 199 386
187 331 385
5 368 449
55 117 422
5 314 449
269 314 449
278 314 409
331 369 409
187 331 369
175 187 385
175 187 496
121 227 405
186 227 279
227 279 496
208 391 437
208 291 391
18 342 391
3 18 114
48 355 482
18 279 342
3 18 395
185 329 337
273 355 482
194 273 337
66 327 499
148 298 356
355 404 437
5 314 409
66 130 499
219 400 489
80 219 400
244 394 419
244 270 486
265 394 419
244 382 419
265 327 394
185 329 382
21 186 194
77 90 163
100 185 382
77 100 185
92 101 163
92 101 131
92 131 234
71 225 430
71 319 430
12 72 80
50 302 485
32 310 471
24 363 377
80 428 459
12 72 479
117 244 394
66 327 394
28 389 459
377 389 459
148 283 356
24 202 260
164 202 260
24 260 376
38 459 471
32 363 471
363 377 471
84 154 360
19 154 393
44 108 401
112 113 445
109 284 392
82 371 439
29 371 445
113 174 445
17 49 119
287 330 332
49 61 166
113 174 392
166 258 354
15 27 61
17 127 162
15 49 61
15 27 96
49 119 166
166 256 354
84 310 360
32 360 363
84 256 354
107 258 354
19 34 493
84 247 310
154 360 363
32 310 360
307 346 472
302 364 384
225 364 430
225 341 487
195 225 364
195 225 341
75 450 472
195 268 440
85 172 341
87 88 344
85 341 487
85 242 417
268 306 440
336 343 453
75 266 472
65 75 440
176 281 307
119 276 411
259 261 295
183 295 378
78 299 344
141 242 299
242 299 344
78 88 344
294 324 413
183 378 494
124 324 413
132 335 414
124 136 433
136 378 433
183 259 494
2 311 464
31 41 491
124 282 413
2 311 494
6 462 464
282 413 462
132 335 388
132 205 478
335 414 494
98 205 332
60 253 453
98 184 205
184 205 478
69 343 453
60 158 184
158 330 332
144 169 383
53 140 321
10 15 458
96 105 169
105 144 304
105 140 321
134 140 313
177 228 316
134 152 313
140 204 465
31 168 491
41 126 462
41 462 491
134 152 491
128 444 468
152 334 491
152 188 334
188 334 444
188 444 468
128 462 491
218 301 372
7 280 442
58 301 420
58 241 301
181 182 241
7 30 229
76 228 438
97 228 438
97 135 438
105 304 313
76 177 228
76 304 313
144 304 383
115 216 383
105 144 169
375 380 397
200 216 320
109 180 373
109 180 284
46 109 473
249 262 392
174 412 467
155 251 467
82 155 467
4 139 257
212 317 416
37 139 424
45 212 463
1 209 463
16 111 488
373 375 397
326 375 435
133 357 492
200 275 357
16 223 380
16 223 255
133 220 492
25 161 264
63 220 418
133 223 264
223 255 264
212 416 463
1 416 463
70 110 410
25 161 498
110 425 441
206 246 431
206 233 431
210 233 431
210 233 239
63 86 418
91 193 328
91 193 239
215 229 303
94 235 406
198 235 238
94 365 452
192 245 288
217 235 238
47 171 303
217 238 303
215 293 452
215 217 303
280 352 442
7 218 280
13 128 292
58 128 292
13 129 292
129 293 365
147 361 451
94 147 365
137 274 451
43 137 274
161 488 498
128 444 491
334 444 491
278 437 499
270 481 489
139 424 467
421 428 485
38 421 428
70 410 426
50 408 485
408 421 485
169 383 473
216 383 473
82 371 467
371 445 467
14 370 461
22 370 461
353 367 477
353 367 446
367 390 436
302 364 408
39 364 408
356 376 389
340 356 389
265 355 499
107 354 358
93 352 420
280 352 420
349 362 495
68 339 480
57 339 480
273 337 355
6 332 464
331 385 386
159 331 368
5 331 368
132 332 388
319 486 489
319 430 466
278 314 499
311 332 388
73 351 476
248 300 429
289 346 472
263 289 472
263 289 381
193 288 328
243 287 465
281 307 346
218 280 301
186 279 387
272 325 398
246 410 426
270 486 489
130 269 499
269 314 499
148 269 298
267 283 449
267 368 449
265 327 499
265 329 382
161 264 488
259 261 460
252 259 299
257 412 435
381 408 421
256 345 411
245 288 328
83 252 460
230 259 399
263 381 450
33 250 396
247 289 310
206 246 470
6 243 332
243 287 332
241 301 372
210 239 288
193 239 288
260 283 376
222 231 322
173 231 322
247 281 346
234 285 487
230 414 494
230 259 494
69 230 414
461 477 483
228 316 415
123 226 456
26 226 456
71 225 319
176 276 345
265 382 419
261 295 305
200 223 397
311 332 464
141 259 399
190 220 328
218 316 372
215 293 352
215 229 352
214 347 448
214 379 448
213 348 480
67 213 349
213 480 495
2 378 433
115 135 438
159 199 368
126 204 465
201 310 471
75 195 440
75 195 450
74 160 455
73 153 476
52 175 386
72 117 422
157 461 477
85 87 242
70 390 436
207 227 351
56 209 454
68 434 454
277 286 370
65 306 399
66 298 423
59 62 312
103 294 333
65 230 399
116 303 427
63 91 328
53 140 465
208 278 437
19 120 167
40 68 454
61 166 262
61 249 262
302 384 485
68 118 480
213 349 362
177 316 372
280 301 420
192 245 427
83 252 259
78 103 333
57 149 339
10 11 287
257 326 435
42 266 343
3 114 355
153 300 429
55 66 394
171 190 303
173 196 407
42 119 276
24 154 363
52 121 175
97 275 357
2 282 462
48 366 482
350 488 498
66 130 298
79 160 300
30 47 229
65 266 343
46 169 473
367 425 436
154 354 493
45 221 439
199 226 368
45 403 439
45 56 95
44 107 108
42 336 343
56 95 454
42 176 307
42 176 276
55 340 389
37 45 221
8 351 476
65 306 440
123 308 396
73 351 359
106 164 222
225 234 487
315 349 495
291 391 496
18 279 387
55 340 356
191 236 322
194 273 482
44 107 358
80 400 428
255 264 488
16 111 375
173 196 347
121 175 227
73 153 156
82 155 251
174 445 467
54 67 448
15 127 458
1 110 297
83 259 460
20 52 121
34 44 272
99 236 322
137 288 406
38 381 421
197 240 484
201 289 381
12 219 481
60 119 253
12 117 244
91 233 239
24 377 389
78 294 333
329 337 355
15 49 127
125 134 204
10 127 458
10 11 53
33 250 296
36 153 156
9 108 402
20 52 189
247 281 345
84 247 345
0 202 398
201 289 310
109 249 392
77 90 337
3 48 355
261 305 460
42 119 336
74 455 497
104 213 348
4 111 350
4 37 317
28 55 389
33 296 312
58 93 420
6 126 462
76 383 438
9 237 402
1 350 416
192 288 406
67 443 448
355 404 499
1 350 498
63 86 91
7 218 316
21 90 337
1 297 470
18 387 395
224 457 474
82 251 424
24 154 393
3 48 395
94 217 235
21 92 234
2 462 464
36 170 236
7 30 316
203 315 349
103 294 324
367 446 457
8 79 476
335 388 494
10 127 330
2 378 494
45 95 403
84 256 345
11 287 465
14 150 475
110 297 470
35 51 308
223 380 397
27 61 249
108 237 447
58 93 292
152 188 468
165 170 318
31 41 126
27 46 169
28 72 459
110 410 470
97 135 275
24 376 389
21 92 163
55 298 356
311 388 494
12 80 219
1 110 441
112 166 262
25 133 264
200 216 473
2 124 433
6 126 243
199 331 386
148 269 449
21 234 285
89 100 382
7 352 442
2 124 282
111 326 375
131 319 486
7 229 352
11 53 465
130 269 298
12 117 479
160 300 455
55 117 394
52 189 199
19 34 120
367 477 483
67 104 213
84 154 354
72 117 479
13 129 274
79 102 160
78 103 460
25 133 220
72 80 459
28 72 422
1 470 498
250 396 456
37 45 317
38 201 471
197 236 443
40 209 454
28 55 422
35 308 396
0 325 398
34 120 272
21 194 337
40 209 425
319 384 466
145 211 461
94 147 451
39 195 364
9 64 237
106 222 296
166 258 445
238 303 427
129 293 352
36 153 429
86 206 233
400 428 485
62 165 318
9 108 401
78 252 460
203 315 454
47 229 303
42 307 472
145 367 483
180 412 435
48 366 395
186 194 387
272 398 490
189 199 308
87 242 344
115 383 438
55 66 423
132 374 478
8 79 102
27 96 169
70 151 390
164 202 398
26 267 456
73 290 359
182 241 372
112 113 392
33 35 396
279 342 496
34 44 358
18 114 391
60 158 162
38 201 381
36 370 432
357 415 492
16 375 380
97 228 357
4 317 416
10 287 330
198 235 406
47 171 220
172 306 417
4 111 257
384 485 489
86 206 470
86 470 498
25 86 498
129 361 451
76 304 383
167 202 393
87 285 487
89 244 486
89 244 382
27 46 249
36 277 370
174 284 392
29 108 371
86 91 233
77 185 337
93 129 292
94 215 452
94 215 217
283 356 376
94 137 451
103 271 295
342 391 496
119 253 336
404 437 499
152 241 468
150 211 461
133 200 357
146 250 456
89 100 163
197 240 370
74 102 160
103 124 136
103 136 378
103 295 305
103 305 460
247 289 346
106 146 296
128 241 468
108 237 402
107 108 258
29 108 258
108 371 439
108 439 447
46 109 249
111 350 488
228 357 415
78 88 294
112 262 392
157 446 457
47 415 492
178 457 474
33 35 122
59 62 318
198 309 406
34 354 358
174 284 412
12 270 481
17 119 162
119 166 256
119 256 411
141 242 417
0 120 202
120 272 325
207 227 254
123 226 308
251 424 467
31 126 168
126 168 204
180 375 435
127 158 162
127 158 330
58 128 241
129 147 361
276 345 411
129 147 365
129 274 451
93 129 352
14 150 461
131 225 319
103 271 378
85 87 487
141 259 299
101 131 486
132 374 414
133 200 223
25 220 418
134 140 204
135 275 320
115 135 320
137 210 288
16 255 488
94 137 406
180 284 412
196 398 407
141 306 417
200 373 397
145 461 483
146 267 456
148 283 449
164 179 398
179 398 407
150 232 455
150 232 475
67 104 443
150 455 497
152 177 181
76 152 177
152 181 241
79 153 300
157 224 457
63 220 328
156 290 469
156 170 469
355 391 437
246 410 470
24 202 393
141 306 399
101 163 486
89 163 486
164 222 231
114 355 391
165 170 469
112 166 445
196 398 490
106 146 267
400 485 489
120 167 202
172 268 306
175 227 496
175 385 386
170 236 338
177 182 372
149 178 457
77 100 163
85 172 417
180 373 375
209 425 441
34 354 493
187 208 496
187 208 369
47 220 492
171 190 220
190 245 427
190 245 328
116 190 303
116 190 427
192 198 427
194 366 395
194 387 395
194 366 482
195 381 450
39 195 381
65 230 343
219 481 489
196 214 347
197 236 277
104 197 484
12 244 270
159 199 331
109 200 373
109 200 473
60 119 162
150 211 497
208 278 409
131 225 234
208 291 496
