29 371 447
20 189 308
125 168 491
13 43 274
248 370 432
207 359 469
14 300 475
173 322 448
83 141 259
18 279 395
176 307 472
96 105 321
282 462 464
60 162 330
17 162 253
141 230 259
374 414 478
166 258 262
125 140 204
115 216 320
139 251 467
177 181 182
74 351 497
74 79 160
23 240 484
22 224 240
23 57 178
16 161 255
138 367 457
57 348 480
213 348 495
95 203 454
222 296 322
197 277 286
99 191 236
236 323 338
191 236 323
8 74 102
146 250 296
33 250 456
35 51 396
265 329 355
377 459 471
364 430 466
71 319 487
87 88 294
364 384 466
263 450 472
80 428 485
0 120 167
173 222 231
214 347 379
184 374 478
166 256 345
289 310 346
39 364 450
71 225 487
131 319 487
60 184 453
65 75 266
132 388 464
78 252 299
87 294 413
6 243 462
13 128 462
6 287 332
152 181 188
98 158 332
125 168 204
30 316 415
30 218 372
46 109 392
371 439 447
45 221 403
37 221 424
221 424 439
200 275 320
111 257 326
293 365 452
198 238 427
63 86 328
58 292 420
192 198 309
143 367 390
14 248 300
150 211 232
211 232 455
8 74 351
79 160 248
73 429 476
153 429 476
160 248 300
14 248 370
277 286 432
286 370 432
248 429 432
197 286 370
104 197 443
23 57 348
22 240 370
14 22 370
14 22 461
353 446 477
157 224 474
446 457 474
149 457 474
149 339 457
143 145 431
390 425 436
143 145 367
151 390 426
25 470 498
70 151 426
40 425 441
138 339 457
57 68 118
40 68 425
25 86 418
56 95 209
95 209 454
57 118 480
209 434 454
68 118 434
348 480 495
315 349 362
54 67 443
67 213 362
64 237 379
54 237 379
56 95 403
95 203 403
45 212 317
221 403 439
54 237 447
9 272 401
34 120 358
19 167 393
44 120 358
19 34 167
0 325 490
24 167 393
202 398 407
0 398 490
196 214 407
24 167 202
146 222 296
296 312 322
173 222 322
173 347 448
59 323 338
165 318 469
59 318 338
73 156 290
290 359 469
142 254 405
20 81 405
35 122 396
62 122 142
227 254 405
51 189 308
20 81 189
81 122 189
26 123 456
199 226 308
52 385 386
187 331 385
55 117 422
208 291 369
121 227 496
187 331 369
175 187 385
121 175 496
186 227 279
208 291 391
18 342 391
3 18 114
18 279 342
186 387 395
186 279 395
366 387 395
3 48 482
114 355 437
21 90 194
194 273 337
90 194 337
66 327 499
148 298 356
130 269 278
355 404 437
269 278 314
66 130 499
130 278 499
219 270 481
219 400 489
80 219 400
244 394 419
244 270 486
244 382 419
265 355 404
185 329 382
21 186 194
100 185 382
77 89 100
77 100 185
219 270 486
92 101 163
92 101 131
92 131 234
71 319 430
384 430 466
219 486 489
89 100 486
80 219 481
80 400 485
50 408 421
50 302 485
38 421 485
50 421 485
38 428 485
28 55 72
12 80 481
28 72 80
72 422 479
55 72 422
117 244 394
117 422 479
66 130 423
179 202 407
298 340 356
24 202 260
0 167 398
164 202 260
376 377 389
340 376 389
167 202 398
34 120 167
24 376 377
24 260 376
32 363 471
19 154 393
44 108 401
44 108 358
112 258 262
109 284 392
29 371 445
112 258 445
112 113 262
166 249 262
15 27 61
15 49 61
15 49 458
119 166 411
166 345 411
247 307 346
84 310 360
32 360 363
256 281 345
19 34 493
84 247 310
154 360 363
32 310 360
247 310 346
307 346 472
247 281 307
75 440 450
201 289 471
302 364 384
39 263 450
85 172 268
225 341 487
195 440 450
75 450 472
195 364 450
85 268 417
85 285 487
85 242 417
141 399 440
268 306 417
65 399 440
336 343 453
65 75 440
176 281 307
176 276 472
119 276 411
42 276 472
83 141 252
141 252 299
141 242 299
85 242 344
83 261 305
83 305 460
88 294 333
85 87 285
124 324 413
136 378 433
378 433 494
183 259 494
31 41 491
311 388 464
6 462 464
60 162 253
132 335 388
132 205 478
98 205 332
127 162 330
60 158 184
49 127 458
10 53 330
60 158 330
158 330 332
10 15 458
105 144 304
177 228 316
168 204 465
140 204 465
31 168 465
126 243 462
31 168 491
41 126 462
41 462 491
128 444 468
181 188 241
152 188 334
188 444 468
128 462 491
128 334 491
188 241 468
218 301 372
215 229 293
30 316 372
7 280 442
181 182 241
97 275 316
7 30 218
275 316 415
105 304 313
76 177 228
76 304 313
200 216 320
200 223 380
46 109 473
174 412 467
139 251 424
155 251 424
155 251 467
82 155 467
284 412 435
4 257 350
37 139 424
16 111 488
373 375 397
16 111 380
326 375 435
275 357 415
133 223 357
133 220 492
16 161 488
63 220 418
133 223 264
161 350 488
223 255 264
1 416 498
25 161 498
206 246 410
25 86 470
297 410 470
206 233 410
210 233 431
193 245 328
210 233 239
86 91 328
193 245 288
63 86 418
91 193 328
91 193 239
215 229 303
94 365 452
198 245 427
217 235 238
47 357 415
47 171 303
215 217 235
217 238 303
215 293 452
215 217 303
280 352 442
13 128 292
58 128 292
229 293 352
13 129 292
93 293 352
13 129 361
94 147 365
137 274 451
13 274 451
43 137 274
446 474 477
1 441 463
278 437 499
319 430 489
384 430 489
209 434 441
38 428 471
70 410 431
246 410 431
56 403 463
390 426 431
169 383 473
201 381 421
82 371 467
353 367 483
353 367 446
93 352 420
280 352 420
54 349 447
104 348 484
78 344 460
195 341 440
195 341 364
138 339 425
335 414 478
132 335 478
324 333 413
294 333 413
88 333 344
333 344 460
273 329 482
66 327 423
327 394 423
327 394 419
265 327 382
44 325 401
191 322 323
140 321 465
53 321 465
319 486 489
317 350 416
157 474 477
140 313 321
105 313 321
51 308 396
353 477 483
241 301 468
55 340 423
183 295 494
318 338 469
289 346 472
263 289 472
210 288 406
192 288 309
243 287 465
180 284 375
180 284 373
282 433 494
2 282 311
277 429 432
36 277 338
196 272 379
9 272 379
271 295 494
271 378 494
130 269 423
148 269 298
269 298 423
172 268 341
250 267 456
267 283 449
267 368 449
214 347 407
265 404 499
265 327 499
265 329 382
260 340 376
260 340 356
259 335 414
259 335 494
258 354 493
107 258 493
257 412 435
278 369 437
381 408 421
256 258 354
166 256 258
4 317 350
223 255 380
16 255 380
83 252 460
6 243 287
428 459 471
241 301 372
327 382 419
210 239 288
193 239 288
235 238 406
198 238 309
238 309 406
131 234 487
206 233 246
232 300 475
232 300 455
179 231 407
234 285 487
109 284 373
230 343 453
69 230 374
461 477 483
47 229 415
76 228 304
228 304 438
227 391 496
223 275 357
190 220 328
384 400 485
85 88 344
155 424 439
84 247 281
83 183 295
200 223 275
72 80 479
84 256 281
199 308 386
175 187 369
7 218 420
115 135 438
128 188 444
159 199 368
288 309 406
1 212 317
74 102 476
7 280 420
74 160 455
74 153 476
157 224 461
157 461 477
71 225 364
70 390 436
69 184 453
68 434 441
30 229 415
203 349 447
113 284 412
116 303 427
141 268 440
62 122 396
61 249 392
302 384 485
54 347 448
177 316 372
52 175 385
57 68 425
145 455 497
57 149 339
257 326 435
42 266 343
3 114 355
54 99 448
83 261 295
36 156 338
171 190 303
54 67 362
53 287 332
53 330 332
10 53 96
24 154 363
70 426 431
70 425 441
50 381 408
103 333 460
39 50 381
17 49 162
20 227 405
106 146 164
47 133 357
144 169 304
65 266 343
46 169 473
199 226 368
30 229 352
42 336 343
17 42 336
159 269 449
272 325 401
42 75 266
42 75 472
55 340 389
98 158 205
37 45 221
114 208 391
148 164 283
39 50 364
39 263 289
39 201 381
165 207 469
291 391 496
8 73 102
194 273 482
2 335 388
169 304 383
20 121 227
5 331 369
33 62 318
1 110 297
32 289 471
76 134 152
197 240 484
27 61 392
59 312 318
230 259 414
124 324 333
47 133 492
91 233 239
33 62 396
34 107 358
176 276 281
10 15 27
91 233 410
146 250 267
125 140 313
10 127 458
33 250 296
5 278 409
9 108 402
13 147 451
17 119 249
17 253 336
3 48 355
213 315 495
17 42 276
74 455 497
104 213 348
4 37 317
28 55 389
33 296 312
203 439 447
50 302 364
56 441 463
13 147 361
174 371 467
9 237 402
100 244 486
70 297 410
114 208 437
175 291 369
57 339 425
207 227 359
196 214 379
59 322 323
1 297 470
62 142 165
38 201 421
196 325 490
24 154 393
85 87 88
230 374 414
10 27 96
203 315 349
367 446 457
28 377 389
28 428 459
2 311 388
17 119 276
10 127 330
83 183 259
165 207 254
11 287 465
14 150 475
35 122 189
3 366 482
0 44 120
12 80 479
55 394 423
96 105 144
200 375 397
31 41 126
1 317 416
92 163 234
12 117 481
54 347 379
27 46 169
97 135 275
76 134 313
28 80 428
5 269 314
48 329 355
200 375 380
142 165 254
112 113 174
1 110 441
57 178 474
65 343 399
6 205 332
25 133 264
5 369 409
200 216 473
5 331 385
49 127 162
148 269 449
21 234 285
118 480 495
173 347 407
256 354 493
33 308 396
111 326 375
131 319 486
11 53 465
23 348 484
4 37 257
12 117 479
70 110 297
8 351 359
160 300 455
23 178 474
55 117 394
53 96 321
225 341 364
0 44 325
67 104 213
134 152 334
20 121 175
29 107 358
20 52 175
282 311 464
99 197 443
100 244 382
141 268 306
25 133 220
1 470 498
37 45 317
82 155 371
38 201 471
5 278 314
281 345 411
118 315 495
23 224 240
5 159 385
94 147 451
147 293 365
25 161 255
24 363 471
9 64 237
238 303 427
54 99 443
25 255 264
78 242 299
62 165 318
58 218 301
9 108 401
78 252 460
26 226 368
27 46 392
47 229 303
145 367 483
233 246 431
186 194 387
268 341 440
8 290 359
139 257 412
29 108 237
8 73 290
170 338 469
137 210 406
86 91 470
30 352 442
115 304 383
7 30 442
26 267 368
31 243 465
29 107 445
298 340 423
27 96 169
136 282 433
71 364 430
32 289 310
70 151 390
208 369 437
26 267 456
182 241 372
24 377 471
227 342 391
33 123 308
31 126 243
33 312 318
19 84 360
18 114 391
34 107 493
148 164 260
40 68 441
69 184 374
11 53 287
146 164 231
124 136 282
57 149 474
47 171 220
74 79 153
145 211 455
6 205 464
143 390 431
125 334 491
113 284 392
77 89 337
21 90 234
90 163 234
33 123 456
278 369 409
29 237 447
91 410 470
77 185 337
93 129 292
93 129 293
93 292 420
161 416 498
94 215 452
26 123 226
39 201 289
94 137 451
158 205 478
96 144 169
48 329 482
103 271 295
36 277 429
404 437 499
2 335 494
99 197 236
17 61 249
81 122 405
197 240 370
103 124 136
103 136 271
103 261 305
103 261 295
236 277 338
103 305 460
106 267 283
106 164 283
108 237 402
73 156 429
19 84 493
111 350 488
111 257 350
111 375 380
1 212 463
112 174 445
113 249 262
117 270 481
97 135 316
113 249 392
113 174 412
115 304 438
115 216 473
37 139 257
115 383 473
60 336 453
117 244 270
118 203 315
118 203 454
227 279 342
174 371 445
119 166 249
2 282 494
141 242 417
159 385 386
122 142 405
207 227 254
123 226 308
227 351 359
103 124 333
124 413 462
124 282 462
125 134 313
125 134 334
70 425 436
58 128 301
128 301 468
129 147 361
129 147 293
59 312 322
215 235 406
14 150 461
101 131 486
136 271 378
192 198 288
25 220 418
84 256 493
69 230 453
78 242 344
135 228 438
135 275 320
135 228 316
115 135 320
89 90 337
173 231 407
94 137 406
191 322 448
138 390 425
196 398 407
138 367 390
128 188 334
23 224 474
141 230 343
141 343 399
141 306 417
200 373 397
384 400 489
145 150 211
145 150 461
145 461 483
35 51 189
146 222 231
148 260 356
148 283 449
150 232 475
161 350 416
67 104 443
152 177 181
76 152 177
153 248 429
79 153 248
276 281 411
56 209 441
155 371 439
156 170 338
63 220 328
36 156 429
156 290 469
19 154 360
156 170 469
158 184 478
5 159 269
70 110 441
159 199 386
58 218 420
159 368 449
101 163 486
89 163 486
52 308 386
196 398 490
106 146 267
89 90 163
118 434 454
85 172 487
175 291 496
284 375 435
177 182 372
17 49 61
180 373 375
73 102 476
94 215 406
28 377 459
185 273 329
185 273 337
29 108 358
107 258 445
172 341 487
47 220 492
171 190 220
190 245 427
190 245 328
116 190 303
20 52 308
116 190 427
194 366 387
194 366 482
3 18 366
196 272 325
54 349 362
18 366 395
197 236 277
60 253 336
104 197 484
99 191 448
198 245 288
109 200 373
109 200 473
179 202 231
164 202 231
203 403 439
132 205 464
9 64 379
22 224 461
212 403 463
45 212 403
139 412 467
213 315 362
