20 189 308
13 43 274
211 455 497
248 370 432
232 461 475
347 379 448
207 359 469
117 394 423
282 462 464
132 205 332
141 230 259
311 335 388
10 53 321
30 47 415
229 352 442
177 181 182
74 351 497
74 79 160
23 240 484
22 224 240
36 73 156
68 149 339
70 110 436
246 426 431
23 57 178
16 161 255
138 367 457
57 348 480
95 203 454
222 296 322
197 277 286
99 191 236
236 323 338
191 236 323
79 153 429
290 351 359
36 156 170
59 165 318
165 254 469
26 250 267
33 250 456
164 260 283
33 396 456
35 51 122
227 254 351
208 369 409
265 329 355
377 459 471
319 384 489
71 319 487
87 88 294
131 319 489
39 381 408
201 421 471
263 450 472
244 270 479
55 298 423
0 120 167
214 347 379
38 428 459
42 266 336
71 225 487
319 384 430
131 319 487
60 184 453
253 336 453
2 282 433
103 271 305
183 259 295
6 243 462
13 128 462
6 287 332
98 158 332
125 168 204
10 96 321
30 316 415
177 182 316
169 216 383
135 383 438
139 257 467
116 171 190
37 221 424
221 424 439
63 171 220
200 275 320
111 257 326
63 171 190
58 292 420
192 198 309
13 361 451
145 211 497
157 461 483
143 367 390
150 232 461
8 73 351
36 73 429
74 79 102
73 429 476
153 429 476
79 153 476
14 248 370
197 286 370
104 197 443
23 57 348
22 240 370
14 22 370
353 446 477
157 477 483
157 446 477
157 224 474
57 149 178
143 426 431
25 470 498
70 151 436
70 151 426
138 339 457
57 68 149
56 95 209
95 209 454
57 118 480
209 434 454
67 213 443
54 67 443
67 213 362
54 379 448
173 214 407
54 203 349
95 203 403
45 212 317
54 237 447
403 439 447
173 179 407
108 401 402
0 120 325
44 120 325
196 214 407
164 179 231
106 250 267
51 123 308
106 146 222
106 146 250
173 214 347
296 312 322
99 236 443
36 429 432
59 323 338
59 165 312
59 318 338
156 170 290
170 318 338
8 73 476
207 254 351
207 351 359
207 254 469
142 254 405
62 142 254
20 81 405
62 165 254
20 199 308
35 122 396
62 122 142
227 254 405
51 189 308
20 81 189
199 226 308
267 283 368
159 199 385
148 269 283
283 368 449
5 368 449
187 331 369
175 187 385
199 385 386
186 227 279
227 279 496
291 342 391
208 391 437
208 291 391
18 342 391
48 355 482
18 279 342
3 18 395
273 329 355
186 387 395
3 395 482
186 366 387
3 48 482
114 355 437
273 366 482
273 355 482
265 327 404
148 298 356
327 404 499
130 269 278
355 404 437
269 278 314
130 278 499
270 479 481
244 270 486
244 382 419
265 355 404
265 329 419
21 186 194
100 185 382
131 234 285
71 319 430
201 381 408
384 430 466
89 101 486
80 219 481
50 302 485
38 421 485
38 428 485
80 428 459
260 356 376
12 72 479
72 422 479
12 479 481
117 244 479
117 244 394
117 422 479
66 327 394
260 283 356
28 340 389
148 283 356
24 202 260
376 377 389
84 154 493
24 376 377
24 260 376
38 421 471
38 459 471
32 363 471
363 377 471
84 154 360
44 108 401
44 108 358
112 258 262
109 284 392
29 371 445
27 46 61
112 258 445
46 61 249
113 174 392
61 166 249
166 249 262
15 27 61
17 127 162
15 27 96
119 166 411
49 119 166
166 256 354
84 256 354
84 354 493
307 346 472
201 408 421
131 285 487
195 225 341
75 450 472
85 172 341
87 88 344
85 285 487
242 306 417
141 399 440
65 399 440
65 266 399
141 306 440
119 276 411
259 261 295
69 230 259
141 230 399
83 259 261
78 299 344
242 299 344
78 88 344
305 333 460
261 271 305
294 324 333
85 87 285
103 305 333
124 324 413
136 378 433
31 41 491
124 282 413
311 388 464
6 462 464
282 413 462
60 162 253
132 205 478
335 414 494
98 205 332
60 253 453
184 205 478
127 162 330
60 158 184
49 127 458
158 330 332
105 144 304
177 228 316
134 152 313
140 204 465
126 243 462
31 168 491
41 126 462
41 462 491
128 444 468
152 334 491
152 188 334
188 444 468
128 462 491
128 334 491
182 241 301
58 128 468
218 301 372
30 316 372
7 280 442
58 301 420
182 301 372
181 182 241
182 316 372
7 30 229
115 135 383
304 383 438
105 304 313
76 177 181
76 177 228
76 304 313
144 304 383
115 216 383
169 216 473
109 216 473
200 223 380
109 180 373
109 180 284
46 109 473
249 262 392
174 412 467
174 392 412
82 174 467
155 251 467
82 155 467
212 317 416
37 139 424
297 470 498
373 375 397
326 412 435
326 375 435
133 357 492
275 357 415
133 223 357
133 220 492
63 220 418
70 246 426
25 264 418
161 255 264
70 110 410
350 416 498
206 246 410
70 246 410
206 246 431
206 233 431
210 233 431
210 233 239
193 210 288
193 245 288
63 86 418
63 190 328
91 193 239
193 210 239
94 365 452
245 328 427
217 235 238
116 171 238
116 238 427
30 47 303
30 229 303
215 217 235
217 238 303
93 292 293
7 229 442
280 352 442
7 218 280
93 280 352
58 128 292
229 293 352
93 293 352
129 361 365
129 292 293
129 293 365
13 129 361
94 147 365
137 274 451
13 274 451
43 137 274
161 488 498
481 486 489
270 481 486
184 453 478
364 450 466
278 437 499
139 424 467
25 418 470
306 417 440
50 408 485
408 421 485
19 393 493
154 393 493
392 412 435
132 388 414
24 377 393
363 377 393
353 367 483
353 367 446
367 390 436
143 367 431
147 365 451
361 365 451
356 376 389
340 356 389
349 362 495
104 348 484
55 422 423
348 362 480
213 348 362
291 342 496
195 341 440
28 340 422
6 332 464
159 331 368
5 331 368
132 332 388
326 412 467
44 325 401
322 347 448
173 322 347
191 322 323
284 392 435
317 350 416
105 313 321
309 406 452
353 477 483
281 307 345
302 364 466
241 301 468
252 299 460
1 297 416
183 295 494
294 333 460
295 378 494
289 346 472
263 289 472
210 288 406
192 288 309
243 287 465
180 284 375
269 283 314
2 282 311
281 307 346
218 280 301
9 272 402
272 401 402
272 325 398
148 269 298
172 268 341
266 336 453
266 343 453
161 264 498
25 264 498
263 364 450
39 263 364
78 299 460
258 262 354
83 261 460
69 259 374
259 374 414
258 354 493
107 258 493
256 345 411
4 317 350
223 255 380
16 255 380
83 252 460
252 299 306
141 252 306
141 252 259
251 424 439
251 371 439
14 248 475
247 310 360
84 247 360
247 289 310
244 265 419
6 243 287
198 238 309
232 300 475
222 231 322
247 281 346
230 343 453
230 266 399
230 266 343
229 293 365
228 316 415
76 228 304
228 304 438
97 228 275
228 275 415
176 276 345
223 275 357
80 219 428
384 400 485
219 384 400
219 384 489
215 217 229
216 275 320
215 365 452
215 235 309
215 309 452
84 281 345
84 247 281
200 223 275
78 294 460
2 378 433
128 188 444
302 384 466
68 209 434
159 199 368
288 309 406
65 195 440
79 429 432
75 195 450
74 160 455
31 41 204
157 224 461
115 135 275
12 72 481
52 175 386
85 87 242
179 202 260
91 193 245
3 18 391
277 286 370
170 290 359
65 75 195
63 91 328
53 140 465
208 278 437
62 122 396
19 120 167
185 382 419
185 329 419
302 384 485
257 326 467
280 301 420
83 252 259
86 418 470
77 100 486
57 118 434
149 178 339
69 374 478
10 11 287
3 114 355
211 300 455
54 99 448
54 67 362
16 111 161
42 119 276
332 388 464
366 387 482
115 216 275
56 212 463
350 488 498
20 227 405
79 248 300
79 160 300
47 171 238
16 326 375
19 24 393
46 169 473
367 425 436
51 81 122
45 221 439
199 226 368
45 403 439
45 56 95
154 310 360
42 176 307
42 176 276
42 119 253
272 325 401
42 75 472
16 111 326
98 158 205
77 89 486
37 45 221
39 50 364
283 314 449
40 138 339
183 414 494
106 164 222
39 263 289
39 201 381
335 388 414
55 340 356
190 328 427
18 186 395
18 186 279
121 175 227
20 121 227
5 331 369
1 110 297
2 311 335
33 165 312
10 96 458
55 340 422
197 240 484
124 324 333
91 233 239
33 62 396
47 238 303
34 107 358
130 394 423
10 287 332
51 81 189
10 127 458
10 11 53
33 250 296
21 194 273
219 400 428
0 202 398
109 249 392
0 24 202
77 90 337
3 48 355
215 229 365
261 305 460
118 315 454
74 455 497
104 213 348
32 154 393
4 37 317
33 296 312
21 273 337
50 302 364
56 441 463
133 264 418
0 24 167
9 237 402
51 123 456
23 178 224
100 244 486
69 453 478
29 439 447
35 396 456
157 339 474
53 313 321
105 144 383
235 238 309
42 65 266
42 253 336
9 196 214
7 218 372
82 174 371
63 86 91
21 90 337
59 322 323
222 250 296
79 248 432
4 111 488
133 220 418
1 212 416
21 92 234
71 430 466
58 301 468
10 330 332
367 446 457
8 79 476
28 377 389
109 216 320
10 127 330
2 378 494
45 95 403
84 256 345
32 201 289
11 287 465
242 299 306
110 297 470
146 222 250
53 140 313
9 214 379
152 188 468
165 170 318
200 375 397
34 44 120
66 130 327
27 46 169
28 72 459
4 350 488
110 410 470
97 135 275
40 68 209
200 375 380
55 298 356
112 113 174
33 62 165
1 110 441
54 64 379
5 369 409
40 68 339
42 65 75
217 229 303
21 234 285
118 480 495
40 367 425
11 53 465
23 348 484
130 269 298
425 436 441
4 37 257
87 294 324
160 300 455
19 24 167
3 114 391
19 107 493
19 34 120
362 480 495
20 121 175
29 107 358
1 212 441
20 52 175
282 311 464
100 244 382
130 298 423
72 80 459
20 199 386
31 168 204
28 72 422
37 45 317
82 155 371
158 162 330
197 236 443
20 52 386
101 131 234
297 416 498
57 68 434
0 325 398
22 461 475
40 209 425
7 30 372
91 245 328
118 315 495
23 224 240
54 403 447
94 147 451
159 187 385
35 51 456
9 64 237
54 99 443
19 34 107
86 206 233
400 428 485
26 226 368
261 295 378
261 271 378
104 213 443
13 128 129
90 92 163
203 315 454
42 307 472
15 61 166
145 367 483
145 211 232
268 341 440
272 398 490
29 108 237
87 242 344
125 134 152
137 210 406
71 225 466
41 126 204
314 409 449
387 395 482
26 267 368
29 107 445
32 201 471
132 374 478
85 225 487
8 79 102
27 96 169
85 225 341
136 282 433
32 289 310
32 363 393
112 113 392
5 409 449
279 342 496
195 450 466
34 44 358
60 158 162
36 370 432
357 415 492
85 172 242
16 375 380
9 196 272
124 136 282
47 171 220
100 185 337
4 111 257
86 206 470
87 324 413
77 89 90
21 90 92
36 277 370
92 101 234
268 417 440
86 91 233
29 237 447
93 280 420
93 292 420
26 123 226
39 201 289
94 137 451
111 161 488
15 96 458
404 437 499
152 241 468
2 335 494
128 129 292
77 100 337
81 122 405
197 240 370
74 102 351
103 124 136
244 265 327
175 187 208
103 136 378
170 236 277
66 130 394
105 169 383
106 267 283
106 164 283
247 289 346
54 64 237
108 237 402
176 307 345
29 371 439
46 109 249
8 102 351
109 200 320
211 232 300
78 88 294
112 174 445
112 262 392
114 391 437
158 184 205
157 446 457
47 415 492
37 139 257
244 327 394
174 371 445
49 119 127
54 203 403
119 162 253
17 119 162
179 202 398
89 92 163
122 142 405
238 245 427
123 226 308
26 123 250
123 250 456
251 424 467
103 124 333
125 134 313
126 204 243
212 441 463
276 345 411
204 243 465
59 312 322
130 327 499
103 271 378
72 80 481
101 131 486
132 374 414
133 255 264
192 198 288
133 223 255
69 230 453
159 187 331
135 228 438
97 135 228
94 137 406
191 322 448
196 398 407
128 188 334
125 204 313
131 486 489
143 151 426
143 390 436
200 373 397
143 151 436
145 150 232
145 150 461
145 461 483
248 300 475
206 410 470
94 406 452
179 398 407
178 224 474
152 168 491
152 181 241
32 154 310
40 138 367
56 209 441
45 56 212
155 251 371
73 156 351
156 290 351
125 152 168
203 349 495
157 339 457
164 222 231
39 50 408
140 204 313
165 170 469
166 256 411
49 166 458
196 398 490
15 166 458
89 90 163
89 92 101
117 422 423
96 169 321
76 181 313
105 169 321
36 170 277
170 359 469
166 262 354
118 434 454
172 268 417
175 208 291
175 227 496
175 291 496
175 385 386
284 375 435
170 236 338
178 339 474
164 179 260
173 179 322
179 231 322
180 373 375
152 181 313
183 259 414
209 425 441
28 377 459
185 273 329
185 273 337
29 108 358
186 194 273
107 258 445
186 273 366
187 208 369
17 119 127
47 220 492
208 314 409
116 190 427
110 436 441
195 225 466
196 272 490
219 481 489
54 349 362
197 236 277
104 197 484
99 191 448
198 245 288
109 200 373
198 238 245
203 315 495
145 367 431
172 242 417
208 278 314
9 64 379
22 224 461
14 22 475
