85 207 335
77 166 190
33 141 343
15 242 284
120 200 373
4 265 394
80 369 374
65 67 193
55 121 397
34 95 225
112 226 230
164 211 354
147 219 399
10 19 26
179 248 282
2 13 373
38 136 245
154 261 379
118 168 214
98 156 258
245 248 285
242 284 366
312 355 390
205 312 355
134 176 242
9 111 351
192 204 235
122 137 222
49 99 130
155 304 377
65 86 193
37 55 223
128 254 288
1 204 299
133 370 394
97 213 372
94 128 288
147 170 243
266 369 374
90 97 372
105 212 388
12 90 313
33 160 283
266 368 374
102 212 234
16 70 135
22 66 71
16 148 335
109 233 270
69 293 297
230 297 391
164 211 228
41 69 140
69 112 187
69 140 187
271 368 393
162 271 393
39 156 258
164 276 358
24 228 358
46 175 327
175 190 327
95 314 327
168 278 334
200 231 306
164 228 358
164 276 392
123 302 303
41 69 123
19 51 308
103 203 308
34 108 225
19 26 103
120 200 306
295 359 379
8 151 261
125 231 306
3 17 328
8 60 143
100 231 323
5 88 318
60 201 318
118 166 263
214 250 263
81 151 257
98 188 389
20 77 325
20 77 190
34 46 95
326 363 365
1 46 175
84 132 256
35 174 227
163 178 386
272 370 394
113 375 385
99 130 165
14 44 279
11 111 352
38 177 386
172 285 336
184 186 340
172 179 360
151 257 342
229 244 376
93 189 237
134 176 332
176 222 242
83 134 355
182 205 355
83 355 366
15 23 242
209 269 296
83 242 366
83 134 242
25 104 114
15 252 284
25 137 286
114 209 296
25 137 158
23 104 114
23 104 242
25 104 286
137 222 286
122 280 362
0 239 337
32 122 280
36 122 222
59 280 344
32 280 344
137 158 346
82 319 330
9 262 382
29 59 294
59 280 362
31 273 344
32 273 344
29 82 330
59 92 344
152 319 375
288 347 370
4 161 196
4 272 394
198 272 370
7 31 273
7 273 346
7 158 346
121 199 397
55 155 397
158 208 296
91 128 254
94 288 347
91 185 220
133 347 370
174 227 298
256 298 380
185 220 370
91 185 298
185 227 298
131 132 274
72 256 380
72 79 380
91 128 224
72 79 170
91 220 254
37 55 121
91 224 381
97 199 217
199 217 224
37 65 121
57 208 377
205 312 350
65 67 180
37 65 223
65 86 223
94 155 304
86 223 377
202 209 269
208 304 377
57 86 377
105 315 388
86 193 350
202 269 350
182 355 388
105 193 350
182 315 388
105 315 350
102 212 388
96 102 234
12 30 197
12 197 313
197 313 329
30 197 329
96 102 215
96 215 234
160 283 353
33 215 283
12 30 259
30 234 353
90 313 348
90 97 348
12 259 317
146 259 322
30 259 322
70 246 378
169 246 368
27 183 321
45 251 321
70 135 183
70 183 321
6 183 292
16 207 335
16 70 148
33 85 335
40 135 206
85 207 343
135 183 292
33 85 343
110 206 218
110 218 316
333 356 383
141 316 333
73 145 333
28 307 391
145 333 356
76 145 356
53 109 270
53 109 383
109 233 383
76 142 233
233 356 383
6 27 54
76 233 356
40 52 292
52 76 145
40 135 292
6 54 292
6 27 183
22 251 321
162 211 354
54 62 66
54 62 76
71 162 211
144 157 216
142 233 349
233 270 349
115 270 349
115 142 349
157 210 216
112 210 226
62 144 345
144 216 345
115 226 270
28 307 387
230 307 391
226 230 307
112 210 216
71 211 345
211 216 345
58 140 187
58 187 211
41 140 228
41 123 395
147 164 399
87 324 365
164 264 354
80 147 219
164 264 399
22 54 66
45 162 271
246 368 378
45 271 378
80 368 374
271 368 378
45 162 251
80 147 369
169 266 368
147 243 369
281 317 372
169 281 369
169 266 369
281 369 372
74 213 243
147 164 363
164 363 392
72 159 256
147 170 363
84 132 274
131 256 298
159 326 363
84 204 299
20 325 384
156 235 300
77 325 386
20 106 175
20 106 384
1 175 204
1 299 326
159 299 326
19 42 56
20 175 190
278 314 327
168 278 314
46 95 327
95 108 367
56 108 367
324 363 365
1 326 365
34 87 365
276 324 392
324 363 392
51 364 395
41 228 395
24 138 358
24 228 395
21 28 302
21 302 303
123 203 395
19 103 308
123 203 302
19 51 56
10 19 191
103 203 302
48 103 302
120 191 373
51 56 364
42 56 367
95 108 225
56 108 364
2 42 373
2 42 314
125 231 253
8 60 201
124 200 373
200 231 323
124 200 323
3 119 289
3 10 119
10 119 396
127 289 387
3 289 328
125 253 301
125 306 328
47 101 127
101 127 387
47 117 127
47 101 310
47 117 310
8 154 201
154 253 301
249 268 301
61 250 331
8 154 261
154 359 379
8 143 151
261 295 379
61 236 371
139 310 342
151 261 295
129 221 398
81 143 151
61 250 371
5 100 231
13 168 214
13 100 323
118 168 334
118 214 263
214 250 371
81 143 236
143 236 371
143 214 371
61 136 178
77 166 263
77 178 386
77 178 263
178 263 290
186 221 267
129 257 342
129 221 342
184 340 341
245 340 341
184 341 398
245 285 336
186 267 340
189 338 376
179 311 360
75 139 338
244 338 376
139 244 338
116 229 376
78 99 282
179 282 311
116 167 311
167 311 360
172 179 248
245 336 340
172 248 285
136 163 178
38 136 163
136 245 341
38 245 248
106 339 384
38 163 386
325 339 384
68 177 339
68 106 339
39 49 258
68 188 300
38 188 248
84 126 274
126 131 274
131 132 256
126 131 174
131 174 298
35 198 227
192 235 300
106 175 192
175 192 204
35 198 272
89 165 385
39 49 130
49 99 258
98 258 389
38 177 188
68 177 188
78 195 232
14 275 357
78 99 238
99 165 238
43 113 385
50 165 238
50 165 385
89 130 165
4 196 272
29 59 82
111 240 352
43 50 385
239 260 337
0 82 113
0 59 82
36 260 337
14 357 361
50 357 361
9 260 351
9 153 260
44 262 382
150 153 262
107 150 255
44 262 279
9 153 262
64 195 275
14 275 279
78 195 238
195 275 357
64 107 305
255 305 309
64 107 275
150 153 255
107 150 275
232 277 311
64 195 232
149 277 311
75 189 338
93 149 189
149 189 376
93 149 277
107 255 305
173 237 309
93 173 305
64 232 305
194 237 309
173 305 309
93 173 237
171 194 237
194 255 309
219 393 399
14 361 382
312 350 390
202 350 390
278 327 334
267 320 340
149 311 376
203 308 395
133 304 347
94 304 347
110 316 343
295 310 342
291 320 336
229 291 336
284 355 366
267 291 320
139 267 291
250 263 331
259 281 317
84 256 299
53 270 307
248 282 389
243 369 372
240 352 361
234 283 353
215 234 283
232 282 311
78 232 282
176 222 332
80 219 368
102 215 388
222 242 286
161 196 294
120 191 328
184 186 398
182 205 350
21 181 303
177 325 386
182 315 350
171 194 255
153 171 255
75 171 189
171 189 237
18 170 380
226 270 307
169 246 259
70 321 378
169 259 281
180 313 348
188 248 389
118 166 334
166 190 334
190 327 334
72 159 170
156 188 300
154 249 359
154 201 231
152 375 385
89 152 385
152 319 330
150 262 279
11 361 382
116 311 376
79 170 380
146 148 322
148 287 335
148 287 322
144 157 210
88 143 318
142 210 226
115 142 226
141 333 383
53 141 383
58 140 211
140 211 228
139 229 244
162 264 393
138 364 395
24 138 395
138 276 358
136 341 398
61 136 398
254 288 370
127 289 328
128 199 397
127 268 328
126 204 235
61 236 398
50 195 357
63 297 391
139 221 267
59 92 161
66 71 345
117 127 249
43 111 113
42 191 373
19 42 191
154 249 301
219 368 393
35 126 235
51 308 395
5 201 231
22 162 251
57 86 350
5 13 100
33 160 287
150 275 279
33 287 335
26 48 103
91 380 381
139 221 342
31 133 394
154 231 253
30 212 234
30 212 329
28 48 302
42 95 314
5 88 143
30 160 287
30 160 353
28 63 181
177 325 339
48 387 396
35 156 235
104 242 286
21 28 181
111 113 351
122 273 346
213 243 372
10 17 191
10 26 396
26 241 396
1 34 46
26 48 241
29 196 330
12 317 372
65 97 199
3 10 17
35 126 174
18 170 243
36 247 332
16 206 207
48 241 396
159 256 299
7 31 304
5 13 214
52 54 76
0 59 362
116 172 360
5 143 214
13 124 373
43 50 361
40 73 218
162 264 354
81 129 236
15 114 209
60 143 318
4 92 265
15 202 252
202 252 284
98 156 188
43 111 240
35 89 272
87 138 364
28 48 387
159 170 363
122 137 346
11 352 361
43 240 361
2 13 168
31 133 304
14 44 382
119 387 396
12 90 372
18 217 381
2 168 314
42 95 367
4 92 161
5 201 318
18 74 243
33 215 388
117 295 359
185 198 227
63 293 297
18 74 217
87 138 324
15 23 114
55 223 377
11 111 382
35 39 130
57 208 296
13 124 323
186 221 398
31 92 265
82 113 375
89 196 272
45 321 378
181 293 303
18 380 381
9 111 382
40 52 145
22 71 162
87 108 364
129 236 398
31 92 344
63 181 293
152 196 330
106 192 300
125 268 301
22 54 321
17 191 328
151 295 342
202 284 390
55 155 377
185 198 370
57 269 296
57 269 350
59 161 294
263 290 331
128 199 224
116 229 336
15 202 209
40 73 145
52 54 292
142 144 210
61 290 331
27 54 321
74 97 213
81 129 257
264 393 399
139 229 291
28 63 391
217 224 381
7 158 208
117 249 359
65 180 348
68 106 300
36 222 332
62 66 345
67 180 313
16 135 206
62 76 144
40 206 218
69 112 230
69 230 297
30 287 322
70 246 259
70 148 259
73 218 316
94 128 397
73 316 333
65 121 199
74 97 217
320 336 340
61 178 290
220 254 370
76 142 144
7 208 304
141 316 343
138 276 324
93 232 305
69 123 293
127 249 268
146 148 259
82 319 375
34 87 108
89 152 196
114 158 296
93 232 277
125 268 328
91 298 380
65 97 348
99 258 389
99 282 389
35 39 156
84 126 204
105 313 329
105 193 313
105 212 329
31 265 394
120 306 328
113 239 260
110 206 207
110 207 343
112 187 211
1 34 365
94 155 397
112 211 216
0 337 362
284 355 390
0 113 239
113 260 351
29 196 294
50 195 238
25 114 158
35 89 130
116 172 336
116 167 360
117 295 310
119 289 387
32 122 273
122 337 362
36 122 337
123 293 303
67 193 313
