202 252 390
33 141 343
284 366 390
120 200 373
14 352 361
32 122 137
128 224 397
252 284 390
4 265 394
65 67 193
55 121 397
34 95 225
30 322 353
52 73 145
202 312 350
112 226 230
10 26 241
10 19 26
268 289 328
262 275 279
154 261 379
118 168 214
11 14 352
232 277 305
229 320 336
245 248 285
242 284 366
312 355 390
205 312 355
192 204 235
122 137 222
202 312 390
7 31 133
49 99 130
94 133 304
155 304 377
7 158 304
65 86 193
128 254 288
133 370 394
94 128 288
65 97 180
74 213 217
105 212 388
176 222 247
97 180 348
33 160 283
33 102 388
266 368 374
160 287 335
215 283 353
30 234 329
110 206 343
48 103 241
22 66 71
16 148 335
62 76 142
164 211 228
41 69 140
69 112 187
142 144 157
271 368 393
39 156 258
164 276 358
24 228 358
46 175 327
95 314 327
168 278 334
200 231 306
164 228 358
164 276 392
24 138 364
123 302 303
41 69 123
19 51 308
103 203 308
34 108 225
120 200 306
26 103 241
117 127 268
295 359 379
8 151 261
3 17 328
249 301 359
5 231 318
8 60 143
100 231 323
5 88 318
250 290 331
5 88 214
60 201 318
118 166 263
139 267 320
81 151 257
98 188 389
34 46 95
220 288 370
325 339 386
163 178 386
92 265 344
113 375 385
99 130 165
111 113 240
14 44 279
11 111 352
38 177 386
172 285 336
184 186 340
151 257 342
134 176 332
176 247 332
36 222 247
83 134 355
182 205 355
83 355 366
209 269 296
83 242 366
355 366 390
83 134 242
104 222 242
15 252 284
114 209 296
25 137 158
23 104 114
23 104 242
104 222 286
32 137 273
137 222 286
36 122 362
122 280 362
0 239 337
32 122 280
36 122 222
137 273 346
137 158 346
36 337 362
9 262 382
29 59 294
59 337 362
59 280 362
29 82 330
29 294 330
288 347 370
133 265 394
31 133 265
198 272 370
4 161 265
7 273 346
7 133 304
7 158 346
31 265 344
92 161 265
55 155 397
91 128 254
94 288 347
94 133 347
220 254 288
91 185 220
198 227 370
133 347 370
174 227 298
185 227 370
185 220 370
131 132 274
72 256 380
72 79 380
91 128 224
72 79 170
91 220 254
91 224 381
97 199 217
37 65 121
57 208 377
180 193 348
205 312 350
65 67 180
67 180 193
37 65 223
65 86 223
94 155 304
86 223 377
202 209 269
208 304 377
57 86 377
86 193 350
202 269 350
182 355 388
105 193 350
105 315 350
105 193 212
102 212 388
33 102 215
193 313 348
193 313 329
90 317 372
12 30 197
12 197 313
193 212 329
197 313 329
212 234 329
30 197 329
96 102 215
96 215 234
33 215 283
12 30 259
90 313 348
90 97 348
146 246 259
12 259 317
146 148 335
146 259 322
30 259 322
70 246 378
45 251 321
16 135 207
6 183 292
16 70 148
206 207 343
135 206 207
40 135 206
85 207 343
52 76 292
135 183 292
33 85 343
110 141 316
110 206 218
333 356 383
110 141 343
28 307 391
73 218 333
76 145 356
53 109 270
115 210 226
53 109 383
109 233 383
6 27 54
40 52 292
52 76 145
40 135 292
6 54 292
6 27 183
22 251 321
54 76 292
62 66 71
162 211 354
54 62 66
62 142 144
54 62 76
71 162 211
144 157 216
115 142 210
142 157 210
115 270 349
115 142 349
112 210 226
144 216 345
53 226 270
115 226 270
53 226 307
28 307 387
226 230 307
112 230 297
58 187 211
41 140 228
41 123 395
147 164 399
1 46 365
87 324 365
164 264 399
22 71 251
22 54 66
246 368 378
45 271 378
80 368 374
271 368 378
71 162 251
147 243 369
281 317 372
169 246 281
18 74 170
97 213 217
74 213 243
213 243 369
74 170 243
147 164 363
164 363 392
72 159 256
72 170 363
84 132 274
72 159 363
34 46 365
159 326 363
84 204 299
156 235 300
77 325 386
20 106 175
20 106 384
159 299 326
84 159 299
19 42 56
278 314 327
168 278 314
46 95 327
95 108 367
56 108 367
1 326 365
34 87 365
276 324 392
324 363 392
24 138 358
21 28 302
21 302 303
123 203 395
123 203 302
19 51 56
103 203 302
48 103 302
10 241 396
120 191 373
42 56 367
95 108 225
2 42 373
2 42 314
201 231 318
124 200 373
200 231 323
124 200 323
3 119 289
119 289 396
3 289 328
127 268 289
125 253 301
295 310 359
117 249 268
47 101 127
101 127 387
47 117 127
47 101 310
47 117 310
154 253 301
249 268 301
61 250 331
8 154 261
8 143 151
261 295 379
61 236 371
81 236 257
139 310 342
151 261 295
129 221 398
81 143 151
61 250 371
5 100 231
13 168 214
13 100 323
13 100 214
118 168 334
118 214 263
214 250 371
5 100 214
81 143 236
88 143 214
143 236 371
143 214 371
77 166 263
77 178 386
77 178 263
178 263 290
186 221 267
129 257 342
129 236 257
129 221 342
139 267 342
184 340 341
184 341 398
221 267 342
186 267 340
139 291 320
189 338 376
179 311 360
75 139 338
244 338 376
172 229 336
78 99 282
179 282 311
116 167 311
167 311 360
116 167 172
172 179 248
172 248 285
116 172 229
136 163 178
38 136 163
38 245 248
106 339 384
38 163 386
177 339 386
325 339 384
68 177 339
39 49 258
38 188 248
84 126 274
131 174 298
106 175 192
175 192 204
99 258 282
35 130 156
39 130 156
152 196 319
89 165 385
39 49 130
49 99 258
98 188 300
98 258 389
38 177 188
258 282 389
78 195 232
89 375 385
99 165 238
50 165 238
50 165 385
89 130 165
0 59 337
111 240 352
43 50 385
113 319 375
239 260 337
36 260 337
14 357 361
50 357 361
9 260 351
9 153 260
150 153 262
107 150 255
153 171 194
9 153 262
14 275 279
64 107 305
64 107 275
150 153 255
107 150 275
150 262 275
232 277 311
64 195 232
149 277 311
75 189 338
149 189 376
93 149 277
93 277 305
93 173 305
64 232 305
173 305 309
93 173 237
171 194 237
219 393 399
9 351 382
278 327 334
267 320 340
90 313 317
12 313 317
149 311 376
203 308 395
158 296 304
295 310 342
244 291 338
283 287 322
160 283 287
44 279 382
262 279 382
32 273 280
169 266 281
266 281 369
259 281 317
98 258 300
162 251 393
169 246 266
246 266 368
251 271 393
170 243 363
43 240 385
240 352 361
141 316 383
232 282 311
78 232 282
245 285 340
301 359 379
80 219 368
214 250 290
213 281 369
161 196 294
68 192 339
106 192 339
120 191 328
184 186 398
182 205 350
21 181 303
179 188 389
179 282 389
324 326 363
35 174 198
173 194 309
173 194 237
182 315 350
75 171 189
171 189 237
18 170 380
246 259 281
156 258 300
70 321 378
167 179 360
118 166 334
166 190 334
190 327 334
93 149 237
149 189 237
116 311 376
283 322 353
79 170 380
80 147 374
147 266 369
211 264 354
88 143 318
53 141 383
58 140 211
140 211 228
125 231 328
162 264 393
138 276 358
136 341 398
61 136 398
61 136 331
134 176 222
131 132 380
84 132 159
132 159 256
131 298 380
127 387 396
127 289 396
147 243 363
126 204 235
61 236 398
134 222 242
51 108 364
51 56 108
0 113 319
50 195 357
63 297 391
116 229 244
59 92 161
1 46 204
4 370 394
42 191 373
58 69 140
19 42 191
107 305 309
80 147 399
219 368 393
35 126 235
51 308 395
57 86 350
213 281 372
68 235 300
91 380 381
30 215 234
28 48 302
42 95 314
147 266 374
77 325 384
28 63 181
48 387 396
91 185 227
35 156 235
68 177 300
21 28 181
111 113 351
30 215 353
174 198 227
27 70 183
19 26 308
38 245 340
65 97 199
105 182 388
136 178 290
45 251 271
136 290 331
3 10 17
8 60 154
35 126 174
14 64 275
60 154 253
70 146 246
11 351 382
48 241 396
10 17 19
139 291 338
146 287 322
20 175 327
132 256 380
121 224 397
113 240 385
0 82 319
112 293 297
13 124 373
230 297 307
0 29 82
43 50 361
17 19 191
71 144 345
24 41 395
162 264 354
15 114 209
60 143 318
15 202 252
73 145 356
20 77 166
153 194 309
3 119 396
76 142 349
87 138 364
28 48 387
244 291 320
89 198 272
126 174 274
43 240 361
14 44 382
0 29 59
16 70 183
18 199 224
164 211 264
7 273 344
3 10 396
42 95 367
196 294 330
105 182 315
69 112 293
161 196 272
125 201 231
177 188 300
14 195 357
63 293 297
204 299 326
16 85 207
18 74 217
11 14 382
87 138 324
15 23 114
55 223 377
20 166 190
273 280 344
57 208 296
38 136 341
13 124 323
55 121 223
16 135 183
23 242 284
11 111 351
186 221 398
110 218 333
107 255 309
214 263 290
2 314 373
89 196 272
58 69 187
27 70 321
60 201 253
46 175 204
20 190 327
324 326 365
18 224 381
45 321 378
181 293 303
24 51 364
18 380 381
15 23 284
7 31 344
153 255 309
87 108 364
129 236 398
38 340 341
24 51 395
26 103 308
63 181 293
90 97 213
4 161 272
13 168 373
52 73 218
125 268 301
1 204 326
22 54 321
17 191 328
20 77 384
151 295 342
4 272 370
55 155 377
57 269 296
57 269 350
168 314 373
59 161 294
167 172 179
15 202 209
82 196 330
85 160 335
27 54 321
208 296 304
264 393 399
125 201 253
28 63 391
37 121 223
90 213 372
117 249 359
59 92 280
40 206 218
121 199 224
70 146 148
146 287 335
62 71 144
71 211 216
112 157 216
94 128 397
65 121 199
73 333 356
320 336 340
154 301 379
33 85 160
131 174 274
14 64 195
24 41 228
76 233 349
76 356 383
96 212 234
76 233 383
179 188 248
138 276 324
96 102 212
69 123 293
80 219 399
89 152 319
316 333 383
82 196 319
40 52 218
34 87 108
229 244 320
89 152 196
35 89 198
89 319 375
92 280 344
91 227 298
114 158 296
125 268 328
78 99 195
91 298 380
297 307 391
231 306 328
84 126 204
285 336 340
116 244 376
120 306 328
113 239 260
109 270 349
109 233 349
99 195 238
110 316 333
112 157 210
112 187 211
94 155 397
112 211 216
0 113 239
68 192 235
113 260 351
25 114 137
71 216 345
114 137 286
50 195 238
25 114 158
104 114 286
35 89 130
16 85 335
117 310 359
18 199 217
123 293 303
