85 207 335
33 141 343
15 242 284
120 200 373
14 352 361
128 224 397
11 44 382
4 265 394
80 369 374
65 67 193
65 97 121
55 121 397
34 95 225
30 322 353
52 73 145
202 312 350
112 226 230
10 26 241
264 354 393
80 368 393
164 211 354
10 19 26
179 248 282
2 13 373
17 120 191
262 275 279
154 261 379
118 168 214
98 156 258
11 14 352
232 277 305
245 248 285
242 284 366
312 355 390
205 312 355
192 204 235
202 312 390
156 174 235
65 86 193
128 254 288
133 370 394
94 128 288
266 369 374
65 97 180
74 213 217
105 212 388
176 222 247
97 180 348
12 90 313
33 160 283
102 212 234
215 283 353
146 322 335
218 316 333
162 354 393
22 66 71
112 187 216
16 148 335
22 27 54
28 297 391
51 203 395
230 297 391
69 112 187
69 140 187
271 368 393
164 276 358
24 228 358
46 175 327
95 314 327
168 278 334
200 231 306
164 276 392
24 138 364
123 302 303
19 51 308
103 203 308
34 108 225
120 200 306
295 359 379
8 151 261
3 17 328
5 231 318
5 88 318
250 290 331
5 88 214
60 201 318
118 166 263
214 250 263
60 88 143
139 267 320
81 151 257
98 188 389
34 46 95
326 363 365
35 174 227
163 178 386
272 370 394
92 265 344
113 375 385
99 130 165
11 14 44
111 113 240
14 44 279
38 177 386
172 285 336
184 186 340
172 179 360
151 257 342
134 176 332
176 247 332
36 222 247
83 134 355
182 205 355
83 355 366
15 23 242
83 242 366
83 134 242
104 222 242
15 252 284
15 23 209
15 209 252
25 158 296
25 137 286
114 209 296
25 114 296
25 137 158
23 104 242
104 222 286
36 122 362
122 280 362
0 239 337
32 122 280
36 122 222
137 158 346
36 337 362
9 262 382
29 59 294
92 161 294
29 82 330
59 92 344
152 319 375
288 347 370
4 161 196
4 272 394
198 272 370
59 92 294
4 161 265
7 273 346
7 133 304
7 158 346
31 265 344
92 161 265
158 208 296
91 128 254
94 288 347
91 185 220
133 347 370
174 227 298
298 380 381
131 132 274
72 256 380
72 79 380
91 128 224
91 220 254
91 298 381
97 121 199
91 224 381
97 199 217
199 217 224
37 65 121
57 208 377
180 193 348
205 312 350
65 67 180
67 180 193
37 65 223
65 86 223
94 155 304
55 155 223
155 223 377
202 209 269
57 208 269
86 193 350
202 209 252
202 269 350
182 355 388
105 193 350
105 315 350
102 212 388
193 313 348
96 102 234
12 30 197
12 197 313
197 313 329
30 197 329
160 287 353
160 283 353
33 215 283
30 234 353
90 313 348
90 97 348
146 246 259
12 259 317
146 148 335
146 259 322
287 322 353
70 246 378
27 183 321
70 183 321
6 183 292
16 207 335
16 70 148
287 322 335
33 85 335
40 135 206
85 207 343
52 76 292
135 183 292
33 85 343
110 206 218
110 218 316
333 356 383
141 316 333
73 145 333
28 307 391
145 333 356
73 218 333
53 333 383
76 145 356
53 141 333
53 109 270
115 210 226
53 109 383
109 233 383
76 142 233
6 27 54
40 52 292
52 76 145
40 135 292
6 54 292
6 27 183
54 76 292
22 27 321
162 211 354
54 62 66
54 62 76
144 157 216
142 233 349
115 270 349
157 210 216
112 210 226
62 144 345
144 216 345
115 226 270
28 307 387
230 307 391
226 230 307
28 63 297
112 230 297
21 293 303
112 210 216
187 211 216
58 140 187
58 187 211
41 140 228
41 123 395
87 324 364
164 264 354
164 264 399
22 54 66
246 368 378
45 271 378
80 368 374
271 368 378
45 162 251
80 147 369
80 219 393
147 243 369
281 317 372
169 281 369
169 266 369
97 213 217
74 213 243
213 243 369
72 159 256
84 132 274
159 326 363
84 204 299
156 235 300
77 325 386
20 106 175
20 106 384
159 299 326
84 159 299
19 42 56
278 314 327
95 314 367
168 278 314
46 95 327
95 108 367
56 108 367
1 326 365
34 87 365
276 324 392
324 363 392
41 228 395
51 203 308
24 138 358
24 228 395
21 28 302
21 181 293
21 302 303
123 203 395
123 203 302
19 51 56
103 203 302
28 302 387
48 302 387
48 103 302
10 241 396
120 191 373
51 56 364
42 56 367
95 108 225
56 108 364
42 314 367
2 42 373
2 42 314
125 231 253
201 231 318
124 200 373
124 200 323
3 119 289
119 289 396
3 289 328
125 253 301
117 249 268
47 101 127
101 127 387
47 101 310
47 117 310
154 253 301
249 268 301
60 88 318
8 154 261
154 359 379
261 295 379
61 236 371
139 310 342
129 221 398
13 168 214
13 100 323
13 100 214
118 168 334
118 214 263
214 250 371
5 100 214
81 143 236
88 143 214
143 236 371
143 214 371
61 136 178
61 129 398
77 166 263
250 263 290
178 263 290
61 129 236
186 221 267
129 257 342
129 221 342
139 267 342
245 340 341
245 285 336
221 267 342
186 267 340
139 291 320
139 244 291
189 338 376
179 311 360
244 338 376
229 244 291
179 282 311
116 167 311
167 311 360
172 179 248
245 336 340
172 248 285
136 163 178
38 136 163
38 245 248
106 339 384
38 163 386
325 339 384
68 177 339
68 188 300
38 188 248
84 126 274
126 131 274
131 132 256
126 131 174
131 174 298
35 198 227
126 174 235
106 175 192
175 192 204
35 198 272
35 130 156
35 156 174
39 130 156
152 196 319
98 156 300
49 99 258
98 188 300
98 258 389
188 248 282
38 177 188
68 177 188
258 282 389
188 282 389
78 195 232
14 275 357
89 130 165
4 196 272
43 50 385
113 319 375
239 260 337
36 260 337
14 357 361
50 357 361
9 260 351
9 153 260
44 262 382
153 171 194
44 262 279
9 153 262
14 275 279
64 107 305
255 305 309
107 150 275
232 277 311
64 195 232
75 189 338
116 149 376
149 189 376
107 255 305
93 173 305
64 232 305
173 305 309
93 173 237
219 393 399
9 351 382
184 340 398
278 327 334
267 320 340
133 304 347
94 304 347
110 316 343
295 310 342
291 320 336
229 291 336
284 355 366
138 276 364
32 273 280
77 263 386
178 263 386
151 261 342
261 295 342
259 281 317
53 270 307
169 246 266
170 243 363
43 240 385
240 352 361
232 282 311
78 232 282
213 281 369
164 211 358
211 228 358
142 210 349
208 209 269
185 198 220
161 196 294
59 344 362
68 192 339
106 192 339
184 186 398
182 205 350
177 325 386
173 194 309
182 315 350
75 171 189
171 189 237
171 173 237
226 270 307
169 246 259
70 321 378
169 259 281
118 166 334
166 190 334
190 327 334
162 211 216
72 159 170
154 249 359
154 201 231
150 153 275
152 375 385
89 152 385
93 149 237
149 189 237
276 324 364
246 266 374
144 157 210
58 140 211
140 211 228
125 231 328
138 276 358
136 341 398
61 136 398
134 176 222
84 132 159
198 220 370
132 159 256
131 256 380
171 173 194
131 298 380
127 387 396
254 288 370
127 289 396
127 289 328
127 268 328
147 243 363
126 204 235
134 222 242
61 331 371
0 113 319
50 195 357
50 89 165
50 89 385
116 229 244
39 49 156
47 127 268
1 46 204
66 71 345
47 117 268
42 191 373
19 42 191
115 210 349
154 249 301
39 99 130
39 49 99
80 147 399
38 245 341
22 162 251
57 86 350
213 281 372
68 235 300
33 160 287
33 287 335
32 273 346
26 48 103
154 231 253
149 277 305
30 212 234
30 212 329
45 162 393
12 30 322
77 325 384
28 63 181
177 325 339
48 387 396
91 185 227
21 28 181
111 113 351
96 102 388
57 223 377
155 208 377
19 26 308
1 34 46
26 48 241
29 196 330
12 259 322
12 317 372
105 182 388
3 10 17
8 60 154
7 31 394
11 111 240
18 170 243
70 146 246
16 206 207
11 351 382
48 241 396
10 17 19
147 363 399
20 175 327
121 224 397
113 240 385
0 59 362
116 172 360
0 82 319
112 293 297
13 124 373
0 29 82
43 50 361
17 19 191
81 129 236
202 252 284
32 122 346
5 200 231
20 77 166
18 72 79
153 194 309
3 119 396
35 89 272
280 344 362
159 170 363
122 137 346
11 240 352
43 240 361
2 13 168
71 162 216
0 29 59
16 70 183
12 90 372
7 273 344
2 168 314
3 10 396
17 120 328
105 182 315
69 112 293
18 74 243
33 215 388
117 295 359
185 198 227
63 293 297
204 299 326
55 94 155
18 74 217
20 166 190
273 280 344
100 200 323
38 136 341
13 124 323
55 121 223
50 99 165
16 135 183
11 111 351
186 221 398
22 45 321
49 156 258
89 196 272
18 72 170
87 324 363
46 175 204
20 190 327
18 224 381
45 321 378
5 100 200
24 51 364
18 380 381
22 71 162
7 31 344
153 255 309
87 108 364
24 51 395
26 103 308
87 363 365
18 217 224
63 181 293
90 97 213
52 73 218
125 268 301
1 204 326
20 77 384
155 208 304
202 284 390
8 81 151
57 86 223
57 269 350
8 60 81
250 331 371
116 229 336
82 196 330
340 341 398
96 215 353
107 275 357
60 154 201
164 392 399
122 137 286
142 144 210
61 290 331
81 129 257
264 393 399
55 94 397
37 121 223
90 213 372
7 158 208
117 249 359
62 66 345
16 135 206
62 76 144
40 206 218
121 199 224
70 146 148
50 99 238
93 149 305
94 128 397
320 336 340
75 244 338
61 178 290
75 139 244
220 254 370
18 79 380
76 142 144
7 208 304
76 356 383
141 316 343
76 233 383
78 99 258
78 258 282
69 123 293
80 219 399
82 196 319
40 52 218
34 87 108
22 45 251
96 215 388
89 152 196
7 133 394
45 271 393
91 227 298
125 268 328
78 99 195
153 262 275
96 234 353
208 209 296
231 306 328
23 104 209
84 126 204
104 114 209
105 313 329
105 193 313
105 212 329
116 244 376
107 153 255
107 150 153
31 265 394
64 107 195
107 195 357
120 306 328
113 239 260
109 270 349
109 233 349
110 206 207
110 207 343
99 195 238
1 34 365
0 337 362
284 355 390
0 113 239
68 192 235
113 260 351
363 392 399
29 196 294
71 216 345
50 195 238
25 114 286
104 114 286
35 89 130
116 149 277
41 123 140
116 277 311
116 172 336
116 167 360
117 295 310
246 368 374
60 81 143
122 222 286
69 123 140
123 293 303
