33 141 343
120 200 373
32 122 137
128 224 397
11 44 382
4 265 394
80 369 374
65 67 193
65 97 121
55 121 397
34 95 225
30 322 353
52 73 145
202 312 350
164 211 354
10 19 26
38 136 245
262 275 279
154 261 379
232 277 305
245 248 285
242 284 366
312 355 390
205 312 355
9 111 351
89 152 375
122 137 222
202 312 390
7 31 133
94 133 304
155 304 377
65 86 193
37 55 223
128 254 288
1 204 299
97 213 372
147 170 243
266 369 374
90 97 372
65 97 180
74 213 217
105 212 388
97 180 348
12 90 313
33 160 283
33 102 388
266 368 374
215 283 353
110 206 343
22 66 71
16 148 335
62 76 142
22 27 54
28 297 391
164 211 228
41 69 140
69 112 187
271 368 393
39 156 258
164 276 358
24 228 358
46 175 327
58 140 228
168 278 334
200 231 306
164 228 358
164 276 392
24 138 364
123 302 303
41 69 123
103 203 308
34 108 225
19 26 103
120 200 306
295 359 379
8 151 261
125 231 306
3 17 328
249 301 359
5 231 318
13 323 373
5 88 318
250 290 331
13 168 314
5 88 214
60 201 318
214 250 263
60 88 143
139 267 320
81 151 257
98 188 389
20 77 325
190 278 334
178 290 331
34 46 95
326 363 365
1 46 175
84 126 235
220 288 370
325 339 386
113 375 385
99 130 165
11 14 44
111 113 240
11 111 352
38 177 386
172 285 336
184 186 340
172 179 360
151 257 342
229 244 376
134 176 332
36 222 247
83 134 355
182 205 355
83 355 366
15 23 242
209 269 296
83 242 366
83 134 242
25 158 296
25 137 286
25 137 158
23 104 114
23 104 242
137 222 286
122 280 362
0 239 337
32 122 280
36 122 222
59 280 344
137 158 346
9 262 382
29 59 294
59 337 362
92 161 294
59 280 362
31 273 344
29 82 330
59 92 344
152 319 375
29 294 330
288 347 370
161 294 330
198 272 370
59 92 294
4 161 265
7 31 273
7 273 346
7 133 304
7 158 346
92 161 265
121 199 397
55 155 397
158 208 296
91 128 254
220 254 288
91 185 220
198 227 370
174 227 298
256 298 380
298 380 381
18 74 381
131 132 274
72 256 380
74 224 381
72 79 380
91 128 224
72 79 170
74 217 224
91 220 254
91 298 381
97 121 199
37 55 121
91 224 381
199 224 397
97 199 217
199 217 224
37 65 121
57 208 377
205 312 350
65 67 180
37 65 223
65 86 223
94 155 304
202 209 269
57 86 269
208 304 377
86 193 350
182 355 388
105 193 350
105 315 350
102 212 388
33 102 215
12 30 197
12 197 313
197 313 329
30 197 329
96 102 215
33 215 283
30 234 353
90 313 348
90 97 348
12 259 317
146 259 322
45 251 321
6 183 292
16 70 148
287 322 335
206 207 343
40 135 206
85 207 343
52 76 292
135 183 292
33 85 343
110 206 218
40 73 206
110 218 316
333 356 383
141 316 333
28 307 391
40 52 73
73 206 218
53 333 383
76 145 356
53 141 333
53 109 270
115 210 226
53 109 383
109 233 383
76 142 233
233 356 383
6 27 54
76 233 356
40 52 292
52 76 145
40 135 292
6 54 292
6 27 183
22 251 321
54 76 292
22 27 321
62 66 71
162 211 354
62 71 345
54 62 66
62 142 144
54 62 76
144 157 216
115 142 210
142 233 349
115 270 349
115 142 349
62 144 345
144 216 345
53 226 270
115 226 270
53 226 307
28 307 387
226 230 307
63 181 297
28 63 297
112 230 297
181 293 297
58 187 211
41 140 228
41 123 395
1 46 365
164 264 354
164 264 399
22 54 66
45 70 321
45 271 378
80 368 374
271 368 378
80 147 369
147 243 369
281 317 372
281 369 372
97 213 217
74 213 243
72 159 256
72 170 363
147 170 363
84 132 274
131 256 298
72 159 363
34 46 365
159 326 363
84 204 299
68 192 300
20 325 384
156 235 300
68 106 192
77 325 386
20 106 175
1 175 204
1 299 326
159 299 326
84 159 299
19 191 373
190 278 327
168 278 314
46 95 327
56 108 367
1 326 365
276 324 358
34 87 365
276 324 392
324 363 392
24 138 358
138 324 358
58 211 228
21 28 302
21 302 303
123 203 395
123 203 302
19 51 56
10 19 191
48 241 387
103 203 302
28 302 387
48 302 387
48 103 302
241 387 396
120 191 373
51 56 364
42 56 367
56 108 364
2 42 373
2 42 314
125 231 253
201 231 318
8 60 201
124 200 373
124 323 373
124 200 323
3 119 289
3 10 119
10 119 396
127 289 387
127 268 289
125 253 301
125 306 328
295 310 359
117 249 268
249 310 359
47 101 127
101 127 387
47 101 310
117 249 310
47 117 310
8 154 201
154 301 359
154 253 301
249 268 301
60 88 318
8 154 261
154 359 379
261 295 379
61 236 371
151 295 310
81 236 257
139 310 342
151 261 295
129 221 398
81 143 151
13 100 323
214 250 371
81 143 236
88 143 214
143 236 371
143 214 371
77 166 263
250 263 290
178 263 290
186 221 267
151 310 342
184 221 398
129 257 342
129 236 257
129 221 342
139 267 342
184 186 221
184 340 341
245 340 341
184 341 398
245 285 336
267 336 340
221 267 342
186 267 340
139 291 320
267 320 336
139 244 291
189 338 376
179 311 360
75 139 338
244 338 376
139 244 338
229 244 291
116 229 376
172 229 336
78 99 282
179 282 311
116 167 311
167 311 360
172 179 248
245 336 340
172 248 285
116 172 229
136 163 178
38 136 163
136 245 341
38 245 248
38 163 386
177 339 386
325 339 384
68 177 339
68 106 339
39 49 258
38 188 248
84 126 274
126 131 274
131 132 256
126 131 174
131 174 298
192 235 300
126 174 235
106 175 192
175 192 204
152 196 319
89 165 385
49 99 258
98 258 389
38 177 188
68 177 188
188 282 389
195 238 357
78 195 232
89 375 385
14 275 357
99 165 238
43 113 385
50 165 238
50 165 385
89 130 165
0 59 337
161 196 330
111 240 352
43 50 240
43 50 385
0 113 260
0 239 260
239 260 337
0 82 113
36 260 337
75 171 237
111 113 260
111 260 351
43 113 240
14 357 361
9 260 351
9 153 260
44 262 382
107 150 255
153 171 194
44 262 279
9 153 262
195 275 357
64 107 305
150 153 255
107 150 275
232 277 311
64 195 232
75 189 338
116 149 376
93 149 189
149 189 376
93 149 277
173 237 309
93 277 305
93 173 305
64 232 305
194 237 309
173 305 309
93 173 237
171 194 237
219 393 399
13 314 373
203 308 395
110 316 343
291 320 336
229 291 336
284 355 366
283 287 322
160 283 287
32 273 280
266 368 378
169 266 378
169 266 281
266 281 369
259 281 317
98 258 300
162 251 393
243 369 372
251 271 393
15 242 252
240 352 361
50 240 361
232 282 311
78 232 282
95 225 367
176 222 332
222 247 332
220 227 370
185 220 227
108 225 367
80 219 368
118 214 334
112 210 230
210 226 230
222 242 286
120 191 328
182 205 350
21 181 303
35 174 198
182 315 350
18 170 380
156 258 300
169 246 378
169 246 259
169 259 281
180 313 348
118 166 334
166 190 334
166 214 263
118 166 214
163 178 263
71 162 345
242 252 284
162 211 216
154 201 231
150 153 275
283 322 353
79 170 380
148 322 335
146 148 322
144 157 210
162 264 393
179 188 282
136 341 398
61 136 398
61 136 331
136 178 331
134 176 222
84 132 159
132 159 256
94 128 347
61 236 398
134 222 242
19 51 103
61 331 371
50 238 361
47 127 268
4 370 394
44 275 279
47 117 268
58 69 140
107 305 309
39 99 130
39 49 99
80 147 399
219 368 393
51 308 395
22 162 251
5 13 100
32 273 346
26 48 103
31 133 394
154 231 253
30 212 234
30 212 329
42 95 314
12 30 322
85 287 335
70 146 259
28 63 181
91 185 227
35 156 235
104 242 286
21 28 181
95 278 314
213 243 372
10 17 191
347 370 394
174 198 227
27 70 183
10 26 396
26 241 396
57 223 377
26 48 241
12 259 322
12 317 372
105 182 388
45 251 271
3 10 17
18 170 243
16 206 207
147 363 399
20 175 327
77 163 263
35 174 235
116 172 360
112 293 297
5 168 214
75 93 189
230 297 307
0 29 82
11 14 361
24 41 395
162 264 354
15 114 209
60 143 151
15 202 252
73 145 356
75 93 237
202 252 284
5 200 231
20 77 166
153 194 309
45 70 246
87 138 364
3 268 289
11 352 361
89 198 272
14 44 275
0 29 59
16 70 183
3 268 328
119 387 396
12 90 372
42 95 367
32 137 346
105 182 315
69 112 293
161 196 272
18 74 243
16 85 207
87 138 324
15 23 114
55 223 377
11 111 382
20 166 190
273 280 344
35 39 130
100 200 323
57 208 296
16 135 183
42 56 373
107 255 309
31 92 265
82 113 375
2 314 373
89 196 272
25 114 209
58 69 187
27 70 321
87 324 363
20 190 327
181 293 303
5 100 200
20 106 339
24 51 364
18 380 381
9 111 382
22 71 162
153 255 309
87 108 364
129 236 398
24 51 395
25 209 296
31 92 344
87 363 365
4 161 272
45 246 378
125 268 301
168 214 334
17 191 328
19 56 373
84 192 235
4 272 370
202 284 390
55 155 377
57 86 223
84 192 204
57 269 296
250 331 371
15 202 209
82 196 330
96 215 353
162 216 345
8 60 151
164 392 399
142 144 210
107 195 275
264 393 399
7 158 208
67 180 313
16 135 206
68 98 188
70 146 148
70 246 259
112 157 216
73 218 316
94 128 397
73 316 333
73 333 356
33 85 160
77 163 386
24 41 228
7 208 304
141 316 343
96 212 234
179 188 248
96 102 212
69 123 293
80 219 399
82 196 319
82 319 375
86 202 269
34 87 108
89 152 196
35 89 198
68 98 300
91 227 298
125 268 328
94 347 394
78 99 195
153 262 275
20 339 384
94 133 394
85 160 287
95 278 327
96 234 353
51 103 308
99 258 389
297 307 391
99 282 389
35 39 156
105 313 329
105 193 313
105 212 329
31 265 394
64 107 195
120 306 328
109 270 349
128 288 347
109 233 349
99 195 238
112 157 210
112 187 211
94 155 397
112 211 216
284 355 390
363 392 399
25 114 286
104 114 286
5 13 168
35 89 130
116 149 277
238 357 361
16 85 335
116 277 311
116 167 360
119 289 387
122 337 362
36 122 337
123 293 303
86 202 350
67 193 313
