321 369 385
399 414 424
112 289 445
58 187 248
99 388 410
212 429 442
70 84 421
122 181 280
30 155 256
178 309 328
294 311 434
88 163 432
162 229 322
93 288 300
220 347 374
52 165 251
213 364 390
24 393 417
31 303 393
24 265 314
12 147 262
64 111 292
64 116 321
7 160 431
98 249 274
179 274 386
134 159 306
119 338 415
58 223 267
4 36 316
84 194 295
16 18 85
33 120 380
140 225 388
116 318 321
131 338 397
99 218 410
99 225 388
99 168 225
173 319 397
122 216 339
97 122 181
216 259 339
89 97 133
148 202 331
148 216 259
168 313 360
13 168 283
97 122 133
97 181 433
207 383 391
35 161 166
238 392 443
77 171 180
164 260 384
164 194 384
44 414 424
146 358 418
10 238 392
46 91 310
91 207 310
271 362 430
55 88 446
125 162 229
146 233 418
282 351 419
144 150 213
8 315 394
300 342 448
121 135 163
143 269 381
49 190 239
103 330 436
371 379 436
177 379 390
57 101 334
334 354 374
347 354 374
24 265 393
102 230 297
159 306 438
20 165 416
12 66 386
145 152 444
69 176 249
157 265 279
3 104 172
32 81 293
32 104 293
104 172 225
3 95 172
1 172 225
1 172 366
318 321 369
64 321 385
58 187 223
160 193 385
32 68 98
7 277 431
98 274 420
252 268 420
39 98 420
147 274 386
12 147 386
109 312 348
12 52 251
22 52 109
15 153 290
15 153 197
15 130 197
15 252 290
39 268 420
160 193 268
130 197 363
153 187 223
118 153 187
6 87 413
118 153 290
100 235 356
16 196 441
16 196 449
16 85 441
18 87 304
18 85 87
18 132 210
33 120 335
258 335 421
70 338 397
70 258 421
258 338 415
70 258 338
201 426 440
9 142 236
119 338 357
50 201 426
200 255 423
140 255 423
131 255 388
140 255 388
63 70 397
27 319 397
27 218 410
27 131 397
202 218 259
148 202 259
133 198 339
148 216 331
124 202 331
124 173 331
124 173 319
63 70 84
84 280 433
84 295 433
181 280 433
105 295 433
186 243 298
59 285 295
51 263 264
97 195 433
243 298 406
89 243 406
105 195 433
89 195 406
122 133 339
122 128 280
259 339 360
99 168 360
89 133 198
89 97 195
198 339 360
89 243 361
198 313 360
209 243 361
67 126 299
67 126 254
168 254 313
254 313 361
126 246 325
126 168 254
13 168 246
126 168 246
13 246 286
246 286 325
126 299 325
19 166 435
283 372 383
41 283 372
19 41 166
114 186 298
51 264 447
35 38 228
117 264 447
75 287 428
59 285 437
51 228 447
161 240 302
240 281 302
240 372 383
2 207 383
244 281 302
161 244 302
10 77 244
77 161 244
207 238 391
207 238 310
238 310 443
311 317 443
205 294 434
44 392 414
43 287 428
183 377 399
183 275 377
214 377 399
183 275 305
79 115 305
43 79 428
43 79 115
79 405 428
164 215 260
115 183 305
34 192 425
185 192 413
14 231 296
47 296 324
14 47 296
151 261 341
138 151 242
110 189 315
138 315 394
189 358 418
149 189 315
110 315 332
189 358 407
154 167 395
137 362 430
208 211 214
307 389 418
8 307 387
73 106 211
191 208 211
191 208 362
311 317 434
203 317 434
205 337 434
203 301 434
113 175 272
11 241 276
46 241 245
241 245 276
11 92 328
92 309 359
136 175 272
92 272 359
55 359 446
92 309 328
11 328 395
337 429 442
137 167 430
125 170 229
74 88 253
55 229 322
125 170 182
2 113 373
2 91 207
2 56 373
56 291 439
56 346 373
88 411 432
21 432 439
121 219 273
273 432 439
21 411 432
60 61 103
74 127 253
127 162 322
74 127 322
53 199 253
121 135 219
123 199 375
48 123 169
40 123 375
40 123 169
30 127 162
146 234 358
30 256 355
177 213 390
150 213 404
110 189 407
174 282 419
110 351 407
282 351 407
144 174 419
213 400 404
150 155 256
40 169 403
40 396 400
23 86 336
60 103 330
60 61 396
61 177 436
61 103 436
190 278 336
278 330 336
60 330 336
49 190 336
49 239 401
49 86 336
269 381 401
65 93 143
334 354 448
93 188 288
90 184 347
184 354 448
300 329 448
300 329 371
288 300 371
177 379 436
61 177 396
57 101 364
101 144 419
184 342 448
235 341 408
184 232 356
320 341 350
220 226 402
78 350 402
78 226 402
138 151 350
151 341 350
343 398 408
78 320 350
90 108 347
108 320 341
108 235 341
235 343 408
261 341 408
261 398 408
159 196 438
62 100 438
100 343 438
90 235 356
90 108 235
100 235 343
184 347 354
90 184 356
221 232 356
112 157 445
265 303 393
4 102 222
36 134 221
42 221 232
94 159 196
4 36 222
4 20 316
4 102 230
36 107 222
4 20 230
20 22 165
22 52 165
22 109 348
109 249 262
297 312 348
145 152 417
20 230 297
102 206 297
152 206 417
98 176 249
5 26 412
37 250 327
157 265 445
24 314 409
204 266 345
265 303 445
37 266 314
143 227 323
93 143 381
204 266 279
54 250 345
49 86 352
217 250 340
23 60 336
71 217 270
5 270 412
217 270 412
5 71 270
5 26 367
5 71 367
145 417 444
69 417 444
353 416 427
311 414 443
370 411 446
88 411 446
21 411 439
291 411 439
343 398 438
375 400 404
365 368 441
365 368 438
365 398 438
6 365 413
193 363 385
271 362 389
359 370 446
346 359 370
62 356 438
315 332 350
332 350 402
173 331 397
63 331 397
329 371 379
47 324 326
138 315 350
8 307 315
149 307 315
87 304 425
209 299 435
56 291 346
290 353 416
94 290 416
286 299 325
284 327 422
204 279 323
275 305 308
72 275 308
121 273 403
272 346 359
271 389 418
291 346 411
82 267 363
223 267 363
265 266 279
284 417 422
147 262 274
249 262 274
185 261 365
200 255 440
255 357 440
131 255 338
252 353 427
250 266 345
37 250 266
205 247 399
214 247 399
138 242 394
242 326 394
240 281 391
240 383 391
237 328 395
174 234 282
233 271 378
265 266 314
129 232 342
184 232 342
271 378 430
231 308 405
231 285 437
215 231 285
231 260 296
54 227 250
227 250 340
220 226 347
224 371 436
234 282 358
85 87 441
87 192 413
0 167 378
86 143 352
84 194 384
84 128 280
69 109 444
58 82 369
24 284 409
65 157 300
255 338 357
101 213 364
141 165 251
261 365 398
76 196 290
45 76 257
75 228 447
75 428 447
75 171 180
72 158 377
19 299 435
186 209 435
76 118 290
59 263 264
54 204 227
63 84 331
66 96 141
17 66 96
84 128 331
83 239 401
65 157 279
208 212 214
78 108 320
80 102 222
143 279 323
44 77 392
43 183 399
48 53 199
76 118 187
33 132 380
62 100 356
212 214 247
81 95 293
59 117 405
59 117 264
59 114 263
135 163 219
125 146 182
57 329 448
142 236 369
38 171 228
106 214 377
67 209 299
57 379 390
201 357 440
55 309 359
125 146 162
55 178 309
185 365 413
13 283 376
55 170 229
46 382 443
137 208 442
50 58 248
42 112 289
161 166 240
37 284 409
220 374 402
43 180 333
55 88 322
160 277 385
31 102 393
48 123 199
86 143 227
101 144 213
25 96 416
39 68 98
95 292 366
224 330 436
20 94 316
201 257 344
12 52 109
84 384 421
137 337 442
188 381 401
2 11 241
94 159 316
23 26 340
48 121 403
146 182 233
190 224 278
17 179 386
48 53 163
127 155 253
17 25 96
36 159 316
40 375 400
307 362 389
8 73 387
28 140 366
19 41 299
179 252 274
12 109 262
18 210 449
0 154 167
8 326 394
186 209 243
28 64 116
31 80 102
50 58 236
34 384 421
83 288 371
82 369 385
72 275 377
2 91 241
25 252 427
16 18 449
242 324 326
7 68 95
69 417 422
10 77 392
18 33 304
69 176 422
40 60 396
29 296 324
47 139 326
51 114 186
119 201 344
37 284 327
96 165 416
13 299 376
17 179 252
14 73 139
36 134 159
9 50 426
37 314 409
332 374 402
78 108 226
83 224 371
28 142 318
205 212 247
65 143 279
208 212 442
2 11 136
60 273 403
282 358 407
206 297 312
87 192 425
92 136 272
156 200 423
203 317 443
244 281 391
67 209 254
7 160 268
8 73 139
12 66 141
272 346 373
33 304 421
117 405 428
49 269 352
7 95 111
65 93 300
36 107 221
203 382 443
69 109 249
80 107 221
77 180 333
46 310 443
88 163 253
7 39 268
9 156 200
129 157 342
41 166 240
114 195 406
196 368 441
215 231 260
82 363 385
9 50 236
43 180 287
29 34 384
59 114 295
83 224 239
83 188 288
201 248 257
10 244 391
75 171 228
231 405 437
54 204 345
20 22 297
22 297 348
8 139 326
24 284 417
30 162 234
94 196 290
167 378 430
17 25 252
26 217 412
132 210 257
143 269 352
163 273 432
167 301 434
27 388 410
28 64 366
28 140 156
77 161 171
28 142 156
252 290 353
57 334 448
58 82 267
28 116 318
191 307 387
86 227 340
29 34 192
14 73 158
29 151 261
35 38 161
18 33 132
392 414 443
59 405 437
29 192 261
30 234 355
112 129 232
29 260 296
108 226 347
46 203 382
17 66 386
177 213 400
26 217 340
31 303 445
170 237 328
44 77 333
31 80 221
31 289 445
109 152 444
32 81 95
32 68 95
9 142 156
294 311 414
2 113 136
35 51 228
14 47 139
35 51 166
346 370 411
25 416 427
306 356 438
57 364 390
45 248 257
124 218 319
200 426 440
31 42 289
46 91 241
41 299 376
15 252 268
110 351 419
51 166 435
38 161 171
75 180 287
7 39 68
23 86 340
43 115 183
53 163 253
27 218 319
40 60 403
55 170 178
41 240 372
29 260 384
305 308 405
50 201 248
110 332 374
43 44 333
15 130 268
196 368 438
43 44 424
191 307 362
10 238 391
137 208 362
89 198 313
106 158 377
11 92 136
110 374 419
43 399 424
95 104 293
3 95 104
95 111 292
95 172 366
101 374 419
9 200 426
294 399 414
7 111 277
101 334 374
12 141 251
153 197 363
158 231 308
58 236 369
73 106 158
221 306 356
176 327 422
106 211 214
119 349 380
0 154 237
204 227 323
20 94 416
233 271 418
6 87 441
64 111 385
111 277 385
46 203 245
27 131 388
112 129 157
42 112 232
113 136 175
105 114 195
105 114 295
114 298 406
51 186 435
51 114 263
11 276 395
144 256 355
167 337 434
189 307 418
117 428 447
119 120 415
119 120 380
49 269 401
119 201 357
119 344 349
120 258 415
120 258 335
57 329 379
122 128 331
122 216 331
124 202 218
71 176 327
157 300 342
142 318 369
252 274 420
33 335 421
34 304 421
30 127 155
257 344 349
93 188 381
74 88 322
109 152 312
130 193 268
130 193 363
1 140 225
164 215 295
48 169 403
132 257 349
96 141 165
137 167 337
48 121 163
1 140 366
154 237 395
146 162 234
99 218 360
209 254 361
144 174 234
144 150 256
34 304 425
76 210 257
224 278 330
6 365 441
206 393 417
29 151 324
151 242 324
167 276 395
153 223 363
41 283 376
155 199 253
155 199 375
155 375 404
150 155 404
83 188 401
205 212 337
140 156 423
149 189 307
72 158 308
160 277 431
163 219 273
164 194 295
167 276 301
76 196 210
170 178 328
113 272 373
134 221 306
177 396 400
205 294 399
31 42 221
0 182 237
170 182 237
45 76 187
182 233 378
0 182 378
45 187 248
190 224 239
185 192 261
89 313 361
196 210 449
80 107 222
132 349 380
203 245 276
203 276 301
152 206 312
102 206 393
73 211 387
13 286 299
212 337 429
215 285 295
64 292 366
191 211 387
71 217 327
217 250 327
218 259 360
14 158 231
79 305 405
144 234 355
