329 364 390
64 111 277
185 261 398
99 388 410
70 84 421
30 155 256
106 275 377
178 309 328
14 47 326
56 346 370
88 163 432
93 288 300
284 409 422
52 165 251
213 364 390
24 393 417
9 426 440
64 111 292
3 104 293
94 290 353
64 116 321
7 160 431
68 111 277
98 249 274
69 284 417
12 66 251
119 338 415
25 96 165
76 94 118
16 18 85
140 225 388
1 225 423
116 318 321
131 338 397
99 225 388
9 156 423
99 168 225
67 209 361
148 202 331
105 195 406
168 313 360
13 168 283
10 77 180
207 383 391
44 333 392
75 171 287
164 260 384
14 72 231
29 260 324
245 310 382
91 207 310
271 362 430
0 182 233
56 291 370
55 74 322
135 163 432
55 88 446
55 74 88
125 162 229
307 387 389
282 351 419
8 315 394
300 342 448
121 135 163
49 190 239
371 379 436
329 371 390
177 379 390
177 213 396
329 334 448
57 101 334
334 354 374
100 306 356
102 230 297
20 165 416
31 42 112
145 152 444
69 176 249
327 409 422
143 157 323
31 42 80
37 250 345
23 227 340
32 81 293
179 274 420
3 81 95
32 104 293
3 81 293
3 95 172
1 172 225
28 116 156
1 172 366
318 321 369
116 156 318
9 142 318
58 193 385
58 369 385
58 193 267
82 223 363
82 193 267
39 160 268
130 252 268
160 193 385
32 68 98
69 145 417
7 39 160
252 268 420
17 252 427
109 312 348
69 249 444
12 52 251
66 141 251
22 52 109
94 353 416
20 297 348
94 118 290
193 268 363
15 153 197
39 268 420
130 268 363
160 193 268
82 193 363
82 223 267
118 153 187
16 210 449
45 210 257
45 118 187
45 118 210
76 118 210
118 153 290
76 94 196
6 85 441
16 18 210
16 85 441
18 87 304
138 326 394
87 413 425
33 132 349
18 85 87
18 132 210
120 335 415
258 335 421
304 335 421
70 338 397
258 335 415
70 258 421
258 338 415
70 258 338
201 426 440
50 236 248
9 142 236
9 156 318
50 201 426
9 200 423
140 225 423
9 200 440
140 255 388
63 70 397
202 218 259
148 202 259
148 216 331
63 173 331
124 202 331
124 173 331
124 173 319
63 70 84
128 216 331
105 298 406
105 295 433
405 428 447
51 263 264
89 195 406
122 133 339
99 168 360
89 97 195
89 243 361
198 313 360
89 198 361
67 254 361
209 243 361
67 126 299
67 126 254
168 254 313
126 168 254
13 168 246
126 168 246
126 299 325
283 372 383
41 283 372
19 299 376
41 166 372
35 228 435
114 186 298
51 228 435
105 114 298
35 38 228
72 305 308
75 287 428
161 240 302
161 240 372
240 372 383
2 207 383
281 383 391
161 244 302
10 238 244
10 77 244
77 161 244
310 382 443
317 382 443
238 310 443
311 317 443
205 294 414
44 392 414
44 333 424
333 399 424
214 377 399
72 231 308
73 139 158
183 275 305
72 275 305
79 115 305
43 79 115
117 405 437
115 183 305
34 192 260
215 260 296
34 260 384
29 192 260
29 185 192
47 242 326
14 231 296
215 231 296
14 72 158
14 158 326
14 47 296
47 242 324
139 158 326
191 387 389
110 189 315
138 242 326
78 226 320
315 332 402
138 315 394
189 358 418
149 189 315
149 189 418
110 315 332
378 389 418
189 358 407
125 182 233
154 167 395
271 378 389
0 233 378
137 362 430
8 307 387
73 106 211
191 208 362
212 247 429
208 212 247
311 317 434
203 317 434
203 301 434
203 317 382
113 175 272
11 46 241
203 245 382
11 241 276
46 241 245
241 245 276
11 136 272
11 92 328
136 175 272
11 92 272
55 359 446
92 309 328
0 237 430
11 328 395
154 167 430
137 362 442
337 429 442
137 167 430
154 237 430
125 170 229
55 229 322
178 309 359
125 170 182
55 178 359
2 113 175
2 91 207
56 291 439
56 346 373
88 370 446
291 370 411
121 219 273
135 219 432
53 121 163
60 61 103
74 127 253
30 127 253
53 199 253
121 135 219
48 121 169
48 123 169
30 199 253
150 155 375
40 123 169
177 213 390
174 234 355
110 189 407
121 169 403
40 169 403
60 103 330
61 177 436
61 103 436
65 143 157
60 330 336
49 352 401
49 190 336
49 239 401
54 227 323
224 239 401
269 352 401
334 354 448
93 188 288
371 379 390
300 329 448
57 329 334
300 329 371
288 300 371
177 379 436
61 177 396
101 144 364
57 329 364
57 101 364
101 144 419
320 341 350
220 226 402
78 226 402
108 226 320
108 320 341
235 343 408
261 398 408
62 100 306
90 235 356
134 306 356
90 108 235
90 184 356
134 221 356
221 232 356
42 112 157
36 134 221
42 221 232
36 134 316
36 107 222
20 22 348
20 22 165
22 52 165
71 327 422
22 109 348
109 249 262
109 312 444
109 249 444
152 312 444
69 145 444
20 230 297
152 206 297
102 206 297
98 176 249
71 176 422
157 204 323
37 314 327
265 303 445
157 204 279
204 266 279
54 250 345
49 86 352
23 86 227
86 227 352
217 250 340
23 60 336
71 217 270
71 217 250
217 270 412
5 71 270
5 26 367
5 71 367
196 441 449
353 416 427
311 414 443
21 411 439
291 411 439
396 400 403
40 400 403
185 398 413
365 398 413
396 400 404
213 396 404
301 395 434
167 395 434
375 400 404
365 368 441
6 365 413
365 398 408
271 362 389
359 370 446
346 359 370
332 351 402
100 343 356
232 342 356
184 342 354
217 340 412
338 357 440
119 338 440
139 326 387
143 323 381
227 323 352
320 350 402
138 315 350
315 350 402
265 314 393
24 314 393
266 314 345
308 405 437
8 307 315
149 307 315
88 370 432
159 306 316
87 304 425
281 302 383
240 302 383
287 405 428
79 287 405
43 287 399
286 299 325
286 299 376
110 282 332
282 332 351
281 310 391
157 279 445
276 301 395
183 275 399
21 273 411
121 273 403
272 346 359
174 282 358
265 266 445
117 264 405
264 405 447
147 262 274
249 262 274
215 260 285
200 255 440
255 357 440
131 255 410
131 255 338
252 353 427
238 281 310
37 314 345
269 323 381
205 247 434
247 399 424
214 247 399
13 246 376
164 260 285
238 244 302
237 328 395
146 233 358
265 266 314
129 232 342
271 378 430
231 285 437
215 231 285
4 230 316
134 306 316
51 228 264
228 264 447
54 227 250
227 250 340
226 347 354
224 371 436
83 224 381
224 269 381
224 269 401
90 226 347
89 298 406
89 186 243
130 223 363
187 197 223
84 164 384
84 128 280
24 284 409
65 157 300
255 338 357
36 222 316
141 165 251
128 181 280
1 366 423
75 228 447
75 428 447
74 88 163
74 229 322
34 185 425
19 299 435
247 337 434
63 84 331
68 277 431
67 299 435
12 66 147
66 96 141
17 66 96
84 128 331
65 143 381
25 165 427
65 93 381
89 186 298
80 102 222
64 321 369
64 160 385
89 339 360
43 183 399
3 104 225
62 368 438
79 305 308
6 85 413
272 309 359
62 159 306
67 209 435
151 261 408
60 61 403
105 114 117
205 247 424
106 214 377
13 283 376
130 197 223
55 170 229
90 184 354
41 166 376
108 341 408
99 131 218
73 191 208
51 209 435
73 208 211
47 260 296
81 95 292
2 91 175
11 46 136
31 102 393
46 91 136
44 205 414
90 108 226
48 123 199
39 68 98
95 292 366
201 257 344
12 52 109
84 384 421
137 337 442
43 79 287
53 121 199
358 378 418
19 35 166
23 26 340
220 226 354
190 224 278
17 179 386
165 416 427
17 25 96
83 188 371
179 252 420
40 375 400
16 441 449
74 163 253
27 131 202
198 254 361
7 68 431
12 109 147
31 265 393
27 131 319
8 326 394
186 209 243
28 64 116
47 260 324
351 402 419
81 111 292
31 80 102
85 87 413
34 384 421
180 333 399
54 266 345
5 26 270
20 159 316
3 172 225
170 182 328
18 33 304
148 259 360
69 176 422
20 94 159
114 117 263
51 114 186
8 326 387
119 201 344
84 164 194
17 179 252
9 50 426
32 68 111
39 98 274
83 224 371
151 242 341
19 35 435
61 396 403
66 147 386
207 310 391
37 71 250
60 273 403
282 358 407
220 374 419
89 97 339
180 287 399
62 159 438
272 346 373
64 369 385
65 93 300
112 157 289
153 252 290
36 107 221
78 320 402
58 142 369
150 213 375
35 161 372
38 75 161
129 157 342
89 198 360
196 368 441
9 50 236
42 129 157
37 71 327
2 56 113
201 248 257
10 238 443
147 179 386
0 378 430
21 273 439
54 204 266
34 185 192
10 392 443
23 49 336
24 284 417
149 389 418
24 314 327
56 113 373
27 202 319
62 100 368
132 210 257
77 180 287
30 162 229
17 25 427
255 388 410
219 411 432
28 64 366
106 158 275
77 161 171
252 290 353
58 248 267
35 166 372
29 151 261
35 38 161
29 185 261
18 33 132
392 414 443
151 341 408
75 161 171
30 74 229
246 286 376
30 74 127
17 66 386
10 180 392
191 362 389
31 265 303
31 303 445
185 413 425
31 112 289
15 153 252
105 285 295
30 162 256
31 289 445
32 81 111
294 311 414
24 327 409
131 319 397
164 285 295
138 341 350
45 248 257
269 323 352
194 295 433
180 333 392
7 39 68
43 115 183
79 308 405
77 171 287
44 205 424
53 163 253
69 284 422
40 123 199
55 170 178
42 80 107
42 107 221
50 201 248
196 368 438
343 368 408
39 274 420
64 160 277
99 131 410
54 204 323
157 289 445
90 347 354
23 49 86
184 342 356
46 91 245
219 273 411
91 245 310
150 213 364
370 411 432
94 196 438
19 166 376
63 173 319
26 270 412
38 75 228
188 288 371
95 172 366
144 174 355
101 374 419
97 105 195
131 202 218
97 133 339
100 343 368
125 234 355
144 150 364
101 334 374
103 224 330
109 147 262
59 105 285
73 106 158
152 312 348
106 211 214
119 349 380
20 94 416
110 282 407
238 281 302
342 354 448
51 114 263
11 276 395
144 256 355
167 337 434
117 263 264
117 285 437
147 179 274
108 235 408
59 117 285
119 120 415
119 120 380
119 201 440
119 344 349
120 304 335
33 120 304
33 120 349
48 121 199
42 129 232
103 224 436
125 146 234
125 146 233
235 343 356
157 300 342
125 162 256
125 256 355
142 318 369
34 304 421
126 246 286
126 286 325
146 174 358
257 344 349
122 128 181
93 188 381
128 216 339
122 128 339
365 368 408
275 377 399
97 105 433
132 257 349
122 133 181
97 133 433
133 181 433
96 141 165
92 272 309
137 167 337
138 242 341
73 139 191
139 191 387
124 202 319
140 200 255
140 200 423
182 237 328
154 237 395
142 236 248
120 349 380
58 142 248
362 429 442
99 218 360
208 211 247
144 155 256
144 150 155
144 282 419
144 174 282
34 304 425
145 152 206
145 206 417
146 174 234
224 278 330
40 199 375
6 365 441
148 216 360
206 393 417
190 330 336
149 307 389
29 151 324
151 242 324
26 340 412
91 136 175
30 155 199
41 283 376
155 199 375
28 156 366
156 366 423
266 279 445
72 158 275
233 358 378
160 277 431
84 194 280
164 194 295
152 297 348
76 196 210
170 178 328
113 272 373
181 194 433
181 194 280
0 182 237
51 186 209
153 187 197
187 223 267
187 248 267
83 188 381
45 187 248
63 319 397
190 224 239
190 278 330
94 159 438
220 354 374
15 197 252
196 210 449
80 107 222
59 105 117
130 197 252
198 254 313
203 245 276
203 276 301
205 294 311
205 311 434
20 230 316
231 308 437
102 206 393
208 212 429
208 362 429
211 214 247
213 375 404
64 292 366
216 339 360
247 337 429
218 259 360
220 402 419
102 222 230
4 222 230
4 222 316
