31 80 393
321 369 385
64 111 277
125 162 234
112 289 445
7 39 98
58 187 248
99 388 410
70 84 421
238 281 391
30 155 256
106 275 377
178 309 328
219 273 432
88 163 432
93 288 300
284 409 422
31 303 393
24 265 314
160 385 431
64 111 292
64 172 366
3 104 293
64 116 321
7 160 431
98 249 274
179 274 386
152 297 312
119 338 415
25 96 165
58 223 267
4 36 316
185 365 398
84 194 295
140 225 388
116 318 321
131 338 397
99 225 388
99 168 225
173 319 397
87 304 421
89 97 133
99 218 259
105 195 406
168 313 360
13 168 283
35 38 171
209 243 435
305 308 437
286 325 376
207 383 391
35 161 166
77 171 180
164 260 384
79 405 437
29 151 242
14 72 231
139 326 394
44 414 424
146 358 418
205 214 247
301 337 434
271 362 430
135 163 432
55 88 446
162 234 355
307 387 389
0 271 378
144 150 213
8 315 394
300 342 448
143 269 381
60 121 403
103 330 436
177 379 390
57 101 334
334 354 374
347 354 374
129 184 232
24 265 393
31 42 112
69 176 249
327 409 422
37 250 345
71 250 327
23 227 340
32 81 293
179 274 420
3 81 95
32 104 293
3 81 293
3 95 172
1 172 225
28 116 156
64 277 385
1 28 366
1 172 366
318 321 369
9 142 318
64 321 385
82 223 363
58 187 223
277 385 431
160 193 385
32 68 98
7 277 431
7 68 98
69 145 417
98 274 420
66 179 386
39 98 420
147 274 386
69 249 444
17 96 141
15 153 290
193 268 363
15 130 197
15 252 290
39 268 420
130 268 363
160 193 268
82 193 363
82 223 267
153 187 223
45 118 210
6 87 413
76 118 210
118 153 290
76 196 449
16 196 449
16 85 441
192 413 425
138 326 394
87 413 425
18 132 210
120 335 415
33 120 335
119 344 380
201 426 440
9 142 236
50 236 426
50 201 426
119 357 440
9 236 426
200 357 440
131 255 388
200 255 357
131 255 357
63 70 397
27 202 218
202 218 259
148 202 259
99 259 360
27 124 202
63 70 84
84 194 421
105 298 406
105 295 433
405 428 447
59 285 295
59 114 117
51 263 264
89 243 406
105 195 433
89 195 406
122 133 339
99 168 360
89 97 195
198 313 360
168 254 313
126 246 325
126 168 254
13 168 246
126 168 246
13 246 286
246 286 325
13 286 376
51 243 435
283 372 383
114 186 298
51 186 243
105 114 298
51 264 447
35 38 228
72 305 308
59 285 437
161 240 302
161 166 372
240 281 302
161 240 372
240 372 383
2 207 383
161 244 302
10 238 244
10 77 244
77 161 244
310 382 443
238 310 443
311 317 443
44 392 414
44 333 424
205 214 399
72 73 158
214 377 399
73 106 275
72 231 308
73 139 158
183 275 305
79 115 305
43 79 115
79 405 428
164 215 260
215 308 437
215 285 437
115 183 305
79 305 437
215 231 308
34 87 425
185 192 413
14 231 296
47 296 324
14 72 158
29 242 324
14 47 296
47 242 324
73 139 387
138 242 326
78 226 320
110 332 351
189 358 418
149 189 315
149 189 418
149 307 418
189 358 407
125 182 233
154 167 395
137 362 430
208 211 214
191 271 362
307 389 418
8 307 387
73 106 211
191 208 211
191 208 362
205 337 434
203 245 301
203 245 382
11 241 276
11 92 328
92 309 359
136 175 272
92 272 359
55 359 446
92 309 328
167 301 337
11 328 395
154 167 430
337 429 442
137 167 430
125 170 229
178 237 328
55 229 322
125 170 182
55 178 229
170 178 229
2 91 207
346 370 446
56 291 439
56 346 373
21 291 411
21 291 439
273 432 439
135 219 432
74 127 253
53 199 253
121 135 219
60 396 403
40 396 403
48 121 169
48 123 169
150 155 375
40 123 169
30 127 162
177 213 390
150 213 404
174 234 355
213 400 404
150 375 404
213 396 400
150 155 256
121 169 403
40 169 403
40 396 400
278 330 436
54 323 345
54 227 323
65 93 143
224 239 401
269 352 401
334 354 448
83 93 188
93 188 288
90 184 347
300 329 448
300 329 371
288 300 371
101 144 364
57 329 364
57 101 364
220 332 374
235 341 408
184 232 356
320 341 350
78 226 402
78 320 350
90 108 347
108 320 341
235 343 408
261 398 408
159 196 438
62 306 438
129 184 342
90 235 356
134 306 356
184 347 354
90 184 356
129 157 232
42 157 232
36 80 107
4 102 222
36 80 221
42 112 157
36 134 221
42 221 232
36 134 316
94 159 196
134 159 316
4 36 222
4 20 316
36 107 222
102 107 222
4 20 230
22 52 165
109 312 444
69 145 444
297 312 348
145 152 417
102 206 417
152 206 297
102 206 297
152 206 417
98 176 249
176 284 422
5 26 412
37 250 327
24 314 409
265 279 314
37 266 314
143 227 323
204 323 345
266 279 314
37 266 345
54 250 345
49 86 352
23 86 227
54 227 340
23 60 336
71 217 270
5 270 412
71 217 250
217 270 412
5 71 270
5 26 367
5 71 367
353 416 427
88 411 446
265 393 445
375 400 404
346 373 446
6 368 413
365 398 408
329 364 379
332 351 374
351 374 419
100 343 356
184 342 354
217 340 412
335 338 415
173 331 397
63 331 397
329 371 379
8 307 315
149 307 315
301 317 434
294 414 424
294 399 424
291 370 446
291 411 446
56 291 346
290 353 416
94 290 416
289 303 393
289 393 445
84 280 295
266 279 345
278 379 436
183 275 399
271 389 418
271 387 389
117 264 405
264 405 447
109 262 444
147 262 274
249 262 274
70 258 397
258 338 397
199 253 375
252 353 427
240 281 391
240 383 391
49 239 352
49 239 336
190 239 336
238 244 302
237 328 395
174 234 282
231 260 296
220 226 332
226 332 402
83 224 381
224 278 379
224 269 381
224 269 401
89 133 339
89 198 254
89 209 243
85 87 441
130 223 363
86 143 352
85 87 304
18 85 304
271 378 418
238 311 443
84 128 280
58 82 369
24 284 409
65 157 300
78 138 350
43 75 287
141 165 251
76 196 290
137 429 442
16 76 85
52 109 312
203 301 317
75 171 180
74 229 322
311 392 414
73 275 305
72 73 305
145 152 312
110 189 332
19 299 435
140 200 388
76 118 290
63 84 331
67 299 435
291 346 370
84 128 331
65 157 279
208 212 214
81 95 111
192 261 398
89 339 360
3 104 225
62 368 438
62 306 356
62 100 356
62 100 343
67 209 435
102 107 417
151 261 408
212 214 247
61 177 379
162 256 355
76 85 210
59 117 405
2 136 241
57 329 448
11 136 241
265 279 445
142 236 369
125 127 229
38 171 228
106 214 377
55 309 359
55 178 309
13 283 376
130 197 223
41 166 376
125 127 162
54 217 340
65 143 204
51 428 447
51 228 428
89 254 361
70 258 335
50 58 248
8 139 387
61 379 436
43 180 333
183 399 424
46 241 276
55 88 322
46 276 301
60 121 219
53 121 135
48 123 199
86 143 227
53 135 163
134 232 356
201 257 344
12 52 109
137 337 442
53 121 199
19 35 166
249 262 444
23 26 340
41 166 283
190 224 278
127 155 253
17 25 96
22 230 297
70 335 421
83 188 371
280 295 433
16 438 441
40 375 400
61 396 436
74 163 253
19 299 325
14 47 242
10 44 392
60 396 436
14 139 326
12 109 147
126 254 361
27 131 319
43 75 79
10 238 311
35 51 435
28 64 116
50 58 236
67 126 325
138 332 402
61 177 213
239 352 401
45 132 349
34 384 421
238 310 391
17 268 420
74 127 229
6 368 438
82 369 385
2 91 241
20 22 230
25 252 427
10 44 77
20 159 316
3 172 225
12 52 165
18 33 304
315 332 394
148 259 360
113 359 446
29 296 324
20 94 159
29 34 425
114 117 263
51 114 186
16 76 449
67 299 325
119 201 344
54 217 250
32 68 111
9 116 318
37 314 409
9 116 156
83 224 371
151 242 341
205 212 247
34 87 421
66 179 420
19 35 435
66 147 386
207 310 391
18 85 210
181 195 433
4 230 297
282 358 407
103 330 336
14 242 326
92 136 272
156 200 423
83 93 143
203 317 443
7 160 268
10 311 392
33 304 421
60 103 436
65 93 300
203 382 443
77 180 333
8 139 394
7 39 268
11 167 276
45 118 153
9 156 200
129 157 342
89 198 360
215 231 260
45 153 187
43 180 287
29 34 384
59 114 295
6 438 441
2 56 113
201 248 257
78 138 402
75 171 228
83 143 381
22 297 348
22 165 416
20 22 416
23 49 336
94 196 290
56 113 373
16 196 438
17 25 252
97 181 195
25 165 416
0 154 271
27 99 410
143 269 352
60 219 273
27 99 218
19 325 376
101 282 419
27 173 319
75 228 428
22 52 348
27 388 410
28 64 366
166 283 372
11 167 395
77 161 171
252 290 353
1 28 423
57 334 448
58 82 267
62 343 368
18 33 132
151 341 408
59 405 437
29 260 296
45 257 349
31 112 289
44 77 333
31 80 221
30 162 256
32 81 111
52 312 348
294 311 414
17 252 268
2 113 136
35 51 228
119 131 338
185 365 368
131 319 397
33 120 132
89 209 361
25 416 427
24 284 393
138 341 350
45 248 257
37 327 409
200 426 440
46 91 241
15 252 268
14 139 158
155 253 375
75 180 287
12 165 251
53 163 253
65 204 279
40 123 199
29 260 384
88 432 439
75 79 428
128 339 360
4 102 297
82 193 385
50 201 248
45 132 210
15 130 268
343 368 408
90 235 341
90 108 341
23 49 86
137 208 362
137 208 212
31 289 303
46 91 245
91 245 382
11 92 136
128 181 433
19 166 376
95 111 292
188 288 371
144 174 355
101 374 419
60 103 336
9 200 426
12 141 147
148 173 331
7 111 277
101 144 282
61 213 396
101 334 374
12 141 251
109 147 262
58 236 369
176 327 422
106 211 214
80 107 417
146 282 358
108 220 374
108 347 374
0 154 237
20 94 416
6 87 441
170 178 182
69 176 417
238 281 302
27 131 388
137 212 429
112 157 279
112 279 445
113 136 175
113 373 446
207 310 382
105 114 295
29 192 425
342 354 448
51 114 263
145 312 444
43 115 333
115 333 424
191 271 387
15 153 223
144 256 355
117 263 264
119 120 415
119 120 380
119 131 357
119 201 440
21 88 439
120 132 349
28 156 423
258 335 338
48 121 199
124 148 202
125 146 234
71 176 327
125 146 233
235 343 356
157 300 342
186 243 406
282 407 419
142 318 369
67 126 209
126 209 361
33 335 421
30 127 155
128 148 331
1 140 423
128 148 216
257 344 349
122 128 181
122 128 339
365 368 408
128 280 433
108 220 320
275 377 399
1 140 225
164 215 295
122 133 181
134 221 232
134 159 438
134 306 438
96 141 165
137 167 337
138 242 341
140 200 423
66 141 147
154 237 395
7 68 111
46 245 301
66 141 420
17 141 420
351 407 419
120 349 380
284 393 417
143 204 323
144 150 256
144 174 282
144 213 390
144 364 390
146 234 282
146 378 418
146 233 378
40 199 375
124 148 173
148 216 360
190 330 336
29 151 192
26 340 412
80 393 417
154 271 430
41 283 376
128 216 360
205 212 337
185 368 413
35 161 171
27 124 173
74 163 322
88 163 322
164 194 295
164 384 421
164 194 421
167 276 301
64 172 292
95 172 292
15 197 223
113 175 359
175 272 359
176 284 417
185 192 398
205 294 399
31 42 221
0 182 237
220 226 320
182 233 378
0 182 378
178 182 237
45 187 248
189 315 332
115 183 424
189 351 407
110 189 351
224 371 379
190 224 239
190 278 330
364 379 390
198 254 313
200 255 388
151 192 261
205 294 311
205 311 317
205 317 434
91 207 382
204 279 345
21 88 411
73 211 387
344 349 380
212 337 429
186 298 406
215 285 295
191 211 387
138 332 394
97 133 181
