31 80 393
329 364 390
321 369 385
64 111 277
65 129 157
7 39 98
185 261 398
58 187 248
99 388 410
1 156 423
38 228 428
122 181 280
106 275 377
34 87 384
88 163 432
93 288 300
284 409 422
52 165 251
138 315 402
80 102 393
96 141 251
24 393 417
31 303 393
12 147 262
9 426 440
64 111 292
3 104 293
7 160 431
98 249 274
179 274 386
134 159 306
119 338 415
17 66 141
25 96 165
58 223 267
4 36 316
6 85 87
140 225 388
1 225 423
116 318 321
99 225 388
99 168 225
67 209 361
89 97 133
148 202 331
105 195 406
168 313 360
13 168 283
35 38 171
209 243 435
97 181 433
59 105 114
207 383 391
35 161 166
238 392 443
75 171 287
164 260 384
164 194 384
139 326 394
146 358 418
139 387 394
106 211 377
205 214 247
10 238 392
91 207 310
301 337 434
0 182 233
2 91 136
2 136 175
55 74 322
53 88 163
55 88 446
55 74 88
146 233 418
0 271 378
144 150 213
300 342 448
60 121 403
177 379 390
57 101 334
334 354 374
347 354 374
65 129 342
24 265 393
159 306 438
52 109 262
145 152 444
69 176 249
327 409 422
102 393 417
284 409 417
71 250 327
32 81 293
179 274 420
32 104 293
3 81 293
1 172 225
28 116 156
64 277 385
1 172 366
64 95 292
318 321 369
58 318 369
58 369 385
82 223 363
82 193 267
58 187 223
32 68 98
7 277 431
7 68 98
7 39 160
98 274 420
39 98 420
147 274 386
12 147 386
147 249 274
109 312 348
147 249 262
12 52 251
12 52 262
17 96 141
66 141 251
96 165 251
25 353 427
94 353 416
15 153 290
193 268 363
15 130 197
15 252 290
39 268 420
82 193 363
82 223 267
6 87 413
118 153 290
76 94 196
76 196 449
6 85 441
16 85 441
18 87 304
18 85 87
258 335 421
304 335 421
70 338 397
70 258 421
258 338 415
70 258 338
201 426 440
50 248 257
50 236 248
50 236 426
119 338 357
58 142 318
200 357 440
140 225 423
9 200 440
131 255 388
140 255 388
131 388 410
200 255 357
131 255 357
63 70 397
27 202 218
99 259 360
148 216 331
122 128 216
63 84 280
124 202 331
124 173 331
124 173 319
63 70 84
63 128 280
128 216 331
105 295 433
59 105 295
405 428 447
59 285 295
89 243 406
122 128 280
259 339 360
99 168 360
89 243 361
209 243 361
168 254 313
254 313 361
126 168 254
13 168 246
126 168 246
246 286 325
19 166 435
51 243 435
283 372 383
19 299 376
19 41 376
19 41 166
19 67 299
51 186 243
51 228 435
51 186 263
35 38 228
72 305 308
75 287 428
59 285 437
38 75 171
38 75 428
228 428 447
161 240 302
240 281 302
240 372 383
2 207 383
244 281 302
10 77 244
207 238 391
207 238 310
238 310 443
311 317 443
183 377 399
44 333 424
333 399 424
183 275 377
214 377 399
211 214 377
59 117 437
79 405 428
164 215 260
117 405 437
215 285 437
115 183 305
34 192 425
34 260 384
34 87 425
29 185 192
47 242 326
47 296 324
14 47 296
47 242 324
151 261 341
73 139 387
8 387 394
78 226 320
315 332 402
189 358 418
149 189 315
149 189 418
378 389 418
149 307 418
189 358 407
233 378 418
0 170 182
271 378 389
0 233 378
307 389 418
8 307 387
73 191 387
73 106 211
191 208 362
311 317 434
203 317 382
113 175 272
11 241 276
92 309 359
136 175 272
92 272 359
92 309 328
154 328 395
337 429 442
154 237 328
154 237 430
125 170 229
74 88 253
55 229 322
178 309 359
125 170 182
2 113 373
2 113 175
2 91 207
2 56 373
56 291 439
56 346 373
346 359 373
21 291 411
88 411 432
21 291 439
121 219 273
53 123 199
60 61 103
74 127 253
53 199 253
53 88 253
121 135 219
48 121 169
30 127 162
174 256 355
150 213 404
110 189 407
174 282 407
213 400 404
40 375 404
150 155 256
121 169 403
40 169 403
40 400 404
60 121 273
23 86 336
60 61 396
61 177 436
61 103 436
224 239 278
49 352 401
49 190 336
49 239 401
49 86 336
54 323 345
65 93 143
224 239 401
269 352 401
188 224 288
334 354 448
83 188 224
83 93 188
83 93 381
93 188 288
57 329 334
300 329 371
288 300 371
224 288 371
177 379 436
61 177 396
57 329 364
57 101 364
101 144 419
108 220 226
235 341 408
220 332 402
320 341 350
220 226 402
78 226 402
138 151 350
108 226 320
151 341 350
343 398 408
78 320 350
90 108 347
108 320 341
235 343 408
261 341 408
261 398 408
62 306 438
42 80 221
90 235 356
100 235 343
129 157 232
221 232 356
42 157 232
36 80 107
4 102 222
36 80 221
42 112 157
36 134 221
42 221 232
20 316 416
4 20 316
4 20 230
22 109 348
109 249 262
102 206 417
102 206 297
98 176 249
5 26 412
37 250 327
37 314 327
24 409 417
37 266 314
157 204 279
93 143 381
204 266 279
49 86 352
227 269 352
86 227 352
54 227 340
23 60 336
5 270 412
217 270 412
5 71 270
5 26 367
5 71 367
311 414 443
88 411 446
185 398 413
365 398 413
265 393 445
44 392 424
392 399 424
368 441 449
365 368 441
6 365 413
271 362 389
359 370 446
346 359 370
338 357 397
234 355 407
174 355 407
201 349 426
201 344 349
184 342 354
217 340 412
329 371 379
329 379 390
313 339 360
198 313 339
205 311 337
310 317 382
308 405 437
8 307 315
149 307 315
119 344 415
301 317 434
300 329 334
231 296 308
291 370 446
291 411 446
56 291 346
286 299 325
286 299 376
69 284 444
279 289 445
278 379 436
276 301 395
272 359 373
265 266 445
266 323 345
265 314 327
117 264 405
264 405 447
186 263 298
114 263 298
50 257 426
199 253 375
252 353 427
66 251 386
12 251 386
71 250 270
217 250 270
250 266 345
37 250 266
87 304 384
13 246 376
240 281 391
240 383 391
178 237 309
237 309 328
0 237 271
265 266 314
129 232 342
184 232 342
231 260 296
228 264 447
51 228 263
227 269 381
143 227 381
83 224 381
224 278 379
224 269 381
224 269 401
90 232 356
89 133 339
103 278 436
146 234 407
84 194 384
137 154 395
69 109 444
79 287 428
101 213 364
78 138 350
77 244 302
137 429 442
203 301 317
74 229 322
72 73 139
110 189 332
70 384 421
70 84 384
76 118 290
19 67 435
291 346 370
65 143 323
65 300 342
65 157 204
65 204 323
80 102 222
44 77 392
29 34 260
3 104 225
62 368 438
79 305 308
76 118 187
62 306 356
67 209 435
212 214 247
59 114 263
125 146 182
11 136 241
125 127 229
201 357 440
13 283 376
55 170 229
90 184 354
125 127 162
54 217 340
99 131 218
40 48 169
54 143 227
72 183 275
73 191 208
49 239 278
73 208 211
161 171 302
81 95 292
161 166 240
46 241 276
160 277 385
72 73 106
76 94 353
101 144 213
137 337 442
8 138 315
43 79 287
94 159 316
21 135 439
23 26 340
58 160 385
18 45 210
146 182 233
41 166 283
17 179 386
127 155 253
17 25 96
22 230 297
94 316 416
179 252 420
36 159 316
15 268 420
16 441 449
178 359 446
46 245 276
45 76 210
155 162 256
62 235 356
72 106 275
126 254 361
27 131 319
28 64 116
16 76 210
120 344 380
14 158 308
74 127 229
40 60 400
20 22 230
0 178 237
25 252 427
76 290 353
3 172 225
10 77 392
18 33 304
103 278 330
69 176 422
29 296 324
84 181 280
87 185 413
99 148 202
47 139 326
31 80 112
16 76 449
67 299 325
17 179 252
36 134 159
32 68 111
72 183 305
9 116 156
138 151 394
58 160 267
0 170 178
9 116 142
97 195 406
18 85 210
4 230 297
103 330 336
220 374 419
87 192 425
92 136 272
156 200 423
62 100 235
244 281 391
43 115 305
145 284 417
237 271 430
133 216 339
65 93 300
204 266 323
54 143 323
69 109 249
77 180 333
8 138 394
9 156 200
215 231 260
257 349 426
89 198 339
64 95 366
10 244 391
100 343 398
49 190 278
78 138 402
99 148 259
128 173 331
84 181 433
81 95 172
72 139 158
22 297 348
22 165 416
301 337 395
20 22 416
18 45 132
17 25 252
25 353 416
25 165 416
27 202 319
62 100 368
112 279 289
303 393 445
77 180 287
3 81 172
30 155 162
43 79 305
196 368 449
28 64 366
166 283 372
252 290 353
135 219 273
14 296 308
191 307 387
86 227 340
29 34 192
29 151 261
110 220 419
29 185 261
18 33 132
197 223 268
42 80 112
392 414 443
29 260 296
21 135 411
46 203 382
48 123 163
246 286 376
60 396 400
17 66 386
191 362 389
177 213 400
128 173 319
31 303 445
31 112 289
44 77 333
31 289 445
109 152 444
32 111 292
32 81 292
294 311 414
24 327 409
14 47 139
131 319 397
33 120 132
116 321 385
4 36 107
45 132 257
45 248 257
90 184 232
46 91 241
228 263 264
110 351 419
194 295 433
14 139 158
155 253 375
214 294 414
217 250 345
23 86 340
43 115 183
39 160 193
79 308 405
39 193 268
77 171 287
40 48 123
144 351 419
69 284 422
40 123 199
40 60 403
55 170 178
137 167 395
4 102 297
15 130 268
196 368 438
100 365 368
59 117 263
99 131 410
90 235 341
90 108 341
110 220 332
90 347 354
10 238 391
137 208 362
89 198 313
91 136 241
46 91 382
91 310 382
11 92 136
92 328 395
11 92 395
94 196 438
95 172 366
101 374 419
60 103 336
97 105 195
99 202 218
7 111 277
100 365 398
215 231 437
125 234 355
101 334 374
87 185 192
116 142 318
221 306 356
152 312 348
176 327 422
108 220 374
108 347 374
52 109 165
22 109 165
174 282 351
110 282 407
46 203 245
112 157 279
145 284 444
105 114 406
114 298 406
342 354 448
11 276 395
15 153 223
64 116 385
117 263 264
205 214 294
118 153 223
118 187 223
120 132 380
15 252 420
120 258 415
120 258 335
120 304 335
33 120 304
183 333 399
120 344 415
142 236 426
119 344 357
121 163 432
121 135 432
53 123 163
4 107 222
125 146 234
71 176 327
125 162 256
186 243 406
125 256 355
67 126 361
30 127 155
109 152 312
135 273 439
164 215 295
97 105 433
132 257 349
122 133 181
67 246 325
135 411 432
137 154 430
84 194 433
137 271 430
137 271 362
137 167 337
48 121 163
124 202 319
140 200 255
140 200 423
311 337 434
7 68 111
142 236 248
58 142 248
9 142 426
167 337 395
144 150 256
144 174 351
145 152 206
145 206 417
40 199 375
146 358 407
6 365 441
214 392 399
137 208 429
148 259 339
148 216 339
190 330 336
43 183 287
29 151 324
151 242 324
26 340 412
151 242 326
160 193 267
151 326 394
24 265 327
41 283 376
110 282 351
155 375 404
150 155 404
28 156 366
1 156 366
54 217 345
67 126 246
266 279 445
152 206 348
144 174 256
214 392 414
72 158 308
160 277 431
35 161 171
164 194 295
35 166 228
166 228 435
166 240 372
77 171 302
177 364 390
113 272 373
15 197 223
89 97 406
208 211 212
134 221 306
177 213 364
177 396 400
205 247 337
55 178 446
180 183 333
180 183 287
45 76 187
122 133 216
45 187 248
189 315 332
63 319 397
131 357 397
224 371 379
190 278 330
191 307 389
94 159 438
300 334 448
89 313 361
80 107 222
130 197 268
132 349 380
201 344 357
203 245 276
203 276 301
205 294 311
63 128 319
206 297 348
231 308 437
208 212 429
211 212 214
212 247 337
344 349 380
212 337 429
186 298 406
215 285 295
304 384 421
27 131 218
310 317 443
16 85 210
223 268 363
97 133 181
