25 60 149
4 79 147
4 73 138
5 50 95
40 93 131
26 75 97
65 100 130
81 84 112
4 111 147
85 94 101
30 52 108
81 112 131
26 40 131
18 38 116
19 79 99
67 72 118
38 71 111
40 80 93
50 66 142
12 133 140
59 97 132
24 62 122
23 50 95
24 62 143
11 66 142
22 46 125
44 53 57
16 85 113
24 61 126
37 58 106
37 44 125
85 96 113
0 96 113
32 43 139
0 87 113
17 29 49
9 117 127
19 35 99
45 55 69
45 76 100
65 76 100
45 73 76
43 73 76
20 33 43
31 52 108
69 89 127
52 75 91
31 108 128
36 94 101
26 52 75
26 30 52
38 116 147
21 40 80
79 116 147
19 117 138
79 99 116
28 71 111
38 111 147
28 107 111
13 28 107
21 80 93
14 28 71
13 28 149
4 107 111
13 60 149
10 14 47
25 60 118
8 60 86
25 67 118
34 39 122
2 62 122
14 47 67
81 93 131
74 93 134
34 39 41
34 41 82
59 132 145
36 58 101
44 125 133
115 121 140
34 53 56
3 56 115
50 61 142
23 50 61
23 95 120
23 61 126
24 56 126
3 56 126
3 103 126
3 115 121
3 48 90
3 48 103
6 90 98
6 98 105
5 50 86
23 78 120
78 92 120
5 102 146
98 102 146
37 46 125
1 46 105
98 102 105
16 70 124
87 102 124
87 113 124
0 29 96
36 57 58
36 53 57
16 113 124
1 16 70
36 53 59
26 97 132
64 75 91
36 94 136
63 64 135
94 136 141
33 43 76
7 15 51
63 110 135
43 104 139
32 137 139
20 54 110
29 49 135
32 54 88
32 88 137
0 42 137
43 104 119
26 131 132
2 123 129
119 137 139
30 108 116
85 101 106
58 101 106
74 93 129
78 92 103
92 95 120
90 92 103
48 90 103
69 89 130
89 114 130
54 88 135
17 85 141
47 83 134
82 132 145
82 84 112
3 90 121
23 78 126
78 103 126
75 97 136
99 108 116
74 83 123
74 83 134
73 109 127
9 73 127
9 73 117
73 117 138
42 119 137
68 72 148
72 83 123
70 102 124
70 102 105
69 109 127
55 69 109
68 118 144
68 72 118
68 77 86
8 68 86
29 88 135
50 66 86
7 65 128
82 84 129
44 53 140
31 51 52
12 22 140
6 22 105
66 77 86
81 93 129
22 90 121
10 21 134
16 46 85
29 88 137
53 56 140
11 68 148
25 28 149
7 15 65
81 84 129
47 67 72
17 29 96
35 99 108
17 85 96
1 16 46
46 85 106
0 42 119
15 27 110
18 21 71
15 27 65
36 97 136
18 26 30
64 75 136
22 125 133
18 21 40
112 131 132
36 59 97
0 87 119
2 11 148
2 11 62
11 61 142
11 66 77
11 68 77
10 47 134
22 46 105
45 69 130
72 123 148
8 68 144
56 115 140
5 92 146
90 98 146
2 39 41
2 41 129
2 123 148
12 22 133
7 31 51
45 100 130
10 14 21
8 60 118
18 26 40
8 118 144
11 62 143
24 56 122
1 70 105
21 93 134
6 22 90
18 38 71
2 39 122
89 117 127
51 63 64
19 89 117
14 21 71
27 33 65
25 28 67
53 59 145
14 28 67
65 128 130
37 57 58
4 79 138
55 73 109
0 29 137
41 82 129
17 49 141
18 30 116
19 79 138
114 128 130
33 65 76
20 33 110
7 31 128
82 112 132
34 53 145
34 82 145
35 108 114
35 89 114
37 44 57
85 94 141
11 24 143
20 43 54
32 43 54
51 63 110
5 92 95
54 110 135
90 92 146
37 46 106
47 72 83
49 64 135
49 64 136
49 136 141
51 52 91
51 64 91
19 35 89
15 51 110
108 114 128
45 55 73
74 123 129
104 119 139
22 121 140
27 33 110
11 24 61
34 56 122
44 133 140
