19 35 117
4 79 147
4 73 138
47 93 134
40 93 131
35 89 128
65 100 130
81 84 112
4 111 147
31 51 128
45 69 100
81 112 131
18 99 116
18 38 116
40 80 93
68 72 77
8 77 86
2 74 129
12 133 140
23 103 126
24 62 143
22 46 125
44 53 57
16 85 113
85 96 113
0 96 113
1 37 46
29 54 88
51 63 91
36 59 136
0 87 113
17 29 49
0 42 87
69 100 130
19 35 99
45 55 69
45 55 109
45 73 109
45 76 100
65 76 100
45 73 76
69 89 114
43 73 76
31 52 108
89 114 128
35 89 127
69 114 130
69 89 127
18 30 40
30 35 108
52 75 91
36 94 101
64 97 136
18 38 40
4 19 138
19 117 138
79 99 116
21 38 71
38 111 147
28 107 111
21 80 93
10 47 93
14 28 71
4 107 111
25 60 118
8 72 77
8 72 144
60 118 144
11 123 148
66 68 77
68 72 83
50 77 86
11 143 148
2 62 122
10 21 93
47 123 134
41 82 84
34 41 82
44 125 133
3 22 121
23 95 120
23 61 126
3 115 121
23 78 103
6 90 98
5 50 86
23 78 120
78 92 120
5 102 146
92 98 146
90 92 98
48 90 92
22 121 125
1 46 105
87 102 124
102 105 124
87 113 124
42 87 119
36 53 57
16 85 106
36 53 59
59 97 136
63 64 91
17 94 141
27 63 110
15 51 63
7 15 51
15 27 63
20 27 33
63 110 135
32 137 139
32 54 88
43 104 119
42 104 119
49 135 141
26 131 132
61 126 143
24 126 143
28 107 149
102 105 146
98 105 146
85 101 106
59 97 145
85 96 101
94 96 101
17 94 96
78 92 103
92 95 120
0 88 96
72 83 144
67 83 118
82 84 132
82 132 145
81 131 134
50 77 142
75 97 145
74 81 84
74 84 129
73 109 127
9 73 127
9 73 117
73 117 138
70 113 124
16 70 106
70 105 124
69 109 127
55 69 109
11 68 142
47 67 123
67 83 123
65 114 130
63 135 141
63 136 141
63 64 136
44 53 140
31 51 52
23 50 142
0 137 139
27 54 110
20 43 76
25 28 149
37 46 57
36 94 141
18 35 99
17 29 96
56 62 122
31 35 128
75 132 145
3 48 126
52 75 132
20 33 76
83 118 144
13 25 149
66 68 142
57 58 101
9 35 117
3 24 126
2 62 143
112 131 132
38 79 116
2 143 148
20 104 139
23 61 142
4 79 99
5 23 95
48 92 103
41 84 129
11 61 142
11 61 143
38 79 147
38 40 80
49 110 135
0 42 139
22 46 105
26 52 132
12 115 121
11 83 123
6 22 98
5 92 146
22 98 105
4 19 99
1 37 70
60 86 144
44 46 125
84 112 132
10 47 67
10 14 67
2 39 41
12 115 140
2 123 134
34 41 56
0 32 88
2 74 134
2 41 129
29 49 54
2 123 148
12 121 125
7 27 65
3 24 115
10 14 21
9 35 127
75 91 97
66 77 142
1 70 105
6 22 90
7 65 114
2 39 122
11 68 83
74 81 134
7 15 27
12 125 133
26 52 108
8 86 144
24 56 115
26 30 108
27 32 54
29 88 96
14 21 71
36 136 141
42 104 139
27 65 76
27 33 76
39 56 122
28 38 111
31 35 108
53 59 145
25 28 118
5 23 50
14 28 118
34 53 140
13 107 149
37 57 58
17 49 141
30 40 131
20 32 139
22 48 90
26 30 131
64 91 97
34 56 115
51 114 128
20 43 104
20 27 32
37 70 106
37 101 106
37 58 101
34 115 140
18 30 35
21 38 80
14 67 118
39 41 56
36 57 101
53 82 145
44 46 57
5 92 95
48 103 126
49 54 110
93 131 134
16 70 113
28 38 71
51 52 91
7 51 114
13 25 60
0 32 137
34 53 82
24 56 62
3 22 48
44 133 140
