4 79 147
4 73 138
47 93 134
35 89 128
65 100 130
58 85 106
81 84 112
4 111 147
31 51 128
85 94 101
30 52 108
81 112 131
18 99 116
26 40 131
18 38 116
67 72 118
68 83 123
8 77 86
50 66 142
47 67 83
12 133 140
24 62 122
23 103 126
11 66 142
22 46 125
44 53 57
37 58 106
0 96 113
1 37 46
58 85 101
51 63 91
0 87 113
17 29 49
69 100 130
9 73 109
9 117 127
45 55 109
45 73 109
65 76 100
69 89 114
43 73 76
31 52 108
89 114 128
69 114 130
69 89 127
30 35 108
52 75 91
26 52 75
39 41 129
26 30 52
31 52 91
21 40 80
18 38 40
4 19 138
19 117 138
79 99 116
13 28 107
10 21 71
10 47 93
10 14 71
14 28 71
4 107 111
14 25 149
10 14 47
50 66 77
8 60 86
14 25 67
67 72 83
11 68 123
11 123 148
68 72 83
50 77 86
61 142 143
11 142 143
2 62 122
14 47 67
39 122 129
41 82 84
34 39 41
34 41 82
53 56 115
36 58 101
121 125 133
53 115 140
12 121 133
34 53 56
3 56 115
50 61 142
23 50 61
3 103 126
3 115 121
3 48 90
3 48 103
23 78 103
6 90 98
95 120 146
23 78 120
78 92 120
5 95 146
6 22 46
5 102 146
98 102 146
48 90 92
6 46 105
37 46 125
22 121 125
1 105 124
1 46 105
1 70 124
16 70 124
87 102 124
102 105 124
87 113 124
16 113 124
16 85 106
36 53 59
59 82 145
82 84 145
63 64 91
94 136 141
17 94 141
31 51 91
7 15 51
20 27 33
63 110 135
43 104 139
29 85 96
29 49 135
0 42 137
104 137 139
43 104 119
49 135 141
26 131 132
104 119 137
36 101 136
69 100 127
19 99 117
55 100 127
59 97 145
0 96 137
78 92 103
6 90 121
90 120 146
84 132 145
47 83 134
40 80 131
80 81 93
3 90 121
75 97 145
26 75 132
74 122 129
2 74 122
74 81 84
74 84 129
74 83 123
74 83 134
9 73 117
73 117 138
42 119 137
5 86 95
71 111 147
38 71 147
16 70 106
35 99 117
68 118 144
68 72 118
81 93 134
29 88 135
65 114 130
63 135 141
63 136 141
28 71 107
63 64 136
61 62 143
45 73 100
44 53 140
24 39 122
29 88 137
20 137 139
23 24 61
20 32 137
20 43 76
53 59 82
16 96 113
32 54 137
18 35 99
20 43 139
0 42 119
15 27 110
31 35 128
75 132 145
50 86 95
71 107 111
20 33 76
29 85 94
18 26 30
13 25 149
9 55 109
6 98 102
6 102 105
3 24 126
2 62 143
112 131 132
36 59 97
0 87 119
2 11 148
38 79 116
4 79 99
48 92 103
41 84 129
38 79 147
23 24 126
11 66 77
11 68 77
23 50 120
12 115 121
13 14 28
8 68 144
2 11 143
8 68 77
4 19 99
1 37 70
84 112 132
90 98 146
12 115 140
35 89 117
32 54 110
16 85 96
2 123 148
7 27 65
8 60 118
36 64 136
18 26 40
8 118 144
75 91 97
45 55 100
73 76 100
13 14 149
7 65 114
10 80 93
89 117 127
74 81 134
7 15 27
2 74 123
88 110 135
37 125 133
3 24 56
27 33 65
31 35 108
36 64 97
27 32 110
37 57 58
29 96 137
17 49 141
24 61 62
10 21 80
64 91 97
33 65 76
54 88 110
90 92 120
51 114 128
17 29 94
9 55 127
50 95 120
37 44 57
20 27 32
37 70 106
37 44 133
18 30 35
24 39 56
94 101 136
25 60 67
34 39 56
38 40 71
21 40 71
51 63 110
6 22 121
36 53 58
15 51 110
7 51 114
13 25 60
34 53 82
54 88 137
80 81 131
53 57 58
44 133 140
60 67 118
