18 37 57
56 115 141
53 94 141
6 44 113
13 118 147
43 60 69
88 90 91
44 66 135
3 103 119
6 49 116
6 113 138
29 69 138
81 111 123
52 108 133
43 69 142
12 95 139
96 124 139
9 17 33
99 108 123
17 23 30
61 71 95
31 42 63
53 94 136
20 56 141
1 25 134
83 112 121
37 94 141
8 76 79
36 135 147
11 77 141
15 75 143
28 55 132
16 60 116
32 36 114
28 107 132
5 48 85
86 99 123
90 91 142
29 88 91
81 108 133
81 108 123
29 86 88
54 81 111
43 60 142
15 39 143
60 142 145
101 140 143
28 60 116
6 14 49
49 101 116
16 60 69
6 16 116
54 106 138
29 69 91
69 91 142
61 71 113
106 113 138
26 75 143
2 35 105
31 109 131
12 33 45
42 61 63
42 61 95
31 42 95
12 31 95
41 52 108
10 71 96
41 108 110
81 124 133
52 124 139
52 124 133
41 46 102
41 46 52
2 45 105
31 45 109
9 33 45
12 31 45
21 58 73
9 17 30
9 45 105
9 30 105
21 23 47
34 47 137
17 23 110
21 47 137
58 78 137
34 78 137
23 34 47
21 58 137
73 98 122
73 122 130
1 78 98
1 89 127
1 78 127
27 38 98
27 98 129
2 35 50
2 50 129
2 45 109
109 131 148
2 109 129
115 131 148
53 77 118
19 68 87
5 80 117
53 117 136
32 114 117
80 94 136
59 80 94
80 117 136
18 59 92
20 37 134
53 77 141
20 37 141
37 57 134
1 25 89
120 144 149
18 64 144
64 120 144
18 57 64
57 64 120
51 70 121
8 48 85
76 83 128
4 70 128
4 87 92
4 70 92
19 59 92
19 87 92
8 40 79
8 67 85
5 32 117
3 32 36
8 40 48
5 32 48
3 32 48
3 7 48
3 36 103
0 24 103
0 103 119
24 36 103
24 36 135
24 135 146
14 26 75
0 104 146
93 104 146
0 84 104
0 24 146
0 84 119
15 75 93
44 75 135
26 101 143
28 101 116
7 97 125
39 140 143
28 101 140
28 60 145
22 107 125
28 55 140
55 84 119
55 119 132
3 7 97
28 107 145
22 107 145
22 82 145
97 125 132
107 125 132
70 121 128
53 117 118
29 111 138
54 111 138
10 96 106
95 96 139
70 92 144
18 92 144
4 87 128
86 90 99
86 88 90
68 85 87
39 84 140
76 83 100
114 117 118
74 100 112
73 105 130
6 14 44
29 111 123
29 86 123
8 67 76
13 66 135
35 122 130
27 109 129
25 57 120
38 56 115
25 57 134
14 26 101
22 79 126
22 40 79
22 40 125
21 23 30
17 41 110
16 69 138
12 33 102
15 84 104
25 72 120
27 109 115
12 52 139
31 62 131
18 59 94
14 44 75
75 93 146
19 59 68
67 87 128
5 68 80
73 78 98
5 68 85
35 105 130
65 72 89
55 84 140
44 61 63
59 68 80
22 82 126
1 56 134
18 37 94
72 120 149
12 46 52
17 33 41
71 95 96
3 97 132
11 115 141
6 16 138
31 62 63
51 112 121
11 62 77
15 93 104
1 56 98
67 85 87
10 106 113
11 115 131
36 114 118
25 72 89
12 46 102
21 30 73
33 41 102
30 73 105
34 65 89
34 89 127
13 135 147
34 78 127
35 98 122
35 50 98
50 98 129
83 121 128
67 76 128
83 100 112
27 38 115
11 62 131
62 63 66
15 39 84
40 48 125
44 61 113
14 49 101
65 72 149
7 48 125
75 135 146
54 96 106
51 65 149
51 65 74
10 71 113
51 74 112
36 118 147
54 81 124
54 96 124
20 56 134
109 115 148
62 77 118
38 56 98
44 63 66
3 119 132
62 66 118
13 66 118
70 144 149
51 70 149
58 73 78
