18 37 57
11 63 131
86 111 123
25 65 89
53 94 141
13 118 147
88 90 91
44 66 135
3 103 119
6 49 116
44 62 63
6 14 75
29 69 138
81 111 123
52 108 133
12 95 139
9 17 33
99 108 123
27 115 129
12 46 139
44 63 113
109 129 148
61 71 95
31 42 63
71 95 139
53 94 136
20 56 141
1 25 134
51 74 149
65 78 127
65 72 120
37 94 141
8 76 79
7 40 125
13 66 147
36 135 147
13 62 118
11 77 141
32 36 114
5 48 85
86 99 123
90 91 142
29 86 111
29 88 91
81 108 133
81 108 123
29 54 111
29 86 88
29 54 138
43 60 142
15 39 143
60 142 145
101 140 143
28 60 116
6 14 49
49 101 116
14 26 49
6 16 116
54 106 138
29 69 91
61 71 113
11 62 63
31 63 131
31 109 131
12 33 45
61 63 113
41 52 108
46 52 139
10 71 96
41 108 110
81 124 133
52 124 139
52 124 133
41 46 102
41 46 52
41 102 110
2 45 105
9 33 45
12 31 45
21 58 73
9 45 105
9 30 105
17 23 110
58 78 137
34 78 137
23 34 47
21 58 137
73 98 122
73 122 130
58 73 98
1 38 56
58 78 98
34 65 78
65 89 127
1 20 134
1 89 127
1 38 98
27 38 98
1 20 56
27 38 56
27 98 129
27 56 115
35 50 122
2 50 129
109 131 148
2 109 129
115 131 148
115 129 148
53 77 118
32 114 117
18 70 144
80 94 136
59 80 94
80 117 136
18 59 92
20 37 134
53 77 141
20 37 141
37 57 134
1 25 89
25 65 72
18 64 144
65 120 149
18 57 64
57 64 120
51 70 121
65 74 149
76 100 112
76 83 128
4 70 128
67 68 87
4 87 92
19 59 92
7 40 48
67 68 85
8 40 79
8 67 85
3 32 36
5 32 48
97 119 132
3 36 103
0 24 103
66 135 147
0 103 119
24 36 103
24 36 135
44 62 66
13 62 66
24 135 146
14 26 75
93 104 146
0 84 104
39 55 140
15 75 93
44 75 135
26 49 101
26 101 143
28 101 116
39 140 143
28 101 140
28 60 145
22 107 125
28 55 140
22 79 82
55 119 132
3 7 97
3 97 119
28 107 145
22 107 145
79 82 126
22 82 145
107 125 132
70 121 128
117 118 136
53 118 136
81 111 124
78 98 127
10 96 106
54 111 124
4 87 128
86 90 99
86 88 90
114 117 118
74 100 112
73 105 130
23 30 47
12 42 95
8 67 76
1 98 127
57 72 120
35 122 130
25 57 134
0 24 104
22 40 79
22 40 125
16 69 138
12 33 102
15 84 104
15 26 143
44 75 113
24 104 146
18 59 94
75 93 146
19 59 68
76 112 121
32 80 117
19 68 92
6 106 113
67 87 128
7 97 132
7 125 132
5 68 80
3 7 32
6 106 138
7 32 48
4 18 70
5 68 85
35 105 130
30 47 73
59 68 80
2 31 45
21 34 137
43 69 91
50 98 122
0 55 84
4 18 92
18 37 94
15 26 75
21 34 47
6 75 113
11 56 141
21 47 73
71 96 124
12 31 42
6 16 138
51 112 121
11 62 77
8 40 85
15 93 104
9 17 23
39 55 84
10 106 113
0 55 119
11 115 131
36 114 118
12 46 102
30 73 105
33 102 110
17 33 110
16 43 116
16 43 69
50 98 129
83 121 128
67 76 128
11 56 115
40 48 85
9 23 30
43 60 116
15 39 84
43 91 142
5 32 80
2 50 105
75 135 146
35 50 105
54 96 106
68 87 92
10 71 113
51 74 112
61 63 95
2 31 109
76 83 121
36 118 147
54 96 124
55 107 132
28 55 107
62 77 118
42 63 95
64 120 149
64 144 149
25 57 72
70 144 149
51 70 149
71 124 139
