18 37 57
53 94 141
6 44 113
13 118 147
15 84 93
44 66 135
3 103 119
6 16 69
6 49 116
44 62 63
6 14 75
29 69 138
10 54 106
81 111 123
52 108 133
43 69 142
12 95 139
96 124 139
9 17 33
99 108 123
11 62 118
12 46 139
44 63 113
61 71 95
31 42 63
53 94 136
20 56 141
51 74 149
100 112 121
18 37 59
37 59 94
37 94 141
8 76 79
53 114 118
13 66 147
36 135 147
13 62 118
11 77 141
6 69 138
32 36 114
28 107 132
5 48 85
40 79 125
86 99 123
81 108 133
81 108 123
54 81 111
86 88 99
43 60 142
15 39 143
60 142 145
101 140 143
28 60 116
6 14 49
49 101 116
14 26 49
6 16 116
54 106 138
54 81 96
29 69 91
61 71 113
10 54 96
31 109 131
12 33 45
61 63 113
41 52 108
46 52 139
81 96 124
10 71 96
41 108 110
81 124 133
41 46 102
41 46 52
41 102 110
33 46 102
12 33 46
9 33 45
21 58 73
9 45 105
9 30 105
23 30 73
30 73 130
34 47 137
17 23 110
58 78 137
34 78 137
23 34 47
30 105 130
73 98 122
35 105 122
73 122 130
58 73 98
58 78 98
1 78 98
1 89 127
1 78 127
27 38 98
27 98 129
105 122 130
109 131 148
115 131 148
53 77 118
53 114 117
5 80 117
53 117 136
32 114 117
80 94 136
59 80 94
80 117 136
18 59 92
20 37 134
53 77 141
20 37 141
37 57 134
120 144 149
72 120 134
25 72 134
18 64 144
64 120 144
57 120 134
18 57 64
57 64 120
70 83 121
74 100 121
65 74 149
76 100 112
76 83 128
70 83 128
4 70 128
4 87 92
68 80 85
4 70 92
19 59 92
5 80 85
8 40 79
8 67 85
5 32 117
3 32 36
5 32 48
3 32 48
97 119 132
3 7 48
3 36 103
0 24 103
66 135 147
36 114 147
24 36 103
24 36 135
11 77 118
114 118 147
44 62 66
13 62 66
14 26 75
84 93 104
0 104 146
93 104 146
0 84 104
26 49 101
26 101 143
28 101 116
39 140 143
28 101 140
28 60 145
22 107 125
55 84 119
55 119 132
3 7 97
3 97 119
22 79 125
28 107 145
22 107 145
22 82 145
124 133 139
52 133 139
28 132 140
107 125 132
29 111 138
54 111 138
95 96 139
70 92 144
18 92 144
88 91 99
4 87 128
86 88 91
29 86 91
68 85 87
39 84 140
78 89 127
29 111 123
29 86 123
8 67 76
1 89 134
27 109 129
26 75 93
38 56 115
22 79 126
31 42 45
35 45 105
15 26 143
25 89 134
27 109 115
12 45 95
75 93 146
19 59 68
76 112 121
19 68 92
6 106 113
67 87 128
7 97 132
7 125 132
0 135 146
21 47 58
6 106 138
69 90 142
69 90 91
6 44 135
6 75 135
65 72 89
55 84 140
59 68 80
2 31 45
22 82 126
15 26 93
47 58 137
1 56 134
90 91 99
72 120 149
11 56 141
71 95 96
51 70 74
21 47 73
11 31 62
31 62 63
8 40 85
1 56 98
0 84 103
9 17 23
67 85 87
10 106 113
55 132 140
11 115 131
25 72 89
11 31 131
35 45 50
33 102 110
17 33 110
34 65 89
34 78 89
16 43 116
16 43 69
35 98 122
35 50 98
50 98 129
67 76 128
27 38 115
84 103 119
11 56 115
40 48 85
2 45 50
9 23 30
42 45 95
43 60 116
15 39 84
40 48 125
65 72 149
23 47 73
7 48 125
75 135 146
50 109 129
2 50 109
68 87 92
10 71 113
61 63 95
2 31 109
76 83 121
20 56 134
0 24 135
109 115 148
38 56 98
42 63 95
70 74 121
70 144 149
51 70 149
