18 37 57
11 63 131
56 115 141
53 94 141
6 44 113
13 118 147
15 84 93
44 66 135
3 103 119
6 16 69
6 49 116
6 14 75
6 113 138
29 69 138
10 54 106
81 111 123
52 108 133
12 95 139
9 17 33
99 108 123
17 23 30
11 62 118
109 129 148
61 71 95
31 42 63
71 95 139
53 94 136
20 56 141
51 74 149
18 37 59
37 59 94
37 94 141
8 76 79
13 66 147
36 135 147
11 77 141
15 75 143
16 60 116
6 69 138
32 36 114
5 48 85
86 99 123
29 88 91
81 108 133
81 108 123
29 86 88
43 60 142
15 39 143
60 142 145
101 140 143
6 14 49
49 101 116
6 16 116
54 106 138
29 69 91
106 113 138
10 54 96
26 75 143
11 62 63
31 63 131
31 109 131
12 33 45
41 52 108
10 71 106
10 71 96
41 108 110
81 124 133
52 124 139
52 124 133
41 46 102
41 46 52
17 33 102
33 46 102
12 33 46
31 45 109
9 33 45
21 58 73
9 17 30
30 73 130
21 23 47
17 23 110
58 78 137
34 78 137
30 105 130
73 122 130
1 38 56
1 20 134
1 78 98
1 89 127
1 78 127
1 38 98
27 38 98
1 20 56
27 38 56
27 56 115
2 45 109
109 131 148
115 131 148
53 77 118
19 68 87
32 114 117
18 70 144
80 94 136
59 80 94
18 59 92
20 37 134
53 77 141
20 37 141
37 57 134
18 64 144
18 57 64
70 83 121
51 70 121
65 74 149
51 74 121
8 48 85
76 100 112
76 83 128
70 83 128
4 70 128
4 87 92
19 59 92
19 87 92
8 40 79
5 32 117
3 32 36
8 40 48
5 32 48
3 36 103
0 24 103
66 135 147
24 36 103
24 36 135
11 77 118
24 135 146
14 26 75
84 93 104
0 104 146
93 104 146
0 84 104
0 24 146
15 75 93
26 101 143
39 140 143
28 101 140
28 60 145
22 107 125
22 79 82
55 84 119
55 119 132
3 7 97
28 107 145
22 107 145
79 82 126
22 82 145
117 118 136
53 118 136
29 111 138
54 111 138
81 111 124
28 107 140
98 129 148
54 96 111
88 90 142
88 91 142
4 87 128
86 90 99
86 88 90
68 85 87
39 84 140
78 89 127
114 117 118
74 112 121
74 100 112
73 78 122
29 111 123
12 42 95
29 86 123
8 67 76
1 89 134
35 122 130
23 34 137
25 57 134
14 26 101
22 40 79
22 40 125
31 42 45
21 23 30
17 41 110
16 43 60
78 98 122
35 45 105
25 89 134
25 72 120
12 52 139
75 93 146
27 115 148
35 50 129
7 107 132
19 59 68
76 112 121
67 87 128
7 97 132
5 68 80
23 58 137
9 30 45
3 7 32
21 47 58
7 32 48
4 18 70
5 68 85
25 64 120
6 44 135
35 105 130
7 107 125
6 75 135
65 72 89
96 111 124
55 84 140
44 61 63
59 68 80
43 69 91
4 18 92
30 45 105
72 120 149
12 46 52
23 47 58
8 85 87
8 67 87
3 97 132
11 115 141
27 98 148
71 96 124
12 42 45
17 41 102
5 80 136
0 84 103
55 132 140
11 115 131
36 114 118
25 72 89
35 45 50
21 30 73
34 65 89
61 106 113
34 78 89
16 43 69
35 98 122
35 98 129
67 76 128
60 101 116
84 103 119
62 63 66
2 45 50
15 39 84
40 48 125
43 91 142
44 61 113
14 49 101
65 72 149
7 48 125
75 135 146
50 109 129
2 50 109
61 63 95
76 83 121
36 118 147
25 57 64
28 60 101
61 71 106
107 132 140
44 63 66
3 119 132
42 63 95
5 117 136
64 120 149
64 144 149
62 66 118
13 66 118
70 144 149
51 70 149
71 124 139
58 73 78
