18 37 57
71 106 113
11 131 141
56 115 141
53 94 141
6 44 113
13 118 147
15 84 93
8 67 128
88 90 91
44 66 135
3 103 119
6 49 116
44 62 63
6 113 138
81 111 123
52 108 133
12 95 139
9 17 33
99 108 123
17 23 30
12 46 139
109 129 148
61 71 95
31 42 63
71 95 139
53 94 136
20 56 141
1 25 134
83 112 121
100 112 121
18 37 59
37 59 94
37 94 141
8 76 79
13 66 147
36 135 147
11 77 141
28 55 132
16 60 116
32 36 114
28 107 132
5 48 85
40 79 125
86 99 123
90 91 142
81 108 133
81 108 123
29 54 111
54 81 111
43 60 142
15 39 143
60 142 145
101 140 143
6 14 49
49 101 116
6 16 116
54 106 138
54 81 96
29 69 91
61 71 113
106 113 138
12 33 45
42 61 63
42 61 95
31 42 95
41 52 108
46 52 139
81 96 124
10 71 106
10 71 96
41 108 110
81 124 133
41 46 102
41 46 52
17 33 102
33 46 102
12 33 46
31 45 109
9 33 45
21 58 73
9 17 30
9 45 105
9 30 105
30 73 130
21 23 47
17 23 110
58 78 137
34 78 137
30 105 130
35 105 122
73 122 130
58 78 98
1 78 98
1 89 127
1 78 127
27 38 98
27 38 56
115 131 141
27 56 115
105 122 130
2 35 50
2 50 129
2 45 109
2 109 129
115 131 148
53 77 118
32 114 117
80 94 136
59 80 94
18 59 92
20 37 134
53 77 141
20 37 141
37 57 134
1 25 89
72 120 134
25 72 134
51 70 144
18 64 144
57 120 134
18 57 64
57 64 120
70 83 121
51 70 121
51 144 149
74 100 121
51 74 121
8 48 85
76 83 128
70 83 128
4 70 128
4 87 92
4 70 92
19 59 92
8 40 79
8 76 128
5 32 117
3 32 36
8 40 48
5 32 48
3 32 48
97 119 132
3 7 48
3 36 103
0 24 103
66 135 147
24 36 103
24 36 135
44 62 66
24 135 146
14 26 75
84 93 104
93 104 146
0 84 104
39 55 140
15 39 55
15 75 93
44 75 135
26 101 143
39 140 143
28 101 140
28 60 145
22 107 125
28 55 140
22 79 82
55 84 119
55 119 132
15 55 84
3 7 97
3 97 119
22 79 125
28 107 145
22 107 145
79 82 126
22 82 145
124 133 139
52 133 139
107 125 132
117 118 136
53 118 136
98 129 148
10 96 106
70 92 144
18 92 144
4 87 128
86 88 91
29 86 91
86 90 99
86 88 90
68 85 87
76 83 100
114 117 118
31 131 148
6 14 44
29 111 123
29 86 123
23 34 137
14 26 101
0 24 104
58 73 122
21 23 30
31 109 148
17 41 110
16 69 138
16 43 60
35 45 105
15 26 143
24 104 146
31 62 131
12 45 95
14 44 75
75 93 146
27 115 148
35 50 129
19 59 68
19 68 92
23 47 137
67 87 128
7 97 132
7 125 132
5 68 80
21 47 58
5 68 85
65 72 89
44 61 63
59 68 80
43 69 91
47 58 137
1 56 134
15 26 75
72 120 149
8 85 87
8 67 87
54 69 138
27 98 148
71 96 124
6 16 138
31 62 63
29 54 69
17 41 102
11 62 77
5 80 136
2 35 45
1 56 98
0 84 103
36 114 118
25 72 89
21 30 73
34 65 89
34 89 127
34 78 127
16 43 69
35 98 122
35 98 129
83 100 112
60 101 116
84 103 119
11 62 131
40 48 125
43 91 142
44 61 113
14 49 101
65 72 149
31 45 95
7 48 125
75 135 146
54 96 106
51 65 149
68 87 92
51 65 74
36 118 147
58 98 122
20 56 134
28 60 101
62 77 118
38 56 98
5 117 136
64 120 149
64 144 149
62 66 118
13 66 118
71 124 139
