49 97 254
224 229 246
59 65 150
26 48 241
58 77 258
35 172 263
135 213 223
20 53 194
27 66 134
18 239 258
89 140 156
73 85 205
140 207 226
111 140 207
23 51 147
74 188 278
105 224 299
3 15 136
110 159 249
44 45 276
12 26 74
38 109 188
8 110 249
65 71 231
42 128 243
172 256 263
8 177 292
11 36 73
16 111 207
17 193 297
157 166 279
16 111 130
137 223 234
57 115 122
119 192 216
56 131 283
39 64 146
5 123 178
167 180 290
17 193 236
60 158 286
6 34 43
84 250 275
1 165 260
147 209 294
78 224 229
195 282 294
61 62 96
62 195 294
62 96 138
76 189 201
107 153 267
14 92 268
33 149 222
63 92 268
175 255 295
3 101 291
3 101 136
15 136 284
15 255 284
68 202 284
8 177 254
8 97 110
68 238 298
101 291 298
187 238 291
68 101 298
238 291 298
81 196 273
46 105 235
3 224 291
105 212 299
224 246 299
44 246 299
45 108 276
210 233 264
44 212 299
44 45 212
45 212 264
44 93 276
108 276 278
41 200 219
32 249 261
106 109 203
25 106 203
2 108 278
12 210 233
12 48 112
53 112 154
48 112 241
12 26 48
2 74 278
106 109 188
38 109 241
35 150 203
35 58 150
35 58 263
22 170 281
22 170 256
109 150 203
35 52 203
25 32 106
25 52 203
8 97 254
50 175 295
175 177 254
0 8 171
175 177 292
42 271 292
42 98 253
58 98 148
58 59 150
27 166 279
18 211 221
18 102 258
58 148 258
173 197 243
94 173 274
102 128 258
161 173 197
73 94 228
102 161 211
11 36 89
27 116 279
156 166 198
27 166 198
27 116 134
18 102 211
111 157 234
16 145 181
36 129 252
36 73 252
125 129 252
73 118 252
39 145 181
16 118 181
39 145 217
142 145 217
213 223 227
155 162 232
86 111 234
131 162 283
47 83 227
155 162 283
135 137 223
83 223 227
47 83 86
29 157 279
103 194 251
141 160 270
55 143 154
55 143 194
135 137 194
53 55 154
53 55 194
60 115 158
158 218 286
28 127 259
47 232 257
56 236 283
79 232 297
79 193 297
111 130 257
79 190 259
39 64 217
64 146 280
82 146 280
82 259 269
4 230 269
4 10 230
82 259 280
4 259 269
28 54 208
190 259 280
28 127 225
28 54 220
80 114 133
54 178 220
5 123 266
5 205 230
5 10 230
123 185 266
95 133 275
123 185 247
185 186 266
80 133 275
34 40 69
80 214 275
69 72 91
69 167 290
19 69 290
34 40 163
6 34 163
33 222 260
30 33 151
192 250 272
37 100 244
33 149 151
21 244 245
37 189 289
37 189 248
107 206 267
21 169 245
1 119 165
119 184 216
21 183 184
20 53 139
20 88 122
120 152 233
31 96 215
31 37 289
23 62 138
31 61 96
23 147 294
7 87 285
23 51 132
46 105 182
75 268 282
75 204 224
75 204 209
46 182 262
209 282 294
23 62 294
61 62 195
75 209 282
99 176 206
9 63 92
9 92 99
76 189 289
76 176 206
9 99 176
14 70 84
70 84 174
70 174 201
149 174 201
14 70 296
153 267 296
99 107 206
37 244 248
244 245 248
60 237 286
94 228 274
47 227 232
204 224 235
105 224 235
222 250 272
113 222 272
220 225 242
219 276 278
219 249 261
158 218 287
152 212 233
70 201 296
93 200 276
200 219 276
41 200 273
196 200 273
81 199 273
187 199 273
199 229 246
196 199 200
124 195 289
143 194 231
135 194 213
79 193 259
190 232 257
79 190 232
189 248 293
188 219 261
188 219 278
187 238 273
201 267 296
78 187 229
185 186 247
133 186 247
184 237 286
183 184 237
121 180 287
167 180 287
95 179 205
123 178 247
84 174 250
173 274 288
171 263 281
105 182 212
171 263 271
169 248 293
165 169 184
127 193 259
168 214 275
165 169 293
119 165 184
164 173 288
40 163 218
163 218 286
71 160 231
163 216 286
155 236 283
17 155 236
202 255 284
212 233 264
149 222 250
76 201 206
51 147 182
147 182 262
149 174 250
85 146 181
39 146 181
29 141 279
141 160 251
140 156 166
111 140 157
139 191 285
87 152 285
134 161 173
114 133 247
96 132 215
7 132 215
23 132 138
131 213 227
131 144 213
130 190 280
130 142 145
120 152 191
33 260 293
16 130 145
128 197 243
127 193 236
121 127 236
126 137 194
89 125 140
125 140 226
199 200 246
121 236 287
121 180 225
121 127 225
159 219 249
120 139 191
118 125 226
16 118 226
118 125 252
116 211 221
116 141 270
113 119 272
112 143 154
109 143 150
113 119 222
104 221 270
44 200 246
18 104 221
140 157 166
131 162 227
31 61 195
6 90 214
59 65 104
42 94 173
32 188 261
46 147 235
83 86 223
2 108 210
30 151 189
81 196 199
43 69 90
29 103 141
27 198 277
27 66 164
32 106 188
69 90 91
0 170 281
53 120 139
201 206 267
31 100 215
26 74 188
25 32 249
168 192 250
36 89 125
11 240 288
119 192 272
149 151 189
13 57 265
72 91 247
4 10 54
152 191 285
19 225 242
1 119 222
9 176 195
159 219 273
20 88 194
96 132 138
19 180 225
8 271 292
7 67 117
194 231 251
5 186 266
19 178 220
42 128 258
44 93 200
8 171 271
104 160 270
5 10 178
7 67 285
65 143 150
6 168 214
36 125 129
0 35 52
0 8 52
20 57 139
5 179 186
19 69 72
7 117 215
88 144 194
21 169 184
10 54 178
0 170 256
68 136 284
27 164 277
0 172 256
204 209 235
130 142 280
1 222 260
65 143 231
20 57 122
104 239 258
24 67 100
0 35 172
165 260 293
73 118 181
19 72 178
11 89 288
109 143 241
89 164 277
95 133 186
8 52 249
5 179 205
65 71 104
6 43 90
76 124 176
9 268 282
17 155 297
0 171 281
66 134 173
30 189 293
116 161 211
42 173 243
13 60 237
11 73 240
19 180 290
30 33 293
42 98 148
72 178 247
76 124 289
126 157 234
13 24 183
13 24 265
29 103 126
53 112 120
184 216 286
14 92 153
14 153 296
58 98 253
86 223 234
24 100 183
21 100 244
92 99 107
147 209 235
155 232 297
112 120 233
16 207 226
152 182 212
34 43 69
2 74 210
112 143 241
68 110 159
103 141 251
116 221 270
19 220 242
31 195 289
26 38 188
42 148 258
103 126 194
13 183 237
169 245 248
64 142 217
45 210 264
80 91 247
12 112 233
50 202 295
144 194 213
9 195 282
102 128 197
42 263 271
56 88 144
4 28 259
149 189 201
49 175 254
47 86 257
77 104 258
78 224 291
202 255 295
6 163 192
51 152 182
51 87 152
31 37 100
7 87 132
116 141 279
89 156 198
69 167 218
256 263 281
124 176 195
21 100 183
12 74 210
49 50 175
160 231 251
56 115 122
56 88 122
56 131 144
68 238 273
56 158 287
56 115 158
57 60 115
163 192 216
13 57 60
57 139 265
56 236 287
4 54 208
58 253 263
116 134 161
58 59 77
4 28 208
67 139 265
66 164 173
162 227 232
29 126 157
24 67 265
126 137 234
89 164 288
45 108 210
228 240 274
41 219 273
82 85 146
168 250 275
67 139 285
68 97 110
68 101 136
68 159 273
18 104 239
40 69 218
130 190 257
9 63 268
80 91 214
67 100 117
187 199 229
73 85 181
22 256 281
46 147 262
68 97 202
26 38 241
102 161 197
73 228 240
78 187 291
80 114 247
82 85 205
82 205 230
82 230 269
64 142 280
42 253 263
240 274 288
86 111 257
51 87 132
6 168 192
89 198 277
28 220 225
49 50 202
59 77 104
95 179 186
49 97 202
100 117 215
25 52 249
92 107 153
90 91 214
167 218 287
71 104 160
