224 229 246
41 159 273
59 65 150
58 77 258
35 172 263
135 213 223
27 66 198
89 125 129
73 85 205
140 207 226
111 140 207
23 51 147
111 157 166
74 188 278
93 200 246
105 224 299
196 229 246
3 15 136
110 159 249
159 219 261
12 26 74
38 109 188
8 110 249
65 71 231
42 94 243
128 148 258
42 128 243
94 173 243
11 228 288
16 130 142
11 36 73
11 89 277
16 111 207
66 164 288
66 164 277
59 65 71
143 231 251
16 111 130
119 192 216
56 131 283
5 95 179
79 127 193
60 158 286
84 250 275
99 107 153
1 165 260
53 112 139
20 88 144
147 209 294
78 224 229
195 282 294
112 139 191
62 195 294
124 195 282
107 153 267
33 149 222
63 92 268
3 101 136
159 249 261
41 196 200
68 238 298
68 101 298
238 291 298
196 200 246
93 200 219
81 196 273
46 105 235
3 224 291
224 246 299
45 108 276
210 233 264
93 219 276
41 159 219
41 196 273
41 200 219
219 261 276
32 249 261
2 45 108
2 12 210
152 212 264
2 210 264
12 210 233
12 48 112
12 26 48
143 154 241
2 74 278
2 12 74
35 150 203
22 170 256
0 170 171
109 150 203
35 52 203
35 52 172
25 32 106
25 52 203
50 175 254
49 50 295
0 8 249
171 271 281
175 177 292
98 128 148
58 59 150
71 231 251
59 71 104
104 221 239
18 211 221
102 128 243
58 148 258
173 197 243
161 173 197
66 240 274
11 73 228
66 240 288
73 94 228
16 142 145
228 240 288
102 161 211
11 36 89
27 116 279
156 166 198
27 166 198
18 102 211
47 162 227
16 145 181
36 129 252
36 89 129
125 129 252
39 145 181
85 118 181
39 85 181
39 145 217
142 145 217
86 111 234
135 137 223
103 126 141
103 126 137
29 126 141
55 143 154
55 143 194
135 137 194
53 55 194
20 122 139
60 115 158
158 218 286
47 232 257
121 167 287
127 180 225
56 236 283
162 213 227
79 232 297
4 10 208
17 232 297
79 193 297
64 146 280
39 85 146
82 146 280
4 10 230
28 208 259
28 127 225
28 225 242
28 220 242
5 205 230
5 10 230
179 186 266
5 95 205
114 133 185
95 133 275
123 185 247
114 185 247
69 72 91
69 167 290
19 242 290
34 40 163
6 34 163
34 43 91
33 222 260
43 90 91
21 244 245
245 248 293
37 245 248
37 189 248
107 206 267
169 245 293
21 169 245
13 24 237
1 119 165
21 165 169
37 244 245
24 183 237
67 100 265
67 117 285
24 100 265
20 53 139
20 88 122
112 120 191
152 233 264
7 51 87
120 152 233
67 265 285
31 37 215
23 62 138
31 61 289
23 147 294
7 96 138
7 87 285
23 51 132
51 182 262
7 51 132
51 87 182
75 268 282
75 204 224
46 204 235
51 147 262
209 282 294
23 62 294
61 62 195
75 209 282
124 176 289
76 189 289
76 206 267
70 84 174
76 201 267
70 267 296
153 267 296
99 107 206
164 277 288
82 269 280
259 269 280
52 249 256
60 237 286
204 224 235
105 224 235
222 250 272
113 222 272
116 221 279
221 239 258
158 218 287
76 206 289
196 199 229
124 195 289
190 232 257
79 190 232
109 188 203
78 187 229
184 237 286
183 184 237
184 218 286
19 178 290
123 178 247
70 174 267
84 174 250
165 169 260
168 214 275
119 165 184
40 163 218
165 183 184
155 236 283
17 155 236
155 162 213
152 212 299
105 152 299
120 152 285
149 151 174
58 148 263
167 242 290
29 141 279
89 140 277
11 277 288
140 156 166
111 140 166
139 191 285
139 265 285
87 152 285
137 143 251
137 143 194
136 255 284
136 202 284
174 201 267
39 146 217
177 271 292
134 161 173
133 186 266
23 132 138
131 144 213
131 155 213
42 128 253
98 128 253
127 193 236
121 127 236
127 167 180
16 125 181
89 125 140
125 140 226
123 178 220
123 179 266
58 150 263
5 123 179
123 133 185
123 133 266
122 139 265
121 236 287
167 180 242
120 191 285
119 163 184
261 276 278
171 177 271
103 137 251
118 125 252
117 215 244
100 117 244
131 155 283
116 211 221
114 133 275
134 173 274
113 119 272
111 126 234
8 110 254
141 270 279
109 143 150
46 105 262
105 182 262
94 173 228
176 206 289
104 221 270
0 249 256
97 110 254
43 168 214
46 147 209
0 171 177
8 175 177
34 43 168
92 99 268
66 156 198
238 273 291
25 188 203
32 188 278
17 236 297
66 134 274
49 50 97
174 222 250
30 248 293
30 189 248
30 151 189
45 93 276
30 33 149
8 175 254
27 66 116
32 106 188
61 195 289
18 221 258
151 174 201
27 29 279
80 114 214
31 61 215
26 74 188
28 79 127
25 32 249
25 106 188
30 149 151
119 192 272
29 157 166
22 171 281
72 91 247
118 125 181
1 113 119
9 124 176
28 79 259
9 124 282
3 291 298
5 10 208
66 140 156
32 261 278
19 178 220
87 105 152
31 189 289
172 263 281
16 125 226
104 160 270
6 250 272
65 143 150
47 86 234
28 208 220
4 205 269
103 141 270
42 253 292
114 214 275
2 45 212
55 112 154
193 236 297
0 170 256
102 197 243
20 144 213
71 103 160
1 222 260
2 108 276
4 208 269
65 143 231
104 239 258
27 29 166
33 169 260
81 273 291
4 205 230
81 187 196
95 133 186
36 118 252
2 212 264
9 268 282
221 270 279
253 271 292
1 113 222
36 73 85
98 263 281
9 176 206
68 101 202
50 255 295
13 57 122
43 90 214
22 170 171
103 160 270
116 161 211
13 60 237
30 33 293
50 97 254
79 259 280
53 135 194
72 178 247
33 169 293
46 75 204
17 47 162
6 34 250
14 99 268
173 228 274
14 99 296
149 174 222
54 208 220
36 85 118
82 85 269
24 100 183
34 168 250
111 126 157
21 100 244
26 48 188
112 120 233
16 207 226
49 255 295
38 109 143
17 47 232
38 143 241
68 110 159
119 163 216
61 96 117
17 155 162
19 220 242
208 259 269
0 8 177
18 128 258
18 102 128
56 57 115
64 142 217
44 45 93
45 212 299
44 45 299
172 256 281
37 215 244
80 91 247
47 83 223
76 151 189
12 112 233
3 101 298
47 213 227
47 213 223
47 83 234
64 146 217
35 150 263
48 154 241
56 88 144
48 112 154
48 188 241
49 255 284
34 40 91
49 202 284
47 86 257
77 104 258
78 224 291
50 175 255
31 37 189
13 24 122
6 163 192
21 165 183
101 136 202
53 135 213
69 167 218
21 100 183
20 53 213
54 123 220
40 69 91
7 96 285
53 55 112
56 57 122
56 88 122
56 131 144
163 184 218
68 238 273
56 158 287
56 115 158
57 60 115
163 192 216
121 127 167
13 57 60
85 205 269
56 236 287
76 151 201
6 192 272
116 134 161
58 59 77
79 190 280
253 271 281
5 54 208
63 99 206
180 225 242
29 126 157
61 117 215
61 62 138
61 96 138
5 54 123
96 117 285
9 63 206
126 137 234
64 190 280
228 240 274
66 116 134
82 85 146
66 140 277
168 250 275
68 97 110
38 188 241
68 159 273
40 69 218
15 136 255
130 190 257
9 63 268
80 91 214
67 100 117
187 199 229
71 103 251
22 256 281
46 147 262
68 97 202
69 72 290
102 161 197
72 178 290
64 130 142
64 130 190
81 187 291
46 75 209
78 187 291
80 114 247
7 132 138
52 172 256
83 137 234
63 92 99
14 84 296
70 84 296
2 276 278
86 111 130
86 130 257
87 105 182
83 137 223
187 196 199
44 93 299
93 246 299
59 77 104
95 179 186
49 97 202
98 253 281
98 148 263
24 122 265
99 153 296
25 52 249
90 91 214
167 218 287
71 104 160
