24 100 244
224 229 246
59 65 150
26 48 241
135 213 223
27 66 198
18 239 258
89 125 129
73 85 205
40 167 218
140 207 226
111 140 156
111 140 207
56 115 236
111 157 166
84 222 250
196 229 246
187 224 291
3 15 136
110 159 249
159 219 261
87 120 152
78 187 199
47 111 257
38 109 188
8 171 292
22 256 263
172 256 263
8 177 292
11 164 288
16 130 142
16 125 252
17 193 297
66 164 288
66 164 277
111 156 166
157 166 279
57 115 122
121 127 193
82 146 205
133 179 186
5 95 179
79 127 193
180 225 290
60 158 286
214 250 275
43 90 168
84 250 275
99 107 153
6 192 216
6 163 216
6 192 250
1 165 260
53 112 139
20 88 144
88 115 122
147 209 294
78 224 229
61 62 96
62 195 294
62 96 138
76 189 201
33 149 222
63 92 268
3 101 291
3 101 136
15 255 284
49 110 202
68 202 284
49 97 110
110 159 202
0 52 172
159 249 261
68 159 202
101 291 298
68 101 298
238 291 298
159 238 273
196 200 246
81 196 273
46 105 235
3 224 291
78 187 224
44 246 299
45 108 276
210 233 264
44 212 299
44 45 212
45 212 264
41 196 273
32 249 261
25 106 203
32 106 261
2 12 210
12 210 233
12 48 112
53 112 154
12 26 48
106 109 188
35 150 203
22 263 281
22 170 256
0 170 171
25 32 106
50 175 254
49 50 295
0 8 171
171 271 292
175 177 292
98 253 263
42 271 292
42 98 253
58 98 148
58 98 263
59 71 104
27 166 279
71 160 221
160 221 270
18 211 221
18 221 239
94 173 274
94 240 274
73 94 228
66 134 161
27 116 279
156 166 198
27 166 198
211 221 270
47 86 111
47 162 227
125 207 226
89 125 226
16 145 181
16 125 207
36 89 129
125 129 252
73 118 252
16 118 252
16 118 181
73 85 118
85 118 181
130 142 217
86 111 234
103 137 194
20 135 144
47 83 86
29 157 279
103 194 251
103 126 137
29 126 137
55 143 154
55 143 194
135 137 194
53 55 154
53 55 194
17 155 283
135 144 213
20 122 139
115 236 287
13 57 115
21 24 244
158 218 286
28 127 259
121 167 287
127 180 225
56 88 115
79 127 259
162 213 227
79 232 297
17 232 297
79 193 297
111 130 257
79 190 257
64 146 280
82 146 280
5 10 54
82 205 269
28 208 259
28 127 225
28 225 242
80 114 133
28 220 242
5 123 266
5 205 230
5 10 230
123 185 266
5 95 205
95 133 179
95 133 275
185 186 266
80 91 114
80 133 275
90 168 214
34 40 69
80 214 275
80 90 214
168 214 250
80 90 91
69 72 91
19 69 290
34 40 163
40 69 167
6 34 163
43 90 91
30 33 151
192 250 272
37 100 244
113 250 272
113 222 250
33 149 151
84 149 222
151 189 201
245 248 293
37 189 289
37 245 248
37 189 248
119 184 216
183 184 286
21 24 183
139 191 265
20 53 139
20 88 122
7 51 87
87 120 191
87 191 285
31 37 289
23 62 138
7 96 117
23 147 294
7 96 138
7 87 285
7 51 132
51 87 182
75 268 282
75 204 224
75 204 209
105 204 235
23 62 294
61 62 195
9 63 282
75 209 282
63 268 282
124 176 289
76 189 289
9 99 176
14 70 84
84 149 174
149 151 201
70 84 174
14 70 296
99 107 206
187 273 291
160 251 270
183 237 286
60 237 286
158 218 287
130 217 257
116 211 279
102 211 258
18 211 258
76 206 289
105 204 299
89 226 277
204 246 299
204 224 246
93 200 276
81 199 273
187 199 273
195 209 294
143 194 231
113 192 260
188 219 276
1 216 260
185 186 247
184 218 286
123 178 185
70 174 267
173 274 288
171 263 281
171 263 271
40 163 218
163 216 218
66 161 288
71 160 231
202 255 284
152 212 299
105 152 299
149 201 267
212 233 264
51 147 182
147 182 262
165 169 245
29 141 279
141 251 270
140 156 277
120 139 233
21 165 245
135 137 234
39 146 217
161 197 288
51 132 147
23 132 147
23 132 138
131 162 213
131 144 213
131 155 162
16 130 207
111 130 207
128 197 243
127 167 180
123 178 220
122 139 265
120 212 233
120 152 212
120 139 191
147 235 262
131 155 283
192 216 260
114 133 186
113 192 272
8 110 254
141 270 279
111 137 234
109 143 150
45 108 264
108 210 264
114 186 247
106 188 219
5 123 220
46 105 262
105 182 262
64 217 257
196 200 276
108 188 278
44 200 246
97 110 254
135 223 234
41 219 276
2 74 108
39 146 205
8 175 177
36 89 277
11 36 228
31 61 195
36 164 277
16 142 217
34 43 168
92 99 268
21 37 245
78 196 229
11 36 164
66 156 198
238 273 291
173 197 288
49 50 97
83 86 223
33 113 222
2 108 210
30 248 293
30 189 248
30 151 189
1 119 216
30 165 260
81 196 199
45 93 276
72 185 247
8 175 254
27 66 116
29 103 141
94 197 243
38 74 278
30 169 245
9 63 99
31 100 215
161 197 211
31 61 215
26 38 109
25 32 249
35 59 150
16 145 217
67 191 285
25 35 172
31 124 289
43 69 91
11 240 288
60 158 287
211 270 279
22 171 281
107 153 206
72 91 247
149 174 267
21 37 244
26 109 241
4 10 54
19 225 242
111 137 157
15 68 136
159 219 273
9 124 176
153 201 267
13 60 115
106 219 261
25 52 172
7 67 117
194 231 251
9 124 195
5 186 266
10 205 269
19 178 220
87 105 152
44 93 200
7 67 285
65 143 150
8 52 110
28 208 220
5 54 220
41 196 276
0 8 52
1 183 184
5 179 186
19 69 72
94 173 197
0 170 256
4 10 269
0 172 256
204 209 235
48 143 154
31 124 195
17 236 287
65 143 231
17 121 193
30 245 293
104 239 258
24 67 100
11 94 228
19 72 178
25 35 203
42 128 148
109 143 241
12 112 139
33 113 260
29 137 157
106 109 150
1 21 183
30 33 260
56 131 236
85 145 217
2 12 26
19 225 290
2 26 74
15 68 284
30 165 169
50 255 295
13 57 122
22 170 171
10 205 230
116 161 211
13 60 237
42 98 148
50 97 254
53 135 194
20 53 135
99 176 289
17 47 162
13 24 183
6 34 250
29 103 126
14 99 268
14 99 296
54 208 220
86 223 234
34 168 250
147 209 235
195 209 282
34 43 69
49 255 295
17 47 232
17 131 236
17 131 283
61 96 117
103 141 251
71 221 239
17 155 162
38 188 278
19 220 242
108 188 276
208 259 269
26 38 74
36 73 228
13 183 237
49 202 255
12 139 233
102 148 258
44 45 93
47 79 257
47 79 232
47 83 223
78 196 199
47 213 227
47 213 223
9 195 282
140 226 277
64 146 217
48 143 241
102 128 197
42 263 271
1 119 184
56 88 144
48 112 154
159 238 298
76 153 201
17 121 287
77 104 258
50 175 255
13 24 122
1 21 165
52 110 249
31 37 100
102 128 148
67 191 265
54 208 269
4 54 269
160 231 251
56 131 144
70 153 296
68 159 298
121 127 167
46 235 262
39 85 205
35 58 172
58 172 263
35 58 59
116 134 161
58 59 77
79 190 280
59 71 231
99 206 289
59 65 231
58 77 148
74 108 278
60 115 287
61 117 215
24 67 265
64 190 280
64 190 257
79 82 280
41 219 273
66 116 134
66 156 277
106 150 203
39 85 217
68 101 136
69 167 180
69 180 290
102 197 211
67 100 117
70 153 267
71 104 239
72 178 185
76 153 206
73 129 252
36 73 129
79 82 269
11 94 240
7 132 138
79 259 269
63 92 99
42 253 263
240 274 288
87 105 182
91 114 247
184 216 218
59 77 104
94 128 243
42 94 128
85 145 181
24 122 265
99 153 296
77 148 258
100 117 215
25 52 249
167 218 287
