73 163 225
16 56 108
7 117 124
19 51 81
97 147 157
19 51 55
103 148 202
69 151 228
76 103 197
25 150 234
62 69 239
36 130 248
96 172 217
9 43 70
11 18 158
29 59 145
20 59 125
72 125 168
48 151 212
19 81 147
12 97 220
53 156 179
38 89 176
92 156 224
15 26 89
5 118 204
91 198 204
42 46 204
114 233 234
5 46 177
114 171 234
6 193 219
57 144 195
2 175 241
4 106 118
11 18 142
18 33 230
11 142 195
18 33 142
33 93 120
93 98 120
1 93 98
144 184 221
184 190 221
57 83 188
94 140 186
83 189 208
184 189 190
189 190 208
128 178 205
102 149 245
1 98 191
102 149 159
9 43 159
128 178 217
96 172 225
96 207 225
65 105 235
73 105 235
172 217 218
71 80 137
9 70 137
70 173 194
32 43 70
32 43 191
98 149 191
60 158 166
60 133 158
52 133 135
67 72 168
58 125 168
173 194 242
58 87 123
87 123 170
113 145 243
56 141 236
21 117 146
14 21 146
3 16 21
14 117 146
7 124 132
56 108 141
86 152 183
34 90 122
50 86 183
50 117 223
117 200 223
50 183 223
47 82 90
78 88 154
10 185 209
39 78 154
29 59 216
29 39 78
27 44 216
44 160 170
65 87 170
10 44 209
44 160 209
185 206 229
185 206 209
206 210 229
48 62 116
48 116 169
48 169 212
89 138 139
115 164 237
185 228 237
90 154 222
13 47 222
13 222 247
47 90 222
7 117 200
28 85 95
7 28 132
124 155 201
14 117 124
92 179 192
95 132 220
12 13 95
28 95 132
12 95 220
12 13 115
12 81 115
19 92 224
17 156 224
92 156 179
97 155 220
53 156 201
61 103 148
156 187 201
76 99 201
53 155 201
99 187 201
76 99 104
61 104 148
35 103 202
127 148 202
51 55 182
15 89 119
26 89 176
38 89 138
101 138 139
35 64 103
64 103 197
35 64 161
23 153 203
45 75 203
45 79 197
4 106 241
5 118 177
75 110 203
198 204 232
5 46 204
25 63 118
62 167 239
25 63 150
118 204 232
118 174 177
175 240 241
150 171 234
106 233 234
114 171 219
2 8 175
49 84 240
57 84 227
40 175 240
4 118 232
30 75 110
110 153 203
49 136 249
74 236 244
84 227 240
40 227 240
114 219 233
143 211 239
207 211 225
199 207 211
136 196 249
196 246 249
1 191 230
130 190 248
31 190 205
183 200 223
180 197 214
35 176 202
0 199 211
111 174 239
73 170 235
164 185 237
112 163 229
163 210 229
163 211 225
112 163 211
190 205 221
163 206 210
163 206 209
18 158 230
109 169 182
23 153 231
193 219 233
57 144 188
144 184 188
143 150 171
180 197 213
184 188 226
52 133 194
132 155 220
112 229 239
86 126 134
20 123 125
58 123 125
86 122 152
113 122 145
39 122 145
77 121 135
121 133 158
102 221 245
98 120 149
120 144 245
174 215 239
13 115 247
115 164 247
115 228 237
63 111 118
111 118 174
109 169 212
109 151 212
22 109 115
42 107 204
91 107 204
49 136 240
2 106 165
99 104 187
17 104 187
61 103 104
38 101 161
66 140 208
97 179 192
96 178 217
96 178 207
85 95 129
82 95 129
37 94 227
102 205 221
37 94 131
94 186 227
32 191 230
92 147 192
19 92 147
91 198 231
91 214 231
29 39 145
39 90 154
37 40 227
36 178 207
59 72 243
36 199 207
83 188 226
35 38 161
65 170 235
9 80 137
91 101 213
106 118 234
124 132 155
31 36 178
76 103 104
9 80 159
120 144 195
24 30 153
28 200 238
0 66 248
29 44 216
68 129 200
7 28 200
28 68 238
72 77 243
27 44 170
36 199 248
22 151 228
42 107 116
140 171 219
22 109 151
33 120 142
26 176 202
31 36 190
23 203 214
39 90 122
50 86 117
83 184 189
46 167 215
30 110 153
23 214 231
83 140 186
24 196 240
120 149 245
135 194 242
17 127 224
19 55 224
147 157 192
71 100 173
129 183 200
153 198 232
167 215 239
14 21 121
86 117 126
160 163 209
66 190 208
42 116 167
14 121 181
6 94 219
64 197 213
45 203 214
24 30 196
64 101 213
88 164 247
105 172 225
79 197 214
1 33 93
15 127 224
3 117 126
27 59 216
28 68 85
82 90 129
73 105 225
22 115 228
6 8 94
32 166 230
56 126 134
35 38 176
119 169 182
34 90 183
16 108 121
63 111 239
58 67 168
112 211 239
13 82 95
16 21 121
30 196 246
0 140 171
54 75 197
120 142 195
36 130 190
52 135 194
8 40 175
34 152 183
1 33 230
12 81 97
88 154 222
15 26 127
4 240 241
65 71 80
17 104 127
15 55 224
80 128 217
65 80 217
2 106 241
58 87 100
94 140 219
67 100 173
4 24 240
65 105 172
8 94 131
37 40 131
2 6 165
6 165 233
89 107 139
162 164 185
62 116 167
24 153 232
56 113 134
45 75 197
25 118 234
20 123 170
81 97 147
59 72 125
3 56 126
0 66 140
15 119 182
136 196 240
153 198 231
6 193 233
77 108 141
20 27 170
17 156 187
53 97 179
8 40 131
69 185 228
0 143 211
91 180 214
90 129 183
65 217 218
144 221 245
0 199 248
34 122 152
43 149 191
29 44 78
10 44 78
104 127 148
91 101 139
45 79 214
31 178 205
42 46 167
46 174 177
71 87 100
46 174 215
66 190 248
77 108 121
106 165 233
43 149 159
53 97 155
81 109 182
102 128 205
54 246 249
56 113 236
73 160 163
58 67 100
80 102 128
59 145 243
3 16 56
60 133 194
77 141 244
65 71 87
62 69 151
48 62 151
81 109 115
3 21 117
63 143 239
63 143 150
32 70 194
67 135 242
64 101 161
20 27 59
65 172 218
15 55 182
69 185 229
78 88 162
41 67 77
67 72 77
32 60 166
41 67 135
97 157 192
67 173 242
68 200 238
38 101 138
51 81 182
70 71 173
70 71 137
158 166 230
141 236 244
73 160 170
74 77 243
74 113 236
74 77 244
74 113 243
54 75 246
30 75 246
32 60 194
4 24 232
41 77 135
86 113 134
78 162 185
10 78 185
80 102 159
0 143 171
13 47 82
83 140 208
26 127 202
83 184 226
83 186 227
57 83 227
69 229 239
121 133 135
2 6 8
68 85 129
86 113 122
91 107 139
88 162 164
88 222 247
89 107 116
89 116 169
89 119 169
91 180 213
