-1172.36 1134.6
-662.654 -1514.55
920.99 -1061.64
1684.57 -1789.14
-1974.93 1046.54
1142.47 -1520.01
1448.2 -1771.63
-1183.17 -932.214
-601.797 -631.787
-888.182 1913.76
-319.433 535.71
693.743 1209.1
-36.5944 -1538.66
927.176 1558.84
-1616.91 1138.57
1070.71 -789.274
273.178 -1591.95
-303.82 -805.833
-653.586 -619.248
-594.976 -628.516
-1572.71 -1452.5
-148.527 1875.49
-1224.13 668.306
-1056.72 174.074
-1963.48 55.0957
87.8316 -282.914
-1409.19 -1218.43
-1073.81 554.211
-757.087 1853.36
113.055 -374
991.936 -816.239
836.726 -734.886
-408.186 -1467.09
459.281 938.227
-86.3418 1864.3
-1690.29 340.947
-1588.2 161.185
216.438 -812.327
-1170.51 1159.72
1361.75 -1133.99
-785.189 -550.421
583.095 -194.383
231.153 1509.28
-1640.17 1474.07
1362.65 472.883
-899.934 354.581
1656.64 1936.79
1619.7 -751.542
-1530.3 78.9761
-1813.31 383.356
