-6.84142 -1921.02
310.413 245.818
811.636 770.998
1013.78 1386.74
-350.501 -1173.72
1261.46 681.872
-1099.67 1186.71
-768.687 -1217.78
1675.77 739.322
585.468 -1937.29
776.492 1432.78
613.519 -1777.18
-1393 324.02
1030.95 631.722
783.564 -1632.56
-1458.88 -1223.28
-1553.58 851.535
1022.54 1258.05
-377.467 36.3235
644.796 1272.03
862.601 -93.7417
-46.0957 1762.93
-907.031 1185.22
-1454.85 -1231.26
-75.4613 1130.62
-1168.55 -1298.97
563.403 1444.97
-1076.15 1170.4
-231.006 1954.8
-197.876 -1447.44
-1677.75 343.247
-670.719 -1231.34
-805.219 -1648.18
-1973.28 817.314
388.146 671.512
89.3462 -749.253
-1422.23 -1956.75
-986.323 -329.262
1228.47 -441.172
439.48 -846.994
-1310.55 1270.93
-145.963 1252.85
715.909 777.89
423.252 -1515.1
732.694 -1774.62
-962.539 1054.94
568.623 366.743
1823.6 1763.4
718.565 1850.32
580.719 -893.289
521.829 -1329.93
357.458 1099.6
-1286.68 1371.14
-1229.66 1941.78
-1070.04 1209.82
-905.211 -380.59
480.752 948.826
-1127.74 -803.339
-273.283 1295.51
-318.436 -1540.59
1520.89 719.025
1514.35 89.5128
-914.232 1337.95
-147.082 1804.33
1188.27 -1566.36
-1088.96 -289.9
-896.298 1268.5
-1190.3 -182.982
639.638 -419.963
-241.199 1569.6
-1210.15 853.59
-810.99 1270.61
-197.583 61.2705
-1532.73 1529.13
-643.217 148.831
1988.54 -1122.33
-1132.14 1502.89
967.185 -46.3754
840.847 -1179.9
-242.042 29.1171
-746.261 669.003
1739.22 357.441
-62.4948 -1451.08
-1825.54 -1422.86
128.953 -66.7398
-1853.26 918.808
-1213.15 -664.246
189.414 589.267
1397.02 656.682
118.4 -1246.19
-1194.49 106.944
-368.52 -326.63
-390.162 -1401.34
1626.99 -1549.32
-581.233 -615.048
479.802 672.507
-1946.05 219.019
-970.052 -8.53977
767.935 -795.593
568.603 -1103.11
1137.67 715.347
1815.7 1924.52
-1948.9 5.11064
513.785 1448.13
-1338.21 -1367.81
-1798.07 -532.694
739.13 -166.586
1140.68 -1651.03
432.078 767.671
-1200.35 1850.85
-1847.38 1279.45
523.353 -1793.42
-501.526 1553.3
198.038 -1733.59
-1242.29 -1233.36
-836.702 1895.38
1481.99 -1021.01
1819.89 1533.09
984.105 333.679
981.216 1645.9
965.865 1183.15
-886.797 -295.006
-983.437 -1746.12
53.962 1448.64
1021.55 853.615
1299.49 1174.17
133.07 -177.16
1380.75 1631.54
-623.859 -421.211
1897.95 133.85
345.43 -938.749
29.226 -172.581
40.2452 -150.88
-639.491 -975.65
-1817.2 -1658.28
-1329.75 1148.66
1524.87 -216.549
-1146.34 -1458.56
37.3303 907.62
1990.08 -941.12
-238.765 1289.57
-1766.95 1894.3
-887.592 1613.8
1525.85 488.549
-807.407 1423.8
-1377.6 1538.02
-1514.95 651.625
-634.558 525.297
-1499.25 725.951
1549.65 -1316.46
1067.68 -1780.11
1832.21 592.55
3.34567 -1314.13
1133.99 -1959.32
1593.49 1124.07
-900.444 -645.278
413.635 -667.391
-750.974 1526.04
-1053.59 -1225.13
14.5914 139.006
-1801.32 636.99
-322.971 -1316.27
-711.384 1042.47
1209.02 -210.639
-231.579 758.672
472.905 -1163.9
978.567 305.114
1428.65 -1018.09
990.981 562.635
-977.412 584.468
-313.298 122.144
1939.19 -1899.66
1454.75 -811.784
1626.38 -1598.83
-36.9091 -359.03
540.172 161.766
-1722.04 -1782.8
845.494 -433.424
1259.67 54.5187
1355.94 -971.908
-1186.81 -171.158
-135.811 1791.76
-1866.04 -707.164
-1226.33 1124.94
1855.47 -203.743
-290.595 -457.828
1918.4 -351.405
-357.491 1373.16
836.811 -731.113
1774.32 -1200.1
909.858 314.494
961.669 1187.82
531.695 -192.837
-1245.61 -208.634
1861.68 -1889.67
819.459 -1325.13
-60.826 -1316.35
-1533.37 73.1306
-23.5165 -759.702
-801.932 -168.046
1036.56 907.473
1374.13 954.958
-1443.93 -983.365
328.113 1392.88
285.522 102.435
-1807.22 -804.62
-1583.07 1154.45
-1616.8 948.625
-1038.39 -862.407
-1260.01 -1176.7
-752.076 1559.45
-501.833 1187.1
-1756.9 -35.2035
-739.771 219.581
1205.09 458.297
-1948.47 241.651
-634.23 1425.66
-803.392 -78.1616
-1557.7 1524.72
-685.282 727.817
-372.843 -492.5
1923.2 44.0865
-1338.05 -1693.61
-1007.29 -376.435
-556.013 -267.298
446.86 691.912
-707.848 1945.03
-120.99 -464.751
-90.1757 1139.24
1754.83 -885.081
-402.465 1806.37
1356.57 963.305
1232.03 -1446.82
-1114.86 1674.32
-1922.1 199.862
402.138 -294.943
1707.36 325.334
1749.14 -1630.69
631.729 -1258.15
-7.12087 -1924.28
474.557 -1560.26
767.628 1766.71
-1615.23 -1353.36
-698.042 294.592
1785.88 -943.212
1409.51 -616.588
-1136.85 766.081
-1653.28 -1904.82
1319.26 -768.139
1769.5 1397.16
1431.72 171.637
-897.784 1139.09
-1503.03 -1148.64
1508.4 1128.7
-406.786 -498.721
1204.42 -1932.23
-58.981 -27.9553
1834.48 325.786
618.683 -863.564
-1379.62 404.559
193.224 -1970.11
1787.97 1056.38
795.969 -1865.31
1151.55 115.228
-633.45 921.054
-487.613 -1201.73
-907.309 614.603
1937.36 -410.338
1465.96 1445.76
-1281.64 -940.825
-1052.96 1922.78
-873.055 888.059
-105.177 -1038.58
-786.155 -1486.49
97.8596 -165.777
918.065 -1708.92
-135.888 706.036
1347.46 -1339.92
840.725 499.015
775.309 -1792.73
-579.931 -1712.3
-994.451 512.76
902.298 -1057.09
-1897.58 368.26
-1611.33 -1179.22
1427.44 -664.291
-1256.44 -1445.62
-1776.23 638.384
-484.196 -562.386
1151.89 1613.66
1271.84 69.9546
1904.75 -864.052
-1224.01 1252.21
-203.971 1616.72
-248.778 -1428.66
1823.99 1171.29
-1140.97 -1170.46
-315.949 1761.33
-227.552 -213.528
129.59 161.118
607.255 -442.975
1496.83 1350.82
111.406 1720.6
-10.8 1627.21
-841.791 -858.91
1240.87 -1569.95
1211.04 1145.62
-434.006 1987.03
397.828 1362.02
1603.75 -1850.95
1933.36 1427.74
1320.34 -1207.61
-1742.72 -995.608
-1446.28 29.7284
790.864 683.314
-1809.15 -601.881
-1759.66 1687.67
-1251.07 351.745
1408.27 738.135
-21.0453 -1433.52
1879.22 -780.172
-1003.48 1090.27
-1634.55 562.518
1077.3 763.277
-75.4597 681.054
912.328 -142.1
108.795 232.669
650.292 366.075
1237.06 1204.02
-1604.2 27.9253
-112.671 -1413.35
1426.04 127.668
-1725.68 -1825.02
-1520.59 1682.59
913.113 458.368
-1750.93 792.338
1678.2 -754.405
-117.393 -1956.35
1808.11 -1040.09
806.923 -267.347
1640.96 -280.75
1590.55 -250.24
1951.92 240.846
-1884.17 1188.98
-555.139 -1488.36
-783.094 1332.19
-901.712 -1357.05
-540.142 -627.388
-1182.07 -60.7288
-944.796 1731.04
-1602.36 -695.725
523.38 -1924.17
549.87 -1594.01
-1880.52 357.982
-634.103 926.402
-1909.36 -993.139
-1354.35 1681.19
756.621 -1402.43
-77.9657 872.455
1786.55 1366.9
1384.09 -996.541
699.086 -1517.62
-353.591 -1841.06
-145.006 464.337
98.2154 910.198
195.379 495.854
-1785.53 -1281.24
571.689 764.342
-875.255 691.169
-877.676 490.642
-382.429 -787.04
1497.5 263.224
-1105.85 254.124
860.796 816.183
-873.421 647.349
183.078 -1489.33
1650.81 -1117.84
-1006.94 -702.784
-958.892 848.049
1761.55 1139.32
-241.754 -43.0675
-364.822 -27.2813
675.692 -1793.13
-1262.94 1800.44
898.035 -140.615
291.079 -1484.39
1072.34 -211.418
778.83 1966.49
-1957.29 -360.374
782.676 -830.715
-1713.03 -1034.25
-320.041 1937.78
-152.081 673.014
-765.003 889.027
-478.937 -1003.45
28.3505 1279.31
953.483 1663.53
-747.972 -370.825
1870.39 -10.9117
-570.388 768.429
