5 17 31
42 109 115
19 54 181
32 87 135
13 93 197
14 48 67
37 38 159
36 108 174
8 96 130
129 172 191
74 103 168
84 144 179
19 40 188
28 114 123
14 67 150
58 61 107
50 105 170
124 175 189
14 131 150
20 64 187
18 110 126
49 88 180
77 92 165
49 88 92
77 104 167
16 73 160
20 21 64
64 141 142
54 62 198
6 108 118
21 147 152
31 85 169
125 159 198
72 163 178
74 168 199
79 84 144
122 144 181
79 122 144
19 40 144
9 79 122
5 37 79
9 97 103
25 62 159
62 159 198
141 142 195
10 20 22
54 82 198
10 69 187
10 22 82
5 17 44
5 79 84
5 37 44
13 31 80
85 147 169
17 31 169
33 111 152
111 133 162
14 131 176
99 113 139
85 133 176
0 57 93
0 71 109
59 119 188
40 70 179
13 70 197
40 144 179
70 84 179
19 144 181
40 59 188
19 119 188
42 59 115
71 109 115
71 105 170
59 119 170
0 93 109
0 2 65
48 65 67
58 107 171
2 65 67
50 100 171
50 105 171
50 100 119
50 119 170
26 121 194
26 100 121
39 138 194
39 121 194
117 138 154
58 112 166
39 58 166
102 112 155
1 39 166
1 102 155
98 177 192
98 102 177
114 128 136
129 154 172
117 136 172
117 154 172
28 114 191
124 127 192
123 140 189
123 126 140
124 127 189
56 124 192
153 175 189
30 67 137
67 137 150
137 150 164
99 131 162
43 113 153
34 99 113
76 153 189
76 113 153
4 11 134
15 47 135
76 140 189
29 110 156
77 167 196
4 7 182
3 104 140
3 126 140
24 117 136
128 136 172
18 126 190
18 35 89
18 89 190
29 104 110
18 110 156
3 104 110
3 110 126
52 66 148
88 145 180
24 52 66
53 66 145
53 88 145
145 151 180
151 180 185
49 180 185
47 101 135
158 161 185
49 158 185
46 101 161
51 92 165
29 51 165
15 47 91
47 91 161
47 101 161
15 87 135
15 87 130
16 72 160
90 118 157
36 81 174
83 146 193
36 55 81
94 173 178
4 132 134
8 96 149
27 64 83
27 132 134
111 133 152
27 33 132
21 64 152
27 33 152
27 64 152
108 146 193
96 146 149
10 69 82
75 95 195
64 142 187
10 20 187
54 75 82
69 75 82
69 75 195
81 116 186
78 116 186
23 55 186
78 95 186
75 95 143
68 73 160
6 36 184
55 81 186
81 141 174
36 55 184
6 36 108
16 161 185
16 73 106
75 106 143
177 191 192
108 174 193
83 174 193
122 168 181
131 162 176
133 162 176
46 161 183
158 161 183
45 153 164
43 153 164
134 146 149
131 150 164
128 172 191
28 127 191
127 191 192
126 136 190
45 137 164
82 125 198
32 101 196
37 44 159
23 95 186
6 41 184
85 133 152
42 70 197
29 104 165
40 42 59
25 54 74
41 120 184
66 88 148
93 109 197
33 86 132
33 86 111
32 167 196
18 35 148
94 96 108
28 123 189
30 45 137
27 83 146
0 71 105
61 107 121
25 54 62
25 97 103
40 42 70
51 92 148
96 108 146
16 72 91
21 44 147
20 21 44
32 101 135
72 90 163
94 157 178
8 32 167
9 37 79
98 102 192
23 55 184
2 30 67
14 48 176
8 87 130
8 32 87
7 140 182
4 7 132
7 86 132
5 13 31
46 183 196
105 112 171
5 13 70
17 44 147
4 11 182
69 142 195
31 63 80
25 74 103
2 105 112
20 22 125
7 76 140
107 121 171
1 129 154
13 63 80
1 138 154
35 52 89
11 167 182
68 73 106
45 153 175
2 12 30
89 136 190
72 91 178
64 83 174
0 48 57
1 39 138
1 102 129
0 2 105
18 51 148
31 85 176
25 97 159
34 76 113
12 30 45
22 82 125
35 52 148
1 112 166
0 48 65
18 29 156
8 11 149
31 63 176
13 57 93
9 37 38
9 38 97
27 134 146
11 134 149
92 158 183
12 45 56
2 12 112
13 57 63
103 122 168
95 116 195
17 147 169
16 91 161
44 125 159
8 11 167
85 147 152
168 181 199
18 29 51
56 124 175
71 115 170
48 57 176
81 116 195
90 163 178
24 52 89
114 123 126
86 111 162
56 102 112
45 56 175
117 138 194
58 61 121
60 91 130
39 58 121
104 140 182
81 141 195
23 95 143
77 92 196
60 96 173
60 96 130
5 70 84
102 129 191
60 91 178
60 173 178
64 141 174
68 72 90
68 72 160
68 106 120
41 68 118
68 90 118
58 112 171
88 92 148
69 142 187
54 74 181
74 181 199
7 76 86
34 76 86
1 112 155
86 99 162
6 41 118
34 86 99
114 128 191
24 89 136
90 157 178
15 91 130
56 102 192
49 92 158
20 44 125
92 183 196
94 118 157
94 108 118
78 95 116
41 68 120
94 96 173
57 63 176
38 97 159
53 66 88
23 120 143
99 131 164
28 127 189
46 101 196
102 177 191
9 103 122
77 104 165
12 56 112
104 167 182
113 139 164
42 109 197
99 139 164
43 113 164
114 126 136
59 115 170
26 117 194
106 120 143
23 120 184
100 121 171
