5 17 31
42 109 115
19 54 181
18 35 52
37 38 159
54 62 74
22 44 125
36 108 174
8 96 130
63 80 176
19 40 188
28 114 123
42 59 197
58 61 107
50 105 170
28 177 191
85 133 147
8 11 32
77 92 165
16 72 161
72 91 161
22 82 198
72 160 163
94 108 178
54 62 198
31 85 169
81 116 141
90 157 163
122 168 199
9 79 122
5 37 79
9 97 103
25 37 97
74 97 103
62 159 198
141 142 195
54 82 198
68 90 160
33 132 162
10 22 82
5 17 44
5 79 84
5 37 44
25 37 38
80 85 176
13 31 70
85 147 169
17 31 169
33 111 152
111 133 162
14 131 176
4 34 86
85 133 176
48 57 65
0 57 93
59 119 188
0 57 65
40 70 179
42 93 109
13 70 197
70 84 179
19 144 181
40 59 188
19 119 188
42 93 197
71 105 170
0 93 109
2 71 112
0 2 65
48 65 67
58 107 171
2 65 67
71 105 112
50 100 119
50 119 170
26 121 194
26 100 121
112 155 166
26 138 194
114 128 172
58 112 166
39 58 166
1 39 166
1 155 166
98 177 192
98 102 177
129 177 191
123 136 190
129 154 172
117 136 172
117 154 172
28 114 191
45 124 175
7 76 113
45 56 124
30 67 137
12 30 67
99 131 162
43 113 153
43 153 175
34 99 113
33 111 162
76 153 189
76 113 153
4 11 134
76 140 189
29 110 156
77 167 196
4 7 182
3 104 140
28 123 127
3 126 140
123 126 190
24 117 136
128 136 172
24 136 190
18 35 89
18 89 190
24 52 66
24 35 52
53 66 145
49 158 161
158 161 185
49 158 185
46 101 161
8 32 130
15 60 130
32 87 130
46 101 135
47 91 161
47 101 161
15 87 135
15 87 130
90 160 163
16 72 160
78 116 195
36 81 174
108 157 178
83 146 193
36 55 81
94 173 178
157 163 178
8 11 134
8 96 149
8 134 149
27 64 83
86 132 162
27 132 134
27 33 132
27 33 152
83 146 149
108 146 193
96 146 149
83 141 174
10 69 82
75 95 195
78 95 195
116 141 195
142 187 195
10 20 187
54 75 82
69 75 82
69 75 195
23 106 120
81 116 186
78 116 186
23 55 186
23 143 186
55 81 186
81 141 174
16 161 185
16 73 106
23 106 143
108 174 193
83 174 193
104 165 167
77 165 167
163 173 178
131 162 176
133 162 176
46 161 183
18 156 190
138 154 194
129 154 177
145 151 185
53 145 148
145 148 180
144 181 199
122 144 199
49 161 183
43 139 175
46 135 196
127 177 192
124 127 175
127 153 175
127 153 189
127 140 189
123 126 127
45 137 164
37 44 159
43 99 113
29 52 148
42 71 115
21 111 152
6 41 184
1 39 155
39 102 155
41 120 184
50 100 105
42 59 119
24 35 190
35 89 190
32 167 196
20 64 147
29 88 148
41 118 157
94 96 108
30 45 137
26 138 154
26 117 154
47 91 101
123 128 136
22 125 159
22 159 198
96 108 146
90 106 120
21 111 147
90 120 157
110 156 190
21 27 152
20 64 142
19 144 179
87 135 196
43 99 139
61 107 171
71 119 170
21 64 147
9 37 79
98 102 192
23 55 184
14 48 176
122 144 179
7 140 182
18 29 52
6 108 157
41 120 157
38 62 159
9 37 97
46 183 196
105 112 171
13 80 85
2 71 115
39 102 194
4 11 182
19 40 179
100 105 171
13 57 197
6 118 157
48 67 137
3 110 190
5 31 70
10 187 195
17 20 44
7 76 140
16 68 73
13 63 80
28 127 177
11 167 182
68 73 106
13 31 85
6 55 108
10 22 44
0 109 115
49 88 183
4 34 113
12 30 45
20 142 187
15 72 91
29 51 88
60 72 163
0 2 115
3 29 104
18 29 156
56 124 127
40 59 70
3 126 190
102 154 194
4 86 134
10 69 195
42 71 119
83 134 149
59 70 197
11 32 167
12 45 56
2 12 112
13 57 63
103 122 168
15 60 72
17 147 169
83 141 142
88 92 183
3 29 110
44 125 159
99 137 164
17 20 147
52 53 148
2 12 67
10 20 44
4 7 113
6 55 184
15 91 101
88 180 185
99 131 150
48 131 150
48 57 176
14 48 131
39 58 194
102 154 177
45 99 164
25 38 62
56 127 192
29 51 104
145 180 185
52 53 66
32 87 196
36 55 108
56 102 155
57 93 197
15 101 135
58 61 194
104 140 182
79 84 122
77 92 196
60 96 173
60 96 130
5 70 84
60 163 173
16 68 160
61 121 194
62 74 97
25 62 97
86 132 134
45 139 175
114 129 172
58 112 171
114 123 128
54 74 181
74 181 199
88 148 180
78 95 143
64 83 142
84 122 179
86 99 162
6 41 118
34 86 99
78 143 186
88 92 165
51 88 165
49 88 185
61 121 171
68 90 106
56 102 192
92 183 196
21 27 64
45 99 139
95 106 143
75 95 106
94 96 173
57 63 176
99 137 150
27 83 134
9 103 122
74 103 199
103 168 199
12 56 112
104 167 182
126 127 140
111 133 147
114 129 191
56 112 155
23 120 184
51 104 165
48 137 150
100 121 171
