9 79 97
5 17 31
19 54 181
48 57 63
18 52 148
18 35 52
13 93 197
14 48 67
133 147 152
122 181 199
54 62 74
129 172 191
19 40 188
131 139 150
42 59 197
2 67 112
43 113 139
58 61 107
50 105 170
7 76 182
139 150 164
14 131 150
85 133 147
8 11 32
76 140 182
46 77 196
46 92 183
72 160 163
64 141 142
54 62 198
6 108 118
125 159 198
108 118 157
72 163 178
122 168 199
122 144 181
79 122 144
19 40 144
5 37 79
5 31 84
74 97 103
62 159 198
141 142 195
10 20 22
54 82 198
68 90 160
5 17 44
5 79 84
25 37 38
13 31 80
85 147 169
17 31 169
99 131 139
111 133 162
14 131 176
4 34 86
99 113 139
14 63 176
85 133 176
14 48 63
0 71 109
59 119 188
31 70 84
70 84 179
19 144 181
40 59 188
19 119 188
40 59 197
42 93 197
42 59 115
71 109 115
71 105 170
0 2 65
48 65 67
2 65 67
50 100 119
50 119 170
26 121 194
26 100 121
26 138 194
26 117 138
117 138 154
114 128 172
56 98 102
58 112 166
39 58 166
1 39 166
98 102 177
114 172 191
102 129 154
114 128 136
129 154 172
117 136 172
117 154 172
28 114 191
45 124 175
7 76 113
56 98 192
45 56 124
12 67 112
30 67 137
137 150 164
12 30 67
99 131 162
43 153 175
7 34 113
34 99 113
76 153 189
4 7 34
76 140 189
29 110 156
77 167 196
4 7 182
3 104 140
24 35 89
123 126 190
24 117 136
128 136 172
18 35 89
29 148 156
3 110 126
49 92 183
88 145 180
18 148 156
53 88 148
24 52 66
24 35 52
53 66 145
53 88 145
47 101 135
158 161 185
49 158 185
46 101 161
29 51 165
94 96 130
47 91 161
47 101 161
90 160 163
16 72 160
94 130 173
90 118 157
41 68 90
41 118 184
108 157 178
6 118 184
83 146 193
60 130 173
8 134 149
27 134 149
111 133 152
83 141 174
142 187 195
64 142 187
10 20 187
54 75 82
23 106 120
23 55 186
75 95 143
55 81 186
81 141 174
6 36 108
16 161 185
23 41 120
41 90 118
23 106 143
75 106 143
28 191 192
40 179 197
104 165 167
77 165 167
131 162 176
133 162 176
46 161 183
158 161 183
145 151 185
43 139 175
124 127 175
127 153 175
127 153 189
18 126 156
28 123 192
3 140 189
82 125 198
15 60 87
98 191 192
29 104 165
40 79 179
1 39 155
39 102 155
37 38 125
50 100 105
14 137 150
36 83 193
21 27 147
27 33 134
33 86 132
33 86 111
42 93 115
30 137 164
94 108 173
29 88 148
43 76 113
28 114 136
46 77 165
70 179 197
0 71 105
27 83 141
27 33 111
27 96 149
38 125 159
25 79 97
78 81 116
61 107 121
22 75 82
22 69 75
16 72 91
21 64 187
102 138 154
91 173 178
87 135 196
71 119 170
8 11 132
11 32 196
8 132 134
23 55 184
8 32 87
63 80 85
27 147 152
38 62 159
13 31 197
5 37 125
45 139 164
94 96 193
5 44 125
105 112 171
39 102 194
6 36 55
4 11 182
60 91 173
16 73 120
100 105 171
10 22 69
10 187 195
17 20 44
2 105 112
25 37 79
20 22 125
107 121 171
16 68 73
13 63 80
11 167 182
43 76 153
36 83 174
89 136 190
72 91 178
16 106 120
0 48 57
55 81 174
3 127 189
0 2 105
23 78 186
23 78 95
97 103 168
102 138 194
27 64 141
28 136 190
22 82 125
29 51 88
80 85 169
3 123 127
1 112 166
12 30 164
3 29 104
0 48 65
75 78 95
56 124 127
28 123 190
13 57 93
10 69 195
11 86 132
47 60 91
27 83 96
4 11 86
36 108 193
11 167 196
12 45 56
12 45 164
63 85 176
93 109 115
13 57 63
49 158 183
89 126 190
60 87 130
40 79 144
14 67 137
17 147 169
20 147 187
16 91 161
3 29 110
17 20 147
123 127 192
52 53 148
15 47 87
6 55 184
33 132 134
88 180 185
46 92 165
15 47 60
47 87 135
27 111 152
39 58 194
81 116 195
49 92 165
25 38 62
49 88 165
56 127 192
145 180 185
96 130 149
90 163 178
31 80 169
52 53 66
32 87 196
86 111 162
36 55 174
56 102 155
57 93 109
0 57 109
58 61 121
68 73 120
104 140 182
58 121 194
81 141 195
23 95 143
23 41 184
16 68 160
102 129 191
62 74 97
25 62 97
3 123 126
79 122 168
45 139 175
69 78 116
69 75 78
69 116 195
54 74 181
74 181 199
1 112 155
78 81 186
9 79 168
79 84 179
83 96 146
86 99 162
34 86 99
87 130 149
8 87 149
51 88 165
49 88 185
24 89 136
90 157 178
20 44 125
21 27 64
94 108 193
110 126 156
31 70 197
41 68 120
96 146 193
9 97 168
98 177 191
101 135 196
46 101 196
102 177 191
74 103 199
103 168 199
12 56 112
104 167 182
58 107 112
107 112 171
21 147 187
108 173 178
59 115 119
71 115 119
56 112 155
18 89 126
100 121 171
