14 82 191
177 204 266
117 186 242
149 273 289
28 186 242
182 223 245
48 79 198
156 167 175
156 175 179
15 20 61
23 98 296
181 277 289
45 184 191
181 274 289
6 226 235
35 225 272
88 163 245
10 81 242
66 175 179
33 236 252
57 153 245
71 200 275
145 171 219
67 69 157
19 207 215
43 59 255
18 111 229
36 174 284
19 116 213
30 94 164
150 164 203
5 168 269
90 118 269
46 230 246
136 205 206
16 54 247
6 90 114
111 229 256
95 244 288
18 47 229
74 256 288
62 101 291
14 184 191
96 149 259
178 250 268
149 241 273
16 175 202
120 199 278
39 107 247
39 53 202
148 248 251
225 232 272
119 129 138
66 87 179
62 82 191
28 186 238
28 197 242
197 242 285
81 242 285
28 197 285
81 208 285
10 78 81
76 78 81
72 161 287
65 108 217
29 173 186
117 225 232
29 117 186
162 177 266
156 179 210
177 179 224
50 56 210
50 179 210
50 179 204
177 179 204
56 108 172
126 173 266
22 182 243
6 222 226
121 156 167
5 124 168
136 152 201
6 90 293
6 114 257
222 280 294
22 222 226
4 32 265
4 32 112
142 192 297
192 280 294
142 279 297
192 249 297
12 142 221
142 192 280
142 221 280
22 182 223
221 223 280
190 194 279
12 88 221
12 142 279
10 190 194
200 249 275
71 109 281
9 200 249
71 109 200
32 218 265
110 228 265
67 145 157
195 228 265
69 157 215
145 219 239
86 97 281
43 103 207
11 69 103
52 59 103
24 70 94
43 59 103
30 70 94
43 133 207
19 38 215
3 19 227
3 19 213
48 146 198
3 146 213
21 48 212
36 47 174
18 111 284
41 155 290
15 79 155
15 61 79
61 79 198
8 75 176
15 20 233
152 201 257
20 61 93
34 80 270
48 146 213
3 33 236
19 38 227
3 33 146
3 227 236
44 236 252
90 114 269
61 124 198
5 34 124
5 114 269
127 206 286
127 136 270
8 125 234
127 136 206
149 274 289
96 144 183
144 220 237
8 75 263
8 80 263
127 234 270
34 80 93
95 216 244
20 233 282
80 263 282
216 263 282
95 229 233
49 74 254
111 260 284
98 151 296
1 166 187
89 258 292
73 187 298
31 99 151
1 166 267
31 89 99
49 254 267
23 254 267
101 260 296
147 151 296
99 166 292
62 100 191
37 100 191
89 99 292
45 184 295
96 149 241
178 259 262
45 130 165
165 178 262
45 165 262
154 253 295
253 259 262
115 154 295
27 115 261
119 211 299
129 131 137
42 141 211
27 42 211
55 141 211
55 64 128
102 120 278
120 199 289
120 273 289
102 120 273
53 199 278
159 201 205
91 159 283
136 201 205
58 202 235
58 180 235
16 54 175
54 137 247
40 105 106
40 122 158
40 87 106
40 105 122
66 87 106
162 177 224
92 123 134
123 134 214
117 140 232
87 92 123
85 214 232
40 87 92
92 113 134
85 140 232
122 129 158
113 158 196
129 137 231
129 138 231
83 185 248
85 104 140
84 104 140
241 273 286
37 268 292
115 261 295
45 262 295
2 251 299
10 242 281
86 242 281
218 240 249
28 238 285
195 227 228
22 226 243
35 225 276
22 222 223
220 237 250
73 220 250
95 216 233
216 233 282
123 214 272
214 232 272
116 212 213
48 212 213
27 211 261
205 206 286
39 202 247
64 199 277
199 277 289
83 193 248
85 193 214
185 248 251
179 224 271
87 179 271
178 237 250
178 237 259
176 230 264
144 176 220
8 176 183
167 172 235
170 188 287
13 170 287
170 173 186
189 268 292
121 167 172
160 166 189
166 189 292
14 184 299
29 162 276
77 162 276
162 173 266
29 162 173
160 189 268
91 159 257
154 253 259
164 174 212
148 193 196
148 193 248
26 145 240
135 153 245
135 163 245
134 193 214
113 134 193
230 246 264
130 165 178
126 139 217
176 264 298
87 123 271
123 132 271
119 148 251
119 251 299
119 129 158
119 148 158
116 164 212
32 112 294
4 112 118
172 226 243
38 110 227
109 171 219
150 164 255
109 219 239
108 126 266
107 137 247
107 137 231
99 151 166
170 173 188
98 151 166
222 223 280
184 261 295
69 103 215
17 102 286
37 100 292
62 100 143
97 109 281
97 109 239
11 97 103
52 97 103
96 241 286
96 125 183
96 125 286
95 256 288
80 93 282
172 226 235
34 93 124
249 279 297
90 112 118
64 128 199
90 112 293
44 168 195
168 195 269
88 221 223
12 88 279
56 204 266
57 65 287
100 258 292
59 70 255
32 192 218
10 71 190
19 133 207
16 202 247
131 137 169
29 117 225
148 158 196
95 229 256
27 42 141
72 153 287
7 89 258
26 145 157
61 93 124
5 152 257
249 275 279
94 164 284
24 52 97
56 108 266
26 110 265
139 173 188
23 166 267
7 62 291
23 74 260
149 259 274
71 190 279
122 129 131
24 52 59
82 84 185
57 153 287
31 51 151
144 237 259
0 27 181
19 116 203
83 84 104
113 193 196
17 102 278
54 66 169
5 34 270
17 205 278
37 130 268
73 176 220
64 141 277
88 223 245
102 273 286
7 31 89
6 293 294
145 171 240
185 209 251
23 260 296
27 141 277
170 186 238
26 38 110
74 246 288
6 91 180
116 164 203
1 49 246
74 111 256
75 176 230
130 178 268
23 74 254
167 175 235
6 222 294
44 195 236
46 246 288
55 64 141
33 124 198
5 152 270
68 97 239
11 67 145
26 38 215
135 194 279
46 75 263
39 63 199
60 161 287
49 74 246
156 172 210
92 113 158
5 114 257
46 75 230
121 156 172
33 146 198
10 71 281
159 205 278
44 124 168
103 207 215
44 124 252
66 131 169
25 224 271
125 127 234
26 218 240
74 111 260
40 92 158
51 101 296
25 35 276
25 123 132
7 31 51
195 227 236
33 124 252
65 182 245
1 187 298
30 164 255
0 181 274
7 100 258
17 205 286
54 137 169
83 85 104
56 172 210
7 62 143
65 182 243
4 195 265
21 174 212
144 176 183
1 264 298
73 160 268
32 192 294
4 118 195
37 45 130
1 246 264
53 159 283
7 100 143
29 225 276
25 35 272
36 47 284
24 59 70
43 150 203
21 41 48
7 51 291
184 261 299
159 201 257
26 218 265
25 77 276
88 163 279
0 154 274
8 125 183
9 109 200
9 109 171
37 45 191
112 293 294
6 91 257
24 86 97
108 126 217
125 127 286
26 157 215
175 202 235
118 195 269
41 47 155
13 60 287
27 181 277
11 68 145
60 81 208
11 67 69
41 47 174
39 63 128
23 98 166
39 107 128
39 53 199
25 132 271
20 93 282
60 76 81
105 122 131
41 48 290
48 79 155
164 174 284
9 171 240
8 80 234
65 108 172
60 170 238
216 244 263
43 150 255
43 133 203
15 47 155
46 244 263
46 244 288
47 229 233
15 47 233
76 78 153
18 47 284
48 155 290
136 152 270
65 139 188
96 144 259
51 101 291
211 261 299
51 147 151
51 147 296
53 58 202
53 58 283
25 123 272
55 138 231
63 128 199
126 139 173
53 159 278
54 66 175
55 119 211
55 119 138
73 176 298
154 259 274
68 145 239
50 56 204
55 107 128
192 218 249
58 91 180
58 91 283
55 107 231
135 163 279
60 72 161
60 76 153
60 72 153
13 60 170
21 41 174
60 238 285
60 208 285
19 133 203
27 115 154
65 139 217
65 172 243
65 188 287
57 65 245
66 105 106
66 105 131
253 262 295
30 70 255
71 275 279
73 166 187
73 160 166
80 234 270
1 49 267
73 250 268
0 27 154
11 68 97
9 240 249
110 227 228
77 162 224
25 77 224
78 135 153
10 78 194
78 135 194
83 84 185
82 185 209
82 209 251
2 82 251
2 82 299
6 180 235
14 82 299
83 85 193
