117 186 242
149 273 289
28 186 242
35 77 276
65 108 243
48 79 198
32 249 294
156 167 175
26 110 157
95 229 288
15 20 61
23 98 296
181 277 289
55 128 138
181 274 289
6 226 235
13 188 287
13 60 161
57 72 287
13 161 287
29 162 266
6 222 293
159 278 283
32 222 293
32 112 293
108 126 139
71 200 275
67 69 157
11 52 103
36 174 284
19 116 213
150 164 203
5 168 269
44 118 195
17 241 286
46 230 246
136 205 206
39 63 107
144 220 298
62 101 291
51 147 291
14 184 191
96 149 259
178 250 268
149 241 273
115 184 295
14 261 299
107 128 231
53 63 199
39 53 202
167 202 235
84 185 209
105 106 169
83 193 196
2 209 251
40 113 158
85 104 193
28 186 238
14 184 261
28 197 242
28 170 238
197 242 285
81 208 285
76 81 208
10 78 81
76 78 81
60 76 208
57 72 153
72 161 287
65 108 217
13 170 188
29 173 186
117 225 232
87 132 271
177 179 224
50 56 210
50 56 266
50 204 266
56 126 266
56 108 126
56 156 210
108 139 217
221 223 245
22 172 226
6 222 226
121 156 167
180 235 257
6 235 257
5 124 168
6 90 293
222 280 294
4 112 293
32 218 249
4 32 112
142 192 297
192 280 294
32 222 294
192 249 294
192 249 297
22 182 223
190 194 279
12 88 221
249 275 297
71 190 281
10 190 194
190 275 279
71 190 275
71 109 200
110 218 265
38 195 228
110 228 265
67 145 157
195 228 265
10 190 281
86 97 281
97 239 281
68 86 97
52 59 70
52 59 103
24 70 94
30 59 255
43 133 255
30 59 70
30 70 94
116 203 212
19 38 215
48 146 198
3 146 213
15 229 233
48 79 290
21 164 174
41 47 229
36 47 174
18 36 47
18 36 284
15 79 155
15 61 79
61 79 198
20 61 93
48 146 213
33 146 252
44 168 252
19 38 227
3 33 146
44 236 252
44 118 168
118 195 265
90 114 269
61 124 198
124 168 252
5 34 124
5 114 269
17 205 206
127 136 270
8 125 234
8 80 270
127 136 206
17 206 286
17 102 273
149 274 289
8 144 176
176 230 298
144 220 237
127 234 270
8 234 270
95 229 233
111 256 260
144 176 298
1 166 187
1 264 267
160 189 250
89 258 292
1 187 264
147 291 296
1 166 267
31 89 99
23 254 267
23 254 296
23 98 267
101 260 296
254 260 296
101 291 296
7 51 147
7 143 258
37 258 292
37 100 258
189 250 268
160 189 292
73 160 187
96 149 241
45 253 295
45 253 262
45 130 165
45 130 191
253 259 262
154 253 274
0 181 277
0 141 277
128 138 231
63 64 128
63 107 128
0 27 42
0 42 141
64 277 289
102 120 278
17 241 273
102 120 273
159 201 205
91 159 283
136 201 205
91 180 257
58 202 235
58 180 235
53 278 283
16 54 175
39 53 63
137 231 247
40 105 106
105 131 169
40 122 158
40 87 106
66 106 169
162 177 224
123 214 232
117 140 232
85 214 232
40 87 92
40 92 113
148 196 248
85 193 196
122 129 158
129 158 196
209 248 251
2 82 209
185 209 248
83 196 248
83 104 193
83 185 248
82 84 209
37 268 292
74 260 288
178 250 262
10 242 281
86 242 281
218 240 249
229 260 288
229 256 260
35 225 276
117 225 276
222 223 226
142 221 279
12 221 279
220 237 250
73 220 250
216 244 288
95 216 233
216 233 282
116 212 213
150 203 255
39 202 247
199 273 289
142 192 223
192 223 280
127 206 234
133 203 207
45 191 295
160 187 292
166 187 292
73 187 220
96 183 237
179 224 271
87 179 271
26 219 240
167 172 235
22 172 182
184 191 295
28 170 197
170 173 186
189 268 292
121 167 172
91 159 257
110 157 228
38 157 228
56 156 172
147 151 258
7 147 258
230 254 264
62 143 191
142 275 297
142 275 279
142 221 223
136 201 257
187 220 298
132 224 271
95 216 288
131 137 231
129 131 138
131 138 231
130 165 178
119 129 211
129 138 211
129 148 196
119 129 148
3 213 227
64 128 277
55 128 141
125 206 234
124 146 198
144 183 237
5 114 270
123 225 272
100 143 191
162 204 266
19 213 227
75 176 263
109 171 219
150 164 255
109 219 239
170 173 188
222 223 280
104 140 232
43 103 255
59 103 255
43 103 133
17 102 205
102 205 278
100 143 258
37 100 130
100 130 191
98 166 267
98 99 166
98 147 151
98 147 296
97 219 239
97 145 219
96 241 286
96 237 250
30 94 255
80 93 282
172 226 235
34 93 270
80 93 270
34 93 124
4 90 265
90 168 269
90 118 168
90 114 152
89 166 292
84 140 185
38 44 227
57 65 287
162 177 204
16 202 247
131 137 169
66 106 179
60 78 153
85 134 214
4 218 265
25 77 272
47 111 256
25 132 272
254 264 267
61 93 124
25 162 224
12 135 194
87 132 272
25 29 77
94 164 284
8 176 263
139 173 188
46 176 230
15 20 282
7 62 291
136 152 257
14 62 82
149 259 274
67 68 145
21 203 212
122 129 131
8 263 282
4 90 293
103 133 207
19 116 203
19 203 215
31 89 258
11 24 70
18 260 284
54 66 169
5 34 270
16 167 202
40 105 131
16 167 175
18 111 260
37 130 268
124 146 252
16 137 247
3 33 252
12 194 279
55 138 141
85 104 232
11 69 215
120 199 273
89 99 166
21 48 213
170 186 238
31 98 99
74 246 288
130 178 268
14 62 191
46 246 288
139 188 287
125 206 286
10 81 285
3 236 252
21 164 203
57 135 153
2 211 299
13 170 197
187 230 264
10 242 285
2 119 148
171 219 240
49 74 246
57 163 245
121 156 172
159 205 278
103 207 215
250 259 262
87 106 179
57 223 245
31 151 258
26 218 240
75 176 244
6 152 257
29 126 173
15 41 155
8 144 183
96 183 286
47 229 256
11 67 68
50 66 210
11 52 70
71 109 239
0 181 274
145 157 219
133 203 255
27 115 184
53 120 278
26 110 218
75 216 282
125 183 286
96 250 259
27 184 261
54 137 169
114 152 270
29 126 266
2 248 251
7 62 143
22 223 226
4 32 218
9 200 275
94 164 255
21 41 48
7 51 291
159 201 257
128 141 277
0 154 274
8 125 183
9 109 200
9 109 171
26 157 219
25 29 162
15 41 229
38 44 195
49 230 246
57 65 243
31 98 151
85 113 158
172 182 243
50 177 179
11 103 215
2 119 211
21 212 213
60 76 78
187 230 298
11 67 69
123 225 232
38 69 157
41 47 174
24 68 86
83 140 185
57 182 243
39 107 231
39 231 247
87 92 134
40 122 131
20 93 282
9 249 275
41 48 290
41 79 155
41 79 290
164 174 284
3 44 236
9 171 240
42 138 141
83 104 140
45 165 178
68 97 145
42 211 261
35 77 225
13 197 285
77 117 186
45 178 262
46 176 244
115 253 295
46 244 288
18 47 111
8 80 282
3 44 227
49 230 254
49 74 260
49 254 260
136 152 270
85 92 113
50 66 179
50 177 204
71 239 281
211 261 299
53 58 202
38 69 215
53 58 283
53 120 199
126 139 173
66 156 175
54 66 175
88 135 163
87 123 272
56 108 243
56 172 243
57 135 163
57 182 223
58 91 180
58 91 283
60 72 161
60 72 153
21 41 174
16 54 137
15 233 282
13 60 285
60 208 285
27 115 154
11 24 68
63 199 289
63 64 289
65 139 217
65 139 287
2 148 248
90 118 265
6 90 152
253 259 274
73 160 250
42 138 211
75 216 244
75 263 282
88 163 221
0 27 154
203 207 215
66 156 210
77 117 276
29 77 186
9 240 249
85 158 196
163 221 245
77 225 272
78 135 153
10 78 194
87 123 214
78 135 194
27 42 261
25 132 224
115 154 253
2 82 299
14 82 299
85 92 134
87 134 214
12 88 135
