177 204 266
117 186 242
149 273 289
28 186 242
173 188 238
35 77 276
56 121 156
26 110 157
38 110 157
95 229 288
48 116 213
23 98 296
17 159 205
96 183 241
125 183 241
20 80 93
35 225 272
88 163 245
10 86 281
13 60 161
65 243 287
188 217 287
29 162 266
66 175 179
33 236 252
6 222 293
159 278 283
32 222 293
32 112 293
108 126 139
71 200 275
145 171 219
67 97 145
145 157 171
67 69 157
11 52 103
11 68 69
43 59 255
36 174 284
150 164 203
44 118 195
90 118 269
46 230 246
16 54 247
111 229 256
95 244 288
62 101 291
229 256 288
37 189 292
14 184 191
7 147 151
130 189 268
178 250 268
149 241 273
115 184 295
14 261 299
119 148 196
167 202 235
148 248 251
35 117 276
28 186 238
14 184 261
28 197 242
28 197 285
81 208 285
10 78 81
76 78 81
135 153 163
72 78 153
72 161 287
65 108 217
65 217 287
139 188 217
173 186 238
170 188 238
35 117 225
29 173 186
117 225 232
29 117 186
162 177 266
87 132 271
50 56 210
50 179 210
50 179 204
29 173 266
56 156 210
108 139 217
56 108 172
126 173 266
22 172 226
6 222 226
121 156 167
121 167 226
180 235 257
167 226 235
136 152 201
6 90 293
4 32 112
192 280 294
275 279 297
192 249 294
142 279 297
192 249 297
12 142 221
57 182 245
22 182 223
190 194 279
135 163 194
10 135 194
12 88 221
249 275 297
12 142 279
71 190 281
10 190 194
200 249 275
71 109 200
9 218 240
67 145 157
44 195 227
195 228 265
44 227 236
145 219 239
10 190 281
10 86 242
97 145 239
86 97 281
97 239 281
11 52 68
52 59 70
24 70 94
24 52 86
24 52 70
30 59 255
43 133 255
30 59 70
30 70 94
133 150 203
43 133 207
3 19 227
3 19 213
116 133 203
21 47 174
36 47 174
21 41 47
15 79 155
124 198 252
8 75 176
152 201 257
20 61 93
34 80 270
3 33 146
44 236 252
44 118 168
118 195 265
90 114 269
118 168 269
61 124 198
5 34 124
5 114 269
17 205 206
127 136 270
8 125 234
127 136 206
125 144 183
17 206 286
17 102 273
149 274 289
8 125 144
37 130 189
8 144 176
8 75 263
127 234 270
34 80 93
95 216 244
75 216 263
216 263 282
95 229 233
49 74 288
49 246 288
49 74 254
98 151 296
74 254 260
1 264 267
89 258 292
1 187 264
1 166 267
31 89 99
23 254 267
23 98 267
101 260 296
147 151 296
99 166 292
62 100 191
89 99 292
189 250 268
73 160 187
178 250 259
45 253 295
45 253 262
45 130 165
154 253 295
0 27 115
154 253 274
154 181 274
0 154 181
55 64 128
64 277 289
120 199 289
120 273 289
17 102 159
102 120 273
102 159 278
159 201 205
91 159 283
91 180 257
58 202 283
58 202 235
58 180 235
53 278 283
16 54 175
54 131 137
54 137 247
40 105 106
40 87 106
40 105 122
54 169 175
66 87 106
25 132 162
132 162 271
123 134 214
117 140 232
85 214 232
40 87 92
83 104 185
85 140 232
113 158 196
129 138 231
2 14 82
27 261 299
2 14 299
85 104 140
274 277 289
181 274 277
241 273 286
74 260 288
149 241 259
28 238 285
234 241 286
253 262 274
230 246 254
195 227 228
220 230 298
218 249 294
32 218 294
110 218 228
95 216 233
216 233 282
38 215 227
123 214 272
206 234 286
179 204 224
39 202 247
136 201 206
127 206 234
214 225 272
45 191 295
100 191 292
160 189 237
73 187 220
96 183 237
182 221 223
179 224 271
162 177 271
177 224 271
144 176 220
175 179 210
22 172 182
184 191 295
201 205 206
166 189 292
161 170 188
91 159 257
26 157 240
218 228 265
149 178 259
164 174 212
148 193 196
83 148 193
230 254 264
142 221 223
149 178 262
187 220 298
144 160 237
116 133 213
119 138 196
130 165 178
124 168 269
122 158 196
122 129 196
122 131 137
119 148 251
189 237 250
222 226 280
144 183 237
48 116 290
116 164 212
5 114 270
114 136 152
85 113 193
111 256 288
38 110 227
19 215 227
5 124 269
109 171 219
109 219 239
108 126 266
107 137 231
96 241 259
106 169 175
66 106 175
223 226 280
142 280 297
111 260 288
62 100 143
98 166 267
98 99 166
96 237 250
192 280 297
94 150 164
34 93 124
4 90 265
90 152 257
90 114 152
4 90 112
90 112 293
12 88 194
88 163 194
84 140 185
0 154 295
56 204 266
100 258 292
144 160 220
35 77 272
33 198 252
32 280 294
83 185 251
30 133 255
16 202 247
39 53 283
85 134 214
63 64 107
27 42 299
94 133 150
4 218 265
13 161 170
72 153 287
7 89 258
25 77 272
25 132 272
254 264 267
61 93 124
87 132 272
25 29 77
94 164 284
1 160 189
56 108 266
139 173 188
46 176 230
14 62 82
9 200 218
71 190 279
129 138 196
8 263 282
82 84 185
57 153 287
149 262 274
0 27 181
15 20 79
53 102 120
18 260 284
113 193 196
30 94 133
5 34 270
16 167 202
18 111 260
16 156 167
19 133 215
16 156 175
64 141 277
12 194 279
3 48 146
7 31 89
11 69 215
122 129 231
53 102 278
185 209 251
23 260 296
31 98 99
9 157 240
116 164 203
130 178 268
73 160 220
52 103 207
14 62 191
46 246 288
55 64 141
10 81 285
15 41 47
2 211 299
39 63 199
187 230 264
60 72 78
57 163 245
47 111 229
33 146 198
122 137 231
44 124 168
39 202 283
44 124 252
64 107 128
176 220 230
26 218 240
15 41 155
83 148 248
11 103 207
177 204 224
3 48 213
42 55 211
1 160 187
101 147 296
52 68 97
71 109 239
51 101 147
20 79 198
7 100 258
27 115 184
26 110 218
23 254 260
96 250 259
27 184 261
83 85 104
33 227 236
22 223 226
21 174 212
21 116 212
4 32 218
2 211 251
37 45 130
51 62 291
27 42 277
7 100 143
36 47 284
159 201 257
10 78 135
104 140 185
52 86 97
161 188 287
9 109 200
9 109 171
37 45 191
17 273 286
25 29 162
88 182 221
9 157 171
208 238 285
56 121 226
10 197 285
31 98 151
113 122 158
172 182 243
6 90 257
3 33 227
119 211 251
1 166 189
27 181 277
15 80 233
57 243 287
60 81 208
60 76 78
187 230 298
21 41 155
15 20 80
38 69 157
7 143 147
51 143 147
57 182 243
39 53 199
87 92 134
60 76 81
105 122 131
48 79 155
164 174 284
42 55 141
21 155 290
8 80 234
156 175 210
65 108 172
60 170 238
63 137 247
45 165 178
226 235 257
214 225 232
45 178 262
46 75 244
46 244 288
68 69 97
18 47 111
37 191 292
47 229 233
15 47 233
8 80 282
18 47 284
48 155 290
85 92 113
21 116 290
71 239 281
51 62 143
125 234 241
51 101 291
52 59 207
32 222 280
38 69 215
55 138 231
53 120 199
126 139 173
54 105 131
54 105 106
54 106 169
55 119 211
92 113 122
55 119 138
87 123 272
83 248 251
50 56 204
80 233 282
55 107 128
29 77 117
49 246 254
57 153 163
58 91 180
58 91 283
55 107 231
56 172 226
43 59 207
60 72 161
6 226 257
13 60 170
60 208 238
63 107 137
19 133 213
11 207 215
39 63 247
63 199 289
63 64 289
65 172 243
42 141 277
90 118 265
66 87 271
66 179 271
7 31 151
114 136 270
67 69 97
71 275 279
42 211 299
80 234 270
40 92 122
0 115 295
75 216 244
77 117 276
110 227 228
78 135 153
79 146 198
48 79 146
82 185 209
82 209 251
2 82 251
133 207 215
20 61 198
83 85 193
10 197 242
85 92 134
142 223 280
200 218 249
46 75 176
87 123 134
88 182 245
