129 131 137
170 188 332
226 304 336
66 175 312
177 204 266
65 108 243
161 287 328
102 120 278
19 116 207
12 88 163
41 47 229
34 136 152
38 110 228
48 79 290
8 125 234
73 160 341
39 247 345
58 180 283
66 169 175
55 64 277
105 131 169
137 231 247
123 272 335
87 303 329
76 78 81
13 60 208
57 72 287
153 320 327
76 328 330
108 172 308
132 162 271
156 179 312
57 182 287
91 180 283
22 182 243
6 222 336
163 245 320
10 320 330
88 163 245
10 78 330
222 280 294
88 221 245
26 157 171
26 157 344
145 157 171
142 297 317
38 157 344
67 69 157
67 145 157
174 284 342
19 207 215
30 94 164
97 239 281
111 229 256
95 229 288
94 164 342
15 229 233
150 164 203
21 41 47
38 110 344
110 265 306
6 222 293
136 152 302
6 90 293
34 61 93
5 34 333
17 205 206
17 102 273
149 253 259
46 230 244
20 80 93
46 230 246
288 305 319
254 267 326
14 184 191
1 166 267
1 187 264
183 241 310
96 144 183
181 277 289
63 64 199
54 131 137
130 165 346
149 241 273
115 184 295
185 209 324
64 199 289
17 159 205
39 63 345
16 39 202
53 202 283
156 175 312
7 143 258
107 128 231
105 122 129
66 106 169
193 196 307
28 186 238
83 248 307
2 82 209
85 104 193
197 242 285
28 197 242
81 208 285
170 208 285
60 76 208
60 76 328
76 81 208
76 78 330
10 78 81
135 163 194
13 170 332
65 108 217
65 217 287
108 139 217
56 172 308
29 173 266
13 170 208
186 238 347
29 117 186
50 179 210
29 117 276
35 77 276
87 329 335
66 106 303
25 132 162
25 77 162
56 266 308
50 179 204
35 132 272
177 179 224
50 56 210
173 266 308
177 179 204
126 173 308
108 172 243
57 182 327
22 172 243
22 172 226
221 223 245
172 226 337
56 172 337
121 167 304
121 156 323
156 167 175
121 323 337
121 156 167
22 226 301
235 304 336
167 235 304
32 112 293
4 32 112
192 249 294
32 249 294
32 222 293
12 88 221
221 223 280
12 142 221
192 249 297
142 192 297
249 297 317
182 245 327
182 223 245
153 320 330
245 320 327
72 161 287
72 153 330
12 163 279
71 190 275
135 163 320
135 194 313
194 313 340
86 281 313
163 194 279
71 190 343
9 200 249
190 275 279
190 340 343
71 311 343
218 249 306
71 275 311
145 171 219
32 249 306
32 222 294
4 112 293
26 240 344
69 157 215
44 227 236
110 228 265
118 195 265
145 219 239
11 52 103
109 200 311
11 52 68
24 52 70
68 97 314
52 59 70
24 70 94
24 86 314
30 59 70
30 59 255
30 70 94
43 255 338
43 59 255
116 133 207
43 133 207
38 157 215
164 203 212
116 133 203
48 146 213
19 116 213
48 116 213
116 203 212
133 150 203
260 284 342
21 164 212
36 174 284
111 256 319
111 260 319
79 155 290
21 41 290
41 155 290
34 80 93
34 61 124
15 20 318
61 124 198
34 124 333
33 236 252
33 146 252
3 19 213
3 33 236
44 236 252
3 227 236
3 19 227
44 195 227
195 228 265
90 118 293
6 90 336
5 114 152
5 114 269
8 234 270
5 269 333
5 34 152
34 80 270
180 235 257
114 152 257
235 257 336
125 234 286
127 234 286
8 80 270
127 136 270
127 136 206
127 206 286
144 183 349
125 183 310
96 183 241
230 298 348
1 166 341
73 220 298
125 183 349
176 230 298
8 125 349
8 176 349
20 233 282
8 263 315
8 75 263
216 230 244
34 136 270
127 234 270
216 282 315
95 244 288
95 229 233
8 80 315
15 20 233
75 176 216
46 244 246
95 216 244
49 74 326
74 260 319
49 246 305
49 246 326
246 267 326
23 254 267
176 216 230
8 75 176
144 176 349
144 176 298
144 220 298
99 166 267
1 187 341
89 258 292
99 166 292
89 99 292
98 151 316
98 296 300
98 296 316
62 101 291
7 147 151
31 89 151
147 151 316
31 89 99
250 259 325
45 184 191
62 100 191
37 100 191
160 189 250
37 130 191
189 250 268
189 292 322
250 268 325
160 237 250
237 250 259
96 149 241
259 262 325
130 268 346
253 259 262
45 130 165
178 262 325
165 178 346
165 178 262
45 130 191
45 165 262
45 184 295
181 274 289
154 253 274
55 141 277
115 184 261
128 138 231
63 64 345
55 138 211
42 141 211
129 138 231
55 128 138
119 211 299
27 42 321
55 141 211
55 64 128
64 277 289
149 253 274
96 149 259
17 102 159
120 199 289
17 241 273
58 202 283
102 159 278
91 159 201
159 201 205
54 131 169
58 180 235
39 53 202
16 39 247
53 278 283
39 53 63
53 63 199
107 128 345
64 128 345
105 129 131
105 106 169
129 137 231
92 329 335
40 105 122
66 87 303
179 224 339
179 312 339
35 225 272
225 232 272
132 272 335
117 225 232
117 140 232
85 113 214
129 158 196
40 92 329
113 134 214
148 196 248
85 214 232
85 232 331
83 104 334
196 248 307
83 104 193
40 122 158
113 158 196
119 148 299
122 129 158
2 14 82
27 261 299
2 14 299
83 185 248
82 209 324
83 193 307
85 104 331
104 331 334
140 232 331
84 140 331
82 84 324
84 324 331
110 306 344
218 306 344
101 291 296
190 279 340
4 265 293
86 281 314
253 262 295
45 262 295
260 300 326
135 313 320
200 249 311
249 275 279
249 279 317
148 248 299
230 246 348
246 267 348
244 246 305
244 288 305
239 281 343
9 240 249
229 256 319
38 227 228
35 225 276
118 265 293
117 225 276
222 226 301
149 273 274
222 226 336
221 280 294
218 240 344
216 263 315
123 214 272
214 232 272
21 212 290
210 323 337
201 205 302
28 197 238
324 331 334
188 328 332
187 298 348
184 261 299
14 184 299
182 223 280
180 201 257
179 210 323
178 268 346
178 268 325
264 267 348
162 177 271
173 238 347
38 215 227
9 171 240
170 197 238
97 281 314
170 173 188
22 182 280
118 168 195
166 189 341
30 164 255
273 274 289
1 264 267
130 268 322
29 162 276
0 154 321
115 154 321
74 260 326
96 144 259
144 237 259
144 160 220
7 143 147
142 192 294
142 279 317
12 142 279
0 141 321
0 141 181
142 221 294
141 181 277
108 139 308
139 217 287
139 188 287
139 173 188
205 206 302
254 300 326
2 248 299
18 111 260
52 59 207
216 233 282
147 296 316
177 224 271
100 143 258
53 120 278
101 260 296
51 62 143
126 139 308
249 275 311
187 264 348
43 133 150
9 109 200
42 211 299
91 180 201
79 146 198
51 291 296
95 216 233
51 147 296
123 134 214
98 254 300
90 168 269
29 177 266
113 193 196
152 201 257
28 117 186
124 146 252
260 296 300
27 115 261
229 288 319
11 69 215
18 47 284
194 279 340
218 240 249
27 42 299
281 313 340
49 74 319
11 103 215
11 67 68
4 32 306
7 89 151
17 286 309
10 242 285
87 132 335
15 41 155
58 167 202
195 227 228
2 248 251
11 67 69
16 167 175
24 68 314
0 154 274
2 185 209
33 146 213
29 173 186
185 248 251
52 103 207
281 340 343
10 313 320
29 162 177
87 224 271
136 206 302
21 36 174
51 62 291
16 137 247
72 161 328
4 265 306
10 86 242
20 80 315
150 164 255
20 93 318
49 305 319
31 98 99
160 189 341
13 60 328
61 79 318
36 47 284
43 150 338
23 98 99
17 309 310
44 124 252
44 168 195
9 109 171
13 328 332
77 162 276
31 98 151
25 35 132
10 81 285
2 185 251
107 231 247
124 168 269
90 114 257
16 167 202
102 273 289
26 171 240
16 54 169
18 47 111
15 41 229
40 92 158
21 174 342
17 206 286
17 241 310
18 260 284
16 169 175
115 253 295
125 309 310
115 154 253
22 222 280
14 62 191
47 111 229
91 159 278
3 33 213
16 54 137
20 282 315
72 153 327
61 79 198
21 36 47
65 182 243
22 222 301
15 155 318
10 86 313
56 210 337
57 72 327
170 197 285
79 155 318
50 56 204
7 89 258
144 160 237
56 204 266
24 52 68
58 167 235
43 59 207
170 173 238
189 268 322
150 255 338
65 182 287
83 185 324
21 164 342
67 68 145
68 145 239
92 123 335
68 97 239
72 328 330
73 160 220
119 129 211
48 79 146
166 189 292
19 215 227
85 113 193
42 141 321
51 143 147
87 132 271
87 224 339
87 312 339
66 87 312
37 130 322
173 186 347
92 134 158
90 114 269
90 118 168
156 179 323
90 257 336
91 278 283
83 324 334
92 123 134
0 181 274
100 258 292
23 98 254
25 35 77
124 146 198
28 117 242
53 120 199
62 100 143
44 124 168
61 93 318
37 100 322
119 129 148
102 120 289
103 207 215
73 187 341
100 292 322
105 106 303
40 105 329
73 187 298
105 303 329
107 247 345
109 219 239
109 171 219
109 311 343
152 201 302
27 115 321
116 212 290
188 287 328
121 226 337
109 239 343
121 226 304
124 269 333
125 286 309
75 216 263
48 116 290
129 148 196
129 138 211
14 62 82
23 99 267
113 134 158
126 139 173
