129 131 137
170 188 332
66 175 312
22 223 280
177 204 266
161 287 328
102 120 278
12 88 163
110 218 306
34 136 152
38 110 228
48 79 290
13 60 332
146 198 252
20 80 282
43 133 338
37 258 292
73 160 341
55 64 277
137 231 247
123 272 335
87 303 329
224 271 339
76 78 81
13 60 208
10 135 313
28 197 285
57 72 287
153 320 327
76 328 330
108 172 308
22 182 243
163 245 320
88 163 245
10 78 330
222 280 294
88 221 245
26 157 171
26 157 344
145 157 171
109 239 281
142 297 317
38 157 344
67 69 157
69 103 207
67 145 157
174 284 342
11 69 103
30 94 164
164 174 342
97 239 281
3 146 213
111 229 256
95 229 288
94 164 342
15 229 233
124 168 252
21 41 47
38 110 344
110 265 306
124 198 252
6 222 293
136 152 302
6 90 293
34 61 93
5 34 333
17 205 206
17 102 273
46 230 244
20 80 93
46 230 246
49 74 305
254 267 326
14 184 191
74 254 326
1 166 267
96 144 183
181 277 289
96 144 237
54 131 137
149 241 273
115 184 295
185 209 324
17 159 205
39 63 345
53 199 278
206 286 309
16 39 202
53 202 283
167 202 235
156 175 312
7 143 258
25 77 132
148 248 251
107 128 231
66 106 169
193 196 307
28 186 238
14 261 299
14 184 261
10 81 242
81 242 285
10 242 313
85 104 193
197 242 285
28 197 242
81 208 285
60 328 332
60 76 208
60 76 328
76 81 208
76 78 330
10 78 81
72 161 330
13 170 332
161 328 330
139 188 217
28 186 242
170 188 238
29 77 276
117 186 242
186 238 347
29 186 347
29 173 347
29 117 186
50 179 210
29 77 162
35 77 276
87 329 335
25 77 162
56 266 308
177 179 224
50 56 210
162 177 224
56 323 337
108 172 243
56 210 323
57 182 327
22 172 243
221 223 245
121 167 304
156 210 323
121 304 337
121 156 167
222 280 301
167 235 304
32 112 293
90 118 269
22 280 301
4 32 112
22 182 223
192 249 294
192 280 294
32 222 293
192 249 297
190 194 279
275 279 317
182 245 327
182 223 245
153 320 330
245 320 327
72 161 287
72 153 330
71 190 275
135 163 320
313 340 343
190 194 340
9 200 249
190 275 279
71 311 343
281 313 343
218 249 306
71 275 311
145 171 219
9 171 200
9 218 240
9 218 249
32 222 294
44 227 236
110 228 265
118 195 265
145 219 239
11 52 103
11 52 68
24 52 70
68 97 314
52 59 70
24 70 94
24 86 314
30 59 70
30 59 255
30 70 94
43 255 338
43 59 255
133 150 338
116 133 207
43 133 207
69 207 215
38 195 228
38 195 227
19 38 215
116 133 203
48 146 213
19 116 213
48 116 213
48 116 212
116 203 212
133 150 203
260 284 342
111 256 319
111 260 319
18 36 47
79 155 290
21 41 290
41 155 290
15 79 155
79 198 318
15 79 318
34 80 93
15 20 318
61 198 318
61 124 198
33 236 252
33 146 252
3 33 146
3 19 213
3 33 236
3 227 236
118 168 269
4 118 265
44 195 227
195 228 265
90 118 293
5 114 152
8 234 270
5 34 152
34 80 270
114 257 336
180 235 257
114 152 257
235 257 336
136 205 206
125 234 286
8 80 270
136 201 302
127 136 270
127 136 206
17 206 309
125 286 310
286 309 310
144 183 349
96 183 241
1 166 341
73 220 298
125 183 349
8 263 315
8 75 263
216 230 244
34 136 270
127 234 270
216 282 315
95 244 288
80 282 315
95 229 233
8 80 315
95 216 282
95 233 282
95 216 244
49 74 326
74 260 319
49 246 305
49 246 326
101 260 300
1 267 348
246 267 326
23 254 267
144 176 349
1 264 348
264 298 348
99 166 267
1 187 341
89 258 292
31 99 151
99 166 292
89 99 292
101 296 300
62 101 291
7 147 151
147 151 316
7 151 258
31 89 99
250 259 325
62 100 191
37 100 258
37 292 322
189 292 322
250 268 325
130 189 268
160 237 250
96 149 241
259 262 325
130 268 346
178 262 325
45 253 262
165 178 262
45 165 262
181 274 289
0 115 321
154 253 274
115 154 295
0 115 154
0 181 277
0 141 277
55 141 277
128 138 231
63 64 345
129 138 231
55 128 138
119 211 299
27 42 321
0 42 321
0 42 141
55 64 128
64 277 289
96 149 259
17 102 159
102 120 273
120 199 289
17 241 273
120 273 289
58 202 283
120 199 278
102 159 278
159 278 283
91 159 201
91 159 283
159 201 205
136 201 205
58 202 235
58 180 235
107 231 345
39 53 202
16 54 175
16 39 247
53 278 283
39 53 63
53 63 199
16 54 247
54 137 247
129 137 231
92 329 335
119 129 196
92 134 335
40 105 122
40 303 329
179 224 339
179 312 339
123 232 272
123 214 232
132 271 335
87 271 339
35 225 272
225 232 272
87 271 335
132 272 335
117 225 232
117 140 232
85 113 214
129 158 196
40 92 329
113 134 214
92 113 134
148 196 248
85 214 232
85 232 331
119 148 196
40 122 158
113 158 196
119 148 299
119 138 211
122 129 158
119 129 138
27 261 299
2 209 251
2 14 299
82 209 324
85 104 331
104 331 334
140 232 331
84 140 331
82 84 324
84 324 331
56 308 337
83 307 334
98 300 316
249 294 306
101 291 296
192 280 297
86 281 314
259 262 274
253 262 274
149 259 274
2 251 299
148 251 299
200 249 311
230 246 348
246 267 348
244 288 305
242 281 313
170 238 285
28 238 285
125 234 349
229 256 319
226 235 304
35 225 276
149 273 274
108 217 243
216 263 315
48 212 290
21 212 290
179 210 312
156 210 312
206 234 286
127 206 234
324 331 334
45 191 295
184 191 295
188 328 332
180 201 257
178 268 346
178 268 325
176 298 348
108 217 308
176 220 298
185 196 248
21 174 212
173 188 238
173 238 347
22 172 301
171 200 311
9 171 240
97 281 314
168 236 252
118 168 195
166 189 341
45 165 191
130 165 191
30 164 255
273 274 289
160 250 268
160 189 268
121 156 337
109 171 311
156 323 337
176 230 348
156 167 202
150 164 212
254 260 300
144 160 220
7 143 147
142 279 317
12 142 279
142 221 223
142 223 280
139 173 188
18 111 260
147 296 316
100 143 258
51 62 143
249 275 311
42 211 299
91 180 201
185 209 251
42 55 138
15 20 282
39 231 345
38 69 215
79 146 198
51 291 296
51 147 296
123 134 214
92 113 158
98 254 300
31 151 258
29 177 266
113 193 196
29 117 225
172 226 304
12 135 163
67 68 239
152 201 257
45 154 295
64 107 128
27 184 261
54 105 131
229 288 319
27 115 184
50 177 179
75 216 230
27 42 299
26 218 240
249 275 297
104 193 334
37 100 130
11 67 68
4 32 306
58 91 180
296 300 316
164 174 212
15 41 155
77 132 272
45 154 253
29 126 266
126 217 308
11 67 69
34 61 333
25 224 271
43 52 207
38 69 157
29 225 276
116 207 215
24 68 314
10 135 330
0 154 274
130 189 322
3 38 227
46 246 305
39 231 247
8 234 349
6 226 301
25 132 271
6 114 336
1 264 298
185 248 251
1 187 298
6 222 301
193 307 334
52 103 207
2 14 209
4 112 118
29 162 177
6 90 114
3 19 38
21 36 174
51 62 291
16 156 175
4 265 306
42 55 141
150 164 255
54 66 175
20 93 318
13 170 285
13 208 285
160 189 341
43 52 59
15 233 282
23 98 99
17 309 310
44 168 195
125 183 241
75 176 349
64 107 345
18 36 174
15 41 47
15 47 229
124 168 269
16 156 202
54 105 106
26 171 240
18 47 111
40 92 158
17 241 310
18 260 284
18 174 284
58 91 283
65 188 287
67 145 239
25 162 224
96 237 250
44 168 236
14 62 191
47 111 229
72 153 327
21 36 47
172 304 337
150 203 212
96 250 259
86 242 281
109 281 343
57 72 327
50 56 204
144 160 237
57 65 287
56 204 266
57 65 243
125 241 310
57 182 243
24 52 68
150 255 338
74 254 260
50 177 204
63 64 289
65 188 217
71 190 340
83 185 324
14 82 209
74 288 319
68 97 239
71 340 343
73 160 220
74 288 305
75 176 230
35 77 272
26 218 344
48 79 146
172 308 337
166 189 292
83 196 307
85 113 193
66 87 106
61 124 333
87 106 303
51 143 147
46 244 305
87 312 339
66 87 312
37 130 322
12 88 142
88 142 221
172 226 301
65 217 243
142 280 297
90 114 269
63 199 289
99 151 316
8 75 349
135 194 340
83 324 334
0 181 274
23 98 254
226 235 336
275 297 317
31 89 258
98 99 316
100 130 191
62 100 143
61 93 318
73 187 341
40 105 303
126 266 308
32 294 306
105 106 303
73 187 298
54 66 169
109 219 239
109 171 219
109 311 343
112 118 293
152 201 302
114 269 333
6 226 336
5 114 333
144 176 220
27 115 321
19 116 215
54 106 169
188 287 328
110 218 344
105 122 131
42 138 211
122 129 131
123 134 335
83 185 196
124 269 333
75 216 263
126 139 217
12 135 279
130 165 178
14 62 82
23 99 267
130 178 346
29 126 173
135 194 279
126 139 173
135 320 330
135 313 340
