129 131 137
14 82 191
23 98 267
170 188 332
66 175 312
249 275 317
126 139 188
65 108 243
161 287 328
102 120 278
12 88 163
41 47 229
110 218 306
38 110 228
48 79 290
13 60 332
73 160 341
39 247 345
66 169 175
137 231 247
123 272 335
87 303 329
76 78 81
13 60 208
57 72 287
153 320 327
35 117 225
65 243 287
76 328 330
126 173 188
188 217 287
108 172 308
156 179 312
57 182 287
91 180 283
22 182 243
108 126 139
6 222 336
163 245 320
182 243 287
88 163 245
10 78 330
222 280 294
9 26 171
26 157 344
142 297 317
67 69 157
67 145 157
174 284 342
11 69 103
164 174 342
97 239 281
3 146 213
95 229 288
94 164 342
15 229 233
150 164 203
124 168 252
21 41 47
38 110 344
44 118 195
6 222 293
6 90 293
34 61 93
5 34 333
17 205 206
17 102 273
149 253 259
46 230 244
20 80 93
144 220 237
46 230 246
229 256 288
256 288 319
49 74 305
23 98 300
254 267 326
14 184 191
74 254 326
1 187 264
96 144 183
96 144 237
63 64 199
54 131 137
149 241 273
115 184 295
64 199 289
17 159 205
39 63 345
206 286 309
167 202 235
156 175 312
7 143 258
40 113 158
148 248 251
107 128 231
66 106 169
193 196 307
28 186 238
14 261 299
83 248 307
14 184 261
84 324 334
134 214 335
10 81 242
81 242 285
85 104 193
197 242 285
28 197 242
81 208 285
60 328 332
60 76 208
60 76 328
76 81 208
76 78 330
10 78 81
13 170 332
65 108 217
65 217 287
108 139 217
56 172 308
139 188 217
35 117 276
28 186 242
29 77 276
117 186 242
186 238 347
29 186 347
29 173 347
29 117 186
50 179 210
29 77 162
29 117 276
35 77 276
87 329 335
66 106 303
25 77 162
156 179 210
56 266 308
35 132 272
177 179 224
50 56 210
50 56 266
29 162 266
50 204 266
56 323 337
226 304 337
108 126 308
108 172 243
56 210 323
22 172 243
22 172 226
172 226 337
56 172 337
156 210 323
121 156 167
222 280 301
22 226 301
167 235 304
90 118 269
22 280 301
4 32 112
192 249 294
192 249 297
142 192 297
249 297 317
275 279 317
182 223 245
153 320 330
245 320 327
72 161 287
71 190 275
135 163 320
86 281 313
12 279 317
190 194 340
9 200 249
200 249 275
71 311 343
9 26 240
110 218 240
218 249 306
71 275 311
200 275 311
32 222 294
4 112 293
26 240 344
69 157 215
110 240 344
44 227 236
11 68 69
145 219 239
11 52 103
109 200 311
30 255 338
52 68 314
86 97 281
67 68 69
11 52 68
24 52 70
68 97 314
52 59 70
86 97 314
24 70 94
24 52 314
24 86 314
30 70 94
116 133 207
43 133 207
38 195 228
116 133 203
48 146 213
19 116 213
48 79 198
133 150 203
260 284 342
36 174 284
21 47 174
111 256 319
111 260 319
21 48 290
18 47 229
36 47 174
79 155 290
21 41 290
41 155 290
34 80 93
124 168 333
34 61 124
15 20 318
61 124 198
34 124 333
33 236 252
44 168 252
48 146 198
3 33 146
3 19 213
44 236 252
3 19 227
118 168 269
44 118 168
90 118 293
6 90 336
5 114 152
5 114 269
8 234 270
180 235 257
114 152 257
235 257 336
125 234 286
136 201 302
127 136 270
127 136 206
17 206 309
125 286 310
17 241 309
286 309 310
144 183 349
125 183 310
241 309 310
73 220 237
230 298 348
1 166 341
73 220 298
125 183 349
176 230 298
8 176 349
20 233 282
8 263 315
75 216 315
8 75 263
216 230 244
34 136 270
127 234 270
216 282 315
95 229 233
8 80 315
75 263 315
15 20 233
75 176 216
246 288 305
49 74 326
74 260 319
49 246 305
49 246 326
101 260 300
176 216 230
230 267 348
8 75 176
144 176 349
1 264 348
144 176 298
144 220 298
1 187 341
89 258 292
31 99 151
99 166 292
98 99 151
89 99 292
101 296 300
98 151 316
62 82 191
62 101 291
7 51 147
7 51 143
7 147 151
147 151 316
7 151 258
31 89 99
250 259 325
45 184 191
62 100 191
37 100 191
37 130 191
37 292 322
166 292 341
130 189 268
259 262 325
130 268 346
253 259 262
178 262 325
45 253 262
165 178 262
45 165 262
45 184 295
154 253 295
0 115 321
154 253 274
45 253 295
115 154 295
0 115 154
0 181 277
0 141 277
115 184 261
27 211 299
128 138 231
129 138 231
55 128 138
119 211 299
27 42 321
27 42 211
0 42 321
0 42 141
55 64 128
64 277 289
149 253 274
17 102 159
102 120 273
17 241 273
102 159 278
201 257 302
91 159 201
159 201 205
58 202 235
58 180 235
39 53 202
53 278 283
39 53 63
53 63 199
107 128 345
105 106 169
129 137 231
123 214 335
40 106 303
66 312 339
40 303 329
66 87 303
179 224 339
66 87 339
179 312 339
123 232 272
123 214 232
35 225 272
225 232 272
132 272 335
117 225 232
117 140 232
40 92 113
40 92 329
92 113 134
85 214 232
85 232 331
83 104 334
40 122 158
113 158 196
119 148 299
27 261 299
2 14 299
83 185 248
82 209 324
84 331 334
83 185 334
85 104 331
104 331 334
140 232 331
84 140 331
82 84 324
98 300 316
249 294 306
101 291 296
313 320 330
254 267 300
4 265 293
135 313 320
2 251 299
148 251 299
96 241 259
239 281 343
125 234 349
9 240 249
230 267 326
110 228 306
228 265 306
226 235 304
118 265 293
222 226 301
149 273 274
222 226 336
216 244 288
157 215 344
10 313 330
185 209 334
206 234 286
127 206 234
16 202 247
23 267 300
39 202 247
201 205 206
120 199 273
28 197 238
190 194 275
188 328 332
187 298 348
189 322 341
149 241 259
182 223 280
180 201 257
194 275 279
178 268 346
162 177 271
21 174 212
38 215 227
170 238 347
170 197 238
170 173 347
170 173 188
22 182 280
166 267 348
1 166 348
274 277 289
45 165 191
130 165 191
273 274 289
162 204 266
160 250 268
160 189 268
121 156 337
156 323 337
153 328 330
148 248 307
254 260 300
142 280 294
142 192 294
95 216 288
142 221 223
142 223 280
72 153 328
136 152 257
30 70 255
53 180 283
53 58 202
18 111 260
46 246 288
216 233 282
147 296 316
46 244 288
177 224 271
100 143 258
53 120 278
51 62 143
12 135 194
187 264 348
43 133 150
9 109 200
91 180 201
42 55 138
33 227 236
51 291 296
85 134 214
95 216 233
51 147 296
33 146 198
33 124 252
37 100 292
31 151 258
94 150 338
29 266 308
113 193 196
5 168 333
116 212 213
12 135 163
67 68 239
40 106 122
38 215 344
57 182 245
54 105 131
27 115 261
136 201 206
18 47 284
25 162 271
50 177 179
26 145 219
26 171 219
43 59 338
218 240 249
26 145 157
281 313 340
209 324 334
4 32 306
63 64 128
148 196 307
87 132 335
296 300 316
164 174 212
15 41 155
21 212 213
116 164 212
43 52 207
116 207 215
0 154 274
130 189 322
2 185 209
178 250 268
8 234 349
29 126 308
73 160 250
25 132 271
167 304 337
185 248 251
12 194 279
52 103 207
8 34 270
281 340 343
59 70 255
2 14 209
57 245 327
87 224 271
54 105 169
63 128 345
162 177 204
51 62 291
16 156 175
16 137 247
72 161 328
4 265 306
42 55 141
10 86 242
20 80 315
94 150 164
20 93 318
13 170 285
13 208 285
33 124 198
160 189 341
43 52 59
61 79 318
36 47 284
43 150 338
9 109 171
53 58 180
88 223 245
18 111 256
122 129 196
8 34 80
25 35 132
5 34 136
2 185 251
107 231 247
90 114 257
16 167 202
121 167 337
178 250 325
16 54 169
116 164 203
18 229 256
15 41 229
16 156 167
18 260 284
67 145 239
16 169 175
96 237 250
91 159 278
16 54 137
20 282 315
72 153 327
61 79 198
21 48 213
96 250 259
15 155 318
10 86 313
57 72 327
170 197 285
79 155 318
199 273 289
38 44 195
122 158 196
38 44 227
59 255 338
292 322 341
88 142 317
74 254 260
50 177 204
55 64 141
71 190 340
14 82 209
74 288 319
68 97 239
71 340 343
30 94 338
73 237 250
74 288 305
119 129 211
3 33 227
98 166 267
98 99 166
19 215 227
85 113 193
87 132 271
87 224 339
37 130 322
88 142 221
88 221 223
12 88 317
90 114 269
230 246 326
90 257 336
91 278 283
135 194 340
0 181 274
136 257 302
100 258 292
226 235 336
25 35 77
112 222 293
96 241 310
31 89 258
96 183 310
53 120 199
64 141 277
62 100 143
61 93 318
119 129 148
103 207 215
73 187 341
104 193 307
83 104 307
32 294 306
181 274 277
73 187 298
85 113 134
107 247 345
109 219 239
109 171 219
109 311 343
134 329 335
105 106 122
32 112 222
27 115 321
19 116 215
69 103 215
118 228 265
118 195 228
188 287 328
109 239 343
105 122 131
42 138 211
122 129 131
5 168 269
5 136 152
129 148 196
129 138 211
130 165 178
130 178 346
29 126 173
92 134 329
135 313 340
