177 204 266
117 186 242
149 273 289
182 223 245
173 188 238
35 77 276
65 108 243
56 121 156
48 79 198
32 249 294
156 167 175
156 175 179
90 118 293
95 229 288
48 116 213
181 277 289
17 159 205
96 183 241
45 184 191
125 183 241
55 128 138
181 274 289
35 225 272
88 163 245
13 188 287
10 81 242
60 76 161
29 162 266
123 132 272
66 175 179
33 236 252
6 222 293
159 278 283
57 153 245
4 118 293
71 200 275
12 88 163
38 110 228
145 171 219
69 103 207
67 69 157
11 52 103
19 207 215
43 59 255
36 174 284
19 116 213
30 94 164
150 164 203
94 174 284
5 168 269
21 41 290
17 241 286
46 230 246
46 244 246
91 201 257
16 54 247
6 90 114
111 229 256
73 220 298
95 244 288
144 220 298
74 256 288
62 101 291
229 256 288
37 189 292
14 184 191
7 147 151
31 89 151
178 250 268
149 241 273
115 184 295
119 148 196
53 63 199
16 175 202
39 53 202
148 248 251
84 185 209
105 106 169
119 129 138
66 87 179
28 197 242
197 242 285
81 242 285
28 197 285
81 208 285
170 208 285
76 78 161
76 81 208
10 78 81
76 78 81
60 76 208
13 60 208
135 153 163
72 78 161
72 78 153
72 161 287
65 108 217
65 217 287
173 186 238
13 170 208
170 188 238
13 170 188
29 173 186
126 173 188
117 225 232
29 117 186
87 179 224
162 177 266
156 179 210
25 77 162
87 132 271
50 56 210
50 179 210
50 179 204
56 126 266
56 108 126
56 156 210
56 108 172
126 139 188
108 172 243
22 172 243
22 223 280
22 182 243
22 172 226
6 222 226
56 121 172
121 156 167
121 172 226
167 175 202
121 167 226
180 235 257
167 226 235
114 152 257
5 124 168
136 152 201
6 90 293
6 114 257
222 280 294
22 222 226
4 32 265
4 112 293
32 218 249
4 32 112
22 222 280
142 192 297
192 280 294
32 222 294
192 249 294
142 279 297
192 249 297
142 192 280
142 221 280
153 163 245
57 182 245
22 182 223
221 223 280
10 135 194
12 142 279
10 190 194
200 249 275
71 109 281
71 190 275
9 218 249
9 200 249
109 239 281
71 109 200
9 218 240
32 218 265
4 118 265
110 218 265
110 228 265
67 145 157
44 195 227
44 227 236
145 219 239
171 219 239
109 171 239
86 97 281
97 239 281
43 103 207
11 69 103
11 52 68
68 86 97
52 59 70
52 59 103
24 70 94
30 59 255
43 59 103
30 59 70
30 70 94
116 203 212
133 150 203
43 133 207
19 38 215
69 207 215
3 19 227
3 19 213
48 146 198
3 146 213
15 229 233
116 133 203
48 79 290
94 164 174
48 116 212
164 203 212
41 47 229
36 47 174
18 36 47
18 111 284
18 36 284
41 155 229
15 155 229
41 155 290
15 79 155
79 155 290
61 79 198
8 75 176
15 20 233
152 201 257
20 61 93
48 146 213
33 146 252
3 33 236
19 38 227
3 33 146
3 227 236
90 114 269
61 124 198
124 168 252
34 61 93
34 61 124
5 34 152
5 34 124
5 114 152
5 114 269
127 136 270
8 125 234
127 136 206
125 144 183
125 241 286
125 234 286
17 206 286
17 102 273
149 274 289
8 125 144
8 144 176
96 144 183
176 230 298
144 220 237
8 75 263
8 80 263
127 234 270
8 234 270
244 246 288
34 80 93
95 216 244
20 233 282
80 263 282
95 229 233
49 246 288
111 260 284
144 176 298
98 151 296
74 254 260
1 166 187
230 264 267
1 264 267
1 187 264
73 187 298
1 166 267
31 89 99
7 151 258
99 166 267
49 254 267
23 254 267
101 260 296
254 260 296
89 151 258
147 151 296
99 166 292
7 143 258
37 100 258
62 100 191
37 100 191
89 99 292
160 166 292
160 189 292
178 250 259
45 184 295
149 253 259
237 250 259
149 253 274
178 259 262
45 130 165
165 178 262
45 165 262
154 253 295
253 259 262
154 253 274
154 181 274
115 154 295
0 154 181
119 211 299
129 131 137
42 141 211
27 42 211
0 27 42
55 141 211
55 64 128
64 277 289
120 199 289
17 241 273
17 102 159
159 201 205
91 159 283
136 201 205
91 180 257
91 159 201
58 202 283
53 202 283
58 180 235
53 278 283
16 54 175
54 131 137
39 53 63
16 39 202
16 39 247
137 231 247
54 137 247
40 105 106
105 131 169
40 122 158
40 87 106
40 105 122
54 131 169
66 106 169
66 87 106
87 224 271
92 123 134
87 123 132
25 77 132
123 134 214
117 140 232
87 92 123
85 214 232
40 87 92
92 113 134
148 196 248
85 140 232
122 129 158
113 158 196
129 158 196
119 129 196
119 148 299
83 185 248
85 104 140
84 104 140
82 84 209
45 262 295
74 254 288
148 251 299
249 275 279
249 279 297
10 242 281
86 242 281
149 241 259
96 241 259
28 238 285
28 238 242
38 227 228
6 226 257
220 237 250
73 220 250
123 214 225
214 225 232
48 212 290
211 261 299
27 211 261
206 234 286
127 206 234
179 204 224
186 238 242
194 275 279
190 194 275
83 193 248
193 196 248
187 230 298
184 261 299
162 177 271
164 174 212
21 174 212
168 236 252
118 168 195
30 164 255
29 162 276
160 250 268
160 189 268
72 153 287
57 153 287
136 152 270
18 47 111
216 233 282
177 224 271
100 143 258
53 120 278
51 62 143
58 91 180
63 64 107
73 160 166
170 238 285
113 193 196
38 69 215
144 237 259
37 189 268
95 216 233
51 147 296
44 168 236
14 62 191
47 111 229
10 71 281
90 168 269
29 117 225
177 204 224
75 216 282
75 216 244
120 159 278
27 115 184
26 110 218
0 27 154
74 111 260
26 145 157
2 14 184
29 225 276
39 63 231
42 141 181
92 113 158
51 143 147
26 145 171
44 168 195
9 109 171
9 109 200
11 67 68
37 130 268
12 135 163
38 69 157
41 47 174
77 132 272
39 231 247
58 167 202
19 116 133
195 227 228
29 126 266
64 107 128
85 134 214
98 254 296
51 62 291
10 71 190
83 84 104
107 128 138
46 75 230
27 184 261
24 68 86
2 185 209
25 132 271
2 184 299
11 67 69
43 133 150
26 38 157
25 162 271
35 77 272
31 98 99
26 38 110
21 212 290
51 101 296
37 45 130
51 101 291
102 273 289
49 254 288
21 41 174
78 135 153
14 82 209
23 98 99
0 42 181
27 115 154
77 162 276
253 262 295
9 171 240
43 150 255
26 171 240
49 230 267
2 185 251
40 92 158
34 152 270
8 34 80
24 68 70
17 136 205
58 91 283
17 136 206
49 230 246
83 84 185
20 61 79
15 20 79
14 62 82
23 99 267
19 133 207
85 113 134
37 89 292
150 164 255
54 66 175
55 119 211
55 119 138
50 56 204
107 138 231
57 65 243
57 182 243
58 167 235
13 60 287
63 199 289
63 64 289
55 64 141
2 14 209
88 223 245
130 178 268
52 68 70
67 68 145
68 145 239
68 97 239
73 166 187
75 176 230
73 160 250
74 111 256
226 235 257
75 263 282
10 78 135
83 85 104
83 85 193
12 88 142
88 142 221
88 221 223
185 248 251
90 118 168
20 93 282
46 75 244
80 93 282
26 218 240
60 161 287
23 98 254
53 120 199
64 141 277
62 100 143
102 120 289
2 251 299
54 66 169
31 98 151
129 137 138
112 222 293
32 112 222
85 113 193
118 228 265
118 195 228
35 225 276
102 120 159
105 122 131
122 129 131
37 45 191
141 181 277
123 225 272
124 146 252
187 230 264
124 146 198
8 34 270
126 139 217
108 126 217
12 135 279
130 165 178
29 126 173
135 194 279
63 107 231
37 89 258
137 138 231
139 188 287
139 217 287
7 143 147
56 204 266
57 65 287
96 144 259
