14 82 191
177 204 266
149 273 289
182 223 245
173 188 238
35 77 276
65 108 243
56 121 156
156 167 175
90 118 293
95 229 288
23 98 296
17 159 205
45 184 191
55 128 138
20 80 93
35 225 272
29 117 276
88 163 245
10 86 281
10 81 242
13 60 161
60 76 161
65 243 287
13 161 287
29 162 266
123 132 272
33 236 252
6 222 293
12 163 279
10 78 153
109 171 200
12 88 163
38 110 228
145 171 219
9 26 240
67 69 157
11 52 103
11 68 69
43 59 255
36 174 284
19 116 213
94 174 284
95 216 282
38 157 215
21 41 290
44 118 195
90 118 269
17 241 286
46 230 246
46 244 246
136 205 206
91 201 257
20 80 282
73 220 298
95 244 288
144 220 298
74 256 288
62 101 291
229 256 288
37 189 292
51 147 291
14 184 191
7 147 151
130 165 268
149 241 273
115 184 295
107 128 231
119 148 196
53 63 199
39 53 202
66 169 175
167 202 235
148 248 251
119 129 138
66 87 179
62 82 191
2 209 251
28 186 238
28 197 242
81 208 285
76 78 161
76 81 208
10 78 81
76 78 81
60 76 208
13 60 208
135 153 163
72 78 161
72 78 153
72 161 287
65 108 217
65 217 287
173 186 238
170 188 238
29 173 186
126 173 188
117 225 232
29 117 186
87 179 224
162 177 266
156 179 210
25 77 162
87 132 271
177 179 224
50 56 210
50 179 210
50 56 266
50 179 204
50 204 266
177 179 204
56 126 266
56 108 126
56 156 210
56 108 172
126 139 188
108 172 243
22 172 243
22 182 243
22 172 226
6 222 226
56 121 172
121 156 167
121 172 226
121 167 226
180 235 257
167 226 235
114 152 257
136 152 201
6 90 293
4 112 293
4 32 112
192 280 294
275 279 297
192 249 294
142 279 297
192 249 297
142 221 280
57 182 245
221 223 280
10 135 194
10 135 153
249 275 297
12 142 279
71 190 281
10 190 194
71 109 281
71 190 275
9 26 171
9 218 249
9 171 200
9 200 249
109 239 281
71 109 200
110 218 240
9 218 240
26 110 240
38 195 228
67 68 69
67 145 157
44 227 236
69 157 215
145 219 239
10 190 281
10 86 242
86 97 281
97 239 281
11 52 68
68 86 97
52 68 86
52 59 70
52 59 103
24 70 94
24 52 86
24 52 70
30 59 255
43 133 255
30 59 70
30 70 94
116 203 212
133 150 255
133 150 203
43 133 207
19 38 215
3 19 227
116 133 207
3 19 213
15 229 233
21 48 290
116 133 203
94 164 174
21 48 212
36 47 174
18 36 47
18 111 284
18 36 284
41 155 290
15 79 155
61 79 198
124 198 252
8 75 176
15 20 233
152 201 257
20 61 93
48 146 213
19 38 227
44 236 252
44 118 168
118 168 269
61 124 198
34 61 93
34 61 124
5 34 124
5 114 152
5 114 269
127 206 286
17 205 206
127 136 270
8 125 234
127 136 206
17 206 286
149 274 289
96 144 183
176 230 298
144 220 237
8 75 263
8 80 263
127 234 270
8 234 270
244 246 288
34 80 93
95 216 244
20 233 282
80 263 282
95 229 233
95 233 282
49 74 288
49 246 288
111 260 284
144 176 298
230 246 267
49 246 267
1 166 187
230 264 267
230 264 298
1 264 267
187 264 298
89 258 292
1 187 264
73 187 298
31 99 151
1 166 267
31 89 99
49 254 267
23 254 267
23 254 296
23 98 267
98 99 151
37 258 292
37 100 258
62 100 191
89 99 292
160 189 292
96 144 237
45 184 295
178 259 262
45 253 295
165 178 268
165 178 262
253 259 262
154 253 274
154 181 274
0 154 181
0 181 277
55 141 277
0 141 277
128 138 231
119 211 299
129 131 137
63 64 128
55 64 277
63 107 128
27 42 211
0 27 42
0 42 141
55 64 128
64 277 289
17 102 159
102 120 273
159 201 205
136 201 205
91 180 257
91 159 201
58 180 283
58 202 283
58 202 235
53 202 283
58 180 235
91 180 283
54 131 137
39 53 63
137 231 247
40 105 106
40 87 106
40 105 122
162 177 224
87 224 271
87 123 132
25 77 132
123 214 232
123 134 214
117 140 232
85 113 214
85 214 232
40 87 92
83 104 185
148 196 248
85 140 232
113 134 214
122 129 158
113 158 196
129 137 231
129 138 231
119 148 299
119 138 211
2 148 251
209 248 251
2 14 299
2 148 299
185 209 248
83 185 248
85 104 140
84 104 140
82 84 209
192 280 297
142 280 297
4 265 293
114 257 269
149 241 259
96 241 259
222 226 280
22 226 280
6 226 257
118 265 293
117 225 276
220 237 250
73 220 250
218 249 294
116 212 213
211 261 299
27 211 261
39 202 247
120 199 273
28 197 238
110 218 228
194 275 279
190 194 275
83 193 248
193 196 248
184 261 299
14 184 299
182 223 280
8 176 183
164 174 212
21 174 212
13 170 287
170 197 238
22 182 280
45 165 253
29 162 276
130 165 191
160 250 268
160 189 268
72 153 287
57 153 287
136 152 270
25 224 271
87 106 169
49 74 260
15 47 229
48 79 155
47 229 256
18 47 111
100 143 258
53 120 278
51 62 143
44 124 168
7 31 151
42 55 138
73 160 166
30 94 255
113 193 196
199 273 289
38 44 195
37 189 268
123 225 232
91 159 278
32 222 280
5 152 270
75 216 282
115 253 295
48 155 290
75 216 244
28 117 186
120 159 278
17 102 241
27 115 184
11 69 215
0 27 154
74 111 260
6 90 257
26 145 157
11 103 215
37 100 130
16 167 175
39 63 231
116 207 215
51 143 147
26 145 171
48 212 213
119 158 196
37 130 268
67 68 239
41 47 174
77 132 272
94 164 255
39 231 247
31 89 258
170 188 287
29 126 266
81 197 242
33 227 236
79 146 198
165 253 262
101 254 296
4 32 218
51 62 291
16 137 247
44 124 252
32 280 294
33 198 252
38 44 227
4 218 265
98 166 267
46 75 230
27 184 261
253 259 274
31 143 258
33 146 213
25 132 271
16 202 247
26 38 157
178 259 268
35 77 272
3 33 227
42 55 141
125 183 286
26 38 110
99 160 292
13 208 285
15 41 155
149 259 274
53 91 278
274 277 289
96 183 286
16 167 202
13 170 285
16 169 175
21 41 174
14 82 209
71 200 249
27 115 154
150 203 212
77 162 276
181 274 277
15 41 47
32 218 294
49 254 260
124 168 269
5 34 270
16 54 169
8 34 80
67 145 239
101 147 291
16 54 137
20 61 79
15 20 79
57 163 245
45 165 191
25 162 224
150 164 255
54 105 131
54 105 106
53 91 283
170 197 285
57 153 163
57 182 243
57 243 287
92 122 158
43 59 207
59 103 207
48 79 146
87 92 134
98 99 166
90 257 269
63 199 289
63 64 289
66 87 169
2 14 209
3 33 213
66 156 179
88 223 245
66 156 175
102 241 273
68 97 239
71 249 275
73 166 187
250 259 268
75 176 230
73 160 250
74 111 256
226 235 257
75 263 282
47 111 256
7 31 143
81 197 285
83 85 104
83 85 193
87 123 134
12 88 142
88 142 221
88 221 223
92 134 158
40 92 122
98 147 151
46 75 244
96 237 250
115 154 253
96 250 259
99 160 166
96 241 286
98 147 296
28 117 242
53 120 199
100 130 191
62 100 143
101 147 296
33 146 198
101 254 260
103 207 215
104 185 209
109 219 239
109 171 219
112 222 293
32 112 222
85 113 193
19 116 215
118 228 265
54 106 169
118 195 228
35 225 276
144 176 183
119 129 158
84 104 209
102 120 159
105 122 131
42 138 211
122 129 131
123 225 272
218 228 265
5 124 269
8 34 270
125 127 286
125 127 234
126 139 217
108 126 217
29 126 173
113 134 158
135 194 279
63 107 231
135 163 279
139 188 287
139 217 287
7 143 147
8 125 183
150 164 212
