117 186 242
182 223 245
173 188 238
35 77 276
65 108 243
90 118 293
95 229 288
48 116 213
23 98 296
17 159 205
96 183 241
6 226 235
35 225 272
88 163 245
10 86 281
13 188 287
13 60 161
60 76 161
13 161 287
188 217 287
29 162 266
123 132 272
33 236 252
6 222 293
159 278 283
108 126 139
71 200 275
10 78 153
109 171 200
12 88 163
38 110 228
67 69 157
11 52 103
19 207 215
43 59 255
36 174 284
19 116 213
30 94 164
150 164 203
94 174 284
5 168 269
95 216 282
38 157 215
21 41 290
17 241 286
46 230 246
136 205 206
91 201 257
16 54 247
39 63 107
96 237 259
73 220 298
95 244 288
18 47 229
62 101 291
37 189 292
51 147 291
14 184 191
7 147 151
96 149 259
31 89 151
130 165 268
178 250 268
149 241 273
115 184 295
14 261 299
107 128 231
119 148 196
53 63 199
39 107 247
39 53 202
66 169 175
105 106 169
119 129 138
14 184 261
28 197 242
28 170 238
197 242 285
81 208 285
76 78 161
76 81 208
10 78 81
76 78 81
60 76 208
13 60 208
135 153 163
72 78 161
57 182 287
72 78 153
72 161 287
65 108 217
65 217 287
139 188 217
173 186 238
170 188 238
13 170 188
29 77 276
29 173 186
126 173 188
117 225 232
29 117 186
156 179 210
29 77 162
25 77 162
87 132 271
50 56 210
50 179 210
50 56 266
50 179 204
50 204 266
56 126 266
56 108 126
108 139 217
56 108 172
126 139 188
221 223 245
108 172 243
22 172 243
22 223 280
22 182 243
22 172 226
6 222 226
56 121 172
121 156 167
121 172 226
121 167 226
180 235 257
167 226 235
114 152 257
6 235 257
5 124 168
136 152 201
6 90 293
6 114 257
222 280 294
4 32 265
4 32 112
142 192 297
32 222 294
275 279 297
192 249 294
192 249 297
12 142 221
88 221 245
142 221 280
57 182 245
22 182 223
221 223 280
10 135 194
10 135 153
12 88 221
249 275 297
10 190 194
200 249 275
71 109 281
71 190 275
9 171 200
9 200 249
109 239 281
71 109 200
110 218 240
26 110 240
32 218 265
4 118 265
110 218 265
38 195 228
110 228 265
67 145 157
195 228 265
44 227 236
69 157 215
145 219 239
10 86 242
86 97 281
97 239 281
11 52 68
68 86 97
52 68 86
52 59 70
52 59 103
24 70 94
24 52 86
24 52 70
30 59 255
30 150 164
30 59 70
30 150 255
30 70 94
133 150 203
43 133 207
3 19 227
3 19 213
15 229 233
21 48 290
116 133 203
48 79 290
94 164 174
48 116 212
21 48 212
41 47 229
36 47 174
18 111 284
41 155 229
15 155 229
41 155 290
15 79 155
79 155 290
61 79 198
8 75 176
15 20 233
152 201 257
20 61 93
48 146 213
118 195 265
61 124 198
124 168 252
34 61 93
34 61 124
5 34 152
5 34 124
5 114 152
5 114 269
17 205 206
127 136 270
8 125 234
8 80 270
127 136 206
125 234 286
17 206 286
176 230 298
216 230 244
8 75 263
8 80 263
127 234 270
8 234 270
95 216 244
75 216 263
20 233 282
80 263 282
216 263 282
95 229 233
95 233 282
49 246 288
111 260 284
46 230 244
74 254 260
1 166 187
230 264 267
1 264 267
1 187 264
73 187 298
147 291 296
1 166 267
31 89 99
99 166 267
49 254 267
23 254 267
23 254 296
101 291 296
99 166 292
7 143 258
37 130 191
37 100 258
62 100 191
37 100 191
89 99 292
160 237 250
96 149 241
237 250 259
165 178 268
45 130 165
165 178 262
45 130 191
0 27 115
253 259 262
154 253 274
115 154 295
0 115 154
0 181 277
115 184 261
55 141 277
27 115 261
119 211 299
42 141 211
63 64 128
55 64 277
63 107 128
27 42 211
55 141 211
55 64 128
64 277 289
102 120 278
17 102 159
102 120 273
102 159 278
159 201 205
91 159 283
136 201 205
91 180 257
91 159 201
58 180 235
53 278 283
54 131 137
39 53 63
107 231 247
137 231 247
54 137 247
40 105 106
105 131 169
40 87 106
54 131 169
162 224 271
162 177 224
87 224 271
87 123 132
25 77 132
123 214 232
123 134 214
117 140 232
85 113 214
85 113 196
85 214 232
40 87 92
83 104 185
148 196 248
113 134 214
85 193 196
113 158 196
119 129 196
119 148 299
2 14 299
83 185 248
84 104 140
82 84 209
149 273 274
74 254 288
250 259 262
148 248 299
9 240 249
28 238 242
222 226 280
22 226 280
218 249 294
19 215 227
211 261 299
27 211 261
206 234 286
127 206 234
179 204 224
39 202 247
120 199 273
186 238 242
194 275 279
190 194 275
83 193 248
193 196 248
45 191 295
184 191 295
187 230 298
96 183 237
183 241 286
176 220 298
8 176 183
164 174 212
21 174 212
28 170 197
168 236 252
118 168 195
45 165 253
162 204 266
38 215 227
160 250 268
160 189 268
156 167 202
72 153 287
73 160 220
57 153 287
136 152 270
53 58 202
87 106 169
46 246 288
46 244 288
100 143 258
53 120 278
51 62 143
12 135 194
58 91 180
73 160 166
40 122 131
12 279 297
199 273 289
38 44 195
37 189 268
6 90 269
123 225 232
44 168 236
14 62 191
10 71 281
90 168 269
42 141 277
33 124 198
29 117 225
177 204 224
142 192 294
17 102 241
74 111 260
26 145 219
26 171 219
26 145 157
29 225 276
33 124 252
104 140 232
0 27 277
51 143 147
44 168 195
11 67 68
37 130 268
7 89 151
12 135 163
41 47 174
77 132 272
116 164 212
58 167 202
19 116 133
45 154 253
29 126 266
45 154 295
33 227 236
79 146 198
165 253 262
101 254 296
273 274 289
162 177 204
248 251 299
51 62 291
16 156 175
0 154 274
10 71 190
12 194 279
38 44 227
0 181 274
253 259 274
2 185 209
33 146 213
25 132 271
122 131 137
43 133 150
16 202 247
26 38 157
18 47 284
25 162 271
35 77 272
3 33 227
125 183 286
31 98 99
26 38 110
13 208 285
149 259 274
274 277 289
12 142 297
40 105 131
13 170 285
49 254 288
27 42 277
16 169 175
21 41 174
14 82 209
23 98 99
36 47 284
4 112 118
122 129 196
181 274 277
10 81 285
32 218 294
10 242 285
66 87 224
9 171 240
43 150 255
16 156 202
26 171 240
16 54 169
116 164 203
142 280 294
49 230 267
2 185 251
34 152 270
122 129 137
58 91 283
144 183 237
49 230 246
18 229 256
11 67 103
20 61 79
6 114 269
15 20 79
57 163 245
74 229 256
65 182 243
14 62 82
23 99 267
53 58 283
55 128 231
19 133 207
37 89 292
18 111 256
75 216 230
55 119 211
55 119 138
55 138 231
170 197 285
7 89 258
57 153 163
122 158 196
92 122 158
58 167 235
43 59 207
59 103 207
48 79 146
87 92 134
63 199 289
63 64 289
66 87 169
2 14 209
3 33 213
66 156 179
66 156 175
102 241 273
66 179 224
67 69 103
67 68 145
68 145 239
68 97 239
73 166 187
75 176 230
160 166 189
74 111 256
74 229 288
166 189 292
83 85 104
83 85 193
87 123 134
92 134 158
178 250 262
185 248 251
90 118 168
40 92 122
98 147 151
80 93 270
34 93 270
20 93 282
85 104 232
80 93 282
218 240 249
98 147 296
53 120 199
62 100 143
33 146 198
101 254 260
103 207 215
2 251 299
104 185 209
109 219 239
109 171 219
112 118 293
31 98 151
129 137 138
112 222 293
32 112 222
144 176 220
69 103 215
65 182 287
35 225 276
144 176 183
144 160 220
84 104 209
121 156 210
123 225 272
187 230 264
56 121 210
29 126 173
113 134 158
37 89 258
137 138 231
7 143 147
144 160 237
8 125 183
