1 20 26
8 18 19
4 24 49
12 17 32
23 27 45
17 29 37
2 31 37
3 46 47
12 17 37
5 6 16
18 19 40
1 7 26
7 18 40
23 40 45
8 17 19
19 40 45
22 35 36
10 28 38
4 14 49
9 38 43
9 28 38
4 14 43
14 38 43
9 21 46
0 10 38
10 21 28
0 14 22
22 27 36
0 14 38
0 22 27
10 33 42
19 25 45
10 25 45
9 21 28
21 34 46
11 13 42
11 13 44
11 33 42
13 44 46
11 33 44
33 41 44
15 39 47
2 16 37
44 46 47
2 15 30
1 12 16
12 16 37
1 12 32
2 30 31
2 5 16
24 48 49
13 42 46
34 42 46
15 41 47
41 44 47
35 36 49
15 30 41
23 27 48
25 33 41
10 25 33
25 29 31
7 26 48
14 22 49
22 35 49
20 24 48
30 31 41
7 23 40
8 17 32
7 23 48
19 25 29
5 39 47
5 15 39
0 10 45
29 31 37
10 34 42
5 6 47
3 6 47
27 36 48
2 5 15
17 19 29
0 27 45
1 16 20
25 31 41
20 26 48
7 8 18
10 21 34
1 8 32
36 48 49
1 7 8
6 16 20
