1 17 32
1 20 26
3 39 47
4 24 49
17 19 25
12 17 32
23 27 45
13 34 46
17 29 37
1 8 17
3 46 47
12 17 37
5 6 16
1 7 26
7 18 40
23 40 45
8 17 19
23 27 36
10 21 42
22 35 36
23 36 48
24 35 36
24 36 48
20 24 26
24 35 49
4 14 49
14 22 35
14 35 49
4 14 43
9 21 46
0 10 38
0 14 22
0 10 27
10 27 45
22 27 36
0 22 27
10 33 42
13 34 42
21 34 42
9 21 28
21 34 46
11 13 42
17 25 29
11 13 44
11 33 42
13 44 46
11 33 44
15 41 44
33 41 44
15 39 47
44 46 47
15 44 47
2 15 30
15 31 41
15 30 31
31 37 41
29 37 41
25 29 41
1 12 16
12 16 37
1 12 32
2 30 31
2 5 16
9 28 43
24 26 48
25 33 41
10 25 33
7 26 48
21 28 38
10 21 38
7 23 40
7 23 48
5 15 39
16 31 37
10 19 40
0 14 43
2 5 15
3 5 39
10 19 25
3 5 6
1 16 20
8 18 40
28 38 43
8 19 40
7 8 18
10 40 45
0 38 43
1 7 8
6 16 20
2 16 31
