7 24 26
1 6 20
1 20 26
7 24 48
4 24 49
23 27 45
13 34 46
17 29 37
3 46 47
5 6 16
1 6 16
1 8 18
1 7 26
7 18 40
1 7 18
23 40 45
19 40 45
10 21 42
22 35 36
24 36 48
20 24 26
4 14 49
14 22 35
14 35 49
4 14 43
9 21 46
0 10 38
0 14 22
0 14 38
0 22 27
10 33 42
10 33 41
21 34 42
9 21 28
21 34 46
11 33 42
10 25 41
15 41 44
15 39 47
44 46 47
15 44 47
2 15 30
15 31 41
15 30 31
25 29 41
2 5 39
1 12 16
12 16 37
1 12 32
2 15 39
2 30 31
5 6 39
2 5 16
35 36 49
24 36 49
12 32 37
17 32 37
9 28 43
23 27 48
29 31 41
22 36 48
22 27 48
21 28 38
10 21 38
7 23 40
7 23 48
19 25 29
16 31 37
0 10 45
29 31 37
11 41 44
14 28 38
8 19 32
3 6 47
6 39 47
17 19 29
10 19 25
0 27 45
8 18 40
8 19 40
10 19 45
11 13 46
1 8 32
11 34 42
11 13 34
11 33 41
11 44 46
14 28 43
2 16 31
17 19 32
