1 20 26
8 18 19
4 24 49
23 27 45
13 34 46
17 29 37
2 31 37
3 46 47
5 6 16
18 19 40
1 7 26
7 18 40
23 40 45
8 17 19
23 27 36
22 35 36
23 36 48
24 36 48
10 28 38
4 14 49
4 14 43
14 38 43
9 21 46
0 10 38
10 21 28
0 14 22
22 27 36
0 14 38
0 22 27
10 33 42
10 25 45
13 34 42
9 21 28
21 34 46
11 13 42
11 33 42
15 41 44
15 39 47
2 16 37
44 46 47
15 44 47
15 31 41
15 30 31
31 37 41
29 37 41
25 29 41
2 5 39
1 12 16
12 16 37
1 12 32
2 30 31
5 6 39
2 5 16
35 36 49
24 36 49
12 32 37
17 32 37
15 30 39
9 28 43
19 25 40
25 33 41
10 25 33
7 26 48
14 22 49
22 35 49
20 24 48
7 23 40
8 17 32
7 23 48
19 25 29
0 10 45
10 34 42
11 41 44
3 6 47
25 40 45
6 39 47
17 19 29
2 30 39
0 27 45
1 16 20
28 38 43
20 26 48
7 8 18
10 21 34
11 13 46
1 8 32
11 33 41
1 7 8
11 44 46
6 16 20
