1 17 32
1 6 20
1 20 26
8 18 19
3 39 47
4 24 49
17 19 25
12 17 32
23 27 45
13 34 46
17 29 37
1 8 17
2 31 37
3 46 47
5 6 16
1 6 16
1 8 18
18 19 40
1 7 26
23 40 48
7 18 40
1 7 18
23 40 45
8 17 19
19 40 45
10 21 42
22 35 36
7 40 48
20 24 26
4 14 49
14 22 35
14 35 49
4 14 43
9 21 46
0 14 22
0 14 38
0 22 27
10 33 42
19 25 45
10 25 45
13 34 42
21 34 42
9 21 28
21 34 46
11 13 42
17 25 29
11 13 44
11 33 42
13 44 46
11 33 44
15 41 44
33 41 44
15 39 47
2 16 37
44 46 47
15 44 47
2 15 30
25 29 41
1 12 16
1 12 32
2 30 31
2 5 16
24 48 49
35 36 49
15 30 41
9 28 43
29 31 41
24 26 48
25 33 41
10 25 33
7 26 48
22 36 48
21 28 38
30 31 41
5 15 39
0 10 45
29 31 37
22 23 27
14 28 38
0 21 38
2 5 15
3 5 39
12 16 17
0 10 21
0 27 45
3 5 6
36 48 49
16 17 37
14 28 43
22 23 48
