49 86 89
9 11 16
27 49 66
2 15 20
13 60 73
41 77 91
3 34 58
8 10 16
37 48 79
8 9 56
13 26 37
17 18 83
26 37 79
17 48 92
37 54 73
33 48 85
12 13 26
12 13 89
15 20 95
27 66 84
1 53 61
19 42 99
41 45 46
42 44 46
23 25 71
34 35 58
58 77 91
44 55 81
30 36 51
4 30 36
6 41 91
4 19 21
71 80 91
41 45 77
6 21 99
42 46 99
19 21 99
6 46 99
6 41 46
44 52 76
45 46 76
5 52 76
44 50 64
9 33 94
42 44 81
44 46 76
44 55 68
44 50 68
8 56 64
50 56 64
9 11 33
50 56 68
7 17 18
9 56 94
51 55 94
7 18 94
67 72 83
26 79 92
72 83 92
17 83 92
33 48 74
48 79 92
54 59 85
37 48 85
72 92 93
38 67 83
67 72 93
47 89 96
12 67 93
13 49 60
13 37 73
37 54 85
11 33 85
5 52 57
8 9 16
11 59 85
8 10 52
20 49 60
2 20 60
11 16 75
2 60 75
20 27 49
32 47 96
14 32 47
14 38 47
12 38 67
86 89 96
13 49 89
49 66 86
66 84 86
1 27 61
24 87 90
24 43 90
14 43 90
24 43 70
1 27 95
27 61 84
35 69 97
20 27 95
1 53 70
22 62 82
1 82 95
1 40 70
1 40 62
31 40 62
1 62 82
35 65 69
22 82 95
15 22 95
2 29 75
3 29 58
29 57 58
2 3 29
34 35 97
21 23 80
35 65 78
23 71 80
0 31 40
28 39 88
23 28 88
0 40 63
23 28 63
32 87 96
5 76 77
7 74 94
33 74 94
73 75 98
58 71 91
25 58 71
5 57 77
57 58 77
8 52 64
44 52 64
59 73 98
28 39 63
0 39 63
14 87 90
12 38 47
61 84 87
15 34 97
11 59 98
35 58 78
12 26 92
25 78 88
24 61 87
6 80 91
60 73 75
39 78 88
31 62 69
14 32 87
12 47 89
2 3 15
31 65 69
10 29 75
22 69 97
22 62 69
25 58 78
55 56 94
4 30 42
4 19 42
55 56 68
54 59 73
29 52 57
12 92 93
6 21 80
10 29 52
84 86 96
17 48 74
39 65 78
7 17 74
3 15 34
15 22 97
0 31 39
24 53 70
24 53 61
23 25 88
84 87 96
45 76 77
10 16 75
11 75 98
30 42 81
30 51 55
30 55 81
31 39 65
