49 86 89
9 11 16
16 29 75
59 75 98
2 15 20
13 60 73
41 77 91
22 31 69
3 34 58
51 55 81
10 16 29
8 9 56
17 18 83
26 37 79
33 48 85
12 13 89
84 86 87
32 87 90
15 20 95
27 66 84
1 53 61
25 35 58
19 42 99
42 44 46
34 35 58
58 77 91
44 55 81
30 51 81
4 19 30
6 41 91
4 19 21
71 80 91
42 46 99
19 21 99
6 46 99
6 41 46
44 52 76
45 46 76
5 52 76
44 50 64
42 44 81
44 46 76
44 55 68
55 68 94
44 50 68
56 68 94
8 56 64
50 56 64
7 33 94
9 11 33
50 56 68
7 17 18
51 55 94
7 33 74
11 59 75
7 18 94
67 72 83
26 79 92
72 83 92
17 83 92
33 48 74
54 59 85
72 92 93
38 67 83
67 72 93
47 89 96
12 67 93
60 75 98
54 73 98
11 33 85
5 52 57
54 59 98
11 59 85
8 10 52
3 34 97
20 49 60
60 73 98
2 3 97
2 20 60
11 16 75
2 60 75
32 47 96
14 32 47
14 38 47
12 38 67
86 89 96
49 66 86
66 84 86
1 27 61
24 87 90
24 43 90
14 43 90
14 32 90
1 27 95
27 61 84
53 61 70
35 69 97
20 27 95
1 82 95
31 40 62
1 62 82
35 65 69
22 82 95
15 22 95
2 29 75
3 29 58
2 3 29
2 15 97
34 35 97
39 65 69
21 80 91
21 23 80
35 65 78
23 71 80
0 28 63
25 35 78
28 39 88
0 28 39
23 28 88
23 28 63
32 87 96
86 87 96
5 76 77
23 71 88
49 60 89
6 91 99
58 71 91
25 58 71
5 57 77
8 52 64
44 52 64
37 48 54
45 46 77
24 43 61
13 60 89
12 38 47
20 27 66
12 26 37
61 84 87
12 26 92
25 78 88
4 36 51
4 30 51
13 37 54
8 9 10
24 61 87
17 79 92
33 56 94
20 49 66
39 78 88
12 13 37
21 91 99
12 47 89
22 69 97
40 62 70
22 31 82
53 62 70
29 52 57
43 61 70
48 54 85
12 92 93
0 31 63
9 10 16
10 29 52
17 37 79
25 71 88
17 37 48
17 48 74
39 65 78
7 17 74
41 46 77
31 62 82
15 22 97
0 31 39
31 39 69
13 54 73
1 53 62
31 40 63
45 76 77
29 58 77
29 57 77
30 42 81
19 30 42
9 33 56
