36 286 288
96 287 316
197 268 345
274 286 343
90 147 185
193 270 308
93 156 295
11 156 252
44 96 316
67 142 193
7 21 147
21 33 147
77 97 131
16 48 244
88 104 213
203 243 244
14 114 268
8 161 169
6 8 206
161 212 323
8 35 161
70 88 242
24 122 220
132 243 294
41 92 99
14 70 163
79 94 200
59 263 315
130 150 235
59 138 333
17 138 162
28 49 284
218 291 296
12 17 290
186 311 330
73 194 258
280 327 349
111 246 337
81 205 288
10 274 343
225 286 288
205 225 288
85 107 261
62 205 225
31 129 293
86 222 287
96 101 125
3 127 173
18 129 265
33 90 147
105 227 257
107 124 261
120 228 292
17 162 290
127 145 154
16 231 269
18 30 152
313 320 326
90 101 112
67 166 262
86 144 302
96 222 287
96 125 222
34 96 304
44 96 304
11 156 336
115 156 241
204 297 336
46 214 297
44 214 316
93 270 295
77 275 328
108 223 299
2 210 223
0 69 217
69 184 210
133 221 319
87 99 318
99 249 316
110 319 348
164 221 339
0 13 25
27 182 298
162 290 310
133 203 243
12 17 298
74 174 294
122 149 209
117 281 321
41 92 239
135 136 305
132 143 250
133 243 250
1 181 318
39 272 289
39 118 272
56 224 248
118 187 266
94 146 329
14 163 268
6 197 345
60 197 268
28 35 123
161 169 212
169 212 345
123 206 335
60 206 335
29 72 209
29 49 55
60 114 268
114 192 219
60 146 219
88 94 192
60 114 219
14 114 242
88 192 242
14 70 242
54 94 137
114 192 242
22 54 121
55 329 335
79 94 137
19 79 137
57 91 104
57 79 91
57 79 200
88 94 200
91 104 213
130 148 235
19 24 220
174 314 317
76 91 332
19 235 260
79 91 260
150 235 260
19 79 260
19 235 317
149 233 246
24 122 149
121 122 338
29 209 338
55 121 329
72 207 342
170 264 342
172 207 232
122 209 338
149 246 315
151 196 235
74 139 165
23 132 294
119 165 317
172 207 342
59 263 333
17 138 157
111 233 246
59 139 315
42 111 179
218 291 340
42 111 189
111 172 189
26 42 189
172 189 255
218 255 271
189 255 340
218 255 340
26 189 340
218 271 296
172 255 342
255 271 342
49 264 284
72 264 342
116 211 344
37 186 311
102 251 303
81 175 330
26 327 349
75 195 228
179 280 327
26 330 341
26 341 349
36 238 341
65 73 312
238 341 347
36 288 341
238 292 347
82 124 261
102 175 261
62 261 346
175 261 346
175 276 346
227 286 343
129 140 273
73 194 312
124 227 286
124 227 258
10 257 324
65 73 85
194 227 258
73 85 107
227 257 343
31 105 312
31 68 287
31 105 293
31 287 312
155 238 274
53 208 257
10 257 343
274 279 324
10 274 324
53 208 265
53 257 324
18 140 145
18 129 140
30 53 265
155 274 279
30 126 152
18 30 265
18 145 152
126 152 199
140 145 273
145 152 154
31 68 129
127 144 145
96 101 112
125 173 222
127 173 222
3 152 154
3 127 154
3 90 173
33 89 90
3 89 90
33 89 153
3 89 153
231 254 325
32 199 277
32 141 326
141 259 326
155 238 292
63 195 259
63 155 195
63 126 155
120 280 347
120 292 347
64 263 337
64 120 228
75 267 310
138 162 333
59 138 139
23 83 183
12 27 320
243 244 294
13 97 131
13 97 203
143 183 322
132 243 250
51 230 275
32 320 326
16 48 77
16 180 231
48 77 97
7 51 275
231 269 325
12 27 298
21 230 277
7 21 51
21 33 277
21 51 230
230 269 325
15 67 285
147 185 307
15 185 307
90 112 185
15 34 304
34 96 112
11 67 166
15 67 262
44 283 304
142 193 308
77 93 275
230 269 328
230 275 328
193 252 270
11 67 193
210 223 241
108 223 241
108 115 241
252 270 295
7 270 308
156 252 295
11 193 252
11 166 336
46 297 336
171 214 316
115 156 336
171 198 249
4 198 299
44 46 214
115 204 336
4 108 115
171 249 316
2 38 106
40 66 106
4 108 299
40 52 106
40 66 87
52 106 249
38 66 348
38 66 106
69 93 210
0 25 69
69 217 319
13 25 131
25 69 93
221 234 339
84 201 272
1 181 289
201 234 272
181 234 318
1 99 318
66 87 300
52 99 249
39 188 289
87 247 318
87 247 300
9 109 236
39 118 229
181 234 272
181 272 289
1 188 289
177 187 224
39 188 229
118 187 229
92 188 229
168 237 248
167 190 236
215 245 266
5 9 43
98 190 236
98 236 245
98 237 245
84 215 272
215 236 245
43 84 201
43 80 201
23 132 143
23 83 314
23 174 294
23 143 183
23 174 314
74 165 174
165 174 317
148 196 235
103 151 317
151 235 317
130 150 260
45 281 331
83 103 196
103 151 196
50 109 130
50 130 148
9 43 322
5 43 84
5 9 236
178 331 332
20 45 332
58 117 158
117 158 321
158 281 321
176 253 256
58 167 334
20 109 334
45 158 281
20 58 334
91 130 260
91 130 332
76 178 301
76 178 332
76 91 100
256 281 331
76 100 301
61 100 306
61 100 301
61 178 301
61 253 306
61 256 331
45 331 332
61 178 331
61 253 256
78 117 176
71 95 159
78 176 282
58 117 134
41 71 159
78 117 136
135 159 305
117 134 136
56 168 248
177 224 239
224 226 239
56 224 226
92 177 239
176 240 282
41 159 239
71 253 306
95 159 240
95 176 240
267 310 333
310 313 326
75 310 326
290 310 313
12 290 320
81 288 330
280 341 347
280 341 349
116 271 344
262 283 304
208 257 293
164 247 339
198 249 299
246 263 315
237 245 248
245 248 309
202 244 298
244 294 298
234 247 318
105 227 312
133 221 250
128 221 250
163 212 268
246 263 337
212 268 345
211 303 344
102 211 303
205 276 346
171 204 214
133 203 319
13 203 319
171 198 204
6 197 206
155 195 292
195 228 292
191 291 340
26 191 340
191 311 330
98 190 237
187 245 266
187 245 309
180 182 298
180 202 298
115 198 204
16 180 244
175 216 251
175 186 216
175 186 330
172 232 233
111 172 233
44 166 283
162 310 333
47 160 211
160 170 264
159 282 305
159 226 239
153 199 277
33 153 277
60 197 206
149 232 233
50 148 322
148 183 322
166 262 283
7 147 278
144 145 302
67 142 285
43 80 143
1 92 99
43 143 322
102 175 251
182 254 320
129 265 293
37 186 216
44 46 336
5 84 215
27 182 320
32 141 259
254 277 325
15 278 285
30 53 324
30 126 155
142 285 308
63 126 199
4 115 198
73 107 124
29 55 121
90 101 125
28 35 160
124 225 286
134 190 237
105 257 293
86 127 222
19 22 220
91 213 306
26 42 179
26 179 327
44 166 336
117 176 256
138 139 157
24 119 165
290 313 320
35 160 323
8 35 206
128 143 201
7 285 308
0 13 319
121 122 220
208 265 293
7 93 275
15 34 112
77 93 131
129 273 302
5 215 236
17 157 298
63 199 259
3 153 199
56 134 168
29 49 264
147 278 307
254 277 320
94 121 329
47 160 170
0 217 319
94 146 219
109 236 334
2 184 348
145 273 302
2 106 299
7 93 270
29 121 338
6 169 345
25 93 131
49 55 335
2 38 348
22 121 220
30 279 324
57 88 104
113 160 211
47 116 211
36 274 286
32 277 320
64 75 228
1 92 188
106 249 299
271 296 344
71 95 253
139 149 315
29 72 264
35 161 323
20 130 332
230 277 325
180 202 244
216 251 303
37 291 296
62 205 346
56 134 136
2 223 299
19 24 119
35 123 206
64 267 333
28 160 284
118 215 272
64 280 337
116 271 342
134 168 237
7 278 285
15 278 307
20 58 158
135 159 226
91 100 306
159 240 282
28 49 123
68 86 287
37 191 311
86 127 144
19 22 54
66 110 300
74 157 298
20 45 158
19 119 317
37 296 344
128 201 234
6 8 169
116 170 342
47 116 170
81 205 276
48 97 203
48 203 244
75 259 326
80 143 201
118 215 266
49 123 335
3 152 199
56 135 226
82 225 261
52 87 99
40 52 87
204 214 297
56 135 136
57 88 200
60 329 335
194 227 312
102 113 211
60 146 329
64 75 267
160 264 284
2 184 210
64 120 280
24 149 165
64 263 333
9 109 322
15 262 304
30 155 279
66 110 348
68 86 302
78 282 305
69 184 348
139 149 165
69 319 348
72 207 232
134 167 190
73 124 258
83 148 183
75 195 259
16 77 269
77 269 328
234 247 339
90 125 173
78 136 305
92 177 187
288 330 341
19 54 137
32 199 259
81 175 276
117 256 281
83 148 196
83 103 317
83 314 317
113 160 323
167 236 334
74 294 298
58 134 167
92 187 229
26 191 330
149 209 232
93 156 241
93 210 241
54 94 121
94 192 219
37 216 303
102 113 323
180 231 254
50 109 322
110 164 221
110 221 319
37 191 291
20 109 130
110 247 300
110 164 247
37 303 344
72 209 232
111 179 280
224 248 309
111 280 337
187 224 309
180 182 254
82 124 225
36 238 274
128 143 250
128 221 234
68 129 302
15 112 185
62 225 261
95 176 253
74 139 157
