36 286 288
54 94 329
96 287 316
144 145 273
92 99 188
26 291 340
62 82 225
146 329 335
197 268 345
109 167 334
274 286 343
69 184 319
81 330 341
193 270 308
44 96 316
67 142 193
21 33 147
77 97 131
16 48 244
88 104 213
203 243 244
16 202 244
8 161 169
6 8 206
161 212 323
8 35 161
70 88 242
24 122 220
28 49 55
132 243 294
41 92 99
22 54 137
79 94 200
59 263 315
130 150 235
59 138 333
26 191 291
28 35 284
60 146 335
218 291 296
102 216 251
35 160 284
12 17 290
191 291 296
280 327 349
81 205 288
10 274 343
225 286 288
85 107 261
31 129 293
86 222 287
96 101 125
30 126 279
3 127 173
18 129 265
33 153 199
107 124 261
111 179 337
17 162 290
127 145 154
16 231 269
75 290 310
18 30 152
313 320 326
67 166 262
86 144 302
96 222 287
96 125 222
34 96 304
44 46 166
115 156 241
204 297 336
46 214 297
44 214 316
93 270 295
77 275 328
108 223 299
40 52 99
25 77 131
0 69 217
69 184 210
99 249 316
184 319 348
110 319 348
164 221 339
0 13 25
162 290 310
12 17 298
109 167 236
74 174 294
128 201 250
41 92 239
135 136 305
58 167 190
132 143 250
39 272 289
39 118 272
94 146 329
6 197 345
60 197 268
28 35 123
161 169 212
169 212 345
123 206 335
28 55 123
29 49 55
114 192 219
88 94 192
14 114 242
88 192 242
54 94 137
114 192 242
79 94 137
19 79 137
57 91 104
57 79 91
57 79 200
88 94 200
91 104 213
19 24 220
19 137 220
174 314 317
76 91 332
19 235 260
79 91 260
150 235 260
19 79 260
22 137 220
22 122 220
29 209 338
55 121 329
72 207 342
170 264 342
172 207 232
122 209 338
151 196 235
74 139 165
119 149 165
119 165 317
179 280 337
59 263 333
111 233 246
59 139 315
209 232 233
42 111 179
218 291 340
42 179 327
116 271 296
172 189 255
218 255 271
189 255 340
218 255 340
26 189 340
218 271 296
255 271 342
47 113 211
72 264 342
113 211 323
35 160 161
113 161 323
113 160 161
47 113 160
102 211 344
116 296 344
102 303 344
37 186 311
102 251 303
102 211 323
81 175 330
102 175 216
26 327 349
26 191 311
75 195 228
179 280 327
36 238 286
238 292 347
238 274 286
82 225 286
82 124 261
102 175 261
175 261 346
175 276 346
82 124 286
124 227 258
65 73 85
194 227 258
73 85 107
31 105 312
31 68 287
31 105 293
31 287 312
105 208 293
105 208 257
53 257 324
53 279 324
18 129 140
155 274 279
30 126 152
18 30 265
126 152 199
68 273 302
140 145 273
144 273 302
145 152 154
31 68 129
127 144 145
96 101 112
127 173 222
3 152 154
3 127 154
152 153 199
75 195 326
231 254 325
75 313 326
32 141 326
63 195 259
63 155 195
63 126 155
126 155 279
120 292 347
64 263 337
64 120 337
75 267 310
263 267 333
64 263 267
75 290 313
59 138 139
23 83 183
202 294 298
12 27 320
180 182 202
243 244 294
16 180 202
202 244 294
13 133 203
13 97 131
97 203 244
13 97 203
143 183 322
132 243 250
51 230 275
32 320 326
16 180 231
48 97 244
48 77 97
7 51 275
231 269 325
12 27 298
278 285 308
21 230 277
21 33 277
21 51 230
147 185 307
15 185 307
15 285 307
15 34 304
15 283 304
15 262 283
278 285 307
67 285 308
142 193 308
67 142 308
7 278 308
230 275 328
108 223 241
108 115 241
7 270 308
156 252 295
11 193 252
46 297 336
171 214 316
115 156 336
4 198 299
44 46 214
171 214 297
171 204 297
115 204 336
4 171 198
4 108 115
2 38 106
40 66 106
4 108 299
40 52 106
164 247 300
38 66 348
38 66 106
69 93 210
13 217 319
0 25 69
0 13 217
69 217 319
13 25 131
25 69 93
221 234 339
128 201 221
84 201 272
1 181 289
201 221 234
234 318 339
201 234 272
110 164 300
52 99 249
39 188 289
87 247 318
9 109 236
39 118 229
181 234 272
181 272 289
1 188 289
177 187 224
1 99 188
118 266 272
215 266 272
187 266 309
245 266 309
187 248 309
98 168 237
167 190 236
215 245 266
5 9 43
98 190 236
98 134 190
98 236 245
98 237 245
84 215 272
215 236 245
80 143 250
80 201 250
23 132 143
80 143 322
23 83 314
23 143 183
23 174 314
74 165 174
165 174 317
148 196 235
103 151 317
151 235 317
83 103 196
103 151 196
50 109 130
9 50 109
9 50 322
5 43 84
5 9 236
58 134 190
20 45 332
176 256 281
58 117 158
117 158 321
176 253 256
20 109 334
91 130 332
76 178 301
76 178 332
76 91 100
256 281 331
76 100 301
61 178 301
61 253 306
61 178 331
78 117 176
71 95 159
78 176 282
58 117 134
240 282 305
41 71 159
135 159 305
135 136 226
98 134 168
56 136 226
177 224 239
177 187 229
224 226 239
92 177 229
56 224 226
92 177 239
176 240 282
41 159 239
71 176 253
159 240 305
71 253 306
95 159 240
95 176 240
71 95 176
120 337 347
280 337 347
26 330 349
330 341 349
10 324 343
267 310 333
100 301 306
12 290 320
280 341 347
280 341 349
53 265 279
15 262 285
53 257 265
253 256 331
61 253 331
164 247 339
247 318 339
198 249 299
246 263 315
237 245 248
245 248 309
149 233 315
105 227 312
133 221 250
128 221 250
114 219 268
163 212 268
212 268 345
172 207 255
207 255 342
205 276 346
198 249 316
60 197 335
155 195 292
195 228 292
193 270 295
193 252 295
42 189 327
118 229 266
117 176 321
176 281 321
175 186 216
175 186 330
172 232 233
111 172 233
44 166 283
162 310 333
11 166 193
70 163 242
14 163 242
30 265 279
160 170 264
159 226 239
17 157 333
157 294 298
74 157 294
45 321 331
187 229 266
50 148 322
148 183 322
166 262 283
7 147 278
89 147 153
33 147 153
60 146 268
11 252 336
146 219 268
26 189 327
141 195 259
45 178 332
3 89 173
61 301 306
44 96 283
182 254 320
11 46 166
129 265 293
37 186 216
22 54 329
6 197 335
5 84 215
91 130 150
3 89 152
27 182 320
36 81 341
36 238 347
32 141 259
254 277 325
63 126 199
28 49 264
73 107 124
29 55 121
90 101 125
171 198 316
105 227 343
68 129 140
27 202 298
89 152 153
27 182 202
86 127 222
26 186 311
91 213 306
25 77 275
80 84 201
39 92 188
138 139 157
19 24 235
138 157 333
290 313 320
8 35 206
37 191 296
208 265 293
7 93 275
22 121 329
156 252 336
10 279 324
1 87 318
5 215 236
22 121 338
9 43 80
47 116 344
15 34 96
269 325 328
1 87 99
17 157 298
63 199 259
56 134 168
29 49 264
147 278 307
4 171 204
25 93 275
32 33 277
254 277 320
47 160 170
36 81 288
13 133 221
45 178 331
94 146 219
29 72 232
2 184 348
2 106 299
7 93 270
29 121 338
6 169 345
67 166 193
1 181 234
119 235 317
111 246 263
20 167 334
230 325 328
39 92 229
43 80 84
2 38 348
105 257 343
57 88 104
238 274 292
32 277 320
64 75 228
123 329 335
78 134 136
2 210 241
28 264 284
139 149 315
29 72 264
11 46 336
29 209 232
20 130 332
230 277 325
42 111 172
48 269 328
216 251 303
66 247 300
36 341 347
62 205 346
56 134 136
55 123 329
66 87 99
2 223 299
13 221 319
35 123 206
15 96 112
116 271 342
32 33 199
26 186 330
122 149 233
20 58 158
156 241 295
2 223 241
135 159 226
203 243 250
91 100 306
1 234 318
68 86 287
37 191 311
86 127 144
17 162 333
66 110 300
52 106 299
20 45 158
64 120 292
65 194 312
37 296 344
20 58 167
133 203 250
10 274 279
6 8 169
116 170 342
22 122 338
47 116 170
81 205 276
47 211 344
16 48 269
48 77 328
50 130 235
24 119 122
7 51 147
90 173 222
4 115 204
101 147 185
52 249 299
56 187 248
56 168 237
56 237 248
57 88 200
194 227 312
93 241 295
62 225 288
62 205 288
45 158 321
64 75 267
160 264 284
91 150 260
233 246 315
2 184 210
65 73 258
65 194 258
40 66 99
66 110 348
66 87 247
68 86 302
78 282 305
140 145 152
18 140 152
68 140 273
139 149 165
72 207 232
73 124 258
83 148 183
257 324 343
6 206 335
78 117 134
67 262 285
78 136 305
9 80 322
32 199 259
81 175 276
62 82 346
155 274 292
83 148 196
83 103 317
83 314 317
132 174 294
89 90 173
90 125 222
50 148 235
93 210 241
94 192 219
42 172 189
37 216 303
96 283 304
90 101 147
101 112 185
208 257 265
180 231 254
82 261 346
110 164 221
110 221 319
119 122 149
20 109 130
37 303 344
111 263 337
14 114 163
114 163 268
56 187 224
180 182 254
24 119 235
281 321 331
89 90 147
122 209 233
124 227 343
21 51 147
124 286 343
64 228 292
23 132 174
15 112 185
74 139 157
141 195 326
