54 94 329
96 287 316
144 145 273
92 99 188
26 291 340
62 82 225
197 268 345
109 167 334
274 286 343
69 184 319
90 147 185
193 270 308
27 254 320
93 156 295
11 156 252
44 96 316
67 142 193
77 97 131
88 104 213
203 243 244
116 170 271
6 8 206
161 212 323
70 88 242
41 92 99
88 104 200
79 94 200
59 263 315
130 150 235
59 138 333
149 209 233
26 191 291
28 35 284
186 216 330
102 216 251
35 160 284
186 311 330
175 205 276
191 291 296
280 327 349
111 246 337
81 175 205
81 205 288
10 274 343
85 107 261
86 222 287
30 126 279
18 129 265
111 179 337
120 280 337
127 145 154
16 231 269
18 30 152
230 254 277
67 166 262
7 147 307
86 144 302
96 222 287
96 125 222
34 96 304
44 96 304
11 156 336
44 46 166
115 156 241
204 297 336
44 214 316
93 270 295
77 275 328
108 223 299
40 52 99
2 210 223
0 69 217
69 184 210
133 221 319
99 249 316
110 300 348
184 319 348
110 319 348
164 221 339
0 13 25
162 290 310
133 203 243
109 167 236
74 174 294
45 58 158
128 201 250
122 149 209
117 281 321
41 92 239
135 136 305
132 143 250
133 243 250
39 118 272
237 248 309
56 224 248
6 60 197
94 146 329
6 197 345
60 197 268
28 35 123
161 169 212
169 212 345
123 206 335
29 49 55
60 114 268
114 192 219
60 146 219
60 114 219
14 114 242
88 192 242
54 94 137
114 192 242
79 94 137
19 79 137
57 91 104
57 79 91
57 79 200
91 104 213
57 104 200
19 24 220
76 91 332
19 235 260
150 235 260
19 79 260
121 122 338
29 209 338
55 121 329
170 264 342
172 207 232
122 209 338
24 119 149
151 196 235
74 139 165
179 280 337
172 207 342
59 263 333
17 138 157
111 233 246
59 139 315
209 232 233
42 111 179
218 291 340
26 42 189
116 271 296
172 189 255
218 255 271
189 255 340
218 255 340
26 189 340
172 255 342
170 271 342
255 271 342
102 211 344
116 296 344
37 186 311
81 175 330
102 175 216
175 216 330
26 311 330
26 327 349
26 191 311
75 195 228
179 280 327
36 238 341
65 73 312
238 341 347
36 288 341
238 292 347
62 82 261
62 276 346
102 175 261
62 261 346
175 261 346
62 205 276
175 276 346
227 286 343
129 140 273
107 124 258
124 227 286
124 227 258
65 73 85
73 107 258
194 227 258
73 85 107
31 105 312
31 68 287
31 105 293
31 287 312
129 208 293
155 238 274
129 208 265
53 208 257
274 279 324
10 274 324
53 208 265
53 257 324
18 140 145
53 279 324
18 129 140
155 274 279
30 126 152
18 30 265
18 145 152
126 152 199
140 145 273
144 273 302
145 152 154
68 287 302
86 287 302
127 144 145
125 173 222
127 173 222
3 152 154
152 153 199
75 195 326
75 313 326
32 199 277
141 259 326
195 259 326
155 238 292
63 195 259
63 155 195
63 126 155
126 155 279
120 280 347
64 228 267
120 292 347
246 315 337
64 263 337
64 120 337
263 267 333
263 315 337
64 263 267
59 138 139
74 138 139
17 74 157
74 138 157
12 27 320
180 182 202
13 97 131
13 97 203
143 183 322
132 243 250
51 230 275
16 180 231
48 77 97
7 51 275
231 269 325
180 182 231
230 254 325
12 27 298
27 182 254
7 270 275
21 230 277
16 269 328
7 21 51
21 33 277
21 51 230
147 185 307
15 185 307
15 285 307
15 34 304
34 96 112
44 283 304
278 285 307
142 193 308
7 278 307
230 275 328
93 270 275
210 223 241
2 38 210
108 223 241
108 115 241
7 270 308
156 252 295
11 193 252
46 297 336
171 214 316
115 156 336
4 198 299
115 204 336
4 108 115
40 66 106
4 108 299
40 52 106
40 66 87
52 106 249
40 87 99
164 247 300
69 93 210
13 217 319
0 25 69
0 13 217
69 217 319
13 25 131
25 69 93
164 221 319
221 234 339
128 201 221
84 201 272
201 221 234
201 234 272
181 234 318
110 164 319
110 164 300
66 87 300
52 99 249
39 188 289
87 247 300
9 109 236
39 118 229
181 234 272
1 188 289
177 187 224
1 99 188
39 188 229
118 266 272
215 266 272
187 266 309
92 188 229
117 176 281
245 266 309
187 248 309
167 190 236
215 245 266
5 9 43
98 190 236
98 236 245
84 215 272
215 236 245
84 215 236
80 143 250
80 201 250
23 132 143
23 143 183
23 174 314
83 183 196
148 183 196
74 165 174
148 196 235
103 151 317
151 235 317
130 150 260
83 103 196
103 151 196
20 45 58
9 50 109
9 43 322
5 9 236
178 331 332
20 45 332
58 117 158
117 158 321
158 281 321
58 167 334
20 109 334
45 158 281
20 58 334
20 109 332
91 130 332
76 178 301
76 178 332
76 91 100
76 100 301
61 100 306
61 100 301
61 178 301
61 253 306
61 256 331
45 331 332
61 178 331
61 253 256
78 117 176
71 95 159
78 176 282
58 117 134
240 282 305
41 71 159
78 117 136
135 159 305
134 136 168
187 224 248
56 136 168
135 136 226
117 134 136
56 136 226
56 224 226
92 177 239
176 240 282
41 159 239
71 176 253
159 240 305
71 253 306
95 159 240
95 176 240
71 95 176
26 330 349
330 341 349
10 324 343
267 310 333
290 310 313
12 290 320
181 289 318
81 288 330
280 341 347
280 341 349
271 291 296
53 265 279
262 283 304
15 262 285
194 258 312
208 257 293
253 256 281
102 251 344
164 247 339
1 289 318
198 249 299
202 244 298
244 294 298
234 247 318
149 233 315
75 228 310
105 227 312
133 221 250
128 221 250
163 212 268
212 268 345
72 207 264
171 204 214
133 203 319
13 203 319
198 249 316
171 198 204
155 195 292
195 228 292
193 270 295
193 252 295
98 190 237
83 183 314
182 231 325
118 229 266
115 198 204
16 180 244
177 224 226
177 226 239
172 232 233
111 172 233
134 168 190
44 166 283
162 310 333
11 166 193
165 314 317
70 163 242
14 163 242
47 160 264
47 160 211
30 265 279
75 310 313
159 226 239
37 186 303
3 154 173
127 154 173
153 199 277
33 153 277
187 229 266
119 149 317
149 165 317
122 149 220
148 183 322
166 262 283
89 147 153
33 147 153
228 267 310
67 142 285
23 183 314
3 89 173
44 214 297
43 80 143
43 143 322
39 181 289
39 181 272
11 46 166
22 54 329
218 271 291
36 225 288
3 89 152
32 313 320
32 141 259
142 285 308
63 126 199
4 115 198
28 49 264
29 55 121
90 101 125
38 184 348
171 198 316
124 225 286
105 227 343
105 257 293
27 202 298
89 152 153
27 182 202
86 127 222
19 22 220
91 213 306
26 42 179
26 179 327
80 84 201
19 24 235
290 313 320
35 160 323
8 35 206
7 285 308
38 300 348
121 122 220
37 191 296
79 91 130
6 60 335
15 34 112
36 225 286
22 121 329
129 273 302
73 258 312
7 21 33
47 116 344
269 325 328
1 87 99
63 199 259
29 49 264
38 66 300
182 254 325
168 190 237
1 247 318
254 277 320
94 146 219
29 72 232
2 106 299
29 121 338
6 169 345
25 93 131
67 166 193
12 17 74
119 235 317
16 48 203
1 87 247
230 325 328
43 80 84
49 55 123
22 121 220
105 257 343
113 160 211
24 149 220
36 274 286
96 112 125
32 277 320
2 38 66
132 243 244
106 249 299
123 329 335
28 264 284
139 149 315
29 72 264
7 33 147
11 46 336
35 161 323
29 209 232
42 111 172
50 130 332
180 202 244
216 251 303
141 313 326
9 148 322
55 123 329
12 74 298
2 223 299
12 162 290
17 138 333
32 141 313
35 123 206
38 184 210
7 278 285
16 203 244
94 192 200
135 159 226
91 100 306
28 49 123
37 191 311
44 46 297
86 127 144
19 22 54
17 162 333
64 120 292
37 296 344
5 43 236
45 256 281
6 8 169
47 116 170
47 170 264
47 211 344
93 131 275
186 216 303
48 97 203
45 256 331
16 48 328
48 77 328
50 130 235
31 68 293
2 66 106
50 109 332
204 214 297
56 168 237
56 237 248
60 329 335
194 227 312
102 113 211
60 146 329
62 225 288
62 205 288
207 264 342
8 35 169
251 303 344
160 264 284
82 107 261
233 246 315
15 262 304
78 282 305
139 149 165
72 207 232
134 167 190
257 324 343
6 206 335
234 247 339
35 161 169
67 262 285
90 125 173
78 136 305
92 177 187
288 330 341
19 54 137
79 130 260
32 199 259
82 107 124
68 129 293
9 50 148
83 103 317
83 314 317
98 245 309
132 174 294
89 90 173
113 160 323
74 294 298
58 134 167
92 187 229
93 156 241
50 148 235
93 210 241
12 17 162
94 192 219
42 172 189
98 237 309
101 112 185
90 101 185
176 253 281
102 113 323
165 174 314
37 303 344
43 84 236
101 112 125
14 114 163
114 163 268
24 119 235
89 90 147
82 124 225
36 238 274
64 228 292
88 192 200
68 129 302
23 132 174
77 131 275
15 112 185
132 244 294
