54 94 329
96 287 316
139 165 315
92 99 188
26 291 340
62 82 225
109 167 334
105 194 312
81 330 341
90 147 185
93 156 295
44 96 316
67 142 193
77 97 131
16 48 244
88 104 213
203 243 244
16 202 244
116 170 271
6 8 206
161 212 323
70 88 242
41 92 99
88 104 200
22 54 137
79 94 200
59 263 315
33 199 277
130 150 235
59 138 333
8 123 206
24 119 317
26 191 291
28 35 284
218 291 296
102 216 251
35 160 284
26 42 327
73 194 258
175 205 276
191 291 296
111 246 337
81 175 205
81 205 288
205 225 288
85 107 261
62 205 225
86 222 287
96 101 125
33 153 199
105 227 257
111 179 337
155 228 292
127 145 154
16 231 269
75 290 310
18 30 152
90 101 112
86 144 302
96 222 287
96 125 222
44 46 166
204 297 336
164 247 318
44 214 316
93 270 295
77 275 328
108 223 299
40 52 99
2 210 223
25 77 131
0 69 217
69 184 210
164 318 339
99 249 316
110 319 348
27 182 298
162 290 310
12 17 298
109 167 236
45 58 158
128 201 250
122 149 209
41 92 239
135 136 305
39 272 289
39 118 272
237 248 309
56 224 248
118 187 266
94 146 329
60 197 268
8 35 123
28 35 123
161 169 212
169 212 345
123 206 335
29 72 209
60 114 268
60 146 219
60 114 219
14 114 242
88 192 242
54 121 329
54 94 137
114 192 242
22 54 121
55 329 335
79 94 137
19 79 137
57 91 104
57 79 91
57 79 200
91 104 213
57 104 200
19 24 220
76 91 332
19 235 260
79 91 260
150 235 260
19 79 260
149 233 246
22 122 220
29 209 338
55 121 329
55 121 338
170 264 342
172 207 232
122 209 338
24 119 149
149 246 315
74 139 165
119 149 165
23 132 294
119 165 317
179 280 337
172 207 342
59 263 333
111 233 246
149 165 315
59 139 315
42 111 179
218 291 340
42 111 189
42 179 327
111 172 189
26 42 189
172 189 255
218 255 271
189 255 340
218 255 340
26 189 340
218 271 296
172 255 342
170 271 342
255 271 342
47 170 211
113 211 323
37 186 311
102 251 303
102 211 323
81 175 330
102 175 216
26 327 349
26 191 311
75 195 228
179 280 327
36 238 341
341 347 349
36 238 286
238 341 347
238 292 347
238 274 286
82 124 261
62 276 346
102 175 261
175 261 346
62 205 276
175 276 346
227 286 343
129 140 273
124 227 286
124 227 258
10 257 324
73 107 258
194 227 258
105 194 227
73 85 107
227 257 343
31 105 312
68 129 273
31 68 287
31 105 293
31 287 312
129 208 293
129 208 265
53 208 257
10 257 343
53 208 265
53 257 324
18 140 145
53 279 324
18 129 140
155 274 279
30 126 152
18 145 152
126 152 199
68 273 302
140 145 273
145 152 154
86 144 222
127 144 222
127 144 145
96 101 112
125 173 222
101 125 173
90 101 173
127 173 222
3 152 154
3 89 153
75 313 326
32 199 277
141 259 326
63 195 259
63 126 155
120 280 347
120 292 347
246 315 337
75 267 310
263 267 333
263 315 337
12 290 313
75 290 313
138 162 333
59 138 139
74 138 139
74 138 157
202 294 298
12 27 320
16 180 202
13 133 203
13 97 131
13 97 203
132 243 250
51 230 275
16 180 231
7 51 275
231 269 325
32 254 277
12 27 298
12 313 320
32 254 320
7 270 275
21 230 277
7 21 51
21 33 277
21 51 230
230 269 325
147 185 307
15 185 307
90 112 185
15 34 304
44 283 304
44 262 283
230 269 328
230 275 328
93 270 275
193 252 270
210 223 241
108 223 241
108 115 241
252 270 295
7 270 308
156 252 295
11 193 252
46 297 336
171 214 316
115 171 204
4 198 299
171 214 297
171 204 297
4 108 115
2 38 106
40 66 106
4 108 299
40 52 106
38 66 348
38 66 106
69 93 210
13 217 319
0 25 69
0 13 217
69 217 319
25 69 93
221 234 339
234 318 339
181 234 318
110 164 319
1 99 318
52 99 249
39 188 289
39 118 229
181 234 272
181 272 289
1 188 289
1 99 188
39 188 229
118 266 272
118 187 229
215 266 272
92 188 229
187 248 309
98 168 237
167 190 236
215 245 266
98 190 236
98 134 190
98 236 245
84 215 272
215 236 245
23 132 143
80 143 322
23 174 314
74 165 174
103 151 317
151 235 317
83 103 196
103 151 196
50 109 130
20 45 58
20 45 332
58 117 158
117 158 321
158 281 321
20 109 334
45 158 281
100 213 306
91 130 332
76 178 332
61 100 306
61 100 301
61 253 306
78 117 176
71 95 159
78 176 282
58 117 134
240 282 305
41 71 159
78 117 136
135 159 305
117 134 136
98 134 168
177 224 239
224 226 239
135 226 239
56 224 226
92 177 239
176 240 282
159 240 305
71 253 306
95 159 240
26 330 349
330 341 349
280 327 347
221 319 339
267 310 333
61 301 331
178 301 331
181 289 318
116 271 344
53 265 279
262 283 304
15 262 285
107 258 261
208 257 293
253 256 331
61 253 331
253 256 281
1 289 318
95 240 253
133 221 250
128 221 250
163 212 268
212 268 345
211 303 344
102 211 303
72 207 264
263 267 337
115 204 241
198 249 316
60 197 335
6 197 206
187 245 266
187 245 309
83 183 314
180 231 325
180 182 325
180 182 298
180 202 298
177 187 248
177 224 248
117 176 321
176 281 321
175 186 216
175 186 330
172 232 233
111 172 233
162 310 333
11 166 193
165 314 317
70 163 242
14 163 242
47 160 211
30 265 279
160 170 264
17 157 162
3 154 173
127 154 173
149 232 233
122 149 220
50 148 322
148 183 322
7 147 278
89 147 153
33 147 153
11 252 336
144 145 302
67 142 285
32 141 320
156 241 336
141 313 320
23 183 314
45 178 332
3 89 173
44 214 297
30 129 265
41 135 159
73 85 194
182 254 320
11 46 166
37 186 216
142 270 308
5 84 215
36 225 288
91 130 150
27 182 320
36 81 341
32 141 259
254 277 325
15 278 285
197 206 335
30 126 155
142 285 308
63 126 199
76 100 178
4 115 198
28 49 264
38 184 348
171 198 316
124 225 286
105 257 293
6 197 268
26 186 311
19 22 220
25 77 275
80 84 201
77 97 269
19 24 235
24 235 317
164 319 339
23 183 322
7 285 308
37 191 296
138 157 162
36 225 286
156 252 336
10 279 324
142 193 270
5 215 236
22 121 338
7 21 33
5 9 109
9 43 80
15 34 96
0 13 131
17 157 298
63 199 259
3 153 199
56 134 168
29 49 264
147 278 307
182 254 325
25 93 275
100 178 301
47 160 170
36 81 288
13 133 221
23 143 322
45 178 331
94 146 219
145 273 302
18 30 129
2 106 299
41 135 239
0 25 131
6 169 345
67 166 193
10 286 343
5 109 236
49 55 335
20 167 334
170 211 344
43 80 84
113 160 211
10 274 286
238 274 292
24 149 220
2 38 184
64 75 228
132 243 244
271 296 344
71 95 253
124 258 261
28 264 284
29 72 264
7 33 147
11 46 336
35 161 323
23 74 294
20 130 332
230 277 325
5 9 84
76 100 213
216 251 303
29 49 338
66 247 300
64 267 337
141 313 326
56 134 136
66 87 99
2 223 299
12 162 290
13 221 319
6 268 345
15 96 112
64 280 337
26 186 330
7 278 285
15 278 307
94 192 200
35 113 160
203 243 250
204 241 336
94 114 192
28 49 123
68 86 287
148 151 235
37 191 311
44 46 297
19 22 137
66 110 300
52 106 299
74 157 298
64 120 292
9 43 84
65 194 312
148 151 196
37 296 344
128 201 234
20 58 167
133 203 250
44 67 166
45 256 281
10 274 279
84 234 272
6 8 169
35 113 323
34 44 96
22 122 338
48 97 203
48 203 244
176 240 253
45 256 331
16 48 269
75 259 326
80 143 201
49 123 335
49 55 338
50 130 235
3 152 199
31 68 293
56 135 226
116 170 344
52 198 299
52 198 249
56 135 136
56 168 237
327 347 349
56 237 248
60 329 335
60 146 329
63 155 228
64 75 267
207 264 342
8 35 169
160 264 284
91 150 260
2 184 210
64 120 280
9 109 322
15 262 304
40 66 99
30 155 279
66 110 348
66 87 247
68 86 302
78 282 305
63 195 228
69 184 348
69 319 348
72 207 232
134 167 190
83 148 183
75 195 259
76 91 213
77 269 328
35 161 169
67 262 285
78 136 305
92 177 187
9 80 322
32 199 259
34 44 304
68 129 293
62 82 346
155 274 292
44 67 262
83 148 196
83 103 317
83 314 317
84 201 234
65 85 194
98 245 309
89 90 173
74 294 298
115 171 198
23 74 174
58 134 167
92 187 229
149 209 232
93 156 241
50 148 235
93 210 241
94 114 219
12 17 162
37 216 303
48 97 269
98 237 309
87 99 247
99 247 318
176 253 281
82 261 346
50 109 322
20 109 130
110 247 300
165 174 314
110 164 247
37 303 344
72 209 232
14 114 163
114 163 268
89 90 147
82 124 225
64 228 292
128 221 234
88 192 200
132 201 250
132 143 201
15 112 185
132 202 294
132 202 244
