-1161.49 -1658.35
-1606.5 -1411.97
-567.79 1359.72
1164.51 -1282.24
-1094.38 1636.57
-278.237 69.2084
1531.5 1606.27
-687.573 1242.58
729.297 -455.791
1388.68 1921.45
-1895.2 512.395
-757.731 1274.22
-1491.18 -1837.59
-1246.14 -618.94
306.612 -1520.46
-153.134 1145.12
-1178.81 240.366
1733.15 253.4
-399.916 897.657
971.156 505.707
534.227 -1307.08
-1425.08 65.7295
-1700.81 -112.658
-691.691 1028.48
1431.55 -1303.01
949.933 1536.35
1209.39 -1807.8
810.569 1718.2
-1645.39 1564.43
-900.737 661.22
-1956.03 946.128
-193.66 -1134.84
-813.506 -460.51
1118.56 786.578
-1562.85 89.7149
-707.715 971.374
782.634 -132.8
-962.896 1081.82
1754.54 345.413
110.304 1186.09
1042.4 -939.764
722.447 251.791
-747.562 -466.984
-30.0072 -392.955
-902.551 1069.26
-1731.74 -858.582
15.3836 74.605
6.57698 1201.88
1614.09 -874.864
-11.5449 -1948.76
1214.85 1280.74
1022.62 -2.5153
-852.06 -1940.28
-920.695 -1097.52
405.133 1189.61
-1911.43 -552.462
-1750.15 811.021
1699.33 -497.716
-1655.96 -330.679
1109.33 -558.513
-1261.42 1377.59
582.905 753.96
-547.801 -1410.52
-44.1627 -933.706
-285.382 1944.29
-882.465 -1070.53
1225.03 -1859.85
926.954 -1627.03
-1800.13 -1993.74
-724.547 605.004
1195.87 -635.973
-1947.46 1445.71
-1824.95 1751.87
-1052 -1480.91
-578.809 -1942.68
-39.4276 159.767
1434.92 -1456.52
-1086.27 -1112.88
-867.041 869.564
-46.5882 847.577
813.857 1070.95
1777.05 38.8888
1211.1 703.999
411.86 1410.97
710.257 1687.31
15.9742 -93.8754
-948.66 68.516
-648.163 -773.611
-179.614 299.833
-254.525 1241.58
357.158 1706.05
-598.656 -207.923
-1750.48 315.071
679.195 -617.517
-815.364 -1367.39
-1769.94 1998.49
1703.55 -1992.89
37.3811 914.653
711.104 -1550.76
325.623 -578.638
-1863.45 -1658.4
1327.49 -812.105
410.113 -1320.68
414.284 -1769.5
979.156 -1840.24
1472.08 -663.686
1865.81 -1126.58
1128.39 -1884.67
1188.49 -192.415
-502.188 -1626.87
440.192 -272.128
-1628.38 143.746
-265.023 409
-941.601 -1553.92
858.242 1384.02
-132.558 994.796
1725.62 -805.071
-1817.31 135.731
-125.748 596.975
366.23 -1146.59
756.734 -161.694
189.721 622.539
711.726 -681.888
737.868 -99.7826
1125.7 -1764.32
273.344 -434.111
-36.4476 644.963
1709.64 1698.53
-946.036 -1231.97
-1855.39 1912.21
-1847.94 12.0527
907.002 1877.67
1206.98 1089.69
13.4048 -918.767
-313.332 -1620.36
-65.3593 -1556.6
217.941 -1875.64
1065.94 -1070.33
-557.526 -196.191
829.885 -1431.83
39.4896 -896.771
134.06 -1996.96
1748.19 -156.304
1701.57 -1197.84
611.729 1846.18
-1285.64 763.785
-141.766 1621.36
641.458 -934.785
711.057 -1345.14
146.448 -1602.28
-965.502 -1918.91
-1158.87 1252.44
-1794.55 1907.07
-1817.89 -352.075
-289.123 1011.99
216.096 1750.37
-1884.78 -1649.84
1753.41 1863.41
193.852 1454.98
-1334.43 -1194.42
1301.16 -620.069
1569.37 -840.605
-998.706 210.824
224.611 1712.35
865.687 -1628.94
-1889.92 1900.19
-1547.85 -1048.8
1152.62 -1342.4
-1141.73 1334.73
305.525 569.146
346.723 -1478.38
319.512 461.943
-1128.22 72.9204
325.356 1065.63
-472.1 990.925
1871.21 -1170.94
-1629.14 1440.58
-11.5439 -627.851
-348.598 -1786.93
-915.5 -1482.91
-1415.87 -805.425
-1582.73 -963.726
145.777 1569.9
-306.127 1004.05
904.63 1999.4
-426.807 -748.647
-1478.98 1892.71
1713.3 -607.203
-34.3746 38.652
-1541.57 1493.53
-970.423 -1670.36
-1677.41 -599.567
1770.22 311.042
772.582 -578.38
524.109 1857.08
-61.2906 1108.23
-948.343 355.984
-1855.49 1197.43
-74.1171 -161.618
201.481 -1169.49
-162.22 1774.67
81.8657 358.8
1667.38 -204.838
1751.6 -366.996
1833.81 -1789.98
-873.47 -1136.61
-1460.34 -550.884
263.823 -1690.12
1760.16 -963.595
-268.498 284.267
-1106.51 1670.21
-607.498 -54.8557
26.1957 -462.99
-857.421 1952.08
1375.39 1344.06
-1217.41 -786.827
1118.73 864.457
1571.97 786.112
-1340.38 1323.57
-1580.88 -1506.57
1533.6 -454.354
-643.177 -1926.74
994.762 1620.65
-1616.86 754.92
-1342.95 114.644
-960.813 -449.461
-215.144 431.689
1495.68 1811.05
1968.7 -1361.74
1763.13 1344.09
1982.32 -1454.28
-1442.74 1101.06
1410.18 -1870.76
-112.833 -1930.2
1452.81 306.284
-1436.77 986.402
1851.93 -79.946
1059.66 846.691
-459.299 1442.8
-398.389 197.752
-442.552 640.798
1748.29 1342.3
-927.514 1243.98
1153.36 -958.815
1882.24 916.486
-1614.72 1864.56
1462.21 -1057.46
965.614 872.387
-928.222 -1147.22
942.185 -1475.41
1159.06 1505.42
1510.99 1010.99
-574.53 570.649
-142.315 966.17
13.4525 1459.3
-836.077 1570.9
100.094 -1087.79
913.204 1172.58
-1843.81 66.5599
-1786.23 -1961.57
-1016.95 -1400.96
1902.99 -1554.75
-458.416 868.599
1317.64 613.362
1721.38 259.825
1137.95 880.445
-234.759 648.934
-108.561 1190.71
-780.417 1749.12
156.881 1233.03
1208.42 1320.8
803.935 -691.485
-1766.98 -282.86
-1518.9 -1610.79
1783.7 -1305.14
-1572.37 -1233.25
-706.095 -1669.38
-788.001 835.488
1199.22 -1470.36
-551.15 920.598
789.464 -1413.2
-198.958 -1445.3
1235.73 1692.48
1745.41 -1544.69
1441.61 -97.7047
1688.35 650.027
-776.902 492.283
1958.54 -543.884
-1790.58 -1560.36
-154.678 1993.12
-865.5 272.955
-1240.13 428.405
603.574 -28.134
-736.107 -197.209
501.505 712.743
-1276.61 -709.032
1299.54 524.431
-154.327 535.27
216.912 -408.913
990.583 -341.482
1493.38 678.931
-1691.46 -1283.52
-828.786 -1732.91
172.597 -619.363
-1293.28 -1982.08
-626.241 -158.775
290.874 133.626
-1730.37 -1105.55
-1894.51 -466.477
697.239 606.997
-1753.73 1420.63
1897.97 1545.81
-54.941 -256.362
81.077 -1838.03
1334.73 -928.34
-179.511 828.108
1750.59 129.034
1544.59 -1078.2
396.121 -282.814
302.441 1102.85
-264.895 1676.2
-1055.93 -1974.02
-190.174 -786.3
-1079.57 -84.6813
747.223 1617.67
-1477.68 993.49
1038.29 -1579.72
539.297 -1016.65
163.919 -1379.63
-854.675 -501.356
-307.966 965.815
-1673.25 -557.375
-905.151 1871.34
364.429 1490.97
-411.473 -1333.13
593.814 1323.63
-1656.93 1537.88
1349.61 152.897
-1248.42 -1729.96
-1931.78 1498.81
1887.71 -1409.47
492.298 926.002
-989.188 -968.405
1909.36 1174.73
-348.032 -945.319
-1326.63 1344
-1979.5 -999.874
-1213.37 -884.656
-1128.53 1151.06
-1393.69 459.994
1817.93 1200.13
-216.374 -1839
738.012 -866.762
313.894 1489.6
-596.723 382.109
988.403 -709.016
972.64 -519.299
-1783.01 1983.45
512.295 -1873.66
1158.18 -1835.74
-818.978 1831.56
1508.27 -798.483
-1168.32 -1705.11
316.861 -296.85
1445.95 923.174
-1836.86 1263.88
123.302 -53.2299
1424.87 -1138.69
1080.01 -261.234
-1649.09 -1516.71
-1879.12 1339.31
-225.73 1093.52
-1179.99 -8.74482
1076.97 1332.31
117.596 235.149
1496.57 1298.62
66.7054 1004.84
-1499.86 898.388
1299.73 816.997
-1398.46 745.68
-259.829 -1235.32
9.55599 1863.47
711.452 -565.572
-1275.21 -208.54
1173.19 -924.304
274.745 1294.07
-1584.99 -1950.98
387.585 -764.979
40.2703 -535.449
-1432.67 -1842.13
1699.7 -1936.1
1456.48 -233.594
1068.74 1956.62
-1335.21 368.471
773.617 -733.668
-885.848 -1486.21
31.0134 1123.71
-1622.74 -1257.53
-1441.86 -897.952
533.925 1731.33
177.744 -1191.33
1025.4 592.752
-1142.31 -587.015
1827.77 897.956
877.536 -1604.9
1055.82 577.237
-1541 512.307
-1656.36 1527.74
468.927 -991.563
-103.785 -757.456
274.768 1010.37
-243.667 -1694.22
134.074 133.595
-951.753 692.21
1235.64 1582.17
423.541 -586.613
-1609.16 -551.059
-1993.86 -751.472
861.925 1833.91
-1853.52 -260.538
-1770.99 1202.31
-1683.3 -1311.98
-285.387 -1339.66
-1784.24 -1816.46
-331.222 111.977
-573.915 1943.55
-877.657 1182.42
-1750.67 1256.42
-683.987 -702.425
-51.3725 -1448.34
-1120.25 -1627.83
-34.9567 -729.411
-178.891 -28.8176
519.117 -1316.97
-194.906 665.601
422.496 34.1086
-132.093 739.194
722.127 1582.52
1399.54 937.889
1766.06 -931.687
-950.135 -807.854
-988.141 172.209
-1625.44 -738.813
-571.374 -309.424
558.762 1377.25
242.232 1438.51
1749.42 -1792.72
-1290.9 -429.469
178.458 1228.21
253.565 1983.55
-106.184 -1323.94
17.661 1761.72
1415.25 -1260.21
1344.24 814.79
1677.68 1110.3
1883.1 -1272.46
-1697.55 -1105.04
899.751 -1322.99
156.149 -1671.62
367.589 -1285.09
1705.63 -1390.18
-1846.58 1455.05
-1182.9 -1137.48
-974.417 995.555
-1909.27 1279.15
979.107 -15.4532
1955.21 -1003.23
-253.73 1370.46
-263.444 -909.487
185.253 -585.768
-1799.18 68.3563
141.774 -1496.73
963.318 -958.475
-819.722 -880.533
-630.098 1547.87
-165.622 -924.467
-1842.31 -12.2033
-1469.41 -1025.21
850.313 -443.831
1970.34 941.044
-1164.68 949.449
-1074.41 -1209.47
1946.22 671.861
-1839.01 -317.227
1762.37 346.242
1097.01 1963.19
-1585.4 -761.22
-1533.54 1377.92
280.305 -353.266
-1502.62 1650.21
-805.399 331.762
-1274.26 -647.71
-1680.44 -743.675
327.076 1169.87
812.493 297.417
110.916 1647.81
-753.134 1036.51
-1561.66 -806.917
-291.633 -1400.68
875.856 -529.26
