27 146 354
78 312 415
109 129 351
116 292 413
82 385 472
69 307 315
122 166 478
315 440 474
143 214 474
97 144 361
67 224 451
146 227 232
40 268 469
158 170 234
0 163 293
202 216 298
323 327 348
262 295 326
19 212 229
53 181 468
208 302 379
34 394 415
168 365 450
155 300 368
28 261 388
207 307 341
373 384 479
284 306 440
175 180 425
21 417 436
259 417 436
26 69 307
26 69 147
142 145 461
32 51 83
117 323 348
136 176 471
136 176 179
136 333 387
89 291 333
66 146 354
51 117 323
52 327 456
133 473 484
56 106 156
141 311 334
65 173 245
141 397 428
131 268 366
66 233 386
268 453 469
276 339 418
29 85 295
203 217 480
23 396 438
188 396 438
154 202 483
414 473 484
216 249 326
157 382 473
382 414 473
1 138 356
113 157 382
48 98 116
43 71 118
23 248 438
23 93 248
17 432 460
248 274 303
93 248 274
59 112 190
187 377 392
78 181 468
53 181 258
128 459 498
149 187 215
73 149 199
22 47 255
14 280 353
222 319 329
201 280 353
72 201 211
434 442 482
289 338 454
153 388 442
36 325 467
98 116 292
219 345 499
153 236 442
28 388 442
36 467 485
45 79 452
273 385 407
10 273 385
45 110 407
246 345 491
254 289 338
88 105 495
289 454 472
99 454 472
57 64 275
60 66 354
109 129 231
109 231 444
57 66 351
57 129 351
60 66 351
132 176 471
0 44 136
136 179 333
67 214 224
0 136 163
0 293 451
143 214 419
84 224 451
24 67 451
24 44 186
315 359 455
69 284 440
69 147 425
69 284 425
147 175 425
45 407 452
110 207 407
45 79 487
70 288 371
108 343 481
309 378 403
46 309 372
87 260 308
46 309 403
143 349 408
306 321 410
69 315 440
13 214 474
144 361 409
46 185 372
185 350 372
127 142 285
54 260 464
142 145 285
125 127 142
74 127 375
87 189 308
37 121 125
125 142 449
145 361 461
20 97 344
1 138 344
138 344 356
327 348 456
52 327 356
253 323 445
139 194 427
117 140 348
227 232 291
84 114 224
214 224 419
114 205 419
114 224 419
143 372 419
84 293 451
83 117 291
51 83 117
291 333 387
117 291 387
27 89 179
89 179 333
89 227 291
66 146 386
51 323 445
233 257 272
165 233 493
66 233 493
210 257 272
210 257 446
139 194 496
7 194 496
2 7 210
2 253 406
130 182 301
8 177 299
124 177 182
177 182 301
170 414 484
124 170 414
177 192 301
65 364 435
130 210 446
270 305 364
141 311 493
141 397 492
141 428 493
141 290 492
141 290 334
334 400 423
40 131 268
49 65 435
131 290 366
263 347 453
263 268 453
131 477 486
8 106 486
40 131 486
56 156 476
56 106 486
8 106 177
156 441 443
120 369 480
276 277 339
314 339 443
314 339 418
314 443 469
25 430 497
328 453 469
328 347 453
310 480 497
120 310 480
217 369 480
39 347 460
17 303 432
25 248 438
188 287 438
287 398 483
29 191 295
191 295 326
191 249 326
355 363 402
216 298 326
262 295 362
202 216 249
277 376 441
154 197 202
133 363 473
133 197 363
193 302 332
193 208 302
157 302 332
332 355 363
193 332 355
356 382 406
52 344 356
113 121 379
104 193 475
18 208 379
104 426 475
18 208 447
252 346 447
167 242 448
18 252 447
103 209 241
47 90 209
313 413 465
159 251 255
47 90 255
33 148 405
9 90 148
209 241 389
9 90 209
167 237 405
4 58 215
33 237 405
43 71 237
71 242 416
71 221 416
85 295 297
295 297 367
85 281 297
58 96 462
111 204 352
218 240 281
23 111 462
17 274 303
111 115 198
111 352 462
111 196 198
23 93 196
23 111 196
96 240 462
38 190 352
38 50 466
111 115 204
126 204 352
190 352 462
187 370 488
96 240 367
23 240 462
43 58 215
96 118 367
4 187 215
81 317 320
38 112 190
50 294 466
164 294 395
286 360 437
16 42 360
294 395 420
16 395 420
258 294 420
53 258 420
53 391 420
78 201 312
152 174 468
42 247 498
247 459 498
78 152 174
78 152 468
92 335 337
92 226 337
72 92 243
78 201 335
72 201 243
31 72 211
187 377 488
206 226 377
226 377 392
73 199 266
222 266 319
80 266 319
155 159 255
80 155 368
159 251 300
155 159 300
300 324 368
3 14 55
201 280 312
95 450 470
168 195 318
380 412 470
256 380 412
34 239 394
34 134 239
256 318 358
238 256 380
63 256 358
225 358 482
135 358 482
261 279 458
261 279 331
225 434 482
91 267 434
236 434 442
91 225 434
61 91 318
41 61 365
48 116 465
265 292 325
116 413 465
22 313 465
47 100 209
76 304 389
75 189 422
178 229 278
223 230 424
76 374 424
223 374 424
6 230 393
19 172 212
19 108 172
19 223 374
19 102 223
153 261 388
153 261 485
6 325 467
265 292 342
153 265 325
153 236 265
261 458 485
345 491 499
68 219 250
70 108 343
68 123 481
108 123 481
70 86 108
70 343 371
94 390 401
94 183 401
271 296 431
11 183 296
273 340 431
273 407 431
166 478 489
10 82 385
10 122 273
10 122 478
357 478 489
219 345 489
82 220 235
82 289 472
10 82 235
338 421 454
77 439 494
5 254 289
5 289 330
5 30 383
101 279 331
219 279 458
28 261 331
254 338 494
161 338 494
5 30 439
5 330 383
30 101 383
77 119 494
77 88 439
119 161 494
77 88 105
77 105 119
119 161 394
239 394 490
105 490 495
40 469 476
421 454 457
156 443 476
49 435 486
49 433 486
433 477 486
430 480 497
203 430 480
45 417 487
306 410 440
349 408 410
264 405 448
101 383 491
381 385 394
288 371 487
271 371 487
276 369 418
315 359 474
355 362 475
60 354 471
109 351 444
205 350 419
350 372 419
143 349 474
349 440 474
52 344 456
20 344 449
265 342 434
335 337 459
290 334 366
334 366 400
332 363 473
157 332 473
28 331 429
330 383 491
220 330 357
329 353 399
327 356 406
253 327 406
298 326 402
262 326 402
324 450 470
175 321 436
21 321 436
168 318 365
61 318 365
128 317 370
145 316 361
316 350 361
314 369 418
314 328 411
312 322 470
312 415 470
407 431 487
39 310 347
310 328 347
310 328 411
246 330 491
260 308 464
307 455 479
307 341 479
307 315 455
305 397 428
300 365 450
186 359 474
294 347 460
246 330 357
98 292 336
180 321 425
284 321 425
284 306 321
282 283 348
140 283 348
282 348 456
219 279 499
277 339 443
277 441 443
154 276 483
300 324 450
272 386 496
279 491 499
11 271 343
165 270 493
130 270 301
192 270 301
99 269 472
269 381 404
269 381 385
236 265 434
263 366 400
151 263 334
263 334 423
262 355 402
262 355 362
256 463 495
253 323 327
188 249 287
246 345 489
241 252 346
23 240 396
218 240 396
240 281 297
240 297 367
167 237 242
10 235 478
271 343 371
394 404 457
230 292 413
230 413 424
230 292 325
228 244 427
146 228 427
225 318 358
221 295 475
221 426 475
62 221 346
220 357 478
219 458 485
68 219 481
271 431 487
84 163 283
34 134 495
84 163 293
381 394 404
54 87 260
4 81 187
81 187 370
178 212 229
106 124 170
6 230 325
1 125 449
63 169 358
18 252 422
76 304 413
76 278 374
103 221 416
64 275 341
74 189 375
9 148 405
74 75 189
117 140 387
263 268 366
73 90 255
25 248 303
73 90 148
178 278 308
12 173 305
71 221 295
178 308 464
140 163 283
252 389 422
79 407 452
28 169 429
167 405 448
208 346 447
44 373 471
1 37 356
133 158 441
19 162 250
153 325 485
213 288 410
34 256 463
63 88 169
94 183 431
72 226 392
33 43 148
16 164 395
62 193 208
359 455 479
137 206 377
200 288 410
60 160 471
164 294 360
78 174 247
4 58 59
129 231 444
18 74 75
62 221 426
78 247 459
120 314 369
54 145 285
54 145 316
53 174 468
338 421 457
2 7 445
61 91 267
137 377 488
55 319 329
220 235 478
107 166 489
48 171 465
44 136 471
44 373 384
4 59 112
58 59 190
217 276 369
43 73 148
43 58 96
82 289 330
43 96 118
42 391 420
94 166 431
42 174 247
68 123 250
41 171 251
60 351 444
139 146 427
70 86 288
246 357 489
94 166 390
188 191 396
21 213 410
98 336 434
17 115 274
113 121 382
16 164 360
4 112 320
76 413 424
41 251 300
157 302 379
14 55 80
6 102 393
65 245 305
132 176 179
188 191 249
60 160 444
12 397 492
133 154 376
54 403 464
15 343 481
217 276 483
160 373 471
127 285 375
136 140 163
14 353 399
9 264 405
88 331 429
31 72 392
183 296 431
134 239 490
2 253 445
2 182 406
22 251 465
203 398 483
71 237 242
15 183 401
149 187 392
50 126 204
25 39 310
46 54 403
62 104 426
193 355 475
5 439 494
25 287 438
82 220 330
175 180 321
62 208 346
78 335 459
112 286 437
32 51 445
3 55 329
17 294 460
2 130 182
233 272 386
4 81 320
161 394 457
28 35 482
269 404 457
238 380 470
270 428 493
14 324 470
34 238 415
74 125 127
35 169 482
110 175 259
172 212 464
16 42 420
113 157 379
41 300 365
13 24 474
143 309 372
97 144 282
14 280 312
21 213 288
12 173 492
314 328 469
105 394 490
189 278 308
74 125 379
38 50 352
200 378 403
103 241 346
9 103 264
42 174 391
65 305 364
108 172 403
205 350 409
18 75 422
55 80 319
28 35 169
124 182 382
14 312 322
50 126 352
29 85 191
131 290 492
64 207 341
8 299 435
173 245 305
0 24 451
359 384 479
32 184 445
42 128 317
79 407 487
14 322 470
73 155 255
53 174 391
25 39 432
72 92 226
31 211 329
12 305 397
73 149 215
5 254 494
6 102 250
131 477 492
58 190 462
39 432 460
14 324 368
1 344 449
270 305 428
92 201 243
120 310 314
73 80 266
185 316 350
56 476 486
44 359 384
286 294 466
93 196 274
18 74 379
95 195 412
8 435 486
54 285 375
106 124 177
54 87 375
34 238 256
19 102 250
81 317 370
38 286 466
19 229 278
177 192 435
19 278 374
49 65 173
41 171 267
26 147 175
115 198 274
31 222 329
132 354 471
134 490 495
20 361 461
49 173 433
21 288 487
21 417 487
30 101 331
22 251 255
128 370 488
165 233 257
3 14 399
24 67 214
139 146 386
36 325 485
110 259 417
350 361 409
443 469 476
25 310 497
42 128 498
11 271 296
31 150 222
20 142 449
30 331 439
54 185 316
20 97 361
33 43 237
97 344 456
124 382 414
37 356 382
137 226 337
37 121 382
38 112 286
85 218 281
241 252 389
103 242 448
85 191 396
44 186 359
32 232 291
166 340 431
86 200 288
84 114 282
14 80 368
310 314 411
88 169 429
27 89 146
89 146 227
42 317 360
149 199 392
1 37 125
150 199 392
92 201 335
86 108 403
73 80 155
32 228 232
130 165 446
173 433 477
317 360 437
47 100 313
95 412 470
184 244 427
97 282 456
98 171 267
98 267 434
40 476 486
63 256 495
99 454 457
100 313 413
336 342 434
13 24 214
107 390 401
192 364 435
102 223 230
102 230 393
103 221 346
103 242 416
189 389 422
0 24 44
103 264 448
121 125 379
105 119 394
106 170 234
106 156 441
106 234 441
107 166 390
84 282 283
107 219 481
161 338 457
15 107 401
19 108 162
108 123 162
99 269 457
133 154 197
110 207 307
26 110 307
45 110 417
48 98 171
112 317 437
112 317 320
85 218 396
34 463 495
238 415 470
114 144 282
114 144 409
114 205 409
139 386 496
263 400 423
160 444 479
115 204 294
24 186 474
21 321 410
101 279 491
71 118 295
172 403 464
118 295 367
202 287 483
128 137 488
203 287 430
123 162 250
25 287 430
3 329 399
32 83 291
57 129 275
41 61 267
219 467 485
130 165 270
107 219 489
132 179 354
269 385 472
133 170 484
133 158 170
209 304 389
6 250 467
136 140 387
137 206 226
137 337 459
184 194 427
143 309 408
129 341 444
63 88 495
31 150 392
171 251 465
15 183 343
146 228 232
168 195 450
295 362 475
203 287 398
28 442 482
150 222 266
150 199 266
100 304 413
178 212 464
151 311 334
88 331 439
154 277 376
154 276 277
20 142 461
202 249 287
286 294 360
349 410 440
158 234 441
43 73 215
165 257 446
129 275 341
122 166 273
166 273 340
135 169 358
203 217 483
7 210 496
135 169 482
9 103 209
91 225 318
173 477 492
175 259 436
177 299 435
25 303 432
27 179 354
182 382 406
11 183 343
2 130 210
32 184 228
184 228 244
87 189 375
189 278 389
17 115 294
192 270 364
76 278 389
62 104 193
184 194 445
195 256 412
195 256 318
95 195 450
15 107 481
7 194 445
196 198 274
292 336 342
26 110 175
200 309 408
200 309 378
160 373 479
86 200 403
200 408 410
201 329 353
201 211 329
202 363 402
197 202 363
22 47 313
46 54 185
202 298 402
50 204 294
100 209 304
128 137 459
133 376 441
210 272 496
341 444 479
219 250 467
