186 373 384
18 75 379
211 222 329
78 312 415
54 260 285
109 129 351
116 292 413
25 39 497
146 227 232
133 197 376
158 170 234
323 327 348
19 212 229
314 411 469
218 281 396
81 128 317
208 302 379
171 251 365
168 365 450
223 230 393
28 261 388
26 110 207
312 322 415
160 341 444
373 471 479
373 384 479
26 207 307
284 306 440
21 417 436
259 417 436
21 213 321
306 349 440
205 372 419
200 349 410
86 378 403
229 278 374
46 185 316
309 372 408
54 285 316
32 51 83
140 282 283
160 471 479
27 176 354
233 257 446
66 146 354
52 327 456
194 244 427
130 210 406
130 182 406
141 311 334
433 477 492
29 85 295
39 310 411
23 396 438
154 197 376
188 396 438
154 202 483
414 473 484
133 158 376
382 414 473
74 121 127
189 278 422
90 155 255
43 71 118
23 248 438
23 93 248
58 96 118
59 112 190
17 115 198
16 391 420
78 181 468
78 174 335
174 247 335
80 319 329
55 80 329
22 47 255
201 280 353
324 365 450
236 336 434
14 322 324
35 135 169
107 481 489
6 230 292
98 116 292
22 255 465
241 389 422
30 101 439
265 336 342
28 388 442
102 162 250
45 79 452
273 385 407
10 273 385
45 110 407
246 345 491
88 105 495
34 134 463
289 454 472
122 273 340
57 64 275
64 207 275
109 129 231
109 231 444
57 66 351
57 129 351
160 444 471
60 66 351
44 136 373
27 176 179
60 444 471
132 176 354
132 176 471
0 44 451
0 44 136
0 293 451
44 186 373
84 224 451
24 44 451
13 67 214
13 24 67
24 67 451
13 24 186
24 44 186
186 359 384
160 341 479
69 147 425
21 175 436
45 407 452
110 207 407
271 288 487
45 79 487
271 288 371
21 213 417
21 175 180
70 288 371
21 180 321
86 172 403
86 200 378
143 349 408
213 321 410
306 321 410
306 349 410
13 186 474
144 361 409
145 350 361
205 350 372
185 285 316
46 54 316
178 229 464
127 142 285
54 260 464
142 145 285
125 127 142
74 127 375
75 87 375
74 75 379
74 121 379
74 75 375
37 121 125
1 20 344
1 37 121
1 20 449
20 97 461
20 449 461
20 97 344
1 138 344
52 97 344
327 348 456
117 140 348
227 232 291
140 282 348
84 114 224
163 282 283
114 224 419
84 293 451
83 117 291
117 291 387
89 179 333
66 146 386
32 51 184
7 210 272
51 184 445
32 184 244
233 257 272
7 184 445
146 386 427
210 257 272
7 272 496
139 194 496
7 194 496
270 364 435
2 210 406
2 253 406
192 270 435
130 182 301
158 170 484
124 170 177
65 364 435
165 305 493
165 270 305
141 311 493
305 428 493
65 173 433
40 156 476
173 433 492
12 173 397
141 290 492
311 334 423
141 290 334
366 400 423
40 131 268
290 366 400
290 477 492
131 290 477
131 290 366
263 347 453
263 268 453
49 433 477
49 477 486
49 65 433
192 299 435
177 192 299
156 443 469
120 369 480
314 339 443
314 443 469
328 411 469
328 453 469
328 347 453
17 294 347
120 276 418
120 276 369
17 347 460
25 248 438
188 287 438
203 480 497
287 398 483
188 287 483
188 249 396
29 191 295
262 298 326
355 363 402
216 298 326
262 295 362
262 298 402
154 276 376
277 339 441
154 197 202
193 302 332
193 208 302
193 332 355
356 382 406
1 113 121
121 125 127
113 121 379
62 104 208
18 208 379
104 426 475
252 346 447
167 242 448
62 346 447
47 90 209
313 413 465
76 374 389
47 90 255
9 90 148
209 241 389
9 90 209
167 237 405
167 264 405
43 149 215
33 237 405
43 71 237
167 264 448
85 295 297
295 297 367
281 297 367
23 218 240
23 218 396
93 198 274
93 196 198
17 198 274
38 126 352
23 93 196
111 115 204
17 126 204
17 115 204
17 50 294
17 50 126
38 50 126
190 352 462
187 370 488
4 81 370
96 240 367
43 58 215
96 118 367
43 58 118
42 247 391
317 320 437
42 317 498
4 187 370
81 128 370
81 317 320
112 320 437
164 294 395
164 360 395
16 360 395
164 286 360
16 42 391
16 42 360
294 395 420
16 395 420
258 294 420
53 258 420
53 391 420
247 337 459
78 201 312
92 243 335
152 174 468
42 247 498
128 317 498
247 459 498
247 335 337
78 152 174
78 152 468
92 335 337
92 226 337
3 55 399
211 329 399
206 226 377
226 377 392
199 222 266
73 155 266
159 251 300
300 324 368
322 324 450
3 14 55
55 329 399
201 353 399
201 280 312
322 415 470
95 168 450
195 318 412
168 195 318
61 168 318
256 318 412
119 394 490
34 134 239
256 318 358
63 256 358
135 358 482
63 135 169
225 434 482
35 135 482
91 267 434
91 225 434
63 135 358
61 91 318
41 48 171
41 171 365
41 61 91
48 171 251
116 413 465
22 47 100
48 255 465
47 100 209
76 304 389
223 230 424
292 413 424
76 374 424
230 292 424
223 374 424
6 230 393
19 172 212
19 108 172
172 212 403
153 261 388
265 292 342
236 265 336
261 458 485
101 491 499
68 162 250
101 246 491
345 491 499
219 250 458
68 219 250
68 123 162
68 123 481
108 123 481
86 108 172
70 343 371
11 15 343
15 390 401
15 107 390
107 390 489
10 122 273
10 122 478
82 220 235
82 289 472
338 421 454
77 439 494
105 134 239
5 30 383
101 279 331
219 279 458
101 331 439
28 261 331
5 30 439
30 101 383
105 239 490
239 394 490
381 385 404
385 394 404
269 421 457
345 489 499
219 489 499
271 431 452
407 431 452
175 425 436
120 411 480
314 411 418
120 411 418
372 408 419
143 408 419
397 428 493
377 392 488
374 389 422
157 363 382
109 351 444
143 349 474
349 440 474
122 340 478
166 340 478
340 407 431
157 332 379
261 331 458
28 331 429
220 330 357
323 356 406
253 323 406
225 318 482
277 314 376
314 376 418
309 350 372
260 308 464
328 347 460
305 397 428
303 432 460
197 298 363
246 330 357
98 292 336
290 400 423
5 289 383
289 330 383
286 317 437
42 286 317
164 286 294
87 285 375
260 285 308
87 285 308
180 284 321
284 306 321
144 282 456
282 348 456
280 353 399
219 279 499
154 276 483
276 369 483
79 452 487
17 274 460
272 386 496
11 271 343
130 270 301
192 270 301
99 269 472
269 381 404
269 381 385
302 332 379
48 267 465
98 267 465
151 263 311
263 311 423
153 261 325
147 259 425
53 258 468
251 324 365
250 458 485
249 281 297
174 247 468
181 258 468
245 270 305
245 270 364
72 243 399
201 243 399
241 264 448
241 252 346
239 394 415
238 256 495
238 463 495
238 380 412
167 237 242
236 434 482
153 236 388
236 388 442
236 265 325
153 236 325
271 343 371
394 404 457
146 232 427
328 411 460
229 403 464
212 229 403
228 244 427
228 232 291
83 228 291
227 333 387
146 227 354
89 227 333
92 226 243
223 250 393
221 295 475
221 426 475
62 221 346
71 221 242
228 232 427
220 357 478
266 319 329
68 219 481
131 263 268
111 196 352
80 155 159
277 314 339
251 300 324
84 114 409
279 331 458
32 83 244
1 125 449
168 195 412
102 223 374
76 304 413
103 221 416
18 75 447
75 87 178
78 243 335
51 253 323
117 140 387
150 187 215
6 265 292
25 248 303
73 90 148
72 211 399
178 308 464
193 208 362
70 343 481
140 163 283
66 132 471
70 288 410
249 281 396
60 66 471
69 341 479
28 169 429
219 481 489
25 203 430
66 132 354
65 299 435
421 454 472
144 282 293
73 90 155
213 288 410
63 88 169
75 252 447
33 43 148
359 455 479
137 206 377
170 177 299
111 126 204
218 240 367
31 211 222
58 96 240
70 200 410
36 261 325
4 58 59
129 231 444
156 476 486
18 62 447
75 178 189
62 221 426
338 421 457
52 97 144
52 138 356
77 119 490
51 83 348
51 323 348
137 377 488
49 56 486
48 159 251
220 235 478
48 155 255
46 309 378
45 288 417
18 62 208
4 59 112
52 323 327
189 241 422
58 59 190
51 253 445
43 73 148
82 289 330
390 478 489
94 166 431
124 414 484
77 119 161
183 390 401
41 91 267
70 108 481
41 48 267
40 131 477
60 351 444
39 310 480
39 480 497
274 303 460
203 217 369
94 166 390
38 294 466
98 336 434
8 65 299
72 243 392
76 413 424
290 334 423
14 55 80
284 315 440
233 446 493
12 245 364
54 403 464
83 228 244
102 223 250
15 343 481
207 275 307
10 385 472
127 285 375
9 264 405
10 82 472
194 386 427
88 331 429
71 118 221
69 307 341
58 187 215
12 245 305
318 358 482
81 112 320
310 411 480
58 190 240
8 106 170
2 253 445
15 183 296
19 102 108
6 36 467
95 168 412
190 240 462
203 398 483
71 237 242
1 113 138
5 254 454
15 183 401
46 54 403
62 104 426
72 211 392
5 439 494
25 287 438
217 369 483
41 61 168
82 220 330
112 286 437
100 313 465
48 155 159
40 156 268
233 272 386
28 35 482
99 269 421
269 404 457
238 380 470
13 143 214
34 238 415
101 279 499
131 366 423
191 202 326
276 376 418
113 157 379
14 280 312
13 143 474
298 363 402
238 256 412
77 105 490
0 136 387
7 194 244
46 378 403
12 173 364
0 163 282
69 315 479
103 241 346
43 149 266
14 280 399
34 238 463
189 229 278
205 350 409
53 247 391
0 163 387
254 338 454
28 35 169
14 312 322
8 65 106
11 15 296
145 185 285
197 202 216
26 110 259
178 189 229
29 85 191
9 241 264
141 173 397
133 197 473
113 138 356
359 384 479
188 202 249
188 202 483
5 289 454
111 126 352
25 39 432
12 305 397
149 150 215
5 254 494
363 382 473
39 432 460
7 184 244
14 324 368
43 73 266
176 373 471
83 117 348
286 294 466
186 440 474
203 369 480
39 411 460
10 82 478
4 58 187
65 173 364
271 452 487
214 224 451
52 138 344
38 286 466
145 185 350
128 137 498
221 242 416
124 182 301
165 446 493
158 473 484
4 81 112
213 288 417
259 425 436
128 370 488
3 14 399
26 147 259
110 259 417
350 361 409
25 203 497
97 144 461
119 394 457
69 315 425
49 65 106
6 265 325
141 173 492
11 271 296
31 150 222
77 161 494
45 288 487
36 250 467
33 43 237
99 421 472
137 206 498
103 241 448
36 250 485
75 189 252
185 309 350
66 386 493
38 112 286
84 144 409
103 242 448
166 340 431
49 56 106
14 80 368
95 380 470
87 178 308
88 169 429
222 266 329
149 199 222
202 216 326
102 108 123
142 361 461
1 37 125
197 363 473
139 194 386
93 248 303
93 274 303
27 227 354
150 187 392
315 455 479
130 165 446
94 183 271
95 380 412
166 390 478
98 267 434
56 106 441
98 116 465
104 362 475
40 476 486
63 256 495
40 477 486
157 332 355
278 374 422
100 313 413
22 100 465
101 330 383
101 246 330
176 179 333
102 123 162
19 102 229
42 286 360
103 221 346
103 242 416
124 182 414
175 284 425
88 105 439
105 463 495
105 134 463
106 170 234
106 234 441
205 409 419
38 50 294
161 338 457
345 478 489
70 108 200
9 209 241
86 108 200
189 241 252
45 110 417
141 397 493
112 190 352
9 33 148
38 112 352
238 415 470
196 352 462
53 247 468
94 271 431
144 361 461
139 386 496
111 115 196
115 196 198
236 442 482
26 147 307
118 221 295
118 295 367
34 239 415
119 161 457
227 291 387
128 137 488
186 315 440
52 144 456
84 144 293
203 287 430
226 243 392
284 315 425
124 192 301
218 281 367
25 287 430
124 170 484
125 142 461
125 449 461
57 129 275
273 340 407
130 165 270
113 157 356
197 216 298
275 307 341
130 210 257
175 180 284
130 257 446
131 263 423
206 226 337
2 210 445
6 36 325
269 385 472
209 304 389
41 168 365
6 250 467
200 349 408
80 159 368
140 163 387
0 282 293
142 145 361
143 214 224
143 224 419
193 355 402
129 341 444
63 88 495
102 229 374
31 150 392
8 170 299
69 147 307
114 409 419
295 362 475
203 287 398
149 150 222
28 442 482
149 199 266
246 357 478
100 304 413
36 261 485
88 331 439
182 382 414
85 191 297
246 345 478
6 250 393
155 266 319
80 155 319
156 339 443
156 339 441
158 277 441
156 268 453
156 453 469
56 156 486
157 355 363
157 356 382
95 322 470
158 277 376
158 234 441
133 158 473
159 300 368
191 249 297
161 254 338
206 337 459
161 254 494
124 177 192
129 275 341
203 217 483
91 225 318
52 323 356
136 176 373
176 333 387
183 271 296
136 176 387
27 179 227
191 262 326
89 179 227
25 303 432
182 382 406
94 183 390
46 185 309
186 359 455
191 202 249
191 262 295
193 262 402
193 262 362
187 392 488
186 315 455
95 322 450
15 107 481
196 240 462
23 196 240
292 336 342
56 156 441
9 33 405
200 309 408
200 309 378
206 459 498
104 208 362
78 201 243
100 209 304
7 210 445
31 211 392
67 214 451
233 386 493
82 235 478
77 105 439
