186 373 384
339 441 443
18 75 379
116 292 413
144 205 409
158 170 234
0 163 293
323 327 348
19 212 229
314 411 469
34 394 415
223 230 393
147 175 436
28 261 388
26 110 207
359 384 455
373 384 479
26 207 307
284 306 440
271 296 371
175 180 425
21 417 436
259 417 436
94 183 296
114 144 205
26 69 307
26 69 147
143 372 408
309 372 408
32 51 83
117 323 348
84 114 144
140 282 283
136 176 471
51 117 323
52 327 456
133 473 484
382 406 414
141 311 334
131 268 366
433 477 492
268 453 469
29 85 295
154 276 369
39 310 411
188 396 438
103 346 416
157 382 473
113 356 382
1 138 356
113 157 382
189 278 422
90 155 255
221 362 426
362 426 475
71 118 367
221 295 367
23 93 248
58 96 118
59 112 190
187 377 392
3 14 353
53 391 468
16 391 420
78 181 468
128 459 498
31 187 392
33 73 148
22 47 255
238 415 463
14 280 353
201 280 353
72 201 211
236 336 434
289 338 454
153 388 442
107 481 489
238 256 463
267 336 434
6 230 292
22 255 465
304 413 424
219 345 499
30 101 439
153 236 442
265 336 342
28 388 442
250 393 467
102 162 250
200 213 410
45 79 452
273 385 407
220 246 330
220 289 330
122 273 340
57 64 275
109 129 231
109 231 444
57 66 351
160 444 471
60 66 351
60 444 471
132 176 354
136 373 471
132 176 471
67 214 224
0 136 163
0 293 451
143 214 419
44 186 373
24 67 451
13 24 186
24 44 186
186 359 384
384 455 479
69 147 425
147 175 425
147 259 436
45 407 452
271 288 487
271 288 371
213 288 487
70 288 371
309 378 403
87 260 308
309 378 408
46 309 403
143 349 408
213 321 410
306 321 410
69 315 440
13 186 474
144 361 409
185 350 372
178 260 308
278 389 422
127 142 285
54 260 464
142 145 285
125 127 142
74 75 379
74 121 379
1 37 449
37 121 125
145 361 461
20 449 461
20 97 344
52 97 344
138 344 356
253 323 445
117 140 348
227 232 291
52 97 456
140 282 348
84 114 224
114 205 419
143 372 419
84 293 451
84 144 282
32 228 244
83 117 291
51 83 117
117 291 387
27 89 179
27 146 227
89 179 333
27 89 227
7 210 272
228 232 244
51 323 445
32 184 244
184 194 244
146 386 427
165 233 493
210 257 272
210 257 446
7 272 496
2 7 253
139 194 496
7 194 496
7 253 445
2 7 210
158 170 484
170 414 484
124 170 414
177 192 301
65 364 435
245 305 364
165 305 493
130 210 446
270 305 364
165 270 446
165 270 305
141 311 493
305 428 493
245 305 428
12 173 245
173 433 492
141 428 493
151 311 423
290 366 400
290 477 492
151 263 423
263 347 453
263 268 453
131 477 486
40 131 486
56 156 476
49 433 477
49 477 486
192 299 435
8 106 177
234 376 441
156 443 469
156 441 443
120 369 480
133 158 484
314 443 469
328 411 469
39 328 411
17 294 347
120 310 411
310 480 497
120 310 480
39 310 497
17 347 460
25 432 460
25 248 438
188 287 438
287 398 430
203 398 430
203 217 398
287 398 483
217 398 483
188 249 396
191 249 396
355 363 402
262 295 362
262 298 402
277 376 441
277 339 441
154 197 202
193 355 362
332 355 363
193 332 355
356 382 406
52 344 356
121 125 127
113 121 379
62 104 208
221 295 362
18 208 447
252 346 447
241 252 422
167 242 448
103 209 241
100 304 313
313 413 465
159 251 255
47 90 255
9 90 148
71 167 242
9 209 264
167 237 405
167 264 405
71 167 237
43 149 215
4 58 215
43 71 237
62 221 416
103 209 264
167 264 448
62 346 416
85 295 297
295 297 367
85 281 297
281 297 367
93 198 274
17 198 274
17 274 303
38 126 352
23 93 196
38 50 466
111 115 204
17 126 204
17 115 204
17 50 294
17 50 126
38 50 126
190 352 462
4 81 370
96 240 367
23 240 462
96 118 367
4 187 215
317 320 437
128 137 206
4 59 81
81 317 320
112 320 437
50 294 466
164 294 395
164 360 395
16 360 395
16 42 391
16 42 360
294 395 420
16 395 420
258 294 420
53 258 420
53 391 420
78 201 312
152 174 468
247 459 498
247 335 337
78 152 174
78 152 468
92 335 337
92 226 337
78 201 335
72 201 243
3 55 399
31 150 211
31 72 211
187 377 488
206 226 377
226 377 392
149 150 199
222 266 319
150 211 222
300 324 365
55 324 368
55 80 368
80 266 319
155 159 255
80 155 368
159 251 300
300 324 368
95 195 470
55 329 399
3 353 399
14 280 322
201 280 312
280 312 322
95 168 450
95 450 470
195 412 470
380 415 470
380 412 470
238 380 415
34 415 463
119 394 490
34 239 394
34 134 239
261 279 458
261 279 331
225 434 482
35 135 482
91 267 434
48 91 267
91 225 434
63 135 358
41 48 171
41 61 365
91 225 358
98 267 336
265 292 325
76 304 424
6 292 325
116 413 465
22 47 100
48 255 465
22 313 465
22 100 313
47 100 209
76 304 389
304 313 413
223 230 424
76 374 424
223 374 424
19 172 212
19 108 172
153 261 388
6 325 467
36 153 485
265 292 342
236 265 336
345 491 499
107 343 481
68 123 481
108 123 481
86 108 172
271 296 431
122 166 340
10 122 273
219 345 489
82 289 472
10 82 235
5 254 289
105 134 239
5 30 383
28 261 331
161 338 494
30 101 383
269 421 454
105 239 490
119 161 394
239 394 490
381 385 404
385 394 404
99 269 454
161 421 457
99 385 472
381 404 457
269 421 457
99 269 385
40 469 476
25 460 497
271 431 452
407 431 452
397 428 492
141 428 492
284 425 440
69 425 440
39 460 497
314 411 418
120 411 418
306 410 440
349 408 410
390 401 489
290 400 492
247 391 498
382 473 484
382 414 484
217 369 497
369 480 497
276 369 418
221 367 416
97 361 456
144 361 456
66 354 386
109 351 444
205 350 419
350 372 419
143 349 474
349 440 474
347 453 469
20 344 449
340 407 431
332 363 473
157 332 473
157 332 379
28 331 429
329 353 399
39 328 460
21 321 436
306 321 425
168 318 365
61 318 365
128 317 488
145 316 361
312 322 470
311 334 400
141 334 492
328 347 460
17 303 460
303 432 460
197 298 363
296 340 431
94 296 340
289 338 494
5 289 383
289 330 383
286 317 437
42 286 317
87 285 375
180 321 425
144 282 456
282 327 348
328 347 469
101 279 439
79 452 487
276 418 443
276 339 443
273 385 472
269 381 385
302 332 379
48 267 465
98 267 465
263 268 400
262 355 402
262 355 362
53 258 468
269 381 457
257 272 496
233 257 386
139 257 386
256 463 495
253 323 327
279 331 439
174 247 468
247 391 468
246 345 489
181 258 468
245 397 428
71 242 367
242 367 416
241 252 346
238 380 412
236 434 482
236 265 325
153 236 325
235 357 478
10 235 478
220 235 289
220 235 246
235 246 357
394 404 457
6 230 467
230 292 413
230 413 424
178 229 260
228 232 291
227 333 387
89 227 333
227 232 244
146 227 244
226 247 459
92 226 243
223 250 393
219 491 499
101 219 491
28 429 442
68 219 481
84 163 283
34 134 495
84 163 293
54 87 260
111 196 352
78 415 470
107 401 489
120 369 418
106 124 170
102 223 374
21 321 487
14 324 450
76 278 374
74 75 189
117 140 387
25 248 303
73 90 148
124 177 301
203 217 497
56 65 106
178 278 308
72 226 243
43 71 215
193 208 362
70 343 481
140 163 283
60 66 471
68 458 485
33 73 405
290 366 477
219 481 489
208 346 447
66 354 471
25 203 430
1 37 356
131 268 469
65 299 435
254 289 494
63 88 169
72 226 392
62 426 475
314 418 443
156 469 476
63 318 358
137 206 377
111 126 204
164 294 360
78 174 247
10 122 166
58 96 240
63 256 318
58 71 215
57 109 351
129 231 444
87 189 278
213 321 487
58 240 462
62 221 426
49 56 65
78 312 470
64 207 307
0 136 373
130 192 446
54 145 285
54 145 316
68 219 458
54 87 285
77 119 490
137 377 488
55 319 329
49 56 486
45 207 407
80 90 155
153 261 458
390 478 489
68 123 250
77 119 161
173 245 364
183 390 401
315 341 479
70 108 481
41 171 251
248 396 438
60 351 444
286 360 466
38 112 437
94 166 390
74 87 375
8 65 299
14 450 470
41 251 300
73 80 90
21 45 79
12 397 492
133 154 376
54 403 464
11 15 107
102 223 250
154 276 339
101 279 458
160 373 471
127 285 375
136 140 163
246 478 489
10 82 472
194 386 427
88 331 429
31 72 392
37 121 356
27 354 386
69 307 341
70 200 213
70 213 288
81 112 320
10 273 472
15 183 296
2 182 406
19 102 108
15 183 401
9 47 209
171 251 255
30 77 494
46 54 403
25 287 438
135 225 358
217 369 483
62 208 346
23 352 462
32 51 445
4 58 190
17 111 196
161 394 457
13 143 214
2 356 406
191 202 326
85 191 218
59 81 112
172 212 464
2 182 210
113 157 379
41 300 365
209 241 422
62 104 475
13 143 474
176 179 354
12 173 492
8 177 192
298 363 402
238 256 412
77 105 490
11 70 343
209 389 422
103 241 346
10 166 478
35 236 482
43 149 266
52 253 327
205 350 409
55 80 319
3 14 324
8 65 106
11 15 296
197 202 216
230 393 467
26 110 259
29 85 191
67 84 224
133 197 473
4 59 190
4 370 488
0 24 451
32 184 445
42 128 317
17 93 196
74 87 189
23 196 352
188 202 249
14 322 470
111 126 352
149 150 215
30 77 439
5 254 494
58 190 462
3 55 324
92 201 243
153 458 485
43 73 266
73 80 266
37 142 449
56 476 486
186 440 474
17 93 198
17 111 115
67 84 451
106 124 177
284 306 425
48 171 255
65 173 364
43 73 405
18 75 189
271 452 487
48 61 91
18 302 379
37 125 142
81 317 370
38 286 466
94 166 340
23 281 367
0 44 373
252 422 447
135 225 482
35 236 442
43 237 405
101 246 345
52 253 356
49 65 173
88 105 134
78 247 335
124 182 301
294 360 466
32 228 291
132 354 471
20 361 461
21 45 417
154 202 369
49 173 433
130 182 192
165 233 257
58 71 118
24 67 214
5 30 494
26 147 259
61 91 358
23 240 367
110 259 417
350 361 409
25 203 497
153 325 467
18 189 447
31 187 215
42 128 498
35 63 169
29 262 295
45 110 207
77 161 494
27 146 386
54 185 316
31 150 215
9 33 264
20 97 361
36 250 467
128 206 226
129 307 341
36 250 485
282 327 456
69 315 341
38 286 437
66 386 493
85 218 281
64 275 307
103 242 448
88 134 495
86 200 408
18 208 302
87 278 308
61 318 358
88 169 429
131 366 477
202 216 326
114 214 224
175 180 436
92 201 335
197 363 473
139 194 386
70 296 371
93 248 303
93 274 303
185 309 372
315 455 479
180 321 436
95 195 318
95 168 318
166 390 478
56 106 441
98 116 465
104 362 475
40 476 486
99 289 454
63 256 495
101 330 383
13 24 214
101 246 330
101 345 491
101 219 458
176 179 333
192 364 435
19 102 229
42 286 360
103 242 416
124 182 414
0 24 44
103 264 448
226 247 337
155 159 368
88 105 439
106 170 234
106 234 441
84 282 283
15 107 401
108 123 162
70 108 200
86 108 200
68 250 485
133 154 197
45 110 417
112 190 352
218 248 396
9 33 148
38 112 352
34 463 495
33 264 405
139 257 496
114 214 419
23 218 248
263 400 423
160 444 479
98 116 336
116 292 342
161 338 454
172 403 464
9 47 90
202 287 483
192 270 446
227 291 387
128 137 488
186 315 440
113 121 356
74 121 375
121 127 375
311 400 423
123 162 250
169 429 442
25 287 430
99 289 472
128 226 459
32 83 291
57 129 275
273 340 407
212 260 464
197 216 298
40 131 469
209 304 389
133 158 234
2 253 356
102 108 162
136 140 387
212 229 260
21 79 487
185 350 361
1 138 449
57 109 129
129 341 444
63 88 495
11 107 343
142 145 449
102 229 374
146 194 427
4 187 488
11 70 296
116 336 342
149 199 266
246 357 478
150 222 266
150 199 266
36 153 467
88 331 439
8 192 299
29 191 262
154 277 376
154 277 339
349 410 440
133 234 376
268 366 400
182 406 414
159 300 368
161 421 454
165 257 446
172 378 403
168 324 365
168 324 450
23 218 281
35 169 442
35 63 135
86 172 378
130 182 210
12 245 397
176 333 387
136 176 387
178 278 374
178 229 374
317 370 488
191 262 326
185 316 361
25 303 432
27 179 354
334 400 492
182 192 301
94 183 390
46 185 309
42 391 498
186 359 455
189 422 447
191 202 249
191 218 396
192 270 364
76 278 389
146 194 244
186 315 455
184 194 445
195 256 412
195 256 318
7 194 445
138 344 449
86 378 408
56 156 441
160 373 479
200 408 410
211 222 319
201 329 353
201 211 329
188 202 287
202 369 483
46 54 185
208 302 332
82 235 289
193 208 332
104 208 362
100 209 304
129 275 307
211 319 329
341 444 479
145 449 461
41 48 61
233 386 493
216 262 326
216 262 298
77 105 439
