71 245 289
1 148 158
17 22 218
54 71 344
17 167 218
111 130 277
28 142 246
94 151 160
17 22 241
23 179 219
37 41 242
70 87 126
16 209 269
11 29 206
55 84 267
198 199 276
71 223 344
98 221 344
228 247 288
106 261 312
138 239 247
31 166 178
16 100 302
235 256 302
136 140 289
46 63 157
81 191 251
154 290 306
33 69 179
149 154 290
103 194 222
69 103 334
33 219 259
46 135 303
145 243 273
96 208 314
29 32 308
153 175 204
102 168 249
7 65 201
1 122 327
7 65 327
1 122 222
148 225 292
132 147 271
35 175 204
109 134 233
35 175 273
6 243 265
175 243 273
6 53 243
12 252 293
34 183 205
133 183 205
14 133 207
30 75 252
120 220 314
47 250 318
124 165 244
36 294 326
97 171 264
4 107 311
105 139 180
107 180 205
107 205 311
73 198 276
73 196 276
0 73 218
121 159 199
22 121 241
159 199 331
54 86 333
190 331 343
61 226 288
61 196 288
68 97 171
9 77 111
55 130 169
55 169 270
73 97 196
50 182 217
55 270 337
106 130 277
28 261 277
106 261 277
142 166 178
142 166 246
28 111 277
77 111 130
125 188 307
42 285 326
9 246 316
100 256 302
31 166 188
140 152 287
131 178 274
13 31 45
88 245 333
140 245 289
64 99 136
131 274 341
86 321 333
266 313 341
321 329 341
48 86 295
313 329 341
54 86 295
48 181 295
216 223 289
71 223 289
54 295 344
221 223 324
221 223 344
10 216 223
104 189 214
90 174 211
25 144 211
25 177 211
144 157 211
177 211 262
167 221 324
40 78 128
58 174 211
90 174 336
78 90 197
56 128 237
281 300 301
40 128 167
67 85 123
281 301 334
43 281 334
85 300 301
115 251 299
67 123 163
58 95 163
81 251 303
58 80 95
123 163 191
115 191 251
301 305 334
85 301 305
70 126 149
149 290 306
117 150 185
23 39 94
135 224 303
135 224 325
213 255 345
185 224 345
101 213 242
41 213 242
101 242 325
101 213 345
21 37 91
46 135 325
37 46 91
46 91 157
21 156 200
99 156 214
104 144 189
21 91 156
156 189 214
156 200 279
41 255 304
41 213 255
7 168 257
3 96 291
3 96 235
141 176 314
120 176 314
57 74 215
120 176 215
74 176 215
117 150 282
2 164 272
232 272 278
2 272 282
117 185 345
227 232 272
39 94 150
94 150 151
39 150 185
59 150 151
23 94 160
33 179 219
23 160 219
26 44 259
33 69 103
103 222 334
19 257 348
65 201 222
7 19 257
7 72 168
26 60 103
151 160 323
59 119 227
59 150 227
102 173 249
119 173 249
92 102 273
35 260 273
102 173 273
92 260 273
7 72 327
72 93 148
60 103 194
194 201 222
148 158 292
89 225 292
1 158 222
89 225 271
89 132 271
153 175 243
195 204 284
133 134 322
162 195 322
109 155 265
134 233 322
162 233 322
6 293 339
53 145 243
293 309 339
57 145 286
220 234 286
12 30 252
109 133 339
109 133 134
14 202 207
79 202 298
27 79 298
27 79 129
8 32 129
8 32 308
29 206 319
133 183 207
34 180 205
11 206 250
8 29 308
11 20 347
8 20 75
27 252 298
12 234 253
20 143 192
20 161 192
280 294 326
5 143 340
285 326 340
16 269 307
42 307 316
42 186 269
42 269 307
42 326 330
186 285 340
42 186 285
230 254 275
280 326 340
170 244 268
170 268 280
110 118 238
127 230 254
182 267 338
36 110 238
127 217 335
118 212 238
182 217 267
97 138 196
15 76 97
15 97 138
50 127 217
50 182 328
50 127 332
62 68 97
310 332 342
127 332 342
68 112 137
146 317 320
172 317 320
4 172 311
4 172 320
137 146 320
205 264 317
50 328 332
101 325 345
257 323 348
62 310 349
310 342 349
293 298 309
159 283 331
283 313 343
275 342 349
112 275 349
88 274 321
274 321 341
83 280 294
55 84 130
5 96 208
83 268 280
83 165 244
119 168 257
63 80 113
172 205 317
15 76 328
74 173 232
0 22 121
74 141 176
73 198 199
0 73 199
252 293 298
110 127 335
1 72 148
72 92 102
51 206 250
9 77 84
69 179 306
69 70 149
69 70 87
68 171 264
116 204 284
67 237 315
66 164 291
3 66 235
41 210 256
63 113 191
208 220 314
84 212 238
63 80 157
11 170 244
62 76 310
62 76 97
105 183 240
74 232 346
82 229 279
69 149 306
9 42 316
58 231 336
58 174 336
17 167 248
128 237 315
91 144 189
77 84 130
283 331 343
49 61 331
25 177 262
58 80 157
47 51 250
51 107 180
83 244 268
11 170 347
32 79 184
67 231 237
23 179 306
49 199 331
49 196 276
48 283 329
48 86 329
12 234 286
37 46 242
45 136 140
45 140 152
266 312 313
32 184 240
52 313 343
43 300 315
54 245 333
80 113 163
68 264 317
154 224 303
84 296 330
84 238 330
78 128 197
10 214 216
149 154 303
26 33 103
17 159 283
80 95 163
261 266 341
13 64 136
215 220 286
46 63 81
49 61 196
126 149 299
21 37 41
12 161 253
38 191 305
183 184 240
5 96 235
12 20 75
18 40 78
14 202 298
13 64 279
105 240 319
62 68 112
98 295 344
17 121 159
141 291 314
66 235 256
112 137 275
62 112 349
82 114 279
132 147 195
51 206 319
140 245 287
9 28 111
36 110 254
12 286 293
17 121 241
87 305 334
117 255 282
83 254 275
137 165 275
49 199 276
139 180 183
59 119 323
72 92 260
10 18 262
167 236 324
67 300 315
143 192 253
61 226 331
160 323 348
27 75 252
96 291 314
110 118 217
100 203 256
12 20 161
0 121 199
52 169 312
66 164 282
67 85 300
0 22 218
119 227 232
7 201 348
4 47 51
99 214 216
21 41 200
72 102 168
4 137 165
138 196 288
24 55 267
28 131 261
14 298 309
153 243 265
138 193 328
4 47 124
47 244 318
78 90 262
230 275 342
109 162 233
54 71 245
16 235 302
4 137 320
13 114 279
93 225 271
23 154 306
6 53 286
6 286 293
29 32 240
25 104 258
18 223 236
116 147 271
190 226 331
43 281 300
85 123 191
13 114 203
5 209 235
8 11 29
57 215 286
9 296 330
46 242 325
1 72 327
17 248 283
255 256 304
18 78 262
4 51 107
10 18 223
66 255 256
28 131 178
74 141 346
23 39 154
20 170 347
84 118 212
223 236 324
38 115 299
88 152 287
119 173 232
35 93 116
38 87 299
6 109 339
110 217 335
24 182 338
76 310 328
263 270 297
24 182 328
35 93 260
24 267 338
9 42 330
88 321 333
24 193 328
3 66 291
52 190 228
10 104 214
26 44 160
10 258 262
247 270 297
41 256 304
31 152 274
31 45 152
108 231 336
31 178 274
32 79 129
59 151 323
24 55 337
38 115 191
98 181 295
85 191 305
6 109 265
238 326 330
86 321 329
14 133 309
40 167 236
52 190 343
228 247 263
87 126 299
38 87 305
88 152 274
90 108 197
90 108 336
66 255 282
91 144 157
91 156 189
28 142 178
98 167 248
25 104 144
105 139 183
93 148 225
138 193 337
132 205 322
16 209 235
39 154 185
310 328 332
106 130 312
98 167 221
100 125 188
16 100 307
100 125 307
247 263 297
117 255 345
56 108 237
108 128 197
69 87 334
154 185 224
110 127 254
166 188 246
203 210 229
82 114 203
153 155 204
116 147 195
116 195 284
35 116 204
232 278 346
99 156 279
239 247 270
194 201 348
109 155 162
119 168 249
119 257 323
244 250 318
84 118 217
56 108 128
130 169 312
83 165 275
132 195 322
224 325 345
52 312 313
149 299 303
136 216 289
10 104 258
99 136 216
187 220 253
43 128 315
137 146 317
68 137 317
138 239 270
138 270 337
138 247 288
15 138 328
141 272 346
20 143 170
143 170 280
108 231 237
5 143 208
143 187 208
143 187 253
44 160 259
143 280 340
145 173 273
7 19 348
64 99 279
57 145 173
8 27 75
18 40 236
150 227 272
150 272 282
153 155 265
26 33 259
84 217 267
160 219 259
60 160 348
220 234 253
26 60 160
155 162 204
162 195 204
9 28 246
58 163 231
67 163 231
190 226 288
63 81 191
2 164 282
13 45 136
12 30 75
122 222 327
169 228 263
52 169 228
283 313 329
8 27 129
251 299 303
172 205 311
34 180 183
8 11 20
51 180 319
105 180 319
72 93 260
48 181 248
98 181 248
79 184 202
184 202 207
183 184 207
186 209 269
133 309 339
188 246 307
100 188 203
9 84 296
90 211 262
190 228 288
25 258 262
13 188 203
48 248 283
161 192 253
24 193 337
60 194 348
47 124 244
41 200 210
200 210 279
82 203 229
203 210 256
133 205 322
187 208 220
5 209 340
186 209 340
210 229 279
120 215 220
164 272 291
65 222 327
58 157 211
93 116 271
127 230 342
113 163 191
4 124 165
36 238 326
29 240 319
11 244 250
88 245 287
246 307 316
57 74 173
46 81 303
36 254 294
83 254 294
261 266 312
131 261 341
169 263 270
53 145 286
13 31 188
141 272 291
272 278 346
