71 245 289
88 274 341
13 45 64
9 111 246
17 22 218
17 167 218
94 151 160
17 22 241
23 179 219
37 41 242
67 231 315
16 209 269
131 266 341
71 223 344
98 221 344
266 313 343
131 261 312
283 329 343
138 239 247
11 250 318
31 166 178
66 255 345
57 74 273
235 256 302
88 140 245
88 274 287
88 140 287
99 104 216
18 236 324
174 231 336
46 63 303
81 191 251
33 69 179
103 194 222
69 103 334
33 219 259
141 176 278
46 135 303
3 235 255
66 117 345
57 120 286
145 243 273
96 208 314
141 164 291
7 65 327
1 122 222
72 148 327
35 175 273
6 243 265
175 243 273
6 265 339
6 53 243
12 252 293
14 202 309
34 183 205
133 183 205
30 75 252
187 234 253
120 220 314
5 209 269
161 187 253
47 250 318
112 165 275
124 165 244
4 107 311
105 139 180
73 196 276
0 73 218
17 159 248
49 61 276
159 199 331
54 86 333
199 276 331
49 276 331
61 226 288
239 270 337
24 337 338
55 130 169
138 239 337
73 97 196
50 182 217
24 193 338
55 270 337
31 188 203
9 246 316
100 125 203
82 114 229
31 166 188
114 229 279
13 31 45
88 245 333
140 245 289
64 99 156
64 99 136
152 274 287
131 266 312
313 329 343
159 248 283
48 86 283
216 223 289
71 223 289
10 223 324
10 236 324
10 18 236
10 25 258
10 216 223
99 216 289
90 174 211
25 177 211
144 157 211
18 177 262
167 221 324
40 78 128
90 197 336
58 174 211
78 108 197
90 174 336
78 90 197
108 197 336
56 128 237
43 128 237
281 300 301
40 128 167
85 123 305
281 301 334
43 281 334
85 300 301
231 237 315
81 113 191
58 95 163
58 80 95
38 115 126
70 126 149
38 87 126
69 70 334
149 290 306
23 39 94
39 185 224
185 224 345
41 213 242
101 213 345
46 135 325
64 156 279
21 156 200
99 156 214
21 91 156
156 189 214
156 200 279
41 200 279
210 256 304
3 96 291
3 66 255
3 96 235
74 173 273
141 176 314
57 120 215
120 176 314
57 74 215
57 145 273
74 176 346
176 278 346
117 150 282
2 164 272
232 272 278
117 185 345
227 232 272
66 117 282
249 257 323
33 179 219
119 249 323
26 44 259
33 69 103
103 222 334
19 257 348
7 72 168
60 257 348
119 151 323
151 160 323
92 102 273
35 260 273
35 116 260
92 93 260
92 260 273
7 72 327
72 92 93
72 93 148
89 225 292
1 158 222
89 225 271
93 148 271
89 132 271
153 175 243
195 204 284
35 116 284
133 134 322
132 147 322
155 162 233
153 204 243
53 145 243
120 220 286
12 234 293
57 145 286
234 286 293
220 234 286
12 30 252
252 293 309
202 298 309
109 133 134
14 309 339
109 265 339
79 202 207
14 202 207
79 202 298
27 79 298
8 32 129
8 32 308
79 184 240
29 206 319
133 183 207
34 180 205
170 280 347
68 171 317
29 129 240
8 29 308
11 20 347
30 75 253
8 20 75
12 30 253
27 252 298
252 298 309
12 234 253
20 143 192
20 161 192
5 143 340
285 326 340
16 269 307
9 296 316
238 296 330
36 326 330
42 326 330
186 285 340
36 110 294
230 254 275
280 326 340
268 280 294
83 110 294
170 244 268
170 268 280
110 118 238
36 110 238
36 238 330
118 212 238
15 76 310
50 182 328
310 332 342
127 332 342
68 112 137
110 254 335
165 254 275
83 268 294
124 244 318
47 124 318
47 51 124
4 51 124
4 172 311
68 137 146
4 172 320
68 146 317
68 112 349
171 264 317
205 264 317
50 328 332
221 324 344
223 324 344
52 312 343
16 302 307
159 283 331
196 276 288
275 342 349
112 275 349
5 96 208
153 204 284
55 77 111
83 165 244
82 100 210
81 154 303
146 311 317
63 80 113
62 76 349
76 342 349
77 84 238
74 173 232
74 120 215
79 184 207
72 92 102
51 206 250
69 179 306
69 70 149
210 256 302
82 229 304
67 281 300
66 164 291
82 100 203
99 140 289
4 107 319
17 98 248
64 136 152
45 64 152
208 220 314
46 63 91
84 212 238
63 80 157
15 310 328
74 120 176
11 170 244
74 232 346
44 60 160
81 154 290
60 65 348
160 257 323
69 149 306
59 94 151
40 78 262
84 118 267
187 208 234
9 111 296
7 65 348
122 194 222
55 267 338
55 263 297
49 61 331
28 106 261
15 97 196
58 80 157
47 51 250
55 111 130
83 244 268
11 170 347
23 179 306
149 290 299
41 279 304
48 54 86
48 54 181
83 110 165
37 46 242
169 190 228
54 245 333
178 274 341
115 191 299
40 167 324
80 163 191
163 174 231
26 33 103
39 135 154
80 95 163
28 111 142
1 158 225
21 46 91
35 153 284
16 96 302
126 149 299
237 281 315
21 37 41
38 191 305
135 224 345
60 65 194
13 64 279
105 240 319
98 295 344
10 18 177
141 291 314
55 169 263
35 153 175
131 178 341
51 206 319
121 199 276
67 85 163
87 305 334
39 154 290
53 286 293
8 206 250
0 73 276
139 180 183
23 39 306
62 171 264
8 29 206
67 281 315
60 160 257
28 111 130
127 217 230
15 62 97
5 96 209
1 225 271
63 91 157
39 135 224
61 226 331
55 270 297
27 75 252
96 291 314
101 135 345
5 143 161
110 118 217
119 232 249
52 169 312
6 53 339
66 164 282
10 25 177
67 85 300
0 22 218
119 227 232
155 243 265
87 126 334
0 198 276
21 41 200
72 102 168
16 96 209
2 227 272
26 44 60
105 139 240
141 164 278
138 196 288
65 148 327
162 204 243
28 131 261
15 138 196
71 295 344
22 198 241
255 304 345
138 193 328
235 255 256
78 90 262
61 276 288
121 198 241
2 59 227
230 275 342
91 144 156
65 194 201
4 112 320
54 71 245
5 161 208
26 103 194
4 51 319
13 114 279
31 82 203
0 22 198
15 62 76
42 296 330
10 104 216
17 199 241
62 97 264
65 122 201
27 129 240
106 169 277
134 155 233
25 104 258
130 169 277
190 226 331
182 193 338
86 321 341
155 162 243
46 242 325
54 71 295
27 79 240
99 104 189
19 168 257
208 220 234
118 217 338
255 256 304
28 131 178
7 19 168
53 293 309
20 161 253
21 37 46
84 118 212
55 337 338
77 238 296
25 104 211
59 151 227
77 84 267
110 217 335
8 11 250
11 244 318
28 106 277
134 155 265
53 309 339
26 60 194
229 279 304
3 66 291
36 280 294
36 280 326
28 130 277
1 148 271
2 59 150
82 210 304
39 117 150
55 77 267
247 270 297
99 136 140
13 31 114
39 117 185
186 269 340
31 152 274
31 82 114
118 267 338
31 45 152
108 231 336
31 178 274
18 40 262
65 122 148
38 115 191
98 181 295
80 113 191
85 123 163
17 98 167
85 301 334
85 305 334
86 88 333
86 88 341
86 321 329
86 283 329
52 190 343
228 247 263
116 195 322
38 87 305
90 177 211
143 280 347
91 144 157
28 142 178
93 132 271
93 132 147
138 193 337
94 160 259
132 205 322
190 226 247
4 112 124
310 328 332
96 235 302
98 167 221
99 189 214
190 228 247
146 172 320
100 302 307
32 129 308
100 125 307
101 135 325
102 249 257
102 168 257
104 144 156
105 107 180
213 304 345
247 263 297
107 311 317
105 107 319
56 108 237
109 133 207
109 207 339
110 165 254
166 178 246
111 142 246
77 111 296
166 188 246
14 207 339
112 124 165
116 147 322
188 203 307
5 269 340
112 137 146
81 113 303
116 195 284
232 278 346
18 40 324
29 129 308
239 247 270
112 146 320
58 163 174
121 198 276
1 122 148
122 194 201
180 205 317
134 162 233
2 150 282
186 269 326
76 310 342
70 126 334
116 147 260
109 134 265
173 232 249
56 108 128
106 169 261
23 219 259
134 162 195
104 144 211
134 195 322
135 154 303
115 126 299
10 104 258
136 152 287
136 140 287
42 269 296
138 247 288
15 138 328
139 183 184
182 193 328
43 237 281
139 184 240
78 108 128
39 59 94
54 181 295
143 161 192
158 225 292
190 283 331
108 231 237
39 290 306
44 160 259
143 280 340
20 143 347
7 19 348
161 187 208
63 113 303
8 27 75
146 172 311
93 147 260
119 151 227
26 33 259
62 171 349
162 195 204
186 285 326
67 163 231
123 163 305
163 191 305
164 272 278
2 164 282
101 213 325
42 269 326
39 59 150
81 251 290
269 296 316
52 169 190
169 228 263
169 261 312
8 27 129
68 171 349
142 178 246
34 180 183
8 11 20
107 180 317
266 312 343
17 159 199
48 181 248
98 181 248
125 203 307
183 184 207
188 246 307
190 283 343
50 217 332
191 251 299
48 248 283
104 156 189
24 193 337
121 199 241
23 94 259
133 205 322
20 75 253
100 210 302
217 230 254
41 213 304
213 242 325
182 217 338
217 254 335
127 217 332
90 177 262
226 247 288
58 157 211
127 230 342
29 240 319
246 307 316
102 249 273
173 249 273
251 290 299
53 145 286
266 321 329
266 321 341
266 313 329
269 307 316
