71 245 289
1 148 158
17 22 218
54 71 344
54 71 333
17 167 218
52 169 263
13 64 114
17 22 241
23 179 219
37 41 242
70 87 126
67 231 315
82 210 229
11 29 206
131 266 341
55 84 267
198 199 276
71 223 344
98 221 344
266 313 343
283 329 343
138 239 247
11 250 318
45 152 274
31 166 178
57 74 273
235 256 302
88 140 245
88 140 287
71 245 333
18 236 324
46 63 157
174 231 336
46 63 303
154 290 306
33 69 179
149 154 290
103 194 222
33 103 259
33 219 259
46 135 303
20 75 161
96 208 314
141 164 291
102 168 249
7 65 201
1 122 222
72 148 327
35 204 284
148 225 292
132 147 271
35 175 273
6 243 265
6 53 243
34 183 205
133 183 205
14 133 207
120 220 314
161 187 253
47 51 319
105 139 180
34 139 180
107 205 311
73 198 276
73 196 276
0 73 218
0 121 218
22 121 218
22 121 241
159 199 331
54 86 333
190 331 343
199 276 331
49 190 226
61 226 288
49 61 226
61 196 288
196 247 288
9 77 111
55 130 169
138 196 247
24 138 193
24 193 338
15 193 328
55 77 84
52 228 263
52 106 312
142 166 246
125 188 307
100 203 210
166 188 307
100 125 203
125 188 203
31 45 178
140 152 287
131 178 274
13 31 45
88 245 333
140 245 289
64 99 136
45 178 274
131 178 261
131 274 341
266 313 341
321 329 341
48 86 295
313 329 341
313 329 343
54 86 295
48 181 295
181 295 344
48 98 181
216 223 289
98 181 344
71 223 289
54 295 344
10 223 324
40 211 262
10 236 324
18 167 324
10 18 236
10 216 258
10 216 223
104 216 258
90 174 211
25 177 211
177 211 262
167 221 324
58 174 211
78 108 197
78 90 197
56 108 336
56 128 237
281 300 301
281 301 334
43 281 334
85 300 301
115 251 299
85 300 315
67 123 163
58 95 163
58 80 95
58 80 211
301 305 334
38 305 334
115 149 299
38 87 334
70 126 149
38 87 126
23 39 94
135 224 325
185 224 345
101 213 242
41 213 242
101 213 345
46 135 325
46 91 157
37 41 200
99 156 214
104 144 189
21 91 156
156 189 214
21 37 200
41 255 304
41 213 255
235 256 304
82 203 210
210 256 304
96 141 291
3 96 291
3 66 255
3 96 235
74 173 273
187 208 314
57 74 215
57 145 273
232 272 278
2 272 282
2 66 282
227 272 282
117 185 345
227 232 272
66 117 282
33 179 219
44 160 219
119 249 323
23 160 219
26 44 259
33 69 103
103 222 334
44 219 259
26 103 259
26 60 103
59 119 227
59 150 227
102 173 249
35 260 273
72 92 93
60 103 194
148 158 292
89 225 292
1 158 222
148 225 271
89 225 271
89 132 271
153 175 243
195 204 284
35 116 284
133 134 322
132 147 322
109 155 265
155 162 233
53 145 243
120 220 286
187 220 314
220 234 286
12 30 252
109 155 233
14 202 207
79 202 298
27 129 252
27 79 298
79 184 240
133 183 207
11 206 250
170 280 347
20 143 340
30 75 253
8 20 75
12 30 253
27 252 298
252 298 309
75 161 253
12 234 253
20 143 192
20 161 192
5 143 340
285 326 340
5 186 340
9 296 316
36 326 330
42 326 330
186 285 340
36 110 294
280 326 340
170 244 268
170 268 280
110 118 335
36 238 330
118 212 238
15 138 193
50 182 328
50 310 332
310 332 342
112 275 342
127 275 342
112 342 349
127 230 275
110 254 335
83 268 294
83 165 254
47 124 318
172 317 320
4 172 311
68 137 146
4 172 320
205 264 317
221 324 344
223 324 344
257 323 348
47 318 319
250 318 319
237 315 336
52 312 343
8 308 347
159 283 331
88 274 321
274 321 341
5 96 208
55 77 111
83 165 244
81 113 163
81 154 303
86 248 283
63 80 113
172 205 317
62 76 349
76 342 349
15 76 328
63 157 211
73 198 199
72 93 271
72 92 102
69 70 306
69 179 306
210 256 302
69 70 87
268 280 326
68 171 264
66 164 291
2 66 272
64 82 229
63 80 211
62 68 171
11 170 244
227 232 249
23 94 323
20 340 347
84 118 267
17 167 248
117 185 227
128 237 315
91 144 189
122 194 222
62 68 137
105 206 319
70 290 306
55 263 297
283 331 343
176 314 346
4 51 311
55 111 130
51 107 319
83 244 268
11 170 347
23 179 306
49 196 276
48 98 248
86 88 321
183 202 207
12 234 286
37 46 242
45 136 140
45 140 152
34 107 180
35 153 204
80 113 163
87 103 334
163 174 231
16 125 269
39 94 151
50 127 342
39 135 154
17 159 283
80 95 163
28 111 142
73 121 199
16 186 209
13 64 136
21 46 91
165 244 318
49 61 196
16 96 302
64 82 114
41 229 304
50 127 182
166 178 261
38 191 305
12 293 309
32 129 252
14 202 298
109 309 339
40 78 90
55 169 263
35 153 175
34 107 205
50 332 342
64 229 279
247 263 288
112 137 275
131 261 266
34 183 184
25 157 211
145 215 286
21 200 279
11 308 347
66 164 272
12 286 293
96 141 176
16 186 269
81 154 251
8 20 347
53 286 293
24 267 337
3 235 304
62 171 264
59 119 323
8 30 252
10 177 258
36 118 238
9 212 296
10 18 262
106 142 166
28 111 130
21 156 279
127 217 230
48 86 248
15 62 97
5 96 209
10 177 262
4 165 320
39 135 224
160 323 348
55 270 297
78 128 167
66 117 255
6 53 339
51 107 311
106 166 261
8 30 75
155 243 265
81 115 251
4 47 51
99 214 216
72 102 168
34 139 184
16 96 209
74 215 346
105 139 240
189 214 216
105 206 240
65 148 327
24 270 337
14 298 309
212 238 330
4 47 124
25 144 157
14 109 133
15 73 97
210 229 304
19 201 348
231 315 336
8 252 308
106 261 266
118 217 230
9 111 316
18 40 167
5 161 208
31 82 203
3 255 304
15 62 76
190 276 331
7 65 168
42 296 330
23 154 306
17 199 241
62 97 264
65 122 201
27 129 240
9 77 212
25 104 258
38 126 149
116 147 271
130 169 277
40 78 167
43 281 300
182 193 338
7 19 201
90 108 174
81 163 191
46 242 325
17 248 283
27 79 240
118 217 338
108 174 336
7 19 168
23 39 154
53 293 309
52 106 277
21 37 46
84 118 212
29 206 240
88 152 287
35 93 116
24 138 270
6 109 339
23 160 323
81 115 191
77 84 212
96 176 314
11 244 318
49 190 276
28 106 277
154 251 299
76 310 328
62 137 349
53 309 339
15 73 138
35 93 260
12 252 309
14 109 309
24 267 338
3 66 291
52 190 228
26 44 160
28 130 277
145 175 273
118 230 335
5 143 192
247 270 297
99 136 140
146 165 275
13 31 114
31 82 114
118 267 338
59 151 323
36 110 118
36 268 326
18 40 262
65 122 148
25 177 258
38 115 149
38 115 191
120 314 346
50 310 328
116 147 162
86 88 333
6 109 265
140 216 289
86 321 329
280 340 347
86 283 329
52 190 343
166 246 307
228 263 288
150 185 224
29 240 308
88 152 274
90 108 197
36 268 294
91 144 157
91 156 189
98 167 248
25 104 144
92 173 273
92 102 173
123 301 305
150 185 227
93 260 273
92 93 273
106 266 312
94 151 323
132 205 322
100 125 302
96 235 302
98 167 221
99 140 216
110 254 294
165 230 254
39 150 224
32 129 308
72 148 271
105 107 180
247 263 297
105 107 319
16 125 302
111 142 246
230 254 335
111 246 316
81 113 303
153 155 204
85 123 315
116 195 284
232 278 346
99 156 279
117 213 255
0 73 121
67 123 315
117 213 345
117 227 282
239 247 270
55 267 270
194 201 348
58 163 174
149 154 299
120 215 346
1 122 148
122 194 201
85 123 301
134 162 233
186 269 326
104 189 216
76 310 342
125 269 307
127 182 217
173 232 249
128 300 315
129 240 308
56 108 128
109 133 233
133 134 233
224 325 345
134 162 322
135 154 303
187 220 253
112 137 349
138 239 270
182 193 328
101 242 345
139 184 240
141 164 346
78 108 128
141 176 346
68 146 264
145 175 243
161 187 208
64 99 279
166 188 203
63 113 303
146 165 320
137 146 275
147 162 322
153 155 243
173 232 346
60 160 348
220 234 253
26 60 160
155 162 204
206 250 319
162 195 204
186 285 326
67 163 231
123 163 305
163 191 305
57 145 215
164 272 278
190 226 288
56 237 336
164 278 346
42 269 326
39 59 150
13 45 136
39 59 151
124 165 318
52 169 277
31 166 203
168 249 323
168 257 323
72 168 327
168 257 348
19 168 348
65 168 327
212 296 330
5 186 209
172 205 311
74 173 346
42 296 316
183 184 202
43 128 300
266 312 343
17 159 199
79 184 202
116 162 195
190 228 288
32 252 308
69 87 103
60 194 348
73 138 196
5 161 192
28 106 142
121 199 241
41 200 229
200 229 279
133 205 322
70 149 290
100 210 302
165 230 275
182 217 338
120 215 286
93 116 271
119 227 249
4 124 165
11 29 308
242 325 345
246 307 316
146 264 320
83 254 294
264 317 320
53 145 286
267 270 337
42 269 316
269 307 316
40 90 211
