88 274 341
25 144 258
9 111 246
17 22 218
54 71 333
17 167 218
28 142 246
41 229 279
13 64 114
94 151 160
41 210 304
17 22 241
23 179 219
26 60 323
70 87 126
67 231 315
16 209 269
82 210 229
131 266 341
51 105 319
55 84 267
239 270 297
198 199 276
71 223 344
98 221 344
169 270 297
28 111 246
45 152 274
31 166 178
16 100 302
57 74 273
235 256 302
88 274 287
136 140 289
71 245 333
39 154 306
18 236 324
46 63 157
174 231 336
81 191 251
154 290 306
149 154 290
103 194 222
69 103 334
7 19 60
141 176 278
23 39 179
3 164 291
96 208 314
29 32 308
102 168 249
1 122 327
7 65 327
1 122 222
35 204 284
148 225 292
35 175 273
6 265 339
14 202 309
34 183 205
133 183 205
30 75 252
5 187 208
120 220 314
5 209 269
36 294 326
5 186 269
97 171 264
4 107 311
34 139 180
0 73 218
0 121 218
121 159 199
22 121 218
121 159 241
17 159 248
49 61 276
22 121 241
17 159 241
159 199 331
54 86 333
61 196 276
61 226 288
61 196 288
68 97 171
196 247 288
9 77 111
239 247 297
52 228 343
50 182 217
24 193 338
55 270 337
55 77 84
190 228 343
52 266 312
52 228 263
52 106 312
106 261 277
31 188 203
166 307 316
125 188 307
77 84 296
13 31 203
166 188 307
100 125 203
13 82 203
125 188 203
13 82 114
31 166 188
13 31 45
88 245 333
140 245 289
64 99 136
45 136 152
152 274 287
131 178 261
86 321 333
54 86 295
283 321 329
159 248 283
86 283 321
181 295 344
48 98 181
216 223 289
98 181 344
104 144 258
10 223 324
17 167 221
10 236 324
10 25 258
99 136 289
10 216 223
99 216 289
104 189 214
90 174 211
25 144 211
25 177 211
144 157 211
177 211 262
18 177 262
58 174 211
78 108 197
78 90 197
56 78 108
281 300 301
40 128 167
85 123 305
281 301 334
43 281 334
85 300 301
115 251 299
58 95 163
81 251 303
58 80 95
80 157 211
80 95 113
58 80 211
38 115 305
38 305 334
38 87 334
69 70 334
70 87 334
39 179 306
23 39 94
173 227 232
185 224 345
101 213 345
21 37 91
41 210 229
46 91 157
21 156 200
99 156 214
104 144 189
21 91 156
156 189 214
156 200 279
37 242 325
21 37 200
41 200 279
41 255 304
41 213 255
235 256 304
210 256 304
96 141 291
3 96 291
3 96 235
74 173 273
57 120 215
120 176 314
57 74 215
2 66 164
57 145 273
74 176 346
176 278 346
2 164 272
232 272 278
2 272 282
2 66 282
117 185 345
39 94 150
39 150 185
26 44 259
33 69 103
103 222 334
26 103 259
19 257 348
26 60 103
19 60 348
60 257 348
119 151 323
59 119 151
60 257 323
151 160 323
59 150 227
102 173 249
119 173 249
92 102 273
35 260 273
102 173 273
92 260 273
7 60 194
7 194 201
60 103 194
194 201 222
148 158 292
89 225 292
1 158 222
132 133 205
153 175 243
35 116 284
133 134 322
132 133 322
155 162 195
155 162 233
153 204 243
53 145 243
220 234 286
12 30 252
202 298 309
109 265 339
79 202 298
27 79 298
29 32 129
8 32 129
8 32 308
79 184 240
29 206 319
29 105 240
11 206 250
29 105 319
170 280 347
29 129 240
8 29 308
11 20 347
8 75 252
27 252 298
5 143 187
143 187 192
12 234 253
20 143 192
280 294 326
5 143 340
285 326 340
16 269 307
5 186 340
9 296 316
9 77 296
42 326 330
186 285 340
36 110 294
230 254 275
280 326 340
170 244 347
244 318 347
83 110 294
170 244 268
170 268 280
127 230 254
118 217 335
182 267 338
36 110 238
110 118 335
193 328 338
182 328 338
50 182 328
62 68 97
127 332 342
127 275 342
62 342 349
127 230 275
165 254 275
83 165 254
4 172 311
68 137 146
4 172 320
171 264 317
172 311 317
205 264 317
50 328 332
221 324 344
223 324 344
237 315 336
293 298 309
141 278 291
275 342 349
112 275 349
159 190 331
83 280 294
83 110 335
5 96 208
83 268 280
55 77 111
83 165 244
82 210 302
119 168 257
41 200 242
79 133 184
86 248 283
63 80 113
52 263 297
83 254 335
8 75 206
75 161 192
74 173 232
74 120 215
73 198 199
252 293 298
72 93 271
59 119 173
112 275 320
72 92 102
210 256 302
1 72 158
57 120 220
82 100 203
17 98 248
12 75 161
64 82 229
14 79 202
52 266 313
15 196 328
208 220 314
84 212 238
63 80 157
74 120 176
62 76 310
72 148 158
74 232 346
68 146 171
12 252 286
62 112 137
20 75 192
59 94 151
117 185 227
69 70 219
15 76 332
55 267 338
62 68 137
88 321 341
49 61 331
6 53 204
53 204 243
52 130 169
47 51 250
55 111 130
51 139 180
51 107 180
83 244 268
49 199 331
48 98 248
12 234 286
59 173 227
52 313 343
82 100 302
107 205 317
34 107 180
23 44 94
44 94 160
178 274 341
43 56 237
35 153 204
41 101 242
52 169 297
84 296 330
84 238 330
10 214 216
40 56 78
171 172 317
73 121 199
13 64 136
41 101 213
165 244 318
62 310 332
64 82 114
126 149 299
23 44 259
12 161 253
135 224 345
5 96 235
18 40 78
109 309 339
110 118 212
11 20 75
84 182 267
138 196 328
35 153 175
34 107 205
64 229 279
9 166 246
131 261 266
131 178 341
62 112 349
47 124 250
132 147 195
34 183 184
31 45 274
140 245 287
4 165 275
67 85 163
33 69 219
96 141 176
204 265 284
117 255 282
28 142 277
3 235 304
49 199 276
117 272 282
171 172 320
46 63 135
8 29 206
72 92 260
59 94 150
28 111 130
67 300 315
84 182 212
48 86 248
15 62 97
67 174 231
250 318 347
81 95 113
61 226 331
67 85 300
126 179 306
144 157 189
7 65 222
40 56 128
18 167 221
34 184 240
193 270 337
4 47 51
99 214 216
72 102 168
6 204 265
70 179 219
76 310 332
105 139 240
9 166 316
71 295 344
138 193 328
4 47 124
78 90 262
15 73 97
51 105 139
231 315 336
106 261 266
18 40 167
16 235 302
127 217 254
3 255 304
15 62 76
42 296 330
62 332 342
8 27 252
6 53 286
27 129 240
6 286 293
11 75 206
6 309 339
14 109 207
116 147 271
190 226 331
5 209 235
81 163 191
1 72 327
54 71 295
27 79 240
187 192 253
19 168 257
108 174 336
51 250 319
18 78 262
4 51 107
108 174 197
37 91 135
7 19 168
52 106 277
35 93 116
96 176 314
48 86 181
24 55 338
18 221 324
25 177 236
145 220 286
35 93 260
14 109 309
26 160 323
7 201 222
88 321 333
79 133 207
10 25 236
10 104 214
26 44 160
28 130 277
145 175 273
37 135 325
31 178 274
15 73 196
24 55 337
4 275 320
66 164 255
130 169 270
17 98 221
85 123 163
85 301 334
85 305 334
86 181 295
238 326 330
73 196 198
228 247 263
38 87 115
87 126 299
18 177 236
43 56 128
89 132 147
89 148 271
89 148 225
143 280 347
46 91 135
66 255 282
91 156 189
91 157 189
159 313 343
6 293 309
150 185 227
106 266 312
63 135 303
190 226 247
16 209 235
39 154 185
190 228 247
142 178 277
16 100 307
100 125 307
103 219 259
33 103 219
67 163 174
72 148 271
247 263 297
107 311 317
56 108 237
109 133 207
154 185 224
166 178 246
112 137 146
81 113 303
89 147 271
116 147 195
116 195 284
232 278 346
99 156 279
117 213 255
0 73 121
117 213 345
117 227 232
117 232 272
112 146 320
118 182 217
118 182 212
58 163 174
119 168 249
119 257 323
149 154 299
134 162 233
124 250 318
186 269 326
70 126 179
126 290 306
14 79 207
55 130 270
159 190 343
15 328 332
132 195 322
23 219 259
109 133 233
133 134 233
134 162 195
134 195 322
135 154 303
135 154 224
135 325 345
10 104 258
187 220 253
136 152 287
136 140 287
138 239 270
42 269 296
101 242 345
43 237 281
34 139 240
133 183 184
87 115 299
143 280 340
20 143 347
145 175 243
64 99 279
57 145 220
63 113 303
7 168 327
155 195 284
126 149 290
159 283 313
220 234 253
206 250 319
186 285 326
154 299 303
123 163 305
163 191 305
3 164 255
164 272 278
42 269 326
13 45 136
124 165 318
12 30 75
122 222 327
72 168 327
269 296 316
283 313 329
110 212 238
8 27 129
251 299 303
90 174 197
142 178 246
178 261 277
72 93 260
164 278 291
90 211 262
50 217 332
161 192 253
138 193 270
24 193 337
196 198 276
196 239 247
138 196 239
52 130 277
187 208 220
237 300 315
217 254 335
127 217 332
65 222 327
223 245 289
71 223 245
37 200 242
226 247 288
93 116 271
81 95 163
108 237 336
109 233 265
155 233 265
4 124 165
237 281 300
36 238 326
242 325 345
88 245 287
11 250 347
191 251 305
115 251 305
252 286 293
53 145 286
155 265 284
266 321 329
266 321 341
266 313 329
146 171 320
269 307 316
