58 83 86
0 49 53
23 37 56
8 18 83
62 91 99
9 56 76
2 67 71
30 42 51
35 41 51
27 81 98
40 51 55
20 75 98
18 83 86
1 75 98
46 50 69
64 81 89
5 27 46
5 14 88
5 46 60
0 14 49
45 53 66
5 60 88
1 5 87
5 72 87
58 73 86
72 73 87
33 72 79
0 53 66
37 45 66
77 94 99
18 77 99
18 45 53
33 49 53
0 9 66
91 94 99
37 59 77
18 86 99
59 91 94
59 77 94
23 62 91
62 67 80
2 62 67
2 54 62
6 61 95
32 56 76
7 24 26
7 9 76
0 7 9
12 39 85
4 25 26
24 25 26
35 36 84
61 67 71
61 67 95
6 43 90
21 68 90
10 31 80
15 36 84
42 51 55
13 28 97
13 48 97
40 42 96
40 42 55
3 30 42
38 39 63
3 57 74
11 52 82
3 30 93
13 16 96
16 22 96
44 57 74
29 92 93
21 84 90
64 74 82
58 73 83
69 74 92
6 68 95
21 68 84
15 68 84
52 65 74
64 81 98
64 82 98
64 69 74
60 85 88
74 92 93
44 57 65
22 57 65
1 20 87
24 84 90
17 19 63
18 33 53
28 36 97
50 64 89
11 16 52
15 48 97
17 51 63
32 34 43
73 86 87
2 43 54
0 4 26
5 14 49
12 85 88
5 33 72
20 86 87
16 22 52
3 42 57
31 78 95
7 24 76
6 68 90
23 47 54
0 14 88
10 67 80
2 43 71
68 78 95
0 4 88
15 36 97
4 25 88
15 31 48
18 37 45
0 7 26
27 46 89
5 27 98
17 19 84
35 41 84
22 52 65
19 39 63
44 65 74
13 28 96
8 18 33
6 43 71
32 43 90
5 33 49
29 38 93
29 46 69
29 60 85
9 37 56
1 5 98
12 39 70
18 37 77
6 61 71
24 76 90
8 73 83
8 33 79
15 31 68
8 72 79
29 38 85
8 72 73
17 41 51
23 34 47
12 70 88
9 37 66
27 81 89
23 54 62
23 37 59
23 59 91
19 25 39
25 39 70
24 25 84
19 25 84
3 74 93
25 70 88
28 35 36
28 40 96
29 46 60
29 69 92
30 38 93
30 38 63
31 68 78
17 41 84
32 76 90
22 57 96
34 43 47
32 34 56
23 34 56
28 35 40
1 20 75
35 40 51
38 39 85
10 31 95
42 57 96
10 67 95
43 47 54
46 50 89
52 74 82
50 64 69
30 51 63
