23 32 56
33 53 79
58 83 86
34 47 76
43 61 71
1 27 98
27 46 50
7 76 90
8 18 83
62 91 99
0 4 7
43 47 71
12 19 70
30 42 51
17 35 41
27 81 98
40 51 55
20 75 98
18 83 86
1 75 98
27 50 81
60 69 92
5 14 88
5 46 60
0 14 49
5 60 88
5 72 87
33 72 79
18 45 77
8 53 79
77 94 99
18 77 99
91 94 99
37 59 77
18 86 99
59 77 94
23 62 91
62 67 80
2 62 67
2 54 62
6 61 95
43 47 76
32 34 76
7 9 76
0 7 9
4 7 26
12 39 85
4 85 88
19 25 70
19 24 25
24 25 26
19 24 84
21 24 84
6 43 61
61 67 71
21 24 90
15 21 84
10 78 95
15 68 78
10 31 80
15 21 68
31 36 48
42 51 55
13 28 97
13 48 97
36 48 97
30 41 51
28 40 51
17 39 63
12 19 39
38 39 63
38 63 93
3 57 74
39 85 93
29 85 88
29 74 92
3 29 74
11 52 82
3 22 57
38 39 93
13 16 96
16 22 96
44 57 74
6 90 95
82 89 98
69 81 92
64 74 82
58 73 83
50 69 81
37 66 77
52 65 82
60 88 92
44 57 65
40 55 96
64 82 89
2 54 67
30 42 93
30 41 93
16 22 57
64 89 92
72 73 83
28 36 97
16 52 65
11 16 52
15 35 36
8 72 83
23 56 59
5 14 49
5 33 72
28 41 51
50 60 69
10 15 78
1 72 87
10 15 36
34 54 67
4 12 85
4 12 70
81 89 98
10 61 80
3 85 93
17 19 39
0 14 88
64 74 92
68 78 95
0 4 88
8 45 53
9 32 76
9 45 53
22 42 96
29 88 92
3 22 93
0 33 49
0 33 53
45 66 77
6 76 90
17 63 93
1 58 73
17 19 35
13 28 96
1 20 86
1 27 46
16 57 65
1 72 73
0 9 53
5 33 49
37 56 59
9 45 66
46 50 60
9 37 56
23 91 94
19 35 84
10 31 36
25 26 70
23 32 62
8 18 45
8 72 79
10 61 95
32 34 54
44 65 82
42 55 96
9 37 66
21 68 95
21 90 95
22 42 93
15 35 84
4 26 70
24 26 90
32 54 62
28 35 36
28 35 41
28 40 96
6 43 76
7 26 90
81 89 92
9 32 56
17 41 93
34 47 67
1 20 75
61 67 80
3 29 85
44 74 82
23 59 94
47 67 71
1 46 87
5 46 87
1 58 86
