1301.41 595.706
-1742.32 503.157
-1907.01 -84.0006
-1327.35 -1681.64
-30.9196 -1991.46
498.768 -1954.8
1880.59 -1991.73
113.663 -536.29
-363.625 -389.949
-1892.49 -583.46
-1688.31 1615.27
-620.638 1189.28
943.879 1591.01
-1307.52 472.687
-999.523 -240.866
-106.147 -1698.11
-1645.16 151.538
805.044 -1552.17
-1932.46 1477.69
-1233.81 36.6176
1486.23 1264.96
81.8128 1366.82
1273.23 -1804.52
-1169.47 -1090.4
-194.473 -1061.96
326.144 117.222
-1446.69 1705.51
-693.499 1497.19
1296.51 -1.02238
-30.1221 -1703.01
1758.11 1863.73
-1401.12 -1887.05
15.2688 1403.92
-1439.22 82.8059
881.614 -673.026
-1880.58 367.846
-1408.07 201.236
-265.329 1865.16
396.712 565.205
-1225.24 -1797.76
1503.25 1100.91
319.46 -1943.44
806.413 1625.96
1553.75 102.924
-375.06 -476.371
399.912 -616.949
-612.64 998.787
-503.996 1402.63
402.707 56.7873
-514.565 -715.68
1383.76 -395.142
1652.17 1975.69
1806.09 -613.163
1840.85 202.807
1952.04 -1384.38
405.046 1455.29
1716.53 -1275.49
1511.85 522.94
-1649.53 1065.6
-1374.14 -24.5924
-1410.77 1025.78
1358.46 -23.4084
24.5642 -1145.54
-620.78 -1572.73
911.25 864.655
-288.409 295.011
-1530.49 -636.242
270.705 -1724.39
750.595 111.559
478.415 702.638
727.178 -1116.54
157.929 443.705
-392.033 -330.219
-1033.35 -41.5652
-1264.62 -407.49
1933.84 -675.385
-1381.71 1292.3
1301.21 642.851
-1853.24 -1319.57
1070.12 1058.01
1545.08 -1218.29
-646.975 -1985.4
145.47 1623.73
-1709.8 -1103.93
-264.711 768.619
1598.7 -1537.53
1652.08 -243.368
906.172 -739.954
1426.41 1872.82
1218.48 -1838.2
-534.673 1152.32
-513.588 83.6138
444.625 -1212.38
-1273.54 591.389
-531.953 1796.59
-350.597 -986.871
-1421.7 1002.43
-972.275 723.769
626.159 -682.071
1619.83 -1638.55
