0 1 2
0 1 40
1 2 3
1 3 36
1 36 37
1 37 40
2 3 5
2 5 8
3 4 5
3 4 35
3 35 36
4 5 21
4 21 35
5 6 8
5 6 21
6 7 8
6 7 21
7 8 11
7 11 16
7 16 18
7 18 19
7 19 21
8 9 10
8 10 11
11 12 13
11 12 16
11 13 14
12 13 16
13 14 15
13 15 16
14 15 17
14 17 23
14 23 24
15 16 17
16 17 18
17 18 19
17 19 20
17 20 23
19 20 21
20 21 23
21 22 23
21 22 26
21 26 35
22 23 24
22 24 25
22 25 26
24 25 26
24 26 28
24 28 29
26 27 28
26 27 35
27 28 34
27 34 35
28 29 34
29 30 31
29 31 34
30 31 33
30 32 33
31 33 34
32 33 38
32 38 39
33 34 36
33 36 37
33 37 38
34 35 36
37 38 40
38 39 40
