0 91 100
75 95 147
76 78 101
1 47 107
11 85 115
42 114 119
12 67 92
72 121 122
14 26 84
0 2 6
3 75 102
10 16 122
39 52 123
42 96 114
94 96 141
59 94 126
131 137 144
71 85 111
17 38 68
30 49 88
58 134 143
13 62 108
1 20 127
40 120 139
3 5 9
10 72 122
69 80 138
11 76 115
51 91 121
51 65 90
41 50 63
0 2 91
6 12 117
6 12 67
10 24 104
28 72 121
12 28 117
9 16 26
32 90 113
32 113 125
24 80 84
16 26 84
99 102 131
5 14 133
125 131 144
43 63 136
7 39 123
7 74 123
7 39 42
114 118 119
36 58 134
96 114 141
96 126 129
94 96 126
18 109 129
27 103 109
59 126 149
27 126 149
15 97 106
45 49 146
18 45 146
18 109 146
44 49 106
44 95 147
75 81 102
75 95 110
34 81 102
75 81 132
75 110 132
17 33 75
8 57 105
40 62 68
8 57 68
5 48 133
17 38 60
8 105 147
30 44 49
45 49 88
22 30 105
29 45 98
29 45 88
25 29 88
56 98 145
22 25 140
22 57 105
29 98 145
31 47 82
82 107 142
47 82 107
1 20 47
37 108 130
107 130 142
37 62 108
21 89 120
70 93 111
35 86 115
20 79 124
85 86 115
85 93 111
14 71 84
21 70 120
70 116 120
14 71 133
48 83 133
5 14 26
10 16 24
9 16 99
5 9 26
71 83 111
71 83 133
80 84 138
16 24 84
12 28 92
24 104 148
46 54 148
54 101 112
46 54 101
11 61 85
76 87 101
109 126 129
103 109 126
107 127 130
1 107 127
49 106 146
67 104 112
34 102 134
102 131 134
99 113 125
44 95 106
95 106 143
91 100 117
32 90 136
51 90 136
77 89 127
82 130 142
81 132 134
34 81 134
78 79 128
76 78 128
77 108 127
13 77 108
70 83 116
77 89 120
17 68 75
67 92 104
65 121 122
110 134 143
64 73 141
53 64 141
64 131 137
64 131 134
64 119 137
53 64 118
63 125 144
50 63 144
99 125 131
41 63 91
63 91 136
23 61 76
11 61 76
51 91 136
46 69 148
119 137 144
70 83 111
27 58 109
58 106 143
15 58 106
15 58 97
58 59 149
22 56 57
37 56 57
61 85 138
51 65 121
55 85 93
55 85 86
55 70 93
53 114 118
19 50 144
19 41 123
10 72 92
16 99 113
13 40 62
95 110 143
13 77 120
43 125 136
71 85 138
20 89 127
71 84 138
97 106 146
2 4 39
27 58 149
22 140 145
64 118 119
37 62 68
5 33 75
67 101 112
3 5 75
0 6 117
58 109 146
5 38 48
31 56 98
36 58 59
2 39 52
65 90 113
3 9 102
19 74 123
6 67 101
9 99 102
13 120 139
2 41 91
19 41 50
53 114 141
4 39 135
20 66 89
21 35 89
41 52 123
37 82 130
22 25 30
5 38 60
25 29 140
16 113 122
23 76 87
43 63 125
23 61 69
31 56 82
21 55 70
24 69 80
6 78 101
65 113 122
8 75 147
13 40 139
32 125 136
24 69 148
5 17 60
25 30 88
0 100 117
8 68 75
58 97 146
19 42 119
38 48 68
19 119 144
20 35 124
20 35 66
21 35 86
21 55 86
27 103 126
10 92 104
28 72 92
30 44 147
22 56 145
73 94 141
40 116 120
23 46 69
23 87 101
23 46 101
36 64 134
61 69 138
28 91 117
28 91 121
29 140 145
19 42 74
35 76 128
5 17 33
35 76 115
35 79 124
35 79 128
108 127 130
35 66 89
36 64 73
36 73 94
36 59 94
37 57 68
37 56 82
2 41 52
48 68 116
40 68 116
30 105 147
7 42 74
54 104 148
48 83 116
110 132 134
54 104 112
