41 51 63
75 95 147
67 112 148
42 114 119
12 67 92
14 26 84
0 2 6
10 16 122
39 52 123
42 96 114
94 96 141
49 97 106
32 43 125
37 56 130
17 33 60
44 110 143
30 49 88
56 130 142
69 85 138
40 120 139
69 80 138
39 52 135
41 51 91
51 91 121
41 74 123
0 6 100
91 100 121
100 117 121
6 12 67
10 24 104
28 72 104
51 65 122
32 43 136
32 90 113
32 113 125
24 80 84
99 102 131
43 50 125
43 63 136
43 50 63
7 39 42
53 118 141
114 118 119
53 64 73
36 58 134
64 134 137
36 58 149
53 94 141
36 59 149
96 126 129
103 109 129
18 109 129
27 103 129
59 126 149
18 45 146
22 30 88
44 49 106
15 58 143
44 106 143
44 105 147
44 95 110
44 95 147
34 81 102
75 81 132
3 33 75
110 132 143
38 83 116
17 68 147
38 68 116
8 68 147
8 57 68
5 48 133
30 44 49
22 37 56
29 45 98
22 25 88
25 29 88
22 25 140
22 57 105
22 56 140
56 140 145
29 98 145
82 107 142
37 108 130
107 130 142
57 62 68
40 62 139
37 62 108
1 108 127
66 77 89
13 108 127
35 86 115
20 79 124
20 66 124
85 93 111
14 71 84
70 116 120
48 83 133
5 14 26
10 16 24
5 9 26
71 83 111
71 83 133
80 84 138
61 69 85
10 72 104
24 46 148
24 104 148
6 67 78
67 92 148
28 92 104
92 104 148
46 54 148
54 112 148
54 101 112
46 54 101
11 23 61
11 61 85
11 23 87
76 79 128
98 142 145
27 129 149
71 111 138
13 108 139
1 107 108
99 113 125
95 110 132
28 92 117
81 132 134
34 81 134
76 79 87
79 87 101
28 72 117
21 70 89
70 83 116
77 89 120
67 78 101
72 117 121
65 99 113
56 142 145
64 119 144
53 64 118
99 125 131
32 63 90
50 63 74
51 63 65
40 62 116
17 60 68
59 96 126
59 94 96
58 132 134
70 83 111
58 132 143
57 105 147
38 60 83
55 93 111
55 85 93
55 85 86
0 52 100
52 91 100
51 72 121
50 125 144
19 50 144
62 68 116
97 106 143
126 129 149
39 74 123
15 103 109
15 27 103
13 77 120
13 66 127
85 111 138
17 33 147
125 131 137
2 52 135
96 114 118
7 50 74
71 84 138
125 137 144
5 48 60
27 58 149
35 76 87
64 118 119
107 108 130
29 49 88
22 30 44
7 42 50
15 27 58
67 101 112
31 47 107
32 63 136
10 51 122
2 4 135
3 81 102
36 53 94
62 108 139
5 33 60
65 90 113
3 9 102
10 51 72
41 63 74
18 97 146
8 57 147
9 99 102
13 120 139
64 137 144
1 66 127
31 98 142
96 118 141
11 35 115
5 9 33
16 24 26
21 35 89
41 52 123
92 100 117
20 47 107
6 12 92
3 75 81
6 92 100
11 86 115
34 102 137
5 71 133
25 29 140
23 61 69
21 55 70
24 69 80
3 9 33
22 37 62
5 14 71
48 60 83
0 2 52
19 42 119
34 134 137
19 119 144
22 44 105
1 20 107
36 53 73
21 35 86
22 57 62
21 55 86
15 97 143
1 20 66
11 85 86
40 116 120
45 49 97
23 46 69
23 87 101
31 82 142
23 46 101
24 46 69
78 79 101
26 65 122
9 26 65
36 64 134
102 131 137
29 45 49
35 66 124
29 140 145
9 65 99
31 82 107
75 95 132
33 75 147
13 66 77
35 76 128
45 97 146
35 79 124
35 79 128
15 18 97
11 35 87
70 89 120
35 66 89
36 64 73
36 59 94
7 39 74
55 70 111
16 26 122
15 18 109
24 26 84
38 60 68
41 52 91
19 42 50
63 65 90
