-732.057 1223.82
754.557 -412.558
1882.77 240.531
-86.7418 1767.4
-1290.77 589.797
1067.81 -370.822
690.735 287.212
1929.91 -1425.08
-817.166 -1961.5
-986.109 -640.274
515.758 75.7071
-1095.16 -994.085
1794.14 566.138
-13.7527 -1924.35
-1481.07 1822.87
-60.6002 -213.131
1046.69 -1306.04
1374.31 929.463
934.487 -712.431
696.868 1643.72
1877.37 -235.322
-727.102 568.102
-1948.11 -797.191
1143.02 -765.277
-758.688 -1843.08
594.449 1757.07
232.622 1499.29
-1237.02 26.7606
65.4245 749.232
102.409 584.35
572.106 -1958.19
-1628.78 -381.2
-1264.23 1745.53
-1451.74 1670.25
-966.901 1245.13
1313.97 -1089.53
-990.191 -1413.13
1478.57 -938.301
-210.32 621.591
296.422 1030.99
778.506 -1109.13
788.061 -988.871
-1609.84 1551.05
1037.89 455.583
300.278 -859.702
-960.067 -1127.62
-817.893 -588.848
491.183 -82.1273
-843.318 1039.45
-411.875 189.781
284.577 -1097.9
1100.25 1294.39
-511.031 578.814
-1643.91 1278.65
-799.595 652.508
309.64 1978.91
1543.38 -902.299
-1009.96 1933.54
-1351.25 -1972.07
389.121 949.024
-831.773 1429.05
1821.41 350.334
-1159.79 312.591
-1731.79 -3.11218
-647.963 -143.668
-1813.33 1636.61
758.43 1286.92
931.001 -1752.6
-134.271 1287.09
1526.05 1066.13
-60.4051 -164.313
1045.05 -517.025
933.388 -1964.91
-583.487 1582.13
-1936.99 1805.63
531.159 -768.758
1234.69 352.566
1581.58 -1925.11
-1334.84 1849.78
71.7806 17.1942
-293.885 258.45
-346.191 -1535.45
-454.635 -1415.19
-1288.06 1411.09
1871.9 -1762.01
477.229 -188.508
73.6797 -477.725
1294.47 -992.932
-442.64 -1289.02
-1410.8 -379.625
-1483.39 1120.36
851.616 1751.3
-527.073 433.192
1826.19 138.084
282.975 -102.027
-1844.72 1989.09
-1843.58 -190.912
-1546.36 -298.212
393.898 -834.419
-887.117 265.795
-596.427 1590.11
-1922.71 1477.25
-887.613 1371.75
-1515.68 669.747
-1917.27 -926.477
-1709.88 -1400.65
-1806.12 1141.74
-1649.35 -333.188
-425.069 -1823.16
1804.9 1857.91
74.8121 1960.17
1847 231.235
-230.738 -1699.37
1933.02 -1836.84
-533.786 -954.094
428.955 869.787
-1363.98 506.242
347.04 -251.595
-122.005 831.361
-1581.85 -39.2716
1904.88 -1291.73
560.074 -1901.23
1850.01 910.72
-234.419 -575.057
1087.56 -429.523
-717.151 -837.629
-469.348 -870.154
1393.61 1299.91
-569.522 1326.63
1463.07 896.692
-1627.46 -107.971
-233.521 -991.446
-1601.73 -1886.48
756.958 276.267
944.88 1175.11
-1763 849.764
1883.38 797.07
948.533 1733.4
-292.21 -1285.89
-841.66 -1204.65
284.59 441.189
-42.28 1815.24
1571.03 -648.674
1115.16 -998.487
-1322.04 578.231
1898.21 -949.509
-1529.74 -335.315
59.0449 -1131.47
-221.796 -1184
1144.8 -1276.92
1991.11 1381.79
1572.85 1874.5
178.863 521.382
1607.89 1886.65
1235.5 -1233.77
-1318 -479.914
1207.42 639.722
-664.672 778.459
1991.05 -1549.52
1779.97 -1331
1028.72 1678.18
-280.505 1498.98
-657.137 1778.54
-1632.49 1121.07
-1405.46 1512.31
1844.15 -1414.34
894.099 1417
-1539.84 -927.038
-61.6169 -1931.95
-1040.39 -826.121
-1165.72 -358.383
693.965 -1958.29
-1718.66 -1970.71
820.168 -1727.61
-1520.22 600.141
-1058.61 1508.49
278.319 660.885
1007.47 1621.18
439.425 1374.97
742.25 1033.97
887.28 586.402
1619.63 -218.621
3.40294 -1920.22
854.341 1941.79
-1852.17 1813.96
-884.335 -1017.88
-544.428 1809.63
-976.175 -263.089
1838.92 1843.99
9.29774 -1681.3
444.134 950.688
1827.19 -1277.55
-388.426 834.66
-1656.36 -1949
209.635 1085.89
1084.97 -903.085
-327.713 704.593
878.294 1675.69
784.374 -267.365
1617.48 932.204
