74 206 281
43 48 334
45 215 278
8 61 280
120 121 178
36 116 331
2 27 338
141 263 310
8 156 227
64 112 215
59 116 133
127 161 286
0 67 184
13 86 312
56 97 323
44 243 326
53 205 309
60 229 307
13 168 311
155 263 266
181 257 327
164 186 349
94 165 260
104 234 348
170 185 348
46 94 336
107 274 295
10 107 240
125 310 322
120 178 302
224 248 256
15 92 312
99 204 229
84 217 341
84 334 341
34 70 136
22 239 328
163 224 301
105 217 328
179 248 304
31 133 278
90 132 341
23 36 304
26 163 281
248 256 304
63 65 75
110 145 182
63 206 289
31 64 215
19 26 163
188 220 223
144 149 208
91 113 288
12 57 198
12 182 279
8 156 280
8 83 167
17 319 334
47 83 306
39 102 162
161 286 299
144 175 282
122 246 292
246 282 326
88 146 212
154 191 283
203 212 271
243 321 326
88 164 349
58 172 251
106 187 337
49 172 251
106 135 193
131 205 284
210 311 327
106 135 187
17 171 334
50 209 222
96 123 132
229 250 307
178 277 302
10 107 274
1 250 270
37 262 314
72 294 296
33 66 199
33 139 218
33 66 139
124 252 273
185 336 348
46 55 78
136 170 242
136 170 185
69 70 124
34 70 273
30 285 325
30 244 285
240 285 325
147 242 244
141 147 244
30 158 291
104 141 147
104 170 348
104 141 234
141 234 263
155 234 263
94 155 336
79 266 329
79 263 266
60 165 200
1 228 270
60 99 295
99 204 272
50 101 222
60 99 229
200 250 307
60 274 295
204 229 250
60 274 322
60 200 307
107 295 305
60 322 339
79 125 329
151 222 305
2 16 201
16 151 291
30 158 244
22 27 140
2 158 291
2 16 291
16 90 201
2 140 201
151 305 325
96 132 334
32 255 269
43 48 209
17 171 337
47 82 337
48 171 334
43 209 265
84 156 301
16 90 132
132 334 341
105 196 235
90 217 341
23 36 116
105 235 328
84 105 301
84 105 217
105 196 219
235 239 328
140 217 328
22 69 239
22 27 69
22 140 328
27 69 338
2 27 140
69 70 338
242 244 338
69 124 252
70 124 273
78 252 273
54 59 235
54 235 239
36 75 331
23 111 116
51 75 179
65 75 331
4 45 215
59 111 116
65 115 331
31 116 133
64 110 300
4 112 215
31 115 289
63 206 281
74 206 289
51 63 75
219 256 301
12 57 279
3 128 167
12 198 276
19 26 87
62 110 182
12 182 276
62 87 225
62 182 276
74 289 300
74 225 300
91 288 299
31 215 278
4 112 145
143 254 333
133 252 278
254 315 333
138 152 157
254 315 344
176 315 344
176 278 344
288 299 344
143 152 254
254 290 344
138 254 290
138 152 254
113 173 220
4 259 347
45 143 333
143 152 347
4 145 259
160 259 347
220 223 238
57 128 238
3 28 89
71 89 173
89 220 238
89 173 220
113 150 288
113 160 220
91 113 173
144 207 208
144 286 299
278 299 344
11 161 299
91 189 299
71 173 318
144 149 282
71 130 303
28 71 89
71 130 318
18 73 81
320 335 346
3 268 346
268 293 335
3 28 320
268 335 346
57 68 128
19 68 128
3 320 346
19 68 276
3 167 268
84 156 280
61 84 280
19 163 227
8 167 227
224 256 301
105 219 301
8 14 61
83 298 306
214 298 335
14 47 337
49 102 172
82 187 337
39 102 172
35 39 343
49 180 251
58 117 172
35 39 172
35 117 172
53 180 251
58 251 297
35 117 343
142 343 345
117 343 345
117 340 345
102 162 317
18 29 162
18 162 166
29 214 298
7 308 342
7 29 342
18 29 73
29 214 342
149 214 303
149 282 308
282 308 326
20 122 127
11 122 161
20 127 175
122 127 161
20 175 282
243 271 321
11 122 261
122 261 292
56 243 271
56 97 271
88 159 164
93 271 321
137 202 343
142 340 345
93 142 321
93 212 271
93 142 212
0 77 183
97 203 271
183 192 203
192 213 323
24 134 226
191 236 287
191 236 245
154 191 226
42 236 287
11 24 245
42 236 245
42 190 287
0 67 77
77 190 283
42 77 190
77 192 283
77 183 192
0 183 275
88 146 159
114 159 183
114 159 194
0 184 275
114 183 275
42 67 77
72 118 296
194 195 211
114 194 233
177 195 211
146 183 203
146 159 183
146 203 212
169 230 309
164 186 211
72 294 324
72 177 324
194 195 233
72 177 231
126 294 296
72 118 231
126 169 294
40 126 296
76 131 237
40 148 296
9 85 267
9 126 169
221 314 316
9 103 169
221 253 316
40 148 249
197 221 253
37 249 262
6 197 253
76 131 205
86 92 312
5 25 232
21 80 264
21 103 267
9 103 267
76 205 309
21 80 309
53 180 205
230 297 349
53 230 309
247 311 330
49 284 332
49 102 332
193 284 332
106 171 337
32 106 171
32 171 255
32 269 284
48 210 257
50 181 257
210 257 327
168 311 327
210 247 255
210 247 311
100 311 330
100 237 311
13 86 168
86 168 258
1 178 250
232 277 302
41 52 108
95 174 313
120 121 258
181 204 272
41 52 277
38 228 270
52 108 228
38 108 228
33 98 199
98 129 199
98 109 313
98 129 174
98 174 313
38 95 313
129 153 199
5 6 197
5 197 216
5 216 232
129 253 316
85 221 267
37 148 249
129 153 316
37 119 148
66 199 241
37 119 153
33 109 218
33 98 109
153 199 241
297 340 349
186 324 349
125 322 329
142 321 343
14 319 337
246 292 326
44 292 326
288 290 344
274 310 322
260 329 339
247 269 330
141 244 310
240 285 310
107 240 305
240 305 325
54 239 252
100 237 284
96 265 334
216 232 264
169 230 294
230 251 297
53 230 251
322 329 339
293 298 335
191 226 245
74 225 281
101 222 295
219 256 304
38 218 270
202 321 343
216 221 267
214 308 342
149 214 308
134 213 226
130 208 318
230 294 349
144 207 299
168 204 327
202 321 326
202 308 326
90 201 217
140 201 217
102 187 332
222 295 305
182 188 259
43 265 334
145 182 259
189 207 299
49 180 284
180 205 284
10 274 310
1 178 228
121 178 204
178 204 250
177 186 211
127 175 286
129 174 253
6 174 253
173 207 318
83 293 298
173 189 207
91 173 189
48 171 210
171 210 255
83 167 293
167 268 293
137 166 343
39 162 343
294 324 349
160 188 259
160 188 220
159 164 211
159 194 211
156 163 227
156 163 301
155 234 348
97 203 323
155 336 348
94 155 260
37 153 314
153 314 316
152 157 160
151 209 222
123 151 209
45 176 278
121 204 258
88 340 349
57 223 238
59 196 235
25 41 95
52 178 228
51 63 281
96 209 265
19 128 227
50 181 272
298 306 317
85 221 262
154 192 283
34 55 78
48 50 257
152 160 347
40 85 249
109 218 313
46 136 185
165 218 270
44 213 261
29 73 81
88 142 212
34 55 136
192 203 323
21 103 309
38 218 313
45 143 347
7 81 202
58 117 340
128 167 227
40 85 126
5 25 174
46 55 136
100 269 330
48 50 209
59 111 196
19 62 87
70 136 338
57 68 276
190 283 287
16 132 151
165 250 270
31 289 300
188 223 279
50 101 272
17 319 337
51 163 224
131 237 284
25 232 277
8 14 83
44 213 323
13 237 312
181 204 327
179 224 248
67 114 184
123 132 151
244 285 310
2 158 244
45 176 315
177 186 324
44 56 323
29 298 317
207 208 318
21 216 267
25 95 174
75 179 304
38 41 108
20 122 246
15 76 309
69 239 252
2 244 338
247 255 269
66 153 241
44 261 292
38 41 95
13 237 311
7 202 308
162 166 343
85 249 262
59 133 252
15 80 264
221 262 314
130 149 303
45 315 333
63 115 289
31 64 300
14 61 334
134 213 261
15 237 312
15 76 237
63 65 115
15 80 309
18 81 202
18 166 202
20 246 282
168 204 258
150 157 160
19 62 276
150 288 290
64 110 112
14 319 334
34 78 273
52 178 277
11 24 261
99 101 272
99 101 295
191 283 287
32 106 284
25 41 277
15 92 264
260 266 329
136 242 338
28 214 335
7 29 81
66 119 148
66 119 153
67 114 233
196 219 304
67 118 296
67 118 231
67 177 231
31 115 116
67 177 233
61 84 334
79 125 310
60 260 339
36 75 304
10 240 310
82 306 317
71 214 303
57 223 279
28 71 214
82 102 187
144 175 286
87 225 281
57 198 276
79 263 310
165 200 250
115 116 331
82 102 317
9 85 126
47 82 306
51 179 224
182 188 279
88 142 340
14 47 83
30 151 291
3 89 128
89 128 238
58 297 340
44 56 243
92 232 258
96 123 209
86 92 258
154 192 213
4 45 347
29 162 317
60 165 260
100 269 284
24 134 261
24 226 245
46 185 336
113 150 160
103 169 309
154 213 226
177 195 233
104 170 242
104 147 242
106 193 284
54 59 252
197 216 221
137 166 202
155 260 266
130 149 208
51 163 281
62 110 225
110 225 300
23 111 304
111 196 304
114 184 275
120 232 258
120 232 302
66 139 148
28 320 335
30 151 325
135 187 332
135 193 332
92 232 264
138 150 290
138 150 157
26 87 281
5 6 174
110 112 145
21 216 264
