74 206 281
43 48 334
45 215 278
31 64 289
8 61 280
7 29 73
10 240 285
65 115 289
2 27 338
36 179 304
26 74 225
68 198 276
127 161 286
0 67 184
13 86 312
44 243 326
13 168 311
119 139 148
164 186 349
94 165 260
80 92 264
104 234 348
170 185 348
10 285 310
54 133 252
141 285 310
10 107 240
125 310 322
156 227 301
10 310 322
30 291 325
224 248 256
15 92 312
14 61 319
99 204 229
84 217 341
2 158 338
84 334 341
34 70 136
22 239 328
163 224 301
105 217 328
179 248 304
196 256 304
90 132 341
23 36 304
26 163 281
248 256 304
63 65 75
36 75 179
63 65 289
110 145 182
63 206 289
145 182 188
19 26 163
152 157 347
188 220 223
144 149 208
130 207 208
91 113 288
12 57 198
62 87 276
28 71 303
12 182 279
14 17 337
8 14 47
17 319 334
14 17 319
47 83 306
39 102 162
81 137 166
130 207 318
202 308 321
161 286 299
144 189 207
246 282 326
44 243 323
56 243 323
88 146 212
154 191 283
243 321 326
88 164 349
142 202 321
53 230 297
58 172 251
237 311 312
49 172 251
106 135 193
210 311 327
169 230 349
49 180 205
17 171 334
50 209 257
151 291 325
50 209 222
229 250 307
10 107 274
125 329 339
1 250 270
121 168 204
37 262 314
33 139 218
33 66 139
124 252 273
185 336 348
46 55 78
55 78 273
136 170 242
136 170 185
69 70 124
107 305 325
141 244 285
30 244 285
158 244 338
147 242 244
141 147 244
30 158 291
104 141 147
104 170 348
104 141 234
141 234 263
155 234 263
266 329 339
260 266 339
60 165 200
125 322 339
1 228 270
165 200 270
99 204 272
204 229 250
60 200 307
10 274 322
79 125 329
79 125 263
107 240 325
16 151 291
30 158 244
22 27 140
2 158 291
16 90 201
151 305 325
96 132 334
101 181 272
32 255 269
123 209 265
43 48 209
17 171 337
48 209 257
48 171 334
43 209 265
84 156 301
16 90 132
132 334 341
105 196 235
90 140 201
90 217 341
90 140 217
105 235 328
84 105 301
84 105 217
196 219 256
105 196 219
140 217 328
54 69 239
22 69 239
22 27 69
22 140 328
27 69 338
2 27 140
69 70 338
242 244 338
54 59 133
70 124 273
78 252 273
54 59 235
59 111 235
111 196 235
4 45 215
65 115 331
31 116 133
64 110 300
31 116 331
4 112 215
31 115 289
31 115 331
63 206 281
74 206 289
26 74 281
51 179 248
51 224 248
219 256 301
12 57 279
3 128 167
12 198 276
26 87 225
19 26 87
62 110 182
12 182 276
62 87 225
62 182 276
64 112 145
62 110 300
64 110 145
74 225 300
62 225 300
91 288 299
176 315 333
143 254 333
254 315 333
138 152 157
254 315 344
176 315 344
176 278 344
288 299 344
4 259 347
45 143 333
143 152 347
145 188 259
160 259 347
220 223 238
83 298 335
71 89 173
89 220 238
189 207 318
157 160 347
113 160 220
91 113 173
144 189 299
144 207 208
127 144 286
144 286 299
127 144 175
278 299 344
11 161 299
91 189 299
71 173 318
149 208 303
71 130 303
71 130 318
130 208 303
83 268 293
83 293 335
214 320 335
320 335 346
268 293 335
3 28 320
268 335 346
19 68 128
3 320 346
19 128 167
57 68 198
19 167 227
84 156 280
61 84 280
8 167 227
224 256 301
105 219 301
8 14 61
8 47 83
83 298 306
214 298 335
82 187 317
49 102 172
82 187 337
35 39 343
49 180 251
58 117 172
35 117 172
53 180 251
88 297 340
88 297 349
308 321 326
88 212 340
142 212 340
117 340 345
39 162 166
18 162 166
29 214 298
7 308 342
7 29 342
7 73 81
149 308 342
29 214 342
149 282 308
282 308 326
122 246 282
20 122 127
11 122 161
20 127 175
122 127 161
20 175 282
20 122 282
243 271 321
11 122 261
88 159 164
142 202 343
93 271 321
81 137 202
137 202 343
93 142 321
93 212 271
93 142 212
97 192 203
154 213 261
97 203 271
183 192 203
11 134 261
134 154 261
191 236 287
134 154 226
191 236 245
154 213 283
42 236 287
11 24 245
42 236 245
24 191 245
42 190 287
0 67 77
77 190 283
42 77 190
77 192 283
88 146 159
114 159 183
114 159 194
114 183 275
42 67 77
72 118 296
194 195 211
177 195 211
146 183 203
146 159 183
169 230 309
164 186 211
177 211 324
72 177 324
177 195 231
118 231 296
126 294 296
67 231 296
126 169 294
40 126 296
76 131 237
40 148 296
9 85 267
221 314 316
40 126 249
40 148 249
76 131 205
86 92 312
5 25 232
21 103 267
9 103 267
21 80 309
230 297 349
53 230 309
48 171 255
49 284 332
49 102 332
269 284 330
193 284 332
106 171 337
32 106 171
32 106 193
32 171 255
210 257 327
168 311 327
210 247 255
13 311 312
100 311 330
100 131 237
100 237 311
15 80 92
15 76 80
232 258 302
120 258 302
1 178 250
95 174 313
120 121 258
121 168 258
99 272 295
101 272 295
181 204 272
38 165 270
1 178 277
38 228 270
52 108 228
38 108 228
38 95 108
38 165 218
98 129 199
41 95 108
98 109 313
41 95 174
98 129 174
98 174 313
38 95 313
38 109 313
6 129 174
25 41 174
6 129 253
129 153 199
216 264 267
197 216 267
92 216 264
5 197 216
37 314 316
85 262 314
85 221 267
85 221 314
197 221 267
37 119 148
37 119 153
37 153 316
33 109 218
38 109 218
153 199 241
340 343 345
214 303 342
28 303 320
214 303 320
246 292 326
44 292 326
288 290 344
192 283 323
274 322 339
72 296 324
60 274 339
274 295 305
107 274 305
263 266 329
48 255 257
247 269 330
294 296 324
246 261 292
96 265 334
156 227 280
8 227 280
101 222 295
133 215 252
200 270 307
213 261 292
186 211 294
211 294 324
209 222 305
168 204 327
197 253 316
32 193 269
193 269 284
102 187 332
222 295 305
183 184 192
183 184 275
43 265 334
50 181 222
180 205 309
53 180 309
121 178 204
178 204 250
173 189 318
91 173 189
169 186 349
167 268 346
3 167 346
39 166 343
137 166 343
149 303 342
260 263 266
162 187 317
102 162 187
150 160 288
160 188 259
160 188 220
159 164 211
159 194 211
155 234 348
155 336 348
94 155 260
153 253 316
129 153 253
149 175 282
51 63 179
45 176 278
54 69 124
57 223 238
2 140 291
142 340 343
55 70 273
54 124 252
53 58 297
51 63 281
210 311 330
298 306 317
213 283 323
49 131 284
54 235 328
33 66 241
54 239 328
34 55 136
21 103 309
45 143 347
79 263 329
144 149 175
44 213 292
7 81 202
58 117 340
11 134 226
5 25 174
23 116 331
36 65 75
36 65 331
169 186 294
35 117 345
35 343 345
138 254 344
70 136 338
138 290 344
190 283 287
16 132 151
31 112 215
188 223 279
114 195 233
51 163 224
30 240 285
30 240 325
44 213 323
14 47 82
50 181 327
181 204 327
8 167 268
11 24 226
56 97 192
67 114 184
123 132 151
76 80 205
8 83 268
33 199 241
16 201 291
29 298 317
197 221 316
126 249 262
23 59 133
247 255 269
146 212 271
66 153 241
53 58 251
31 133 215
100 131 330
7 202 308
24 154 191
25 232 302
5 92 232
96 132 265
5 197 253
5 6 253
85 126 262
1 52 228
118 177 231
5 92 216
23 36 331
41 108 277
101 181 222
140 201 291
15 237 312
15 76 237
123 132 265
46 94 155
55 136 185
0 77 192
150 157 160
135 187 337
3 28 71
150 288 290
19 163 301
3 71 89
46 155 336
125 141 263
23 116 133
24 154 226
155 260 263
34 55 70
14 82 337
191 283 287
23 59 111
25 41 277
25 277 302
56 192 323
136 242 338
67 195 233
13 86 258
63 75 179
18 73 166
64 74 289
113 160 288
67 114 233
215 252 278
46 55 185
45 176 333
131 284 330
61 84 334
57 68 238
1 52 277
19 68 87
60 260 339
64 74 300
82 306 317
57 223 279
18 73 162
0 184 192
29 73 162
73 81 166
138 143 254
99 229 307
50 257 327
210 247 330
80 205 309
21 80 267
13 168 258
9 85 126
47 82 306
56 97 243
182 188 279
37 148 262
89 113 220
89 113 173
3 89 128
89 128 238
58 297 340
122 246 261
4 112 259
92 232 258
86 92 258
97 243 271
60 99 274
99 274 295
4 45 347
60 99 307
29 162 317
80 264 267
60 165 260
35 39 102
46 185 336
35 102 172
250 270 307
103 126 169
9 103 126
103 169 309
68 87 276
104 170 242
104 147 242
68 128 238
67 195 231
138 143 152
52 108 277
98 109 199
125 141 310
33 109 199
51 163 281
49 131 205
23 111 304
111 196 304
112 145 259
114 184 275
114 194 195
72 118 177
120 277 302
120 121 277
61 319 334
121 178 277
123 209 305
19 227 301
123 151 305
210 255 257
135 187 332
135 193 332
146 203 271
106 135 337
148 249 262
138 150 290
138 150 157
66 139 153
119 139 153
31 64 112
5 6 174
