74 206 281
45 215 278
31 64 289
8 61 280
120 121 178
7 29 73
2 27 338
141 263 310
8 156 227
64 112 215
59 116 133
127 161 286
0 67 184
13 86 312
56 97 323
44 243 326
60 229 307
13 168 311
181 257 327
164 186 349
94 165 260
170 185 348
54 133 252
141 285 310
10 107 240
125 310 322
120 178 302
10 310 322
99 204 229
84 217 341
84 334 341
163 224 301
179 248 304
26 163 281
248 256 304
163 224 281
63 65 75
51 63 224
110 145 182
63 206 289
145 182 188
31 64 215
19 26 163
188 220 223
91 113 288
150 290 344
12 57 198
62 87 276
12 182 279
8 156 280
17 319 334
47 83 306
39 102 162
161 286 299
144 189 207
122 246 292
246 282 326
81 202 308
88 146 212
154 191 283
243 321 326
88 164 349
142 202 321
53 230 297
58 172 251
237 311 312
106 135 193
131 205 284
210 311 327
169 230 349
255 269 330
101 295 305
17 171 334
50 209 222
96 123 132
229 250 307
178 277 302
1 250 270
119 153 241
37 262 314
33 66 199
33 139 218
33 66 139
185 336 348
34 55 273
34 55 185
34 136 185
147 170 242
136 170 185
141 244 285
30 244 285
240 285 325
147 242 244
70 242 338
141 147 244
30 158 291
104 141 147
104 147 170
104 170 348
125 263 310
141 234 263
155 234 263
79 266 329
79 263 266
60 165 200
1 228 270
60 99 295
50 101 222
60 99 229
200 250 307
60 274 295
60 274 322
60 200 307
101 222 305
60 322 339
79 125 329
79 125 263
16 151 291
30 158 244
22 27 140
2 158 291
16 90 201
151 305 325
16 123 151
16 123 132
101 181 272
32 255 269
43 48 209
17 171 337
43 209 265
84 156 301
16 90 132
90 140 201
90 217 341
84 105 301
84 105 217
105 196 219
22 140 328
27 69 338
2 27 140
242 244 338
54 59 133
23 111 196
70 124 273
54 59 235
54 235 239
36 75 331
59 111 235
23 111 116
111 196 235
65 75 331
4 45 215
59 111 116
65 115 331
31 116 133
64 110 300
64 289 300
31 116 331
4 112 215
31 115 289
31 115 331
63 206 281
74 206 289
63 224 281
26 74 281
51 179 248
219 256 301
83 167 268
19 87 276
182 223 279
12 57 279
3 128 167
12 198 276
19 26 87
62 110 182
12 182 276
62 87 225
62 182 276
64 112 145
74 289 300
64 110 145
74 225 300
91 288 299
176 315 333
143 254 333
45 278 333
254 315 333
138 152 157
176 278 333
254 315 344
176 315 344
176 278 344
288 299 344
138 157 290
254 290 344
150 288 344
138 254 290
150 157 290
113 173 220
4 259 347
45 143 333
145 188 259
182 188 223
160 259 347
220 223 238
83 298 335
89 220 238
89 173 220
157 160 347
113 150 288
113 160 220
91 113 173
144 207 208
127 144 286
127 144 175
278 299 344
11 161 299
91 189 299
28 214 320
71 130 303
130 208 303
83 268 293
83 293 335
214 320 335
320 335 346
3 268 346
268 293 335
3 28 320
268 335 346
19 68 128
3 320 346
19 68 276
3 167 268
84 156 280
61 84 280
19 163 227
224 256 301
105 219 301
8 47 83
83 298 306
82 187 317
7 81 308
82 187 337
39 102 172
35 39 343
49 180 251
58 117 172
35 39 172
35 117 172
53 180 251
88 297 340
88 297 349
58 251 297
88 212 340
142 212 340
117 340 345
18 29 162
18 162 166
7 308 342
7 29 342
7 73 81
18 29 73
149 308 342
29 214 342
149 282 308
282 308 326
20 122 127
11 122 161
20 127 175
122 127 161
20 175 282
11 122 261
122 261 292
97 192 323
56 243 271
56 97 271
88 159 164
142 202 343
137 202 343
93 142 321
93 212 271
93 142 212
97 192 203
154 213 261
183 192 203
192 213 323
11 134 261
134 154 261
191 236 287
134 154 226
191 236 245
154 191 226
42 236 287
11 24 245
42 236 245
42 190 287
0 67 77
77 190 283
42 77 190
77 192 283
77 183 192
88 146 159
114 159 183
114 159 194
0 184 275
114 183 275
42 67 77
72 118 296
67 231 233
67 184 233
194 195 211
146 183 203
146 159 183
146 203 212
164 186 211
72 177 324
195 231 233
177 195 231
118 231 296
72 177 231
126 294 296
72 118 231
67 231 296
126 169 294
40 126 296
76 131 237
40 148 296
9 85 267
221 314 316
221 253 316
40 126 249
40 148 249
197 221 253
76 131 205
21 103 169
21 103 267
9 103 267
76 205 309
21 80 309
53 251 297
230 297 349
53 230 309
100 131 284
49 284 332
49 102 332
193 284 332
32 193 284
106 171 337
135 187 193
32 106 171
32 106 193
32 171 255
32 269 284
48 210 257
247 255 330
50 181 257
210 257 327
210 247 255
13 311 312
100 131 237
100 237 311
13 86 168
86 232 258
232 258 302
86 168 258
120 258 302
1 178 250
86 92 232
120 121 258
101 272 295
50 101 181
121 178 250
38 228 270
33 98 199
98 129 199
98 109 313
6 25 174
41 95 174
98 129 174
38 95 313
38 109 313
25 41 174
129 153 199
216 264 267
197 216 267
92 216 264
5 197 216
129 253 316
85 221 267
197 221 267
129 153 316
37 119 148
66 199 241
37 119 153
33 109 218
33 98 109
38 109 218
153 199 241
340 343 345
125 322 329
14 319 337
214 303 342
246 292 326
44 292 326
72 296 324
274 295 305
107 274 305
260 329 339
294 296 324
240 285 310
107 240 305
240 305 325
96 265 334
322 329 339
191 226 245
219 256 304
38 218 270
133 215 252
186 211 294
211 294 324
209 222 305
130 208 318
99 204 295
202 321 326
202 308 326
196 217 235
105 196 217
195 211 324
144 189 286
187 193 332
102 187 332
43 265 334
181 311 327
180 205 309
53 180 309
49 180 284
180 205 284
129 174 253
6 174 253
173 207 318
173 189 207
91 173 189
48 171 210
171 210 255
169 186 349
168 181 272
168 204 272
137 166 343
81 166 202
39 162 343
149 303 342
260 263 266
162 187 317
102 162 187
160 188 259
160 188 220
159 164 211
159 194 211
156 163 227
156 163 301
155 234 348
155 336 348
94 155 260
37 153 314
153 314 316
30 151 285
151 285 325
149 175 282
51 63 179
121 204 258
121 229 250
57 223 238
54 124 239
2 140 291
142 340 343
54 124 252
96 209 265
51 248 256
38 52 228
19 128 227
298 306 317
85 221 262
154 192 283
48 50 257
14 47 61
165 218 270
44 213 261
43 171 334
45 143 347
0 77 275
144 149 175
43 48 171
58 117 340
128 167 227
11 134 226
100 269 330
23 116 331
48 50 209
169 186 294
35 117 345
35 343 345
57 68 276
89 173 318
190 283 287
165 250 270
114 195 233
17 319 337
46 78 273
44 213 323
217 235 328
21 230 309
14 47 82
11 24 226
15 86 312
2 158 244
90 140 328
144 208 303
44 56 323
22 235 239
104 141 348
16 201 291
29 298 317
207 208 318
75 179 304
38 41 108
121 204 229
20 122 246
15 76 309
126 249 262
2 244 338
51 224 256
70 136 170
204 272 295
46 55 273
1 52 178
31 133 215
44 261 292
38 41 95
6 25 232
162 166 343
144 149 303
25 232 302
15 80 264
93 243 321
221 262 314
23 36 196
5 92 232
97 203 212
63 115 289
5 197 253
5 6 253
85 126 262
5 6 232
1 52 228
21 169 230
5 92 216
23 36 331
41 108 277
14 61 334
8 47 61
143 152 157
70 136 273
15 86 92
140 201 291
15 237 312
15 76 237
63 65 115
15 80 309
46 94 155
70 170 242
20 246 282
168 204 258
150 157 160
135 187 337
29 214 335
3 28 71
3 71 89
14 319 334
52 178 277
46 155 336
155 260 263
14 82 337
191 283 287
36 196 304
25 41 277
25 277 302
15 92 264
27 69 239
260 266 329
22 27 239
70 124 338
168 181 311
29 298 335
63 75 179
18 73 166
71 89 130
114 184 233
215 252 278
196 219 304
46 55 185
61 84 334
57 68 238
60 260 339
36 75 304
10 240 310
82 306 317
71 214 303
57 223 279
28 71 214
73 81 166
26 74 87
138 143 254
97 212 271
49 102 251
77 183 275
210 247 330
57 198 276
78 124 252
78 124 273
165 200 250
83 167 227
21 80 267
9 85 126
47 82 306
8 83 227
74 87 225
95 98 174
37 148 262
177 195 324
38 52 108
30 151 291
3 89 128
89 128 238
58 297 340
44 56 243
89 130 318
90 96 341
4 112 259
90 217 328
66 148 241
93 243 271
95 98 313
96 123 209
96 334 341
69 124 338
154 192 213
4 45 347
100 210 311
29 162 317
80 264 267
60 165 260
100 269 284
24 226 245
46 185 336
102 172 251
22 235 328
103 126 169
189 286 299
90 96 132
9 103 126
113 150 160
68 128 238
138 143 152
107 274 322
10 107 322
52 108 277
137 166 202
100 210 330
62 110 225
110 225 300
112 145 259
114 184 275
114 194 195
66 139 148
143 157 347
123 209 305
123 151 305
34 136 273
106 135 337
148 249 262
141 234 348
69 124 239
119 148 241
