74 206 281
45 215 278
31 64 289
8 61 280
120 121 178
94 155 266
10 240 285
2 27 338
8 156 227
127 161 286
4 45 143
0 67 184
13 86 312
56 97 323
44 243 326
43 96 334
13 168 311
155 263 266
119 139 148
164 186 349
94 165 260
80 92 264
104 234 348
170 185 348
60 165 339
10 285 310
107 274 295
10 107 240
156 227 301
30 291 325
224 248 256
15 92 312
14 61 319
99 204 229
84 217 341
2 158 338
84 334 341
34 70 136
22 239 328
163 224 301
196 256 304
90 132 341
26 163 281
248 256 304
63 65 75
36 75 179
110 145 182
63 206 289
145 182 188
19 26 163
152 157 347
3 89 238
188 220 223
144 149 208
130 207 208
91 113 288
12 57 198
91 173 318
62 87 276
12 182 279
163 227 301
8 156 280
8 83 167
18 81 166
17 319 334
47 83 306
39 102 162
81 137 166
130 207 318
161 286 299
144 189 207
122 246 292
81 202 308
88 146 212
154 191 283
243 321 326
88 164 349
58 117 297
142 202 321
53 230 297
58 172 251
237 311 312
106 135 193
131 205 284
210 311 327
169 230 349
49 180 205
255 269 330
17 171 334
50 209 257
151 291 325
50 209 222
96 123 132
229 250 307
10 107 274
1 250 270
5 6 25
119 153 241
37 262 314
66 119 139
72 294 296
33 139 218
33 66 139
124 252 273
185 336 348
46 55 78
136 170 242
147 170 242
136 170 185
69 70 124
34 70 273
107 305 325
30 285 325
30 244 285
240 285 325
147 242 244
141 147 244
30 158 291
104 141 147
104 147 170
104 170 348
104 141 234
60 165 200
94 260 266
165 260 339
1 228 270
165 200 270
60 200 307
101 222 305
10 274 322
79 125 329
79 125 263
107 240 325
151 222 305
2 16 201
16 151 291
30 158 244
22 27 140
2 158 291
2 16 291
16 90 201
2 140 201
151 305 325
96 132 334
101 181 272
32 255 269
43 96 265
43 48 209
17 171 337
48 209 257
43 209 265
16 90 132
132 334 341
90 217 341
84 105 217
196 219 256
105 196 219
235 239 328
140 217 328
22 140 328
27 69 338
2 27 140
69 70 338
23 111 196
70 124 273
78 252 273
54 59 235
54 235 239
59 111 235
111 196 235
51 75 179
4 45 215
65 115 331
31 116 133
64 110 300
64 289 300
31 116 331
4 112 215
31 115 289
31 115 331
63 206 281
74 206 289
26 74 281
51 63 75
219 256 301
182 223 279
12 57 279
3 128 167
19 26 87
62 110 182
62 87 225
62 182 276
64 112 145
62 110 300
74 289 300
64 110 145
74 225 300
62 225 300
4 143 347
91 288 299
176 315 333
143 254 333
45 278 333
133 252 278
254 315 333
138 152 157
176 278 333
254 315 344
176 315 344
176 278 344
288 299 344
138 157 290
254 290 344
138 254 290
150 157 290
113 173 220
4 259 347
45 143 333
143 152 347
145 188 259
182 188 223
3 128 238
160 259 347
220 223 238
89 220 238
189 207 318
89 173 220
157 160 347
113 150 288
113 160 220
91 113 173
144 189 299
144 207 208
127 144 286
144 286 299
127 144 175
278 299 344
11 161 299
91 189 299
91 189 318
28 214 320
71 130 303
18 73 81
214 320 335
320 335 346
3 268 346
268 293 335
3 28 320
268 335 346
3 320 346
3 167 268
61 84 280
19 163 227
8 167 227
224 256 301
105 219 301
8 14 61
83 298 306
82 187 317
102 187 317
7 81 308
47 82 317
82 187 337
35 39 343
49 205 284
49 180 251
58 117 172
117 297 340
35 117 172
53 180 251
88 212 340
117 340 345
39 162 166
162 298 317
102 162 317
18 162 166
29 162 298
7 308 342
7 29 342
29 214 342
149 214 303
149 282 308
11 122 161
20 127 175
20 175 282
11 122 261
44 292 323
122 261 292
97 192 323
56 243 271
56 97 271
88 159 164
81 137 202
93 142 321
93 212 271
97 192 203
0 77 183
97 203 271
183 192 203
190 191 287
192 213 323
11 134 261
191 236 287
134 154 226
191 236 245
154 191 226
42 236 287
11 24 245
42 236 245
42 190 287
0 67 77
77 190 283
42 77 190
77 192 283
190 191 283
77 183 192
88 146 159
114 159 194
114 183 275
42 67 77
72 118 296
194 195 211
114 194 233
177 195 211
164 194 211
159 164 194
146 183 203
169 230 309
164 186 211
186 294 349
72 294 324
177 211 324
72 177 324
177 195 231
194 195 233
72 177 231
126 294 296
72 118 231
40 126 296
169 294 349
76 131 237
40 148 296
9 85 267
9 103 169
40 148 249
197 221 253
76 131 205
86 92 312
5 25 232
21 80 264
21 103 267
9 103 267
76 205 309
21 80 309
230 297 349
53 230 309
100 284 330
48 171 255
100 131 284
49 284 332
49 102 332
269 284 330
193 284 332
106 171 337
32 106 171
32 106 193
32 171 255
48 210 257
247 255 330
210 257 327
48 210 255
168 311 327
210 247 255
13 311 312
100 131 237
100 237 311
15 80 92
13 86 168
86 168 258
1 178 250
120 121 258
101 272 295
181 204 272
38 165 270
121 178 250
38 228 270
52 108 228
38 108 228
38 165 218
98 129 199
98 109 313
6 25 174
98 129 174
38 95 313
6 129 174
25 41 174
6 129 253
5 197 216
5 216 232
37 314 316
129 253 316
85 262 314
85 221 267
85 221 314
37 119 148
37 119 153
37 153 316
33 109 218
66 119 241
153 199 241
297 340 349
340 343 345
125 322 329
14 319 337
47 306 317
246 292 326
44 292 326
288 290 344
274 322 339
60 274 339
263 266 329
260 329 339
253 314 316
246 282 308
246 308 326
141 244 310
216 232 264
322 329 339
293 298 335
191 226 245
216 221 267
214 308 342
149 214 308
200 270 307
213 261 292
213 292 323
186 211 294
211 294 324
168 204 327
99 204 295
202 321 326
202 308 326
90 201 217
140 201 217
196 217 235
105 196 217
32 193 269
193 269 284
183 184 275
0 183 184
182 198 276
50 181 222
180 205 309
53 180 309
1 178 228
83 293 298
221 253 314
156 280 301
83 167 293
167 268 293
39 166 343
137 166 343
160 188 259
160 188 220
158 242 338
158 242 244
155 234 348
155 336 348
151 209 222
123 151 209
149 175 282
121 204 258
101 107 305
121 229 250
88 340 349
57 223 238
54 124 239
142 340 343
54 124 252
53 58 297
52 178 228
96 209 265
51 63 163
129 199 316
298 306 317
154 192 283
34 55 78
40 85 249
109 218 313
46 136 185
33 66 241
29 73 81
34 55 136
43 171 334
21 103 309
38 218 313
79 263 329
144 149 175
43 48 171
41 95 98
41 98 174
128 167 227
40 85 126
11 134 226
63 163 281
36 248 304
46 55 136
23 116 331
36 179 248
36 65 75
36 65 331
35 117 345
35 343 345
70 136 338
57 68 276
89 173 318
16 132 151
31 112 215
17 319 337
51 163 224
68 128 227
8 14 83
217 235 328
14 47 82
50 181 327
181 204 327
179 224 248
11 24 226
123 132 151
244 285 310
10 125 310
44 56 323
93 142 340
33 199 241
9 126 294
21 216 267
38 41 108
121 204 229
20 122 246
15 76 309
23 59 133
146 212 271
204 272 295
53 58 251
31 133 215
38 41 95
134 154 213
20 127 161
102 135 187
85 249 262
59 133 252
25 232 302
93 243 321
23 36 196
130 149 303
63 115 289
5 197 253
5 6 253
23 36 331
41 108 277
101 181 222
134 213 261
15 237 312
15 76 237
63 65 115
15 80 309
46 94 155
20 246 282
168 204 258
150 157 160
135 187 337
29 214 335
3 28 71
150 288 290
12 182 198
3 71 89
20 122 161
34 78 273
52 178 277
46 155 336
125 141 263
23 116 133
100 247 330
14 82 337
23 59 111
36 196 304
25 41 277
25 277 302
27 69 239
260 266 329
22 27 239
153 199 316
136 242 338
67 195 233
7 29 81
29 298 335
9 169 294
71 89 130
67 114 233
67 114 275
67 118 296
67 118 231
61 84 334
57 68 238
10 125 322
67 184 275
19 68 227
19 68 87
71 214 303
57 223 279
28 71 214
18 73 162
29 73 162
26 74 87
138 143 254
99 229 307
49 102 251
50 257 327
57 198 276
9 85 126
74 87 225
51 179 224
37 148 262
14 47 83
93 212 340
137 142 202
44 56 243
89 130 318
4 112 259
92 232 258
93 243 271
95 98 313
96 123 209
86 92 258
154 192 213
60 99 274
99 274 295
60 99 307
100 210 311
100 210 247
101 107 295
35 39 102
133 215 278
24 226 245
46 185 336
35 102 172
250 270 307
102 135 332
102 172 251
113 150 160
103 169 309
68 87 276
68 128 238
67 195 231
138 143 152
105 280 301
84 105 280
54 59 252
197 216 221
52 108 277
98 109 199
125 141 310
33 109 199
130 149 208
141 155 234
112 145 259
114 146 159
114 146 183
120 232 258
120 232 302
120 277 302
120 178 277
61 319 334
135 193 332
146 203 271
106 135 337
92 232 264
148 249 262
137 142 343
31 64 112
141 155 263
69 124 239
21 216 264
