26 240 449
78 81 354
88 163 245
256 288 319
159 278 361
132 271 411
108 308 420
249 297 317
156 210 323
60 354 446
22 172 243
215 373 447
195 374 387
9 218 368
110 306 365
43 103 207
241 393 445
207 215 447
157 373 374
90 118 293
349 370 432
23 267 399
14 184 191
286 309 310
92 134 335
53 202 283
39 63 410
106 303 415
226 301 384
27 321 367
197 285 428
311 343 423
328 354 446
10 78 81
287 328 355
287 379 402
179 204 429
56 359 371
126 173 437
142 192 297
22 280 422
172 369 384
168 269 431
6 222 336
257 336 409
90 336 431
218 306 368
157 344 374
12 163 279
182 245 327
78 330 392
12 88 163
163 194 279
86 386 423
265 306 365
67 69 157
26 157 344
157 413 449
109 311 423
86 242 386
375 400 425
30 94 417
43 133 338
103 207 447
52 59 414
174 284 342
124 333 396
21 48 290
19 116 213
38 374 387
3 33 236
3 227 236
118 168 377
124 168 333
118 195 377
127 136 270
34 270 398
127 136 206
222 301 336
1 187 341
1 264 348
125 393 441
17 206 309
114 336 431
48 79 290
244 246 288
288 305 319
18 111 284
95 229 288
80 93 398
34 61 93
147 316 357
216 230 244
246 326 399
31 89 99
31 151 427
250 268 325
31 89 427
62 82 191
73 220 298
89 99 292
160 189 448
262 376 434
130 165 346
55 141 211
119 211 299
55 64 436
156 175 312
177 204 429
66 169 175
107 231 345
271 339 360
312 339 415
177 224 429
25 77 132
271 360 411
335 356 411
185 248 395
28 186 238
148 248 251
14 184 261
193 307 403
84 324 401
28 242 385
76 81 354
81 242 285
197 242 285
197 242 385
10 81 242
76 81 208
328 330 354
135 320 392
60 76 208
60 76 354
13 60 208
13 60 446
81 208 285
13 332 446
72 161 287
328 332 446
161 287 328
65 108 217
188 238 347
170 332 355
13 170 208
328 332 355
13 170 332
117 186 242
173 188 347
186 238 347
186 347 437
28 186 242
389 421 437
29 117 276
35 225 366
117 225 366
35 225 272
35 77 132
35 77 276
177 204 266
162 224 271
162 177 224
50 56 210
50 179 204
210 323 359
50 179 210
50 56 266
56 371 420
56 420 421
50 204 266
173 347 437
56 266 421
29 389 437
108 172 420
308 420 421
287 355 402
65 243 402
22 301 422
121 304 337
22 172 384
65 108 243
108 172 243
121 156 167
323 359 371
56 210 359
156 167 175
226 336 409
121 156 323
121 167 304
226 369 384
226 304 409
167 175 202
167 235 304
53 63 199
235 304 409
226 301 336
222 301 422
280 294 422
22 182 223
22 301 384
22 223 280
192 280 294
142 297 317
32 294 368
192 297 390
249 297 390
190 275 424
249 368 390
249 317 424
194 279 424
142 192 280
182 223 245
72 153 330
78 330 354
153 320 330
153 320 327
135 163 194
135 163 320
135 194 412
10 78 392
320 330 392
10 313 386
190 340 412
135 313 412
10 242 386
97 375 425
313 340 386
313 340 412
279 317 424
190 275 380
249 275 424
9 249 368
190 380 419
200 249 275
71 380 419
9 200 249
343 386 419
71 311 380
9 240 413
110 218 240
109 171 200
200 275 380
200 311 380
32 306 368
32 294 422
4 32 112
6 90 336
118 168 431
110 218 306
9 218 240
110 240 344
110 228 374
110 228 365
195 377 387
195 228 374
26 240 344
110 344 374
240 413 449
26 157 449
67 68 400
145 239 425
67 145 425
109 200 311
343 386 423
281 375 423
145 219 239
97 239 281
97 239 425
67 400 425
30 255 417
97 281 375
86 375 423
314 358 375
86 314 375
24 314 358
24 70 394
24 86 394
24 86 314
59 394 405
43 255 338
30 394 405
30 255 405
30 94 394
43 133 207
19 38 215
377 387 408
15 79 318
41 155 378
21 164 174
116 133 207
3 33 146
116 133 203
260 284 342
36 174 284
164 174 342
21 41 290
21 164 212
21 41 47
18 47 229
111 260 319
41 155 290
79 155 290
95 233 378
15 155 378
79 198 318
15 79 155
15 318 382
20 318 382
20 80 282
5 34 333
20 61 93
20 61 318
33 236 252
3 19 213
19 38 227
3 19 227
38 227 387
195 228 365
44 168 377
44 377 408
114 269 431
168 269 333
4 118 265
4 112 293
4 118 293
90 118 431
6 90 293
114 257 336
114 152 257
257 302 363
5 34 442
136 302 363
363 442 443
257 363 443
152 257 443
201 257 302
91 283 361
17 205 206
127 234 286
34 270 442
206 286 309
125 234 286
127 206 286
17 309 416
125 286 310
241 310 393
125 370 441
125 310 393
349 370 441
8 349 432
144 220 426
80 282 315
20 80 93
34 93 398
127 234 270
234 270 432
8 263 315
8 315 398
46 244 246
80 315 398
8 75 263
95 244 288
75 176 216
233 282 382
20 282 382
216 282 315
95 216 244
95 229 378
229 256 288
111 256 319
111 260 284
101 260 300
49 74 326
74 260 319
49 246 326
74 305 319
23 399 439
49 74 305
254 326 399
296 300 362
23 300 439
254 300 439
254 399 439
46 230 244
49 246 305
246 288 305
46 230 246
144 176 349
176 216 230
1 187 264
187 298 341
1 166 341
101 291 357
166 267 440
98 296 362
23 300 362
101 296 300
98 296 357
147 151 316
98 316 357
98 151 316
62 191 407
101 296 357
62 101 291
14 82 191
62 143 407
7 143 407
89 258 292
292 322 448
130 189 268
100 258 383
100 258 407
100 191 407
37 130 189
100 191 383
237 250 259
37 189 322
73 298 341
189 322 448
160 189 250
130 268 346
189 250 268
154 253 274
250 259 325
149 274 388
259 325 376
149 259 445
259 376 434
149 259 434
178 325 381
253 262 434
262 325 376
262 325 381
45 165 381
115 154 295
0 181 277
0 141 277
27 42 321
115 184 295
14 261 299
261 299 350
115 321 367
211 299 350
107 345 372
55 138 351
138 351 404
55 64 128
107 128 372
55 128 351
42 141 211
277 436 438
181 277 438
241 273 416
102 273 416
17 102 159
102 120 273
17 102 416
159 201 205
17 159 205
159 201 361
201 257 361
278 283 361
58 202 283
58 180 283
91 180 361
53 278 283
91 180 283
39 53 202
58 202 433
58 180 433
105 131 169
66 175 312
16 175 202
54 131 137
66 106 169
54 131 169
105 131 364
39 53 63
16 39 202
16 39 410
16 247 410
131 137 364
122 129 364
119 129 352
40 92 113
105 122 364
134 214 444
40 122 158
105 106 169
87 339 360
40 106 303
66 312 415
66 106 415
87 339 415
329 360 411
87 303 415
92 329 411
40 303 329
132 356 411
35 132 356
123 232 272
123 272 353
225 232 272
117 225 232
232 397 444
92 335 411
40 92 329
85 104 193
40 113 158
140 331 397
83 104 334
83 307 395
85 397 403
85 104 391
104 334 391
196 352 418
85 193 403
196 307 403
397 403 406
119 148 352
129 352 418
119 148 299
83 185 395
148 248 395
196 307 395
185 209 324
148 299 435
2 209 435
14 299 435
2 209 251
82 209 324
334 401 430
334 391 401
324 401 430
82 84 324
393 441 445
235 409 433
180 409 433
126 421 437
99 292 440
231 364 404
123 232 444
123 353 356
123 134 335
29 77 389
121 337 371
121 323 371
118 195 365
150 203 417
118 265 365
29 117 437
148 251 435
19 116 215
139 188 217
115 261 367
5 114 333
112 293 422
166 267 348
107 128 404
83 104 307
11 67 68
24 358 414
92 134 406
27 261 367
88 221 223
63 345 372
167 202 235
88 142 221
89 258 427
73 237 426
83 334 430
28 197 385
83 324 430
83 185 324
48 79 146
79 146 198
12 88 142
8 75 349
75 176 349
73 220 426
73 160 250
65 217 402
72 328 330
57 72 327
109 171 219
64 436 438
37 130 383
117 232 397
104 193 307
63 64 289
63 199 289
120 199 273
94 164 417
63 128 372
170 188 355
236 387 408
226 337 369
32 112 422
59 70 394
163 245 327
53 120 199
84 140 401
122 129 418
10 135 313
27 42 211
51 62 291
108 217 308
120 159 278
61 198 318
105 106 122
3 48 213
123 335 356
85 331 397
136 206 302
22 182 402
27 211 350
142 221 223
116 164 203
73 160 448
142 279 317
128 351 404
31 98 151
16 54 137
16 137 247
236 252 408
11 69 103
92 113 406
115 154 321
14 82 209
123 214 444
292 341 448
126 139 217
75 216 263
21 36 47
36 47 284
94 164 342
55 119 138
0 154 274
126 308 421
5 114 152
88 223 245
3 48 146
18 229 256
28 170 238
241 273 445
133 203 338
144 176 220
5 152 442
237 259 445
216 233 282
43 59 405
38 215 374
21 212 213
45 154 295
126 217 308
107 231 404
116 164 212
42 141 321
31 98 440
125 370 432
25 132 271
8 270 432
11 67 69
59 70 414
51 291 357
0 181 274
183 441 445
10 135 392
16 169 175
8 270 398
96 237 445
67 157 413
11 68 414
129 364 404
64 289 438
55 277 436
137 247 345
6 222 422
109 281 423
4 32 306
35 117 276
224 271 429
45 154 253
6 293 422
7 407 427
85 331 391
44 124 252
24 70 414
22 243 402
201 205 302
11 52 103
182 379 402
25 77 389
162 266 389
181 289 438
41 47 378
28 170 428
28 197 428
176 298 348
67 145 413
29 77 276
144 349 441
102 120 159
57 72 379
43 255 405
241 309 310
266 389 421
40 106 122
116 212 213
27 261 350
33 146 198
15 378 382
33 198 396
96 183 237
117 186 437
47 229 378
152 442 443
185 248 251
37 258 322
14 209 435
37 258 383
51 147 357
12 142 279
194 412 424
95 216 233
72 161 328
44 124 168
18 111 256
21 48 213
185 209 251
148 196 395
31 99 440
35 117 366
43 52 103
43 52 59
55 119 211
122 158 418
35 272 353
51 62 143
61 333 396
247 345 410
115 184 261
190 412 424
171 200 413
73 341 448
25 162 271
55 141 277
358 375 400
11 52 414
63 345 410
114 269 333
119 129 138
63 64 128
129 138 404
130 191 383
134 397 444
137 231 345
134 397 406
139 173 188
140 331 391
140 391 401
73 237 250
0 141 321
142 223 280
25 162 389
2 251 435
7 143 147
144 183 441
145 171 219
7 147 427
147 151 427
148 196 352
149 253 274
150 255 338
172 337 369
136 270 363
68 400 414
0 154 321
208 285 428
176 230 348
241 309 416
69 157 447
113 158 406
109 239 281
157 373 447
162 177 266
34 61 333
163 320 327
130 165 191
45 165 191
126 139 173
124 252 396
150 255 417
170 188 238
205 206 302
1 166 348
172 337 420
21 36 174
116 207 215
176 220 298
145 171 413
109 219 239
178 268 325
4 265 306
178 268 346
181 289 388
181 274 388
149 253 434
183 237 426
144 183 426
187 298 348
51 143 147
96 183 445
187 264 348
188 217 355
180 361 409
45 191 295
192 368 390
53 120 278
16 54 169
192 294 368
196 403 406
196 406 418
33 252 396
158 406 418
312 339 429
199 273 289
9 200 413
202 235 433
182 327 379
166 292 341
216 263 315
150 203 338
117 140 397
164 203 417
69 103 447
125 234 432
170 208 428
270 363 442
61 198 396
156 210 312
179 210 312
215 373 374
184 191 295
340 386 419
217 355 402
246 267 399
226 304 337
254 260 300
18 47 284
72 287 379
137 231 364
227 236 387
35 353 356
57 327 379
246 267 348
230 246 348
44 252 408
253 262 381
45 253 381
254 260 326
258 292 322
74 260 326
23 267 362
267 362 440
271 339 429
123 134 214
149 273 388
273 289 388
165 346 381
149 273 445
257 361 409
233 378 382
258 407 427
166 292 440
303 329 360
87 303 360
71 311 419
311 343 419
179 312 429
337 371 420
190 340 419
178 346 381
358 400 414
98 362 440
72 153 327
