78 81 354
88 163 245
256 288 319
139 188 355
132 271 411
108 308 420
11 400 414
156 210 323
60 354 446
192 294 390
149 289 388
241 393 445
349 370 432
23 267 399
14 184 191
39 63 410
226 301 384
27 321 367
72 161 330
190 340 386
197 285 428
311 343 423
10 78 81
243 379 402
182 243 379
287 379 402
304 337 369
22 280 422
168 269 431
257 336 409
218 306 368
12 163 279
6 222 293
12 88 221
182 245 327
78 330 392
12 279 317
12 88 163
190 194 424
190 386 419
171 219 239
67 145 157
67 69 157
9 171 413
157 413 449
145 219 413
171 219 413
30 94 417
19 207 215
43 133 338
103 207 447
52 59 414
150 164 417
174 284 342
124 333 396
21 48 290
44 236 252
19 116 213
38 374 387
3 33 236
3 227 236
118 168 377
118 195 377
34 270 398
127 136 206
120 199 278
1 264 348
230 298 348
95 229 288
80 93 398
34 61 93
147 316 357
216 230 244
246 326 399
31 89 99
31 151 427
250 268 325
31 99 151
31 89 427
73 220 298
89 99 292
176 230 298
160 189 448
181 388 438
37 191 383
262 376 434
130 165 346
96 237 259
289 388 438
55 141 211
138 364 404
119 211 299
55 64 436
55 141 436
289 436 438
63 64 199
156 175 312
66 169 175
63 372 410
271 339 360
177 224 429
179 339 429
25 77 132
271 360 411
28 186 238
193 307 403
123 214 232
122 129 158
84 324 401
214 232 444
25 132 162
197 385 428
28 242 385
28 385 428
76 81 354
81 242 285
197 242 285
197 242 385
10 81 242
76 81 208
135 320 392
60 76 208
60 76 354
13 60 208
13 60 446
81 208 285
13 332 446
72 161 287
161 287 328
139 217 355
126 173 188
13 170 332
186 238 347
186 347 437
389 421 437
29 117 276
335 353 356
117 225 366
132 162 271
35 77 132
35 77 276
177 204 266
162 224 271
162 177 224
50 56 210
210 323 359
50 179 210
56 371 420
56 420 421
173 347 437
56 266 421
126 139 188
29 389 437
108 172 420
65 243 402
121 304 337
172 371 420
108 172 243
121 156 167
172 369 371
323 359 371
226 336 409
121 156 323
121 167 304
337 369 371
226 304 409
226 304 369
167 235 304
53 63 199
235 304 409
226 301 336
221 223 280
22 182 243
280 294 422
22 182 223
22 301 384
22 223 280
142 221 280
192 280 294
142 297 317
249 297 390
190 275 424
249 368 390
194 279 424
142 192 280
12 142 317
12 142 221
182 223 245
163 245 320
161 328 330
72 153 330
78 330 354
135 163 320
135 194 412
135 313 392
10 78 392
10 313 386
10 313 392
135 313 412
10 242 386
97 375 425
313 340 386
313 340 412
279 317 424
190 275 380
190 380 419
200 249 275
71 380 419
9 200 249
343 386 419
71 343 419
71 311 343
71 311 380
200 275 380
9 171 200
200 311 380
32 306 368
32 294 422
4 32 112
118 168 431
110 218 306
9 218 240
110 228 374
110 228 365
195 228 374
110 344 374
67 68 400
145 239 425
145 157 413
109 171 239
343 386 423
145 219 239
97 239 281
239 281 423
358 375 414
97 239 425
11 68 400
97 281 375
314 358 375
86 314 375
24 314 358
24 70 394
24 86 394
24 86 314
59 394 405
30 394 405
30 255 405
30 94 394
59 255 405
19 116 207
48 146 213
43 133 207
11 69 447
11 103 447
19 38 215
377 387 408
15 79 318
150 164 203
48 146 198
21 47 174
21 164 174
116 133 207
116 133 203
94 342 417
260 284 342
36 174 284
21 41 290
21 164 212
41 47 229
21 41 47
36 47 174
111 229 256
111 260 319
41 155 290
95 216 282
79 155 290
95 233 378
15 155 378
79 198 318
15 79 155
15 318 382
34 333 396
34 61 396
5 34 333
124 198 396
20 61 93
124 198 252
33 236 252
3 19 213
19 38 227
3 19 227
38 227 387
195 228 365
44 168 377
44 377 408
44 236 408
4 118 265
4 112 293
90 118 431
6 90 293
114 257 336
114 152 257
5 34 442
136 302 363
363 442 443
152 257 443
201 257 302
91 283 361
136 363 442
34 270 442
125 234 286
17 309 416
241 310 393
149 273 289
183 393 441
125 310 393
349 370 441
73 160 237
220 237 426
73 220 237
144 220 426
80 282 315
20 80 93
34 93 398
8 398 432
127 234 270
80 315 398
8 75 176
8 75 263
95 244 288
216 282 315
95 216 244
95 229 378
229 256 288
111 256 319
49 74 326
74 260 319
49 246 326
23 399 439
49 74 305
254 326 399
254 300 439
254 399 439
46 230 244
49 246 305
46 230 246
144 176 349
264 298 348
1 187 264
187 264 298
187 298 341
166 341 448
99 151 440
98 151 440
101 291 357
166 267 440
98 296 357
147 151 316
98 316 357
98 151 316
147 291 357
62 191 407
101 296 357
62 101 291
51 147 291
7 51 147
62 143 407
7 143 407
7 51 143
89 258 292
130 189 268
100 258 383
100 258 407
100 191 407
100 191 383
237 250 259
45 253 295
37 130 191
166 292 448
73 298 341
96 259 445
160 237 250
130 268 346
268 325 346
154 253 274
250 259 325
149 274 388
259 325 376
149 259 445
259 376 434
149 259 434
253 262 434
178 325 346
45 130 165
45 130 191
0 154 181
0 115 154
0 181 277
0 115 321
27 42 321
141 277 436
115 184 295
2 148 435
261 299 350
115 321 367
55 138 211
119 138 364
55 138 351
138 351 404
55 64 128
55 128 351
42 141 211
27 42 350
277 436 438
181 277 438
241 273 416
17 102 159
17 102 416
102 120 278
53 199 278
17 159 205
102 159 278
201 257 361
53 278 283
39 53 202
58 202 433
66 175 312
345 372 410
54 131 137
137 231 404
66 106 169
105 131 364
39 53 63
16 54 247
54 137 247
137 231 247
119 129 364
122 129 364
119 129 352
105 122 364
134 214 444
40 122 158
87 339 360
87 303 329
40 106 303
66 312 415
66 106 415
87 329 360
87 339 415
329 360 411
92 329 411
40 303 329
123 335 353
35 132 356
123 232 272
123 272 353
225 232 272
117 225 232
232 397 444
40 92 329
134 406 444
92 113 134
85 104 193
85 391 397
113 134 406
397 406 444
140 331 397
83 104 334
83 307 395
85 397 403
85 104 391
85 193 403
196 307 403
397 403 406
129 158 418
196 352 395
119 148 352
119 148 299
119 138 211
196 307 395
185 209 324
185 209 248
209 248 251
148 299 435
2 209 251
82 209 324
334 401 430
185 324 430
84 391 401
324 401 430
331 391 397
82 84 324
420 421 437
400 414 425
235 409 433
99 292 440
125 286 309
131 137 404
123 134 335
29 77 389
121 337 371
121 323 371
43 59 338
141 277 321
135 194 279
205 206 286
118 195 365
118 265 365
29 117 437
115 261 367
5 114 333
166 267 348
107 128 404
104 391 401
83 104 307
98 296 300
11 67 68
28 117 186
98 300 362
24 358 414
92 113 158
27 261 367
269 336 431
147 407 427
88 221 223
167 202 235
87 106 303
89 258 427
86 281 375
83 334 430
102 120 416
9 218 249
32 368 390
26 344 449
26 218 344
189 292 448
87 106 415
107 231 247
75 176 230
112 222 422
225 272 366
57 72 327
145 400 425
124 269 333
117 232 397
104 193 307
86 242 423
120 199 273
63 128 372
8 176 432
236 387 408
32 112 422
91 257 361
59 255 338
43 59 207
59 70 394
58 409 433
50 56 204
172 243 384
83 248 395
54 105 106
54 105 131
260 296 300
41 155 229
53 58 283
53 58 202
52 103 207
207 215 373
18 111 260
56 204 266
30 150 417
51 62 291
9 26 449
108 217 308
61 198 318
2 14 82
4 90 293
105 106 122
2 82 209
56 210 371
308 420 437
136 206 302
109 171 311
18 260 284
37 130 322
18 47 111
116 164 203
234 398 432
16 156 175
73 160 448
40 92 158
2 148 248
128 351 404
9 413 449
188 332 355
86 281 423
120 273 416
14 62 82
13 208 428
42 211 299
126 139 217
75 216 263
36 47 284
20 61 382
164 174 417
6 336 431
5 114 152
178 325 376
115 154 253
115 253 295
88 223 245
28 170 238
189 292 322
241 273 445
133 203 338
178 262 381
144 176 220
46 246 305
46 244 288
38 215 374
75 216 230
174 342 417
21 212 213
126 217 308
107 231 404
263 315 398
116 164 212
42 141 321
125 370 432
33 146 213
11 67 69
59 70 414
22 222 422
65 217 287
6 90 431
74 288 319
1 166 187
16 169 175
65 287 402
92 134 411
58 91 283
2 14 435
4 32 306
170 188 332
35 117 276
42 299 350
224 271 429
157 344 449
2 248 251
4 90 118
157 344 373
44 124 252
165 262 381
24 70 414
16 156 202
201 205 302
11 52 103
127 206 234
25 77 389
162 266 389
26 218 240
16 202 247
28 170 428
20 80 382
58 180 409
132 335 411
29 77 276
107 247 345
144 349 441
127 136 442
22 222 301
57 72 379
30 150 338
28 117 242
83 185 430
241 309 310
266 389 421
40 106 122
116 212 213
104 334 401
205 286 309
27 261 350
148 248 352
65 217 243
33 146 198
344 373 374
33 198 252
3 33 213
47 111 229
15 378 382
91 180 409
83 185 248
176 349 432
261 299 435
96 183 237
171 200 311
54 106 169
117 186 437
37 258 322
37 258 383
375 414 425
74 288 305
58 91 180
44 124 168
110 265 306
110 265 365
131 364 404
155 229 378
21 48 213
142 297 390
9 26 240
35 117 366
142 192 390
14 62 191
95 282 382
7 147 407
95 233 382
239 311 423
32 294 390
287 332 355
5 152 443
35 272 353
51 62 143
84 140 391
101 260 296
247 345 410
115 184 261
156 167 202
46 288 305
73 341 448
50 177 179
129 196 418
130 189 322
52 59 207
61 318 382
11 52 414
107 128 345
128 345 372
114 269 333
129 196 352
63 64 128
6 301 336
132 335 356
134 335 411
267 348 399
248 352 395
140 331 391
297 317 424
80 282 382
25 162 389
144 183 441
67 145 400
147 151 427
149 253 274
64 199 436
109 239 311
153 245 320
153 245 327
249 275 297
153 330 392
153 320 392
208 285 428
241 309 416
69 157 447
160 250 268
113 158 406
160 189 268
157 373 447
162 177 266
45 165 253
165 253 262
154 181 274
166 187 341
287 332 446
5 442 443
257 302 443
173 308 437
170 188 238
172 226 384
172 226 369
205 206 302
13 170 428
1 166 348
173 238 347
173 188 238
176 220 298
126 173 308
50 177 204
159 283 361
177 179 429
48 198 290
178 262 376
4 265 306
124 168 269
179 312 415
179 339 415
181 274 388
149 253 434
328 330 446
183 237 426
14 184 435
144 183 426
30 255 338
96 183 445
183 393 445
184 261 435
91 257 409
45 191 295
125 370 393
16 54 169
194 340 412
190 194 340
196 403 406
196 406 418
158 406 418
79 198 290
199 273 289
199 289 436
202 235 433
202 247 410
182 327 379
39 202 410
216 263 315
150 203 338
117 140 397
17 205 309
159 205 361
201 205 361
206 234 286
125 234 432
6 222 301
207 373 447
61 198 396
156 210 312
179 210 312
210 359 371
215 373 374
108 217 243
184 191 295
218 249 368
110 218 344
254 260 300
18 47 284
72 287 379
159 278 283
234 270 398
227 236 387
35 353 356
242 386 423
57 327 379
22 243 384
246 348 399
330 354 446
230 246 348
254 260 326
258 292 322
74 260 326
8 263 398
135 163 279
23 267 362
267 362 440
125 309 310
114 269 336
271 339 429
123 134 214
35 272 366
165 346 381
149 273 445
275 297 424
0 277 321
127 270 442
287 328 446
233 378 382
258 407 427
112 222 293
166 292 440
302 363 443
195 374 377
178 346 381
217 287 355
23 362 439
300 362 439
98 362 440
72 153 327
370 393 441
374 377 387
