57 287 379
170 238 355
26 240 449
136 201 205
88 163 245
256 288 319
132 271 411
11 400 414
249 297 317
156 210 323
22 172 243
192 294 390
149 289 388
215 373 447
109 239 423
9 218 368
43 103 207
241 393 445
207 215 447
157 373 374
90 118 293
146 198 252
164 203 212
23 267 399
14 184 191
286 309 310
89 407 427
136 201 302
226 301 384
137 364 404
72 161 330
190 340 386
197 285 428
311 343 423
10 78 81
287 379 402
179 204 429
188 238 355
156 179 312
156 179 210
142 192 297
172 369 384
323 337 371
168 269 431
6 222 336
257 336 409
90 336 431
218 306 368
157 344 374
12 163 279
6 222 293
12 88 221
182 245 327
78 330 392
12 279 317
12 88 163
190 194 424
190 386 419
86 386 423
171 219 239
265 306 365
118 195 265
67 69 157
26 157 344
157 413 449
109 311 423
86 242 386
375 400 425
30 94 417
19 207 215
103 207 447
164 342 417
11 103 414
150 164 417
174 284 342
124 333 396
21 48 290
33 146 252
44 236 252
19 116 213
3 33 236
3 227 236
124 168 333
118 195 377
34 270 398
127 136 206
1 187 341
125 393 441
244 246 288
95 233 282
288 305 319
18 111 284
95 229 288
80 93 398
34 61 93
147 316 357
246 326 399
74 254 326
31 89 99
250 268 325
31 89 427
73 220 298
89 99 292
160 189 448
130 165 346
96 237 259
119 211 299
55 64 436
64 128 372
64 289 436
289 436 438
156 175 312
63 64 372
177 204 429
177 224 429
25 77 132
271 360 411
77 162 389
272 353 356
148 248 251
14 184 261
193 307 403
122 129 158
25 132 162
28 242 385
197 242 385
10 81 242
76 81 208
135 320 392
60 76 208
60 76 354
13 60 208
81 208 285
170 285 428
13 332 446
72 161 287
328 332 446
161 287 328
57 72 287
108 126 139
65 108 217
162 389 421
188 238 347
170 332 355
126 173 188
13 170 332
117 186 242
173 188 347
186 238 347
177 266 421
29 117 276
29 117 186
29 276 389
335 353 356
35 272 356
117 225 366
132 162 271
25 77 162
35 77 132
77 276 389
35 77 276
177 204 266
50 56 210
50 179 204
210 323 359
50 179 210
162 177 421
56 371 420
56 420 421
50 204 266
173 347 437
126 139 188
308 421 437
108 126 308
308 420 421
65 243 402
121 304 337
22 172 384
65 108 243
108 172 243
108 139 217
121 156 167
323 359 371
226 336 409
121 323 337
121 156 323
121 167 304
226 369 384
226 304 409
167 235 304
53 63 199
235 304 409
222 301 422
221 223 280
280 294 422
22 182 223
22 301 384
22 223 280
221 223 245
142 297 317
32 294 368
192 297 390
249 297 390
190 275 424
249 368 390
249 317 424
194 279 424
12 142 317
12 142 221
88 221 245
182 223 245
163 245 320
161 328 330
72 153 330
78 330 354
245 320 327
153 320 327
135 163 320
135 194 412
10 78 392
10 313 386
10 313 392
10 242 386
97 375 425
313 340 386
313 340 412
279 317 424
190 275 380
249 275 424
343 386 419
71 343 419
71 311 343
71 311 380
9 240 413
109 171 200
294 368 390
32 306 368
32 294 422
4 32 112
4 32 265
6 90 336
32 265 306
9 218 240
110 228 374
195 228 374
110 344 374
240 413 449
26 157 449
67 68 400
109 171 239
109 200 311
343 386 423
145 219 239
97 239 281
239 281 423
30 255 417
11 68 400
97 281 375
70 358 414
314 358 375
86 314 375
70 394 414
24 314 358
24 70 394
24 70 358
24 86 394
24 86 314
43 59 103
59 394 405
30 394 405
30 255 405
30 94 394
59 255 405
19 116 207
52 59 103
43 133 207
52 103 414
11 69 447
11 103 447
38 215 373
19 38 215
377 387 408
150 164 203
48 146 198
116 133 207
3 33 146
116 203 212
48 116 213
133 150 203
116 133 203
94 342 417
260 284 342
36 174 284
21 48 212
21 41 290
48 116 212
21 164 212
41 47 229
18 47 229
36 47 174
18 111 229
111 229 256
111 260 319
41 155 290
95 216 282
79 155 290
95 233 378
15 155 378
79 198 318
15 79 155
5 34 333
20 61 93
33 236 252
3 19 213
38 227 387
195 228 365
195 265 365
44 168 377
44 377 408
44 236 408
168 269 333
4 112 293
90 118 431
6 90 293
114 257 336
114 152 257
257 302 363
114 152 443
5 34 442
136 302 363
363 442 443
201 257 302
91 283 361
17 205 206
136 363 442
127 234 286
34 270 442
206 286 309
125 234 286
136 205 206
127 206 286
125 286 310
241 310 393
149 273 289
149 241 273
183 393 441
125 370 441
125 310 393
309 310 416
349 370 441
8 349 432
96 237 426
144 220 426
80 282 315
34 93 398
125 234 370
127 234 270
234 270 432
46 244 246
80 315 398
8 75 263
233 282 382
20 282 382
216 282 315
95 229 378
229 256 288
111 256 319
111 260 284
49 74 326
74 260 319
49 246 326
23 399 439
254 326 399
74 260 300
1 166 267
254 399 439
46 230 244
49 246 305
230 246 399
246 288 305
46 230 246
144 176 349
264 298 348
187 298 341
1 166 341
98 267 440
98 151 440
166 267 440
23 98 267
23 98 362
98 296 357
147 151 316
98 316 357
98 151 316
147 291 357
62 191 407
62 101 291
51 147 291
7 51 147
62 143 407
7 143 407
7 51 143
89 258 292
89 258 407
130 189 268
100 258 383
100 258 407
258 292 383
100 191 407
37 130 189
237 250 259
45 253 295
165 178 346
37 189 322
73 298 341
96 259 445
130 268 346
154 253 274
149 241 445
149 274 388
149 259 445
259 376 434
149 259 434
45 130 165
165 178 381
45 130 191
154 253 295
0 154 181
115 154 295
0 115 154
0 115 321
27 42 321
115 184 295
14 261 299
0 42 321
261 299 350
115 321 367
211 299 350
55 64 128
107 128 351
55 128 351
0 42 141
277 436 438
181 277 438
241 273 416
17 102 159
241 310 416
17 102 416
102 120 278
17 159 205
102 159 278
167 202 433
201 257 361
53 278 283
91 180 283
39 53 202
167 235 433
58 202 433
58 180 433
105 131 169
66 175 312
54 131 137
16 54 175
137 231 404
66 106 169
54 131 169
39 53 63
131 137 364
137 231 247
119 129 364
122 129 364
119 129 352
40 92 113
134 214 444
40 122 158
105 106 169
87 303 329
40 106 303
87 303 415
92 329 411
40 303 329
123 335 353
134 214 335
35 132 356
123 272 353
123 214 335
117 225 232
232 397 444
113 406 418
40 92 329
92 113 134
85 104 193
40 113 158
397 406 444
140 331 397
83 104 334
83 307 395
85 397 403
85 104 391
104 334 391
196 352 418
85 193 403
196 307 403
397 403 406
113 158 418
196 352 395
119 148 352
119 148 299
83 185 395
83 104 193
196 307 395
185 209 324
209 248 251
148 299 435
14 299 435
2 209 251
82 209 324
83 193 307
324 401 430
31 427 440
235 409 433
180 409 433
135 392 412
313 392 412
391 401 430
334 391 430
118 377 431
168 377 431
99 292 440
123 232 444
122 131 364
43 59 338
250 259 376
119 138 404
135 194 279
148 251 435
139 188 217
115 261 367
5 114 333
123 225 232
29 347 437
123 225 272
98 296 300
11 67 68
97 145 425
38 373 387
98 300 362
100 130 383
80 93 282
55 138 404
269 336 431
147 407 427
87 360 411
86 281 375
73 237 426
13 60 354
83 334 430
102 120 416
28 197 385
83 324 430
83 185 324
26 218 344
76 78 81
87 329 411
8 75 349
189 292 448
75 176 349
107 231 247
75 216 244
75 176 230
331 391 401
112 222 422
74 300 439
225 272 366
73 220 426
73 160 250
65 217 402
57 72 327
53 180 283
145 400 425
37 130 383
117 232 397
66 303 415
63 64 289
63 199 289
120 199 273
152 363 443
79 318 382
236 387 408
226 337 369
32 112 422
91 257 361
59 255 338
20 93 282
54 66 175
260 296 300
54 66 169
41 155 229
53 120 199
53 58 202
52 59 394
84 140 401
52 394 414
27 42 211
291 296 357
51 62 291
61 198 318
2 14 82
21 174 342
105 106 122
250 325 376
3 48 213
2 82 209
21 164 342
85 331 397
56 210 371
22 182 402
74 254 439
27 211 350
66 106 303
16 156 175
73 160 448
28 238 242
16 156 167
16 54 137
16 137 247
234 349 432
86 281 423
43 150 338
123 214 444
292 341 448
120 273 416
14 62 82
21 41 174
53 58 180
13 354 446
75 216 263
13 170 285
36 47 284
29 389 421
20 61 382
55 119 138
178 325 376
3 48 146
28 170 238
189 292 322
178 262 381
144 176 220
113 134 444
87 360 415
16 167 202
107 231 404
37 292 322
1 264 298
263 315 398
41 47 174
1 187 298
8 270 432
152 257 363
11 67 69
3 38 227
119 364 404
8 270 398
92 134 411
67 157 413
97 145 239
55 277 436
2 14 435
15 79 382
35 117 276
39 63 372
82 324 401
85 331 391
44 124 252
165 262 381
22 243 402
13 208 285
66 312 339
39 345 372
71 190 380
55 351 404
182 379 402
49 305 319
105 122 131
287 328 332
26 218 240
181 289 438
16 202 247
28 170 428
151 427 440
28 197 428
176 298 348
67 145 413
132 335 411
107 247 345
3 19 38
144 349 441
127 136 442
40 106 122
81 197 285
81 197 242
27 261 350
148 248 352
66 339 415
15 378 382
158 352 418
91 180 409
5 114 443
95 216 288
37 292 383
39 345 410
44 124 168
42 55 141
155 229 378
31 99 440
35 117 366
100 130 191
140 331 401
14 62 191
7 147 407
55 119 211
287 332 355
51 62 143
101 260 296
61 333 396
247 345 410
115 184 261
50 266 421
171 200 413
73 341 448
75 230 244
107 351 404
49 74 319
55 141 277
61 318 382
358 375 400
9 200 368
107 128 345
128 345 372
114 269 333
132 335 356
134 335 411
228 306 365
267 348 399
248 352 395
73 237 250
141 181 277
142 221 294
0 141 181
29 421 437
142 192 294
50 56 421
2 251 435
144 183 441
145 171 219
67 145 400
261 321 367
221 280 294
147 151 427
149 253 274
150 255 338
172 337 369
224 360 429
153 330 392
153 320 392
176 230 348
69 157 447
160 250 268
129 158 352
160 189 268
157 373 447
34 61 333
71 190 419
45 165 253
165 253 262
154 181 274
5 442 443
124 252 396
249 311 380
82 84 401
173 308 437
150 255 417
172 308 420
108 172 308
172 337 420
176 220 298
126 173 308
159 283 361
177 224 271
145 171 413
48 198 290
264 267 348
178 262 376
178 268 325
178 268 346
186 238 242
181 289 388
222 226 301
181 274 388
149 253 434
328 330 446
144 183 426
96 183 426
96 183 445
183 393 445
91 257 409
188 217 355
45 191 295
53 120 278
194 340 412
76 78 354
190 194 340
196 403 406
196 406 418
113 406 444
42 55 211
79 198 290
312 339 429
199 273 289
373 374 387
200 249 368
9 200 413
202 247 410
182 327 379
166 292 341
39 202 410
216 263 315
117 140 397
159 205 361
201 205 361
206 309 416
17 206 416
162 177 271
224 271 360
43 133 150
185 209 395
61 198 396
209 248 395
210 359 371
29 186 347
216 244 288
217 287 402
184 191 295
222 226 336
226 304 337
110 228 306
18 47 284
159 278 283
234 349 370
227 236 387
57 327 379
330 354 446
200 249 311
249 275 380
198 252 396
253 376 434
4 265 293
253 262 376
27 261 321
8 263 398
135 163 279
118 265 293
114 269 336
35 272 366
280 301 422
22 280 301
127 270 442
233 378 382
101 291 296
112 222 293
166 292 440
1 264 267
110 306 344
218 306 344
195 374 377
179 312 429
337 371 420
230 348 399
217 287 355
358 400 414
339 360 415
339 360 429
23 362 439
300 362 439
72 153 327
374 377 387
