-1795.73 -1930.52
1420.14 1963.24
322.153 619.012
358.243 306.728
1348.33 -1328.19
621.91 -294.276
1475.06 533.992
992.379 1688.66
1420.21 -447.535
46.5574 -856.421
-1481.39 142.532
1093.61 -835.71
1251.79 -147.23
-531.536 -173.944
1868.23 191.985
297.104 -1927.5
261.462 -282.754
-1964.26 -1416.39
-1663.74 393.98
890.343 1684.59
1065.79 -487.747
-609.689 540.843
-1953.75 -1617.31
229.501 1466.45
-64.8439 -1723.94
-1389.97 453.762
418.59 1703.64
1618.05 -329.616
-443.593 -913.484
1496.44 -575.361
1278.5 -206.456
-502.861 -460.036
1510.79 -467.124
123.579 1847.05
1926.86 -986.078
1531.63 992.643
526.175 -1078.05
-466.514 572.42
-695.363 1762.99
38.8705 1239.79
-1960.95 648.9
-306.445 457.636
352.537 -688.392
-1871.98 1908.94
398.124 1624.46
-666.417 -323.374
-581.996 830.722
1216.59 -1071.21
-1636.4 -659.832
-1224.16 -1709.55
354.09 -1692.52
1283.1 -1119.74
-770.578 -1183.42
1452.68 534.059
-1420.43 -508.445
-226.148 -1381.38
-1859.54 1467.41
1076.25 492.993
-1220.99 1204.27
401.937 1177.14
828.733 1735.52
-1146.23 -1753.26
566.242 -1929.65
-824.469 929.841
-589.477 -48.6282
1220.3 1764.61
258.848 503.394
-1355.12 1488.27
1319.98 -1902.44
22.329 1899.55
-410.882 1796.18
-1481.83 -270.427
1263.59 1594.42
-1777.43 -1957.4
798.694 624.502
1219.74 -372.573
360.022 -1926.49
-125.836 -1073.74
-1856.14 1049.69
1856.11 -445.615
-998.933 1076.4
-681.002 1259.91
-420.205 -36.1241
748.184 -1100.23
61.4383 -1229.49
-1200.68 1650.56
-1433.31 -682.51
-619.871 1830.28
-1088.09 -397.305
1872.89 1710.6
-1772.8 1092.63
-661.969 587.22
1166.13 1212.2
1513.48 1310
261.89 1369.59
-1135.62 1262.96
445.992 183.38
522.871 -1974.21
-1852.74 -728.945
-1074.44 208.695
41.5686 -275.116
-140.75 608.263
1042.37 1239.38
438.545 1954.28
-1157.93 311.431
1664.89 -930.729
-595.942 -997.082
1656.49 -1429.81
-1784.89 1169.98
1880.19 477.003
539.566 -1255.43
-260.041 -1014.44
927.952 -1737.17
-988.654 1075.21
-466.115 -63.0935
-716.097 1575.45
1661.79 1143.15
183.717 704.163
382.533 -1377.74
658.447 1224.61
933.692 323.334
-1706.12 -1662.25
1326.25 1950.37
-1092.06 1541.37
1120.34 -1211.87
18.368 -340.091
-467.295 1758.33
645.467 -1539.34
-1978.84 1656.81
1535.87 -444.957
-406.281 -1180.23
-869.504 -744.491
1962.92 1314.21
1959.67 345.456
1936.48 618.12
-429.937 870.168
-1058.55 -136.059
1207.92 -1732.29
-185.69 -1884.14
1809.07 -1065.35
-1096.01 -172.561
594.563 436.699
-414.234 -759.969
897.356 -393.077
-1103.16 433.222
1161.97 490.563
1252.99 -1707.54
1746.07 1215.91
1606.68 1705.75
-438.63 1543.15
323.865 1131.43
413.318 1265.32
-1004.63 -378.764
1533.02 809.685
-262.903 1342.09
1744.34 641.092
-830.467 338.903
-922.209 755.299
1578.93 1975.15
-1637.78 -1524.22
408.369 1524.19
966.339 -338.639
1816.65 712.412
-1122.73 1423.32
418.157 438.645
966.475 -1257.98
-429.921 -620.207
-1992.66 565.454
1001.03 1540.36
-624.861 -1261.87
882.458 -880.522
1379.22 -1948.01
1458.38 -1542.99
807.289 1037.31
-1567.84 1169.51
1513.09 840.525
693.698 479.43
-1498.11 510.348
-808.159 -620.84
-66.3277 1610
1817.81 -1099.85
-1647.98 -612.115
279.94 -1640.64
1953.34 -719.031
1899.72 -671.523
19.0953 782.18
447.955 -601.687
834.171 -93.665
-144.679 -358.54
-1056.35 287.477
-1189.03 -1543.26
-871.998 1504.67
936.169 -370.113
15.0171 -1871.99
1009.05 1948.69
1738.01 826.854
-1151.16 -1909.97
-1785.26 1128.78
-1550.61 -1831.92
-1590.25 -1650.89
-503.447 428.841
1131.29 1944.51
1827.15 -34.5417
-149.157 -317.524
1606.92 794.491
1969.95 -1582.11
1251.23 -902.045
1922.56 187.399
727.842 -62.424
315.409 -263.11
-113.735 53.4169
-1436.26 735.102
143.444 -1221.52
-136.121 592.83
-1053.44 273.625
941.937 443.111
-1297.53 73.2251
387.618 -1470.38
-1961.32 -1761.54
212.097 1645.6
1032.95 182.049
-1936.51 284.183
1280 1986.05
-1528.42 7.84576
-76.3738 786.991
1744.74 1809.89
-1159.59 -1691.52
544.994 983.852
-913.04 -1591.13
-423.319 33.5172
682.498 -1481.38
-1523.37 1384.96
591.844 864.246
1914.59 630.527
1102.71 126.682
276.129 135.66
-1691.27 339.62
-1580.16 1588.74
325.67 -1108.58
-403.418 -1750.7
1678.42 -658.683
-1940.81 -1481.18
-350.205 604.182
1502.68 736.755
1013.05 -920.643
-1229.73 -304.447
-402.024 -753.1
-919.482 -1810.18
-1888.85 -1004.9
820.347 1213.85
1121.79 -903.524
-650.487 1430.52
1436.1 -230.644
1019.25 -238.234
660.781 -1384.16
11.063 339.197
-42.8476 70.2512
858.021 1606.95
-1325.57 360.696
343.703 1687.49
1440.05 1113.98
-616.959 -961.971
-1639.12 463.559
-772.151 -1527.98
1458.66 -1951.8
1685.87 580.449
-855.329 -964.612
10.9671 -1419.23
804.744 -969.779
342.534 -534.475
-353.944 -1646.4
1804.72 1603.21
423.848 662.743
1210.16 1098.28
-976.561 -446.14
785.769 -1536.51
-1332.16 -1831.19
-498.478 -971.289
632.37 729.371
-499.268 91.0329
777.567 -813.393
-1328.52 1922.24
221.995 682.449
-1496.99 -973.261
1712.67 845.539
492.265 -641.273
1199.14 296.986
-1038.06 -377.016
-1040.27 -1827.91
-1278.73 -16.8317
-274.048 1507.03
446.661 393.787
1675.85 1948.18
1422.5 308.215
677.554 -1076.77
-1600.75 -544.88
109.837 -929.27
-622.642 -1668.17
1753.18 -119.636
-641.428 1465.85
-1274.1 1850.84
-1175.42 1925.04
147.823 -213.489
-451.977 1107.55
-41.3965 269.289
-909.28 1684.56
-223.677 1537.38
78.3424 -547.831
1485.56 -499.16
1760.38 163.118
424.07 -1840.37
1618.24 -1466.09
-769.638 -1004.4
-1134.26 -1016.46
875.961 224.311
-1550.61 1601.86
75.1476 -726.033
1526.9 -1777.03
1060.48 -925.074
1330.52 -980.918
1344.21 -1578.76
-1296.36 -879.462
1958.62 781.98
572.707 1444.19
-1717.18 333.091
-392.693 706.889
492.723 -774.454
1240.8 1723.09
221.143 -1893.46
-1293.37 -902.896
330.847 -843.983
-1301.03 -1594.01
429.984 -1774.13
-1371.04 -509.537
-699.204 1959.49
509.545 -1354.99
-1619.27 1213.18
-234.451 -1660.65
-4.83869 -1661.74
1783.54 277.981
671.347 -609.15
-1015.13 -835.93
616.396 -1774.33
-1112.85 -1162.46
-1667.8 -406.218
-65.3576 663.049
749.799 633.61
1069.04 -820.217
859.48 1698.01
670.246 -1839.72
