14 42 46
24 46 48
0 16 22
1 9 14
11 20 49
9 14 42
6 17 27
7 46 48
3 8 48
1 24 46
8 24 48
1 14 46
2 37 44
2 44 46
22 37 44
0 22 37
15 16 22
15 22 44
15 16 42
16 21 38
31 32 36
31 36 43
0 16 38
19 26 38
19 21 38
16 21 42
11 13 20
35 39 40
12 45 49
12 32 45
18 32 49
4 29 47
11 13 47
12 32 49
10 34 40
4 10 40
17 27 41
8 30 41
25 30 41
4 10 27
4 40 47
11 40 47
6 27 34
8 24 41
23 35 39
20 29 45
20 45 49
7 33 46
23 35 40
18 32 43
5 18 43
15 44 46
15 42 46
17 24 41
13 29 47
13 20 29
2 33 46
11 28 39
26 36 43
4 25 41
11 18 28
0 26 36
23 34 40
0 26 38
1 9 23
5 9 23
5 26 43
5 19 26
5 18 28
1 23 34
10 27 34
1 6 34
2 3 33
31 32 43
11 18 49
2 3 37
5 28 39
4 27 41
5 9 19
5 23 39
6 17 24
1 6 24
9 21 42
3 7 33
11 39 40
9 19 21
3 7 48
