14 42 46
24 46 48
0 16 22
3 33 37
19 21 42
1 9 14
6 10 34
34 35 40
9 14 42
2 7 46
7 46 48
3 33 48
7 33 48
3 8 48
8 24 48
15 42 44
2 33 37
2 7 33
2 37 44
2 44 46
22 37 44
0 22 37
15 16 22
15 22 44
42 44 46
15 16 42
0 36 38
26 31 43
36 38 43
31 32 36
31 36 43
0 16 38
16 21 42
9 19 42
11 13 20
35 39 40
5 18 32
12 32 45
13 20 47
18 32 49
4 29 47
20 29 47
11 13 47
12 32 49
18 28 49
10 34 40
17 27 41
6 23 34
23 34 35
25 27 41
8 30 41
25 30 41
8 24 41
23 35 39
11 20 28
19 26 43
19 38 43
16 19 38
17 24 41
12 29 45
11 28 39
12 20 29
5 31 32
1 14 24
5 26 31
16 19 21
1 9 23
5 9 23
1 6 23
10 17 27
5 19 26
5 18 28
10 11 47
14 24 46
6 10 17
5 28 39
5 9 19
5 23 39
6 17 24
1 6 24
20 28 49
10 11 40
12 20 49
11 39 40
4 10 25
10 25 27
4 10 47
