14 42 46
1 9 14
28 39 40
6 10 34
9 14 42
8 17 24
7 46 48
3 8 48
8 24 48
1 14 46
2 44 46
15 16 22
42 44 46
15 16 42
0 36 38
36 38 43
31 32 36
31 36 43
26 38 43
0 16 38
19 26 38
16 21 42
35 39 40
12 45 49
18 28 39
5 18 32
5 18 39
12 32 45
18 32 49
20 29 49
29 45 49
4 29 47
11 13 47
12 32 49
11 28 40
17 27 41
23 34 35
9 23 35
8 17 41
8 30 41
25 30 41
4 10 27
15 22 42
7 33 46
0 16 37
16 22 37
16 19 38
13 20 49
13 29 47
13 20 29
13 18 49
2 33 46
11 13 18
4 25 41
5 9 35
2 22 44
11 18 28
5 31 32
1 46 48
16 19 21
1 9 23
5 26 43
10 17 27
2 22 37
5 19 26
1 23 34
10 35 40
1 6 34
2 3 33
10 11 47
2 3 37
6 10 17
4 27 41
5 9 19
5 35 39
5 31 43
6 17 24
1 6 24
9 21 42
3 7 33
10 11 40
10 34 35
22 42 44
9 19 21
1 24 48
4 10 47
3 7 48
