14 42 46
24 46 48
0 16 22
3 33 37
19 21 42
1 17 24
1 9 14
6 10 34
11 20 49
11 28 49
9 14 42
4 11 40
7 46 48
3 8 48
8 24 48
2 33 37
2 37 44
2 44 46
22 37 44
0 22 37
15 16 22
42 44 46
0 36 38
36 38 43
31 32 36
31 36 43
26 38 43
0 16 38
19 26 38
9 19 42
11 13 20
12 45 49
18 28 39
5 18 39
12 32 45
13 20 47
18 32 49
4 29 47
20 29 47
11 13 47
12 32 49
18 28 49
11 28 40
4 10 40
17 27 41
1 6 17
23 34 35
25 27 41
8 30 41
4 25 27
25 30 41
4 10 27
4 11 47
8 24 41
15 22 42
20 29 45
20 45 49
7 33 46
18 32 43
5 18 43
28 35 40
16 19 38
15 21 42
15 16 21
17 24 41
2 33 46
1 14 24
16 19 21
1 9 23
5 9 23
5 26 43
10 17 27
5 19 26
1 23 34
10 35 40
1 6 34
31 32 43
28 35 39
5 23 35
14 24 46
6 10 17
5 9 19
5 35 39
3 7 33
10 34 35
22 42 44
3 7 48
