1046.72 533.598
1947.6 126.697
1592.71 795.658
-240.519 1588.47
1775.75 1076.89
917.421 -719.661
-1634.53 -1353.23
516.478 1310.41
-1712.11 -1136.41
850.426 -704.197
-1144.57 1364.18
1231.99 1589.8
-43.2465 430.55
987.059 440.07
-1314.84 -1903.94
547.303 1731.89
629.659 494.901
-141.414 222.368
-709.441 1618.07
-189.164 -933.694
694.954 -1271.74
346.645 1060.43
-624.971 -1136.88
370.839 -337.083
-273.287 -778.735
958.72 582.141
-1414.55 190.706
171.938 542.198
-1378.74 -841.003
-1017.73 -693.58
-744.943 1529.57
-961.691 1884.72
24.4729 896.895
107.084 1315.03
514.962 1917.92
-1618.66 -790.084
-1353.82 727.984
-1729.66 21.2064
1591.11 641.182
1684.12 -682.18
1862.45 642.843
1899.96 -1552.11
-1166.45 71.8982
990.09 -545.195
1230.89 1972.36
761.225 -1514.05
1501.93 1799.53
-1629.33 -473.597
696.429 477.752
-1158.56 -788.609
395.673 -777.227
421.306 1041.85
1950.76 691.65
-936.943 1541.86
-667.168 -1252.82
-1140.32 -804.721
1390.02 -1240.36
-356.829 -1776.43
831.543 -1366.74
-321.623 62.4373
-1394.38 -1560.4
548.39 -1892.45
-1760.86 919.058
-366.047 935.565
-603.19 475.388
-1853.04 1792.48
1698.16 568.263
834.333 1648.92
-740.087 1897.39
1190.78 592.745
-1355.43 -1949.53
1788.02 -1965.41
-1189.89 -568.806
-1741.84 1641.65
64.4546 -63.4586
-295.91 670.074
376.143 -1747.52
777.624 615.279
1171.54 -1588.42
-449.156 -1431.65
886.965 -302.2
-1639.17 585.126
-1733.94 1195.16
234.044 -474.024
1092.55 -575.174
-1881.28 1737.12
-524.708 1906.74
1771.71 285.402
-662.063 -1970.12
-72.946 1402.39
-33.5816 1631.14
72.4661 -1657.44
1883.62 -1149.91
957.841 1055.16
-738.333 -1491.31
1623.51 -1851.37
206.486 1984.34
733.757 472.549
1179.5 -1032.2
1998.52 272.051
392.628 -1882.76
9.1715 1867.92
-1976.01 -219.116
153.321 -638.075
-189.239 -1919.63
-1235.68 1777.18
1711.52 836.783
-1880.26 1595.14
1686.87 1077.58
650.302 -1051.46
1586.27 273.809
-902.828 -207.247
258.146 1830.93
-1734.7 -562.355
-1201.27 -1736.17
1709.7 1191.36
-1618.93 -281.133
1059.28 -1594.94
1499.75 -787.401
-233.016 -689.488
-707.027 531.301
-912.308 -995.508
-631.916 -792.567
-1400.37 -945.043
-1714.98 1249.94
3.49711 1871.28
-476.256 1100.67
-335.964 1781.89
931.598 -70.6628
-780.465 1730.33
193.163 -1070.77
921.687 574.234
648.097 -19.0356
979.292 147.848
1193.56 -1253.72
1458.36 -1513.46
1277.58 -1453.95
-508.971 -1354.34
-246.514 90.6623
-299.383 38.5012
-659.402 1704.11
-90.2163 864.342
804.783 1573.82
646.232 -263.619
-496.844 1865.77
-533.291 1696.32
-1205 -1611.6
270.553 1443.09
369.361 -750.154
-409.057 -437.076
-3.87879 -950.696
49.4601 -726.302
-404.644 1540.49
-80.6421 1348.84
-368.849 1619.98
-612.657 971.749
1324.09 1297.13
-163.909 128.873
870.946 -1517.68
1865.25 -1625.9
-1651.91 -668.037
-1929.58 -856.912
-279.64 340.976
-1413.82 -1910.28
1590.82 177.126
-347.356 -413.057
1226.43 1702.1
860.64 -1178.21
1242.59 -1220
-1829.37 -1126.26
-1600.03 -442.029
1845.49 1724.06
-1144.9 -318.417
-147.064 1726.04
163.907 -281.81
-1899.85 511.997
1050.15 -1829.43
1655.09 -1229.49
511.546 -1758.73
-1139.77 102.367
418.394 512.878
1689.31 -355.177
214.982 549.95
466.609 -542.425
1329.95 637.236
331.318 1729.92
-1804.79 176.811
1453.98 -949.694
1858.39 -693.079
-1223.65 22.3006
1025.11 -1123.5
-1465.7 75.2656
-952.933 -1810.62
845.779 1558.61
-1569.35 1706.01
-339.021 849.046
218.891 -649.711
-1506.13 -1566.13
1900.24 960.478
-108.552 1230.19
-402.286 -1777.23
960.108 -207.078
399.577 414.093
843.227 257.971
1721.01 1619.58
-1719.73 746.126
-1503.93 -1185.43
-1178.61 -456.858
-996.047 1667.17
-898.246 -565.395
1373.18 762.734
-1716.35 -407.925
-1886.98 -1222.48
25.9484 -1986.74
1738 1917.4
1243.45 -664.287
-1859.84 203.556
1128.63 539.74
-1382.35 -28.1382
-1202.29 -1661.34
-408.561 -922.018
1084.79 87.5143
-107.448 1906.18
1630.66 896.505
1573.35 -1267.59
-1668.89 946.535
1495.14 -1385.24
-1461.39 1608.17
-607.718 564.558
1621.43 -869.72
481.955 864.877
465.993 622.118
-931.566 -405.373
-838.142 -313.917
1566.49 -40.4315
24.7465 -842.072
1037.55 -890.464
1245.44 -1069.9
-984.284 876.099
1826.61 -1410.93
1608.51 -1842.28
1535.6 1103.65
-1227.52 -1925.79
711.821 164.76
638.77 333.25
1295.04 -879.275
-801.873 -238.967
1742.84 266.561
1355.66 -1095.3
1952.64 922.149
864.269 -22.6095
-1919.92 -98.1808
1086.93 1325.52
831.921 -1897.36
201.618 658.529
-1308.29 -189.873
816.246 -1772.69
-1086.22 1588.72
-1698.48 1625.6
-246.515 940.293
-41.148 -951.475
-1938.98 1156.98
809.559 1803.86
-576.46 165.219
-1291.44 -623.816
-912.633 1572.83
1353.57 -832.556
-525.352 440.501
-1507.04 -1693.43
543.143 694.581
965.098 1234.85
-1495.29 -218.656
1462.16 -581.511
-629.932 1763.69
-955.909 1123.55
703.981 1002.94
-1827.92 764.999
159.923 981.637
568.859 1583.46
-853.144 1277.42
-1040.35 234.223
850.248 -1686.78
1401.67 -1675.1
753.723 1894.63
-1368.53 -703.133
589.212 1596.56
-1468.28 1093.92
-622.093 1993.88
-1487.59 747.976
1757.57 -443.498
-128.471 461.554
-1440.55 43.6069
-773.447 719.368
-974.756 1795.41
302.831 172.099
1072.83 1262.48
-1593.68 -76.9199
1575.7 1807.99
247.976 329.424
1702.62 879.442
1626.29 291.833
476.006 -1841.99
-614.247 1853.91
-1848.1 -101.836
601.889 1909.47
1454.67 -1526.58
371.022 -1985.89
517.024 1597.57
733.479 1542.27
1392.99 -963.69
-285.633 465.819
-1701.21 120.689
-1611.1 1874.49
-71.321 636.875
203.914 -368.701
-483.683 -169.796
1923.13 1992.32
-11.7852 -691.115
1846.24 140.11
1207.05 448.125
49.5777 661.715
921.543 -1579.4
675.826 -561.433
-1981.83 -590.695
-1019.16 1411.16
445.616 695.202
-123.02 744.405
-1184.11 265.879
618.895 744.571
-1097.25 -1177.19
-1624.13 419.072
653.012 -1701
411.395 -1358.77
-392.113 257.632
781.337 -1185.06
-1294.24 -1169.09
1476.65 1627.3
-748.486 152.478
-934.133 -730.311
1561.78 46.7023
-1319.15 7.39906
-1258.1 557.83
-1248.2 -442.204
-1176.29 1370.7
-1697.63 -273.536
-1806.49 -1321.76
-1854.46 846.519
-1022.76 556.931
1487.75 585.127
-1185.44 269.083
