-660.303 240.074
1394.37 -1102.67
849.96 772.257
-1786.99 -1514.89
-332.874 865.746
909.61 1722.07
1415.13 -1281.86
1292.72 1201.31
121.635 -1320.39
-1824.63 962.858
397.822 1410.99
515.836 -1429.73
-569.576 293.394
1262.32 -1147.68
-1377.33 375.369
134.135 -37.6378
-1384.56 -471.499
859.689 1465.4
-1699.24 1072.7
1950.51 -32.1153
-61.5563 860.117
-310.042 -646.423
1578.26 -1017.32
-1445.11 -300.11
-337.713 -1269.74
-1337.25 -1939.89
-1858.75 1178.58
-1369.62 -428.325
-528.022 1892.7
424 94.644
268.068 -1441.87
-1942.99 883.511
86.6361 916.695
348.914 387.394
-10.6067 299.422
-1644.72 1927.84
-840.461 45.2369
-718.586 -1262.21
1027.92 -163.694
437.685 -1309.79
566.566 1100.43
-1249.69 707.816
279.017 -619.304
-1720.51 1751
-726.605 703.49
-154.361 1541.46
1261.63 -97.3544
424.974 -651.739
-1180.66 -1226.11
1735.66 808.734
1073.31 -1909.07
736.571 -1767.15
136.172 -1982.01
-1029.36 -835.91
-145.708 1408.33
-145.705 -1579.14
508.761 604.609
1128.67 -1212.22
1985.31 1408.16
-1461.23 -741.299
111.654 384.413
-1199.84 -626.721
-1712.94 1225.14
721.54 -893.6
1999.03 457.196
1915.13 1072.34
548.13 651.705
1305.18 -1315.7
669.69 -1724.17
-151.608 -1476.02
1684.16 1702.69
-1055.16 192.917
307.296 -1926.49
980.696 292.602
1481.68 1519.47
1551.3 -406.67
-96.1172 -1648.53
966.609 190.942
1576.6 -311.851
1297.34 1575.63
-1854.66 1212.47
647.968 693.475
-135.82 -46.8475
1377.78 -1466.13
228.981 -773.831
-942.148 -86.8632
-1071.14 2.69087
-1893.95 1236.15
76.203 1086.75
-471.246 -442.121
606.219 -919.944
1151.21 -1489.9
-568.478 117.818
701.044 -991.873
1805.97 -1.61476
-1416.24 1951.31
-789.14 1231.73
644.786 1075.04
-815.121 22.5629
1608.91 1413.86
1248.73 -1333.24
-673.004 -1822.41
669.453 -566.95
1413.74 -1254.34
-1480.2 -1057.51
303.535 1126.02
22.5488 -545.257
1636.12 1454.07
1572.56 337.166
-1537.8 1378.53
-1664.45 -954.043
1329.84 -453.589
-1722.32 -25.3755
-1378.55 -537.438
1997.19 -1769.64
-1123.58 1245.92
-1102.88 203.417
1423.51 1566.58
1636.47 837.245
-1687.77 -1843.73
1779.74 615.765
1282.29 -197.713
-1929.49 918.408
-743.642 1643.07
-744.426 -281.444
1021.6 -408.875
764.513 351.435
1137.54 1042.2
-1673.94 1758.99
-1495.24 -1676.75
1989.35 -618.821
1569.17 -1113.53
1584.6 992.672
-1546.95 1221.06
-170.083 -1234.72
1377.33 -390.345
1381.04 659.615
1411.94 1451.55
-421.976 -1331.7
1094.62 833.598
386.855 116.217
-1575.28 -848.632
-1532.35 1562.26
-1806.44 -1206.29
1321.25 -1301.68
-883.04 1310.59
79.5005 -1313.87
-1802.93 -335.904
1678.8 -1349.89
-1114.84 -491.285
-584.611 -1737.51
1118.37 -1203.57
922.102 530.312
-1752.02 -1499.87
1198.61 1342.6
1333.72 -414.534
-541.179 1758.45
736.834 -73.5267
1320.71 930.399
720.186 641.952
1628.72 1837.15
-47.4532 -291.779
-1476.73 149.612
1372.32 -1797.93
799.724 -1742.53
-289.214 -1784.89
-1480.04 -1170.84
-988.455 1442.06
1359.47 -740.472
1942.19 558.079
-1397.87 1275.91
-1856.46 60.9513
1034.36 880.379
1987.42 355.066
-189.222 707.611
-1002.98 -560.502
544.756 949.565
1147.72 1068.03
-900.823 520.036
1270.1 1898.9
777.51 -1019.12
-1885.98 1297.47
-189.96 -874.44
739.536 -830.492
385.088 681.726
1727.59 987.218
-42.3604 1871.13
-951.83 -1008
751.51 -964.406
1347.07 -1437.71
1743.2 -1655.92
1.78573 287.961
1293.65 -850.495
-644.011 -1607.17
1669.54 -1373.91
-1708.27 447.051
-393.028 -1594.26
-255.477 1417.01
-468.696 -1515.94
-1413.48 1916.39
1165.78 -1685.89
903.61 -876.576
-1814.76 1951.78
115.424 936.747
-1012.63 -537.509
1499.03 -1269.42
-193.425 -499.18
1018.54 -899.776
650.325 -1625.47
-506.95 319.866
-999.384 -215.222
-1233.08 607.588
190.522 511.44
24.5999 1721.83
995.499 611.119
1638.22 161.284
925.225 541.827
1284.71 1110.46
493.606 -599.867
47.2093 1480.98
862.623 -453.756
-1788.44 -1330.8
1047.06 1230.1
-230.578 -302.61
1604.63 1262.47
-1982.74 -1394.76
-952.749 -1215.83
1212.83 1237.77
1295.61 -762.568
959.598 291.112
1848.55 597.815
-1547.6 773.776
-860.358 1737.11
-115.762 1633.25
-862.762 1931.45
1114.23 1999.86
-522.308 1325.79
-1330.94 -1475.24
555.885 438.482
222.146 160.512
-299.046 239.402
765.756 748.204
1023.57 -21.4125
-14.0234 319.187
1216.02 -1054.43
-1389.7 1064.57
1543.39 -937.304
-161.654 -1316.97
-1200.2 1722.58
-1683.72 -62.9606
