213 234 396
62 151 391
288 354 387
62 352 391
187 272 278
25 203 317
71 117 299
8 101 181
46 291 382
157 214 255
126 228 287
44 93 156
63 242 383
68 236 301
2 95 169
29 288 339
61 187 374
138 337 395
57 263 344
45 65 348
13 291 382
75 191 341
8 111 135
0 192 240
1 255 308
228 275 287
64 184 308
44 243 322
183 186 322
82 343 361
28 292 365
6 28 190
248 298 375
168 249 365
168 235 284
180 284 364
40 80 279
39 210 236
12 94 369
215 267 305
42 97 305
218 301 318
56 89 164
133 334 378
177 306 335
134 288 339
272 278 306
140 172 379
168 249 284
180 249 284
121 200 274
108 149 352
231 243 276
79 171 336
237 323 349
187 278 374
222 288 354
34 38 144
139 148 387
259 286 297
100 137 166
200 237 274
47 112 347
41 263 344
54 273 342
43 216 371
239 273 313
20 46 295
46 291 295
20 289 295
46 302 382
101 181 226
59 175 360
35 227 247
159 209 327
37 69 212
96 159 209
201 253 381
8 101 115
7 103 192
192 240 303
7 27 197
7 103 256
7 245 363
126 226 228
0 165 217
76 220 398
196 296 367
126 256 296
0 165 398
76 201 253
201 314 381
253 254 381
209 327 370
111 135 219
136 179 264
170 254 399
167 221 399
170 221 399
102 111 136
13 179 264
170 221 262
179 221 262
136 179 262
214 389 393
157 181 214
13 78 382
78 389 393
1 157 255
1 157 181
1 53 181
126 220 226
101 220 226
53 226 228
53 181 226
26 60 338
26 84 132
6 190 299
64 255 308
64 65 270
20 45 302
83 184 348
44 85 156
84 117 319
26 60 84
44 85 186
249 250 322
44 186 322
71 117 319
28 190 292
152 357 365
357 361 365
249 271 365
33 152 357
190 292 343
33 82 229
196 256 296
27 197 198
7 27 245
113 245 363
113 204 245
298 345 375
7 176 363
17 49 176
33 82 357
82 357 361
152 168 365
168 202 368
36 68 261
10 86 261
10 86 293
2 163 169
2 307 312
2 39 307
2 39 163
39 293 307
39 163 210
49 265 362
17 49 185
49 176 362
193 265 362
48 131 153
131 153 362
70 106 318
48 94 369
12 70 369
215 267 350
48 350 369
42 267 350
129 133 396
56 106 164
12 70 318
39 236 293
236 265 301
10 68 261
106 164 182
110 122 329
89 164 182
56 89 171
56 99 334
56 99 106
99 334 378
42 267 305
29 213 215
48 215 350
129 234 396
215 305 321
129 234 321
154 177 335
18 80 90
215 234 321
213 353 396
213 215 234
40 133 396
154 334 394
154 158 394
154 158 177
174 272 336
67 79 285
110 172 329
122 242 252
86 261 325
110 294 383
36 242 252
63 304 383
180 249 250
235 284 364
180 250 364
250 309 364
141 230 243
230 243 390
9 145 208
320 380 386
145 320 380
5 145 320
146 208 224
5 145 208
98 281 351
9 208 224
9 98 224
5 143 208
143 146 208
274 281 351
15 200 237
11 237 349
11 109 349
11 109 366
79 285 380
61 67 187
18 80 207
279 353 396
40 279 396
16 90 353
16 52 134
127 134 288
38 144 282
127 222 288
52 147 260
15 147 282
52 134 346
16 52 260
15 200 290
22 144 324
15 144 282
22 138 324
121 200 290
58 121 286
58 316 337
15 144 290
138 316 337
22 138 316
22 144 316
139 354 387
87 138 395
258 377 397
148 377 397
258 310 397
32 92 277
92 277 310
50 92 195
50 74 397
21 137 155
91 100 130
21 259 297
21 77 155
58 121 290
88 286 297
4 128 388
274 281 388
112 128 347
41 91 166
91 100 166
81 130 244
51 107 371
57 344 392
81 216 244
43 371 376
23 30 123
105 273 358
105 358 376
268 358 373
19 273 342
14 31 206
54 206 268
47 112 263
125 178 206
328 347 356
149 199 352
108 352 391
238 328 356
119 120 391
119 194 283
119 120 283
120 385 391
119 243 276
151 231 276
20 45 257
93 231 257
20 46 302
20 151 289
118 191 289
62 151 289
162 239 313
19 273 313
35 55 175
118 160 161
118 161 191
62 118 289
75 233 372
72 191 341
72 233 341
75 233 341
167 179 221
212 254 399
330 333 370
167 233 330
333 370 399
212 315 399
3 223 247
142 315 355
142 326 355
30 150 360
23 30 211
212 315 355
123 150 326
142 311 326
3 311 326
35 223 247
35 55 239
55 239 241
51 241 371
51 55 241
23 107 269
23 107 211
30 59 211
30 59 360
30 123 150
259 395 397
73 358 384
358 373 384
61 349 374
128 347 388
281 347 388
292 343 365
343 361 365
338 345 375
315 327 399
150 326 360
159 311 315
142 311 315
277 310 377
140 309 379
63 304 325
293 307 312
287 296 367
126 287 296
274 286 388
280 344 392
26 275 338
114 275 338
274 323 351
121 274 286
270 302 382
107 269 371
268 373 384
206 268 384
32 92 173
108 238 328
80 90 353
4 88 388
83 186 319
76 101 253
82 124 298
129 133 378
82 298 345
67 79 336
82 124 246
38 134 282
124 251 298
81 100 130
79 172 379
35 223 360
87 138 397
87 395 397
98 328 347
119 151 391
6 28 365
11 147 237
168 225 368
146 224 328
140 235 294
189 328 385
19 199 205
78 270 382
185 210 265
10 68 293
68 89 182
50 92 397
193 265 301
17 116 232
64 65 348
82 229 246
62 118 331
95 232 246
61 67 285
75 295 372
74 155 359
58 259 286
58 259 395
58 144 316
89 171 329
58 144 290
56 334 394
20 231 257
72 233 330
148 277 387
53 132 308
60 338 345
21 77 397
74 77 155
9 98 323
51 107 211
51 59 175
0 103 192
50 173 195
249 271 322
51 55 175
48 131 362
48 193 362
69 123 326
47 347 356
47 238 356
45 270 302
45 83 348
54 268 358
43 358 376
80 278 306
53 132 228
327 370 399
41 332 344
182 301 318
0 201 240
133 154 334
13 219 393
19 162 313
141 386 390
239 241 273
266 330 370
84 117 299
86 225 304
19 199 342
71 186 319
13 111 219
25 209 227
204 248 298
2 202 229
146 189 328
122 252 329
44 93 231
62 331 352
243 250 322
79 171 172
13 78 393
5 386 390
82 343 345
21 137 297
0 103 217
50 74 173
11 147 260
37 69 123
9 145 380
81 100 300
34 127 134
2 229 246
4 88 137
29 213 353
6 71 183
119 194 243
35 162 239
25 35 203
16 18 260
41 91 244
47 125 206
2 202 368
60 84 299
2 95 246
97 350 369
199 331 352
89 329 340
43 73 358
1 53 308
5 320 386
31 47 238
19 104 205
237 274 323
9 285 349
83 156 186
240 303 314
32 173 359
140 172 294
207 278 374
36 329 340
54 273 358
64 255 270
45 65 270
5 143 390
0 76 201
14 108 149
45 83 156
57 125 178
112 166 263
68 236 293
36 68 340
27 198 245
74 77 397
93 156 257
29 339 353
2 312 368
78 270 389
140 235 309
71 183 186
160 161 191
58 337 395
9 285 380
31 47 206
86 304 325
40 133 335
6 271 365
91 130 244
56 171 394
68 89 340
36 261 325
291 295 372
134 339 353
134 282 346
47 57 125
67 174 336
66 204 367
43 57 384
152 168 202
23 37 269
129 321 378
83 184 319
139 144 324
33 152 202
136 170 262
12 94 318
148 277 377
126 220 256
24 124 251
81 300 359
24 113 188
17 176 232
6 183 322
24 188 251
96 159 311
138 139 324
25 35 227
110 172 294
64 184 348
25 72 266
102 115 254
35 162 203
95 169 232
4 137 166
41 244 332
26 132 228
26 228 275
25 209 266
48 94 193
17 116 169
88 137 297
67 187 272
43 73 384
135 214 219
103 165 217
98 224 328
29 48 215
88 286 388
29 48 153
35 175 360
67 174 272
43 57 392
40 306 335
19 104 162
143 146 390
14 31 238
92 173 195
24 113 363
13 179 291
74 173 359
16 18 90
33 202 229
149 199 206
36 252 329
40 80 306
34 38 134
44 231 243
197 198 367
114 248 338
8 102 115
47 57 263
36 63 242
20 151 231
171 172 329
57 206 384
188 204 251
0 76 398
216 244 280
92 310 397
80 279 353
94 193 218
94 218 318
16 134 353
3 96 311
42 97 350
214 255 270
102 170 254
98 323 351
98 281 347
14 149 206
3 326 360
99 305 321
99 321 378
100 137 155
100 155 300
101 253 254
101 115 254
120 194 283
103 165 256
104 162 317
97 106 305
97 106 369
3 223 360
14 108 238
108 328 391
135 181 214
163 185 210
60 299 345
109 207 374
109 207 366
110 242 383
110 122 242
13 111 264
250 309 379
41 166 263
198 204 367
111 136 264
112 128 166
216 269 371
25 104 205
66 114 204
114 204 248
114 275 287
114 287 367
66 114 367
258 310 377
235 309 364
3 227 247
118 205 331
118 160 205
34 144 354
119 151 276
72 266 330
120 194 385
24 124 232
124 232 246
198 204 245
34 127 354
4 128 166
141 230 390
9 323 349
6 271 322
85 156 186
11 260 366
79 379 380
179 233 372
54 206 342
191 289 295
132 184 308
84 132 319
133 154 335
8 135 181
167 330 333
6 71 299
102 136 170
138 139 397
51 59 211
132 184 319
49 185 265
139 144 354
69 212 326
176 232 363
70 106 369
189 194 390
146 189 390
15 147 237
52 147 346
147 282 346
141 243 250
32 81 359
209 266 370
190 299 345
280 332 344
155 300 359
113 188 204
45 156 257
158 336 394
76 101 220
210 236 265
158 272 336
105 241 376
141 379 380
159 315 327
162 203 317
61 285 349
189 194 385
25 104 317
167 333 399
8 102 111
168 225 235
109 349 374
75 191 295
196 197 256
17 169 185
163 169 185
116 169 232
201 240 314
167 179 233
141 380 386
86 225 312
160 191 205
177 272 306
158 177 272
36 63 325
179 291 372
68 182 301
3 96 227
106 182 318
43 216 392
196 197 367
139 148 397
190 343 345
25 191 205
99 106 305
199 205 331
207 260 366
193 218 301
194 243 390
23 37 123
7 197 256
216 280 392
199 206 342
204 251 298
18 207 260
171 336 394
80 207 278
96 209 227
25 72 191
220 256 398
212 326 355
214 270 389
127 222 354
81 216 269
214 219 393
86 293 312
225 312 368
328 385 391
57 178 206
24 232 363
225 235 304
235 304 383
235 294 383
105 241 273
241 371 376
244 280 332
248 338 375
21 259 397
141 250 379
165 256 398
