213 234 396
62 151 391
288 354 387
25 203 317
64 65 184
46 291 382
157 214 255
126 228 287
63 242 383
26 114 338
36 89 340
2 95 169
66 198 204
61 187 374
31 47 125
45 65 348
45 156 348
66 204 248
201 303 314
0 192 240
13 78 219
103 217 256
135 214 393
102 136 262
65 184 348
228 275 287
84 132 308
28 292 365
6 28 190
6 28 271
248 298 375
168 249 365
202 312 368
86 312 368
180 284 364
10 236 293
12 94 369
215 267 305
42 97 305
218 301 318
40 133 334
133 334 378
177 306 335
134 288 339
147 260 366
168 249 284
180 249 284
121 200 274
108 149 352
237 274 351
44 93 243
231 243 276
237 323 349
187 278 374
222 288 354
58 286 337
34 324 354
34 38 144
50 310 397
259 286 297
100 137 166
200 237 274
54 273 342
206 268 373
104 205 331
45 302 382
46 302 382
96 209 266
167 233 372
76 253 254
102 111 115
25 227 266
35 227 247
159 209 327
37 69 212
96 159 209
201 253 381
7 103 192
192 240 303
103 192 217
7 27 197
7 103 256
7 245 363
0 192 217
76 220 398
126 165 256
1 132 308
126 256 296
76 201 253
76 201 398
201 314 381
253 254 381
13 219 264
170 254 399
170 221 399
102 111 136
170 221 262
214 389 393
157 181 214
135 219 393
8 135 214
78 219 393
78 389 393
1 157 255
1 157 181
1 53 181
101 220 226
53 226 228
1 53 228
1 132 228
26 60 338
60 84 117
6 190 299
20 45 302
93 231 243
44 85 186
183 186 319
6 183 271
71 183 319
28 190 292
190 299 343
28 271 365
152 357 365
292 361 365
249 271 365
33 152 357
124 229 246
82 124 343
124 343 345
114 338 375
66 287 367
27 198 204
7 196 197
27 197 198
7 27 245
27 204 245
113 245 363
113 204 245
298 345 375
24 188 363
7 176 363
17 49 176
152 168 365
202 229 246
168 202 368
36 68 261
86 225 368
10 86 261
2 163 169
86 307 312
2 307 312
2 39 307
39 293 307
12 94 193
49 265 362
17 49 185
10 68 236
49 176 362
193 265 362
48 131 153
131 153 362
12 70 369
215 267 350
42 267 350
129 133 396
56 106 164
39 236 293
236 265 301
10 68 261
68 106 182
36 68 182
106 164 182
110 122 329
56 89 171
56 99 334
56 99 106
99 334 378
42 267 305
48 215 350
129 234 396
129 234 321
154 177 335
18 80 90
40 133 396
40 334 335
154 334 335
174 272 336
79 171 329
67 79 285
122 242 252
86 261 325
110 294 383
63 225 304
36 242 252
63 242 325
110 140 294
294 304 383
63 304 383
183 249 271
225 235 368
235 284 364
180 250 364
140 294 309
379 380 386
9 145 285
141 230 243
230 243 390
320 380 386
143 194 390
98 281 351
5 143 208
274 281 351
15 200 237
11 237 349
237 323 351
11 109 349
109 366 374
207 366 374
279 353 396
40 279 396
16 90 353
18 90 260
16 90 260
127 134 288
38 144 282
127 222 288
52 147 260
38 282 346
52 282 346
16 52 260
15 200 290
11 15 147
11 15 237
22 144 324
58 316 337
58 290 316
144 290 316
22 138 316
22 144 316
139 324 354
34 144 324
139 354 387
258 377 397
258 277 377
258 310 397
258 277 310
32 92 277
92 277 310
74 77 173
32 92 195
137 155 359
21 137 155
77 155 359
100 130 300
137 300 359
91 100 130
81 130 300
77 173 359
21 259 297
21 77 155
88 121 274
88 166 297
88 286 297
100 137 300
4 128 388
98 281 328
128 281 388
274 281 388
41 91 166
91 100 166
81 130 244
81 216 371
32 81 300
57 73 392
105 371 376
57 344 392
57 73 384
81 216 244
43 280 392
105 273 358
105 241 371
43 73 376
43 216 280
268 358 373
54 199 342
206 373 384
54 268 273
268 273 358
14 31 206
54 206 268
43 73 392
47 125 263
328 347 356
108 149 238
149 199 352
108 352 391
14 149 238
238 328 356
119 120 391
143 189 194
119 194 283
119 276 391
119 120 283
120 385 391
119 243 276
151 231 276
20 45 257
93 231 257
151 276 391
62 151 289
118 331 352
162 239 313
19 104 342
25 205 317
96 227 247
25 191 266
118 160 161
118 160 331
62 118 289
233 330 370
75 233 341
167 179 372
167 179 221
212 254 399
330 333 370
167 233 330
333 370 399
212 315 399
3 223 247
96 227 266
72 209 266
142 159 311
142 315 355
23 30 211
212 315 355
3 96 247
3 311 326
35 223 247
55 239 241
105 239 241
51 55 241
30 59 211
123 212 355
69 123 212
259 395 397
73 358 384
358 373 384
61 349 374
233 341 370
72 341 370
213 339 396
339 353 396
338 345 375
299 338 343
338 343 345
315 327 399
148 324 387
316 337 395
273 313 342
142 311 355
311 326 355
140 309 379
201 303 398
240 303 398
75 295 341
20 295 302
287 296 367
126 287 296
280 344 392
80 279 335
40 279 335
81 269 371
107 269 371
191 266 341
112 263 347
259 337 395
259 286 337
51 107 241
108 238 328
63 86 325
48 94 350
80 90 353
187 272 306
4 88 388
44 85 93
83 186 319
129 133 378
67 79 336
124 251 298
79 172 379
35 223 360
79 158 394
87 395 397
74 77 259
21 77 259
150 175 360
146 224 328
87 138 316
73 105 376
85 93 156
189 328 385
72 327 370
71 84 117
71 84 319
70 106 301
144 282 290
78 270 382
107 211 269
12 70 193
70 193 318
235 284 368
193 265 301
17 116 232
64 65 255
56 154 394
79 110 172
61 323 349
64 84 319
95 232 246
61 187 272
61 174 272
66 196 197
76 115 170
70 301 318
57 178 344
89 171 329
187 278 306
20 231 257
148 277 387
47 263 347
94 350 369
13 78 291
53 101 226
52 282 290
213 288 339
15 52 290
5 9 145
9 98 323
51 107 211
51 59 175
50 259 397
50 173 195
48 131 362
58 121 200
48 193 362
47 347 356
47 238 356
82 190 361
46 75 295
80 278 306
3 150 326
327 370 399
230 379 390
41 332 344
98 208 224
126 220 228
41 112 128
41 88 166
73 105 358
125 178 344
19 104 317
234 305 321
19 162 313
64 184 319
33 124 229
30 150 175
26 114 287
64 84 308
18 80 278
36 122 329
23 30 269
204 248 298
79 158 336
146 189 328
55 203 239
6 71 117
167 221 333
243 250 322
5 9 208
165 220 398
46 75 291
69 123 150
14 47 238
29 213 288
4 41 128
5 386 390
16 38 346
113 204 298
21 137 297
46 295 302
50 74 173
39 185 210
108 385 391
56 154 334
112 263 344
34 127 134
66 114 287
35 55 203
6 71 183
9 67 285
7 196 296
119 194 243
16 52 346
25 35 203
41 91 244
2 95 246
8 111 136
117 299 338
97 350 369
1 64 308
89 329 340
5 320 386
72 209 327
58 88 286
1 64 255
8 136 264
10 86 307
83 156 186
61 67 174
32 173 359
14 31 47
8 135 264
207 278 374
60 84 132
36 329 340
36 164 182
113 251 298
5 145 380
45 65 270
22 138 148
5 143 390
2 39 210
79 110 329
45 270 382
107 241 371
18 207 278
79 145 380
13 264 291
0 217 256
3 150 360
26 60 132
93 156 257
23 211 269
75 233 291
72 266 341
78 270 389
7 256 296
82 361 365
5 320 380
180 249 322
180 250 322
30 37 269
58 200 290
160 161 191
8 101 111
186 249 322
87 316 395
31 178 206
10 293 307
91 130 244
56 171 394
36 261 325
6 117 299
134 339 353
22 148 324
88 274 388
233 291 372
29 215 234
67 174 336
152 168 202
2 163 210
129 321 378
26 275 287
79 145 285
83 184 319
33 152 202
36 56 164
148 277 377
24 124 251
17 176 232
118 161 289
24 188 251
96 159 311
25 35 227
65 255 270
95 169 232
37 69 150
41 244 332
26 132 228
26 228 275
16 38 134
48 94 193
17 116 169
30 59 175
98 224 328
216 371 376
29 48 215
29 48 153
29 213 234
35 175 360
87 377 397
82 190 343
63 86 225
179 264 291
2 246 312
31 125 178
58 88 121
32 300 359
78 291 382
33 202 229
149 199 206
34 38 134
35 51 55
190 292 361
20 151 231
35 51 175
36 242 325
379 386 390
30 37 150
57 206 384
112 281 328
79 171 394
80 306 335
39 185 236
36 56 89
216 244 280
80 279 353
104 199 342
16 134 353
139 324 387
3 96 311
141 309 379
42 97 350
9 98 208
179 221 264
98 323 351
14 149 206
99 305 321
99 321 378
125 263 344
101 111 115
8 101 214
4 41 88
120 194 283
104 331 352
104 199 352
104 205 317
235 250 309
105 273 313
68 106 236
106 236 301
97 106 305
97 106 369
3 223 360
108 328 385
109 147 366
11 109 147
163 185 210
110 242 383
110 122 242
110 172 379
110 140 379
61 67 323
76 101 115
112 128 281
101 181 214
112 328 347
41 112 344
36 122 252
66 114 248
114 248 375
102 115 262
115 170 262
60 117 338
220 226 228
62 118 391
118 352 391
120 194 385
214 255 389
24 124 232
124 232 246
124 298 345
33 124 357
82 124 357
126 165 220
34 127 354
19 162 317
85 156 186
79 379 380
191 289 295
235 294 309
44 186 243
135 219 264
167 330 333
188 251 363
137 166 297
51 59 211
87 138 148
49 185 265
141 250 309
53 101 181
9 67 323
15 52 147
168 284 368
160 205 331
176 232 363
151 289 295
70 106 369
105 239 313
141 243 250
156 184 348
123 150 355
150 326 355
20 151 295
66 196 296
202 246 312
280 332 344
162 203 239
83 156 184
45 156 257
76 101 220
189 208 224
158 272 336
142 159 315
159 315 327
25 160 191
82 357 365
25 160 205
43 216 376
162 203 317
189 194 385
66 197 198
165 240 398
109 349 374
17 169 185
163 169 185
116 169 232
32 173 195
19 313 342
177 272 306
158 177 272
158 177 394
154 177 394
0 240 256
179 291 372
185 236 265
76 170 254
165 240 256
186 243 322
183 186 249
143 189 208
146 189 224
191 295 341
136 262 264
99 106 305
207 260 366
193 218 301
255 270 389
193 218 318
194 243 390
50 195 310
92 195 310
54 199 206
66 296 367
18 207 260
127 222 354
221 262 264
221 333 399
87 148 377
161 191 289
50 74 259
57 178 206
141 230 379
24 232 363
215 234 305
235 250 364
225 235 304
235 294 304
244 280 332
113 251 363
