1360.75 -422.468
1132.4 1193.76
1646.59 -1209.79
-659.109 1072.92
-888.901 215.88
-90.4118 515.484
-540.862 53.6036
1808.92 1664.78
542.847 869.188
-1433.59 427.876
-1934.8 -1028.45
-1451.07 1216.71
-1373.28 -396.222
-1480.84 -1564.76
1995.7 -1126.97
51.7296 1356.45
450.559 -815.874
550.209 97.1488
-25.6681 1891.1
-829.933 1085.43
106.98 1079.66
-399.086 1566.12
-866.741 -590.167
1230.9 1676.11
-1720.98 1797.31
103.981 -1655.78
-1231.14 652.908
1560.93 -604.428
-1743.31 -1919.91
-169.193 -1747.62
-1046.88 1882.54
1608.83 1403.68
-933.337 159.041
-499.172 1040.99
50.1415 670.895
126.426 -1842.88
-249.45 1727.34
1723.24 883.809
-862.826 954.137
559.915 -583.805
751.446 -1336.1
-239.582 1520.3
1316.8 -678.651
-1084.13 1573.49
-598.559 746.68
1825.87 354.561
629.216 1434.71
-241.76 1695.88
-406.253 1259.07
736.874 1643.89
-70.0374 -1136.7
1801.01 1680.51
-1409.36 1524.25
564.322 -272.186
478.386 -875.762
1144.01 -770.169
-211.866 -1095.57
-1249.87 -895.061
225.775 -333.995
-1321.57 1627.22
-1587.32 -1495.7
-18.2237 1041.9
1939.01 1740.02
737.78 -467.247
999.084 -525.346
-823.359 -1070.95
337.954 -1022.35
-1390.44 928.594
-1498.1 1173.88
-1343.59 980.286
-1701.88 1800.42
-1789.88 86.2535
-1295.16 -1039.75
1191.19 930.618
626.255 1869.62
557.833 1038.94
-1626.08 -1460.39
80.8403 -1687.07
-1720.37 -1181.38
-154.318 1278.71
293.275 1022.32
-1792.24 -1368.77
1999.97 -1182.69
1559.82 -1498.13
1991.2 -1783.77
1482.16 -1710.68
-1983.35 1692.28
375.569 -1278.51
-1347.47 -433.239
1652.11 1278.78
-563.619 209.94
317.72 -189.697
749.55 -1601.44
123.232 1029.18
-782.819 1968.91
307.884 1510.46
991.237 515.64
-1858.32 991.211
1332.95 1701.51
1493.09 1324.15
1917.74 975.245
1613.47 1934.38
667.521 -10.9659
-1344.13 1320.05
1555.8 -1692.02
598.828 -1007.82
517.919 -1083.45
802.48 -732.531
-684.892 -1074.29
-1703.36 532.289
-1105.37 604.528
42.7439 1885.86
-879.832 184.428
877.074 -1546.88
-114.066 370.16
1777.27 -196.33
-654.595 1390.74
-261.947 -1987.07
-620.228 393.925
1332.97 -1064.43
701.904 -68.1989
-72.2567 -780.177
848.349 -1269.78
487.291 -1836.54
-344.065 783.935
695.746 550.561
-611.537 -1261.51
436.423 508.632
922.917 -686.502
961.754 -1191.15
1683.66 739.026
612.521 -970.938
129.764 -1649.43
-958.012 1509.54
744.5 -1625.04
-1554.9 -553.596
306.762 372.846
666.226 -844.889
1103.07 -846.482
-681.432 -1241
1937.45 -1985.69
1309.56 -674.084
-1247.2 -254.012
1834.55 1675.72
1059.49 796.302
-1515.43 743.143
-464.672 1097.09
1772.21 1665.09
1447.67 -1185.81
1174.63 192.168
-810.846 1619.73
1638.57 1495.92
-7.42429 304.798
-1348.97 -904.355
1458.32 -30.4047
-145.351 1395.77
-16.0904 -835.787
-1278.32 736.714
910.201 -1443.77
412.435 -30.3131
1352.53 897.008
-1287.17 -1112.14
-5.89807 -1514.96
-1447.05 -558.23
-700.772 1727.58
1633.94 488.382
1347.31 1272.51
-15.7023 -660.113
-422.691 635.325
435.531 -964.376
-1395.08 -1709.82
-1568.61 588.83
-545.607 -846.922
-674.457 -1635.41
-290.689 1737.98
334.281 -938.155
634.987 1047.11
-50.2925 -1370.91
1532.15 502.661
70.8589 -1168.63
230.242 -295.202
1319.76 -422.446
-1022.69 -695.946
917.44 554.617
1939.38 -647.028
1590.24 -1455.7
-356.848 -1978.37
1133.13 1097.54
-825.288 -1541.33
1462.14 884.023
-1803.35 -203.58
1945.87 831.636
-1156.47 -104.424
1460.72 -1624.32
-1601.76 -468.416
-792.948 628.48
1236.38 -1473.19
-1793.97 -1786.31
-169.138 1123.47
768.306 -229.759
-1523.55 358.547
314.539 119.597
380.181 -552.333
-782.858 1554.89
-93.6614 -1320.72
438.916 102.988
475.702 384.785
-1065.38 1319.23
-1719.64 -1604.65
1694.91 -1321.4
-73.0666 -1098.04
1307.08 -836.685
-571.228 1513.11
-622.996 1259.63
636.584 -1854.69
-970.124 1113.03
503.856 1344.41
-767.374 -1115.96
-1207.92 449.768
-1561.07 698.421
1129.05 877.847
-1198.59 -395.249
-737.368 -263.966
-1076.02 -457.007
131.384 -1381.1
221.591 -1941.68
-479.141 -471.331
-778.368 949.631
-958.221 598.636
209.266 1678.36
743.945 1239.14
791.393 -752.198
583.556 -1975.98
131.839 1375.64
473.787 570.77
74.0595 -397.164
-551.383 875.469
1207.59 711.249
-1388.5 -1868.43
-1745.76 742.887
-1249.53 475.833
801.205 271.324
-1995.5 -1977.16
-779.045 -953.719
621.472 1430.22
-1275.36 -634.582
669.362 1516.04
613.22 -747.082
1540.06 -1254.94
-1371.44 13.8439
1315.83 702.616
1616.68 -1235.55
-421.915 824.267
1475.7 189.588
955.838 1729.94
-1067.52 1706.3
205.772 1733.68
-22.3725 210.274
1756.52 1198.58
1256.55 377.989
628.804 1981.2
1743.41 -701.834
1497.24 356.627
551.084 1037.29
1101.69 1179.64
-948.862 417.515
-117.743 -1332.18
1181.96 1460.34
1492.09 657.658
-350.07 447.923
387.596 582.406
154.226 -1406.63
316.086 -1868.15
803.641 72.6027
1330.44 60.1963
-1549.41 -40.76
41.3961 -1806
1257.41 -461.366
550.625 -191.51
-1424.07 -347.689
-1011.87 -372.934
-1930.17 870.387
294.885 1251.79
330.729 -213.03
-90.5543 1980.66
-1765.11 -1702.96
563.065 389.119
-1109.59 -1120.85
520.973 1694.05
951.754 -148.591
-245.753 1402.35
1810.65 1795.64
1596.34 1068.05
-665.723 146.97
-1123.46 -89.7951
1799.28 -135.326
1537.27 1869.11
-1264.94 -167.844
1120.9 1065.79
1619.13 -969.659
1046.45 1854.02
-672.617 -390.485
243.138 217.793
488.666 -1235.89
-88.1565 -559.58
615.52 1666.09
-1157.23 426.169
1461.73 -1560.89
-505.777 -1203.99
586.081 370.768
706.216 385.362
-1764.56 243.487
254.47 -1029.5
-1924.36 -624.634
-1963.71 1694.77
405.707 1082.74
1548.79 1733.09
-1307.74 -208.074
-49.1172 1180.93
556.037 1862.73
-1378.65 -828.444
1528.82 -535.888
1597.73 990.551
-96.7775 -908.052
1786.56 -1510.7
1462.72 492.778
874.665 1698.16
-1263.74 -870.865
-1331.34 -1188.09
504.501 -1295.04
-1493.32 -1089.79
1787.7 -1944.53
-1356.7 -1520.04
-152.609 594.18
1660.88 -1596.57
456.907 -1717.77
-425.016 -14.2761
-253.66 -827.291
-1023.73 1649.56
264.658 -1237.16
-1861.13 -272.626
1255.61 1013.53
-574.468 1991.88
-1857.33 94.1935
-1196.21 647.166
799.149 -689.536
1557.37 586.847
-634.071 -1799.33
1066.8 1213.32
794.852 727.687
1616.75 -748.241
1009.91 -808.267
1237.48 -1243.75
364.442 -1786.24
-1594.18 -1370.9
-1023.41 -1455.32
356.474 -1767.79
1558.21 1782.01
-1775.91 1700.88
-123.8 -972.124
348.045 -1324.65
338.341 -94.5813
1262.2 1704.27
106.09 329.001
917.591 -1099.06
-943.312 534.339
152.701 -1933.4
1726.07 -609.816
-1177.14 90.5146
-396.059 -771.327
719.615 580.536
-226.645 -923.911
812.745 -668.432
-1141.9 1036.83
-967.553 734.296
-1935.29 1380.49
1409.64 403.051
-714.09 671.841
107.321 1392
-999.159 -975.088
-1707.06 57.5287
1559.25 445.644
124.131 1285.32
1835.83 946.988
-624.162 -560.231
-1824.34 -1904.55
-1979.7 -50.9833
-828.458 833.05
1280.58 29.6382
-130.117 -1686.97
-1236.07 -65.4066
1693.52 -1826.42
-1662.36 -1020.57
845.419 444.965
-1628.57 1846.26
1469.88 -1335.62
-96.2106 1029.13
1110.02 -1972.08
314.45 945.848
974.908 1690.29
-1614.38 1150.57
1785.74 -1594.08
-900.414 -1042.72
1238.97 -1619.83
986.921 -891.145
-1306.8 1750.86
1043.45 -1613.27
1924.43 1381.09
-633.841 769.854
-173.943 -262.408
616.115 -704.067
401.969 -1480.1
-1674.94 -488.011
-1452.18 639.51
-1542.16 1522.73
329.799 -1156.55
673.302 115.539
-750.626 1772.89
1072.82 -1511.66
-1846.94 59.7438
-402.8 -1153.74
-189.401 -1359.35
-767.013 -264.966
-1978.26 599.146
-1495.11 -152.204
-1663.26 1121
1143.73 738.707
1640.91 1468.79
-1749.3 -1811.27
108.3 -1291.47
1711.46 -1561.9
-448.015 384.765
553.638 801.358
157.654 -373.54
1289.7 310.713
1686.2 -1113.1
1156.97 -503.197
-472.449 -1610.04
1231.84 -450.71
989.108 1736.72
1397.09 1325.85
857.727 540.816
64.5543 498.633
9.60507 315.25
687.363 -1882.1
1023.78 398.826
-1444 -1424.23
-1216.41 1109.64
1377.12 941.245
-1263.9 666.828
