14 30 45
14 27 45
10 20 32
2 20 32
15 24 32
17 24 36
5 39 44
0 30 38
4 12 39
12 39 44
13 26 38
0 38 48
0 14 30
4 12 47
4 5 39
4 33 47
4 6 33
6 9 28
2 22 49
23 29 31
2 41 49
2 20 22
2 32 43
2 15 43
15 32 43
19 24 36
15 19 37
3 19 37
16 41 49
25 40 46
40 45 46
18 27 45
17 18 25
0 14 48
17 18 27
14 27 48
27 42 48
3 19 36
8 17 24
15 19 24
12 44 47
30 38 47
38 44 47
13 38 42
38 42 48
3 36 41
16 17 41
10 11 22
10 11 21
10 16 21
5 6 9
1 8 13
8 17 27
7 30 47
7 30 45
7 29 45
7 23 29
17 36 41
10 16 29
8 13 42
2 3 37
2 15 37
16 17 25
5 26 38
8 27 42
5 38 44
1 24 35
11 21 22
4 5 6
6 28 34
6 31 34
2 3 41
16 25 29
1 8 24
16 21 22
16 22 49
23 31 33
7 23 47
23 33 47
25 29 40
18 25 45
10 20 22
25 45 46
10 29 34
29 40 45
29 31 34
6 31 33
