0 15 63
7 46 84
11 34 59
10 39 44
3 23 45
41 50 80
39 44 80
6 24 55
58 85 93
53 65 74
58 85 96
56 82 90
14 74 84
22 67 93
14 28 74
10 39 57
9 26 70
0 20 73
48 63 73
4 40 57
54 81 88
15 60 88
5 34 59
24 33 55
21 77 92
42 71 75
17 58 93
56 71 82
82 85 90
56 75 90
56 71 75
41 50 83
50 83 95
50 80 95
10 40 57
41 44 80
37 65 74
12 29 53
29 82 85
12 29 43
14 28 43
12 28 43
7 46 58
1 14 43
1 14 84
1 43 96
17 46 58
1 7 84
22 85 93
8 16 67
66 87 91
16 17 47
17 46 99
20 47 99
17 47 99
20 36 99
11 34 78
36 40 49
0 20 36
37 49 74
36 49 84
49 74 84
4 55 57
15 33 60
51 61 63
0 63 73
51 63 72
9 26 51
48 61 63
2 27 38
20 62 98
2 87 98
62 87 98
2 31 87
2 38 98
2 27 48
27 38 94
9 18 30
2 48 64
48 61 64
9 30 70
2 31 64
31 76 81
54 76 81
30 70 76
54 70 76
15 63 72
26 51 72
11 60 78
5 34 81
60 78 88
39 55 57
6 19 24
4 33 55
6 45 55
42 83 95
21 52 92
21 52 89
5 68 81
25 68 92
25 77 92
20 73 98
70 79 88
54 70 88
70 72 79
22 66 69
66 69 91
65 83 86
78 81 88
39 55 80
55 80 97
34 78 81
69 87 91
32 52 95
42 52 95
41 44 65
41 65 83
8 67 69
38 73 94
10 37 44
10 37 40
36 46 84
62 69 87
0 36 40
11 19 59
32 80 95
11 24 60
0 4 33
1 58 96
15 79 88
71 83 86
3 52 89
6 13 19
11 19 24
38 73 98
45 55 97
3 32 52
42 71 83
0 15 33
19 35 77
25 68 77
5 19 59
23 45 97
1 7 58
0 4 40
3 6 13
13 19 35
29 85 96
12 28 53
3 32 97
3 77 89
16 67 93
37 40 49
3 23 97
30 31 64
29 71 86
16 20 62
16 20 47
8 16 69
22 67 69
42 52 75
29 65 86
16 62 69
16 17 93
9 18 51
18 51 61
24 33 60
37 44 65
18 61 64
27 48 73
18 30 64
36 46 99
19 68 77
26 70 72
15 72 79
13 35 77
27 73 94
3 6 45
28 53 74
3 13 77
29 53 65
29 43 96
30 31 76
32 80 97
29 71 82
5 19 68
21 77 89
