20 73 94
41 44 86
7 46 84
11 34 59
3 23 45
41 50 80
6 24 55
53 65 74
56 82 90
16 17 67
14 74 84
20 38 98
22 67 93
22 66 91
20 47 62
14 28 74
9 26 70
0 20 73
27 48 94
4 40 57
54 81 88
15 60 88
5 34 59
24 33 55
6 19 35
32 75 95
3 13 45
3 13 89
21 77 92
42 71 75
17 58 93
32 52 75
56 71 82
82 85 90
56 75 90
41 83 86
56 71 75
41 50 83
50 83 95
50 80 95
46 84 99
44 65 86
37 65 74
10 37 49
12 29 53
53 65 86
29 82 85
29 53 86
7 46 58
1 14 84
43 85 96
1 43 96
17 46 58
1 7 84
22 85 93
8 22 69
16 47 62
22 69 91
8 16 67
8 16 62
17 67 93
8 22 67
8 62 69
66 87 91
16 17 47
17 46 99
20 47 99
17 47 99
20 36 99
36 40 49
0 20 36
36 84 99
36 49 84
4 36 40
15 33 60
20 38 94
51 61 63
0 63 73
51 63 72
9 26 51
20 62 98
2 87 98
62 87 98
2 31 87
2 38 98
18 30 61
9 18 30
48 61 64
9 30 70
30 61 64
31 76 81
54 76 81
30 70 76
54 70 79
54 70 76
11 33 60
26 51 72
54 79 88
19 35 68
5 34 81
25 35 77
60 78 88
0 4 36
39 55 57
6 19 24
11 24 33
6 45 55
32 95 97
42 83 95
42 75 95
80 95 97
13 21 89
21 52 92
3 32 89
5 68 81
25 68 92
25 35 68
25 77 92
70 72 79
58 93 96
63 73 94
48 61 94
78 81 88
39 55 80
55 80 97
34 78 81
69 87 91
10 49 57
40 49 57
61 63 94
39 44 57
37 49 84
10 37 44
6 35 45
11 34 60
13 35 45
13 21 77
62 69 87
11 19 59
21 32 89
34 60 78
12 43 85
2 27 31
0 4 33
1 58 96
15 79 88
1 14 28
71 83 86
1 12 28
85 93 96
11 19 24
45 55 97
42 71 83
0 15 33
5 19 59
37 74 84
23 45 97
1 7 58
2 27 94
12 29 85
2 38 94
1 12 43
0 63 72
12 28 53
3 32 97
3 23 97
30 31 64
29 71 86
9 18 51
18 51 61
37 44 65
21 32 52
10 44 57
26 70 72
15 72 79
39 41 44
27 31 64
13 35 77
28 53 74
27 48 64
30 31 76
39 41 80
0 15 72
29 71 82
5 19 68
33 55 57
4 33 57
