0 15 63
20 73 94
41 44 86
11 34 59
41 50 80
71 82 86
6 24 55
9 51 61
58 85 93
53 65 74
58 85 96
56 82 90
14 74 84
20 38 98
22 67 93
22 66 91
14 28 74
9 26 70
0 20 73
27 48 94
62 87 91
48 63 73
4 40 57
72 79 88
5 34 59
6 19 35
3 13 89
5 59 68
42 71 75
23 32 97
56 71 82
82 85 90
56 75 90
41 83 86
56 71 75
41 50 83
50 83 95
50 80 95
44 65 86
12 28 74
37 65 74
10 37 49
12 29 53
12 53 74
12 28 43
1 14 84
43 85 96
1 43 96
22 85 93
22 69 91
17 67 93
62 69 91
66 87 91
16 17 47
20 47 99
17 47 99
20 36 99
36 40 49
0 20 36
36 49 84
15 33 60
0 4 15
20 38 94
51 61 63
0 63 73
51 63 72
9 26 51
9 18 61
48 61 63
20 62 98
2 87 98
62 87 98
2 31 87
2 38 98
2 27 48
48 73 94
30 64 76
2 48 64
48 61 64
2 31 64
31 76 81
31 64 76
54 76 81
30 70 76
54 70 79
54 70 76
15 63 72
26 51 72
54 79 88
34 78 88
5 34 81
11 24 59
19 59 68
19 24 59
60 78 88
4 15 33
39 55 57
6 19 24
6 45 55
3 23 32
23 45 55
32 95 97
42 83 95
23 55 97
80 95 97
32 52 89
13 21 89
3 32 89
21 52 89
5 68 81
25 68 92
25 77 92
70 72 79
82 85 86
60 72 88
39 55 80
55 80 97
10 49 57
40 49 57
39 44 57
8 67 69
37 49 84
29 85 86
10 37 44
36 46 84
6 35 45
11 34 60
13 35 45
13 21 77
0 36 40
13 23 45
34 60 78
8 17 67
8 16 17
12 43 85
11 24 60
21 52 77
9 18 70
3 13 23
7 17 46
1 58 96
24 55 57
1 28 43
34 54 81
1 14 28
71 83 86
7 58 93
17 36 99
1 7 46
42 71 83
19 35 77
25 68 77
15 60 72
37 74 84
1 7 58
2 27 94
0 4 40
12 29 85
2 38 94
34 54 88
18 30 70
16 20 62
16 20 47
8 16 69
22 67 69
42 52 75
1 46 84
29 65 86
16 62 69
24 33 60
37 44 65
18 61 64
18 30 64
19 68 77
7 17 93
10 44 57
26 70 72
24 33 57
39 41 44
13 35 77
29 53 65
32 42 52
32 42 95
52 77 92
39 41 80
17 36 46
4 33 57
