7 46 84
11 34 59
10 39 44
26 72 79
41 50 80
71 82 86
6 24 55
9 51 61
58 85 93
53 65 74
58 85 96
56 82 90
16 17 67
14 74 84
22 67 93
14 28 74
10 39 57
9 26 70
0 20 73
62 87 91
4 40 57
72 79 88
26 70 79
54 81 88
5 34 59
24 33 55
6 19 35
3 13 89
21 77 92
5 59 68
42 71 75
32 52 75
56 71 82
82 85 90
56 75 90
56 71 75
41 50 83
50 83 95
50 80 95
10 40 57
37 65 74
7 58 96
12 28 43
7 46 58
1 7 96
1 14 84
1 43 96
1 7 84
22 85 93
8 22 69
8 16 67
17 67 93
8 22 67
62 69 91
66 87 91
16 17 47
20 47 99
20 36 99
11 34 78
0 20 36
4 36 40
15 33 60
0 4 15
51 61 63
0 63 73
51 63 72
9 26 51
9 18 61
48 61 63
2 27 38
20 62 98
2 87 98
62 87 98
2 31 87
2 38 98
27 38 94
9 18 30
48 61 64
9 30 70
2 31 64
31 76 81
54 76 81
30 70 76
54 70 79
54 70 76
11 33 60
26 51 72
54 79 88
34 78 88
11 60 78
19 35 68
19 59 68
60 78 88
4 15 33
0 4 36
6 19 24
11 24 33
6 45 55
32 95 97
42 83 95
80 95 97
21 52 92
21 52 89
5 68 81
25 68 92
25 77 92
13 77 89
20 73 98
35 68 77
22 66 69
66 69 91
65 83 86
63 73 94
82 85 86
60 72 88
39 55 80
55 80 97
17 46 93
46 58 93
46 47 99
17 46 47
41 44 65
41 65 83
36 40 84
12 43 53
38 73 94
37 49 84
29 85 86
10 37 44
10 37 40
36 46 84
29 43 53
6 35 45
13 35 45
11 19 59
13 23 45
5 34 88
4 39 57
3 13 23
1 28 43
1 14 28
71 83 86
3 52 89
11 19 24
38 73 98
45 55 97
3 32 52
42 71 83
25 68 77
2 27 64
27 48 63
15 60 72
37 74 84
23 45 97
40 49 84
5 81 88
0 63 72
29 85 96
12 28 53
3 32 97
37 40 49
3 23 97
30 31 64
16 20 62
16 20 47
8 16 69
29 65 86
32 42 75
16 62 69
37 44 65
18 61 64
18 30 64
36 46 99
39 41 44
13 35 77
28 53 74
29 53 65
27 48 64
29 43 96
30 31 76
27 63 94
32 42 95
33 39 55
39 41 80
0 15 72
4 33 39
21 77 89
