85 207 335
33 141 343
15 242 284
120 200 373
32 122 137
4 265 394
80 369 374
34 95 225
69 112 297
264 354 393
10 19 26
179 248 282
154 261 379
118 168 214
229 320 336
245 248 285
312 355 390
9 111 351
122 137 222
49 99 130
94 133 304
158 208 304
1 204 299
97 213 372
94 128 288
147 170 243
266 369 374
90 97 372
65 97 180
105 212 388
97 180 348
33 160 283
33 102 388
102 212 234
215 283 353
218 316 333
16 70 135
162 354 393
22 66 71
112 187 216
62 76 142
109 233 270
69 293 297
230 297 391
69 112 187
69 140 187
271 368 393
164 276 358
24 228 358
46 175 327
3 17 191
175 190 327
168 278 334
164 276 392
24 138 364
123 302 303
103 203 308
19 26 103
120 200 306
8 151 261
8 60 143
100 231 323
5 88 318
250 290 331
139 267 320
81 151 257
98 188 389
20 77 325
326 363 365
84 132 256
35 174 227
163 178 386
92 265 344
99 130 165
14 44 279
38 177 386
172 285 336
184 186 340
229 291 320
151 257 342
229 244 376
134 176 332
176 247 332
83 134 355
83 355 366
15 23 242
209 269 296
83 242 366
355 366 390
104 222 242
25 137 286
23 104 242
25 104 286
104 222 286
137 222 286
36 122 222
32 280 344
29 59 294
32 273 344
59 92 344
152 319 375
288 347 370
196 319 330
4 161 196
4 272 394
4 161 265
7 31 273
7 273 346
7 158 346
92 161 265
121 199 397
55 155 397
94 288 347
94 133 347
91 185 220
256 298 380
91 185 298
79 380 381
131 132 274
72 256 380
72 79 380
72 79 170
91 220 254
91 224 381
97 199 217
199 217 224
37 65 121
57 208 377
65 67 180
37 65 223
65 86 223
94 155 304
155 223 377
202 209 269
86 193 350
202 209 252
182 355 388
105 315 350
102 212 388
33 102 215
96 102 234
12 30 197
197 313 329
30 197 329
96 102 215
96 215 234
215 234 353
33 215 283
12 30 259
30 234 353
90 97 348
12 259 317
169 246 368
27 183 321
70 135 183
70 183 321
6 183 292
16 207 335
33 160 335
33 85 335
40 135 206
85 207 343
135 183 292
33 85 343
110 206 218
110 218 316
333 356 383
28 307 391
73 206 218
76 145 356
53 109 270
53 109 383
109 233 383
76 142 233
233 356 383
6 27 54
76 233 356
40 52 292
52 76 145
40 135 292
6 54 292
6 27 183
62 66 71
162 211 354
54 62 66
71 162 211
142 233 349
233 270 349
115 270 349
115 142 349
144 216 345
53 226 270
115 226 270
53 226 307
28 307 387
230 307 391
226 230 307
71 211 345
58 140 187
58 187 211
41 140 228
41 123 395
87 324 365
87 324 364
219 264 399
164 264 399
22 54 66
246 368 378
45 271 378
271 368 378
45 162 251
80 147 369
147 243 369
281 317 372
169 246 281
169 281 369
169 266 369
74 213 243
164 363 392
72 159 256
147 170 363
84 132 274
159 326 363
20 325 384
156 235 300
77 325 386
20 106 175
20 106 384
1 299 326
159 299 326
19 191 373
118 166 190
278 314 327
190 278 327
46 95 327
1 326 365
34 87 365
34 87 364
276 324 392
41 228 395
138 324 364
24 138 358
24 228 395
21 302 303
123 203 395
123 203 302
48 241 387
103 203 302
241 387 396
120 191 373
42 56 367
95 108 225
42 314 367
2 42 373
2 42 314
201 231 318
124 200 373
124 323 373
124 200 323
3 119 289
3 10 119
3 289 328
125 253 301
47 117 127
47 101 310
47 117 310
154 253 301
249 268 301
154 359 379
8 143 151
261 295 379
151 295 310
139 310 342
151 261 295
129 221 398
81 143 151
13 100 323
118 168 334
214 250 371
61 136 341
151 310 342
184 221 398
129 257 342
129 221 342
139 267 342
184 186 221
245 285 336
139 291 320
267 320 336
179 311 360
244 338 376
229 244 291
78 99 282
179 282 311
172 248 285
38 136 163
38 245 248
106 339 384
38 163 386
325 339 384
68 177 339
38 188 248
84 126 274
126 131 274
126 131 174
131 174 298
35 198 227
126 174 235
106 175 192
175 192 204
152 196 319
49 99 258
98 258 389
38 177 188
50 165 238
89 130 165
4 196 272
29 59 82
161 196 330
113 319 375
0 113 260
0 239 260
239 260 337
0 59 82
36 260 337
153 194 255
9 260 351
9 153 260
150 153 262
107 150 255
153 171 194
9 153 262
14 275 279
78 195 238
64 107 305
150 153 255
149 277 311
116 149 376
93 173 305
64 232 305
171 194 237
194 255 309
363 365 392
14 361 382
11 352 382
133 347 394
347 370 394
229 336 376
336 340 341
250 331 371
316 333 383
141 316 383
141 316 343
110 316 343
2 314 373
13 314 323
193 313 350
203 308 395
51 308 395
231 306 323
44 279 382
262 279 382
277 282 311
219 264 368
77 263 386
178 263 386
246 259 281
98 258 300
254 288 370
252 312 390
188 248 389
246 321 378
81 129 236
39 130 258
62 142 210
7 133 158
78 277 282
0 82 319
78 99 165
78 107 195
166 190 263
20 77 175
75 338 376
75 189 376
75 291 338
81 129 257
74 97 213
74 97 217
80 147 399
68 98 300
81 236 371
64 78 107
187 211 345
67 86 193
65 67 86
128 199 397
65 97 199
1 95 365
173 194 309
63 297 391
245 336 341
200 306 323
187 216 345
63 293 297
16 148 246
30 146 259
68 235 300
61 340 341
70 246 321
61 163 331
8 60 261
213 243 281
59 92 161
352 361 382
169 368 374
57 86 202
248 282 389
57 202 269
57 158 296
90 197 372
57 158 208
67 180 348
27 54 321
51 56 108
28 63 391
75 171 189
62 71 144
105 182 388
51 108 364
61 184 398
28 48 63
178 214 263
265 273 344
47 119 396
86 202 350
1 46 204
113 260 351
45 271 393
150 262 279
43 240 361
43 357 361
61 136 163
210 230 297
68 235 339
39 156 300
50 89 165
107 195 357
41 123 303
57 223 377
16 135 206
56 95 367
3 19 191
259 281 317
91 380 381
107 275 279
7 31 394
128 199 224
31 265 273
14 107 275
34 95 365
73 218 356
13 168 278
58 140 211
22 54 321
46 175 204
164 211 358
314 323 373
71 144 345
186 267 342
59 344 362
112 144 216
32 122 362
41 140 293
78 232 277
51 103 308
3 17 306
68 98 177
91 254 288
57 269 296
16 146 148
63 181 293
81 143 371
56 95 108
144 157 210
111 375 385
30 212 234
11 240 352
30 283 353
35 174 235
16 160 335
62 144 210
3 10 19
21 48 181
91 298 380
93 149 305
25 158 346
59 161 294
88 143 318
16 287 322
128 224 288
51 56 103
0 59 362
19 56 373
19 56 103
12 197 372
52 54 62
31 265 394
125 268 301
16 146 322
22 162 251
149 237 376
88 143 371
16 70 246
127 249 268
41 293 303
149 311 360
5 168 214
13 278 314
264 368 393
36 176 222
61 236 331
32 280 362
159 256 299
30 160 283
52 145 206
192 235 339
111 113 351
11 262 382
210 226 230
5 214 371
47 101 396
1 46 95
11 111 240
107 173 255
15 252 390
42 56 373
52 62 76
18 74 217
39 258 300
142 210 226
37 55 397
18 74 243
5 13 168
174 185 298
37 155 223
16 160 287
18 170 243
75 139 291
15 23 114
280 344 362
24 51 364
21 48 302
30 287 322
22 45 251
22 45 321
23 25 114
80 219 374
23 25 104
158 209 296
65 121 199
94 128 397
67 193 348
50 195 238
146 148 259
24 51 395
60 154 318
25 32 346
5 100 318
116 172 248
60 154 261
43 50 89
64 78 232
93 173 194
32 273 346
90 193 348
10 26 119
25 32 137
116 149 167
26 103 302
29 319 330
48 63 181
147 363 399
50 195 357
45 162 393
12 317 372
211 228 358
213 281 372
30 212 329
242 366 390
78 165 238
105 212 329
57 86 223
29 82 319
15 284 390
61 184 340
30 160 287
16 206 207
26 241 396
11 111 262
105 182 315
80 219 399
73 145 356
38 245 341
84 192 204
36 176 247
118 278 334
37 121 397
38 136 341
127 268 328
164 363 399
52 54 292
164 211 264
198 220 254
83 222 242
122 337 362
7 133 394
17 191 306
115 142 226
89 152 196
45 321 378
89 196 272
89 130 198
90 193 313
90 197 313
91 224 288
18 217 381
93 194 237
94 155 397
47 119 127
98 177 188
99 258 389
244 291 338
163 178 290
167 179 248
219 368 374
99 282 389
100 231 318
177 325 386
120 191 306
105 313 329
117 359 379
314 327 367
43 50 357
125 268 328
107 173 305
43 89 385
107 150 279
110 207 343
116 172 376
14 107 361
107 357 361
22 71 162
25 114 158
89 152 385
110 206 207
43 240 385
111 113 375
111 240 385
182 205 350
112 144 157
77 175 190
112 157 210
15 114 252
114 209 252
189 237 376
116 167 248
3 306 328
69 140 293
117 295 310
0 239 362
117 295 379
118 190 278
119 127 289
117 127 249
105 313 350
125 201 253
172 336 376
26 241 302
126 192 235
29 161 294
127 289 328
9 111 262
95 327 367
35 130 198
49 130 258
36 122 337
131 132 298
231 306 328
133 158 304
26 119 396
73 145 206
134 176 222
29 161 330
138 276 324
138 276 358
28 48 387
140 211 228
53 141 383
60 143 318
101 387 396
324 365 392
148 246 259
48 241 302
34 225 364
149 232 305
149 232 277
93 149 237
149 167 360
152 375 385
205 252 312
154 249 301
154 249 359
35 156 235
155 208 304
155 208 377
202 205 350
5 13 100
83 134 222
114 158 209
14 44 382
163 290 331
118 166 214
166 214 263
167 179 360
211 264 354
72 159 170
169 266 374
79 170 381
18 170 381
171 189 237
182 315 350
236 331 371
35 39 156
173 255 309
174 185 227
84 126 192
177 325 339
178 214 290
21 181 303
181 293 303
182 205 312
182 312 355
37 55 155
159 170 363
154 253 318
186 267 336
186 336 340
186 221 342
132 256 298
240 352 361
77 190 263
106 192 339
5 88 371
40 52 206
185 198 220
198 254 370
198 370 394
112 210 297
201 231 328
125 201 328
84 204 256
204 256 299
30 146 322
202 205 252
89 198 272
214 250 290
217 224 381
218 333 356
201 253 318
198 272 394
108 225 364
0 113 319
35 39 130
129 236 398
61 236 398
185 198 227
239 337 362
242 284 390
117 249 359
243 281 369
