202 252 390
77 166 190
33 141 343
120 200 373
14 352 361
128 224 397
252 284 390
65 67 193
202 312 350
112 226 230
264 354 393
147 219 399
17 306 328
10 19 26
179 248 282
154 261 379
229 320 336
245 248 285
134 176 242
9 111 351
192 204 235
122 137 222
202 312 390
49 99 130
155 304 377
7 158 304
65 86 193
37 55 223
128 254 288
1 204 299
133 370 394
266 369 374
90 97 372
74 213 217
97 180 348
33 160 283
102 212 234
110 206 343
48 103 241
162 354 393
22 66 71
112 187 216
62 76 142
109 233 270
69 293 297
271 368 393
162 271 393
39 156 258
164 276 358
46 175 327
168 278 334
200 231 306
164 228 358
164 276 392
24 138 364
123 302 303
103 203 308
34 108 225
8 151 261
3 17 328
249 301 359
8 60 143
5 88 318
250 290 331
5 88 214
60 201 318
118 166 263
60 88 143
81 151 257
98 188 389
326 363 365
84 132 256
325 339 386
163 178 386
272 370 394
113 375 385
99 130 165
14 44 279
11 111 352
172 285 336
184 186 340
229 291 320
151 257 342
229 244 376
134 176 332
176 247 332
176 222 242
83 134 355
83 355 366
83 242 366
83 134 242
104 222 242
15 252 284
23 104 114
104 222 286
137 222 286
36 122 222
92 161 294
29 294 330
288 347 370
196 319 330
161 294 330
31 133 265
4 272 394
198 272 370
7 158 346
121 199 397
72 256 380
72 79 380
91 128 224
74 217 224
199 224 397
97 199 217
199 217 224
37 65 121
57 208 377
205 312 350
65 67 180
37 65 223
65 86 223
94 155 304
55 155 223
202 209 269
208 304 377
57 208 269
57 86 377
86 193 350
182 205 315
205 315 350
182 355 388
105 315 350
193 313 348
96 102 234
12 30 197
197 313 329
30 197 329
33 215 283
12 30 259
90 313 348
90 97 348
12 259 317
146 259 322
30 259 322
16 70 148
33 85 335
206 207 343
135 206 207
40 135 206
85 207 343
33 85 343
110 141 316
110 206 218
110 218 316
333 356 383
110 141 343
73 145 333
28 307 391
145 333 356
73 206 218
76 145 356
53 109 270
115 210 226
109 233 383
233 356 383
6 27 54
76 233 356
40 52 292
52 76 145
40 135 292
6 54 292
162 211 354
54 62 66
112 210 226
144 216 345
115 226 270
28 307 387
230 307 391
226 230 307
112 230 297
187 211 216
58 187 211
41 140 228
87 324 365
87 324 364
219 264 399
80 147 219
164 264 399
45 162 271
45 271 378
80 368 374
271 368 378
45 162 251
147 243 369
281 317 372
18 74 170
97 213 217
74 213 243
213 243 369
164 363 392
72 159 256
72 159 363
159 326 363
84 204 299
156 235 300
68 106 192
77 325 386
20 106 175
20 106 384
159 299 326
278 314 327
190 278 327
95 108 367
56 108 367
324 363 365
34 87 365
51 203 308
24 364 395
21 302 303
123 203 395
123 203 302
19 51 56
48 241 387
103 203 302
48 103 302
241 387 396
120 191 373
51 56 364
42 56 367
95 108 225
56 108 364
2 42 373
2 42 314
125 231 253
8 60 201
124 200 373
200 231 323
124 323 373
124 200 323
3 119 289
3 10 119
10 119 396
3 289 328
125 253 301
117 249 268
47 101 310
47 117 310
249 268 301
60 88 318
61 250 331
8 143 151
261 295 379
151 295 310
81 236 257
139 310 342
151 261 295
81 143 151
13 100 323
118 214 263
214 250 371
81 143 236
88 143 214
143 236 371
143 214 371
77 166 263
77 178 386
77 178 263
178 263 290
186 221 267
151 310 342
184 221 398
129 257 342
129 236 257
184 186 221
267 336 340
186 267 340
267 320 336
75 139 338
244 338 376
139 244 338
116 229 376
78 99 282
167 311 360
172 179 248
172 248 285
136 245 341
38 245 248
106 339 384
38 163 386
325 339 384
84 126 274
131 174 298
35 198 227
106 175 192
175 192 204
35 130 156
39 130 156
98 258 389
195 238 357
99 165 238
50 165 238
89 130 165
89 130 272
4 196 272
43 50 240
43 50 385
239 260 337
0 82 113
36 260 337
75 171 237
50 240 352
14 357 361
9 11 111
9 260 351
9 153 260
150 153 262
153 171 194
9 153 262
64 195 275
14 275 279
64 107 305
64 107 275
150 153 255
64 195 232
116 149 376
93 173 305
64 232 305
93 173 237
171 194 237
266 374 378
11 352 382
14 352 382
352 357 361
129 342 398
184 340 398
340 341 398
336 340 341
30 329 353
100 318 323
13 314 323
90 313 372
193 313 350
312 355 366
304 347 370
94 304 347
293 297 303
181 297 303
92 294 344
69 293 395
123 293 395
285 336 341
245 285 341
44 279 382
262 279 382
277 282 311
276 324 364
276 324 363
32 273 280
273 280 344
226 270 307
53 270 307
267 291 320
282 311 360
266 281 369
219 264 368
154 253 359
253 301 359
188 248 389
246 321 378
39 130 258
170 380 381
62 142 210
4 196 330
78 277 282
70 146 246
93 189 376
77 325 384
77 190 327
76 142 349
75 338 376
75 189 376
84 256 299
70 146 148
69 140 395
97 180 199
22 66 321
66 144 345
42 46 314
173 194 309
63 181 387
26 51 308
201 318 323
68 235 300
99 195 238
75 93 189
152 196 375
57 86 202
248 282 389
57 202 269
154 231 253
0 29 59
56 191 373
19 56 191
55 94 397
67 180 348
74 170 363
27 54 321
58 69 187
72 79 363
52 62 292
3 17 120
50 89 385
28 63 391
105 182 388
128 220 254
66 71 345
16 146 287
265 273 344
46 314 327
86 202 350
146 169 281
1 46 204
113 260 351
3 120 191
82 113 375
221 342 398
150 262 279
203 364 395
312 366 390
138 276 364
42 95 367
54 62 292
50 89 165
126 156 174
103 241 396
18 224 381
125 127 289
7 31 304
104 137 286
96 215 283
3 19 191
16 85 335
259 281 317
1 299 365
4 265 344
20 175 327
107 275 279
31 265 273
13 168 278
31 273 346
33 160 287
58 140 211
131 174 274
46 175 204
94 128 347
55 94 155
16 85 207
79 170 380
59 344 362
87 108 364
128 288 347
112 144 216
32 122 362
38 177 248
116 172 336
16 146 148
78 195 277
28 63 387
96 102 388
38 177 339
144 157 210
15 202 252
91 128 220
24 41 395
30 283 353
6 135 183
62 144 210
3 10 19
21 48 181
63 230 391
0 59 239
2 314 323
91 298 380
93 149 305
25 158 346
212 234 353
19 26 51
169 266 281
61 136 398
12 197 372
40 52 145
125 268 301
368 374 378
22 162 251
154 310 379
162 211 216
68 192 235
42 46 95
5 168 214
26 103 396
96 234 283
2 323 373
13 278 314
264 368 393
0 29 82
36 176 222
23 104 284
32 280 362
159 256 299
4 133 265
146 287 322
30 160 283
54 66 321
299 326 365
138 228 358
139 267 291
51 203 364
111 113 351
11 262 382
17 200 306
1 34 225
62 66 144
1 46 95
4 133 394
4 161 330
14 195 357
197 313 372
196 319 375
42 56 373
52 62 76
16 70 207
37 55 397
156 174 227
123 293 303
14 195 275
5 13 168
174 185 298
104 114 137
154 201 231
15 23 114
198 220 227
35 156 227
185 220 227
4 92 344
280 344 362
49 258 389
150 173 255
29 294 344
21 48 302
30 287 322
22 45 251
22 45 321
136 163 245
47 101 119
25 114 137
97 213 369
158 209 296
94 128 397
75 93 237
67 193 348
15 23 284
7 31 346
168 214 334
24 41 228
50 238 352
5 100 318
25 137 273
31 133 304
15 114 209
113 239 260
116 149 167
26 103 308
156 258 300
10 26 396
29 319 330
147 363 399
27 70 246
116 167 360
12 317 372
70 183 207
38 339 386
116 229 336
242 366 390
8 201 261
105 212 329
29 82 319
126 156 235
29 59 344
119 387 396
158 296 304
30 160 287
47 127 268
6 135 292
105 182 315
109 141 383
79 170 363
96 215 388
17 120 200
118 166 334
97 281 369
36 176 247
146 259 281
179 282 360
37 121 397
78 99 195
0 113 239
6 70 183
164 363 399
15 202 209
25 273 346
164 211 264
198 220 254
82 319 375
122 337 362
84 131 274
295 310 379
84 131 132
86 155 377
34 87 108
4 92 161
140 164 228
89 152 196
45 321 378
89 196 272
61 236 250
80 219 368
93 149 376
91 220 298
97 281 372
201 231 323
102 105 388
47 119 127
98 177 188
163 178 290
99 282 389
33 287 335
76 233 349
105 313 329
115 233 270
102 105 212
104 242 284
106 177 339
68 106 177
48 181 387
20 77 327
6 27 70
86 155 223
107 173 305
141 333 383
107 150 279
16 287 335
22 71 162
33 215 388
25 114 158
89 152 385
118 214 334
43 240 385
112 144 157
208 296 304
112 157 210
238 352 357
113 240 352
111 113 352
115 233 349
116 179 360
116 172 179
117 310 359
119 127 289
65 121 180
121 180 199
122 137 273
32 122 273
105 313 350
1 95 225
74 243 363
18 74 224
125 127 268
125 289 328
84 126 204
147 369 374
126 204 235
167 277 311
49 99 389
139 221 342
9 11 262
130 198 272
35 130 198
153 194 309
49 130 258
53 109 141
36 122 337
131 132 298
132 298 380
132 256 380
231 306 328
73 145 206
136 290 331
61 136 331
136 341 398
24 138 228
138 276 358
139 221 267
139 229 244
139 229 291
140 164 211
41 140 395
141 218 316
133 304 370
101 119 387
40 145 206
146 169 246
80 147 374
107 150 173
149 232 305
149 232 277
152 375 385
153 255 309
198 254 288
154 310 359
5 13 100
114 158 209
135 183 207
113 240 385
27 246 321
14 44 382
162 216 345
149 167 277
38 163 245
136 163 290
73 141 333
166 190 278
166 278 334
211 264 354
112 187 297
18 170 381
58 69 140
47 117 268
59 239 362
173 194 237
173 255 309
174 185 227
177 188 248
177 258 300
68 177 300
181 230 297
63 181 230
21 181 303
73 141 218
182 205 312
182 312 355
20 77 384
1 34 365
71 162 345
195 232 277
198 288 370
154 201 261
69 187 297
208 209 269
126 174 274
208 209 296
142 210 349
115 210 349
276 363 392
212 329 353
214 250 290
214 263 290
185 220 298
224 380 381
91 224 380
125 231 328
234 283 353
236 250 371
129 236 398
61 236 398
98 177 258
239 337 362
242 284 390
117 249 359
147 243 363
246 266 378
169 246 266
