85 207 335
77 166 190
33 141 343
120 200 373
128 224 397
65 67 193
55 121 397
30 322 353
52 73 145
69 112 297
10 19 26
179 248 282
2 13 373
17 120 191
38 136 245
154 261 379
232 277 305
229 320 336
245 248 285
134 176 242
9 111 351
89 152 375
122 137 222
94 133 304
7 158 304
65 86 193
158 208 304
128 254 288
1 204 299
45 70 378
65 97 180
74 213 217
97 180 348
33 160 283
266 368 374
102 212 234
110 206 343
112 187 216
62 76 142
69 293 297
69 112 187
39 156 258
164 276 358
46 175 327
3 17 191
175 190 327
168 278 334
164 276 392
24 138 364
3 10 191
103 203 308
8 151 261
125 231 306
249 301 359
13 323 373
250 290 331
13 168 314
5 88 214
60 201 318
118 190 334
139 267 320
81 151 257
98 188 389
35 174 227
84 126 235
220 288 370
113 375 385
111 113 240
14 44 279
172 285 336
184 186 340
151 257 342
229 244 376
93 189 237
9 11 382
134 176 332
83 134 355
83 355 366
83 242 366
83 134 242
25 104 114
15 23 209
25 158 296
25 137 286
114 209 296
25 114 296
25 137 158
23 114 209
23 104 114
23 104 242
25 104 286
137 222 286
36 122 362
0 239 337
36 122 222
59 280 344
137 273 346
137 158 346
36 337 362
82 319 330
29 59 294
59 337 362
92 161 294
59 280 362
31 273 344
29 82 330
152 319 375
31 133 265
198 272 370
7 158 346
121 199 397
158 208 296
220 254 288
91 185 220
174 227 298
256 298 380
131 132 274
72 256 380
72 79 380
91 220 254
37 55 121
199 224 397
57 208 377
65 67 180
37 65 223
65 86 223
94 155 304
155 223 377
86 223 377
57 86 377
105 315 388
86 193 350
182 205 315
202 269 350
205 315 350
182 355 388
105 193 350
182 315 388
105 315 350
105 193 212
96 102 234
12 30 197
193 212 329
197 313 329
212 234 329
30 197 329
96 102 215
160 283 353
33 215 283
90 313 348
12 259 317
146 259 322
70 246 378
27 183 321
45 251 321
6 183 292
16 207 335
33 85 335
206 207 343
85 207 343
135 183 292
33 85 343
73 145 333
28 307 391
145 333 356
40 52 73
73 218 333
73 206 218
53 109 383
6 27 54
40 52 292
52 76 145
40 135 292
6 54 292
6 27 183
22 251 321
62 66 71
162 211 354
62 71 345
62 142 144
71 162 211
115 270 349
157 210 216
62 144 345
115 226 270
28 307 387
230 307 391
63 181 297
112 230 297
181 293 297
112 210 216
187 211 216
58 187 211
1 46 365
87 324 365
87 324 364
219 264 399
45 271 378
71 162 251
169 266 368
147 243 369
281 317 372
169 281 369
169 266 369
281 369 372
18 74 170
97 213 217
74 213 243
213 243 369
72 159 256
147 170 363
84 132 274
72 159 363
159 326 363
84 204 299
68 192 300
156 235 300
77 325 386
20 106 175
20 106 384
159 299 326
118 166 190
168 278 314
276 324 358
34 87 364
276 324 392
324 363 392
51 364 395
24 364 395
138 324 364
138 324 358
21 302 303
123 203 395
19 51 56
10 19 191
42 56 367
95 108 225
42 314 367
2 42 373
2 42 314
2 13 314
125 231 253
124 200 373
124 323 373
124 200 323
119 289 396
10 119 396
125 253 301
125 306 328
295 310 359
249 310 359
47 101 127
101 127 387
47 117 127
47 101 310
117 249 310
47 117 310
154 253 301
249 268 301
8 154 261
261 295 379
81 236 257
139 310 342
81 143 151
13 168 214
13 100 323
13 100 214
214 250 371
5 100 214
88 143 214
143 214 371
77 166 263
77 178 263
250 263 290
178 263 290
186 221 267
129 257 342
129 221 342
139 267 342
245 340 341
221 267 342
139 291 320
267 320 336
189 338 376
244 338 376
116 229 376
172 229 336
116 167 311
167 311 360
172 179 248
172 248 285
116 172 229
38 136 163
136 245 341
38 245 248
106 339 384
325 339 384
68 177 339
39 49 258
38 188 248
84 126 274
126 131 274
131 132 256
126 131 174
192 235 300
126 174 235
106 175 192
175 192 204
35 198 272
39 49 130
49 99 258
98 258 389
38 177 188
68 177 188
14 275 357
99 165 238
43 113 385
50 165 238
89 130 165
152 196 272
43 50 240
113 319 375
0 113 260
0 239 260
239 260 337
36 260 337
43 113 240
14 357 361
9 11 111
9 260 351
9 153 260
150 153 262
153 171 194
9 153 262
14 275 279
78 195 238
64 107 305
107 150 275
93 149 189
149 189 376
93 149 277
173 237 309
93 277 305
93 173 305
64 232 305
194 237 309
93 173 237
164 392 399
147 392 399
11 361 382
14 361 382
109 349 383
349 356 383
90 348 372
184 340 398
136 331 341
61 331 341
30 329 353
234 329 353
190 327 334
324 326 363
244 320 338
291 320 338
141 316 343
110 316 343
90 313 372
312 355 366
116 311 376
203 308 395
51 308 395
295 301 359
295 301 379
92 294 344
59 294 344
69 293 395
123 293 395
288 347 394
288 370 394
285 336 340
278 314 367
149 277 376
277 311 376
277 282 311
32 273 280
273 280 344
226 270 307
53 270 307
282 311 360
151 261 342
261 295 342
98 258 300
278 327 334
202 252 312
252 312 390
202 252 269
251 271 393
162 251 393
45 251 271
188 248 389
170 380 381
29 82 337
107 150 153
61 236 257
78 277 282
0 82 319
77 325 384
20 77 175
77 163 386
76 142 349
75 171 194
11 352 361
245 285 340
80 147 399
69 140 395
68 98 300
31 92 344
81 236 371
10 119 289
22 66 321
22 66 251
65 97 217
63 181 387
200 306 323
26 51 308
166 250 263
61 340 341
61 340 398
189 291 338
12 259 322
8 60 154
60 154 201
57 86 350
57 209 269
61 221 398
248 282 389
154 231 253
19 56 191
55 94 397
27 54 321
152 319 330
58 69 187
72 79 363
51 56 108
28 63 391
51 108 364
48 203 302
48 103 203
48 127 387
29 196 294
1 46 204
113 260 351
34 46 87
45 70 183
161 196 294
150 262 279
43 50 165
70 246 259
42 120 373
42 56 120
186 221 398
73 135 206
107 195 357
70 148 259
146 287 335
15 252 269
7 31 304
78 282 389
96 215 283
16 135 206
56 95 367
1 299 365
68 192 339
67 313 329
77 163 178
197 317 372
16 135 183
31 273 346
33 160 287
23 242 284
58 140 211
46 175 204
94 128 347
91 224 254
198 220 370
164 211 358
61 129 257
199 217 381
55 94 155
35 152 272
3 10 289
79 170 380
96 234 353
128 288 347
107 275 357
32 122 362
57 269 350
78 232 277
36 222 242
3 17 306
219 271 368
16 146 148
28 63 387
41 140 211
107 153 255
81 143 371
56 95 108
145 233 356
144 157 210
142 144 210
53 109 349
24 41 395
11 240 352
35 174 235
147 266 374
46 95 367
63 230 391
9 262 279
91 298 380
4 370 394
19 26 51
71 216 345
9 44 279
46 87 365
52 54 62
125 268 301
75 189 194
141 333 356
127 249 268
74 147 170
88 143 151
46 327 367
61 236 331
32 280 362
159 256 299
132 256 299
4 133 265
146 287 322
299 326 365
138 228 358
12 197 317
34 46 225
53 270 349
111 113 351
4 272 370
17 200 306
152 196 330
147 363 392
12 30 322
94 347 394
163 177 386
3 127 289
4 92 265
74 147 243
169 259 317
71 211 216
4 133 394
35 89 152
11 111 240
15 252 390
197 313 372
5 60 318
52 62 76
324 326 365
18 74 217
123 293 303
49 130 165
37 65 217
107 173 309
0 82 337
16 146 335
37 155 223
75 139 291
154 201 231
29 196 330
21 48 302
80 219 374
97 213 369
94 128 397
31 92 265
23 284 390
7 31 346
50 195 238
15 23 390
146 148 259
168 214 334
24 41 228
21 48 387
5 100 318
57 208 209
36 247 332
64 78 232
26 48 103
31 133 304
26 103 308
156 258 300
10 26 396
50 195 357
46 95 225
116 167 360
68 98 188
211 228 358
112 210 230
29 59 337
5 60 88
26 48 241
210 230 307
16 206 207
26 241 396
37 121 199
80 219 399
79 170 363
75 189 291
202 205 312
36 176 332
17 120 200
35 185 198
84 192 204
3 127 328
78 238 389
179 282 360
295 310 342
127 268 328
52 54 292
45 183 321
41 211 228
8 60 151
84 192 235
242 312 390
56 120 191
4 92 161
60 88 151
154 301 379
165 375 385
180 313 348
91 227 298
91 185 227
18 217 381
94 133 394
96 283 353
97 369 372
102 105 388
99 258 389
163 178 290
219 368 374
100 201 231
100 201 318
100 306 323
100 231 306
33 287 335
63 230 297
177 325 386
76 233 349
102 105 212
241 289 396
125 268 328
107 173 305
64 107 195
210 226 307
33 215 388
278 327 367
118 214 334
21 181 387
77 175 190
169 271 368
203 302 303
233 349 356
116 179 360
116 172 179
3 306 328
40 73 135
118 214 250
118 166 250
242 312 366
122 137 273
99 238 389
32 122 273
66 71 251
117 127 249
127 241 289
153 194 309
84 132 299
24 138 228
67 180 313
131 174 256
41 140 395
141 218 333
141 218 316
141 356 383
53 141 383
76 145 233
102 215 388
147 266 369
62 66 321
104 242 286
80 147 374
16 148 183
70 148 183
128 224 254
34 225 364
150 275 279
169 246 378
97 348 372
153 255 309
48 127 241
35 156 235
155 208 304
155 208 377
202 205 350
15 209 269
9 44 382
157 216 345
144 157 345
160 322 353
4 161 272
35 185 227
161 196 272
14 44 382
162 219 264
162 219 393
38 163 177
163 290 331
136 163 331
49 99 165
89 165 375
110 206 316
211 264 354
64 78 195
169 246 259
169 271 378
169 281 317
18 170 381
58 69 140
35 39 156
174 256 298
54 62 321
177 325 339
37 199 217
21 181 303
160 287 322
181 293 303
182 205 312
61 129 221
182 312 355
37 55 155
20 77 384
186 267 336
186 336 340
184 186 398
240 352 361
189 194 237
67 193 329
106 192 339
107 255 309
185 198 220
199 224 381
123 203 303
206 218 316
208 209 296
142 210 349
164 211 399
211 264 399
162 264 354
219 271 393
36 176 242
224 380 381
91 224 380
108 225 364
210 226 349
115 226 349
0 113 319
43 165 385
236 250 331
35 89 130
236 250 371
35 39 130
50 240 357
240 357 361
222 242 286
242 284 390
229 244 320
