9 79 97
42 109 115
19 54 181
48 57 63
12 30 56
39 138 154
61 100 121
18 52 148
45 56 164
18 35 52
37 44 125
14 48 67
54 62 74
22 44 125
36 108 174
8 96 130
31 80 85
34 86 162
57 63 80
9 122 168
84 144 179
19 40 188
28 114 123
42 59 197
14 67 150
58 61 107
59 71 170
50 105 170
28 177 191
7 76 182
1 39 154
46 49 183
131 133 176
43 45 164
46 77 92
8 11 32
77 92 165
76 140 182
16 72 161
46 77 196
77 104 167
72 91 161
46 92 183
72 160 163
94 108 178
27 83 149
20 21 64
64 141 142
54 62 198
6 108 118
21 147 152
31 85 169
125 159 198
108 118 157
81 116 141
41 55 184
90 157 163
122 168 199
25 62 74
9 79 122
5 37 79
62 159 198
141 142 195
10 20 22
54 82 198
33 132 162
20 21 147
10 22 82
5 17 44
20 22 44
5 79 84
5 37 44
25 37 38
13 31 80
13 31 70
17 31 169
33 111 152
99 131 139
111 133 162
4 34 86
14 63 176
85 133 176
48 57 65
14 48 63
0 57 93
40 70 197
0 71 109
59 119 188
0 57 65
40 70 179
42 93 109
13 70 197
70 84 179
19 144 181
40 59 188
19 119 188
40 59 197
42 93 197
71 109 115
71 105 170
59 119 170
0 93 109
2 71 112
48 65 67
58 107 171
2 65 67
50 100 171
71 105 112
50 105 171
50 100 119
50 119 170
39 61 121
26 100 121
39 138 194
39 121 194
117 138 154
114 128 172
58 112 166
1 102 154
1 39 166
1 102 155
1 155 166
98 102 177
102 129 177
129 177 191
102 129 154
114 128 136
129 154 172
117 136 172
117 154 172
28 114 191
124 127 192
28 127 192
45 124 175
7 76 113
43 139 164
12 56 102
30 67 137
67 137 150
137 150 164
34 99 162
43 113 153
7 34 113
34 99 113
4 86 132
33 111 162
76 153 189
76 113 153
4 7 34
4 11 134
15 47 135
76 140 189
29 110 156
104 140 167
4 7 182
140 167 182
3 104 140
28 123 127
3 126 140
24 35 89
24 89 190
24 117 136
128 136 172
24 136 190
18 35 89
18 89 190
29 148 156
18 110 156
3 110 126
51 88 92
18 148 156
53 88 148
24 52 66
24 35 52
53 66 145
145 151 180
151 180 185
47 101 135
158 161 185
49 158 185
32 46 196
46 101 161
51 92 165
32 182 196
8 32 130
15 60 130
32 87 130
46 101 135
15 47 91
47 91 161
47 101 161
15 87 135
15 87 130
16 72 160
15 60 91
90 118 157
78 116 195
95 143 186
41 68 90
41 118 184
36 81 174
108 157 178
6 118 184
83 146 193
36 55 81
60 130 173
94 173 178
157 163 178
4 132 134
8 11 134
8 96 149
8 134 149
27 64 83
27 134 149
86 132 162
27 132 134
27 33 132
21 64 152
27 33 152
64 83 141
27 64 152
83 146 149
94 108 146
94 96 146
108 146 193
96 146 149
10 69 82
75 95 195
78 95 195
116 141 195
142 187 195
10 20 187
54 75 82
23 41 55
69 75 82
69 75 195
23 106 120
81 116 186
78 116 186
23 55 186
78 95 186
23 143 186
55 81 186
81 141 174
6 36 108
73 106 120
16 161 185
23 41 120
41 90 118
16 73 106
23 106 143
163 173 178
14 150 176
131 150 176
144 181 199
83 141 193
85 133 169
124 127 175
127 140 189
126 136 190
126 127 140
117 138 194
26 117 121
117 121 194
114 129 191
114 123 126
58 112 171
111 133 147
111 147 152
103 181 199
127 153 175
74 103 181
99 131 133
97 103 168
94 96 173
96 130 173
114 126 136
88 180 185
88 92 183
49 88 183
84 122 144
79 84 122
99 133 162
114 129 172
77 167 182
82 125 198
54 74 181
68 160 163
105 112 171
68 90 163
41 68 120
68 73 120
95 106 143
75 95 106
20 44 147
25 97 103
56 102 192
25 37 79
13 57 197
72 163 173
12 155 166
22 82 125
20 142 187
20 64 142
5 70 84
131 139 164
110 126 190
17 31 70
5 17 70
127 153 189
16 68 160
16 68 73
60 91 173
25 79 97
13 57 80
3 29 104
12 112 166
53 145 180
77 104 165
28 98 192
43 45 153
28 98 177
52 53 148
131 150 164
29 51 88
98 102 192
17 147 169
11 32 182
6 36 55
4 11 182
3 29 110
51 104 165
72 91 173
2 12 30
53 88 180
6 55 184
19 40 179
12 102 155
2 12 112
17 44 147
49 88 185
10 187 195
25 74 103
10 69 195
2 65 71
61 100 171
108 174 193
30 56 164
30 137 164
32 46 87
141 174 193
25 38 62
9 97 168
0 65 71
38 62 159
42 59 71
37 38 125
103 168 199
38 125 159
42 71 115
133 147 169
46 87 135
43 99 113
43 99 139
63 80 85
45 153 175
45 56 192
2 30 67
45 124 192
46 158 161
18 110 190
29 51 104
52 53 66
77 182 196
46 49 158
63 85 176
123 126 127
57 93 197
122 144 199
19 144 179
39 61 166
29 88 148
58 61 166
61 107 171
