9 79 97
5 17 31
19 54 181
12 30 56
61 100 121
45 56 164
18 35 52
58 105 171
37 44 125
133 147 152
54 181 199
37 38 159
122 181 199
54 62 74
8 96 130
31 80 85
129 172 191
34 86 162
57 63 80
74 103 168
9 122 168
84 144 179
28 114 123
42 59 197
58 61 107
50 105 170
7 76 182
43 45 175
131 133 176
18 110 126
8 11 32
49 88 180
77 92 165
16 72 161
49 88 92
72 91 161
60 72 91
72 160 163
27 83 149
20 21 64
64 141 142
54 62 198
6 108 118
21 147 152
31 85 169
125 159 198
108 118 157
41 55 184
54 74 199
74 168 199
122 168 199
79 84 144
79 122 144
19 40 144
9 79 122
5 37 79
25 62 159
37 125 159
62 159 198
141 142 195
10 20 22
54 82 198
20 21 147
10 69 187
10 22 82
5 79 84
25 37 38
25 38 159
13 31 80
13 31 70
17 31 169
17 44 169
33 111 152
111 133 162
4 34 86
85 133 176
0 57 93
0 71 109
59 119 188
13 70 197
40 144 179
70 84 179
19 119 188
59 71 115
42 93 197
42 59 115
58 105 112
71 109 115
71 105 170
0 93 109
2 71 112
48 65 67
58 107 171
2 65 67
100 107 171
50 100 171
71 105 112
50 105 171
50 100 119
50 119 170
61 100 107
26 121 194
26 100 121
39 121 194
117 138 154
56 98 102
58 112 166
1 39 166
1 102 155
1 155 166
98 177 192
98 102 177
102 129 177
129 177 191
102 129 154
114 128 136
129 154 172
117 136 172
117 154 172
28 114 191
124 127 192
28 127 192
123 126 140
45 124 175
56 98 192
30 67 137
67 137 150
12 30 67
34 99 162
43 113 153
43 153 175
34 99 113
4 86 132
76 153 189
76 113 153
4 11 32
4 7 34
29 110 156
28 123 127
3 126 140
24 89 190
114 123 136
24 117 136
128 136 172
24 136 190
18 126 190
18 35 89
18 89 190
29 148 156
29 104 110
18 110 156
3 104 110
3 110 126
49 92 183
51 88 92
88 145 180
24 52 66
53 66 145
145 151 180
151 180 185
49 180 185
158 161 185
49 158 185
32 46 196
46 101 161
51 92 165
32 182 196
8 32 130
94 96 130
32 87 130
46 101 135
15 47 91
47 91 161
47 101 161
15 87 135
16 72 160
15 60 91
94 130 173
41 68 90
36 81 174
83 146 193
36 55 81
60 72 173
60 130 173
94 173 178
8 96 149
8 134 149
27 64 83
27 134 149
86 132 162
111 133 152
27 33 152
64 83 141
83 108 193
83 146 149
94 108 146
94 96 146
108 146 193
96 146 149
83 141 174
10 69 82
75 95 195
64 142 187
54 75 82
23 41 55
69 75 82
23 106 120
78 116 186
23 143 186
6 36 184
81 141 174
36 55 184
6 36 108
73 106 120
16 161 185
23 41 120
16 73 106
23 106 143
46 183 196
76 182 189
104 165 167
163 173 178
138 154 194
14 150 176
131 150 176
53 145 148
88 145 148
81 141 186
137 139 150
137 139 164
85 133 169
128 172 191
124 127 175
127 140 189
114 128 191
126 136 190
123 126 136
49 158 183
117 138 194
26 117 194
127 153 175
99 131 150
99 131 133
39 121 166
97 103 168
95 141 195
94 108 157
93 109 115
77 92 196
92 183 196
99 133 162
78 95 116
78 95 143
77 167 182
69 75 187
82 125 198
71 119 170
78 143 186
59 71 119
68 160 163
68 90 163
41 68 120
90 157 178
68 73 120
95 106 143
42 93 115
28 191 192
111 132 162
75 95 106
20 44 147
23 55 81
25 37 79
75 142 195
13 57 197
72 163 173
12 155 166
8 132 134
60 87 130
22 82 125
21 27 152
20 22 125
4 7 32
19 122 181
5 70 84
19 122 144
21 27 64
33 111 132
177 191 192
127 153 189
15 47 101
48 67 150
16 68 160
16 68 73
25 79 97
15 101 135
13 57 80
4 11 132
17 37 44
12 112 166
41 90 157
5 31 70
95 116 141
8 11 132
75 142 187
3 140 182
15 60 87
61 121 166
3 104 167
52 53 148
29 51 88
7 32 182
34 76 113
46 161 183
5 17 37
51 104 165
158 161 183
6 41 118
33 132 134
116 141 186
19 59 188
0 48 65
45 139 164
23 81 186
77 165 167
2 12 112
10 64 187
24 52 89
19 40 59
2 12 67
25 62 97
10 20 64
20 44 125
3 167 182
2 65 71
30 56 164
7 34 76
30 137 164
32 46 87
99 139 150
27 33 134
56 102 155
9 97 168
0 48 57
0 65 71
48 57 176
6 41 184
57 63 176
39 102 154
94 157 178
133 147 169
46 87 135
43 99 113
43 99 139
44 147 169
90 163 178
63 80 85
43 45 139
59 70 179
123 127 140
36 83 174
45 56 192
1 39 102
45 124 192
14 48 150
29 51 104
52 53 66
77 182 196
35 52 89
52 148 156
12 56 155
59 70 197
63 85 176
36 83 108
39 154 194
14 48 176
57 93 197
40 59 179
29 88 148
58 61 166
41 118 157
62 97 103
62 74 103
140 182 189
18 52 156
