9 79 97
5 17 31
42 109 115
19 54 181
37 79 97
48 57 63
12 30 56
39 138 154
32 87 135
18 52 148
18 35 52
13 93 197
58 105 171
14 48 67
133 147 152
37 38 159
54 62 74
129 172 191
34 86 162
57 63 80
63 80 176
9 122 168
19 40 188
131 139 150
28 114 123
42 59 197
14 67 150
2 67 112
43 113 139
58 61 107
50 105 170
28 177 191
7 76 182
1 39 154
139 150 164
46 49 183
131 133 176
20 64 187
85 133 147
131 133 162
167 182 196
18 110 126
8 11 32
29 51 148
49 88 180
51 88 148
77 92 165
76 140 182
16 72 161
46 77 196
72 91 161
16 73 160
22 82 198
72 160 163
54 62 198
6 108 118
21 147 152
31 85 169
125 159 198
108 118 157
90 157 163
122 168 199
79 122 144
9 79 122
5 37 79
5 31 84
9 97 103
9 103 168
62 159 198
141 142 195
10 20 22
22 125 198
54 82 198
10 69 187
5 79 84
80 85 176
13 31 70
85 147 169
17 31 169
33 111 152
99 131 139
111 133 162
4 34 86
99 113 139
14 63 176
85 133 176
48 57 65
14 48 63
0 2 71
40 70 197
59 119 188
40 70 179
31 70 84
42 93 109
13 70 197
70 84 179
19 144 181
40 59 188
19 119 188
40 59 197
42 93 197
58 105 112
71 105 170
0 93 109
2 71 112
0 2 65
48 65 67
58 107 171
2 65 67
50 100 171
71 105 112
50 105 171
50 100 119
50 119 170
26 121 194
39 138 194
26 138 194
39 121 194
26 117 138
117 138 154
114 128 172
56 98 102
58 112 166
39 58 166
1 39 166
1 155 166
98 102 177
102 129 177
114 172 191
129 177 191
102 129 154
114 128 136
129 154 172
117 136 172
117 154 172
28 114 191
124 127 192
28 127 192
45 124 175
7 76 113
153 175 189
56 98 192
12 67 112
30 67 137
67 137 150
137 150 164
12 30 67
99 131 162
34 99 162
7 34 113
34 99 113
33 111 162
76 153 189
4 11 32
4 7 34
76 140 189
29 110 156
104 140 167
140 167 182
3 104 140
28 123 127
3 126 140
114 123 136
24 117 136
128 136 172
18 126 190
18 35 89
18 89 190
29 148 156
29 104 110
18 110 156
3 104 110
3 110 126
51 88 92
88 145 180
18 148 156
53 88 148
24 52 66
53 66 145
53 88 145
145 151 180
49 158 161
46 49 161
158 161 185
49 158 185
32 46 196
46 101 161
51 92 165
8 32 130
94 96 130
32 87 130
47 91 161
47 101 161
16 72 160
94 130 173
90 118 157
78 116 195
41 68 90
41 118 184
36 81 174
108 157 178
6 118 184
83 146 193
36 55 81
60 130 173
157 163 178
8 134 149
27 64 83
27 134 149
27 132 134
111 133 152
27 33 132
27 33 152
83 108 193
83 141 174
75 95 195
78 95 195
116 141 195
64 142 187
10 20 187
54 75 82
69 75 82
23 106 120
81 116 186
78 116 186
23 55 186
68 73 160
55 81 186
6 36 108
16 161 185
23 41 120
41 90 118
23 106 143
163 173 178
14 150 176
131 150 176
144 181 199
8 130 149
124 127 175
126 140 189
126 136 190
123 126 136
126 127 189
81 116 174
94 108 173
104 167 196
103 181 199
74 103 181
96 146 193
102 154 155
24 89 136
89 136 190
88 92 183
49 88 183
64 83 142
83 141 142
83 96 146
79 84 179
79 144 179
78 95 143
46 77 183
77 92 183
69 75 187
54 74 181
96 130 149
71 119 170
59 71 119
68 160 163
68 90 163
41 68 120
68 73 120
95 106 143
57 65 93
75 95 106
26 61 100
23 78 143
23 41 184
20 44 147
25 97 103
23 78 186
75 142 195
72 163 173
12 155 166
8 132 134
60 87 130
22 69 82
116 141 174
21 27 152
20 22 125
21 27 64
16 73 120
11 86 132
15 47 101
16 106 120
37 38 97
60 91 173
15 101 135
13 57 80
94 96 193
13 80 85
27 96 149
17 37 44
13 57 93
12 112 166
43 76 153
77 104 165
58 61 121
8 11 132
75 142 187
28 98 192
43 45 153
28 98 177
52 53 148
0 71 115
108 173 178
17 147 169
6 36 55
15 47 60
5 17 37
51 104 165
7 182 196
72 91 173
45 139 164
94 108 193
6 55 184
19 40 179
24 52 89
10 22 69
25 62 103
47 60 91
4 7 196
20 44 125
17 44 147
0 109 115
127 175 189
30 45 56
61 100 171
30 45 164
30 137 164
32 46 101
32 101 135
33 86 162
33 86 132
77 104 196
25 38 62
56 102 155
23 55 184
38 62 159
42 59 71
103 168 199
1 154 155
42 71 115
4 32 196
43 76 113
4 11 86
27 83 96
44 125 159
37 44 159
43 45 139
13 31 85
49 151 180
36 83 174
45 153 175
45 56 192
45 124 192
0 65 93
49 151 185
29 51 104
52 53 66
35 52 89
12 56 155
26 61 121
36 83 108
123 126 127
39 58 121
25 38 97
60 87 135
122 144 199
19 144 179
15 60 135
61 107 171
62 74 103
20 64 147
21 64 147
