1471.93 345.001
-269.069 -261.467
0.417656 -1083.05
1194.03 1519.39
-1978.2 1167.01
1849.93 1168.79
-752.85 -299.959
-1365.8 1951.1
19.4186 -1964.68
1759.26 1225.35
1398.88 627.78
747.642 185.775
-1570.61 -1183.36
-1823.26 -1047.85
-369.771 -1909.16
1107.45 -897.842
435.843 -1161.62
840.691 -1563.74
-244.663 34.723
1955.65 -222.866
-798.269 1805.58
-1054.07 448.882
-494.375 -419.872
399.982 1525.04
-384.556 159.239
750.39 -985.675
-1212.98 -501.967
1200.1 -783.593
314.67 1376.84
168.554 1944.9
1467.69 -723.992
-952.943 -96.4712
114.392 1887.75
339.79 1869.73
-77.529 295.444
-353.136 1124.2
101.028 592.793
-426.916 1606.65
-1827.08 1973.07
1131.7 -211.636
132.305 -117.914
802.689 919.324
1380.12 2.78928
-1864.27 -305.211
-620.367 304.286
-360.313 -1152.68
1580.29 686.744
750.848 -305.314
574.492 -909.363
-435.584 -1503.04
1386.08 1211.28
1621.17 -512.892
-195.928 -805.751
-906.239 -23.0069
-832.685 -1774.54
1765.36 1299.62
107.544 568.047
218.945 -512.337
-1429.16 354.677
1182.45 -49.5312
-1341.04 -1177.86
797.788 -1760.74
1508.88 -451.365
-66.0566 83.3743
639.272 1498.36
580.337 25.353
709.638 201.502
1512.46 -1486.29
1395.75 -1393.78
490.704 -1436.93
-1168.32 256.061
1862.69 939.224
-1175.89 81.6322
-1573.11 -605.056
-1563.69 1609.34
1345.41 -904.728
-1568.52 143.2
-665.471 1940.36
1691.84 1268.47
23.7352 331.107
766.831 -1395.93
-1643.54 -523.53
805.574 1868.92
-9.81935 201.326
-1524.86 -1519.12
764.392 -693.175
736.946 627.079
-1753.95 1561.05
-1291.29 -1327.06
-1044 -854.979
-1717.72 -1698.59
240.292 -1286.25
444.61 1574.82
-1345.88 136.445
843.293 677.851
-1532.45 -389.875
1281.92 -1175.99
1086.59 87.4972
-1307.07 -923.225
-1711.18 -831.921
-442.34 1053.21
474.904 -1705.39
-319.706 720.954
1855.66 389.006
1393.89 -1188.34
1534.03 1676.17
-886.933 -225.681
-1610.08 1557.68
-650.86 -955.963
-305.878 -1807.57
1721.89 161.675
-197.442 1003.81
985.688 -1110.85
-908.692 1678.62
-34.073 -619.869
-1153.3 1523.59
-1566.65 1321.61
1818.19 113.64
42.5599 1673.85
-1497.35 -563.55
-1514.49 -1963.33
-887.383 -401.425
-189.008 -497.461
-843.747 1160.13
546.576 850.375
1352.57 268.464
-987.95 -844.877
-727.726 1997.74
44.2754 363.582
1676.36 -1989.8
1743.71 -1476.94
1533.79 -1822.94
1844.67 1351.98
290.698 -112.771
1025.83 793.344
1323.68 1511.34
830.017 -1563.7
-890.084 -1358.99
-61.164 266.169
1801.14 -1514.59
-883.456 1153.71
753.875 128.594
-1691.17 -1973.85
126.333 353.104
389.732 -197.306
363.306 133.444
325.757 -102.905
310.502 170.426
-750.924 -1398.8
-1942.34 -1725.09
1394.54 1381.33
1786.25 224.56
1817.63 -1103.83
865.569 -243.532
1162.33 666.709
241.88 -1721.12
-179.586 -1004.24
407.473 129.242
-978.095 -1466.19
-1517.65 1411.64
336.499 845.652
-454.92 -1337.74
-1257.25 1855.58
832.681 -8.17669
-1543.22 890.337
266.732 1851.33
271.672 52.9806
75.8864 89.3038
949.146 -1058.55
1845.77 111.48
1608.16 87.6518
390.358 -571.423
1083.41 -1202.17
1557.82 -1894.69
-668.364 -1959.83
1516.95 1668.13
885.818 -937.971
-1669.61 1628.57
-1082.39 1163.07
-379.612 -625.606
53.4081 1887.12
-774.28 -1674.92
-59.8994 1301.61
414.384 -1110.75
-1756.94 260.155
1000.73 1851.22
-1652.19 -608.916
-720.198 1431.21
188.915 -1162.38
1536.53 1520.55
-1122.21 1053.48
1188.69 1763.6
-1884.5 1519.08
1392.17 -966.884
682.147 -987.441
407.51 -1264.44
-1100.32 1633.23
-939.365 839.779
934.837 1475.02
1729.03 1177.9
-264.826 729.752
1029.12 82.9811
-1879.16 -1691.08
-485.804 309.751
-853.454 -949.278
-169.698 24.3334
-1895.8 -981.013
-212.062 -1780.3
-1461.94 -819.892
-747.181 1220.21
192.667 1660.33
1955.76 1092.35
1293.56 -983.601
-67.8754 228.396
-1508.58 -338.85
-593.707 226.592
-1609.1 -1564.58
-1690.43 -1488.26
-1255.66 -176.232
821.489 -109.113
874.491 -1348.21
1915.22 978.688
-329.221 -296.841
1198.39 208.842
883.267 -1548.79
-570.949 -924.066
-1888.46 -615.184
-1831.72 1405.1
401.215 100.404
-366.507 892.633
1761.55 1039.79
-880.775 -1847.54
1475.2 -571.202
-1335.81 -1780.46
1252.57 1485.68
110.43 127.057
-1862.52 25.6512
-894.255 -191.746
1728.81 -1695.86
-1982.9 612.078
-1244.65 -553.853
1688.01 -1133.12
830.963 1856.29
-1728.02 -767.822
-43.3039 -94.5271
-1875.19 -281.749
-1054.74 -755.963
-129.293 -1579.54
672.834 534.902
-1360 -74.5996
20.5862 750.435
-1947.54 158.062
-1223.91 -841.798
1966.32 -1495.1
-537.662 1983.41
1116.97 217.683
-570.441 804.986
1084.57 -1739.48
661.278 1356.55
-507.299 -1382.03
-737.98 -382.488
336.224 207.279
861.549 -1793.07
627.74 -465.617
741.833 1267.74
1459.78 -1237.58
18.1791 1512.24
920.481 794.265
-1329.56 886.798
1299.16 132.781
870.21 416.136
-1649.54 -1700.23
-778.878 1435.03
-1439.71 1882.4
791.577 52.9926
-1499.63 -1946.4
1670.51 836.598
260.875 532.054
1043.53 -1111.38
-1933.56 -214.638
-1843.64 1526.22
547.782 174.539
1038.46 -531.737
-1031.2 1708.9
-1644.94 -1732.03
-158.314 1225.27
684.101 192.15
1525.04 1905.22
-372.82 -1914.67
1787.62 -1581.24
138.325 -1712
-1527.65 -191.17
1124.59 733.23
-1659.12 168.122
1621.84 -1592.68
1953.48 1778.2
1933.54 501.266
-47.2568 972.004
1969.53 921.547
680.909 -1675.41
1189.51 -1477.41
1549.86 -126.386
714.745 1074.9
-221.163 -1658.08
1160.23 -433.541
-1239.32 -701.442
-145.546 -766.964
1107.39 -1020.95
1966.27 1448.27
1147.17 1588.11
1855.59 1100.65
1366.32 1789.14
-398.081 -680.942
761.14 -428.552
-1759.39 -557.951
-103.961 1430.12
-35.3561 -554.1
-696.268 -1320.61
-1479.2 1082.57
-978.687 1681.04
-1350.97 -218.005
-1020.41 503.481
1015.03 -1913.02
1482.53 981.297
1535.25 629.697
569.408 1390.85
-269.651 -64.2768
1179.98 1332.27
1254.78 -58.8776
-1096.28 1495.39
1383.17 799.756
925.506 -652.185
-1754.34 -1770.76
27.204 -1233.54
1311.81 1048.52
-1552.51 1960.83
-1169.49 -572.912
464.315 1845.54
-485.93 -53.1567
826.841 -950.676
-1423.46 -603.751
-1559.83 306.889
1331.97 1620.15
-360.842 586.754
-438.724 542.875
82.1414 -1055.55
-657.369 -992.353
292.263 -411.713
-763.115 -1680.53
354.745 -1451.31
1367.98 802.24
-1490.48 -1801.5
-1770.67 973.84
-1955.96 -256.602
-1079.32 870.882
792.722 -502.777
-1732.87 1232.89
1804.11 1599.1
853.047 -556.729
185.858 -1585.68
1986.15 -1732
-641.23 -671.224
-724.353 1651.03
917.063 512.532
1970.5 -728.192
1061.22 1338.48
-1925.95 1570.75
1536.98 -1696.62
544.588 1581.02
46.7744 1465.27
451.905 -1160.5
-1037.51 719.036
-1927.61 -1233.39
318.141 925.437
209.878 -1496
1339.76 196.023
-1228 -1301.47
1524.8 47.6457
-1650.44 441.862
-1439.82 -1679.94
1713.67 1621.4
1658.55 1787.72
1192.15 1195.53
-1908.91 -263.265
776.552 137.868
-797.994 -771.544
977.365 164.5
1947.49 1049.76
931.107 265.633
-24.8075 -859.015
769.632 -685.047
1337.01 1541.63
13.483 861.806
-410.723 363.047
-696.332 149.454
683.111 -982.662
-229.146 341.659
-1194.94 -1037
-462.811 -1103.85
699.737 -1686.26
1034.02 1901.74
-457.803 11.3837
66.2426 -510.31
-938.861 -1002.65
1755.32 1036.33
138.334 524.955
-1648.72 -524.659
66.5861 364.767
-1662.85 1655.86
-1272.19 -359.184
-194.683 1410.92
658.153 1576.17
-247.416 1463.21
-1460.83 1289.77
-1640.64 1238.91
1603.51 1393.38
1140.65 -854.29
-595.239 -793.105
635.399 465.9
204.244 390.722
-497.768 -1657.42
-1084.32 -146.484
-182.08 982.263
-1781.72 155.067
638.126 -1053.9
1795.88 -1556.56
-1642.98 454.037
-1980.39 109.606
-82.7542 -1441.21
-600.622 276.605
1797.7 -997.109
-330.017 938.349
148.601 1074.74
-1854.76 -1216
-459.356 349.488
1174.72 1042.88
692.066 -1909.6
-1103.61 -1490.01
1072.66 -885.324
665.053 -289.21
60.7732 460.936
154.233 417.795
-1085.03 173.847
-1472.6 832.218
732.634 -73.2212
-891.177 530.331
929.67 778.806
-531.32 -921.729
-146.45 -386.077
-137.729 1394.19
