10 26 76
2 18 35
59 66 74
31 39 81
2 16 35
1 35 58
26 27 94
21 32 82
37 47 94
65 71 84
62 67 92
23 49 95
3 31 39
3 31 78
9 78 83
70 92 98
15 63 81
52 75 86
2 9 66
16 33 36
58 60 96
18 35 58
26 27 76
93 96 97
1 13 93
60 96 97
13 93 97
27 47 94
26 37 94
42 55 82
32 37 82
32 37 47
21 69 84
21 32 84
13 19 73
11 46 97
48 68 98
7 45 48
25 65 71
21 55 82
12 42 88
21 55 69
12 20 88
20 30 40
30 53 75
0 28 68
50 61 86
28 43 61
53 75 86
43 61 86
50 52 86
45 92 98
45 48 98
70 87 98
70 80 87
34 87 98
52 75 80
5 17 89
4 5 41
17 22 89
4 5 6
5 6 89
56 80 85
54 56 85
56 75 80
54 56 75
22 89 99
72 73 91
70 80 85
69 71 84
67 70 92
19 59 73
1 58 93
43 57 86
53 57 86
52 80 87
20 30 51
20 51 88
4 29 81
46 65 97
13 73 91
13 65 91
70 85 99
25 65 91
13 16 35
13 16 36
12 64 79
14 59 74
38 69 71
1 13 35
12 20 40
11 46 84
2 16 66
46 65 84
24 29 67
7 45 92
15 24 95
13 65 97
0 40 57
9 23 66
3 63 95
8 72 73
38 64 69
11 84 90
9 23 83
6 85 99
6 89 99
0 43 57
0 40 77
38 48 71
12 42 69
15 24 29
13 19 59
25 48 71
3 63 81
29 41 67
10 18 76
12 64 69
8 25 48
6 54 85
18 58 60
28 34 98
40 64 79
3 39 81
0 28 43
14 59 73
16 33 66
25 72 91
8 25 72
12 40 79
18 60 76
64 68 77
7 44 62
8 14 74
8 14 73
5 17 41
15 63 95
27 60 76
22 70 99
3 23 78
33 36 59
23 78 83
24 44 49
24 62 67
13 36 59
40 64 77
27 60 97
27 47 90
8 44 48
11 27 90
11 27 97
44 49 74
24 49 95
28 68 98
4 29 41
58 93 96
30 53 57
30 40 57
23 49 66
24 44 62
33 59 66
34 50 52
28 34 61
41 67 70
37 51 82
8 44 74
34 50 61
49 66 74
7 62 92
15 29 81
51 82 88
38 48 68
38 64 68
17 41 70
34 52 87
42 55 69
42 82 88
47 84 90
7 44 48
17 22 70
32 47 84
3 23 95
0 68 77
