10 26 76
23 66 74
37 42 88
2 18 35
40 53 57
5 17 67
3 23 83
31 39 81
2 16 35
1 35 58
60 76 97
26 27 94
7 24 62
37 47 94
65 71 84
40 77 79
43 53 86
23 49 95
23 49 74
3 31 39
9 78 83
23 63 95
17 67 92
7 8 44
15 24 63
24 63 95
65 72 91
7 24 95
7 44 95
44 49 95
2 9 66
2 16 59
19 59 74
16 33 59
16 33 36
58 60 96
18 35 58
13 93 97
27 47 94
26 37 94
42 55 82
11 27 47
11 46 90
48 68 98
25 65 71
38 71 84
0 64 68
37 42 82
12 42 88
64 68 69
38 68 69
20 30 40
37 51 88
20 30 88
30 51 88
30 53 75
20 40 79
43 53 57
0 28 68
0 28 57
28 34 68
28 43 57
50 61 86
30 40 53
28 43 61
50 52 80
43 61 86
50 52 86
45 92 98
34 68 98
45 48 98
17 70 92
70 80 87
50 80 87
52 75 80
5 17 89
4 5 41
4 5 6
22 85 99
5 6 89
6 22 89
22 80 85
56 75 80
54 56 75
6 22 99
65 84 91
12 79 88
14 73 74
72 73 91
17 70 89
22 70 89
60 93 96
19 73 74
21 32 55
21 64 69
52 53 86
21 38 84
21 38 69
3 31 83
13 93 96
60 93 97
70 87 92
21 32 90
13 58 96
1 13 58
12 64 79
12 42 55
1 13 35
12 55 64
19 36 91
38 68 71
21 46 84
48 68 71
6 56 80
4 15 41
5 29 67
7 45 92
5 29 41
0 40 57
9 23 66
2 66 74
4 15 63
8 65 72
46 91 97
7 8 65
3 23 81
9 23 83
6 85 99
11 32 47
29 67 92
0 40 77
6 54 56
0 64 79
15 29 41
19 73 91
15 24 29
25 48 71
7 25 65
10 18 76
18 58 60
24 29 62
14 72 73
3 39 81
13 91 97
13 36 91
18 60 76
0 77 79
4 63 81
6 80 85
2 59 74
8 14 72
32 55 82
8 14 74
13 35 36
11 26 27
11 26 76
33 36 59
50 61 87
20 79 88
7 25 45
21 46 90
44 49 74
29 62 92
32 47 82
31 78 83
34 87 92
34 61 87
11 32 90
28 34 61
8 44 74
34 92 98
16 35 36
22 70 80
19 36 59
7 62 92
21 55 64
37 47 82
46 76 97
11 46 76
46 84 91
23 63 81
25 45 48
52 53 75
