180 367 398
128 208 293
43 183 212
171 196 295
29 291 398
96 201 340
87 142 312
39 144 309
128 293 382
178 248 371
59 181 349
80 300 395
19 62 73
70 372 390
179 274 310
22 125 285
206 264 276
52 164 255
18 290 339
75 302 375
99 198 344
46 48 107
101 115 316
57 71 302
11 143 375
25 74 351
92 183 207
25 94 146
13 67 95
191 224 377
20 168 314
97 180 193
180 236 297
87 312 382
243 277 305
195 248 283
168 243 305
53 63 190
34 49 227
128 312 382
25 74 94
39 139 182
247 308 384
23 132 372
76 334 388
38 112 181
166 263 384
23 132 166
65 157 162
134 220 296
63 111 313
116 210 365
44 65 157
44 324 328
80 156 300
62 73 102
41 91 216
59 219 221
32 108 284
177 188 218
21 348 352
60 242 334
76 348 388
163 179 310
45 273 369
115 189 345
45 301 364
50 267 288
86 199 275
161 251 287
198 245 344
99 344 363
1 99 319
161 171 287
50 148 345
47 133 354
16 32 284
90 133 380
12 280 355
22 238 327
18 46 290
33 255 357
52 58 291
52 119 291
138 205 322
12 119 202
12 202 228
22 238 285
33 255 270
22 107 327
84 205 270
262 357 376
262 355 376
343 357 376
290 336 360
161 290 360
161 171 274
7 232 272
136 232 336
4 261 272
57 75 302
13 95 135
67 95 117
6 74 256
140 200 331
6 74 233
100 143 346
77 302 375
94 100 318
94 146 318
146 240 318
132 166 263
247 263 384
39 144 332
25 338 351
271 331 332
74 233 351
25 200 338
259 303 338
303 338 351
96 137 149
51 259 338
137 149 224
96 149 340
17 155 186
149 191 224
96 137 150
224 269 377
109 154 317
52 138 205
29 58 291
109 138 154
119 180 398
119 291 398
269 321 377
109 269 317
17 223 321
127 223 321
127 211 223
127 211 398
153 226 294
211 367 398
153 211 226
153 186 211
155 186 337
83 131 393
180 297 367
142 297 367
142 367 389
68 236 297
159 193 281
159 180 193
93 130 281
93 129 130
81 129 130
66 81 203
66 81 130
260 307 393
69 123 370
123 282 370
248 278 283
170 289 307
63 313 371
5 63 190
5 178 195
147 277 305
147 168 305
78 147 277
195 283 289
178 195 248
63 178 371
5 63 178
5 78 342
53 62 217
53 62 111
5 190 342
111 361 387
53 63 111
152 361 387
111 313 315
55 152 315
111 315 387
152 315 387
126 299 399
14 34 88
170 174 253
253 323 378
8 208 293
31 139 182
39 200 332
200 331 332
105 271 332
14 88 309
144 252 309
105 120 271
106 247 263
120 263 271
43 183 207
24 43 207
21 24 82
70 183 304
181 183 212
42 311 383
311 349 383
116 311 365
42 311 365
42 44 328
299 390 399
42 44 151
89 126 230
89 230 286
89 126 151
62 111 361
62 102 217
2 28 366
19 85 225
2 28 215
27 220 397
215 220 397
134 215 220
19 85 296
27 220 296
65 324 356
19 225 265
162 225 265
44 65 324
26 103 258
80 103 395
27 156 347
156 300 347
27 54 156
54 80 156
28 215 397
9 185 258
185 258 333
40 176 335
37 320 366
37 326 366
176 335 350
41 64 326
40 64 326
177 188 250
40 335 391
187 188 329
216 329 395
59 219 394
30 116 311
188 218 329
181 183 304
30 311 349
30 59 349
181 212 352
181 348 352
38 76 334
38 112 177
112 177 221
40 176 326
176 179 274
35 176 179
108 235 284
114 388 396
163 235 284
60 108 235
47 246 373
32 276 288
16 206 276
165 264 276
16 32 276
50 273 345
114 267 396
45 213 369
50 114 267
50 273 369
50 114 369
10 110 239
114 239 388
10 56 110
10 82 239
82 239 388
24 43 212
10 24 82
56 110 358
23 92 214
166 214 384
104 214 384
23 166 214
104 214 231
104 172 302
75 160 306
57 71 75
199 301 364
45 273 301
169 199 275
86 199 301
15 287 363
15 171 287
1 99 254
121 141 254
121 141 319
15 171 204
171 204 295
173 234 249
171 194 196
3 90 353
171 194 274
115 173 316
86 115 345
101 115 189
148 189 345
47 98 354
98 189 264
47 98 373
274 310 380
90 274 380
3 72 167
3 167 353
122 194 274
102 379 381
113 356 395
347 356 395
339 355 376
280 339 355
334 388 396
185 333 397
187 329 391
91 329 391
18 327 339
322 359 386
79 322 386
127 321 398
11 318 375
240 318 375
269 317 321
247 308 331
181 304 349
304 349 383
104 302 384
77 302 384
86 301 345
273 301 345
142 297 312
134 296 381
234 295 319
229 294 389
294 337 382
152 286 361
248 278 371
278 283 289
300 347 395
90 274 353
122 274 353
261 272 392
132 263 372
263 271 331
261 363 392
141 254 319
1 254 319
68 297 312
170 253 307
128 253 307
144 252 332
251 363 392
250 335 350
120 263 372
250 335 385
65 162 225
83 260 393
72 167 194
158 192 366
79 233 351
114 239 369
77 308 384
77 140 308
76 181 348
75 143 279
75 160 197
75 124 197
118 198 341
72 90 133
42 210 365
96 150 201
72 133 266
121 204 319
72 101 374
146 240 375
70 304 383
155 201 340
81 129 203
67 84 362
66 203 289
65 85 225
21 82 348
29 58 237
62 265 361
79 137 322
115 173 275
61 98 206
60 108 396
78 147 342
93 159 281
0 4 118
36 113 324
52 58 237
84 359 386
85 347 356
27 85 296
32 267 288
56 104 231
8 208 325
3 72 90
55 313 315
84 292 386
109 138 269
14 34 55
54 103 258
118 169 257
7 95 117
52 154 237
101 189 354
50 276 288
67 292 362
13 22 209
176 250 350
56 172 184
53 217 368
0 4 306
45 298 364
72 196 374
154 237 398
12 228 262
25 146 200
68 128 131
82 348 388
31 323 378
7 232 336
173 234 295
157 286 361
60 179 242
14 152 286
56 184 358
16 61 373
16 163 284
15 99 363
56 104 172
20 168 243
53 342 368
4 160 306
39 182 309
14 230 252
8 337 382
61 98 373
27 333 397
51 150 222
10 56 231
142 229 389
55 174 313
14 55 152
9 28 397
0 71 75
46 290 336
101 295 374
83 282 370
60 163 235
51 139 200
9 41 216
105 126 230
6 67 292
97 130 281
198 268 341
83 260 282
13 135 209
0 71 257
137 150 303
9 28 366
176 177 250
6 117 256
172 184 302
8 293 382
72 101 266
317 321 398
51 200 338
174 313 371
5 78 277
7 107 209
2 134 381
33 125 285
26 216 395
13 22 84
9 26 216
251 287 363
53 190 342
101 133 354
36 324 328
15 99 254
31 325 378
50 148 165
229 294 382
42 126 299
69 97 180
113 324 356
38 177 334
68 128 312
19 62 265
75 124 279
42 210 328
6 67 117
110 213 369
36 59 113
4 344 363
65 85 356
2 134 215
37 41 320
26 103 395
137 138 322
9 320 366
34 227 323
177 218 219
7 48 107
101 295 316
184 298 330
112 181 221
5 195 277
29 237 398
6 79 233
4 118 245
93 129 314
59 181 221
74 100 256
42 70 383
52 164 202
32 108 267
7 197 272
16 61 206
33 84 270
174 278 371
52 119 202
42 126 151
122 194 353
42 70 390
66 123 260
24 207 231
19 73 381
20 203 243
21 24 212
106 263 331
22 84 125
77 140 146
23 70 372
60 163 179
7 48 336
93 159 314
51 150 259
23 70 183
23 92 183
113 329 395
7 95 209
249 268 341
50 165 276
49 174 253
184 244 302
30 36 210
92 214 231
47 133 246
18 107 327
7 124 197
6 292 386
12 262 355
33 285 343
84 292 362
35 176 177
72 194 196
158 379 381
27 54 333
30 36 59
187 335 391
36 210 328
145 155 337
42 299 390
49 55 174
20 129 314
10 24 231
66 260 307
139 145 222
139 145 325
52 138 154
33 84 125
79 303 351
22 107 209
228 255 357
46 48 336
33 343 357
34 49 55
14 230 286
154 317 398
69 180 236
173 249 341
145 201 222
40 41 391
13 67 84
117 256 346
34 88 323
35 177 242
169 298 364
123 260 282
147 192 379
49 227 253
4 245 344
37 41 326
60 334 396
14 252 309
69 123 175
40 41 64
84 205 359
45 213 298
74 94 100
91 216 329
95 135 209
102 217 368
170 174 289
97 130 175
97 193 281
226 294 389
232 272 392
98 206 264
99 198 268
99 268 319
100 256 346
4 261 363
101 133 266
102 368 379
73 102 381
246 310 380
54 258 333
105 230 252
155 201 241
118 275 341
105 120 372
105 372 390
155 191 377
20 129 203
71 244 302
136 232 392
108 267 396
117 143 346
15 204 254
140 308 331
86 115 275
150 259 303
153 294 337
113 329 394
100 143 318
148 165 264
71 244 257
21 212 352
117 124 279
7 117 124
117 143 279
118 198 245
0 118 257
136 161 336
164 202 255
123 130 175
66 123 130
9 185 397
18 46 107
128 325 378
128 131 393
128 307 393
110 213 358
69 97 175
39 139 200
83 131 236
213 298 358
0 75 306
133 246 380
149 191 340
137 138 224
169 184 330
148 189 264
138 224 269
51 139 222
31 139 325
87 142 229
11 143 318
4 160 272
195 243 277
145 155 241
145 201 241
59 113 394
8 145 325
8 145 337
41 91 391
140 146 200
203 243 289
17 155 321
158 192 379
77 146 375
9 26 258
69 236 370
9 41 320
147 342 368
75 143 375
147 368 379
79 137 303
238 285 343
150 201 222
151 157 286
44 151 157
89 151 286
128 253 378
88 182 323
153 186 337
118 169 275
195 243 289
88 182 309
128 208 325
155 191 340
155 321 377
6 79 386
68 131 236
2 158 366
30 116 210
2 158 381
160 197 272
161 336 360
35 179 242
136 161 392
161 251 392
157 162 361
66 289 307
162 265 361
163 246 310
16 163 246
187 250 385
54 80 103
38 76 181
169 184 244
169 244 257
169 298 330
105 126 399
173 295 316
173 275 341
105 252 332
174 278 289
92 207 231
27 85 347
186 211 223
177 219 221
177 242 334
31 182 323
184 298 358
17 186 223
19 296 381
187 188 250
187 335 385
98 189 354
169 199 364
167 194 353
196 295 374
238 327 339
202 228 255
121 204 254
204 295 319
205 255 270
52 205 255
205 322 359
211 367 389
105 390 399
211 226 389
218 329 394
228 262 357
227 253 323
110 239 369
87 229 382
234 268 319
234 249 268
83 236 370
238 343 376
238 339 376
16 246 373
218 219 394
106 247 331
