22 32 142
6 90 112
2 27 119
16 54 66
105 122 129
10 28 81
13 65 139
13 117 139
13 65 72
50 66 121
16 66 121
22 65 108
53 102 120
6 22 32
108 126 139
6 32 112
9 32 142
12 71 135
19 38 69
10 78 81
8 75 80
11 52 103
58 91 114
94 116 133
6 58 114
8 125 127
16 39 58
39 53 63
17 96 125
31 98 147
15 41 47
14 45 115
0 115 149
2 14 27
0 64 149
83 113 148
40 87 106
50 66 87
113 129 148
83 85 113
83 85 104
117 123 140
119 129 148
13 28 117
10 78 135
10 71 135
57 65 72
22 57 65
12 71 142
9 26 145
76 78 81
13 60 72
29 50 56
56 108 126
29 56 126
50 56 121
65 108 139
56 108 121
12 88 142
22 108 121
4 32 112
9 71 142
6 90 114
15 20 61
4 110 118
34 61 93
90 114 118
57 88 135
12 88 135
9 71 109
10 71 97
67 68 97
67 97 145
71 97 109
9 109 145
26 67 145
26 38 110
26 67 69
30 94 133
26 38 69
11 69 103
24 70 94
19 69 103
21 48 116
11 52 68
97 109 145
68 86 97
10 86 97
30 70 94
52 59 70
43 103 133
30 59 70
30 43 133
30 43 59
24 52 70
19 116 133
44 118 124
21 94 116
15 20 80
21 36 94
15 41 79
18 36 94
18 36 47
18 47 111
21 36 47
21 41 47
3 19 116
19 103 133
3 19 38
3 33 146
5 34 124
33 44 124
34 61 124
17 125 127
34 127 136
17 127 136
17 96 102
96 125 144
8 125 144
20 80 93
20 61 93
15 80 95
8 75 144
15 61 79
1 46 75
74 95 111
1 73 99
1 23 99
23 49 74
7 89 143
7 51 147
7 51 143
37 89 99
37 89 100
23 98 99
31 89 99
31 98 99
45 115 149
37 73 99
14 45 100
27 42 119
14 27 115
0 27 115
0 27 42
39 63 107
0 64 141
0 42 141
102 120 149
96 102 149
53 63 120
54 131 137
16 58 121
16 54 137
105 129 131
54 105 131
66 87 106
35 77 132
35 123 132
25 77 132
85 113 134
35 117 123
85 123 134
40 87 92
92 113 134
119 129 138
2 83 148
2 119 148
83 84 104
85 123 140
82 83 84
55 138 141
123 132 134
64 128 141
42 119 141
3 116 146
5 114 124
114 118 124
4 112 118
40 106 122
62 101 143
34 93 127
80 93 127
87 92 132
92 132 134
92 122 129
40 92 122
31 89 147
62 82 100
29 77 117
35 77 117
23 74 98
74 98 101
1 73 75
84 85 140
18 94 111
39 58 91
22 58 121
25 87 132
2 14 83
4 26 32
24 52 68
22 57 142
17 91 114
17 53 102
17 53 91
6 22 58
14 82 83
14 82 100
46 74 95
11 67 68
45 130 144
16 39 107
17 114 136
23 46 49
33 38 44
48 61 79
54 66 105
38 44 118
105 106 122
15 47 95
62 89 143
43 52 59
46 80 95
131 137 138
7 89 147
16 107 137
21 41 79
4 26 110
63 64 149
24 68 86
48 116 146
66 105 106
90 112 118
11 67 69
29 117 139
29 126 139
73 75 144
37 130 144
3 33 38
33 61 146
33 61 124
51 101 143
25 50 87
92 113 129
47 95 111
9 26 32
1 23 46
34 114 136
74 94 111
5 34 114
13 28 81
37 45 100
37 45 130
107 137 138
37 73 144
64 107 128
55 107 128
74 94 101
38 110 118
39 53 91
8 80 127
48 61 146
21 48 79
13 60 81
119 138 141
43 52 103
60 76 78
129 131 138
45 96 149
45 96 144
46 49 74
46 75 80
84 85 104
60 72 78
57 88 142
25 50 77
57 72 78
29 50 77
51 98 147
51 98 101
57 78 135
55 107 138
60 76 81
62 89 100
55 128 141
63 120 149
63 64 107
