29 117 126
22 32 142
6 90 112
73 130 144
6 58 121
14 62 82
105 122 129
92 123 134
10 28 81
13 65 139
13 65 72
50 66 121
22 65 108
53 102 120
6 22 32
6 32 112
9 32 142
12 71 135
19 38 69
10 78 81
8 75 80
11 52 103
58 91 114
6 58 114
8 125 127
63 64 120
61 124 146
17 96 125
45 130 149
31 98 147
45 100 130
14 45 115
96 130 149
2 14 27
0 64 149
83 113 148
107 128 138
40 87 106
50 66 87
113 129 148
83 85 113
83 85 104
117 123 140
119 129 148
13 28 117
10 78 135
10 71 135
57 65 72
76 78 81
56 108 126
25 29 77
50 56 121
6 22 121
12 88 142
4 32 112
4 32 110
6 90 114
5 34 136
5 114 136
8 34 127
4 110 118
34 61 93
90 114 118
9 26 110
11 68 69
57 88 135
22 88 142
12 88 135
9 71 109
9 32 110
71 97 109
67 68 69
26 67 145
26 67 69
30 94 133
11 69 103
24 70 94
19 69 103
21 48 116
97 109 145
68 86 97
30 70 94
52 59 70
43 103 133
30 59 70
30 43 133
30 43 59
43 59 103
24 52 70
52 59 103
15 20 80
15 41 79
18 74 111
18 36 94
21 36 47
21 41 47
3 48 116
33 124 146
19 103 133
3 48 146
3 19 38
3 38 44
3 33 146
3 33 44
5 34 124
33 44 124
34 61 124
17 125 127
34 127 136
17 127 136
17 96 102
55 64 141
96 130 144
8 34 80
75 80 95
34 80 93
20 80 93
20 61 93
15 80 95
15 95 111
1 46 75
74 95 111
46 75 95
1 73 99
1 23 99
23 49 74
98 101 147
23 98 101
23 74 101
51 62 101
51 101 147
51 62 143
7 51 147
7 51 143
37 89 99
37 89 100
23 98 99
31 89 99
31 98 99
37 73 130
37 73 99
1 73 144
14 45 100
37 100 130
14 62 100
62 100 143
64 120 149
14 27 115
0 27 115
55 128 138
0 64 141
63 64 128
55 64 128
102 120 149
96 102 149
53 58 91
53 63 120
54 131 137
105 129 131
39 107 137
54 105 131
50 87 132
66 87 106
25 50 132
85 113 134
35 117 123
40 87 92
92 113 134
119 129 138
2 83 148
2 14 82
83 84 104
85 104 140
84 104 140
55 138 141
123 134 140
85 134 140
5 114 124
4 112 118
40 106 122
87 92 132
92 122 129
40 92 122
31 89 147
29 77 117
35 77 117
71 86 97
92 123 132
26 69 110
68 97 145
25 123 132
27 42 141
25 50 56
22 56 121
25 29 126
36 94 133
17 91 114
17 53 102
17 53 91
46 74 95
13 72 78
3 116 133
2 82 84
2 83 84
38 69 110
65 108 126
0 27 141
0 45 149
18 74 94
11 24 52
7 100 143
65 126 139
8 96 144
17 114 136
9 26 109
23 46 49
16 39 54
1 8 144
13 60 78
48 61 79
54 66 105
38 44 118
105 106 122
3 19 133
21 116 133
131 137 138
7 89 147
9 12 71
7 89 100
39 58 121
21 41 79
1 8 75
2 27 148
0 45 115
24 68 86
16 39 121
25 35 123
27 42 148
8 96 125
26 109 145
42 119 148
15 20 79
9 12 142
66 105 106
90 112 118
10 71 86
57 65 88
39 107 128
92 113 129
67 68 145
1 23 46
11 24 68
18 36 111
13 28 81
36 47 111
21 36 133
22 56 108
107 137 138
74 94 101
38 110 118
13 126 139
44 114 124
39 54 137
39 63 128
41 47 111
13 117 126
48 61 146
21 48 79
15 41 111
13 60 81
42 119 138
22 65 88
60 76 78
129 131 138
44 114 118
54 66 121
46 49 74
25 56 126
25 35 77
16 54 121
57 72 78
20 61 79
57 78 135
39 58 63
53 58 63
60 76 81
42 138 141
