17 91 136
16 54 66
105 122 129
10 28 81
13 117 139
22 65 108
108 126 139
9 32 142
12 71 135
72 78 135
19 38 69
38 44 110
10 78 81
8 75 80
11 52 103
58 91 114
6 58 114
8 125 127
63 64 120
17 96 125
31 98 147
14 45 115
0 115 149
2 14 27
107 128 138
40 87 106
50 66 87
83 85 104
117 123 140
2 82 83
119 129 148
13 28 117
10 78 135
57 72 135
10 71 135
57 65 72
76 78 81
13 28 60
13 60 72
29 50 56
56 108 126
29 35 77
29 35 117
25 29 77
25 29 50
29 56 126
50 56 121
65 108 139
56 108 121
12 88 142
22 108 121
4 32 112
6 90 114
15 20 61
5 114 136
4 110 118
34 61 93
90 114 118
9 26 110
44 110 118
11 68 69
57 88 135
22 88 142
12 88 135
9 71 109
10 71 97
71 97 109
9 109 145
67 68 69
26 38 110
11 69 103
24 70 94
21 48 116
11 52 68
97 109 145
68 86 97
10 86 97
52 68 86
24 52 86
30 70 94
52 59 70
43 103 133
30 59 70
30 43 133
30 43 59
24 52 70
44 118 124
21 94 116
15 20 80
21 36 94
15 41 79
18 94 101
18 36 94
18 36 47
21 36 47
21 41 47
3 19 38
3 38 44
91 114 136
17 125 127
17 127 136
17 96 102
96 125 144
96 130 144
8 125 144
75 80 95
34 80 93
20 80 93
20 61 93
15 80 95
15 61 79
15 95 111
1 46 75
74 95 111
1 23 49
46 75 95
1 73 99
1 46 49
1 23 99
23 49 74
51 62 101
51 62 143
7 31 147
37 89 100
31 89 99
45 115 149
1 73 144
14 45 100
14 27 115
0 27 115
0 27 42
55 128 138
0 64 141
0 42 141
102 120 149
96 102 149
17 91 102
53 58 91
53 63 120
54 131 137
16 54 137
16 39 137
105 129 131
50 87 132
66 87 106
35 77 132
35 123 132
25 77 132
25 50 132
35 117 123
40 87 92
113 122 129
129 131 137
119 129 138
2 83 148
2 14 82
83 84 104
82 83 84
85 104 140
84 104 140
51 143 147
7 143 147
55 138 141
129 137 138
123 134 140
85 134 140
123 132 134
64 128 141
5 114 124
114 118 124
4 112 118
40 106 122
74 101 111
87 92 132
92 132 134
40 92 122
91 102 120
83 85 129
85 92 113
83 129 148
62 82 100
34 80 127
23 74 98
74 98 101
37 73 89
73 89 99
65 72 139
19 69 133
69 103 133
68 97 145
54 66 131
22 58 121
85 92 134
5 61 124
18 41 111
23 31 98
6 22 58
16 50 66
14 82 100
46 74 95
3 33 124
3 116 133
16 50 121
6 32 90
0 64 120
32 90 112
0 120 149
6 32 142
53 91 120
1 8 144
48 61 79
5 34 127
18 41 47
5 127 136
105 106 122
23 31 99
66 105 131
62 89 143
3 19 133
43 52 59
9 12 71
9 67 145
4 9 110
39 58 121
21 41 79
1 8 75
2 27 148
16 39 121
27 42 148
5 34 61
42 119 148
9 26 67
48 116 146
6 22 142
9 12 142
66 105 106
90 112 118
13 72 139
7 31 143
29 117 139
29 126 139
37 130 144
30 94 116
30 116 133
31 89 143
33 61 146
57 65 88
33 61 124
3 33 116
33 116 146
67 68 145
37 45 100
37 45 130
107 137 138
37 73 144
64 107 128
26 38 67
38 67 69
92 113 122
8 80 127
48 61 146
21 48 79
15 41 111
4 9 32
42 119 138
43 52 103
18 101 111
22 65 88
3 44 124
60 76 78
45 96 149
45 96 130
85 113 129
46 49 74
60 72 78
51 98 147
51 98 101
39 58 63
53 58 63
28 60 81
60 76 81
62 89 100
55 128 141
63 107 137
39 63 137
42 138 141
63 64 107
