29 117 126
22 32 142
18 74 101
6 90 112
73 130 144
6 58 121
16 54 66
117 126 139
10 28 81
13 65 139
13 117 139
13 65 72
50 66 121
16 66 121
22 65 108
53 102 120
6 22 32
108 126 139
72 76 78
6 32 112
9 32 142
12 71 135
72 78 135
19 38 69
38 44 110
10 78 81
8 75 80
11 52 103
58 91 114
6 58 114
4 90 112
39 53 58
8 125 127
63 64 120
39 53 63
61 124 146
17 96 125
31 98 147
15 41 47
14 45 115
2 14 27
40 87 106
50 66 87
83 85 113
83 85 104
117 123 140
119 129 148
13 28 117
10 78 135
57 72 135
10 71 135
57 65 72
22 57 65
12 71 142
60 72 76
76 78 81
13 28 60
13 60 72
56 108 126
29 35 77
29 35 117
25 29 77
50 56 121
65 108 139
6 22 121
12 88 142
4 32 112
9 71 142
4 90 118
4 32 110
6 90 114
5 114 136
8 34 127
4 110 118
34 61 93
90 114 118
44 110 118
57 88 135
22 88 142
12 88 135
22 57 88
9 71 109
67 68 97
67 97 145
71 97 109
9 109 145
26 38 110
24 70 94
19 69 103
21 48 116
11 52 68
97 109 145
68 86 97
30 70 94
52 59 70
43 103 133
30 59 70
30 43 133
30 43 59
43 59 103
52 59 103
21 94 116
15 20 80
21 36 94
15 41 79
18 74 111
18 94 101
18 36 94
21 36 47
21 41 47
48 79 146
33 124 146
19 103 133
3 19 38
5 34 124
33 44 124
61 79 146
34 61 124
17 125 127
17 127 136
96 125 144
96 130 144
8 34 80
8 125 144
34 80 93
20 80 93
20 61 93
15 80 95
15 47 111
15 95 111
1 46 75
74 95 111
1 23 49
49 74 95
46 49 95
1 73 99
1 46 49
1 23 99
23 98 101
51 62 101
7 89 143
51 62 143
7 51 147
7 51 143
37 89 100
31 89 99
37 73 130
1 73 144
14 45 100
27 42 119
14 27 115
0 27 115
0 64 141
42 55 141
102 120 149
53 58 91
53 63 120
54 66 106
54 131 137
16 54 137
16 39 137
54 105 131
40 105 106
54 105 106
50 87 132
66 87 106
35 77 132
35 123 132
25 77 132
25 50 132
35 117 123
40 87 92
119 129 138
2 83 148
82 83 84
85 104 140
123 134 140
85 134 140
123 132 134
64 128 141
122 129 131
5 114 124
87 132 134
92 122 129
40 92 122
31 89 147
85 92 113
83 129 148
62 82 100
37 73 89
73 89 99
71 86 97
67 69 103
27 42 141
25 50 56
85 92 134
83 84 140
2 14 83
22 56 121
83 104 140
17 96 149
17 102 149
25 29 126
17 91 114
23 31 98
17 53 102
17 53 91
14 82 83
14 82 100
11 67 68
3 116 133
26 32 110
83 113 129
24 68 70
0 64 120
0 27 141
0 45 149
0 120 149
17 114 136
1 8 144
33 38 44
5 34 127
5 127 136
23 31 99
62 89 143
3 19 133
46 80 95
131 137 138
7 89 147
9 67 145
39 58 121
21 41 79
1 8 75
2 27 148
0 45 115
24 68 86
16 39 121
9 26 67
48 116 146
15 20 79
10 71 86
30 94 116
30 116 133
3 33 38
3 33 116
92 113 129
9 26 32
33 116 146
18 36 111
36 47 111
22 56 108
37 45 100
37 45 130
107 137 138
27 119 148
64 107 128
26 38 67
55 107 128
49 74 101
38 67 69
11 67 103
44 114 124
40 105 131
40 122 131
21 48 79
42 119 138
42 55 138
129 131 138
44 114 118
45 96 149
45 96 130
46 75 80
25 56 126
23 49 101
51 98 147
52 68 70
51 98 101
20 61 79
28 60 81
55 107 138
60 76 81
62 89 100
55 128 141
63 107 137
39 63 137
87 92 134
63 64 107
