5 114 118
6 90 112
73 130 144
17 91 136
92 123 134
10 28 81
13 117 139
50 66 121
22 65 108
53 102 120
6 32 112
9 32 142
12 71 135
19 38 69
28 76 81
10 78 81
8 75 80
11 52 103
94 116 133
4 90 112
8 125 127
39 53 63
61 124 146
45 130 149
31 98 147
45 100 130
14 45 115
96 130 149
2 14 27
0 64 149
107 128 138
40 87 106
50 66 87
83 85 113
83 85 104
2 82 83
119 129 148
13 28 117
28 60 76
10 71 135
57 65 72
76 78 81
13 28 60
29 56 126
50 56 121
65 108 139
12 88 142
4 32 112
4 90 118
6 90 114
5 118 124
5 114 136
8 34 127
4 110 118
34 61 93
90 114 118
57 88 135
22 88 142
12 88 135
9 71 109
10 71 97
67 68 97
67 97 145
71 97 109
9 109 145
26 38 110
30 94 133
11 69 103
24 70 94
19 69 103
21 48 116
97 109 145
68 86 97
10 86 97
30 70 94
52 59 70
43 103 133
30 59 70
30 43 133
30 43 59
24 52 70
44 118 124
21 94 116
15 20 80
21 36 94
15 41 79
18 94 101
18 36 94
18 36 47
18 47 111
21 36 47
21 41 47
48 79 146
33 124 146
19 103 133
3 19 38
3 33 146
33 44 124
61 79 146
91 114 136
17 125 127
17 127 136
96 130 144
8 34 80
75 80 95
34 80 93
20 80 93
20 61 93
15 80 95
8 75 144
15 95 111
1 23 49
46 75 95
1 73 99
1 46 49
1 23 99
23 49 74
7 31 147
37 89 99
37 89 100
31 89 99
37 73 130
37 73 99
1 73 144
14 45 100
37 100 130
14 27 115
0 27 115
42 55 119
39 63 107
55 119 138
42 55 141
102 120 149
96 102 149
53 63 120
54 66 106
54 131 137
16 54 137
54 105 131
54 105 106
66 87 106
35 123 132
85 113 134
85 123 134
40 87 92
92 113 134
113 122 129
129 131 137
119 129 138
2 83 148
2 14 82
85 123 140
85 104 140
84 104 140
51 143 147
7 143 147
129 137 138
122 129 131
105 122 131
3 116 146
40 106 122
96 102 125
17 102 125
62 101 143
74 101 111
87 92 132
40 92 122
83 129 148
82 84 104
62 82 100
29 77 117
35 77 117
23 74 98
74 98 101
65 72 139
92 123 132
0 55 141
39 58 91
27 42 141
25 50 56
22 58 121
25 87 132
22 56 121
25 56 77
5 61 124
4 26 32
82 83 104
23 31 98
17 53 102
17 53 91
6 22 58
14 82 100
13 72 78
11 67 68
56 126 139
3 116 133
83 113 129
6 58 91
29 56 77
2 27 42
46 95 111
6 91 114
2 42 148
25 35 132
0 27 141
0 45 149
16 39 107
0 55 64
11 24 52
10 57 135
8 96 144
6 32 142
1 46 144
13 60 78
33 38 44
5 34 127
5 127 136
38 44 118
105 106 122
23 31 99
62 89 143
3 19 133
43 52 59
9 12 71
16 107 137
9 67 145
39 58 121
21 41 79
4 26 110
0 45 115
63 64 149
24 68 86
16 39 121
5 34 61
8 96 125
42 119 148
9 26 67
48 116 146
6 22 142
15 20 79
9 12 142
11 67 69
13 72 139
7 31 143
29 117 139
29 126 139
31 89 143
3 33 38
57 65 88
51 101 143
25 50 87
9 26 32
11 24 68
35 123 140
35 117 140
22 56 108
107 137 138
10 57 78
64 107 128
26 38 67
38 67 69
38 110 118
56 108 139
39 53 91
92 113 122
41 47 111
21 48 79
15 41 111
43 52 103
18 101 111
22 65 88
60 76 78
54 66 121
46 49 74
46 74 111
64 128 138
46 75 144
25 35 77
16 54 121
57 72 78
51 98 147
51 98 101
55 64 138
20 61 79
62 89 100
63 120 149
63 64 107
