149 204 210
142 170 248
15 29 140
126 159 238
35 43 202
43 128 142
66 159 238
105 176 203
79 117 137
81 159 241
34 191 243
127 177 217
108 120 230
65 185 224
8 30 76
1 13 244
1 131 205
129 153 237
101 150 165
25 129 237
102 157 220
66 81 176
89 124 175
89 92 124
18 133 245
21 37 187
31 195 231
109 142 170
12 92 209
9 26 122
9 18 26
232 234 248
95 199 248
35 43 128
88 105 219
96 145 236
123 156 236
81 176 241
176 184 203
56 66 184
82 92 223
15 42 161
108 173 215
77 126 229
2 139 214
152 159 216
74 99 137
5 10 17
54 88 219
74 99 107
78 94 215
38 157 242
6 103 205
50 164 200
83 163 190
1 22 131
192 207 228
192 207 244
1 192 244
51 68 72
13 151 244
91 151 208
6 83 205
91 164 200
63 90 183
50 51 164
22 130 148
6 103 144
114 163 190
50 52 72
153 166 237
59 141 147
3 153 221
25 101 237
153 166 221
37 193 226
143 166 221
48 166 237
3 119 153
3 119 225
101 193 237
25 52 101
37 193 198
52 101 165
101 150 193
37 138 198
52 76 165
150 165 196
30 72 76
55 69 196
24 69 247
42 84 106
69 146 247
134 146 247
24 134 247
24 69 138
8 84 146
24 37 138
37 187 226
48 187 226
24 37 182
89 92 223
16 23 27
24 134 182
21 37 182
134 146 182
82 92 240
53 89 175
85 98 124
124 175 204
85 124 210
14 116 162
124 204 210
86 116 162
110 141 147
16 23 147
27 149 210
59 104 141
53 61 175
104 110 166
104 110 141
48 104 166
110 143 147
110 143 166
59 61 113
23 147 249
23 27 210
23 162 249
9 18 231
23 86 210
14 162 195
14 116 211
96 115 145
36 71 86
12 44 209
23 86 162
85 86 210
41 231 245
44 174 209
18 231 245
31 171 225
31 171 195
87 181 202
31 87 122
31 87 202
43 181 202
62 109 181
43 142 181
109 142 181
95 202 235
35 95 202
109 133 170
115 167 170
62 109 133
123 145 236
115 170 245
41 115 245
18 62 133
133 170 245
167 170 248
115 145 167
45 156 197
167 232 248
123 156 232
28 156 234
156 232 234
95 234 235
95 234 248
5 10 213
186 213 233
45 156 233
156 197 236
10 213 219
45 54 197
174 209 240
60 191 243
82 191 240
174 240 243
4 20 88
4 20 174
4 44 174
92 98 124
0 92 98
71 86 116
0 36 98
0 12 92
34 240 243
92 209 240
60 191 239
34 191 240
32 184 203
20 174 212
33 60 212
33 56 238
126 152 229
29 126 238
73 77 229
73 152 214
2 214 216
2 139 172
152 214 216
73 152 229
97 176 241
10 40 105
66 81 159
126 152 159
56 66 238
20 32 88
32 184 212
32 88 203
20 32 212
40 97 176
66 176 184
2 97 241
10 105 219
88 105 203
40 105 176
5 186 235
5 186 213
17 97 222
132 158 217
127 139 158
127 139 172
2 97 172
79 137 154
118 132 158
7 217 227
127 158 217
127 177 222
74 117 137
79 117 179
7 137 224
58 70 160
70 117 160
160 179 235
117 160 179
7 217 224
58 70 107
99 137 224
118 132 185
49 118 185
132 185 224
132 217 224
118 136 158
73 136 214
19 130 173
108 120 136
49 120 230
73 108 136
94 173 215
19 94 173
46 108 215
46 78 215
121 135 155
46 78 121
75 111 168
75 168 246
111 135 155
111 125 228
111 168 228
78 121 135
111 125 155
38 46 121
38 46 242
38 157 220
46 77 242
77 157 242
15 29 218
38 125 220
33 60 239
15 42 218
15 82 191
29 140 238
42 106 161
15 191 239
15 140 239
42 47 218
84 106 182
84 146 182
39 90 93
102 157 218
29 157 218
102 183 218
93 180 188
13 57 100
151 207 244
13 57 151
151 180 207
91 164 208
11 30 208
52 72 76
68 164 208
51 68 164
50 51 72
50 114 163
50 163 200
83 91 189
57 91 151
57 91 100
6 83 189
91 100 189
13 67 100
67 100 189
13 67 144
1 103 205
1 192 246
1 22 246
22 131 148
131 148 205
83 194 205
148 194 205
83 190 194
33 238 239
140 238 239
192 228 246
168 228 246
207 220 228
177 217 222
159 216 241
174 212 243
58 64 169
0 44 178
2 216 241
33 56 212
56 184 212
54 213 219
53 61 104
10 17 97
112 171 195
139 158 214
61 175 204
47 90 183
47 183 218
29 77 126
91 163 200
4 44 236
42 84 90
38 125 155
58 65 107
162 195 249
64 114 173
30 68 208
45 213 233
41 195 231
41 96 115
29 77 157
18 62 80
25 129 153
25 119 153
61 149 204
114 130 173
5 17 154
21 89 187
114 190 194
36 71 178
156 186 233
55 69 146
44 96 236
8 11 39
14 41 211
8 55 146
8 55 76
58 65 169
8 11 30
180 188 207
11 39 93
1 13 144
18 26 80
49 118 136
6 67 189
1 103 144
16 59 113
62 87 181
0 12 44
3 143 221
17 222 227
21 89 223
3 143 225
15 82 223
143 147 171
62 80 87
5 79 154
19 94 130
59 61 104
45 54 213
6 67 144
130 148 194
48 193 226
41 44 211
42 47 90
201 207 220
44 178 211
11 93 180
136 158 214
16 61 113
16 27 149
17 154 227
49 120 136
183 188 201
8 84 90
48 193 237
102 183 201
22 75 246
63 90 188
22 75 130
193 196 198
65 99 224
65 99 107
69 196 198
78 111 135
69 138 198
71 178 211
10 40 97
75 78 94
75 94 130
188 201 207
150 193 196
16 59 147
76 165 196
55 76 196
73 77 108
75 78 111
97 127 172
41 44 96
5 79 235
79 179 235
26 80 122
80 87 122
60 212 243
15 161 223
123 145 232
36 86 98
85 86 98
8 39 90
54 88 197
4 88 236
112 195 249
88 197 236
53 89 187
90 93 188
83 91 163
95 128 199
97 127 222
53 104 187
102 201 220
108 169 173
48 104 187
106 206 223
106 161 223
74 107 117
70 107 117
186 234 235
108 169 230
46 77 108
128 142 248
0 36 178
9 122 231
31 122 231
65 169 230
35 95 128
7 137 227
137 154 227
21 206 223
143 171 225
145 167 232
30 68 72
28 156 186
71 116 211
63 183 188
64 169 173
112 171 249
217 222 227
38 121 155
151 180 208
11 180 208
14 41 195
21 182 206
106 182 206
16 61 149
128 199 248
65 185 230
49 185 230
125 220 228
28 186 234
147 171 249
114 130 194
