19 78 130
15 29 140
26 62 80
14 211 231
35 43 202
28 156 233
43 128 142
45 219 233
81 159 241
34 191 243
69 138 196
65 185 224
1 13 244
1 131 205
129 153 237
138 196 198
25 129 237
22 130 246
102 157 220
89 206 223
66 81 176
18 133 245
21 37 187
143 147 225
14 195 231
12 92 209
9 18 26
4 54 197
123 167 232
95 199 248
35 43 128
96 145 236
5 17 79
45 54 219
41 178 211
123 156 236
33 140 239
81 176 241
56 66 184
82 92 223
15 42 161
77 126 157
108 173 215
77 126 229
152 159 216
5 10 17
54 88 219
70 74 107
118 120 136
78 94 215
38 157 242
75 130 246
6 103 205
64 169 230
50 164 200
83 163 190
1 22 131
114 130 148
75 111 135
192 207 228
192 207 244
1 192 244
63 188 201
51 68 72
39 84 90
13 151 244
91 164 200
50 51 164
6 103 144
114 163 190
50 52 72
147 171 225
59 141 147
143 221 225
37 193 226
48 53 187
48 166 237
3 119 153
3 119 225
25 52 101
150 196 198
37 193 198
101 150 193
37 138 198
150 193 198
52 76 165
150 165 196
55 69 76
55 69 196
24 69 247
8 39 84
42 84 106
69 146 247
134 146 247
24 134 247
24 69 138
8 84 146
24 37 138
37 187 226
48 187 226
21 53 89
24 134 182
161 206 223
106 161 206
82 92 240
29 126 157
53 89 175
21 89 206
110 141 147
21 53 187
27 149 210
48 53 104
59 104 141
53 61 175
104 110 141
48 104 166
110 143 147
59 61 113
23 147 249
23 162 249
112 162 249
9 18 231
14 162 195
14 116 211
96 115 145
36 71 86
23 86 162
85 86 210
41 231 245
18 26 62
41 211 231
18 231 245
9 31 122
31 171 225
31 171 195
31 87 122
62 80 181
43 181 202
43 142 181
128 142 199
142 199 248
95 202 235
35 95 202
109 133 170
115 167 170
62 109 133
123 145 236
115 170 245
41 115 245
18 62 133
133 170 245
167 170 248
115 145 167
41 44 178
45 156 197
123 145 167
167 232 248
123 156 232
28 156 234
156 232 234
95 234 235
5 10 213
186 213 233
28 186 233
45 156 233
156 197 236
10 213 219
213 219 233
4 197 236
45 54 197
174 209 240
4 54 88
60 191 243
82 191 240
174 240 243
4 20 88
4 20 174
92 98 124
0 92 98
71 86 116
0 36 98
0 12 178
0 12 92
34 240 243
92 209 240
60 191 239
34 191 240
32 184 203
20 174 212
33 56 238
126 152 229
29 126 238
73 77 229
152 214 216
97 176 241
10 40 105
66 81 159
20 32 88
32 88 203
40 97 176
66 176 184
2 97 241
88 105 203
40 105 176
5 79 179
17 97 222
132 158 217
97 172 222
127 172 222
2 97 172
2 159 241
79 137 154
118 132 158
7 217 227
127 177 222
154 222 227
7 154 227
79 117 179
5 179 235
7 137 154
58 70 160
70 117 160
160 179 235
70 74 117
117 160 179
7 217 224
58 70 107
118 132 185
49 118 185
132 185 224
132 217 224
118 136 158
73 136 214
49 118 120
19 130 173
108 120 136
49 120 230
73 108 136
94 173 215
64 173 230
19 94 173
19 78 94
46 108 215
46 78 215
121 135 155
75 78 130
46 78 121
75 111 168
75 78 135
75 168 246
111 135 155
111 125 228
111 168 228
125 207 228
78 121 135
111 125 155
121 125 155
38 46 242
46 77 242
77 157 242
47 90 218
15 82 191
42 106 161
15 191 239
15 140 239
42 47 218
84 106 182
39 90 93
102 157 218
29 157 218
63 183 201
102 183 218
93 180 188
13 57 100
13 57 151
39 93 180
8 30 39
11 39 180
91 164 208
11 30 208
11 30 39
68 164 208
51 68 164
50 51 72
50 114 163
6 144 189
50 163 200
57 91 100
6 83 189
67 144 189
1 103 205
13 103 144
1 192 246
1 13 103
1 22 246
131 148 205
148 194 205
83 190 194
192 228 246
168 228 246
153 221 237
166 221 237
177 217 222
152 214 229
5 213 235
174 212 243
58 64 169
57 91 208
33 56 212
56 159 238
56 184 212
53 61 104
74 107 137
10 17 97
52 150 165
52 101 150
105 184 203
112 171 195
7 99 137
139 158 214
61 175 204
62 142 181
46 121 125
91 163 200
4 44 236
42 84 90
12 178 209
57 151 208
64 114 173
31 181 202
30 69 76
15 29 42
30 68 208
56 66 159
30 52 72
41 96 115
29 33 140
104 166 221
23 27 147
16 27 147
27 61 149
26 87 181
95 232 248
25 129 153
25 119 153
23 27 86
61 149 204
114 130 173
25 193 237
114 190 194
36 71 178
9 87 122
25 101 193
10 88 105
29 42 218
14 86 162
44 96 236
74 79 117
124 149 210
58 65 169
29 33 238
180 188 207
10 88 219
67 91 100
31 87 181
9 195 231
180 207 244
7 99 224
186 213 235
14 86 116
16 59 113
67 100 144
21 24 182
9 26 87
15 82 223
59 61 104
20 184 212
21 24 37
48 193 226
16 27 61
126 152 238
89 124 223
42 47 90
30 69 146
201 207 220
6 194 205
6 83 194
136 158 214
4 44 209
16 61 113
83 163 189
27 86 210
9 31 195
2 159 214
26 80 181
48 193 237
20 32 184
102 183 201
63 90 188
62 109 142
63 90 218
63 183 218
65 99 224
58 65 99
38 46 125
71 178 211
74 79 137
10 40 97
188 201 207
109 142 248
16 59 147
76 165 196
55 76 196
73 77 108
41 44 96
17 79 222
60 212 243
15 161 223
84 134 182
36 86 98
85 86 98
89 175 204
120 173 230
90 93 188
91 163 189
104 110 143
124 149 204
3 153 225
95 128 199
95 232 234
85 98 210
98 124 210
13 100 144
102 201 220
104 143 221
114 148 194
105 176 184
92 124 223
8 30 146
99 107 137
186 234 235
30 52 76
4 174 209
38 125 157
109 170 248
112 162 195
67 91 189
89 124 204
46 77 108
127 158 172
108 120 173
0 36 178
58 99 107
65 169 230
125 157 220
139 158 172
73 214 229
130 131 148
35 95 128
151 180 244
22 130 131
125 207 220
60 212 239
152 159 238
30 68 72
79 154 222
153 221 225
127 158 177
71 116 211
159 214 216
158 177 217
112 171 249
33 212 239
217 222 227
139 172 214
2 172 214
44 178 209
151 180 208
11 180 208
21 182 206
106 182 206
65 185 230
49 185 230
28 186 234
147 171 249
84 134 146
