149 204 210
142 170 248
15 29 140
112 147 249
43 128 142
79 117 137
81 159 241
34 191 243
168 192 246
108 120 230
69 138 196
65 185 224
8 30 76
1 13 244
11 151 180
1 131 205
129 153 237
180 201 207
138 196 198
55 76 165
101 150 165
25 129 237
22 130 246
102 157 220
89 206 223
66 81 176
89 124 175
89 92 124
18 133 245
21 37 187
143 147 225
31 195 231
112 147 171
109 142 170
14 195 231
12 92 209
9 18 26
5 17 79
41 178 211
123 156 236
33 140 239
56 66 184
82 92 223
4 96 236
77 126 157
168 192 228
108 173 215
77 126 229
38 121 125
2 139 214
152 159 216
70 74 107
118 120 136
74 99 107
38 157 242
6 103 205
50 164 200
1 22 131
192 207 228
192 207 244
1 192 244
63 188 201
51 68 72
11 151 208
13 151 244
91 151 208
83 163 200
91 164 200
63 90 183
50 51 164
22 130 148
6 103 144
114 163 190
50 52 72
58 64 65
147 171 225
3 153 221
3 221 225
25 101 237
143 221 225
37 193 226
143 166 221
149 175 204
48 166 237
3 119 153
3 119 225
101 193 237
25 52 101
150 196 198
37 193 198
52 101 165
101 150 193
37 138 198
150 193 198
52 76 165
150 165 196
55 165 196
55 69 196
42 84 106
69 146 247
134 146 247
24 134 247
8 84 146
24 37 138
37 187 226
48 187 226
89 92 223
16 23 27
21 53 89
24 134 182
161 206 223
134 146 182
106 161 206
21 106 206
82 92 240
53 89 175
21 89 206
124 175 204
14 116 162
124 204 210
86 116 162
110 141 147
21 53 187
16 23 147
27 149 210
59 104 141
104 110 166
104 110 141
48 104 166
110 143 147
110 143 166
59 61 113
23 147 249
23 162 249
112 162 249
9 18 231
14 162 195
14 116 211
96 115 145
36 71 86
23 86 162
85 86 210
41 231 245
18 231 245
41 44 115
31 171 225
31 171 195
31 87 122
62 80 181
26 80 87
80 87 181
43 181 202
62 109 181
43 142 181
128 142 199
109 142 181
142 199 248
95 202 235
35 95 202
109 133 170
115 167 170
62 109 133
115 170 245
41 115 245
18 62 133
133 170 245
167 170 248
115 145 167
41 44 178
45 156 197
167 232 248
123 156 232
28 156 234
156 232 234
95 234 235
186 213 233
28 186 233
156 197 236
10 213 219
4 197 236
45 54 197
174 209 240
60 191 243
174 240 243
4 20 174
4 44 96
44 96 115
92 98 124
71 86 116
0 12 178
0 12 92
34 240 243
92 209 240
60 191 239
20 174 212
33 56 238
126 152 229
136 139 214
73 77 229
73 152 214
2 214 216
2 139 172
152 214 216
73 152 229
10 40 105
20 32 88
32 88 203
20 32 212
40 97 176
66 176 184
2 97 241
10 17 40
10 105 219
88 105 203
40 105 176
17 40 97
5 186 235
5 186 213
5 79 179
17 97 222
132 158 217
127 139 158
127 139 172
2 97 172
79 137 154
118 132 158
7 217 227
127 177 222
74 117 137
154 222 227
7 154 227
5 179 235
7 137 154
7 137 224
58 70 160
70 117 160
160 179 235
70 74 117
58 70 107
58 65 224
136 139 158
132 185 224
118 136 158
73 136 214
19 130 173
108 120 136
73 108 136
94 173 215
64 65 169
19 94 173
19 78 94
46 108 215
121 135 155
46 78 121
75 111 168
75 78 135
111 125 228
111 168 228
78 121 135
111 125 155
121 125 155
46 77 242
77 157 242
47 90 218
15 82 191
15 191 239
15 140 239
42 47 218
84 146 182
39 90 93
102 157 218
29 157 218
63 183 201
93 180 188
180 188 201
13 57 100
151 207 244
13 57 151
151 180 207
39 93 180
11 39 180
91 164 208
11 30 208
50 51 72
50 114 163
6 144 189
50 163 200
83 91 189
57 91 151
83 91 200
57 91 100
91 100 189
67 100 189
67 144 189
1 103 205
13 103 144
1 192 246
1 13 103
1 22 246
22 131 148
131 148 205
83 194 205
148 194 205
153 221 237
166 221 237
207 220 228
177 217 222
159 216 241
174 212 243
53 149 175
19 75 130
2 216 241
33 56 212
56 184 212
54 213 219
53 61 104
54 88 105
53 61 149
81 159 238
105 184 203
51 164 208
51 68 208
112 171 195
56 66 81
28 45 156
46 78 94
46 94 215
49 118 132
42 84 90
12 178 209
36 92 98
34 82 240
64 114 173
34 82 191
31 181 202
15 29 42
30 68 208
45 213 233
30 52 72
29 33 140
18 62 80
15 42 106
27 61 149
25 129 153
25 119 153
23 27 86
114 130 173
114 190 194
36 71 178
9 87 122
55 69 146
29 157 238
163 190 194
29 42 218
19 75 78
8 11 39
14 41 211
8 55 146
8 55 76
58 99 224
29 33 238
8 11 30
18 26 80
31 87 181
95 199 234
14 41 231
16 59 113
67 100 144
21 84 182
21 24 182
9 26 87
15 82 223
59 61 104
10 17 213
45 54 213
130 148 194
21 24 37
48 193 226
16 27 61
126 152 238
42 47 90
16 59 141
21 84 106
201 207 220
16 141 147
4 44 209
15 106 161
16 61 113
27 86 210
20 54 88
199 232 248
5 17 213
90 102 183
56 81 238
54 105 219
8 84 90
75 130 168
48 193 237
4 20 197
28 45 233
83 189 205
7 132 217
102 183 201
63 90 188
75 135 155
71 178 211
0 36 92
35 128 202
74 137 224
75 111 155
73 77 108
97 127 172
79 160 179
69 138 247
79 117 160
17 79 222
83 163 194
81 97 176
81 97 241
60 212 243
15 161 223
49 118 230
123 145 232
36 86 98
85 86 98
8 39 90
199 232 234
74 99 224
90 102 218
90 93 188
95 128 199
20 54 197
97 127 222
85 98 210
98 124 210
53 104 187
13 100 144
102 201 220
108 169 173
48 104 187
49 132 185
105 176 184
186 234 235
30 52 76
4 174 209
108 169 230
38 125 157
96 123 145
112 162 195
46 77 108
118 120 230
0 36 178
38 121 242
46 121 242
9 122 231
31 122 231
58 99 107
65 169 230
125 157 220
43 128 202
35 95 128
130 168 246
60 212 239
145 167 232
152 159 238
30 68 72
79 154 222
126 157 238
127 158 177
7 132 224
71 116 211
24 138 247
64 169 173
158 177 217
33 212 239
217 222 227
44 178 209
65 185 230
96 123 236
49 185 230
125 220 228
28 186 234
6 189 205
114 130 194
32 203 212
184 203 212
