149 204 210
15 29 140
126 159 238
26 62 80
28 156 233
43 128 142
81 159 241
34 191 243
127 177 217
108 120 230
65 185 224
8 30 76
1 13 244
11 151 180
129 153 237
180 201 207
55 76 165
8 76 146
25 129 237
102 157 220
89 206 223
66 81 176
89 92 124
18 133 245
21 37 187
143 147 225
162 171 195
12 92 209
9 26 122
0 36 71
9 18 26
123 167 232
232 234 248
95 199 248
5 17 79
45 54 219
41 178 211
123 156 236
56 66 184
82 92 223
4 96 236
108 173 215
77 126 229
46 73 77
2 139 214
152 159 216
54 88 219
17 79 154
70 74 107
17 154 222
118 120 136
108 173 230
38 157 242
50 164 200
83 163 190
1 22 131
114 130 148
192 207 228
192 207 244
1 192 244
63 188 201
51 68 72
11 151 208
13 151 244
91 164 200
63 90 183
50 51 164
6 103 144
114 163 190
50 52 72
58 64 65
147 171 225
153 166 237
59 141 147
3 153 221
153 166 221
37 193 226
149 175 204
48 166 237
25 119 129
3 119 225
25 52 101
101 150 193
52 76 165
150 165 196
30 72 76
55 165 196
55 69 196
42 84 106
69 146 247
134 146 247
24 134 247
8 84 146
24 37 138
37 187 226
48 187 226
24 37 182
89 92 223
16 23 27
21 53 89
24 134 182
21 37 182
21 106 206
82 92 240
53 89 175
21 89 206
85 98 124
85 124 210
124 204 210
110 141 147
21 53 187
16 23 147
27 149 210
16 113 147
61 149 175
59 104 141
53 61 175
104 110 141
48 104 166
110 143 147
59 61 113
59 113 147
23 147 249
23 27 210
23 162 249
112 162 249
112 162 171
23 86 210
14 162 195
14 116 211
96 115 145
36 71 86
23 86 162
85 86 210
41 231 245
18 26 62
41 211 231
44 174 209
9 31 122
31 171 225
31 171 195
26 87 122
87 181 202
31 87 122
62 80 181
31 87 202
43 181 202
43 142 181
95 202 235
35 95 202
109 133 170
115 167 170
62 109 133
115 170 245
41 115 245
18 62 133
133 170 245
167 170 248
115 145 167
41 44 178
45 156 197
123 145 167
167 232 248
95 234 235
95 234 248
186 213 233
28 186 233
45 156 233
156 197 236
10 213 219
4 197 236
45 54 197
174 209 240
60 191 243
82 191 240
33 184 212
174 240 243
4 20 174
4 44 174
4 44 96
92 98 124
0 92 98
71 86 116
0 71 178
0 36 98
0 12 178
0 12 92
34 240 243
92 209 240
60 191 239
34 191 240
32 184 203
33 60 212
126 152 229
73 77 229
2 139 172
73 152 229
10 40 105
126 152 159
20 32 88
32 88 203
40 97 176
66 176 184
2 97 241
88 105 203
40 105 176
17 97 222
132 158 217
97 172 222
127 139 158
127 139 172
127 172 222
2 97 172
2 159 241
118 132 158
127 158 217
127 177 222
74 117 137
154 222 227
79 117 179
58 70 160
70 117 160
160 179 235
70 74 117
117 160 179
58 70 107
118 132 185
49 118 185
46 73 108
132 185 224
118 136 158
73 136 214
177 222 227
108 120 136
73 108 136
94 173 215
64 65 169
64 114 130
19 94 173
46 108 215
121 135 155
75 78 130
75 78 135
75 168 246
111 135 155
111 125 228
111 168 228
125 207 228
78 121 135
111 125 155
38 46 121
38 46 242
38 157 220
46 77 242
77 157 242
47 90 218
102 183 220
38 125 220
33 60 239
15 82 191
15 191 239
15 140 239
42 47 218
39 90 93
90 183 218
42 47 84
102 157 218
29 157 218
63 183 201
183 201 220
102 183 218
93 180 188
180 188 201
151 207 244
13 57 151
151 180 207
47 84 90
8 30 39
91 164 208
11 30 208
11 30 39
52 72 76
50 51 72
50 114 163
50 163 200
57 91 100
6 83 189
91 100 189
67 100 189
13 67 144
13 103 144
1 192 246
1 13 103
1 22 246
131 148 205
148 190 194
148 194 205
114 148 190
83 190 194
33 238 239
140 238 239
192 228 246
168 228 246
5 213 235
57 91 208
111 135 168
53 61 104
74 107 137
10 17 97
52 150 165
52 101 150
81 159 238
105 184 203
51 164 208
51 68 208
7 99 137
56 66 81
139 158 214
62 142 181
57 67 100
29 77 126
45 213 219
12 178 209
38 125 155
57 151 208
15 29 42
79 117 154
30 68 208
45 213 233
13 57 67
41 96 115
6 131 205
29 77 157
104 166 221
15 42 106
26 87 181
28 232 234
25 193 237
25 101 193
10 88 105
55 69 146
29 42 218
75 135 168
55 76 146
14 86 162
3 119 129
10 88 219
11 39 93
20 174 243
20 60 243
9 195 231
7 99 224
6 67 189
91 189 200
73 152 216
186 213 235
3 129 153
9 231 245
14 86 116
21 84 182
28 123 156
3 143 221
9 18 245
3 143 225
15 82 223
19 94 130
7 177 217
6 103 131
59 61 104
20 184 212
10 17 213
6 67 144
48 193 226
21 84 106
201 207 220
6 194 205
20 88 197
6 83 194
11 93 180
136 158 214
56 184 238
15 106 161
7 177 227
16 61 113
83 163 189
9 31 195
16 27 149
2 159 214
19 64 130
26 80 181
5 17 213
56 81 238
28 123 232
19 64 173
8 84 90
48 193 237
4 20 197
20 32 184
7 132 217
22 75 246
63 90 188
22 75 130
193 196 198
62 109 142
65 99 224
58 65 99
69 196 198
78 94 121
69 138 198
71 178 211
73 214 216
10 40 97
35 128 202
150 193 196
109 142 248
41 44 96
69 138 247
5 79 235
79 179 235
81 97 176
81 97 241
15 161 223
84 134 182
49 118 230
36 86 98
85 86 98
8 39 90
54 88 197
37 138 193
46 121 215
89 175 204
90 93 188
94 121 215
104 110 143
78 94 130
95 128 199
29 126 140
53 104 187
1 103 131
48 104 187
104 143 221
105 176 184
106 206 223
106 161 223
99 107 137
186 234 235
109 170 248
96 123 145
14 195 211
89 124 204
117 137 154
128 142 248
118 120 230
58 99 107
65 169 230
126 140 238
43 128 202
130 131 148
35 95 128
7 137 227
22 130 131
125 207 220
137 154 227
33 184 238
138 193 198
20 60 212
30 68 72
7 132 224
71 116 211
159 214 216
163 189 200
24 138 247
64 169 173
169 173 230
112 171 249
38 121 155
44 178 209
16 61 149
128 199 248
65 185 230
96 123 236
49 185 230
28 186 234
147 171 249
84 134 146
195 211 231
