203 227 264
84 87 289
13 188 196
66 114 256
12 54 132
103 162 164
4 131 223
135 197 220
64 132 204
0 9 77
0 50 90
0 50 77
81 167 172
92 186 205
7 261 276
62 200 257
62 124 257
63 157 212
199 236 279
93 151 264
23 195 223
11 227 260
150 168 265
33 222 246
6 33 277
26 86 294
113 127 242
81 145 172
147 172 191
109 160 175
113 124 127
95 253 255
86 168 200
76 88 268
86 168 179
8 249 253
18 182 241
123 150 163
35 92 165
89 218 254
76 102 268
19 34 78
201 251 254
66 114 129
18 142 187
91 193 280
60 96 211
143 184 273
134 162 164
16 232 238
67 194 270
16 53 57
51 161 278
121 171 229
80 171 229
40 85 101
21 40 101
40 172 271
49 132 204
121 171 194
14 67 226
23 154 225
103 194 235
70 103 164
103 162 194
223 274 285
5 46 267
195 223 285
48 70 164
1 49 295
48 70 223
4 107 131
4 107 143
68 96 155
96 97 296
96 155 296
137 217 273
184 190 273
137 190 273
36 59 203
31 39 176
203 227 260
36 203 260
6 33 222
38 151 227
151 227 264
38 112 208
93 151 199
85 197 271
85 101 292
32 64 204
32 204 208
85 112 197
9 33 246
197 220 271
40 85 271
145 172 271
8 90 263
10 133 281
8 95 133
69 123 210
10 156 281
8 95 253
79 120 139
15 145 271
15 47 271
10 156 242
10 52 133
28 50 281
42 81 167
42 167 191
124 147 257
167 172 191
42 113 191
147 172 257
79 168 200
10 52 242
56 69 116
116 141 249
39 122 137
69 123 163
79 168 265
86 200 257
26 86 179
169 228 268
86 257 294
26 76 102
99 178 205
35 76 214
108 163 177
92 205 250
35 92 186
18 165 182
18 165 177
6 11 141
24 108 177
36 39 59
36 174 260
31 36 174
31 176 299
31 36 39
39 137 217
122 137 142
176 187 299
18 142 241
122 142 187
182 193 241
58 207 282
29 129 153
82 206 216
149 207 248
58 207 248
99 205 250
99 213 282
58 248 282
99 248 282
115 193 213
181 228 268
102 181 268
160 181 228
109 257 293
44 138 251
149 248 275
149 224 275
89 251 254
111 248 275
224 254 275
89 183 218
89 117 183
89 117 198
34 117 183
34 78 293
75 180 234
66 247 256
30 247 256
114 129 153
22 152 166
152 215 243
17 157 212
22 27 152
22 27 166
152 243 298
27 71 166
152 166 215
29 100 153
17 114 153
72 98 106
17 72 157
98 126 233
73 98 233
63 73 98
71 166 215
17 71 212
63 73 212
41 161 192
27 130 252
2 61 297
161 192 278
119 136 297
119 136 278
37 83 84
13 55 65
128 144 269
20 37 83
125 237 245
37 128 144
45 91 94
25 185 287
185 276 287
25 185 286
7 185 276
97 173 296
46 202 232
53 57 97
173 184 296
7 173 239
202 232 238
16 53 259
146 237 245
20 146 237
20 125 237
55 238 288
202 238 288
3 202 288
46 104 202
14 67 270
171 194 270
140 230 270
5 14 267
3 104 202
104 188 244
188 230 244
230 244 267
140 188 230
140 188 196
13 65 188
189 196 219
136 170 240
13 55 283
55 238 272
37 84 144
140 196 219
136 192 278
159 170 196
170 189 196
136 240 291
189 219 291
140 219 270
55 272 283
272 283 289
144 269 289
243 256 298
249 263 277
9 246 271
238 259 269
99 213 250
207 213 282
115 207 213
206 207 216
194 226 235
186 205 268
88 186 268
185 239 241
7 185 239
173 184 239
182 193 213
182 213 284
178 205 268
30 218 221
109 175 257
102 175 181
160 175 181
53 173 259
170 240 291
1 164 279
164 236 279
121 162 229
59 158 203
155 184 296
143 155 184
154 226 235
154 225 226
8 249 263
165 182 284
150 168 179
68 148 155
146 259 261
84 144 289
221 224 254
195 211 274
141 249 277
6 141 277
137 190 241
48 164 236
137 142 241
136 159 170
131 199 236
130 234 298
128 259 269
125 245 261
124 147 191
62 124 139
130 192 252
121 162 194
120 127 242
110 120 210
120 124 127
116 249 253
108 116 163
69 116 163
115 193 206
114 215 243
114 243 256
112 197 222
111 201 254
111 201 251
158 203 209
111 138 251
111 138 169
111 169 178
52 110 255
56 110 255
110 120 242
52 110 242
107 158 273
107 143 273
105 183 218
103 154 235
70 103 154
218 221 254
99 111 248
63 98 157
17 71 114
150 210 265
96 211 274
39 122 176
41 161 233
9 33 277
38 151 199
74 93 131
12 132 266
74 158 209
38 199 204
35 150 214
35 163 177
16 57 258
39 59 273
20 125 233
11 38 222
44 89 198
53 97 173
197 222 246
12 162 266
122 176 187
24 31 141
73 212 262
45 91 280
4 143 155
32 112 208
75 105 298
31 174 260
30 129 221
14 230 267
125 126 233
30 105 256
99 111 178
20 128 146
120 210 265
92 165 284
29 149 224
29 129 221
269 272 289
29 149 207
29 207 216
60 195 211
21 43 64
27 152 298
61 136 159
25 231 287
25 45 231
134 162 295
24 290 299
24 108 116
27 130 298
24 31 299
23 118 225
23 70 154
46 244 267
79 120 265
21 64 292
20 51 278
18 24 177
71 212 262
14 230 270
81 156 281
45 82 206
20 119 278
1 199 279
19 44 198
0 9 90
146 245 261
29 82 216
26 179 214
35 150 163
7 259 261
111 254 275
13 159 196
135 220 246
31 141 260
47 77 145
44 89 251
23 60 118
261 276 287
125 231 261
56 69 110
238 269 272
26 76 214
60 96 118
38 112 222
5 14 225
75 234 298
54 162 295
23 70 223
48 223 236
29 221 224
41 73 233
61 87 289
3 65 188
7 173 259
4 148 155
19 44 78
16 232 258
105 256 298
28 81 145
61 159 283
29 82 100
9 47 77
128 146 259
76 88 186
20 51 161
8 90 281
9 263 277
1 49 199
113 124 191
52 95 133
3 104 188
3 55 288
26 175 294
43 132 266
175 257 294
120 124 139
74 107 158
135 197 246
220 246 271
27 71 252
26 102 175
3 55 65
20 83 119
44 78 293
8 133 281
19 34 198
17 100 106
11 141 260
169 178 268
21 43 266
4 223 274
30 66 247
32 85 112
74 107 131
5 46 225
11 38 227
18 24 290
20 161 233
24 116 141
18 290 299
42 156 242
131 223 236
34 117 198
213 250 284
30 66 129
72 98 157
21 80 229
13 159 283
28 81 281
25 45 286
18 187 299
34 75 180
17 100 153
17 72 106
38 204 208
15 47 145
45 82 100
41 73 252
14 225 226
39 217 273
28 50 77
44 138 169
71 252 262
42 81 156
42 113 242
43 64 132
170 189 291
96 118 258
54 132 295
56 116 253
44 169 228
1 164 295
45 98 126
44 160 228
45 98 106
45 100 106
45 125 126
45 125 231
231 261 287
34 75 183
41 192 252
35 76 186
46 104 244
83 84 119
49 199 204
92 250 284
57 96 97
2 84 297
68 96 274
52 95 255
12 54 162
4 148 274
115 206 207
6 11 222
49 132 295
56 253 255
162 229 266
45 206 280
57 96 258
68 148 274
16 238 259
190 239 241
20 37 128
21 101 292
185 241 286
123 150 210
134 164 295
193 206 280
61 84 87
2 61 84
61 136 297
28 77 145
61 283 289
62 79 139
46 232 258
21 229 266
64 85 292
32 64 85
46 118 258
67 194 226
9 90 263
150 179 214
184 190 239
69 110 210
203 209 264
130 192 234
71 114 215
91 193 241
74 93 264
74 209 264
75 105 183
94 241 286
9 47 271
46 118 225
62 79 200
30 105 218
45 94 286
195 274 285
84 119 297
35 165 177
73 252 262
59 158 273
23 60 195
50 90 281
44 109 160
91 94 241
93 131 199
44 109 293
