84 87 289
13 188 196
66 114 256
12 54 132
9 135 246
103 162 164
4 131 223
131 158 209
0 50 90
81 167 172
92 186 205
7 261 276
62 124 257
102 160 181
115 207 282
55 283 289
12 162 194
74 131 209
148 223 274
4 148 223
107 131 158
91 94 193
11 227 260
33 222 246
6 33 277
81 145 156
28 145 281
141 290 299
113 127 242
81 145 172
147 172 191
113 124 127
76 88 268
62 127 139
62 139 200
8 249 253
18 182 241
35 163 214
123 150 163
99 250 284
35 163 165
99 213 284
35 92 165
76 179 214
76 102 268
114 215 256
19 34 78
201 251 254
192 234 298
82 100 106
66 114 129
63 72 157
63 72 98
71 73 212
159 196 283
18 142 187
91 193 280
60 96 211
7 239 286
3 65 104
134 162 164
84 272 289
121 171 229
80 171 229
38 112 197
40 85 101
40 172 271
43 64 292
1 134 295
1 134 164
121 171 194
14 67 226
23 154 225
12 134 162
67 194 235
223 274 285
67 226 235
23 60 211
5 46 267
23 195 211
195 223 285
195 211 285
48 131 223
48 131 236
1 49 295
48 70 223
4 107 131
74 93 209
4 107 143
4 143 148
68 96 155
96 155 296
137 217 273
36 59 203
59 158 264
59 107 158
31 39 176
6 11 227
158 209 264
38 151 227
151 227 264
93 151 199
1 49 279
85 101 292
32 204 208
47 50 77
9 33 246
38 197 222
38 222 227
40 85 271
145 172 271
10 133 281
8 95 133
69 123 210
52 127 242
15 145 271
10 156 242
10 52 133
28 50 281
42 81 167
124 147 257
113 156 242
42 113 191
147 172 257
62 124 127
10 52 242
79 110 120
52 110 127
110 120 127
52 56 110
31 141 299
116 141 249
39 122 137
69 123 163
123 210 265
123 150 265
168 179 214
150 163 214
26 86 179
169 228 268
35 88 186
108 163 177
92 205 250
35 92 186
182 250 284
18 165 177
163 165 177
24 108 141
6 11 141
24 141 290
108 116 141
24 108 177
36 174 260
31 36 174
31 176 299
39 59 217
39 137 217
122 137 142
94 193 241
18 142 241
122 142 187
182 193 284
7 185 286
182 193 241
142 190 239
115 206 280
58 207 282
29 129 153
29 149 216
115 193 280
58 207 248
99 205 250
99 213 282
193 213 284
181 228 268
138 169 178
29 129 149
99 178 248
109 160 293
102 181 268
44 160 198
109 257 293
149 221 224
44 138 251
149 224 275
89 251 254
111 201 275
201 254 275
111 248 275
30 221 247
224 254 275
66 221 247
30 218 256
183 218 256
34 117 183
19 78 293
19 34 117
34 105 180
105 243 256
34 78 293
75 105 180
130 192 298
66 247 256
30 247 256
114 129 153
22 152 166
152 215 243
22 27 152
22 27 166
27 71 166
152 166 215
215 243 256
17 72 157
98 126 233
71 73 262
63 73 212
27 71 262
27 252 262
161 192 278
119 136 297
119 136 278
37 83 84
83 119 278
13 55 65
144 269 272
125 237 245
125 126 231
45 91 94
94 239 241
25 185 287
142 239 241
25 185 286
94 239 286
7 185 276
97 173 296
46 202 232
7 97 173
7 173 239
16 53 259
245 259 261
20 146 237
3 202 288
118 232 258
60 118 258
57 97 258
60 96 258
46 118 232
46 104 202
14 67 270
140 230 270
5 14 267
3 104 202
104 188 244
230 244 267
140 188 196
55 272 289
13 196 283
13 55 283
136 192 278
136 170 297
189 240 291
136 240 291
189 219 291
140 219 270
97 258 296
249 263 277
245 261 276
232 238 258
237 245 259
55 272 288
218 221 224
206 216 280
150 214 265
149 207 275
20 233 237
54 204 295
89 198 218
183 198 218
12 194 229
115 193 282
185 231 287
173 184 239
180 234 298
180 243 298
88 178 268
30 218 221
109 175 257
1 164 279
164 236 279
162 194 235
103 162 235
143 155 184
155 173 184
154 226 235
154 225 226
27 152 252
130 152 252
93 151 209
151 209 264
148 274 285
238 272 288
68 148 155
128 144 146
142 184 190
141 249 277
6 141 277
140 189 219
140 189 196
48 164 236
136 170 189
9 135 271
124 147 191
128 144 272
155 173 296
130 192 252
232 238 288
193 213 282
19 117 160
116 249 253
108 116 163
69 116 163
114 166 215
112 199 208
112 151 199
111 201 251
111 138 251
111 138 178
111 178 248
110 210 265
110 168 265
107 217 273
59 107 217
107 184 273
82 106 280
125 231 276
103 154 235
70 103 154
26 102 179
102 109 175
99 186 205
12 132 229
117 160 198
17 71 114
39 122 176
41 161 233
9 33 277
144 146 269
74 93 131
16 53 258
20 37 51
36 203 227
159 283 289
117 183 198
44 89 198
197 222 246
107 143 184
122 176 187
32 85 197
32 132 204
32 112 208
31 174 260
14 230 267
125 126 233
20 128 146
91 106 280
121 194 229
79 110 168
12 54 295
146 237 259
29 72 100
29 72 153
34 183 256
45 91 106
149 206 207
199 204 208
168 214 265
34 105 256
85 135 220
26 86 257
25 231 287
25 126 231
23 118 225
23 70 154
46 244 267
26 257 294
14 118 225
18 24 177
14 230 270
19 160 293
0 9 90
33 222 227
29 82 216
18 176 299
25 45 126
18 182 250
7 259 261
149 206 216
31 141 260
42 113 156
44 89 251
23 60 118
59 203 227
49 204 295
92 165 250
56 69 110
238 269 272
18 176 187
18 165 250
143 148 155
5 14 118
82 216 280
32 112 197
10 145 281
207 248 275
41 73 233
31 36 59
61 87 289
47 50 145
132 229 266
89 224 254
32 64 132
29 82 100
75 180 243
9 47 77
96 211 285
79 120 127
0 9 50
9 15 47
7 53 57
58 99 282
8 90 281
9 263 277
56 69 255
59 227 264
113 124 191
8 90 249
8 95 255
52 95 133
2 84 119
161 252 262
3 55 288
36 227 260
72 100 106
130 243 298
26 175 294
10 145 156
23 70 195
43 132 266
88 99 186
175 257 294
135 197 246
51 83 161
159 189 196
38 112 151
96 258 296
26 102 175
16 146 238
3 55 65
146 238 269
79 127 139
9 15 271
51 161 233
7 53 259
125 233 237
8 133 281
11 141 260
169 178 268
9 50 77
31 39 59
2 170 297
135 220 271
63 73 233
102 109 160
18 24 290
12 134 295
18 290 299
6 33 227
13 104 188
13 65 104
8 253 255
21 80 229
130 152 243
140 230 244
16 146 259
25 45 286
15 47 145
53 57 258
16 238 258
14 225 226
40 43 292
84 128 272
63 98 233
40 43 266
21 40 266
44 138 169
40 101 292
42 81 156
42 172 191
43 64 132
68 148 285
44 169 228
79 86 179
44 181 228
44 160 181
2 61 170
45 72 106
45 72 126
17 72 114
48 103 164
46 104 244
83 84 119
48 70 103
66 129 149
41 161 262
49 199 204
49 199 279
20 51 233
52 56 255
52 95 255
5 46 118
115 206 207
54 132 204
185 231 276
58 99 248
7 57 97
41 73 262
72 98 126
76 102 179
20 37 128
68 96 285
67 171 270
35 88 214
61 84 87
2 61 84
61 170 189
61 159 189
28 50 145
61 159 289
62 86 257
62 86 200
70 195 223
66 149 221
21 229 266
63 71 157
63 71 212
64 85 292
32 64 85
161 192 252
137 184 273
42 167 172
9 90 263
184 190 239
69 110 210
69 116 253
69 253 255
67 171 194
17 71 157
72 114 153
137 142 184
2 119 297
136 189 240
202 232 288
75 105 243
71 114 166
79 168 179
140 188 244
86 139 200
45 94 286
83 161 278
37 84 128
125 245 276
85 135 197
85 220 271
79 86 139
88 99 178
76 88 214
89 218 224
90 249 263
50 90 281
37 51 83
93 131 236
93 236 279
93 199 279
