84 87 289
12 54 132
103 162 164
4 131 223
151 204 208
135 197 220
64 132 204
0 9 77
62 124 257
82 100 216
63 157 212
20 37 146
199 236 279
12 162 194
1 48 164
148 223 274
4 148 223
69 108 163
91 94 193
11 227 260
69 108 116
6 33 277
15 28 145
81 145 156
8 90 133
28 145 281
141 290 299
26 86 294
79 139 200
113 127 242
86 168 200
76 88 268
62 139 200
86 168 179
56 110 210
6 141 249
35 163 165
19 34 78
192 234 298
63 72 157
63 72 98
25 45 287
45 126 231
91 193 280
60 96 211
134 162 164
67 194 270
51 161 278
38 112 197
40 172 271
43 101 292
43 64 292
49 204 279
12 229 266
1 134 164
121 171 194
23 154 225
12 64 132
70 103 235
70 103 164
70 154 235
223 274 285
68 96 211
23 60 225
5 46 267
48 70 164
48 131 223
48 131 236
48 70 223
4 107 131
199 204 279
48 236 279
74 93 209
74 131 236
4 107 143
68 96 155
11 174 260
39 122 187
36 59 203
59 217 273
59 107 158
31 39 176
158 209 264
38 151 227
151 227 264
93 209 264
151 199 204
1 49 279
1 48 279
32 64 204
32 204 208
38 197 222
15 28 47
145 172 271
8 90 263
9 220 271
33 263 277
8 263 277
6 249 277
0 90 263
8 95 133
69 123 210
79 120 139
15 145 271
15 47 271
10 156 242
10 52 133
42 81 167
124 147 257
113 156 242
113 124 147
109 175 294
147 172 257
120 127 139
10 52 242
52 56 133
79 110 120
56 69 210
52 56 110
31 141 299
56 69 116
39 122 137
168 179 214
26 86 179
102 175 294
169 228 268
86 257 294
26 102 294
99 178 205
108 163 177
35 92 186
39 176 187
18 165 182
163 165 177
6 11 141
24 141 290
24 177 290
24 108 177
31 36 174
31 176 299
39 59 217
39 137 217
122 137 142
176 187 299
94 193 241
182 193 241
45 231 287
58 207 282
29 129 153
29 100 216
100 106 153
99 205 250
181 228 268
138 169 228
102 181 268
109 257 293
109 257 294
44 198 251
149 221 224
44 138 251
149 248 275
149 224 275
111 248 275
224 254 275
89 183 218
89 117 183
19 78 293
19 34 117
105 243 256
34 78 293
105 243 298
130 192 298
22 152 166
152 215 243
17 157 212
22 27 152
152 243 298
152 166 215
29 100 153
66 129 221
17 72 157
72 106 153
98 126 233
71 166 215
17 71 212
73 233 262
63 73 212
41 161 192
27 252 262
51 83 278
41 51 161
119 136 297
119 136 278
83 119 278
13 55 65
144 269 272
128 144 269
125 237 245
37 128 146
37 128 144
125 126 231
53 259 261
25 94 286
97 173 296
46 202 232
7 97 173
16 53 259
146 237 245
20 146 237
46 104 267
3 65 288
55 65 288
57 232 258
57 97 258
46 104 202
14 67 270
171 194 270
140 230 270
3 104 202
104 188 244
104 244 267
188 230 244
140 188 230
87 159 283
83 119 297
13 65 188
136 170 240
13 196 283
13 55 283
87 283 289
61 87 159
2 61 87
61 159 170
136 170 297
170 189 196
136 240 291
140 219 270
185 286 287
55 272 283
272 283 289
85 271 292
97 258 296
249 253 277
99 250 282
215 243 247
238 259 272
55 272 288
30 218 247
29 216 221
150 214 265
211 223 285
20 233 237
207 213 282
115 207 213
115 206 213
79 200 265
93 199 264
12 194 229
194 226 235
169 186 268
88 186 268
186 205 250
213 282 284
185 239 286
185 231 287
137 184 217
182 193 213
182 213 284
75 180 298
180 234 298
36 174 203
170 189 219
169 186 205
169 178 205
35 186 214
162 194 235
103 162 235
59 158 203
158 203 264
113 156 191
96 155 258
155 173 184
154 226 235
154 225 226
7 239 276
227 260 264
238 272 288
146 259 261
145 167 172
221 224 254
18 142 182
140 189 219
140 189 196
203 260 264
137 190 241
137 142 241
132 204 295
18 165 290
128 259 269
125 245 261
62 124 139
159 170 283
155 173 296
130 192 252
120 127 242
117 198 293
117 198 251
89 117 251
56 116 255
116 249 253
66 114 247
113 172 191
113 127 139
113 124 139
111 201 254
111 201 251
111 138 251
111 178 248
111 138 169
111 169 178
174 203 260
110 210 265
79 110 265
110 120 242
52 110 242
8 253 277
109 160 181
59 107 273
107 184 273
105 183 218
34 105 117
105 117 183
31 141 174
102 109 181
102 109 175
230 244 270
40 101 271
81 145 167
7 97 276
17 71 114
150 210 265
20 37 51
92 186 250
101 271 292
35 150 214
107 158 209
82 91 100
113 147 172
11 38 222
197 222 246
107 143 184
73 212 262
32 85 197
185 231 261
32 112 208
239 241 286
75 105 298
193 206 213
125 126 233
121 194 229
29 129 221
12 54 295
14 67 118
41 252 262
91 206 216
60 195 211
45 91 106
149 206 207
37 84 289
27 152 298
27 212 262
168 214 265
5 244 267
134 162 295
24 108 116
10 50 90
13 140 188
151 199 264
35 165 182
74 199 236
37 144 272
146 245 261
80 121 171
26 179 214
35 150 163
6 222 246
149 206 216
111 254 275
5 14 270
33 220 246
135 220 246
1 49 134
125 231 261
49 204 295
105 218 256
26 76 214
60 96 118
13 140 196
37 84 297
5 14 118
28 47 281
68 143 184
32 112 197
136 161 278
10 145 281
4 68 148
26 102 268
31 36 59
3 65 188
69 150 163
137 184 190
250 282 284
168 200 265
2 84 87
0 33 263
95 133 255
69 123 150
3 238 288
9 47 77
6 33 246
89 201 251
5 244 270
60 118 226
10 90 133
82 91 216
128 146 259
16 202 238
0 9 33
58 99 282
37 83 297
91 100 106
34 75 105
4 68 143
30 221 254
27 252 298
67 118 226
50 77 90
35 182 284
8 95 255
18 122 142
3 104 188
9 33 220
165 177 290
10 145 156
7 173 184
135 197 246
25 45 91
12 162 295
38 112 151
22 71 166
10 50 281
7 184 190
195 211 223
7 190 239
22 27 71
30 89 254
125 233 237
74 93 199
68 274 285
218 247 256
31 39 59
2 170 297
30 66 247
138 181 228
74 107 131
0 77 90
112 151 208
11 38 227
63 73 233
24 141 249
219 240 291
12 43 266
18 290 299
16 202 232
130 252 298
12 43 64
259 269 272
8 253 255
21 80 229
114 215 247
3 202 238
35 92 284
18 187 299
34 75 180
116 253 255
66 129 153
44 198 293
40 43 101
19 117 293
30 66 221
63 98 233
243 247 256
40 229 266
21 40 229
49 134 295
40 43 266
16 53 232
41 233 262
42 81 156
42 172 191
25 91 94
96 118 258
54 132 295
53 57 232
57 97 276
44 138 181
44 160 181
56 133 255
2 61 170
45 98 126
45 72 106
17 72 114
41 192 252
26 76 268
20 51 233
92 250 284
41 51 233
185 261 276
2 84 297
53 57 276
53 261 276
5 46 118
149 216 221
115 206 207
6 11 222
68 148 274
142 182 241
16 238 259
190 239 241
58 149 248
58 149 207
58 99 178
58 178 248
123 150 210
193 206 280
60 225 226
37 272 289
155 258 296
62 86 257
85 197 220
30 89 218
62 86 200
70 195 223
46 232 258
45 72 98
64 85 292
32 64 85
24 116 249
46 118 258
88 186 214
66 114 153
42 167 172
67 194 226
68 155 184
68 211 285
89 201 254
70 154 195
71 114 215
170 196 283
72 114 153
74 107 209
27 71 212
94 241 286
11 141 174
9 47 271
91 206 280
170 219 240
47 77 281
50 77 281
184 217 273
136 161 192
80 121 229
25 286 287
85 220 271
42 156 191
76 88 214
23 60 195
23 154 195
185 239 276
37 51 83
18 122 187
44 109 160
44 109 293
