84 87 289
13 188 196
66 114 256
12 54 132
9 135 246
103 162 164
64 132 204
0 9 77
81 167 172
62 124 257
102 160 181
82 100 216
93 151 264
23 195 223
1 48 164
92 165 182
148 223 274
59 143 273
4 148 223
107 131 158
91 94 193
11 227 260
6 33 277
9 33 263
15 28 145
113 127 242
81 145 172
147 172 191
109 160 175
95 253 255
86 168 200
76 88 268
86 168 179
56 110 210
18 182 241
123 150 163
59 107 143
25 45 94
99 213 284
114 215 256
19 117 198
19 34 78
192 234 298
66 114 129
17 72 153
63 72 98
25 45 287
91 193 280
143 184 273
148 211 274
3 65 104
134 162 164
16 232 238
51 161 278
121 171 229
80 171 229
40 85 101
21 40 101
40 172 271
43 64 266
12 64 266
12 229 266
121 171 194
14 67 226
23 154 225
12 64 132
67 194 235
225 226 235
154 225 235
223 274 285
67 226 235
68 96 211
5 46 267
211 274 285
195 223 285
195 211 285
1 49 295
48 70 223
68 143 148
4 107 143
4 143 148
68 148 211
68 96 155
137 217 273
39 122 187
36 59 203
59 158 264
11 31 174
59 107 158
6 11 227
158 209 264
38 151 227
151 227 264
93 151 199
32 85 208
1 48 279
85 101 292
32 85 292
32 64 204
85 112 208
32 204 208
85 112 197
47 50 77
9 33 246
9 135 220
38 222 227
15 28 47
40 85 271
145 172 271
8 90 263
9 220 271
33 263 277
10 133 281
8 263 277
8 249 277
0 90 263
0 9 263
249 253 255
28 47 50
15 145 271
15 47 271
10 52 133
42 81 167
42 167 191
113 147 191
113 156 242
167 172 191
42 113 191
147 172 257
79 168 200
120 127 139
10 52 242
110 120 127
116 141 249
79 210 265
69 123 163
123 210 265
79 110 210
123 150 265
79 168 265
150 163 214
26 86 179
102 175 294
108 163 177
137 142 190
39 176 187
18 165 182
187 290 299
24 108 141
108 116 141
24 177 290
24 108 177
36 39 59
31 176 299
39 137 217
176 187 299
94 193 241
122 142 187
18 187 290
182 193 284
182 193 241
115 206 280
29 129 153
29 149 216
29 100 216
115 193 280
58 207 248
99 213 282
44 138 160
193 213 284
29 129 149
88 169 178
102 160 175
109 257 293
149 221 224
44 138 251
138 201 251
111 138 201
111 201 275
30 221 247
66 221 247
30 221 224
89 183 218
34 105 183
34 105 180
34 78 293
75 105 180
105 243 298
75 180 234
27 130 152
66 247 256
22 152 166
152 215 243
17 157 212
22 27 152
22 27 166
17 114 215
17 71 215
27 71 166
152 166 215
66 129 221
129 149 221
72 98 106
17 72 157
98 106 126
98 126 233
73 98 233
71 166 215
73 233 262
27 71 262
20 41 233
27 130 252
27 252 262
20 41 51
41 51 161
161 192 278
119 136 297
119 136 278
37 83 84
13 55 65
144 269 272
20 37 83
125 237 245
37 128 144
125 126 231
231 245 261
53 259 261
125 231 245
45 106 126
45 91 94
25 185 286
25 94 286
7 185 276
97 173 296
46 202 232
53 57 97
173 184 296
7 97 173
202 232 238
16 53 259
146 237 245
20 146 237
20 125 237
46 104 267
118 225 226
46 118 232
46 104 202
14 67 270
140 230 270
3 104 202
104 244 267
140 188 196
13 55 283
87 283 289
2 87 297
61 159 170
136 192 278
136 170 297
159 170 196
189 240 291
170 189 196
136 240 291
189 219 291
140 219 270
55 272 283
272 283 289
26 268 294
21 229 292
55 272 288
30 218 247
206 216 280
150 214 265
96 211 258
149 207 275
205 250 284
54 204 295
115 193 282
192 243 298
152 192 243
186 205 250
185 239 241
7 185 190
89 183 198
168 179 265
169 178 228
109 175 257
10 242 281
99 205 284
92 165 186
35 165 186
162 194 235
103 162 235
121 162 229
96 155 258
155 184 296
130 152 192
149 224 254
238 272 288
146 259 261
146 238 259
128 144 146
141 249 277
6 141 277
140 189 219
140 189 196
136 170 189
131 236 279
48 131 279
18 165 290
149 254 275
45 126 287
126 231 287
130 192 252
121 162 194
193 213 282
108 116 163
69 116 163
113 124 257
113 147 257
113 127 139
112 197 222
111 207 275
138 178 228
110 127 242
52 110 242
110 120 139
52 110 133
56 110 133
105 183 218
12 162 229
103 154 235
70 103 154
102 228 268
102 181 228
230 244 270
99 186 205
99 111 248
73 98 212
63 98 212
7 97 276
39 122 142
31 290 299
72 157 212
84 87 119
144 146 269
74 93 131
105 215 243
74 158 209
92 186 250
36 203 227
36 174 176
116 249 255
35 163 177
39 59 273
20 125 233
117 183 198
44 89 198
197 222 246
24 31 141
73 212 262
45 91 280
32 43 292
75 105 298
125 126 233
20 128 146
12 54 295
29 72 100
29 72 153
60 195 211
28 156 281
28 81 156
37 84 289
199 204 208
85 135 220
26 86 257
105 215 256
99 111 138
36 39 176
5 244 267
134 162 295
69 116 255
31 174 176
99 138 178
24 31 290
23 118 225
185 190 239
23 70 154
18 187 241
26 257 294
76 163 214
138 160 181
20 51 278
20 119 278
1 199 279
151 199 208
19 34 183
19 44 198
37 144 272
146 245 261
26 179 214
17 212 262
149 206 216
5 14 270
92 182 284
13 159 196
222 227 246
6 11 31
42 113 156
102 268 294
44 89 251
23 60 118
59 203 227
49 204 295
105 218 256
238 269 272
26 76 214
30 89 224
38 112 222
156 242 281
75 234 298
13 188 244
82 216 280
23 70 223
68 143 184
5 14 226
60 118 232
2 87 283
17 129 153
137 184 190
19 44 78
90 95 133
89 224 254
19 117 183
28 81 145
95 133 255
61 159 283
32 43 64
3 238 288
9 47 77
89 201 251
5 244 270
58 99 282
76 88 186
56 69 255
59 227 264
1 49 199
50 77 90
28 90 281
161 252 262
3 55 288
11 36 260
36 227 260
165 177 290
115 149 206
72 100 106
88 99 186
25 185 261
7 173 184
175 257 294
135 197 246
2 61 283
6 31 141
12 162 295
38 112 151
33 227 246
45 82 280
3 55 65
20 83 119
146 238 269
13 104 244
44 78 293
7 184 190
56 123 210
218 247 256
2 170 297
138 181 228
0 77 90
17 71 262
112 151 208
5 118 226
58 115 282
28 50 90
6 33 227
17 114 129
13 65 104
43 266 292
21 80 229
13 159 283
3 202 238
140 230 244
115 149 207
90 133 281
53 57 258
45 82 100
63 72 212
39 137 142
39 217 273
89 201 275
142 187 241
16 53 232
41 233 262
42 81 156
1 164 295
56 133 255
2 61 170
60 211 258
45 100 106
231 261 287
48 103 164
35 76 186
56 69 123
83 84 119
48 70 103
41 161 262
49 199 204
26 76 268
92 250 284
185 261 276
53 232 258
53 97 276
53 261 276
5 46 118
54 132 204
58 99 248
16 238 259
57 258 296
57 97 296
58 115 207
190 239 241
20 37 128
21 101 292
185 241 286
134 164 295
67 171 270
60 232 258
37 272 289
74 131 158
111 207 248
155 258 296
79 110 139
62 79 139
62 86 257
30 89 218
62 86 200
62 113 139
62 113 124
25 261 287
161 192 252
137 184 273
68 155 184
67 171 194
74 93 264
11 36 174
74 209 264
136 189 240
35 76 163
94 241 286
8 95 249
9 47 271
62 79 200
229 266 292
140 188 244
48 107 131
179 214 265
35 165 177
85 135 197
85 220 271
87 119 297
88 99 178
4 48 107
95 249 253
4 48 223
88 228 268
88 169 228
23 60 195
89 254 275
8 90 95
44 109 160
93 131 236
93 236 279
93 199 279
142 190 241
44 109 293
