31 137 339
195 233 400
22 185 259
228 300 409
22 221 259
163 277 368
245 324 441
217 220 239
10 217 239
50 255 385
59 248 486
132 134 282
86 317 449
220 328 411
55 82 452
38 86 250
14 65 488
9 209 415
121 173 205
13 374 390
17 173 300
13 363 393
167 174 419
252 380 458
117 311 399
11 32 413
88 135 468
247 338 348
88 135 427
186 387 414
62 328 353
278 353 493
10 69 239
74 251 328
57 344 382
74 251 410
15 158 424
52 98 371
266 315 410
26 315 447
359 369 497
160 299 308
10 69 330
128 261 330
153 322 369
59 212 486
46 244 398
56 469 491
19 47 309
141 283 481
19 182 258
48 149 396
82 222 452
92 138 376
215 302 469
141 448 481
36 110 405
141 367 448
56 110 405
111 113 201
193 364 417
172 201 391
25 86 202
56 302 469
215 302 456
208 225 297
208 241 297
206 377 494
147 276 384
45 107 164
181 191 431
181 407 461
180 209 407
187 252 323
246 388 494
35 64 388
6 255 305
112 165 385
49 97 478
392 441 498
59 85 248
7 159 451
59 213 264
49 159 432
179 227 267
37 179 374
126 256 275
126 185 336
196 210 399
126 379 436
289 347 446
51 304 423
116 228 439
96 116 323
129 458 480
84 87 140
14 140 488
39 345 490
87 174 480
207 347 363
30 39 490
93 381 404
236 349 467
281 345 490
247 348 473
117 311 358
60 306 345
306 345 348
135 329 427
95 168 265
81 167 381
262 402 496
176 294 487
204 316 333
139 454 484
306 360 472
157 387 414
145 240 322
34 70 231
133 136 274
43 154 433
146 153 453
43 163 433
57 344 357
16 58 344
73 454 484
8 166 273
139 293 320
26 315 499
73 368 484
108 114 257
54 183 420
54 198 229
168 272 298
28 102 266
220 284 411
10 33 217
62 353 493
74 215 278
61 149 284
62 328 411
62 411 483
220 239 284
182 258 301
48 149 284
3 48 455
23 195 400
48 223 455
125 261 330
69 330 352
188 307 378
217 220 462
33 217 462
52 266 315
29 266 410
98 125 371
28 266 371
128 160 261
98 160 188
52 98 188
52 266 371
314 326 344
40 344 357
40 474 499
314 326 331
2 314 331
58 314 344
16 58 370
16 382 482
34 63 476
41 162 231
41 382 482
162 231 401
162 175 195
23 223 455
101 352 383
23 192 400
128 383 442
175 299 442
175 195 442
23 101 223
101 223 352
192 233 400
233 248 486
226 290 395
192 233 486
192 412 486
59 85 213
85 213 401
162 248 401
85 248 401
213 264 342
214 264 365
155 264 342
155 264 365
212 214 264
59 212 264
279 280 421
1 243 280
27 155 279
1 243 406
68 132 438
46 134 398
46 134 365
226 395 438
130 132 438
130 214 365
68 340 438
226 283 438
68 132 343
169 211 232
367 448 459
53 141 426
448 459 460
141 283 339
141 367 426
3 31 346
137 226 290
3 31 137
3 48 396
31 309 346
3 346 396
19 47 182
309 346 396
31 53 429
55 258 452
47 182 301
47 149 396
47 309 396
61 254 301
55 82 120
215 235 253
19 55 120
19 55 258
235 469 491
215 235 469
302 321 456
92 200 456
200 321 456
373 430 459
343 366 425
36 110 321
110 302 321
56 373 430
56 110 302
343 366 460
56 405 430
405 430 435
169 211 366
366 435 460
0 343 425
232 405 435
36 291 405
232 291 405
169 224 366
224 366 425
224 325 397
164 172 310
193 364 478
156 224 397
18 164 310
156 376 397
77 389 456
89 218 250
77 89 138
77 89 218
89 138 292
77 218 389
241 312 407
42 94 103
94 103 443
86 250 351
202 292 351
38 86 94
241 297 312
152 225 461
86 152 197
181 191 461
86 152 317
18 21 25
18 25 86
86 94 197
86 202 351
21 25 202
21 138 376
172 193 391
107 164 172
97 287 498
45 147 276
67 147 384
20 234 384
234 276 445
317 445 449
230 317 445
312 407 461
191 230 461
180 181 407
20 246 494
234 276 384
230 234 445
64 206 388
252 285 415
191 377 431
9 285 415
9 377 431
206 388 494
6 75 255
35 246 388
6 35 80
50 255 305
50 165 385
112 165 392
165 392 441
178 227 304
332 374 422
165 245 441
71 178 304
287 392 498
143 245 324
50 165 245
80 111 201
111 324 498
80 111 324
113 193 391
107 172 201
113 201 391
49 432 478
49 97 287
324 441 498
0 159 432
0 159 451
224 325 425
0 425 432
325 425 432
134 282 398
0 132 343
132 282 451
0 132 451
71 159 178
49 159 327
7 282 451
287 327 392
49 287 327
159 178 327
51 282 423
267 379 436
51 244 421
51 90 421
51 90 304
256 267 379
221 295 296
289 414 477
221 256 275
334 468 472
22 221 275
221 296 466
76 119 242
145 203 322
88 119 427
203 356 466
78 88 468
78 88 119
186 242 387
185 259 434
22 185 275
289 471 477
78 334 387
347 363 471
186 414 477
179 267 436
221 256 295
126 256 379
126 185 275
90 256 295
71 304 423
179 332 374
112 227 392
112 385 422
112 227 332
112 332 422
179 227 332
121 205 390
173 205 300
150 219 440
17 122 173
255 385 422
142 150 187
142 150 355
129 380 458
75 150 219
17 219 439
150 355 440
17 122 219
17 300 439
115 207 372
109 116 439
252 323 380
96 323 380
129 131 380
72 84 129
96 131 380
96 131 228
96 116 228
228 300 439
300 372 409
115 249 347
115 372 409
289 347 471
37 179 436
13 37 374
336 363 471
115 207 347
65 416 488
32 117 479
32 117 399
311 358 416
32 399 413
5 72 228
14 140 174
5 416 488
5 228 409
14 167 303
14 167 174
87 140 174
99 171 237
171 237 419
236 268 404
81 118 167
93 161 492
268 272 404
81 272 404
81 381 404
161 479 492
161 167 303
161 303 479
199 349 475
93 404 475
11 32 39
236 386 467
30 44 490
44 199 492
30 32 39
11 39 345
311 399 409
115 210 249
157 362 446
196 399 413
60 306 472
306 348 473
170 334 387
60 170 196
157 170 387
78 242 387
78 119 242
78 334 468
306 360 473
135 468 472
247 360 473
236 268 386
268 272 348
95 168 298
81 144 272
247 265 338
272 338 348
95 270 360
177 316 333
177 316 450
95 270 450
100 298 337
176 216 463
100 216 337
176 216 337
108 403 496
403 457 496
176 457 463
333 457 463
177 333 463
108 257 313
83 114 133
114 151 257
83 240 489
83 240 319
119 203 356
136 204 375
204 271 316
204 271 329
135 360 472
136 375 489
119 203 427
296 335 466
221 356 466
145 203 375
203 375 427
123 146 453
296 335 406
203 335 406
203 335 466
1 296 406
1 280 421
123 155 342
1 296 421
70 213 342
123 146 342
322 369 497
163 354 470
263 359 497
43 91 154
66 70 476
34 70 476
63 104 464
66 154 263
66 91 476
66 91 154
43 163 277
163 433 470
263 286 485
66 263 359
322 485 497
263 485 497
151 286 319
286 319 485
151 286 470
286 433 470
151 257 444
12 73 394
73 368 394
12 106 394
277 368 484
106 354 444
106 354 394
63 91 476
43 91 277
34 41 231
34 63 464
57 357 424
63 104 158
63 91 158
354 368 394
163 354 368
40 357 474
8 357 474
57 104 424
15 357 424
104 158 424
16 344 382
8 474 499
40 326 344
315 326 499
40 326 499
15 166 277
166 277 484
8 15 357
8 15 166
26 260 320
26 105 320
8 105 273
26 127 288
26 127 260
26 288 447
198 361 418
54 229 420
54 198 447
238 269 418
54 148 183
127 184 288
184 288 447
108 293 313
257 313 444
108 293 318
108 274 403
108 402 496
176 457 496
124 190 269
108 318 402
238 402 420
79 144 238
79 262 487
79 144 487
124 190 437
144 272 298
361 418 437
229 238 418
229 238 420
198 315 447
124 361 437
198 229 418
198 315 361
340 460 481
340 438 481
283 438 481
430 435 459
435 459 460
428 471 477
336 428 471
237 419 480
174 419 480
209 415 458
251 410 462
374 390 422
373 426 465
367 373 426
178 227 327
121 255 422
118 167 419
157 196 362
56 373 465
109 116 355
113 193 478
144 294 495
67 107 147
103 208 443
99 458 480
183 318 420
95 247 265
95 247 360
16 162 175
95 100 450
92 200 321
92 156 376
29 33 410
95 100 298
311 409 416
27 279 421
93 199 492
51 244 282
121 390 422
187 323 355
213 231 401
186 428 477
269 418 437
84 87 480
82 215 278
82 215 253
81 118 171
204 375 427
281 386 467
176 262 487
105 273 484
325 364 417
67 80 246
24 336 363
67 80 201
114 151 319
76 185 428
76 185 434
19 235 429
74 278 353
99 237 480
18 310 376
3 137 192
58 175 370
4 92 350
69 223 352
281 341 345
69 223 239
68 343 460
68 340 460
115 210 399
295 296 421
65 194 358
14 65 303
298 337 495
61 284 411
61 62 254
219 355 440
144 238 269
58 299 308
58 308 314
100 177 450
76 242 428
58 175 299
5 72 84
89 250 351
211 232 435
12 189 313
5 409 416
83 136 489
54 148 184
54 184 447
137 226 339
57 382 464
53 426 465
27 46 365
20 67 384
38 218 250
19 120 253
19 235 253
108 114 133
8 26 499
74 328 353
20 191 230
75 150 206
18 45 449
121 173 255
10 102 125
18 86 449
79 238 402
66 146 342
9 180 181
57 104 464
152 208 225
170 334 472
160 308 378
318 402 420
94 208 443
61 62 483
6 35 75
24 126 336
53 429 465
151 444 470
48 223 239
13 37 436
76 119 434
35 80 246
12 106 444
18 45 164
162 195 248
42 241 389
97 113 478
11 196 413
10 125 330
66 70 342
190 269 437
82 222 278
8 26 105
3 23 192
3 23 455
70 213 231
45 445 449
30 44 479
2 307 378
83 133 136
20 67 246
115 399 409
2 307 331
4 169 350
10 29 33
252 415 458
100 177 463
98 125 261
148 183 318
4 156 224
212 412 486
38 218 408
16 175 370
66 146 359
142 187 355
105 320 484
448 460 481
12 139 454
5 84 488
212 395 412
72 129 131
221 259 356
9 181 431
169 232 350
207 363 393
60 196 345
45 107 147
12 73 454
203 243 406
15 158 277
144 298 495
249 347 446
227 327 392
34 41 382
123 243 280
232 291 350
6 305 324
75 122 219
89 292 351
47 61 301
6 80 324
79 262 402
20 191 377
7 159 423
97 111 113
116 323 355
93 199 475
12 313 444
75 122 255
294 337 495
122 173 255
9 180 209
65 358 416
23 383 442
23 195 442
31 141 339
100 216 463
24 126 436
77 138 456
222 258 452
30 32 479
65 194 303
47 61 149
44 479 492
254 301 493
349 404 475
67 107 201
27 155 365
36 291 350
46 244 421
136 204 333
9 285 377
274 333 403
16 162 482
36 92 321
28 102 125
315 326 331
341 348 386
29 102 266
64 75 206
98 160 261
31 53 141
56 465 491
42 218 389
12 139 189
13 24 436
33 410 462
36 92 350
38 42 94
118 171 419
123 243 453
103 208 241
10 29 102
42 218 408
222 258 301
41 162 482
243 322 453
44 199 349
82 120 253
240 319 485
7 282 423
48 239 284
61 411 483
4 92 156
81 99 171
18 21 376
97 111 498
28 125 371
157 170 196
123 155 279
35 64 75
123 279 280
127 293 318
157 289 446
127 184 318
127 260 320
13 24 363
127 293 320
128 352 383
27 46 421
310 397 417
130 214 395
130 395 438
172 310 417
132 134 365
130 132 365
45 276 445
146 359 369
136 274 333
137 192 412
137 290 412
150 252 285
176 262 496
211 366 435
138 202 292
21 138 202
333 403 457
153 322 453
139 189 293
150 206 285
144 294 487
92 138 456
146 153 369
72 131 228
148 184 318
244 282 398
4 169 224
143 245 305
150 187 252
157 289 414
13 205 390
152 197 208
240 322 485
119 356 434
154 263 286
325 397 417
222 278 301
91 158 277
128 330 352
38 42 408
71 159 423
160 299 442
161 167 381
93 161 381
212 214 395
20 230 234
166 273 484
108 133 274
60 170 472
172 193 417
188 307 315
52 188 315
189 293 313
195 233 248
196 249 362
196 210 249
11 196 345
203 243 322
152 317 461
204 329 427
50 245 305
44 349 490
207 372 393
354 444 470
94 197 208
249 362 446
83 114 319
84 129 480
300 372 393
219 355 439
226 283 339
34 382 464
235 465 491
235 429 465
145 240 375
19 309 429
240 375 489
186 242 428
307 315 331
62 254 493
90 256 304
20 377 494
265 272 338
168 265 272
256 267 304
227 267 304
271 329 360
270 271 360
270 271 450
271 316 450
278 301 493
281 349 490
281 349 467
281 341 386
206 285 377
176 294 337
259 356 434
90 295 421
124 144 269
297 312 461
225 297 461
205 300 393
303 358 479
194 303 358
325 364 432
128 160 442
31 309 429
310 376 397
2 314 378
23 101 383
160 188 378
308 314 378
230 317 461
139 320 484
364 432 478
13 205 393
220 328 462
251 328 462
135 329 360
185 336 428
290 395 412
341 345 348
268 348 386
236 349 404
84 140 488
109 355 439
42 103 241
154 286 433
367 373 459
117 358 479
143 305 324
