180 181 431
31 137 339
195 233 400
20 191 494
22 221 259
163 277 368
148 184 447
137 226 283
217 220 239
28 102 371
50 255 385
59 248 486
86 317 449
55 82 452
6 64 75
9 209 431
14 65 488
9 209 415
121 173 205
13 374 390
196 210 362
17 173 300
13 363 393
117 194 479
252 380 458
14 194 303
11 32 413
88 135 468
177 216 463
14 65 194
88 135 427
100 177 216
240 319 322
340 448 460
12 189 293
274 333 457
3 192 412
62 328 353
278 353 493
10 69 239
74 251 328
57 344 382
74 251 410
15 158 424
52 98 371
266 315 410
359 369 497
160 299 308
10 69 330
128 261 330
223 239 284
162 175 370
46 244 398
137 283 339
367 426 465
19 47 309
53 141 339
82 222 452
61 149 301
215 302 469
141 448 481
36 110 405
141 367 448
56 110 405
111 113 201
193 364 417
172 201 391
38 250 408
38 94 408
215 302 456
103 241 443
208 225 297
206 377 494
45 67 147
45 107 164
67 246 384
181 407 461
180 209 407
142 323 355
187 252 323
35 64 388
112 165 385
392 441 498
59 213 264
179 227 267
126 256 275
126 185 336
196 210 399
51 304 423
109 323 355
116 228 439
96 116 323
142 187 323
129 131 228
129 458 480
84 87 140
14 140 488
174 237 419
209 252 458
93 381 404
236 349 467
236 404 475
281 345 490
117 311 358
60 306 345
306 345 348
135 329 427
95 168 265
81 167 381
262 402 496
176 294 487
139 454 484
136 204 274
145 240 322
34 70 231
133 136 274
43 154 433
106 313 444
146 153 453
57 344 357
16 162 370
2 331 378
104 382 464
16 58 344
139 293 320
26 315 499
54 148 447
108 114 257
294 487 495
54 198 229
168 272 298
29 251 462
28 102 266
52 307 315
220 284 411
29 251 410
62 353 493
62 254 301
222 278 493
74 215 278
284 411 483
62 411 483
69 239 352
220 239 284
48 223 284
182 258 301
48 149 284
3 48 455
48 223 455
330 352 383
223 239 352
125 261 330
69 330 352
33 217 462
29 33 462
52 266 315
29 266 410
28 266 371
128 330 383
128 160 261
52 98 188
52 266 371
307 331 378
40 474 499
307 326 331
2 308 378
58 299 314
58 299 370
58 314 344
175 299 370
16 58 370
16 382 482
34 63 476
162 231 401
34 41 464
162 175 195
23 223 455
3 137 290
101 383 442
3 290 412
101 352 383
23 192 400
128 383 442
175 299 442
175 195 442
23 101 223
101 223 352
192 233 400
233 248 486
226 290 395
212 395 438
290 412 486
130 214 438
192 233 486
290 395 486
192 412 486
85 213 401
162 248 401
85 248 401
213 264 342
214 264 365
155 264 342
155 264 365
212 214 264
59 212 264
212 214 438
279 280 421
27 155 279
71 282 423
46 134 398
46 134 365
211 232 366
226 395 438
130 214 365
226 283 438
283 340 481
340 343 460
68 340 343
68 132 343
169 211 232
340 448 481
367 448 459
53 141 426
31 53 339
448 459 460
430 459 460
141 367 426
3 31 346
137 226 290
3 31 137
3 48 396
31 309 346
3 346 396
19 47 182
309 346 396
55 258 452
47 149 301
47 182 301
19 31 309
47 309 396
61 254 301
258 301 452
55 82 120
222 301 452
19 55 120
235 469 491
373 465 491
302 321 456
92 200 456
200 321 456
56 373 491
373 430 459
343 366 425
36 110 321
110 302 321
56 373 430
56 110 302
343 366 460
56 405 430
405 430 435
430 435 460
169 211 366
366 435 460
0 343 425
36 291 405
232 291 405
224 325 397
325 364 478
164 172 310
193 364 478
156 224 397
18 164 310
156 376 397
77 92 456
42 389 408
77 389 456
77 92 138
77 89 138
21 202 292
21 138 292
77 89 218
89 138 292
42 94 408
241 312 407
202 292 351
241 297 312
152 225 461
86 152 197
86 152 317
18 21 25
18 25 86
86 94 197
21 25 202
21 138 376
193 310 417
172 193 310
172 193 391
107 164 172
97 287 498
67 147 384
276 445 449
234 276 445
317 445 449
230 317 445
312 407 461
191 230 461
180 181 407
191 230 234
230 234 445
20 246 384
191 377 494
180 209 431
191 377 431
9 285 415
9 377 431
6 75 255
109 219 439
35 246 388
6 35 64
6 35 80
50 143 245
6 143 305
50 143 305
50 165 385
178 227 304
178 227 392
332 374 422
165 245 441
71 178 304
287 392 498
50 165 245
80 111 201
111 324 498
80 111 324
107 172 201
113 201 391
49 432 478
49 97 287
324 441 498
0 159 432
224 325 425
0 425 432
0 132 343
0 132 451
71 159 178
7 71 159
7 282 451
7 71 282
287 327 392
178 327 392
159 178 327
51 282 423
267 379 436
51 244 421
221 356 434
90 295 296
51 90 304
256 267 379
221 295 296
289 414 477
334 468 472
22 221 275
221 296 466
76 119 242
145 203 322
88 119 427
78 88 468
78 88 119
76 428 434
186 242 387
221 259 434
185 259 434
289 471 477
185 428 434
289 414 446
24 336 436
179 267 436
126 256 379
126 185 275
90 256 295
90 227 304
71 304 423
112 227 392
112 385 422
112 227 332
112 332 422
179 227 332
121 205 390
121 122 173
173 205 300
150 219 440
17 122 173
255 385 422
121 122 255
142 150 187
75 150 219
109 116 323
17 219 439
17 122 219
17 300 439
109 116 439
252 323 380
96 323 380
72 84 129
96 131 380
96 131 228
96 116 228
300 372 409
115 249 347
115 372 409
37 179 436
13 37 374
336 363 471
336 471 477
115 207 347
32 479 492
117 194 358
32 117 479
311 358 416
5 311 416
32 399 413
72 129 228
5 72 228
14 140 174
5 228 409
87 140 174
99 171 237
171 237 419
236 268 404
81 118 167
93 161 492
268 272 404
93 161 167
81 381 404
194 303 479
161 479 492
161 303 479
93 167 381
199 349 475
236 349 475
93 404 475
11 32 39
281 345 348
236 386 467
281 341 467
44 199 492
30 32 39
11 39 345
115 210 249
210 249 362
157 362 446
196 399 413
60 306 472
306 348 473
60 170 196
157 170 387
78 119 242
78 334 468
60 334 472
247 265 360
247 360 473
341 386 467
281 341 348
236 268 386
268 272 348
95 168 298
247 265 338
272 338 348
95 265 360
95 270 360
177 316 333
204 329 375
177 316 450
95 270 450
100 298 337
100 216 337
176 337 495
333 457 463
177 333 463
145 240 489
108 257 313
83 114 133
114 151 257
83 240 489
83 240 319
136 204 375
145 375 489
329 375 427
270 271 329
136 375 489
119 203 427
296 335 466
221 356 466
145 203 375
203 375 427
319 322 485
123 146 453
296 335 406
203 335 406
203 335 466
155 279 280
1 296 406
1 280 421
123 155 342
1 296 421
123 155 280
70 213 342
123 146 342
163 354 470
263 359 497
43 91 154
66 70 476
34 70 476
63 104 464
263 286 485
263 485 497
151 286 319
286 319 485
151 286 470
286 433 470
151 257 444
12 73 394
73 368 394
106 354 444
106 354 394
63 91 476
57 104 382
34 41 231
34 63 464
57 357 424
15 91 158
354 368 394
163 354 368
15 91 277
8 357 474
57 104 424
15 357 424
104 158 424
16 344 382
8 474 499
40 326 344
40 326 499
8 15 357
8 105 273
26 127 288
26 127 260
54 198 447
238 269 418
262 487 496
127 184 288
184 288 447
257 313 444
108 293 318
108 274 403
124 190 269
183 318 402
108 318 402
79 144 238
176 294 495
238 262 402
79 262 487
124 190 437
124 144 238
124 238 269
229 238 418
79 238 262
229 238 420
198 315 447
124 361 437
198 315 361
306 472 473
41 464 482
457 487 496
176 457 487
347 446 471
289 446 471
181 431 461
228 409 439
300 409 439
108 402 403
282 398 451
132 398 451
374 390 422
387 414 477
157 387 446
387 414 446
121 255 422
118 167 419
157 196 362
144 272 495
62 220 411
20 191 384
115 372 393
30 39 345
112 392 441
59 212 395
87 237 480
105 260 320
99 458 480
2 299 314
95 100 177
81 144 404
92 200 321
12 189 454
169 224 425
95 100 298
90 256 267
90 227 267
27 279 421
89 250 408
93 199 492
51 244 282
87 174 237
86 94 351
121 390 422
213 231 401
98 102 371
156 169 224
72 84 488
269 418 437
84 87 480
232 366 405
82 215 278
82 215 253
81 118 171
105 273 484
186 387 477
325 364 417
67 80 246
79 487 495
24 336 363
77 389 408
67 80 201
114 151 319
19 235 429
41 231 482
74 278 353
99 237 480
44 345 490
119 203 466
45 147 449
18 310 376
19 53 429
5 72 488
4 92 350
77 218 408
97 113 391
115 210 399
68 130 438
63 91 104
22 259 275
307 315 499
65 194 358
298 337 495
62 222 301
191 234 384
277 454 484
62 222 493
61 62 254
219 355 440
60 334 387
68 130 132
12 108 313
98 188 261
59 395 486
98 102 125
76 242 428
40 344 474
89 250 351
45 67 107
274 403 496
0 7 159
83 136 489
191 431 461
149 284 483
26 105 260
53 426 465
119 356 466
27 46 365
216 337 463
19 120 253
19 235 253
108 114 133
8 26 499
74 328 353
33 217 239
75 150 206
153 485 497
18 45 449
32 117 311
10 102 125
18 86 449
66 146 342
68 283 340
139 189 454
283 339 481
91 163 277
152 208 225
16 231 482
25 202 351
15 166 484
8 15 273
160 308 378
14 167 419
15 277 484
94 208 443
91 104 158
61 62 483
20 388 494
53 429 465
151 444 470
13 37 436
76 119 434
91 154 476
195 400 442
14 161 303
35 80 246
18 45 164
12 108 293
271 316 329
162 195 248
49 193 478
42 241 389
11 196 413
49 287 432
10 125 330
66 70 342
89 218 408
190 269 437
204 316 329
82 222 278
8 26 105
6 50 255
3 23 192
3 23 455
73 277 454
2 314 344
70 213 231
1 280 406
20 246 388
37 332 374
274 457 496
83 133 136
243 280 406
115 399 409
43 91 163
4 169 350
109 219 355
10 29 33
153 322 485
143 245 441
98 125 261
148 183 318
247 338 473
148 229 420
66 146 359
64 388 494
144 272 404
60 170 387
38 94 351
2 299 308
105 320 484
5 399 409
169 232 350
207 363 393
14 161 167
60 196 345
47 48 149
12 73 454
402 403 496
15 166 273
203 243 406
62 220 328
97 193 391
215 253 469
6 50 305
249 347 446
42 94 443
123 243 280
6 143 324
132 134 398
232 291 350
270 329 360
52 307 378
142 355 440
16 162 231
75 122 219
89 292 351
78 242 334
6 80 324
19 31 53
382 464 482
97 111 113
51 296 421
93 199 475
367 373 465
75 122 255
65 358 416
92 138 156
142 150 440
147 234 276
79 144 495
4 156 169
64 206 494
274 316 333
67 107 201
68 283 438
27 155 365
36 291 350
46 244 421
198 361 437
9 285 377
95 177 450
19 55 182
344 357 474
36 92 321
326 331 344
14 174 419
341 348 386
29 102 266
64 75 206
23 101 442
13 24 436
30 32 44
217 251 462
112 165 441
47 48 396
59 213 248
115 207 393
36 92 350
118 171 419
123 243 453
42 103 443
10 29 102
38 250 351
43 163 470
243 322 453
44 199 349
43 433 470
82 120 253
256 275 295
5 65 416
32 44 492
52 188 378
4 92 156
81 99 171
18 21 376
97 111 498
51 90 296
157 170 196
32 311 399
127 293 318
127 184 318
49 97 193
127 260 320
13 24 363
127 293 320
61 149 483
221 275 295
27 46 421
310 397 417
131 380 458
129 131 458
132 134 365
130 132 365
425 432 478
146 359 369
2 331 344
138 156 376
150 252 285
360 468 472
325 425 478
153 322 453
0 7 451
139 189 293
150 206 285
229 418 437
30 44 345
143 324 441
204 274 316
5 65 488
126 336 379
146 153 369
147 234 384
147 276 449
54 148 229
148 184 318
244 282 398
55 182 258
148 183 420
150 187 252
13 205 390
207 347 471
152 197 208
209 252 285
153 369 497
119 356 434
176 337 457
154 263 286
154 263 359
66 154 476
325 397 417
37 179 332
5 311 399
186 336 428
159 287 432
159 287 327
160 299 442
217 220 328
338 348 473
166 273 484
108 133 274
183 238 402
183 238 420
160 188 261
302 469 491
195 233 248
11 196 345
203 243 322
152 317 461
44 349 490
186 336 477
354 444 470
207 363 471
209 285 415
94 197 208
25 86 351
249 362 446
83 114 319
73 277 368
85 213 248
84 129 480
300 372 393
217 251 328
141 339 481
10 33 239
198 229 437
235 465 491
235 429 465
242 334 387
208 297 443
186 242 428
235 253 469
185 259 275
265 272 338
168 265 272
270 271 450
271 316 450
272 298 495
281 349 490
281 349 467
169 366 425
206 285 377
288 315 447
366 405 435
241 297 443
297 312 461
225 297 461
205 300 393
56 302 491
128 160 442
307 326 499
310 376 397
12 313 394
106 313 394
160 188 378
230 317 461
66 154 359
139 320 484
360 472 473
13 205 393
26 288 315
135 329 360
336 379 436
23 400 442
185 336 428
337 457 463
268 348 386
84 140 488
42 103 241
154 286 433
367 373 459
135 360 468
