180 181 431
31 137 339
207 363 372
195 233 400
20 191 494
22 221 259
163 277 368
137 226 283
217 220 239
10 217 239
28 102 371
50 255 385
59 248 486
86 317 449
220 328 411
4 156 350
9 206 285
38 86 250
14 65 488
121 173 205
121 255 390
13 374 390
13 363 393
14 194 303
11 32 413
88 135 468
177 216 463
14 65 194
88 135 427
186 387 414
274 333 457
62 328 353
278 353 493
10 69 239
74 251 328
57 344 382
74 251 410
266 315 410
26 315 447
188 308 378
160 188 308
359 369 497
160 299 308
162 233 248
128 261 330
223 239 284
162 175 370
46 244 398
137 283 339
56 469 491
367 426 465
19 47 309
19 182 258
53 141 339
48 149 396
82 222 452
82 215 222
74 278 328
36 110 405
56 110 405
193 364 417
38 250 408
56 302 469
215 302 456
103 241 443
208 225 297
206 377 494
147 276 384
45 107 164
181 191 431
67 246 384
181 407 461
180 209 407
9 206 377
209 252 415
187 252 323
246 388 494
35 64 388
392 441 498
59 85 248
7 159 451
59 213 264
49 159 432
27 46 244
179 227 267
37 179 374
126 256 275
126 185 336
196 210 399
157 414 446
289 347 446
109 323 355
96 116 323
129 131 228
129 458 480
237 458 480
84 87 140
14 140 488
363 372 393
199 349 490
39 345 490
87 174 480
5 72 140
207 347 363
30 39 490
209 252 458
93 381 404
236 349 467
281 345 490
60 196 413
11 60 413
60 306 345
135 329 427
135 270 360
167 171 419
95 168 265
81 167 381
262 402 496
176 294 487
204 316 333
139 454 484
270 316 450
306 360 472
185 186 428
90 296 421
145 240 322
34 70 231
133 136 274
106 313 444
146 153 453
57 344 357
16 162 370
104 382 464
8 105 499
16 58 344
73 454 484
8 166 273
139 293 320
139 166 484
26 315 499
108 114 257
294 487 495
127 184 293
54 198 229
168 272 298
28 102 266
52 307 315
220 284 411
10 33 217
220 251 462
220 251 328
278 328 353
62 353 493
62 254 301
222 278 493
215 222 278
74 215 278
222 301 493
62 328 411
284 411 483
62 411 483
69 239 352
220 239 284
182 258 301
48 149 284
3 48 455
23 195 400
223 239 352
125 261 330
69 330 352
188 307 378
102 125 330
217 220 462
33 217 462
10 102 266
29 33 462
52 266 315
29 266 410
28 266 371
125 160 261
128 160 261
52 188 307
52 266 371
40 344 357
2 314 331
58 314 344
23 101 195
16 58 370
16 382 482
34 63 476
41 382 482
162 231 401
162 175 195
23 223 455
162 195 233
101 383 442
101 352 383
23 192 400
128 383 442
101 195 442
175 299 442
175 195 442
23 101 223
101 223 352
192 233 400
233 248 486
226 290 395
212 395 438
290 412 486
130 214 438
290 395 486
59 85 213
85 213 401
70 231 401
213 264 342
155 264 342
212 214 264
59 212 264
212 214 438
27 244 279
279 280 421
51 282 398
27 155 279
46 134 398
46 134 365
226 395 438
130 214 365
226 283 438
283 340 481
340 343 460
68 340 343
367 448 459
53 141 426
235 429 491
429 465 491
31 53 339
448 459 460
367 459 465
373 459 465
141 367 426
3 31 346
137 226 290
3 31 137
3 48 396
31 309 346
3 346 396
19 47 182
309 346 396
55 258 452
47 182 301
47 149 396
47 309 396
62 301 493
61 254 301
19 55 120
120 253 429
19 120 429
19 55 258
235 469 491
235 253 429
302 321 456
200 321 456
373 430 459
343 366 425
36 110 321
110 302 321
56 373 430
56 110 302
56 405 430
405 430 435
169 211 366
232 405 435
232 291 405
169 224 366
224 325 397
325 364 478
164 172 310
193 364 478
156 224 397
18 164 310
156 376 397
376 397 417
4 92 291
4 291 350
77 389 456
77 92 138
89 138 292
77 218 389
241 312 407
42 94 103
94 103 443
94 197 443
86 250 351
202 292 351
38 86 94
152 197 225
197 208 443
197 208 225
225 297 312
241 297 312
86 152 197
181 191 461
86 152 317
18 21 25
310 376 417
18 25 86
86 94 197
21 25 202
21 138 376
193 310 417
172 193 310
172 193 391
97 287 498
45 147 276
67 147 384
234 276 445
317 445 449
230 317 445
312 407 461
191 230 461
180 181 407
20 246 494
191 230 234
234 276 384
230 234 445
20 246 384
64 206 388
191 377 494
252 285 415
191 377 431
9 285 415
9 377 431
206 388 494
64 75 150
187 206 285
35 246 388
80 107 201
6 35 80
50 143 245
50 143 305
50 165 385
255 374 422
255 374 390
332 374 422
165 245 441
71 178 304
50 165 245
80 111 201
111 324 498
80 111 324
113 193 391
49 432 478
49 97 287
97 113 193
324 441 498
0 159 432
325 432 478
0 159 451
0 425 432
325 425 432
0 132 451
71 159 178
51 244 398
7 282 451
178 327 392
159 178 327
51 282 423
267 379 436
51 244 421
51 90 421
221 356 434
90 295 296
256 267 379
221 295 296
289 414 477
221 256 275
334 468 472
22 221 275
76 119 242
145 203 322
88 119 427
203 356 466
78 88 468
78 88 119
76 428 434
186 242 387
221 259 434
185 259 434
185 428 434
60 170 334
347 363 471
289 414 446
186 414 477
13 24 336
179 267 436
221 256 295
126 256 379
126 185 275
90 256 295
71 304 423
179 332 374
112 332 422
179 227 332
121 205 390
17 122 173
255 385 422
64 150 206
142 150 355
187 252 285
129 380 458
109 116 323
17 219 439
150 355 440
17 122 219
17 300 439
109 355 440
96 323 380
129 131 380
96 131 380
96 131 228
96 116 228
115 249 347
37 179 436
13 37 374
336 471 477
115 207 347
157 170 362
65 416 488
117 194 358
32 117 479
32 117 399
5 140 488
32 399 413
72 129 228
5 72 228
72 84 140
14 140 174
5 416 488
5 228 409
65 194 416
14 167 303
87 140 174
99 237 458
236 268 404
81 118 167
118 167 171
93 161 492
268 272 404
81 381 404
161 479 492
161 167 303
161 303 479
199 349 475
93 404 475
11 32 39
349 467 490
281 345 348
236 386 467
281 467 490
30 44 490
44 199 490
44 199 492
30 32 39
11 39 345
311 399 409
115 210 249
157 362 446
196 399 413
60 306 472
11 60 345
170 196 362
170 334 387
60 170 196
78 119 242
78 334 468
60 334 472
306 360 473
168 272 338
168 265 338
247 360 473
281 341 348
236 268 386
95 168 298
247 265 338
270 271 316
95 270 360
177 316 333
177 316 450
95 270 450
100 298 337
144 337 495
144 298 337
108 403 496
114 133 274
176 457 463
333 457 463
177 333 463
133 136 489
108 257 313
83 114 133
83 133 489
83 240 489
83 240 319
119 203 356
119 203 427
221 356 466
145 203 375
203 375 427
123 146 453
243 322 406
296 335 406
203 335 466
155 279 280
1 296 406
1 280 421
123 155 342
244 279 421
1 296 421
123 155 280
70 213 342
123 146 342
163 354 470
263 359 497
43 91 154
70 213 401
66 70 476
34 70 476
63 104 464
66 154 263
66 91 476
66 91 154
263 286 433
66 263 359
263 485 497
151 286 319
151 286 470
286 433 470
151 257 444
12 73 394
12 106 313
12 106 394
106 354 394
57 104 382
34 41 231
34 63 464
57 357 424
163 354 368
57 104 424
104 158 424
16 344 382
8 474 499
40 326 344
315 326 499
26 105 499
40 326 499
105 273 320
15 166 277
166 277 484
8 15 166
8 105 273
26 288 447
198 361 418
54 229 420
54 198 447
262 487 496
127 184 288
184 288 447
184 293 318
108 293 313
108 114 274
257 313 444
108 293 318
108 274 403
108 402 496
124 190 269
108 318 402
238 402 420
79 144 238
79 262 487
124 190 437
124 144 238
144 272 298
361 418 437
124 238 269
198 315 447
124 361 437
198 229 418
198 315 361
340 460 481
457 487 496
176 457 487
219 439 440
430 435 459
435 459 460
237 419 480
174 419 480
29 410 462
251 410 462
228 409 439
300 409 439
282 398 451
132 398 451
141 367 481
367 448 481
314 331 344
56 373 465
117 303 479
347 471 477
20 191 384
112 392 441
59 212 395
111 201 391
85 162 248
67 107 147
105 260 320
183 318 420
99 171 419
95 247 265
95 247 360
95 100 450
81 144 404
36 92 405
92 200 321
194 311 416
51 90 423
12 189 454
40 357 499
95 100 298
311 409 416
111 113 391
89 250 408
93 199 492
85 162 401
187 323 355
98 102 371
156 169 224
269 418 437
84 87 480
82 215 253
81 118 171
204 375 427
6 80 305
281 386 467
325 364 417
67 80 246
79 487 495
77 92 200
41 231 482
18 310 376
73 354 368
3 137 192
58 175 370
115 300 409
19 53 429
263 319 485
15 357 474
10 69 102
69 102 330
115 210 399
68 130 438
22 259 275
92 291 405
191 234 384
61 62 254
68 130 132
0 68 425
59 395 486
106 354 470
157 170 414
58 299 308
58 308 314
100 177 450
98 102 125
76 242 428
58 175 299
89 250 351
211 232 435
12 189 313
5 409 416
274 403 496
54 148 184
178 304 392
109 228 439
54 184 447
149 284 483
26 105 260
53 426 465
31 53 309
27 46 365
216 337 463
192 233 412
153 485 497
18 45 449
121 173 255
18 86 449
43 154 263
79 238 402
66 146 342
68 283 340
139 189 454
283 339 481
136 204 489
91 163 277
17 205 300
16 231 482
25 202 351
19 53 309
99 237 419
14 167 419
318 402 420
91 104 158
61 62 483
6 35 75
13 336 471
117 194 303
24 126 336
75 219 440
53 429 465
151 444 470
13 37 436
76 119 434
35 80 246
18 45 164
43 263 433
271 316 329
49 193 478
42 241 389
66 70 342
89 218 408
190 269 437
227 304 392
204 316 329
3 23 192
9 180 431
3 23 455
1 280 406
45 445 449
30 44 479
2 307 378
274 457 496
243 280 406
115 399 409
43 91 163
2 307 331
73 277 484
10 29 33
0 68 132
153 322 485
143 245 441
148 183 318
247 338 473
10 29 266
66 146 359
142 187 355
144 272 404
448 460 481
72 84 480
24 126 379
24 379 436
106 444 470
176 337 463
45 107 147
12 73 454
67 80 107
6 50 75
15 158 277
91 104 476
6 50 305
249 347 446
34 41 382
123 243 280
132 134 398
232 291 350
139 273 320
16 162 231
75 122 219
89 292 351
47 61 301
78 242 334
79 262 402
7 159 423
97 111 113
90 304 423
93 199 475
112 332 392
75 122 255
294 337 495
122 173 255
79 144 495
177 216 337
222 258 452
30 32 479
47 61 149
229 269 420
44 479 492
349 404 475
68 283 438
27 155 365
136 204 333
13 363 471
36 92 321
68 343 425
326 331 344
14 174 419
315 326 331
341 348 386
56 465 491
42 218 389
13 24 436
63 104 476
72 129 480
112 165 441
227 332 392
38 42 94
123 243 453
82 120 452
152 225 312
207 300 372
306 345 473
42 218 408
222 258 301
43 163 470
243 322 453
325 366 425
43 433 470
82 120 253
240 319 485
7 282 423
81 99 171
18 21 376
97 111 498
50 75 255
35 64 75
125 160 188
98 125 188
357 474 499
49 97 193
127 260 320
127 293 320
61 149 483
128 352 383
80 305 324
132 134 365
130 132 365
45 276 445
155 214 365
135 270 271
146 359 369
135 271 329
136 274 333
137 192 412
343 366 435
137 290 412
204 375 489
180 209 415
138 156 376
4 138 156
211 366 435
360 468 472
138 202 292
21 138 202
77 138 218
55 120 452
89 138 218
153 322 453
139 189 293
142 150 206
142 187 206
143 324 441
109 439 440
146 153 369
148 184 318
148 183 420
221 296 335
54 148 420
8 15 474
268 272 338
13 205 390
75 150 440
240 322 485
152 312 461
153 369 497
119 356 434
26 260 288
155 214 264
253 302 469
325 397 417
91 158 277
15 158 357
128 330 352
49 159 287
159 287 327
38 42 408
71 159 423
160 299 442
161 167 381
93 161 381
338 348 473
215 253 302
164 201 391
164 172 391
165 385 422
112 165 422
170 387 414
4 92 138
100 177 337
9 180 415
52 188 371
73 354 394
98 188 371
189 293 313
194 311 358
196 249 362
196 210 249
152 317 461
204 329 427
115 207 300
186 336 477
211 232 350
221 335 466
25 86 351
249 362 446
109 116 228
83 114 319
73 277 368
300 372 393
141 339 481
34 382 464
229 269 418
17 173 205
233 412 486
145 240 375
240 375 489
242 334 387
48 284 455
208 297 443
186 242 428
235 253 469
307 315 331
169 211 350
90 256 304
238 269 420
151 257 319
114 257 319
185 259 275
127 260 288
263 286 319
185 186 336
256 267 304
227 267 304
268 338 348
139 166 273
322 335 406
77 200 456
281 341 386
223 284 455
176 294 337
241 297 443
205 300 393
128 160 442
2 314 378
107 164 201
308 314 378
230 317 461
203 322 335
252 323 458
323 380 458
158 357 424
224 325 366
13 205 393
287 327 498
327 392 498
343 435 460
345 348 473
289 347 477
268 348 386
236 349 404
42 103 241
117 358 399
311 358 399
156 169 350
135 360 468
143 305 324
