31 137 339
207 363 372
195 233 400
22 185 259
228 300 409
20 191 494
22 221 259
127 260 293
163 277 368
137 226 283
128 160 299
217 220 239
10 217 239
28 102 371
50 255 385
59 248 486
86 317 449
220 328 411
9 206 285
38 86 250
14 65 488
121 173 205
121 255 390
13 363 393
167 174 419
11 32 413
88 135 468
93 475 492
88 135 427
240 319 322
340 448 460
2 308 314
274 403 457
12 189 293
274 333 457
10 33 266
62 328 353
278 353 493
10 102 330
10 69 239
74 251 328
57 344 382
74 251 410
15 158 424
52 98 371
266 315 410
26 315 447
188 308 378
160 188 308
359 369 497
160 299 308
162 233 248
10 69 330
128 261 330
130 132 134
153 322 369
16 41 482
243 280 453
46 244 398
137 283 339
367 426 465
19 47 309
120 215 253
53 141 339
48 149 396
82 222 452
92 138 376
215 302 469
56 110 405
193 364 417
172 201 391
38 250 408
25 86 202
38 94 408
215 302 456
103 241 443
208 225 297
206 377 494
152 230 461
147 276 384
45 107 164
181 407 461
180 209 407
9 206 377
142 323 355
187 252 323
246 388 494
35 64 388
49 97 478
59 85 248
7 159 451
59 213 264
179 227 267
37 179 374
126 185 336
157 414 446
126 379 436
205 372 393
109 323 355
116 228 439
96 116 323
142 187 323
129 131 228
129 458 480
84 87 140
14 140 488
205 300 372
363 372 393
199 349 490
174 237 419
207 347 363
209 252 458
93 381 404
236 349 467
281 345 490
60 196 413
11 60 413
60 306 345
306 345 348
135 329 427
95 168 265
81 167 381
262 402 496
176 294 487
177 298 450
204 316 333
139 454 484
157 387 414
185 186 428
145 240 322
46 155 365
16 41 162
34 70 231
151 354 470
133 136 274
43 154 433
146 153 453
104 382 464
16 58 344
8 166 273
139 293 320
26 315 499
54 148 447
73 189 454
139 293 454
54 183 420
54 198 229
168 272 298
28 102 266
220 284 411
10 33 217
61 254 483
62 353 493
62 254 301
222 278 493
74 215 278
62 328 411
62 411 483
220 239 284
182 258 301
48 149 284
3 48 455
23 195 400
48 223 455
125 261 330
69 330 352
102 125 371
188 307 378
102 125 330
29 33 266
33 217 462
10 102 266
52 266 315
29 266 410
98 125 371
28 266 371
125 160 261
128 160 261
128 299 442
52 98 188
52 266 371
307 331 378
314 326 344
307 326 331
314 326 331
58 299 314
2 314 331
58 314 344
23 101 195
299 308 314
16 58 370
16 382 482
41 162 231
41 382 482
162 231 401
162 175 195
23 223 455
162 195 233
101 383 442
101 352 383
23 192 400
128 383 442
101 195 442
175 299 442
175 195 442
23 101 223
101 223 352
192 233 400
233 248 486
226 290 395
212 395 438
290 412 486
130 214 438
192 233 486
290 395 486
192 412 486
59 85 213
85 213 401
162 248 401
70 231 401
85 248 401
213 264 342
155 264 342
212 214 264
59 212 264
212 214 438
27 46 155
279 280 421
27 155 279
71 282 423
68 132 438
46 134 398
130 134 365
46 134 365
226 395 438
130 132 438
130 214 365
68 340 438
226 283 438
283 340 481
283 340 438
4 156 376
68 132 343
340 448 481
367 448 459
53 141 426
31 53 339
448 459 460
430 459 460
141 367 426
137 226 290
3 48 396
31 309 346
3 346 396
19 47 182
309 346 396
55 258 452
47 182 301
47 149 396
47 309 396
62 254 483
61 254 301
215 235 253
82 120 215
19 55 120
120 253 429
19 120 429
235 469 491
373 465 491
215 235 469
235 253 429
302 321 456
200 321 456
36 92 200
373 430 459
110 302 321
56 110 302
343 366 460
56 405 430
430 435 460
169 211 366
366 435 460
232 291 405
169 224 366
325 364 478
325 364 397
164 172 310
193 364 478
364 397 417
18 164 310
156 376 397
36 92 291
4 92 376
218 250 408
77 389 456
77 92 138
89 218 250
21 202 292
21 138 292
89 138 292
42 94 408
77 218 389
241 312 407
42 94 103
94 103 443
86 250 351
202 292 351
152 197 225
197 208 225
225 297 312
241 297 312
86 152 197
86 152 317
18 21 25
86 202 351
21 25 202
21 138 376
172 193 391
97 287 498
45 86 449
35 67 80
45 147 276
67 147 384
234 276 445
317 445 449
152 230 317
230 317 445
312 407 461
191 230 461
180 181 407
20 246 494
234 276 384
230 234 445
191 377 494
191 377 431
9 285 415
9 377 431
64 75 150
6 35 80
50 143 245
6 143 305
50 143 305
255 374 422
255 374 390
178 227 304
178 227 392
332 374 422
165 245 441
71 178 304
80 111 201
111 324 498
80 111 324
113 193 391
49 432 478
49 97 287
324 441 498
0 159 432
0 159 451
0 425 432
0 132 343
0 132 451
7 282 451
7 71 282
287 327 392
178 327 392
159 178 327
51 282 423
267 379 436
51 244 421
221 356 434
90 295 296
256 267 379
221 295 296
76 356 434
289 414 477
221 256 275
334 468 472
22 221 275
221 296 466
76 119 242
145 203 322
76 119 356
76 428 434
186 242 387
221 259 434
22 185 275
289 471 477
185 186 477
60 170 334
347 363 471
289 414 446
185 336 477
179 267 436
221 256 295
126 185 275
90 256 295
71 304 423
179 332 374
112 227 392
112 227 332
112 332 422
179 227 332
121 205 390
121 122 173
17 122 173
255 385 422
121 122 255
64 150 206
142 150 187
142 150 355
187 252 285
109 116 323
17 219 439
150 355 440
17 122 219
17 300 439
115 207 372
109 116 439
72 84 129
96 131 228
96 116 228
228 300 439
115 249 347
37 179 436
336 363 471
336 471 477
115 207 347
65 416 488
32 117 479
194 358 416
32 117 399
311 358 416
32 399 413
72 129 228
5 72 228
84 87 129
87 129 480
5 416 488
5 228 409
65 194 416
14 167 303
14 167 174
171 237 419
81 99 118
81 118 167
93 161 492
268 272 404
93 161 167
81 381 404
161 479 492
161 167 303
161 303 479
93 167 381
199 349 475
236 349 475
93 404 475
199 475 492
11 32 39
349 467 490
236 386 467
281 467 490
30 44 492
30 44 490
44 199 490
44 199 492
30 32 39
11 39 345
311 399 409
115 210 249
347 362 446
210 249 362
249 347 362
157 362 446
196 399 413
60 306 472
306 348 473
11 60 345
60 170 196
78 119 242
78 334 468
60 334 472
236 268 386
95 168 298
247 265 338
95 298 450
177 316 333
177 316 450
100 298 337
100 216 337
108 403 496
403 457 496
114 133 274
333 457 463
177 333 463
100 177 298
83 114 151
108 257 313
83 114 133
12 293 313
114 151 257
83 151 319
83 240 489
83 240 319
136 204 375
270 271 329
136 375 489
296 335 466
221 356 466
145 203 375
203 375 427
319 322 485
123 146 453
153 359 369
203 335 406
203 335 466
155 279 280
1 280 421
123 155 342
1 296 421
123 155 280
123 280 453
70 213 342
123 146 342
66 146 153
163 354 470
263 359 497
43 91 154
66 153 359
70 213 401
66 70 476
63 104 464
263 485 497
151 286 319
151 286 470
286 433 470
151 257 444
12 73 394
260 293 320
12 73 189
12 106 394
106 354 394
57 104 382
34 41 231
34 63 464
57 357 424
15 91 158
163 354 368
15 91 277
57 104 424
15 357 424
104 158 424
16 344 382
8 474 499
40 326 344
15 166 277
166 277 484
8 15 166
8 105 273
26 288 447
198 361 418
54 229 420
54 198 447
54 148 183
262 487 496
189 293 454
127 184 288
108 293 313
257 313 444
108 293 318
108 274 403
108 402 496
108 318 402
238 402 420
79 144 238
238 262 402
79 262 487
79 144 487
124 190 437
361 418 437
79 238 262
229 238 420
198 315 447
124 361 437
198 229 418
198 315 361
306 472 473
457 487 496
176 457 487
347 446 471
289 446 471
219 439 440
181 431 461
373 430 491
251 410 462
282 398 451
132 398 451
387 414 477
369 485 497
141 367 481
367 448 481
118 167 419
157 196 362
144 272 495
117 303 479
30 39 345
113 193 478
112 392 441
59 212 395
111 201 391
36 110 291
87 237 480
144 294 495
67 107 147
106 151 354
105 260 320
99 458 480
183 318 420
144 190 269
115 300 372
95 247 265
95 247 360
16 162 175
50 245 385
81 144 404
117 303 358
99 118 237
29 33 410
51 90 423
40 357 499
311 409 416
111 113 391
27 279 421
88 119 203
51 244 282
87 174 237
72 84 488
269 418 437
82 215 278
204 375 427
281 386 467
105 273 484
186 387 477
24 336 363
77 92 200
67 80 201
36 110 200
74 278 353
99 237 480
119 203 466
18 310 376
73 354 368
3 137 192
58 175 370
115 300 409
19 53 429
5 72 488
263 319 485
4 92 350
15 357 474
69 223 352
281 341 345
69 223 239
68 343 460
68 340 460
115 210 399
1 296 335
307 315 499
14 65 303
298 337 495
62 222 301
277 454 484
106 151 444
62 222 493
144 238 269
59 395 486
88 203 427
76 242 428
58 175 299
89 250 351
5 409 416
78 119 468
83 136 489
191 431 461
26 105 260
308 331 378
53 426 465
119 356 466
31 53 309
216 337 463
20 67 384
38 86 197
8 26 499
74 328 353
20 191 230
0 343 366
66 146 342
283 339 481
9 180 181
91 163 277
17 205 300
19 53 309
259 428 434
95 360 450
318 402 420
94 208 443
91 104 158
6 35 75
30 345 490
24 126 336
75 219 440
53 429 465
48 223 239
13 37 436
35 67 388
91 154 476
12 106 444
18 45 164
271 316 329
34 63 70
42 241 389
97 113 478
49 287 432
66 70 342
190 269 437
67 246 388
204 316 329
82 222 278
8 26 105
88 119 468
31 137 346
3 23 192
3 23 455
73 277 454
1 280 406
45 445 449
156 325 397
83 133 136
243 280 406
165 245 385
20 67 246
115 399 409
43 91 163
14 87 140
4 169 350
100 177 463
143 245 441
13 37 390
148 183 318
247 338 473
4 156 224
16 175 370
64 388 494
118 171 237
144 272 404
7 71 178
105 320 484
40 307 499
92 291 350
9 181 431
45 107 147
203 243 406
6 50 75
91 104 476
6 50 305
110 200 321
34 41 382
6 143 324
132 134 398
232 291 350
270 329 360
75 122 219
89 292 351
47 61 301
78 242 334
6 80 324
97 111 113
7 159 178
51 296 421
90 304 423
37 374 390
367 373 465
12 313 444
0 366 425
75 122 255
294 337 495
25 45 86
100 216 463
126 275 379
24 126 436
148 288 447
222 258 452
30 32 479
65 194 303
47 61 149
64 206 494
18 25 45
40 57 357
67 107 201
46 244 421
136 204 333
19 55 182
341 348 386
30 479 492
40 307 326
3 137 346
42 218 389
13 24 436
40 57 344
33 410 462
217 251 462
63 104 476
112 165 441
118 171 419
38 94 197
82 120 452
152 225 312
42 218 408
222 258 301
43 163 470
243 322 453
325 366 425
43 433 470
48 239 284
63 70 476
61 411 483
18 21 376
97 111 498
50 75 255
51 90 296
157 170 196
35 64 75
125 160 188
98 125 188
127 293 318
357 474 499
127 184 318
13 24 363
110 291 405
128 352 383
164 172 201
27 46 421
310 397 417
1 335 406
172 310 417
131 323 380
131 380 458
129 131 458
425 432 478
45 276 445
155 214 365
136 274 333
137 192 412
137 290 412
180 209 415
287 441 498
211 366 435
360 468 472
325 425 478
77 138 218
55 120 452
89 138 218
153 322 453
150 206 285
143 324 441
124 144 190
232 405 430
144 294 487
56 430 491
148 184 288
148 184 318
244 282 398
55 182 258
8 15 474
149 284 411
4 169 224
236 268 475
270 360 450
268 272 338
13 205 390
75 150 440
150 187 285
209 252 285
152 312 461
176 337 457
154 263 286
26 260 288
154 263 359
66 154 476
155 214 264
156 224 325
157 170 334
157 334 387
322 369 485
128 330 352
268 404 475
96 131 323
247 360 472
217 220 328
338 348 473
247 472 473
165 385 422
112 165 422
166 273 484
172 193 417
9 180 415
188 307 315
52 188 315
73 354 394
302 469 491
196 362 399
203 243 322
204 329 427
209 285 415
211 232 350
94 197 208
61 149 411
211 430 435
211 232 430
73 277 368
217 251 328
141 339 481
229 238 269
34 382 464
229 269 418
14 87 174
20 230 384
17 173 205
235 465 491
235 429 465
185 259 428
230 234 384
145 240 375
240 375 489
242 334 387
208 297 443
186 242 428
169 211 350
90 256 304
114 257 274
108 257 274
127 260 288
263 286 319
265 272 338
168 265 272
256 267 304
227 267 304
268 338 348
270 271 450
271 316 450
272 298 495
256 275 379
77 200 456
281 341 386
287 327 432
287 392 441
176 294 337
241 297 443
56 302 491
194 303 358
2 308 331
310 376 397
107 164 201
66 154 359
139 320 484
252 323 458
323 380 458
224 325 366
13 205 393
159 327 432
135 329 360
337 457 463
341 345 348
268 348 386
84 140 488
109 355 439
355 439 440
42 103 241
117 358 399
311 358 399
154 286 433
367 373 459
135 360 468
210 362 399
