17 204 224
173 209 210
37 66 73
8 112 138
8 112 137
77 92 124
24 135 184
114 141 238
28 52 98
26 67 86
27 108 180
123 196 203
26 38 203
71 211 217
71 110 233
39 158 205
45 105 176
108 180 246
13 139 194
100 139 201
90 168 180
32 142 180
4 22 75
68 187 245
43 93 157
11 83 112
44 131 189
10 59 211
17 186 204
114 133 219
19 61 111
151 184 248
24 135 200
56 74 149
29 72 81
77 144 162
6 77 92
81 163 215
36 140 145
77 124 144
42 87 188
26 196 203
28 98 199
94 115 206
23 152 164
62 65 104
167 197 231
48 211 217
10 48 211
4 75 142
30 125 236
39 105 205
116 125 159
125 159 236
100 108 201
45 159 213
45 105 159
39 105 232
12 155 176
12 229 243
12 155 243
155 227 243
159 213 236
25 27 108
27 142 180
139 201 207
201 207 246
119 225 227
15 68 187
13 15 187
31 107 170
13 31 187
13 31 170
107 173 210
88 173 209
31 107 198
13 170 194
107 170 194
108 201 246
22 75 233
22 59 234
88 157 234
4 32 142
22 93 234
93 157 234
59 126 234
126 169 234
59 126 131
95 122 209
95 200 209
200 209 210
14 135 200
95 200 237
24 200 237
9 126 131
99 189 224
17 83 137
44 189 224
44 131 137
146 182 235
182 186 204
83 112 137
58 80 84
58 99 235
0 85 147
41 147 208
41 166 208
7 41 156
182 204 235
7 16 156
35 156 172
35 154 238
16 156 172
35 138 172
55 154 166
61 184 248
33 111 118
24 147 208
107 198 210
24 89 208
19 61 89
151 226 248
1 78 199
28 52 239
79 103 136
56 128 202
2 228 247
1 28 199
1 226 248
78 111 247
141 193 206
94 115 214
8 96 133
8 133 219
37 73 223
74 149 228
51 113 148
113 163 215
120 162 215
81 120 215
6 134 218
6 134 244
144 148 162
34 124 244
34 124 144
34 46 244
34 46 178
143 171 190
34 109 178
113 171 220
79 103 220
79 136 163
56 103 149
140 145 192
57 145 192
143 179 190
179 181 190
40 46 179
40 179 181
42 76 249
65 91 197
123 174 249
26 67 196
174 177 221
36 145 203
130 152 164
26 38 86
23 52 57
130 164 183
106 191 230
5 53 102
101 229 243
101 222 243
5 60 242
5 53 60
38 53 60
101 191 222
191 222 230
97 101 229
222 225 230
12 97 229
70 153 161
47 70 161
47 49 240
49 54 231
127 129 241
65 167 197
91 197 221
20 62 160
20 160 212
20 167 212
222 225 243
99 224 235
204 224 235
88 209 234
123 203 249
14 198 200
198 200 210
69 191 240
42 188 249
187 226 245
180 207 246
168 180 207
46 178 179
105 176 232
176 216 232
107 173 194
168 173 194
90 168 173
154 166 238
79 163 220
113 163 220
54 160 231
160 167 231
160 167 212
88 157 173
35 154 156
55 154 156
39 153 232
113 148 215
0 146 147
41 146 147
36 140 249
139 168 194
103 136 149
14 135 151
135 151 184
123 174 177
121 130 183
120 150 223
29 120 223
120 150 218
100 119 155
119 155 227
118 141 193
118 141 166
80 117 122
114 115 206
63 150 223
30 110 236
106 225 230
102 106 121
106 119 165
41 156 166
106 119 225
98 103 199
5 102 242
102 121 130
72 136 149
101 161 240
97 101 153
101 153 161
169 209 234
45 100 213
100 119 165
100 121 165
100 121 139
99 131 189
99 117 131
132 153 232
7 41 182
39 47 49
45 155 176
35 114 238
34 144 148
1 68 245
51 109 178
143 178 179
31 151 226
30 125 158
30 110 158
24 85 147
43 64 157
7 11 186
29 81 120
29 73 223
87 171 220
42 87 190
38 53 152
3 28 183
23 152 203
66 72 175
115 175 214
22 32 93
57 145 203
37 114 133
121 139 195
14 31 198
59 71 211
38 152 203
94 193 214
78 82 228
4 22 32
18 103 220
122 169 209
18 57 220
64 90 173
9 21 122
14 31 151
123 177 196
17 137 224
38 69 191
62 127 160
25 110 236
2 193 214
7 182 186
77 162 218
37 96 133
25 27 110
97 132 153
36 203 249
0 80 85
29 72 73
148 162 215
56 82 202
7 11 138
1 28 68
3 28 68
2 149 228
33 118 166
40 42 76
35 114 219
0 58 235
105 116 205
105 116 159
106 121 165
0 146 235
8 96 218
15 121 195
25 100 108
27 110 142
0 58 84
6 92 124
9 122 185
51 113 171
24 61 184
7 16 172
41 146 182
43 64 90
2 149 214
1 226 245
19 89 111
28 183 239
65 104 129
3 15 121
120 162 218
38 60 191
72 81 136
24 61 89
8 134 218
87 171 190
9 117 131
9 21 117
139 168 207
9 169 185
34 51 109
11 112 138
0 80 84
225 227 243
21 117 122
96 150 218
37 114 115
47 161 240
40 76 174
1 61 248
7 138 172
34 51 148
67 86 241
22 59 71
40 174 221
141 166 238
39 47 153
116 125 205
15 139 195
13 15 139
52 164 183
114 141 206
60 191 242
25 213 236
6 124 244
50 67 129
101 191 240
66 115 175
78 82 128
55 156 166
42 181 190
43 90 180
94 193 206
67 177 196
45 100 155
40 42 181
47 70 153
25 100 213
54 160 240
2 193 247
50 67 177
61 78 111
69 86 240
50 177 221
50 91 221
51 143 171
51 143 178
23 52 164
127 160 240
52 183 239
111 118 193
8 35 138
53 102 130
97 132 232
53 130 152
111 193 247
3 121 183
97 176 216
78 228 247
56 74 82
52 57 98
71 110 158
125 158 205
18 57 98
149 175 214
122 169 185
87 140 192
23 57 203
57 192 220
58 99 117
95 122 237
24 85 237
62 127 129
62 104 129
62 65 167
20 62 167
64 157 173
65 91 129
43 93 180
31 187 226
22 71 233
37 66 115
102 106 191
9 126 169
67 129 241
49 54 240
8 35 219
38 69 86
58 80 117
140 188 249
71 158 217
66 72 73
72 149 175
32 93 180
74 82 228
75 110 142
75 110 233
76 174 249
80 122 237
6 77 218
78 128 199
86 127 240
80 85 237
3 15 68
81 136 163
102 191 242
82 128 202
11 83 186
17 83 186
56 128 199
44 137 224
86 127 241
87 140 188
87 192 220
33 89 111
89 166 208
33 89 166
50 91 129
63 96 150
63 96 223
37 96 223
1 61 78
12 97 176
97 216 232
56 103 199
18 98 103
