7 11 182
173 209 210
37 66 73
8 112 138
8 112 137
100 155 176
77 92 124
8 138 219
26 67 86
39 132 153
22 59 233
71 211 217
39 158 205
45 105 176
50 65 104
168 180 246
108 180 246
13 139 194
100 139 201
90 168 180
88 169 209
32 43 180
88 169 234
43 93 157
85 147 237
11 83 112
11 182 186
141 154 238
31 151 187
82 202 228
2 118 193
66 149 175
29 72 81
29 63 223
6 92 244
29 63 150
96 134 218
6 77 92
87 190 192
36 140 145
190 192 220
100 155 227
94 115 206
53 152 203
69 161 191
47 69 161
23 152 164
42 76 181
36 123 203
62 65 104
167 197 231
20 62 65
71 211 233
30 125 236
27 142 236
30 142 236
30 110 125
71 110 125
30 110 142
116 125 159
49 54 160
125 159 236
116 159 205
45 100 176
39 105 232
159 213 236
45 108 213
27 142 180
13 139 195
139 201 207
201 207 246
164 183 239
100 119 227
121 165 195
3 130 183
15 68 187
3 121 195
15 68 245
88 173 209
64 90 107
13 170 194
107 170 194
25 108 213
32 43 93
22 93 234
43 64 173
126 169 185
126 169 234
95 122 209
9 21 185
95 200 209
17 44 224
14 135 200
99 204 235
80 85 122
9 126 131
9 126 185
80 84 85
21 80 117
99 204 224
44 131 137
11 17 186
182 186 204
11 17 83
83 112 137
58 99 235
0 85 147
41 166 208
7 41 156
7 11 112
7 16 156
41 55 156
35 154 238
35 138 172
41 55 166
141 154 166
78 82 247
55 154 166
33 118 208
61 89 184
0 84 85
0 41 147
14 198 210
24 147 237
151 226 245
19 61 89
151 226 248
3 121 130
28 52 239
79 103 136
18 52 57
18 52 98
128 199 202
56 98 128
18 56 98
1 28 199
1 226 248
141 166 193
111 118 247
2 118 247
78 111 247
141 193 206
2 193 206
94 115 214
8 96 133
74 149 228
66 72 149
51 113 148
120 162 215
81 120 215
29 72 223
8 96 134
6 134 244
144 148 162
92 124 244
51 144 148
34 124 244
51 113 143
143 171 190
46 143 178
113 143 171
79 103 220
72 136 163
18 57 103
87 181 190
171 190 220
179 181 190
40 46 179
65 91 197
67 174 196
123 174 249
26 67 196
47 69 240
67 174 177
174 177 221
123 174 196
36 123 249
36 145 203
23 57 145
36 140 188
36 42 188
87 188 192
26 38 86
23 52 57
130 164 183
3 15 195
101 229 243
60 69 242
5 60 242
5 53 60
38 53 60
38 60 69
101 161 191
5 106 242
69 191 242
97 101 229
222 225 230
12 97 216
39 49 153
39 132 232
70 153 161
47 70 161
50 65 91
127 129 241
50 104 129
91 197 221
166 193 208
118 193 208
191 222 243
13 187 195
15 187 195
186 204 224
89 184 208
87 181 188
42 181 188
12 176 243
155 176 243
13 170 187
162 163 215
88 157 173
155 222 243
35 154 172
55 154 156
146 204 235
77 144 150
51 143 144
141 219 238
139 168 194
120 150 162
138 219 238
103 136 149
24 135 237
24 135 208
14 135 151
135 151 184
6 134 150
44 131 224
50 129 177
129 177 241
128 202 228
119 222 227
119 222 225
119 165 195
117 189 224
114 115 219
115 206 219
113 136 163
79 113 136
112 138 172
106 225 230
106 222 242
99 117 224
5 106 152
102 106 152
102 106 121
106 119 165
106 119 225
102 152 164
102 121 130
72 136 149
97 101 153
101 153 161
100 119 195
100 139 195
43 157 173
191 222 242
57 188 192
41 146 204
7 41 182
39 105 159
45 201 246
22 126 234
36 76 249
36 42 76
26 38 53
34 109 143
45 105 213
34 143 178
34 77 124
167 197 212
72 73 223
29 81 120
29 120 150
34 77 109
57 103 220
3 28 183
26 123 203
26 53 203
134 150 218
107 170 210
10 211 233
25 27 180
24 41 147
23 152 203
115 175 214
22 126 131
71 75 233
22 32 93
106 222 230
141 206 219
37 114 133
41 182 204
21 122 185
46 178 244
14 31 198
47 49 160
18 56 74
20 62 129
20 54 160
19 111 248
19 33 208
19 89 208
19 33 118
3 15 245
4 22 32
97 229 243
18 103 149
1 199 202
21 80 122
73 96 223
18 74 149
122 169 209
17 186 224
9 131 189
25 27 236
14 31 151
25 108 180
46 143 190
1 82 202
37 96 133
8 114 219
10 59 233
0 41 84
24 41 208
97 132 153
113 148 163
155 222 227
71 75 110
1 111 248
56 74 128
2 149 228
1 78 111
12 216 232
4 75 233
106 121 165
1 28 245
31 198 210
20 127 160
9 21 189
58 84 99
7 16 172
43 64 90
2 149 214
2 82 247
12 105 232
26 123 196
1 226 245
31 170 210
45 100 201
28 183 239
8 114 133
49 167 231
22 59 131
5 53 152
4 22 233
31 170 187
20 54 212
139 168 207
23 145 203
10 211 217
10 48 217
52 128 199
14 209 210
168 207 246
96 150 218
37 114 115
12 105 176
40 76 174
135 184 208
67 86 241
80 84 117
148 162 163
14 200 209
40 174 221
39 159 205
20 127 129
88 93 157
116 125 205
25 213 236
16 154 172
101 191 243
16 154 156
66 115 175
19 61 248
1 78 82
49 54 167
61 151 184
2 94 206
43 90 180
19 111 118
44 83 137
17 44 83
46 179 190
74 128 228
2 94 214
2 82 228
35 138 238
47 70 153
85 122 237
7 112 172
64 173 210
69 86 240
50 177 221
50 91 221
131 189 224
105 159 213
52 98 128
23 52 164
52 164 239
127 160 240
90 168 194
109 143 144
97 132 232
54 167 212
76 179 181
125 158 205
149 175 214
57 140 145
57 140 188
122 169 185
57 192 220
102 130 164
4 75 180
95 122 237
61 151 248
62 104 129
3 28 245
64 107 210
144 150 162
65 197 212
20 65 212
37 66 115
67 177 241
68 151 187
68 151 245
38 69 86
45 108 246
47 49 153
72 163 215
71 125 158
71 158 217
66 72 73
72 81 215
37 73 96
75 110 142
95 135 200
75 142 180
47 160 240
76 174 249
40 76 179
77 109 144
6 77 150
79 113 171
86 127 240
41 84 146
84 99 117
58 84 235
84 146 235
86 127 241
88 93 234
79 171 220
28 52 199
90 107 194
21 117 189
4 32 180
63 96 150
34 178 244
95 135 237
63 96 223
97 216 232
12 97 243
