46 104 111
76 120 133
61 75 82
1 19 37
10 78 83
69 71 122
3 11 53
39 138 140
47 96 135
57 91 134
22 66 141
58 107 108
5 16 127
5 7 40
82 99 147
14 48 96
73 82 99
64 109 147
8 84 131
26 45 128
63 98 139
2 14 45
26 64 109
60 110 116
2 45 139
2 63 139
1 55 142
37 115 142
65 103 113
3 4 10
21 123 137
94 102 113
80 104 132
7 40 114
76 104 132
23 49 134
25 38 121
23 57 134
23 38 44
38 44 71
57 79 91
23 44 57
27 112 133
59 112 133
27 91 134
49 88 121
49 120 134
59 132 133
76 132 133
62 74 80
53 59 112
35 47 96
43 59 143
59 89 132
80 89 132
16 46 111
31 52 97
76 88 104
74 80 104
25 111 121
69 122 126
36 111 126
36 122 126
16 36 111
16 46 127
62 68 89
46 74 104
52 107 108
40 58 107
31 97 127
31 117 127
107 117 127
61 81 114
5 16 36
61 75 81
5 36 122
58 125 149
61 73 82
40 58 73
58 73 149
99 125 147
99 125 149
73 99 149
58 108 125
33 52 108
26 56 64
64 125 147
5 75 81
29 75 118
29 109 128
6 26 56
45 128 139
6 26 45
6 56 84
56 84 131
62 80 89
18 52 97
46 74 87
18 33 52
8 135 136
8 131 136
48 66 93
10 90 93
10 93 129
39 83 90
28 66 141
12 39 138
12 22 66
2 14 48
35 48 96
47 68 135
24 29 100
26 109 128
24 29 128
29 75 109
29 70 118
86 100 141
50 51 110
70 86 100
28 63 66
28 63 98
24 28 98
12 50 51
70 86 110
22 86 141
29 70 100
20 55 142
70 110 118
1 19 106
1 37 142
1 55 106
19 37 67
106 110 116
12 67 138
50 60 110
12 22 51
12 50 67
37 67 138
50 60 67
19 106 116
101 124 145
17 124 145
17 130 145
101 123 137
54 72 92
78 83 130
10 83 90
10 43 129
10 72 78
13 43 143
4 10 43
0 3 11
0 11 42
0 72 92
15 27 32
53 112 146
3 4 53
15 27 112
15 95 146
15 112 146
9 30 34
32 105 144
9 30 144
34 95 119
11 21 42
17 20 124
101 123 124
9 102 113
77 140 142
120 133 134
27 133 134
88 104 121
41 101 130
95 119 146
94 103 113
92 101 137
85 94 103
85 103 123
82 109 147
18 74 136
74 87 97
61 73 114
40 73 114
68 135 136
60 67 116
66 90 93
65 105 144
65 123 124
56 64 131
24 100 141
24 128 139
9 94 102
62 74 136
21 85 123
19 67 116
72 78 130
17 20 142
22 51 110
13 129 148
13 47 143
6 8 14
11 119 146
9 65 144
24 28 141
17 77 142
5 81 114
8 96 135
62 68 136
5 7 114
9 65 113
41 72 130
13 47 148
37 138 140
0 10 72
22 86 110
6 8 84
33 131 136
4 43 59
104 111 121
8 14 96
0 3 10
17 77 140
44 71 79
18 33 136
32 79 91
0 42 137
11 21 85
31 107 117
18 74 97
9 85 94
20 55 110
13 43 129
6 14 45
59 68 143
11 85 119
115 140 142
32 79 105
41 54 72
12 66 90
41 54 92
12 39 90
17 130 140
0 92 137
11 53 146
65 103 123
25 69 126
25 111 126
20 110 118
30 34 144
24 98 139
46 97 127
31 52 107
4 53 59
15 32 95
32 95 144
33 64 131
33 64 108
34 85 119
9 34 85
64 108 125
34 95 144
75 82 109
39 83 130
101 130 145
37 115 140
38 49 121
23 38 49
38 69 71
25 38 69
39 130 140
2 48 63
40 107 127
5 40 127
41 92 101
48 63 66
44 57 79
46 87 97
35 47 129
47 129 148
47 68 143
48 93 129
35 48 129
59 68 89
49 76 88
49 76 120
21 42 137
27 32 91
55 106 110
