46 104 111
76 120 133
61 75 82
27 91 105
10 78 83
69 71 122
35 93 129
27 32 105
37 115 138
51 86 110
39 83 140
39 138 140
47 96 135
57 91 134
79 91 105
22 66 141
88 104 111
58 107 108
5 16 127
5 7 40
14 48 96
7 81 114
75 82 147
8 84 131
2 14 45
60 110 116
2 45 139
2 48 66
2 63 66
1 55 142
37 115 142
77 115 142
17 77 130
83 130 140
77 130 140
65 103 113
3 4 10
41 54 78
30 95 144
21 123 137
41 101 145
103 123 124
94 102 113
85 94 123
25 38 71
80 104 132
7 40 114
25 69 71
76 104 132
23 38 121
23 49 134
25 38 121
23 57 134
23 38 44
38 44 71
57 79 91
23 44 57
27 120 134
65 105 113
27 120 133
59 112 133
76 88 120
27 91 134
49 120 134
49 88 120
59 132 133
18 87 97
76 132 133
62 74 80
35 47 96
43 59 143
13 68 143
59 89 132
88 111 121
80 89 132
76 88 104
25 69 111
25 111 121
69 111 126
69 122 126
36 111 126
36 122 126
31 52 117
16 46 127
56 108 131
52 107 108
33 108 131
40 58 107
52 107 117
107 117 127
61 81 114
5 16 36
61 75 81
5 36 122
5 7 81
58 125 149
61 73 82
40 58 73
58 73 149
99 125 147
99 125 149
73 99 149
58 108 125
33 52 108
64 125 147
5 75 81
29 75 118
6 26 45
6 56 84
56 84 131
62 80 89
8 14 84
18 74 87
46 74 87
18 33 52
62 135 136
8 135 136
10 90 93
39 90 93
10 93 129
39 83 90
98 128 139
28 66 141
12 39 138
12 22 66
2 14 48
35 48 96
47 68 135
24 29 100
24 98 128
29 75 109
29 70 118
86 100 141
50 51 110
70 86 100
28 63 66
28 63 98
24 28 98
12 50 51
70 86 110
22 86 141
106 110 118
29 70 100
20 55 142
20 106 118
70 110 118
20 55 106
1 55 106
19 37 67
106 110 116
50 60 110
22 51 86
12 22 51
37 67 138
50 60 67
77 115 140
115 138 140
101 124 145
17 124 145
54 92 137
101 123 137
0 3 72
94 113 123
0 42 92
41 78 130
54 72 92
78 83 130
10 83 90
54 72 78
10 43 129
10 72 78
13 43 143
4 43 53
4 10 43
3 10 72
0 72 92
15 27 32
53 112 146
3 4 53
53 95 146
15 95 146
15 112 146
9 30 34
32 105 144
9 30 144
34 95 119
30 34 95
21 92 137
11 21 42
21 42 92
17 20 124
101 123 124
9 102 113
65 103 124
103 113 123
9 113 144
105 113 144
31 97 117
68 89 135
62 89 135
18 74 136
61 73 114
40 73 114
60 67 116
56 64 108
24 100 141
9 94 102
62 74 136
21 85 123
26 45 139
19 67 116
3 11 42
17 20 142
23 88 121
24 26 29
17 41 145
15 27 133
2 98 139
13 129 148
12 66 93
12 39 93
24 28 141
17 77 142
73 82 147
17 41 130
8 96 135
6 56 109
8 18 136
64 75 147
3 53 95
8 18 33
1 106 116
18 31 97
3 95 119
0 3 42
23 49 88
13 47 148
8 14 96
44 71 79
1 19 116
12 50 138
6 26 109
11 21 85
15 112 133
9 85 94
19 37 142
46 80 104
6 14 84
13 43 129
6 14 45
24 26 128
59 68 143
11 85 119
36 46 111
56 64 109
2 63 98
8 33 131
13 47 68
50 67 138
3 11 119
18 31 52
26 29 109
41 54 101
26 128 139
46 97 127
97 117 127
15 32 95
32 95 144
34 85 119
9 34 85
64 108 125
35 48 66
35 66 93
16 36 46
1 19 142
40 107 127
5 40 127
43 53 112
43 59 112
44 57 79
46 74 80
46 87 97
35 47 129
47 129 148
59 68 89
73 99 147
54 101 137
64 75 109
