46 104 111
76 120 133
61 75 82
1 19 37
10 78 83
69 71 122
35 93 129
37 115 138
51 86 110
3 11 53
11 53 119
39 138 140
57 91 134
79 91 105
8 14 135
88 104 111
5 7 40
82 99 147
14 48 96
73 82 99
64 109 147
75 82 147
8 84 131
26 45 128
63 98 139
2 14 45
26 64 109
2 45 139
2 63 139
1 55 142
37 115 142
85 119 123
77 115 142
17 77 130
77 130 140
35 47 148
65 103 113
3 4 10
41 54 78
21 123 137
41 101 145
103 123 124
94 102 113
9 34 119
85 94 123
80 104 132
7 40 114
23 38 121
23 49 134
25 38 121
23 57 134
23 38 44
38 44 71
57 79 91
23 44 57
27 112 133
27 120 133
59 112 133
76 88 120
49 120 134
49 88 120
18 87 97
62 74 80
43 59 143
62 68 135
59 89 132
88 111 121
80 89 132
16 46 111
25 69 111
25 111 121
36 111 126
36 122 126
16 36 111
16 46 127
56 108 131
62 68 89
33 108 131
5 16 36
5 36 122
61 73 82
58 73 149
99 125 149
73 99 149
33 52 108
5 75 81
29 75 118
75 109 147
45 128 139
6 26 45
6 56 84
56 84 131
14 96 135
62 80 89
18 33 131
18 74 87
18 62 136
46 74 87
18 33 52
62 135 136
18 62 74
8 135 136
39 83 90
98 128 139
12 39 138
12 22 66
2 14 48
35 48 96
47 68 135
35 129 148
24 98 128
24 29 128
29 75 109
29 70 118
86 100 141
70 86 100
28 63 66
28 100 141
28 63 98
24 28 98
12 50 51
70 86 110
22 86 141
29 70 100
70 110 118
1 19 106
1 37 142
1 55 106
19 37 67
106 110 116
22 51 86
12 22 51
37 67 138
50 60 67
77 115 140
115 138 140
19 106 116
101 124 145
17 124 145
17 130 145
101 123 137
0 3 72
94 113 123
41 78 130
78 83 130
41 130 145
54 72 78
10 72 78
13 43 143
53 95 119
4 43 53
0 3 11
3 10 72
0 11 42
15 27 32
53 112 146
3 4 53
15 27 112
53 95 146
15 32 144
15 95 146
15 112 146
32 105 144
9 85 119
34 95 119
21 92 137
11 119 123
11 21 42
21 42 92
17 20 124
101 123 124
11 21 123
9 102 113
65 103 124
103 113 123
13 143 148
108 125 149
31 97 117
97 107 117
97 107 127
92 101 137
111 122 126
27 91 120
91 120 134
88 104 132
75 81 114
61 73 114
40 73 114
40 73 107
60 67 116
65 105 144
56 64 108
4 10 129
9 94 102
22 28 141
19 67 116
23 88 121
12 90 93
42 54 72
16 40 127
35 47 135
90 93 129
10 83 129
13 129 148
17 55 142
12 66 93
17 20 55
6 8 14
5 16 40
17 77 142
5 81 114
4 43 129
58 108 149
30 65 144
5 7 114
8 18 136
9 65 113
35 96 135
18 31 97
22 28 66
23 49 88
9 30 65
6 26 64
50 60 116
6 8 84
59 76 133
44 71 79
12 50 138
31 107 117
9 85 94
46 80 104
9 30 95
20 55 110
13 43 129
6 14 45
59 76 132
59 68 143
64 99 147
15 30 144
8 18 131
41 54 92
12 39 90
50 67 138
18 31 52
20 110 118
26 29 109
26 29 128
51 110 116
9 34 95
46 97 127
24 28 29
28 29 100
31 58 107
32 91 105
64 108 125
35 48 66
42 54 92
35 66 93
39 83 130
38 69 71
25 38 69
6 56 64
39 130 140
2 48 63
40 107 127
58 73 107
76 88 132
41 92 101
15 30 95
0 42 72
43 53 112
43 59 112
48 63 66
44 57 79
46 74 80
46 87 97
69 111 122
31 52 58
47 143 148
47 68 143
83 90 129
61 75 114
59 68 89
52 58 108
50 51 116
27 32 91
55 106 110
64 99 125
