46 104 111
76 120 133
61 75 82
27 91 105
10 78 83
69 71 122
27 32 105
51 86 110
3 11 53
11 53 119
39 138 140
47 96 135
57 91 134
79 91 105
22 66 141
88 104 111
6 45 84
5 16 127
5 7 40
14 48 96
64 109 147
75 82 147
8 84 131
26 45 128
56 108 125
14 45 84
2 45 139
1 55 142
37 115 142
83 130 140
35 47 148
65 103 113
3 4 10
30 95 144
21 123 137
41 101 145
103 123 124
94 102 113
9 34 119
80 104 132
7 40 114
76 104 132
23 49 134
25 38 121
23 57 134
23 38 44
38 44 71
57 79 91
23 44 57
27 112 133
59 112 133
27 91 134
49 88 121
49 120 134
59 132 133
18 87 97
76 132 133
62 74 80
53 59 112
68 89 143
59 89 143
43 59 143
59 89 132
88 111 121
80 89 132
31 52 97
76 88 104
74 80 104
25 69 111
25 111 121
69 111 126
69 122 126
36 111 126
36 122 126
31 52 117
56 108 131
62 68 89
87 97 127
46 74 104
33 108 131
40 58 107
52 107 117
61 81 114
5 16 36
61 75 81
5 36 122
58 125 149
61 73 82
40 58 73
58 73 149
99 125 149
73 99 149
58 108 125
5 75 81
29 75 118
75 109 147
56 64 125
45 128 139
6 26 45
6 56 84
56 84 131
62 80 89
8 14 84
18 33 131
18 52 97
18 74 87
18 62 136
46 74 87
18 131 136
18 62 74
8 135 136
8 131 136
43 129 148
48 66 93
39 90 93
28 66 141
12 39 138
12 22 66
47 68 135
35 129 148
24 29 100
29 75 109
29 70 118
24 28 100
28 63 66
28 100 141
28 63 98
24 28 98
12 50 51
70 86 110
22 86 141
29 70 100
70 110 118
20 55 106
1 55 106
19 37 67
106 110 116
12 67 138
22 51 86
12 22 51
37 67 138
101 124 145
41 54 137
17 130 145
54 92 137
101 123 137
41 101 137
54 72 92
78 83 130
41 130 145
54 72 78
10 72 78
13 43 148
13 43 143
53 95 119
15 27 32
15 95 144
53 112 146
3 4 53
15 27 112
53 95 146
15 32 144
15 95 146
15 112 146
32 105 144
9 85 119
9 85 102
9 30 144
34 95 119
11 21 42
101 123 124
11 21 123
85 94 102
9 102 113
65 103 124
13 143 148
77 140 142
120 133 134
27 133 134
31 97 117
97 107 117
97 107 127
94 103 113
83 90 140
85 94 103
85 103 123
83 90 93
83 93 129
61 73 114
40 73 114
68 135 136
60 67 116
65 105 144
24 128 139
24 29 109
4 10 129
19 67 116
20 106 110
3 11 42
16 46 87
11 85 123
2 98 139
10 83 129
54 78 130
17 55 142
17 20 145
12 66 93
17 20 55
12 39 93
12 60 67
9 65 144
17 77 142
39 90 140
5 81 114
47 48 96
4 43 129
73 82 147
8 96 135
62 68 136
6 56 109
5 7 114
9 65 113
18 33 108
1 106 116
0 3 42
37 138 140
52 58 107
0 10 72
50 60 116
4 43 59
24 26 109
8 14 96
0 3 10
17 77 140
44 71 79
16 87 127
1 19 116
6 26 109
20 124 145
19 37 142
9 30 95
12 50 60
24 26 128
64 99 147
11 85 119
115 140 142
36 46 111
56 64 109
2 63 98
17 130 140
42 72 92
2 45 48
20 110 118
51 110 116
9 34 95
24 98 139
41 54 130
4 53 59
16 36 46
1 19 142
37 115 140
70 86 141
38 49 121
23 38 49
38 69 71
25 38 69
2 48 63
40 107 127
5 40 127
0 42 72
42 92 137
48 63 66
44 57 79
14 45 48
18 52 108
47 143 148
47 68 143
48 93 129
35 48 129
49 76 88
73 99 147
49 76 120
52 58 108
70 100 141
35 47 48
50 51 116
21 42 137
64 99 125
