220 271 281
132 193 488
143 257 425
353 365 450
119 293 345
6 90 397
65 271 281
73 118 359
73 135 463
26 272 382
52 120 475
160 366 473
47 405 432
73 359 463
97 225 457
59 414 496
165 414 459
203 246 338
55 280 403
174 268 472
234 278 322
106 211 268
391 440 451
49 178 396
174 323 472
96 120 475
56 282 339
6 163 399
129 294 425
64 135 310
77 131 366
226 412 499
152 428 482
134 239 312
72 160 473
239 312 460
71 149 293
187 200 335
145 153 489
200 433 495
171 304 469
350 402 476
33 402 431
50 293 345
349 389 467
345 349 471
220 271 476
65 258 411
162 402 431
65 271 315
14 57 172
172 331 437
85 225 457
124 320 335
76 103 157
97 225 456
331 417 457
76 83 103
126 148 331
143 172 437
353 450 480
325 341 453
16 352 365
297 372 436
243 250 494
63 354 372
34 171 358
103 157 444
243 250 439
136 139 194
318 455 496
207 391 440
168 248 285
123 165 414
151 168 248
171 307 469
304 343 469
40 304 332
307 343 469
40 332 443
20 70 251
195 341 453
27 55 280
109 401 441
111 191 288
81 273 336
68 191 288
191 306 317
188 302 370
20 452 454
38 132 161
364 452 454
211 379 472
84 109 179
96 174 475
147 273 409
117 204 311
32 132 291
301 360 449
216 301 449
32 247 270
32 38 132
32 38 396
178 396 426
49 178 181
186 374 378
113 193 387
29 386 499
29 215 382
82 141 380
88 400 447
6 163 256
8 58 386
28 487 498
144 163 256
267 277 382
118 253 484
129 359 425
143 253 499
135 244 310
64 135 463
158 312 381
64 305 310
312 326 460
155 255 267
210 412 418
210 418 434
114 267 277
267 412 418
93 142 296
155 267 418
114 249 277
91 142 249
39 249 277
39 249 300
39 175 300
93 296 404
175 300 321
93 142 321
19 113 193
175 405 432
156 175 470
71 119 131
24 432 470
10 326 486
93 223 334
183 347 355
158 334 404
93 334 404
158 355 404
305 310 420
312 326 381
366 473 486
239 252 460
24 252 470
175 432 470
36 98 168
98 173 299
24 173 406
24 77 406
95 98 168
98 173 406
67 235 495
71 119 293
119 131 160
131 160 366
72 79 196
152 435 482
5 349 428
152 411 435
349 389 411
65 315 411
258 411 435
69 79 254
79 196 219
244 310 420
219 357 420
69 190 254
143 359 425
69 357 490
69 190 490
57 172 417
14 172 468
22 143 257
22 257 259
87 375 490
86 258 462
140 281 289
22 87 227
62 281 289
110 227 265
22 198 265
22 227 265
22 143 198
150 198 468
150 350 468
62 220 281
33 271 476
315 389 411
33 271 315
349 467 471
398 467 471
33 402 476
220 350 476
15 33 431
124 320 431
15 124 431
187 320 335
76 320 431
76 157 431
350 402 468
143 172 198
172 198 468
172 331 417
78 184 385
101 444 457
97 444 457
101 184 444
107 353 480
126 148 295
101 126 373
126 295 351
43 314 316
314 348 368
43 316 437
309 368 438
43 314 368
16 205 221
264 314 351
101 127 184
107 353 365
368 438 450
43 309 368
221 309 481
55 195 221
309 438 481
438 450 481
107 127 184
78 103 444
78 184 444
78 83 103
78 83 385
12 332 363
170 342 436
170 177 436
297 372 453
205 297 325
297 325 453
205 325 341
23 63 328
177 313 493
12 313 443
51 63 354
195 205 221
195 205 341
195 263 453
116 298 424
12 332 443
23 51 63
34 243 494
12 363 494
44 266 338
53 218 369
53 218 458
235 262 495
236 327 369
74 243 439
187 200 433
200 335 495
67 471 495
235 262 369
4 53 458
67 218 458
50 345 471
4 67 458
50 67 471
4 138 479
94 99 208
218 235 369
67 218 235
4 53 329
145 283 489
46 94 180
4 138 329
393 414 459
203 246 393
123 318 414
318 414 496
56 282 455
48 204 273
100 394 455
60 100 394
66 245 416
185 245 416
59 185 496
44 266 303
182 251 497
304 343 497
21 203 393
246 266 338
0 246 442
0 139 194
0 122 376
121 122 376
246 266 442
0 122 442
40 304 497
121 171 307
40 298 464
298 424 464
195 242 263
209 274 276
116 274 424
209 224 274
209 238 362
201 232 427
232 238 362
2 7 410
303 364 454
276 362 446
209 276 362
70 182 260
70 182 251
70 260 454
20 70 454
68 188 306
30 317 371
306 317 452
20 130 371
7 30 130
20 371 452
317 371 452
2 7 317
7 410 427
154 241 308
27 229 280
137 280 403
30 130 371
7 30 317
137 241 308
137 241 403
154 241 403
154 167 403
308 430 474
68 191 306
128 133 188
68 188 288
146 430 474
92 286 388
167 401 430
108 109 441
189 356 401
92 189 356
92 147 356
92 189 388
128 286 370
128 188 370
302 336 370
48 81 273
37 284 330
48 330 383
9 311 451
9 37 204
204 273 409
117 204 409
117 392 409
147 356 395
279 395 441
147 279 395
356 395 401
217 279 441
395 401 441
42 108 109
42 108 392
109 167 401
61 109 179
80 125 478
80 125 179
125 179 275
199 487 498
84 211 478
45 240 423
6 52 399
96 120 466
120 178 466
35 161 396
96 216 466
178 181 466
181 301 466
106 268 475
211 268 472
174 268 475
9 204 311
311 391 451
56 339 440
32 270 291
282 361 413
282 339 413
123 285 318
123 165 169
36 98 299
113 164 299
132 193 291
89 405 483
193 291 346
193 346 387
38 161 396
35 161 377
32 49 247
301 337 360
181 301 337
216 301 466
32 49 396
35 396 426
35 75 214
75 233 447
75 176 214
35 214 377
19 237 374
19 113 483
11 115 233
29 31 215
29 112 386
29 382 499
41 112 344
222 290 344
41 112 324
41 222 344
11 400 447
75 176 233
11 233 447
11 115 166
11 166 400
8 112 324
29 112 344
88 144 400
41 166 202
41 202 324
144 163 492
261 384 390
6 18 256
88 144 256
6 18 90
90 120 397
18 90 426
206 408 491
261 408 491
82 206 380
141 380 384
28 231 487
61 179 275
58 386 498
141 231 384
8 112 386
28 105 498
61 199 498
190 462 490
162 456 468
118 448 484
116 446 497
40 443 464
54 443 464
343 442 497
60 394 451
108 392 441
387 415 422
346 387 407
387 407 415
104 385 439
261 384 491
45 379 423
348 368 480
303 364 383
357 375 490
259 357 375
355 381 477
158 355 381
126 351 373
264 351 373
347 355 404
339 440 449
290 333 344
153 327 489
228 326 477
166 324 400
323 379 472
322 372 453
322 354 372
187 320 433
104 320 385
26 319 333
237 319 333
314 316 351
316 331 437
264 314 373
314 348 373
12 313 494
311 323 391
182 442 497
307 343 442
306 364 452
305 357 420
188 302 306
302 306 364
113 299 387
299 387 422
148 295 331
217 392 441
129 294 357
159 292 324
8 292 324
270 291 413
291 361 407
111 288 308
287 423 485
287 379 423
282 285 455
339 360 449
282 285 361
284 330 421
284 367 421
140 281 462
137 280 308
234 278 464
278 424 464
263 278 453
278 322 453
116 274 446
274 276 446
97 444 456
270 339 413
226 269 499
267 412 499
255 267 296
260 266 454
261 399 408
65 258 281
258 281 462
86 254 462
190 254 462
143 253 359
253 269 499
253 269 484
170 250 342
91 249 267
114 249 267
365 450 481
247 337 360
247 270 360
239 252 470
19 237 483
257 259 425
25 236 262
54 234 464
255 296 347
209 224 461
55 224 461
224 242 263
224 263 278
221 365 481
207 216 440
380 384 491
214 333 377
214 333 445
134 212 334
212 223 334
5 119 345
82 105 141
62 110 350
81 302 336
81 302 364
136 139 236
16 197 429
206 380 491
270 339 360
59 393 414
135 210 434
145 327 369
15 389 467
10 72 486
72 119 160
3 95 151
0 139 459
69 79 219
23 51 234
77 230 406
96 174 216
66 100 245
66 100 421
156 175 212
5 72 119
63 372 493
63 313 493
64 359 463
63 328 443
62 220 350
138 149 479
61 102 199
115 176 222
47 192 432
89 237 483
17 290 333
18 256 426
56 419 451
56 440 451
56 394 419
224 274 424
56 394 455
19 193 374
255 347 434
199 231 487
55 195 242
55 224 242
27 55 201
54 328 443
154 167 308
53 94 145
58 105 498
52 106 390
51 234 322
217 279 392
69 219 357
34 136 243
135 183 434
88 256 426
3 46 151
46 94 99
46 95 99
72 213 254
162 402 468
266 303 454
42 109 485
47 113 164
47 164 192
42 117 392
42 117 311
134 212 239
63 313 443
133 146 188
34 171 494
288 308 474
14 57 457
135 183 477
261 390 399
22 87 259
13 433 495
83 320 385
13 25 495
87 140 289
120 178 426
155 255 418
152 411 428
1 176 214
94 180 283
82 159 292
368 450 480
342 429 439
115 176 233
40 116 497
20 130 427
77 252 460
14 456 468
42 240 311
171 363 494
2 111 308
77 131 230
10 72 196
48 81 364
133 146 388
16 342 436
186 333 377
16 221 365
2 201 427
6 52 120
66 330 383
99 149 208
36 168 285
203 338 416
37 48 204
77 366 486
55 201 461
16 197 352
2 27 229
291 361 413
398 471 495
2 111 191
24 77 252
13 25 236
2 229 308
93 175 223
16 342 429
2 191 317
9 60 367
9 37 284
44 66 338
36 285 415
82 163 399
46 151 165
0 246 393
299 415 422
102 199 231
1 17 176
129 305 357
183 355 477
49 247 337
2 27 201
9 284 367
77 326 460
173 192 432
259 294 357
177 372 436
8 58 292
250 342 439
171 332 363
146 288 474
134 158 334
26 89 272
13 74 136
236 262 369
14 85 457
25 262 495
15 33 315
100 455 496
104 320 433
219 244 420
124 398 467
87 259 375
295 316 351
125 275 384
7 130 427
5 213 482
41 166 222
232 362 446
258 435 482
0 393 459
52 390 399
5 345 349
72 79 254
35 75 447
86 258 482
174 207 216
45 240 323
20 232 427
62 227 289
101 348 373
21 59 203
15 315 389
6 120 397
196 219 244
26 31 215
326 381 477
53 94 329
106 384 390
52 106 475
61 102 275
157 162 431
1 333 445
4 50 479
9 60 451
283 459 489
87 140 462
101 126 331
102 275 384
17 222 290
51 322 354
115 166 222
13 136 236
66 338 416
44 66 383
5 428 482
186 237 333
20 232 251
21 59 393
145 153 327
82 399 408
26 89 319
259 294 425
123 248 285
1 17 333
295 316 331
23 54 234
39 89 272
39 89 405
77 326 486
36 299 415
48 364 383
50 149 293
40 116 298
84 287 485
44 303 383
23 54 328
17 176 340
267 382 499
3 46 95
26 215 382
224 278 424
29 31 344
197 429 439
5 72 213
87 462 490
37 48 330
42 423 485
86 213 254
94 145 283
82 206 408
76 83 320
296 347 404
236 327 489
84 211 379
84 109 485
85 225 456
285 318 455
86 213 482
124 335 495
87 227 289
131 149 230
1 214 445
74 104 439
144 324 400
24 173 432
89 237 319
4 50 67
156 239 470
46 165 459
82 105 292
91 267 296
91 142 296
123 169 248
74 104 433
93 175 321
136 358 465
182 266 442
94 138 329
100 185 245
255 418 434
98 99 149
53 145 369
180 283 459
157 444 456
98 230 406
98 149 230
186 237 374
100 185 496
100 367 421
60 100 367
46 180 459
95 151 168
170 250 494
101 331 457
101 127 348
132 161 377
102 231 384
72 473 486
210 269 448
57 417 457
159 163 492
71 131 149
105 141 231
28 105 231
144 159 492
106 211 478
106 125 478
167 308 430
107 197 365
49 181 337
107 197 385
107 127 348
107 348 480
146 189 430
394 419 451
164 173 192
73 118 135
107 184 385
94 138 208
291 346 407
110 198 265
110 150 198
110 150 350
15 124 467
66 330 421
157 162 456
193 374 378
16 205 436
113 405 483
47 113 405
64 305 359
42 240 423
118 135 210
118 210 448
74 136 243
134 158 312
90 120 426
135 244 477
229 280 308
285 361 407
121 122 307
84 287 379
122 307 442
232 251 446
10 196 326
50 149 479
124 398 495
106 125 384
35 88 426
201 232 238
129 305 359
147 273 336
95 98 99
138 149 208
182 260 266
132 186 377
132 186 488
139 236 489
133 286 388
128 133 286
31 333 344
17 222 340
34 136 358
174 207 323
136 194 465
170 177 313
139 459 489
151 165 248
142 300 321
285 407 415
142 249 300
39 175 405
39 272 277
35 88 447
144 159 324
2 410 427
146 188 288
164 173 299
177 372 493
13 74 433
272 277 382
92 147 286
147 392 409
147 336 370
147 286 370
147 279 392
146 189 388
156 212 239
196 228 477
171 358 465
82 159 163
45 323 379
209 238 461
165 169 248
58 105 292
166 202 324
170 313 494
171 304 332
121 171 376
171 376 465
175 212 223
176 222 340
240 311 323
80 179 478
84 179 478
183 347 434
59 185 203
14 85 456
185 203 416
349 411 428
186 193 378
186 193 488
269 448 484
62 110 227
251 446 497
189 401 430
194 376 465
0 194 376
216 440 449
196 228 326
196 244 477
197 352 365
197 385 439
201 238 461
118 253 359
205 297 436
207 323 391
26 31 333
210 226 412
210 226 269
