132 193 488
353 365 450
119 293 345
26 31 382
73 118 359
212 252 470
339 360 413
164 192 432
73 359 463
13 74 439
97 225 457
203 246 338
55 280 403
174 268 472
391 440 451
174 323 472
56 282 339
176 233 340
1 176 340
253 484 499
129 294 425
5 72 160
77 131 366
31 215 382
226 412 499
72 79 213
134 239 312
239 312 460
71 149 293
151 169 248
3 151 165
169 248 285
200 433 495
171 304 469
127 348 373
50 293 345
152 349 411
349 389 467
220 271 476
162 402 431
65 271 315
172 331 437
85 225 457
124 320 335
14 402 468
331 417 457
148 295 437
143 172 437
348 450 480
353 450 480
101 127 373
127 348 480
16 352 365
12 170 177
243 250 494
12 170 250
104 433 439
243 250 439
136 139 194
136 139 489
66 383 421
98 149 406
318 455 496
168 248 285
151 168 248
171 307 469
251 427 446
40 332 443
40 54 464
59 338 416
2 229 317
133 146 288
20 70 251
55 209 224
195 341 453
27 55 280
191 229 317
111 191 288
81 273 336
68 191 288
108 217 392
182 343 497
364 452 454
146 401 430
84 109 179
96 174 475
147 273 409
80 84 179
106 125 275
207 440 449
45 379 485
117 204 311
270 291 361
47 405 483
32 38 132
32 38 396
49 178 181
186 374 378
237 333 374
29 386 499
29 215 382
52 390 475
8 58 386
296 347 434
226 484 499
226 269 484
118 269 484
129 359 425
143 253 499
129 305 420
64 135 463
73 118 448
210 347 434
158 312 381
196 219 420
312 326 460
135 183 210
183 210 347
210 418 434
114 267 277
155 418 434
267 412 418
155 255 434
255 296 434
91 114 267
155 267 418
114 249 277
249 300 321
39 175 300
175 300 321
156 212 470
89 175 405
71 119 131
10 326 486
134 239 252
93 223 334
134 212 252
156 212 223
183 347 355
158 334 404
93 334 404
158 355 404
10 473 486
312 326 381
239 252 460
326 460 486
24 252 470
47 164 432
36 98 168
24 173 406
149 230 406
71 131 230
24 77 406
95 98 168
98 173 406
71 149 230
67 235 495
71 119 293
5 119 160
119 131 160
131 160 366
152 435 482
5 349 428
152 411 435
152 349 428
349 389 411
69 79 254
79 213 254
79 196 219
129 357 420
219 357 420
129 359 463
259 375 490
69 190 254
143 359 425
69 357 490
259 294 490
257 259 294
257 294 425
140 289 462
62 150 220
140 281 289
22 87 227
110 227 289
150 198 468
150 350 468
62 110 150
33 271 476
150 220 350
33 389 467
124 398 471
220 350 476
15 124 431
124 335 471
13 25 433
13 433 439
104 342 439
107 127 480
97 157 456
14 57 85
14 85 402
143 172 198
101 126 457
148 331 437
126 264 373
78 184 385
101 444 457
97 444 457
107 353 480
126 264 351
101 126 373
295 316 437
314 348 368
43 316 437
43 314 368
348 368 450
264 314 351
107 353 365
368 438 450
43 309 368
221 309 481
55 195 221
438 450 481
107 184 365
76 83 104
342 429 436
197 385 429
107 127 184
83 104 385
78 83 103
197 352 385
78 83 385
76 104 320
12 250 494
12 332 363
170 342 436
170 177 436
205 297 325
205 325 341
263 322 453
23 63 328
51 63 354
322 354 453
234 322 354
195 205 221
195 205 341
116 298 424
12 332 443
23 328 443
23 51 63
34 243 494
12 363 494
34 363 494
358 376 465
44 266 338
53 218 369
53 218 458
153 236 327
235 262 495
236 327 369
74 243 439
25 236 369
187 200 433
25 262 369
67 218 458
50 293 479
4 138 479
94 208 329
94 99 208
67 218 235
145 283 489
46 94 180
393 414 459
203 246 393
165 283 459
56 282 455
100 394 455
56 419 440
60 100 394
419 440 451
284 330 367
60 394 419
185 245 496
185 245 416
59 185 416
44 66 303
302 336 364
44 266 303
21 59 338
0 139 194
0 194 465
121 358 376
121 122 376
0 376 465
121 171 358
260 266 303
121 307 343
40 304 497
121 171 307
40 298 464
298 424 464
116 274 424
274 278 424
40 298 497
116 298 497
362 427 446
209 224 274
232 362 427
55 238 461
232 238 461
232 238 362
201 410 427
20 251 427
303 364 454
276 362 446
116 274 276
70 182 260
260 303 454
70 260 454
20 70 454
68 188 306
30 317 371
302 364 452
20 130 371
7 410 427
27 55 461
27 229 280
30 130 371
111 146 474
137 229 280
146 189 401
308 430 474
111 308 474
111 191 229
128 133 188
111 146 288
146 430 474
92 286 388
167 401 430
189 356 401
92 189 356
92 147 356
92 189 388
128 286 370
302 336 370
286 336 370
81 336 364
66 303 383
48 81 383
48 81 273
287 379 485
37 284 330
48 330 383
9 311 451
9 37 204
240 323 391
117 204 409
240 311 391
117 392 409
147 356 395
356 395 401
395 401 441
109 287 485
117 240 392
42 108 109
42 108 392
61 109 179
84 109 287
80 84 478
80 125 478
80 125 179
125 179 275
106 275 390
84 211 478
35 161 396
96 216 466
181 301 466
211 268 472
117 240 311
9 204 311
311 391 451
56 339 440
270 360 413
270 361 413
346 407 422
282 339 413
123 169 285
123 285 318
407 415 422
132 193 291
89 405 483
346 387 422
113 387 422
19 319 483
193 291 346
193 346 387
132 161 488
35 161 377
35 396 426
1 17 445
186 333 374
19 237 374
26 272 319
19 237 319
41 115 222
11 115 233
17 290 340
115 233 340
1 17 340
1 176 445
29 31 215
29 382 499
41 112 344
222 290 344
41 112 324
41 222 344
75 88 447
11 115 166
11 166 400
8 112 324
29 112 344
8 144 324
144 163 492
163 399 408
90 120 397
18 90 426
52 261 390
206 408 491
206 261 491
102 199 487
261 380 384
58 386 498
102 199 275
105 292 498
28 105 498
350 468 476
402 468 476
73 448 463
232 427 461
210 418 448
412 418 448
66 416 421
147 395 409
374 378 488
113 374 387
368 438 481
309 368 481
367 383 421
352 365 385
303 364 383
81 364 383
171 358 363
34 358 363
355 381 477
158 355 381
347 355 404
339 440 449
266 338 442
203 338 393
301 337 449
337 360 449
290 333 344
279 395 409
53 329 458
228 326 477
166 324 400
323 391 440
45 323 423
240 323 423
187 320 433
26 319 333
237 319 333
258 315 435
264 314 373
314 348 373
129 305 463
64 305 463
188 302 306
302 306 452
39 300 382
297 325 341
129 294 357
291 361 407
282 285 455
339 360 449
345 349 398
234 278 464
278 424 464
274 276 362
209 274 362
272 319 483
89 272 483
271 315 389
33 271 389
211 268 478
21 338 393
267 412 499
267 277 499
261 275 384
261 275 390
65 258 281
257 259 375
163 256 399
330 367 383
253 359 484
143 253 359
170 250 342
365 450 481
49 247 396
247 337 360
315 389 435
122 246 376
0 246 376
245 367 421
195 242 453
242 263 453
54 234 464
234 263 278
234 263 322
28 231 498
162 225 402
224 242 263
221 365 481
205 221 297
217 395 441
6 256 399
217 279 395
85 225 402
214 333 377
214 333 445
134 212 334
212 223 334
82 163 408
5 119 345
16 221 297
82 261 380
82 105 141
210 448 463
72 79 473
86 140 462
161 186 488
77 366 473
17 333 445
3 94 95
371 452 454
75 176 445
75 214 377
294 357 490
145 327 369
118 359 484
90 256 397
108 109 217
3 95 151
75 214 445
109 217 441
0 139 459
69 79 219
68 133 288
67 335 471
77 230 406
149 293 479
96 174 216
64 135 244
63 372 493
63 313 493
63 354 453
63 328 443
62 220 271
36 113 299
138 149 479
50 67 345
47 164 299
17 290 333
18 256 426
57 85 457
57 172 331
114 142 249
57 172 198
92 147 336
56 394 419
56 394 455
123 151 169
55 195 242
97 103 444
55 224 242
301 449 466
174 323 440
154 167 308
4 458 479
94 283 329
82 380 384
50 458 479
50 67 458
217 279 392
49 396 426
69 219 357
34 136 243
48 204 409
88 256 426
48 273 409
72 366 473
47 113 299
52 408 491
60 100 245
47 175 405
12 63 313
57 331 417
2 30 130
218 235 262
103 184 444
68 191 317
45 211 379
36 173 299
12 63 443
52 261 491
88 144 163
42 45 423
42 45 109
47 175 432
8 58 159
40 171 332
165 180 283
45 323 472
76 157 320
20 371 454
22 257 425
135 183 477
32 270 360
45 109 485
13 236 489
460 473 486
40 51 54
43 295 314
77 460 473
12 177 493
198 265 425
40 171 304
32 247 360
120 178 426
94 180 283
197 429 436
2 30 317
120 178 181
45 211 472
15 467 476
68 306 317
16 197 436
116 276 497
68 133 188
102 231 487
20 130 427
77 252 460
19 47 113
77 131 230
4 138 208
132 161 396
216 449 466
88 144 324
12 313 493
52 96 466
133 146 388
186 333 377
16 221 365
42 240 392
6 52 120
99 149 208
83 103 157
37 48 204
249 277 300
402 431 476
16 197 352
2 27 229
86 140 281
62 65 271
82 105 159
24 77 252
13 25 236
22 265 425
9 60 367
4 208 329
9 37 284
44 66 338
16 372 436
246 338 442
0 246 393
152 213 428
126 148 351
183 355 477
2 27 201
9 284 367
16 297 372
35 88 377
63 372 453
173 192 432
177 372 436
61 199 487
250 342 439
171 332 363
82 206 261
10 79 196
279 392 409
134 158 334
82 231 384
13 74 136
2 7 130
25 262 495
111 154 229
100 455 496
6 52 408
69 375 490
104 320 433
100 245 496
67 200 495
101 127 444
124 398 467
7 130 427
8 29 112
5 213 428
51 234 354
277 382 499
258 435 482
0 393 459
23 40 51
5 345 349
168 282 285
86 258 482
65 258 315
218 262 369
67 345 471
307 343 497
18 90 256
6 120 397
27 201 427
6 399 408
167 280 403
62 65 281
7 201 410
326 381 477
49 247 301
93 249 321
157 162 431
9 60 451
64 305 420
283 459 489
49 181 301
52 120 466
102 275 384
361 407 413
60 419 451
193 374 488
94 95 99
306 371 452
66 338 416
2 7 201
43 295 316
97 103 157
69 190 375
93 156 321
21 59 393
120 181 466
67 200 335
145 153 327
156 175 432
72 160 366
70 182 497
76 83 157
263 274 278
15 431 476
22 110 265
23 40 443
39 89 272
14 57 468
307 469 497
231 487 498
145 153 236
142 296 404
25 433 495
26 39 382
57 198 468
92 286 336
123 151 165
196 310 420
341 372 453
128 302 370
55 209 362
29 31 344
52 96 475
5 72 213
49 178 426
185 393 414
27 427 461
36 113 422
8 29 386
37 48 330
127 184 444
86 213 254
64 310 420
306 317 371
82 206 408
13 136 489
296 347 404
84 211 379
32 247 396
51 54 234
137 154 229
137 154 241
86 87 190
285 318 455
86 87 462
186 378 488
86 213 482
135 210 463
86 258 281
87 257 375
22 87 257
8 144 159
87 227 289
87 289 462
88 163 256
11 88 233
88 233 447
88 324 400
75 88 377
55 238 362
91 155 267
91 155 255
161 186 377
91 255 296
91 142 296
6 256 397
136 358 465
148 295 314
93 142 249
182 266 442
46 94 165
3 94 165
98 99 149
53 145 369
115 222 290
97 162 456
97 162 225
145 236 489
124 157 431
60 245 367
95 151 168
102 231 384
57 417 457
78 103 184
224 263 274
159 163 492
104 385 429
105 159 292
105 141 231
28 105 231
200 320 335
144 159 492
106 174 268
106 268 478
106 125 478
167 308 430
41 115 324
407 413 415
87 190 375
164 173 192
345 398 471
11 88 400
282 413 415
291 346 407
110 198 265
110 150 198
10 79 473
62 110 281
110 281 289
59 185 393
15 124 467
247 301 337
111 154 308
157 162 456
19 113 374
91 114 142
115 166 202
115 290 340
115 202 324
389 411 435
42 240 423
74 136 243
118 226 269
134 158 312
90 120 426
135 244 477
121 182 343
121 182 442
121 122 442
122 246 442
84 287 379
123 185 414
123 185 496
10 196 326
123 414 459
19 47 483
124 157 320
349 398 467
184 365 385
35 88 426
61 179 199
36 98 173
128 188 302
147 273 336
93 156 223
95 98 99
138 149 208
182 260 266
132 270 291
32 132 270
38 132 396
61 487 498
133 286 388
128 133 286
174 207 449
31 333 344
70 251 497
22 110 227
34 136 358
26 39 272
4 329 458
136 194 465
104 342 429
193 374 387
137 167 241
118 226 412
139 459 489
75 176 447
93 142 404
297 341 372
64 244 310
145 283 329
53 145 329
164 173 299
177 372 493
123 165 459
118 412 448
148 314 351
126 148 457
148 331 457
152 213 482
143 198 425
146 189 388
156 175 321
196 228 477
156 432 470
82 159 163
159 292 498
58 159 498
276 446 497
46 165 180
166 202 324
154 167 241
137 167 280
109 167 441
167 401 441
168 282 415
168 415 422
36 168 422
33 467 476
173 432 470
39 89 175
24 173 470
106 174 390
174 390 475
174 207 440
174 216 449
82 141 231
176 233 447
179 199 275
277 300 382
86 190 254
251 446 497
245 416 421
196 244 310
196 228 326
196 244 477
123 318 496
187 200 320
304 469 497
26 31 333
