220 271 281
157 431 456
65 140 281
353 365 450
73 118 359
39 277 382
52 120 475
339 360 413
160 366 473
47 405 432
15 124 398
73 359 463
313 372 493
165 414 459
203 246 338
55 280 403
44 338 416
391 440 451
60 367 419
84 211 287
49 178 396
96 120 475
56 282 339
253 484 499
119 345 349
129 294 425
77 131 366
39 175 272
72 79 213
71 149 293
187 200 335
36 299 422
3 151 165
145 153 489
33 402 431
15 398 467
220 271 476
65 258 411
162 402 431
14 57 172
172 331 437
85 162 225
162 431 456
143 172 437
353 450 480
101 127 373
325 341 453
16 352 365
243 250 494
63 354 372
136 236 489
103 157 444
243 250 439
136 139 194
136 139 489
66 383 421
318 455 496
207 391 440
123 165 414
46 180 283
3 95 99
171 307 469
0 139 489
40 304 332
307 343 469
40 332 443
20 70 251
195 341 453
27 55 280
109 401 441
81 273 336
68 191 288
191 306 317
108 217 392
188 302 370
7 20 427
20 452 454
182 343 497
38 132 161
364 452 454
84 109 179
147 273 409
96 207 216
174 323 391
45 379 485
174 207 391
301 360 449
216 301 449
31 237 333
270 291 361
207 216 449
47 405 483
32 38 132
178 396 426
49 178 181
26 31 237
113 193 387
237 333 374
29 386 499
29 215 382
82 141 380
29 290 344
82 163 206
8 58 386
267 277 382
296 347 434
210 412 448
226 269 484
118 269 484
143 253 499
135 244 310
228 326 381
73 118 448
73 210 448
196 219 420
228 244 477
312 326 460
228 381 477
142 255 296
91 114 249
73 135 210
210 412 418
255 296 434
93 142 296
91 142 255
249 300 321
39 272 382
39 249 300
156 175 223
156 212 470
89 175 272
19 374 378
10 326 486
93 223 334
156 212 223
183 347 355
158 334 404
158 355 404
10 196 473
305 310 420
10 473 486
24 77 460
173 192 299
164 192 299
98 173 299
24 173 192
24 173 406
149 230 406
131 230 406
24 77 406
98 173 406
3 151 168
67 235 495
5 119 349
5 72 428
5 119 160
77 131 406
72 196 473
5 349 428
152 411 435
349 389 411
65 315 411
258 411 435
87 190 462
79 213 254
219 357 420
129 357 490
79 219 357
259 375 490
69 190 254
69 357 490
259 294 490
87 227 462
22 259 375
57 172 417
129 294 490
257 294 425
14 172 468
22 87 375
87 375 490
86 258 462
62 150 220
140 281 289
22 87 227
62 281 289
22 227 265
62 110 289
150 350 468
62 220 281
150 220 350
315 389 411
33 389 467
33 315 389
398 467 471
33 402 476
220 350 476
15 33 431
15 33 467
15 124 431
76 320 431
76 157 431
107 127 480
14 57 85
143 172 198
101 126 457
172 331 417
78 184 385
101 444 457
97 444 457
107 353 480
126 264 351
126 148 295
295 316 437
43 316 437
16 205 221
264 348 373
107 353 365
368 438 450
16 221 481
221 309 481
55 195 221
438 450 481
107 184 365
107 127 184
78 103 444
78 184 444
83 104 385
78 83 103
197 352 385
78 83 385
12 250 494
170 342 436
63 313 372
170 177 436
16 205 297
297 372 453
205 297 325
297 325 453
205 325 341
177 313 493
51 63 354
234 278 424
195 205 221
195 205 341
224 274 278
23 51 54
34 171 363
12 363 494
34 363 494
358 376 465
0 283 489
53 218 458
236 327 369
74 243 439
25 236 369
104 187 433
25 262 369
50 67 479
138 208 329
4 53 458
67 218 458
50 345 471
4 67 458
50 67 471
138 293 479
94 208 329
99 138 208
94 99 208
218 235 369
67 218 235
4 53 329
145 283 489
4 138 329
3 46 165
203 246 393
100 245 455
100 394 455
60 100 394
284 330 367
60 394 419
66 245 416
185 245 416
44 66 416
59 185 416
44 66 303
66 245 421
302 336 364
182 260 442
0 283 459
44 266 303
182 251 497
21 203 338
21 203 393
0 139 194
0 122 376
121 358 376
194 358 465
121 122 376
121 307 343
182 343 442
121 171 307
298 424 464
195 224 242
55 195 224
274 278 424
116 298 497
209 224 274
232 238 461
232 238 362
201 410 427
2 7 410
7 20 130
276 362 446
116 274 276
260 266 442
70 182 260
70 182 251
20 70 454
30 317 371
306 317 452
20 130 371
7 30 130
20 371 452
317 371 452
7 410 427
27 55 461
137 280 403
2 201 229
2 201 410
30 130 371
111 137 229
137 229 280
137 241 403
154 241 403
154 167 403
154 167 430
111 191 229
68 191 306
146 430 474
167 401 430
189 356 401
128 286 370
128 188 370
302 336 370
81 336 364
66 303 383
81 303 383
287 379 485
37 284 330
48 330 383
37 284 451
204 273 409
117 204 409
147 356 395
279 395 441
147 279 395
147 279 409
42 108 392
45 240 472
42 109 423
211 287 379
109 167 401
61 109 179
80 125 478
80 125 179
106 275 390
84 211 478
45 240 423
52 261 408
90 178 426
96 120 466
96 174 207
106 268 475
211 268 472
9 204 311
9 37 451
394 419 455
270 360 413
270 361 413
282 361 413
282 339 413
123 165 169
3 95 168
36 168 415
36 98 299
36 415 422
89 405 483
346 387 422
113 299 422
113 387 422
19 319 483
193 291 346
193 346 387
38 161 396
301 337 360
35 396 426
186 214 377
1 17 445
19 237 374
19 113 483
26 272 319
19 237 319
26 237 319
41 115 222
1 17 340
1 176 445
29 31 290
29 31 215
29 112 386
29 382 499
41 112 324
75 88 447
11 115 166
11 166 400
8 112 324
29 112 344
144 163 492
206 261 380
52 261 390
261 408 491
82 206 380
206 261 491
231 384 487
141 380 384
102 199 487
261 380 384
61 179 275
58 386 498
102 384 487
8 112 386
350 468 476
402 468 476
428 435 482
232 427 461
226 412 484
35 377 396
127 373 480
348 373 480
368 438 481
309 368 481
348 368 480
367 383 421
352 365 385
12 363 443
356 401 441
314 351 368
347 355 404
346 415 422
293 345 479
345 389 471
345 349 389
320 335 431
333 374 378
153 327 489
166 324 400
322 372 453
322 354 372
33 315 476
271 315 476
311 323 472
311 323 391
309 314 368
305 357 420
264 351 368
113 299 483
93 296 334
296 334 404
148 295 331
159 292 324
8 292 324
291 361 407
282 285 419
285 419 455
282 285 361
284 367 419
43 309 314
56 282 419
65 281 315
271 281 315
274 276 362
97 444 456
81 273 383
272 319 483
89 272 483
125 268 478
211 268 478
268 323 472
174 268 323
267 412 499
227 265 289
261 275 384
261 275 390
163 256 399
86 254 462
190 254 462
330 367 383
69 254 357
253 359 484
143 253 359
170 250 342
12 250 313
248 361 407
248 285 361
365 450 481
181 247 466
247 337 360
247 270 360
247 270 291
284 419 451
245 367 421
195 242 453
242 263 453
239 252 470
54 234 464
234 263 453
234 322 453
234 263 278
248 407 415
196 228 420
228 310 420
228 244 310
209 224 461
55 224 461
224 242 263
224 263 278
53 218 327
6 256 399
186 214 333
214 333 445
134 212 334
212 223 334
134 212 312
82 105 141
81 303 454
96 301 466
16 197 429
77 366 473
18 35 90
135 305 310
17 333 445
28 58 105
75 176 445
201 229 280
35 75 377
75 214 377
75 88 256
135 210 434
74 243 494
118 359 484
74 136 236
90 256 397
72 79 219
71 293 345
75 214 445
31 215 272
48 273 383
247 337 466
91 93 249
71 119 345
68 306 452
68 133 288
164 192 483
70 266 303
64 73 135
64 359 463
24 312 460
38 49 396
77 473 486
61 102 199
262 369 495
47 192 432
17 290 333
210 255 418
414 459 496
146 286 388
56 419 451
163 206 491
56 440 451
43 314 351
40 328 443
71 160 366
56 339 360
56 360 440
54 234 322
3 46 99
346 407 415
52 106 390
51 63 328
23 51 328
79 254 357
295 331 437
120 178 397
217 279 392
158 381 477
274 298 424
69 87 490
64 73 463
68 128 133
12 63 313
46 283 459
46 94 329
46 94 99
162 402 468
45 211 379
45 109 423
92 189 286
54 328 464
44 246 266
44 246 338
42 117 392
88 144 163
41 222 290
389 467 471
17 115 290
209 238 274
17 115 340
22 257 425
135 183 477
37 48 273
45 109 485
13 433 495
13 25 495
11 233 340
28 61 498
12 328 443
198 265 425
41 112 290
18 75 256
62 110 198
155 255 418
152 411 428
2 30 317
83 104 320
120 178 181
298 304 497
412 484 499
45 211 472
368 450 480
342 429 439
116 276 497
34 74 494
42 240 311
35 90 426
2 7 30
9 391 451
135 347 434
88 144 324
169 248 318
16 342 436
57 97 417
135 183 347
6 52 120
2 191 229
70 260 266
234 424 464
83 103 157
69 87 190
238 274 362
68 128 188
16 197 352
14 85 468
82 105 159
133 146 191
13 25 236
22 265 425
93 175 223
42 108 441
91 267 277
4 67 138
16 342 429
2 191 317
11 115 340
39 114 249
16 372 436
188 364 452
70 303 454
0 246 393
240 311 472
42 204 311
129 305 357
9 204 273
183 355 477
207 360 449
1 233 340
399 408 491
16 297 372
177 250 313
113 193 378
77 326 460
161 377 396
177 372 436
8 58 292
61 199 487
110 265 289
121 343 442
212 239 470
250 342 439
171 332 363
9 37 273
134 158 334
96 216 301
25 262 495
74 136 358
59 185 459
89 175 432
301 337 466
218 327 369
21 338 416
6 52 408
67 200 495
57 85 97
71 119 160
36 95 168
101 127 444
32 132 488
65 258 462
42 109 441
232 362 446
248 285 318
40 328 464
258 435 482
0 393 459
32 193 291
0 122 246
122 246 266
86 258 482
71 131 366
20 232 427
104 320 335
126 295 316
72 213 482
18 90 256
39 175 321
6 120 397
27 201 427
6 399 408
52 106 475
89 405 432
61 102 275
93 249 321
156 192 470
108 279 441
72 196 219
106 125 268
5 72 473
21 393 459
32 49 181
171 332 469
102 275 384
34 121 358
51 322 354
51 54 322
16 365 481
12 63 328
65 140 462
140 227 289
186 333 378
20 232 446
34 121 171
120 181 466
145 153 327
156 175 432
76 83 157
152 428 435
21 59 416
21 59 459
26 31 272
62 150 198
67 138 479
43 126 351
155 267 412
22 257 294
18 35 75
77 326 486
24 239 252
24 239 312
84 287 485
39 114 277
5 160 473
32 193 488
23 54 328
298 304 464
28 58 498
267 382 499
39 300 321
123 414 496
197 429 439
27 427 461
22 259 294
150 172 198
37 48 330
127 184 444
123 169 318
86 213 254
32 38 49
343 469 497
76 83 320
40 304 464
296 347 404
236 327 489
9 311 391
212 239 312
42 117 204
84 109 485
85 162 468
189 286 388
285 318 455
86 213 482
131 149 230
99 149 293
88 163 256
185 245 455
356 395 441
11 88 233
88 233 447
74 104 439
88 324 400
32 181 247
46 165 459
91 93 142
91 155 267
91 155 255
91 114 277
6 256 397
74 104 433
93 175 321
67 200 471
115 222 290
185 455 496
96 174 268
31 290 333
97 162 456
97 162 225
157 444 456
98 99 406
332 363 443
117 279 392
99 138 293
99 149 406
60 100 367
101 126 264
101 264 373
132 161 377
36 95 98
64 135 305
100 245 367
19 113 378
104 197 385
104 197 439
159 163 492
104 187 335
96 268 475
105 159 292
71 131 149
235 369 495
105 141 384
105 231 384
144 159 492
105 231 487
28 105 487
151 248 415
106 125 179
106 179 275
41 115 324
146 189 430
11 88 400
85 97 225
108 217 279
291 346 407
110 198 265
68 188 452
111 154 241
111 154 308
46 180 329
111 137 241
158 312 326
115 166 202
64 305 359
115 202 324
1 176 233
117 279 409
42 240 423
185 459 496
28 61 487
118 226 269
111 146 191
134 158 312
135 244 477
121 122 442
122 266 442
10 196 326
184 365 385
163 399 491
129 143 359
129 305 359
129 143 425
148 417 457
147 273 336
95 98 99
132 186 377
132 186 488
133 191 288
128 133 286
13 74 236
43 126 316
151 168 415
136 194 358
118 226 412
140 227 462
151 165 248
75 176 447
144 159 324
124 335 398
304 332 469
145 180 283
145 180 329
53 145 327
53 145 329
133 146 286
177 372 493
111 146 308
124 335 431
146 308 474
92 147 189
13 74 433
147 189 356
92 147 286
118 412 448
147 336 370
147 286 370
27 201 280
126 148 457
264 348 368
150 172 468
215 272 382
143 198 425
72 428 482
154 430 474
155 412 418
156 192 432
146 189 388
158 326 381
158 355 477
82 159 163
209 238 461
276 446 497
97 417 457
165 169 248
58 105 292
166 202 324
34 74 358
20 251 446
176 233 447
148 331 417
170 177 250
90 178 397
80 179 478
84 179 478
349 411 428
186 193 378
186 193 488
154 308 474
187 433 495
187 200 495
188 302 364
81 364 454
251 446 497
189 401 430
192 252 470
24 192 252
47 192 483
50 345 479
116 274 298
194 376 465
0 194 376
196 228 326
32 247 291
123 318 496
112 290 344
200 398 471
200 335 398
304 469 497
207 360 440
164 299 483
210 255 434
