157 431 456
119 293 345
25 136 236
73 118 359
73 135 463
39 277 382
52 120 475
164 192 432
46 165 283
47 405 432
15 124 398
73 359 463
116 276 446
313 372 493
165 414 459
282 285 318
203 246 338
55 280 403
44 338 416
106 211 268
84 211 287
144 166 400
96 120 475
56 282 339
64 129 305
196 228 244
119 345 349
129 294 425
64 135 310
77 131 366
134 239 312
239 312 460
71 149 293
187 200 335
151 169 248
145 153 489
171 304 469
50 293 345
15 398 467
152 349 411
349 389 467
345 349 471
220 271 476
172 331 437
85 162 225
162 431 456
331 417 457
143 172 437
353 450 480
101 127 373
177 436 493
297 372 436
63 354 372
34 171 358
104 433 439
243 250 439
136 139 194
66 383 421
123 165 414
151 168 248
46 180 283
171 307 469
171 304 363
251 427 446
40 332 443
116 251 497
40 54 464
20 70 251
55 209 224
195 341 453
27 55 280
109 401 441
133 188 288
7 20 427
20 452 454
182 343 497
282 407 415
38 132 161
364 452 454
84 109 179
96 174 475
147 273 409
80 84 179
301 360 449
216 301 449
31 237 333
32 38 132
32 38 396
178 396 426
49 178 181
186 374 378
31 333 445
26 31 237
113 193 387
17 31 445
29 386 499
29 215 382
82 141 380
29 290 344
82 163 206
52 390 475
8 58 386
82 159 492
144 163 256
382 412 499
118 269 448
226 269 484
226 269 448
118 269 484
129 359 425
143 253 499
129 305 420
135 244 310
64 135 463
228 326 381
158 312 381
228 244 477
228 381 477
183 244 477
142 255 296
155 255 267
210 412 418
114 267 277
158 312 334
114 249 277
91 142 249
39 249 277
39 249 300
39 175 300
175 300 321
93 142 321
19 113 193
10 326 486
93 223 334
183 347 355
158 334 404
134 312 334
158 355 404
10 196 473
10 473 486
239 252 460
326 460 486
173 192 299
47 164 432
164 192 299
36 98 168
98 173 299
24 173 192
77 366 460
24 173 406
149 230 406
24 77 406
95 98 168
98 173 406
71 149 230
5 119 349
5 72 428
71 119 293
131 160 366
77 131 406
152 435 482
5 349 428
152 349 428
349 389 411
86 190 482
190 213 482
129 357 420
244 310 420
219 357 420
129 357 490
79 219 357
259 375 490
190 213 254
143 359 425
69 357 490
22 259 375
257 294 425
22 87 375
87 375 490
86 258 462
62 150 220
140 281 289
110 227 289
110 150 265
150 198 468
150 350 468
150 198 265
62 110 150
33 271 476
150 220 350
315 389 411
33 389 467
33 402 476
220 350 476
15 33 431
15 33 467
15 124 431
187 320 335
13 25 433
184 352 365
162 225 456
143 172 198
101 184 444
126 148 295
126 295 351
43 316 437
16 205 221
264 348 373
101 127 184
107 353 365
368 438 450
221 309 481
55 195 221
438 450 481
107 184 365
76 83 104
342 429 436
197 352 429
107 127 184
78 103 444
78 184 444
83 104 385
78 83 103
78 83 385
76 104 320
23 54 443
12 332 363
170 342 436
63 313 372
170 177 436
205 297 325
205 325 341
372 436 493
177 313 493
322 354 453
234 278 424
195 205 221
195 205 341
12 332 443
23 328 443
23 51 54
34 243 494
12 363 494
358 376 465
44 266 338
53 218 458
236 327 369
25 236 369
187 200 433
25 262 369
25 262 433
53 153 327
67 218 458
50 293 479
4 138 479
138 293 479
99 138 208
218 235 369
67 218 235
180 283 329
53 145 153
145 283 489
4 138 329
203 246 393
165 283 459
123 318 414
330 367 421
100 245 455
100 394 455
56 419 440
60 100 394
284 330 367
185 245 496
59 185 496
44 66 416
59 185 416
66 245 421
60 367 421
302 336 364
182 260 442
44 266 303
21 203 393
246 266 338
0 139 194
0 122 376
121 122 376
0 376 465
260 266 303
304 332 363
121 171 307
40 298 464
40 54 443
298 424 464
195 224 242
195 242 263
55 195 224
274 278 424
362 427 446
209 224 274
232 362 427
232 238 362
2 7 410
20 251 427
7 20 130
276 362 446
116 251 446
116 274 276
70 182 260
260 303 454
70 260 454
20 70 454
20 130 371
20 371 452
7 410 427
154 241 308
27 229 280
137 280 403
30 130 371
137 241 308
137 241 403
154 241 403
154 167 403
308 430 474
111 191 229
133 189 388
146 430 474
92 286 388
133 146 189
167 401 430
92 189 388
302 336 370
286 336 370
81 336 364
330 383 421
92 147 273
37 284 330
48 330 383
9 37 204
240 323 391
204 273 409
117 204 409
240 311 391
279 395 441
147 279 395
356 395 401
217 279 441
395 401 441
117 240 392
109 423 485
42 109 423
211 287 379
109 167 401
61 109 179
80 84 478
106 125 211
84 211 478
45 240 423
52 120 397
90 178 426
6 52 397
96 120 466
120 178 466
96 216 466
178 181 466
9 204 311
339 360 440
394 419 455
56 339 440
32 270 291
282 339 413
282 285 415
123 285 318
123 165 169
151 165 169
3 46 94
36 168 415
36 98 299
113 164 299
346 361 407
291 346 361
89 405 483
193 291 346
193 346 387
38 161 396
132 161 488
35 161 377
32 49 247
301 337 360
49 181 247
75 176 214
1 17 445
19 113 483
26 272 319
89 272 319
26 237 319
11 115 233
1 17 340
29 382 499
11 233 447
8 112 324
88 144 400
144 163 492
82 163 492
261 384 390
105 141 292
88 144 256
163 399 408
52 261 390
261 408 491
82 206 380
206 261 491
141 380 384
102 199 487
61 179 275
58 386 498
105 292 498
8 112 386
28 105 498
350 468 476
402 468 476
366 460 473
226 412 484
282 407 413
60 394 451
108 392 441
391 419 451
387 415 422
104 385 439
374 378 488
127 373 480
348 373 480
368 438 481
309 368 481
348 368 480
16 365 436
352 365 429
355 381 477
158 355 381
353 450 481
314 351 368
349 398 471
347 355 404
320 335 431
346 387 415
304 332 497
53 329 458
51 328 354
63 328 354
153 327 489
144 324 492
323 391 440
187 320 433
318 419 455
316 331 437
309 314 368
264 351 368
113 299 387
299 387 422
297 354 372
297 325 341
148 295 331
217 392 441
270 291 413
287 423 485
43 309 314
140 281 462
65 281 462
65 281 315
137 280 308
277 382 412
274 276 362
273 303 383
271 315 389
33 271 389
270 339 413
211 268 379
268 323 472
174 268 323
261 399 408
253 412 499
253 412 484
253 359 484
143 253 359
170 250 342
12 250 313
170 250 313
91 249 267
114 249 267
248 285 415
247 337 360
181 247 301
246 260 266
243 433 439
239 252 470
19 237 483
67 235 471
54 234 464
234 322 453
234 263 278
111 229 308
255 296 347
224 242 263
212 223 470
196 219 473
53 218 327
214 377 378
186 214 378
186 214 333
214 333 445
134 212 334
212 223 334
82 141 292
81 303 454
136 139 236
80 179 275
80 211 478
79 190 254
181 216 301
18 35 90
270 339 360
35 75 377
75 214 377
17 31 215
118 359 484
72 79 219
72 119 160
71 230 406
72 152 428
48 273 383
0 139 459
68 306 452
96 174 216
181 216 466
5 72 119
64 359 463
63 328 443
78 184 197
62 220 271
152 315 411
161 378 488
61 102 199
262 369 495
64 129 359
59 318 414
156 223 470
50 67 345
66 185 245
8 58 324
89 237 483
210 255 418
57 172 331
168 248 415
163 206 491
57 172 198
297 354 453
92 147 395
43 314 351
80 125 275
255 347 434
56 282 318
97 103 444
27 55 201
54 234 322
346 407 415
174 323 440
154 167 308
184 197 352
23 51 328
120 178 397
50 67 458
34 136 243
274 298 424
69 87 490
72 366 473
45 287 379
60 100 245
12 63 313
391 419 440
46 94 329
57 331 417
3 46 151
72 213 254
2 30 130
68 191 317
162 402 468
47 113 164
12 63 443
41 222 290
365 429 436
62 281 315
45 323 472
34 171 494
76 157 320
209 238 274
18 88 256
17 115 340
43 316 351
22 257 425
14 57 457
32 270 360
460 473 486
28 61 498
13 25 136
41 112 290
12 243 250
17 29 290
32 247 360
48 273 330
157 320 431
155 255 418
1 176 214
2 30 317
81 92 336
82 159 292
68 306 317
368 450 480
342 429 439
115 176 233
102 231 487
40 116 497
77 252 460
11 115 400
171 363 494
35 90 426
159 324 492
26 31 39
9 391 451
6 261 399
221 353 481
326 381 460
71 131 406
92 189 401
16 221 365
3 99 208
2 191 229
32 49 178
234 424 464
83 103 157
203 338 416
69 87 190
238 274 362
11 88 447
117 204 240
55 201 461
2 27 229
291 361 413
14 85 468
81 92 273
80 125 211
24 77 252
22 265 425
42 108 441
2 191 317
22 227 462
127 353 480
9 37 284
188 364 452
46 151 165
0 246 393
299 415 422
0 358 465
183 355 477
2 27 201
207 360 449
1 115 340
161 396 426
9 284 367
69 190 357
14 57 198
61 199 487
195 234 263
267 277 412
45 268 379
163 408 491
60 367 451
29 344 386
6 52 261
115 166 400
250 342 439
3 94 208
13 243 433
13 74 136
0 194 358
14 85 457
2 7 130
147 217 409
89 175 432
17 115 222
218 327 369
1 115 176
104 320 433
71 119 160
219 244 420
32 132 488
65 258 462
295 316 351
42 109 441
125 275 384
9 367 451
33 162 431
14 198 468
37 273 330
258 435 482
0 393 459
32 193 291
0 122 246
72 79 254
35 75 447
86 258 482
65 258 315
107 127 353
45 240 323
297 341 453
67 345 471
21 59 203
45 268 472
196 219 244
95 98 406
59 393 459
18 35 88
12 243 494
106 384 390
89 405 432
61 102 275
156 192 470
4 50 479
64 305 420
283 459 489
134 239 470
78 197 385
102 275 384
17 222 290
51 322 354
115 166 222
18 163 399
361 407 413
59 414 459
51 54 322
18 90 397
6 18 397
140 227 289
193 374 488
306 371 452
44 66 383
128 286 302
186 237 333
93 156 321
33 162 402
21 59 393
156 175 432
72 160 366
70 182 497
76 83 157
263 274 278
30 306 371
123 248 285
22 110 265
134 212 470
22 87 462
37 204 273
221 353 365
295 316 331
39 89 272
31 39 215
155 267 412
58 159 324
22 257 294
307 469 497
36 299 415
40 116 298
142 296 404
143 265 425
84 287 485
44 303 383
111 133 191
92 286 336
32 193 488
97 101 457
85 97 457
17 29 215
197 429 439
166 202 222
18 163 256
22 259 294
6 18 399
32 178 396
30 306 317
64 310 420
19 193 237
39 215 382
296 347 404
236 327 489
9 311 391
92 356 401
84 109 485
85 162 468
56 318 419
86 87 190
86 87 462
4 50 458
45 287 423
2 232 427
1 214 445
40 332 497
66 185 416
89 237 319
59 318 496
92 356 395
123 169 248
94 138 329
95 149 293
95 149 406
97 101 444
128 133 302
3 99 151
186 237 374
99 138 293
206 261 384
101 148 457
101 126 148
95 151 168
101 264 373
101 126 351
101 264 351
102 231 384
95 99 151
57 417 457
103 157 225
97 103 225
224 263 274
235 369 495
105 141 384
245 318 496
105 231 384
71 131 160
105 231 487
81 273 303
28 105 487
106 174 268
167 308 430
62 271 315
146 189 430
394 419 451
73 118 135
94 138 208
42 108 240
11 88 400
85 97 225
62 110 281
110 281 289
68 188 452
200 262 495
111 133 146
247 301 337
46 180 329
188 191 288
41 112 202
112 202 324
16 205 436
113 405 483
47 113 405
206 380 384
200 235 471
117 217 409
117 217 392
41 202 222
42 240 423
118 135 210
118 210 448
74 136 243
28 61 487
229 280 308
13 74 243
121 182 343
121 182 442
121 122 442
121 307 497
121 343 497
122 246 442
157 225 456
10 196 326
349 398 467
106 125 384
60 245 421
142 255 267
201 232 238
129 259 294
129 259 490
93 142 334
93 156 223
139 236 489
133 191 288
133 286 388
128 133 286
112 344 386
133 188 302
174 207 449
70 251 497
22 110 227
34 136 358
136 194 358
26 39 272
4 329 458
170 177 313
79 190 357
139 459 489
140 227 462
91 142 267
75 176 447
142 300 321
142 249 300
142 334 404
143 198 265
35 88 447
124 335 398
2 410 427
145 283 329
53 145 329
111 146 308
124 335 431
146 308 474
171 358 376
147 217 279
264 348 368
148 331 457
152 213 482
152 258 435
152 258 315
155 412 418
156 192 432
200 235 495
156 175 321
159 292 498
209 238 461
58 159 498
286 302 370
108 240 392
161 377 378
35 161 426
144 166 324
166 202 324
121 171 376
39 89 175
106 174 390
174 390 475
174 207 440
174 216 449
176 233 447
90 178 397
183 347 434
183 210 434
72 219 473
68 188 191
188 302 364
81 364 454
189 401 430
192 252 470
24 192 252
246 260 442
193 237 374
72 152 213
116 274 298
312 381 460
195 234 453
196 228 326
95 99 293
2 201 232
197 385 439
112 290 344
200 262 433
200 398 471
200 335 398
201 238 461
59 203 416
204 240 311
205 297 436
304 469 497
207 360 440
55 209 461
210 226 412
210 226 448
135 210 244
183 210 244
245 318 455
210 255 434
