113 130 217
151 185 236
36 209 224
38 147 192
63 107 194
102 111 238
21 163 184
54 88 122
106 112 155
77 138 212
130 181 241
96 130 181
87 89 171
35 104 157
0 82 199
59 206 208
5 51 231
5 49 231
62 231 244
67 201 231
17 111 238
124 176 245
18 30 209
12 124 243
34 202 210
69 92 175
42 144 163
34 150 210
44 70 209
177 237 238
17 177 238
6 108 204
20 168 172
75 172 180
20 168 248
42 57 144
88 110 136
69 98 160
50 69 210
121 216 229
77 138 239
77 196 239
43 53 248
130 217 241
119 217 227
156 169 178
169 178 181
178 181 241
78 126 165
113 119 217
89 225 233
90 211 214
95 114 141
89 171 225
78 126 157
66 112 155
41 126 165
41 85 165
35 126 157
1 52 151
78 104 157
1 23 52
69 98 210
150 184 210
3 133 219
3 35 55
92 151 185
3 35 151
133 159 219
0 25 133
32 93 153
31 38 123
38 131 147
82 199 232
195 208 213
25 59 206
195 199 208
0 25 59
206 208 213
32 72 206
14 195 213
32 142 159
72 133 159
33 115 166
3 33 219
47 50 105
32 72 159
142 159 219
12 32 93
11 58 149
93 153 245
67 74 80
12 93 245
12 124 245
124 139 176
11 139 201
139 186 201
49 74 80
67 186 201
49 67 231
49 67 74
12 182 243
12 145 182
81 226 230
50 105 185
18 101 117
36 117 173
51 231 244
5 51 230
61 102 238
62 102 244
27 116 179
18 36 117
18 36 209
101 117 179
18 30 101
27 30 48
48 70 202
27 48 60
33 115 219
142 145 223
98 184 210
40 160 235
40 144 235
127 172 180
42 163 164
108 135 150
135 150 164
21 98 184
44 209 224
34 46 150
34 70 202
6 7 177
61 222 238
45 128 194
45 128 222
45 91 194
128 194 237
107 194 237
7 63 107
9 83 204
83 108 204
42 75 164
91 194 247
45 62 91
125 140 220
170 189 249
127 137 191
120 174 200
42 57 120
57 118 120
56 110 246
170 189 246
15 228 242
65 134 198
71 103 242
53 86 248
99 103 242
54 88 136
71 134 136
8 148 229
122 129 162
8 122 167
88 122 162
56 132 246
71 110 136
118 122 167
118 122 129
118 167 205
69 175 234
109 118 205
146 175 234
109 160 234
69 160 234
40 109 160
146 190 234
66 155 193
76 190 205
76 84 190
26 68 196
8 121 229
68 77 196
22 155 193
26 68 216
84 121 216
22 24 26
106 155 183
187 225 233
13 196 239
13 187 239
95 188 212
37 187 188
37 95 188
65 73 228
65 73 100
15 86 203
65 198 228
37 86 203
198 228 242
158 203 221
37 158 203
37 95 158
85 214 215
4 214 215
89 211 233
132 200 246
189 200 246
187 188 212
138 187 212
89 183 211
145 182 223
20 172 191
171 187 225
156 169 207
153 176 245
149 153 176
92 151 175
151 166 236
108 150 177
178 215 217
46 150 177
150 163 184
140 143 197
140 143 172
140 168 172
139 186 243
11 139 149
138 187 239
137 174 200
126 131 156
128 237 238
81 182 230
120 132 200
57 118 144
118 120 132
117 173 226
116 182 223
115 166 236
23 112 154
106 112 154
127 174 180
17 111 224
110 170 246
56 110 129
110 129 162
40 109 144
6 108 177
75 108 172
83 108 172
182 230 243
106 154 211
7 107 177
61 102 222
54 100 136
8 76 167
39 142 219
77 94 216
38 123 126
114 158 221
152 156 207
34 44 46
67 80 243
43 191 249
32 153 213
41 85 215
189 200 249
39 185 236
30 48 70
30 70 209
29 64 247
5 80 243
29 91 247
15 203 221
10 16 213
53 99 103
73 100 148
27 30 101
27 101 179
15 221 228
24 26 183
26 87 171
178 217 241
77 212 240
94 97 141
22 24 183
39 115 236
68 77 216
53 110 170
23 154 161
1 23 104
23 78 104
3 31 133
22 26 190
31 82 133
27 60 223
22 146 190
119 227 233
194 197 204
10 147 192
21 144 235
21 144 163
8 122 148
106 183 211
2 73 114
20 43 191
19 60 223
25 72 133
53 86 99
26 84 216
19 39 223
21 98 160
13 171 187
27 116 223
39 115 219
20 43 248
47 48 60
25 72 206
1 35 151
78 85 165
71 103 110
15 86 242
58 149 153
6 194 204
88 110 162
128 222 238
41 178 215
34 44 70
6 7 63
23 85 161
4 211 233
35 123 126
8 84 121
41 156 178
4 217 227
5 49 80
6 63 194
14 195 199
154 161 211
10 14 192
56 118 132
109 190 205
1 35 104
13 171 196
19 39 185
36 51 111
150 163 164
16 131 147
3 31 55
2 73 228
31 35 123
28 168 220
14 199 232
53 170 249
2 218 228
0 59 208
16 152 156
3 33 166
4 215 217
29 140 197
81 116 182
56 118 129
36 111 224
62 102 222
45 62 222
10 16 147
127 172 191
9 143 172
9 83 172
31 38 232
4 227 233
117 179 226
5 230 243
31 82 232
43 53 249
143 197 204
109 118 144
107 177 237
75 135 164
12 142 145
73 114 141
16 58 213
22 66 146
109 190 234
29 64 197
73 97 141
52 66 146
14 192 232
140 168 220
54 100 122
137 200 249
51 102 244
26 171 196
124 139 243
64 194 197
12 32 142
42 174 180
16 131 156
26 84 190
17 44 224
100 122 148
23 78 85
31 35 55
3 151 166
22 66 193
8 76 84
28 168 248
53 103 110
19 47 105
38 126 131
19 105 185
0 199 208
94 141 240
94 97 216
41 126 156
50 92 185
2 218 221
42 120 174
42 75 180
51 102 111
4 90 211
44 46 177
38 192 232
52 66 112
47 48 202
47 202 210
47 50 210
21 160 235
2 114 221
51 173 226
51 226 230
52 146 175
97 216 229
85 161 211
39 142 223
23 52 112
9 143 204
95 141 240
32 206 213
64 194 247
58 153 213
29 91 140
75 108 135
79 96 152
71 198 242
127 137 174
65 100 136
65 134 136
22 155 183
67 186 243
26 87 183
91 125 140
71 134 198
73 97 229
73 148 229
77 94 240
96 169 181
76 167 205
17 44 177
50 69 92
52 151 175
10 14 213
36 51 173
137 191 249
81 179 226
16 79 152
81 116 179
0 82 133
95 114 158
85 211 214
86 99 242
139 149 176
87 89 183
19 47 60
218 221 228
4 90 214
95 212 240
96 113 130
96 113 119
96 119 233
96 152 207
96 169 207
79 96 233
