152 169 207
79 113 233
126 156 178
41 126 178
38 147 192
63 107 194
53 71 110
21 163 184
76 84 121
54 88 122
87 106 183
77 138 212
13 171 225
130 181 241
79 96 130
96 130 181
1 104 151
10 14 16
10 16 131
14 147 192
59 206 208
5 51 231
5 49 231
62 231 244
17 111 238
18 30 209
34 202 210
42 144 163
116 179 226
44 70 209
117 173 179
177 237 238
17 177 238
17 177 224
6 108 204
7 63 204
108 135 164
20 168 172
75 172 180
174 189 200
88 110 136
8 54 122
163 164 184
66 146 175
69 98 160
13 187 225
43 53 248
130 217 241
119 217 227
156 169 178
96 181 207
169 181 207
215 217 241
113 119 217
113 119 233
89 225 233
89 154 211
90 211 214
1 78 104
95 114 141
89 171 225
78 154 161
23 106 112
41 126 165
41 85 165
195 199 232
35 126 157
31 55 123
1 52 151
78 104 157
52 92 151
1 23 52
52 92 175
1 23 78
69 98 210
3 35 55
32 142 145
3 35 151
0 3 133
38 131 147
82 192 232
195 208 213
195 199 208
0 25 59
206 208 213
14 195 213
32 142 159
72 133 159
32 72 159
81 145 182
149 176 245
12 32 93
149 153 245
11 58 149
58 149 213
93 153 245
12 32 145
67 74 80
12 93 245
124 139 176
11 139 201
49 74 80
67 186 201
49 67 74
124 186 243
80 230 243
81 182 243
12 145 182
81 116 226
173 179 226
51 231 244
5 51 230
62 102 244
48 60 202
30 48 209
18 30 101
48 70 209
47 60 202
27 48 60
105 185 236
27 39 223
33 166 236
98 160 235
98 184 210
40 160 235
40 144 235
40 57 144
42 163 164
21 98 184
21 98 235
44 209 224
34 46 150
6 7 177
44 177 224
140 143 168
194 197 247
107 194 237
128 222 237
6 7 204
7 63 107
91 194 247
45 62 91
75 83 172
43 191 248
137 174 180
75 174 180
127 137 180
20 127 191
120 174 200
57 118 120
56 110 246
170 189 246
53 71 103
54 134 136
65 134 198
53 86 248
54 88 136
71 134 136
94 97 229
8 122 167
56 129 162
88 122 162
56 132 246
71 110 136
69 175 234
146 175 234
69 160 234
66 146 193
146 190 234
22 146 193
76 84 190
26 68 196
68 77 196
26 68 216
68 94 216
84 121 216
106 155 183
187 225 233
13 196 239
37 187 188
37 95 188
15 86 99
2 94 97
65 73 100
15 86 203
198 228 242
158 203 221
37 95 158
81 226 243
85 214 215
4 214 215
89 211 233
189 200 246
24 183 193
155 183 193
77 188 196
170 174 189
20 168 191
115 166 219
122 162 167
126 157 165
89 154 171
226 230 243
149 206 213
142 145 219
145 219 223
29 140 247
64 140 247
11 139 149
137 170 174
135 150 184
135 164 184
131 156 169
118 129 205
129 162 167
127 137 249
133 142 159
126 131 156
125 140 168
31 123 192
120 132 246
42 120 144
109 118 234
118 205 234
118 120 132
116 145 223
81 116 145
115 166 236
149 153 206
17 111 224
133 142 219
36 111 117
110 170 246
56 110 162
6 108 177
106 155 193
66 106 193
105 115 236
123 126 131
7 107 177
61 102 222
102 128 222
54 100 134
99 228 242
8 76 167
34 44 46
67 80 243
43 191 249
31 82 192
41 85 215
2 141 240
30 117 179
29 91 247
129 167 205
57 120 144
15 203 221
121 148 229
53 99 103
87 154 171
73 100 148
30 116 179
92 151 236
16 96 152
15 221 228
59 72 206
24 26 183
26 87 171
77 212 240
120 200 246
30 101 117
53 110 170
66 106 112
22 26 190
22 146 190
84 190 216
119 227 233
16 79 96
78 157 165
194 197 204
9 143 168
21 144 235
21 144 163
75 164 174
39 219 223
13 26 171
25 59 72
20 172 180
95 114 218
76 205 234
53 86 99
33 151 236
8 100 148
92 185 236
27 116 223
39 115 219
37 86 158
32 72 93
5 80 230
169 178 215
78 85 165
124 182 243
51 117 173
18 36 224
88 110 162
27 48 116
24 26 193
41 178 215
124 139 201
34 44 70
4 211 233
12 124 176
35 123 126
9 83 108
4 217 227
5 49 80
10 14 131
73 97 228
0 82 232
154 161 211
64 140 143
40 160 234
143 197 247
56 118 132
34 150 184
30 48 116
26 190 216
14 195 232
22 26 193
63 194 204
0 31 82
34 184 210
38 123 192
3 31 55
91 194 237
42 164 174
53 170 249
2 218 228
0 59 208
19 27 39
0 3 31
78 85 161
0 199 232
181 215 241
4 215 217
95 138 188
56 118 129
13 26 196
3 33 133
18 209 224
19 105 115
9 108 204
36 111 224
68 94 240
36 101 117
2 114 218
9 168 172
2 97 228
19 39 115
9 83 172
47 105 185
4 227 233
2 94 240
28 125 220
45 102 128
13 188 239
38 123 131
69 175 210
34 48 70
43 53 249
143 197 204
64 143 247
107 177 237
65 100 134
0 72 133
35 151 157
169 181 215
16 58 213
3 33 151
28 125 168
14 192 232
51 102 244
2 114 141
68 77 240
13 187 188
14 131 147
87 106 154
77 138 188
16 131 169
94 121 216
14 16 213
8 76 148
33 133 219
33 166 219
28 168 248
47 50 185
19 47 105
95 138 212
45 62 102
0 199 208
20 127 180
40 57 118
40 109 118
40 109 234
50 92 185
42 120 174
45 91 128
0 25 72
51 102 111
4 90 211
12 124 182
44 108 135
44 46 135
16 152 169
46 135 150
52 66 112
168 191 248
47 202 210
47 50 210
73 198 228
49 67 201
34 48 202
50 175 210
50 92 175
127 191 249
51 111 117
51 173 226
51 226 230
52 66 175
137 170 249
85 161 211
23 52 112
9 143 204
44 108 177
95 141 240
61 102 111
29 91 140
18 36 101
71 198 242
61 222 237
124 186 201
61 237 238
67 186 243
26 87 183
91 125 140
71 99 103
71 99 242
71 134 198
72 93 153
104 151 157
72 153 206
65 73 198
73 97 229
73 148 229
76 121 148
76 167 205
76 190 234
12 176 245
23 78 106
78 106 154
79 130 217
79 113 217
75 83 164
85 211 214
188 196 239
83 108 164
139 149 176
35 55 123
49 201 231
61 111 238
19 47 60
19 27 60
218 221 228
91 128 237
8 54 100
94 121 229
95 218 221
4 90 214
95 158 221
95 212 240
86 158 203
96 152 207
15 99 228
