66 163 198
99 140 246
90 196 266
200 249 284
79 223 246
3 49 63
96 199 245
107 280 295
184 195 241
21 234 282
1 192 271
36 104 196
82 136 230
197 205 229
26 145 163
86 211 243
24 160 210
103 121 217
123 175 265
29 137 179
103 231 292
79 140 246
88 116 119
33 92 242
100 184 281
16 161 246
105 127 228
53 92 108
14 118 143
85 105 208
22 88 119
33 53 236
108 177 269
22 88 225
22 247 255
188 200 284
71 125 249
100 184 249
64 100 281
125 184 249
71 188 267
47 80 117
36 104 155
17 158 193
71 188 284
149 153 259
42 124 295
107 193 280
35 212 277
116 210 258
78 129 247
6 26 145
97 127 145
66 221 243
66 183 243
59 201 222
147 250 254
2 171 172
95 148 156
42 192 263
1 164 271
173 193 251
44 50 110
52 81 120
52 62 298
103 206 239
56 113 148
93 253 254
154 171 231
12 13 131
3 49 142
154 248 272
76 93 147
147 250 272
163 183 198
18 111 282
25 69 194
130 142 151
24 48 208
45 91 135
29 137 180
19 118 279
8 29 180
118 167 216
29 179 190
3 122 131
13 130 274
23 142 170
73 98 218
92 218 242
99 161 246
33 99 161
33 53 92
139 177 269
73 92 218
14 40 73
0 84 223
14 73 98
14 98 118
19 275 279
31 275 279
31 283 297
118 216 279
31 45 135
174 179 216
10 48 215
45 91 279
91 135 216
91 216 279
135 175 216
31 135 283
108 269 275
31 269 275
31 45 279
31 269 297
209 269 297
19 87 275
22 43 255
22 43 225
134 136 203
43 136 203
43 225 285
43 285 287
48 160 209
10 48 208
15 24 210
24 48 160
48 209 215
123 135 175
6 144 210
88 116 210
129 233 277
22 119 247
119 129 233
78 247 293
119 129 247
247 255 293
82 136 255
43 136 255
82 255 293
139 203 287
78 129 277
78 277 281
27 82 293
128 136 168
43 203 287
134 139 203
128 134 236
128 134 136
30 128 168
71 79 125
125 184 195
35 80 281
195 230 241
35 277 281
64 249 260
47 117 152
35 80 117
212 233 277
4 70 199
4 70 212
70 117 152
188 214 237
46 102 196
32 114 291
47 80 260
47 214 260
64 100 249
71 249 284
36 89 267
150 188 267
188 200 249
46 104 196
38 46 104
17 104 155
17 89 158
36 89 155
17 89 155
102 109 213
153 288 299
173 251 288
17 173 288
251 259 288
50 110 164
38 46 109
38 288 299
46 102 109
38 109 299
90 237 266
90 102 237
36 196 266
90 102 196
96 102 178
102 178 268
67 187 235
102 213 268
39 178 268
149 153 299
149 193 280
153 259 288
50 164 271
149 193 259
193 251 259
17 173 193
213 280 295
149 280 286
213 280 286
39 165 178
96 165 178
39 182 232
32 114 296
67 294 296
189 201 222
32 68 291
72 114 291
212 233 270
83 116 258
9 68 264
9 258 294
67 258 294
67 235 296
6 26 144
183 187 244
187 235 244
66 183 198
183 222 244
59 211 243
159 181 292
7 77 86
86 221 243
7 54 221
7 86 221
77 86 211
59 65 211
59 65 201
42 124 263
74 124 263
42 185 271
42 185 295
50 193 271
107 185 193
42 192 271
185 193 271
107 185 295
62 162 220
95 276 278
1 192 276
1 58 164
1 58 276
95 156 220
113 141 278
141 276 278
74 141 263
56 126 157
56 113 141
51 52 81
20 162 262
162 262 298
20 126 156
52 262 298
62 162 298
156 162 220
20 156 162
58 164 220
110 164 220
62 220 226
110 220 226
133 219 290
44 110 169
110 169 226
55 169 226
81 133 290
55 120 226
51 52 262
121 171 172
51 204 262
204 217 257
126 206 239
126 157 206
103 217 239
181 231 250
54 159 292
181 231 292
103 206 292
121 217 257
2 115 248
2 172 229
154 231 250
154 250 272
13 115 274
81 115 197
147 224 272
37 115 224
37 207 224
12 13 115
12 37 115
34 122 207
34 63 122
34 76 166
34 63 166
181 250 254
159 181 254
146 252 254
159 252 254
75 97 253
66 75 97
146 253 254
75 146 253
97 127 186
105 208 228
85 112 186
6 210 228
15 208 228
105 127 186
85 256 289
85 105 186
15 210 228
15 24 208
85 256 273
85 112 273
93 147 254
93 97 253
18 132 180
57 138 191
57 61 191
10 57 289
25 194 240
25 261 265
25 106 174
25 240 261
10 240 261
25 175 265
10 261 265
106 174 179
69 180 194
61 194 240
69 137 180
69 106 137
106 137 179
25 69 106
18 238 282
8 28 170
18 111 132
8 18 180
11 179 190
8 28 29
111 138 191
111 138 282
234 238 282
13 130 151
49 63 166
28 29 190
3 142 151
3 63 122
142 170 238
11 60 190
28 170 190
23 130 274
23 130 142
256 273 289
21 273 289
192 263 276
27 241 281
114 232 296
223 227 246
115 224 248
218 223 227
10 215 265
213 286 299
109 213 299
209 283 297
209 225 285
204 217 239
204 205 257
199 245 264
199 212 270
245 264 291
213 268 295
189 235 296
189 222 244
188 237 266
150 188 266
2 171 248
55 169 290
16 161 242
157 206 292
23 60 274
59 183 222
58 95 220
55 81 120
52 120 226
52 62 226
189 235 244
54 159 221
64 80 281
224 248 272
9 294 296
72 245 291
13 131 151
39 114 165
3 131 151
79 140 168
37 122 207
5 182 232
36 150 267
34 207 224
144 210 258
37 122 131
83 176 258
20 126 239
103 171 231
39 124 182
81 115 133
56 77 94
30 33 99
21 49 234
27 78 293
27 78 281
10 85 289
19 118 143
79 168 195
26 67 144
115 133 274
11 167 216
56 77 157
149 286 299
136 195 230
10 57 61
218 227 242
56 65 141
30 99 140
11 167 274
10 61 240
72 96 165
8 18 238
9 176 258
66 75 221
9 176 270
10 85 208
154 171 248
5 101 189
47 152 237
14 143 202
40 73 108
36 150 266
40 108 202
141 263 276
6 127 145
30 33 236
0 84 98
11 60 274
19 87 143
75 146 221
5 101 182
39 124 295
39 268 295
123 135 215
30 140 168
7 77 157
33 161 242
108 143 275
20 204 262
56 65 94
16 227 242
159 221 252
55 81 290
47 214 237
188 249 260
5 232 296
84 218 223
76 147 224
9 264 270
51 81 205
16 227 246
14 40 202
20 41 204
61 132 180
41 204 239
6 127 228
11 179 216
23 170 190
54 157 292
7 54 157
21 49 166
12 37 131
139 209 287
8 170 238
21 112 273
209 285 287
25 175 216
21 76 166
61 111 191
136 168 195
25 174 216
93 97 112
23 60 190
71 158 267
56 126 148
26 67 187
51 204 205
61 111 132
160 209 225
20 41 239
199 264 270
61 180 194
188 214 260
79 125 195
64 80 260
65 77 94
65 77 211
65 101 201
65 74 101
65 74 141
5 189 296
66 97 145
66 145 163
169 219 290
4 199 212
70 152 237
184 241 281
70 199 237
138 282 289
72 114 165
146 221 252
72 96 245
101 189 201
74 101 182
9 32 68
74 124 182
44 133 169
81 197 205
82 230 241
27 82 241
83 233 270
83 176 270
84 98 218
21 282 289
88 160 210
88 160 225
134 139 177
9 32 296
21 76 93
30 128 236
95 113 148
95 113 278
96 102 199
115 197 229
97 112 186
123 215 265
209 215 283
58 95 276
102 199 237
21 93 112
17 104 288
38 104 288
73 92 108
108 143 202
53 108 236
108 177 236
2 115 229
116 119 233
83 116 233
70 117 212
103 121 171
35 117 212
39 114 232
126 148 156
26 183 187
121 205 257
34 76 224
121 205 229
121 172 229
26 163 183
59 183 243
89 158 267
68 264 291
133 169 219
134 177 236
135 215 283
57 138 289
139 209 269
142 234 238
49 142 234
87 143 275
67 144 258
