66 163 198
99 140 246
77 94 211
200 249 284
79 223 246
3 49 63
96 199 245
30 79 140
107 280 295
101 124 182
21 234 282
36 104 196
82 136 230
197 205 229
54 77 157
26 145 163
86 211 243
24 160 210
12 37 207
103 121 217
123 175 265
103 231 292
79 140 246
33 99 140
88 116 119
105 127 228
53 92 108
14 118 143
160 210 225
85 105 208
183 222 243
22 88 119
33 53 236
22 88 225
188 200 284
71 125 249
100 184 249
125 184 249
71 188 267
47 80 117
71 89 267
36 104 155
17 158 193
71 188 284
149 153 259
74 101 201
39 213 295
35 212 277
116 210 258
83 176 233
97 127 145
66 221 243
5 101 232
66 183 243
59 201 222
147 250 254
2 171 172
65 94 211
17 38 104
95 148 156
42 192 263
173 193 251
58 220 276
2 115 197
44 50 110
54 157 206
56 113 148
93 253 254
205 229 257
2 154 248
2 154 171
154 171 231
21 256 273
154 248 272
76 93 147
97 145 163
25 69 194
130 142 151
45 91 135
19 118 279
118 167 216
23 60 170
3 122 131
13 130 274
84 218 242
0 98 218
84 223 242
73 98 218
92 218 242
223 227 242
33 227 242
33 99 161
139 177 269
73 92 218
14 40 73
0 84 218
0 84 223
14 73 98
14 98 118
31 283 297
118 216 279
174 179 216
10 48 215
45 91 279
91 135 216
91 216 279
123 135 283
108 202 275
123 215 283
215 283 297
31 269 275
31 45 279
31 269 297
209 269 297
19 87 275
22 43 255
134 136 203
43 136 203
48 160 209
10 208 289
209 215 297
10 48 208
15 24 210
24 48 160
48 209 215
6 144 210
88 210 225
83 116 119
88 116 210
22 119 247
119 129 233
119 129 247
82 136 255
43 136 255
82 255 293
139 203 287
78 277 281
128 136 168
134 139 203
128 134 236
128 134 136
30 33 140
30 128 168
30 79 168
71 79 125
78 281 293
35 80 281
27 82 230
35 277 281
35 70 212
35 80 117
4 212 270
35 70 117
4 70 199
4 70 212
70 117 152
188 214 237
32 114 291
152 214 237
47 80 260
214 249 260
47 214 260
188 214 249
71 249 284
36 89 267
150 188 267
188 200 249
46 104 196
38 46 104
71 89 158
17 104 155
17 89 158
36 89 155
17 89 155
102 109 213
153 288 299
50 110 164
38 46 109
38 288 299
46 102 109
38 109 299
96 102 178
102 178 268
67 187 235
102 213 268
39 178 268
149 153 299
153 259 288
193 251 259
17 173 193
39 213 268
149 280 286
39 182 295
39 182 232
114 165 232
189 201 222
5 114 232
32 68 291
72 114 291
4 199 270
9 68 294
199 245 270
83 119 233
245 264 270
212 233 270
176 233 270
176 264 270
9 83 176
9 258 294
67 258 294
26 163 187
6 26 144
5 235 296
183 187 244
187 235 244
59 222 243
222 235 244
66 183 198
183 222 244
59 211 243
5 189 235
159 181 292
7 77 86
86 221 243
7 54 221
7 86 221
7 54 77
77 86 211
101 182 232
189 222 235
65 74 201
42 124 263
124 182 295
74 101 124
65 74 94
74 124 263
42 185 271
50 193 271
107 185 193
42 192 271
185 193 271
107 185 295
62 162 220
95 276 278
1 192 276
1 58 164
1 58 276
113 141 278
141 276 278
74 141 263
56 126 157
56 113 141
20 162 262
162 262 298
20 126 156
62 162 298
20 156 162
55 169 219
62 220 226
110 220 226
95 220 276
44 169 219
44 133 219
44 110 169
55 120 290
55 219 290
81 120 290
55 120 226
121 171 172
121 171 231
204 217 257
126 157 206
41 204 217
41 217 239
54 206 292
103 217 239
54 159 292
103 206 292
103 121 231
121 217 257
2 115 248
2 197 229
2 172 229
154 231 250
81 115 197
147 224 272
37 207 224
12 122 207
12 122 131
12 13 115
12 37 115
34 122 207
34 63 122
34 76 166
34 63 166
181 250 254
93 97 186
159 181 254
93 112 273
75 97 253
66 97 163
66 75 97
75 146 253
127 145 228
97 127 186
85 112 186
6 210 228
105 127 186
93 112 186
85 256 289
85 105 186
15 210 228
85 208 289
85 256 273
85 112 273
21 256 289
93 147 254
93 97 253
21 57 289
18 132 180
21 57 138
57 138 191
57 61 191
10 57 289
25 194 240
25 106 174
25 240 261
10 240 261
106 174 179
61 194 240
69 137 180
69 106 137
25 69 106
8 28 170
18 111 132
11 179 190
8 28 29
111 138 191
21 138 282
111 138 282
234 238 282
13 130 151
49 63 166
49 234 238
3 142 151
3 63 122
142 170 238
18 170 238
28 170 190
23 130 274
213 286 295
280 286 295
192 263 276
146 252 253
231 250 292
181 250 292
27 241 281
235 294 296
223 227 246
215 261 265
213 286 299
109 213 299
209 225 285
204 205 257
149 259 280
59 201 211
245 264 291
90 196 237
163 187 198
183 187 198
165 178 232
39 178 232
177 269 275
175 261 265
18 170 180
8 170 180
33 161 227
159 252 253
23 60 274
56 94 141
123 175 216
43 203 285
52 120 226
52 62 226
51 81 120
51 52 120
54 159 221
64 80 281
45 135 283
72 245 291
111 238 282
3 131 151
22 225 285
37 115 248
125 195 241
36 150 267
34 207 224
32 68 294
82 281 293
144 210 258
58 110 164
20 126 239
27 195 230
81 115 133
56 77 94
68 176 264
29 106 137
29 106 179
27 195 241
52 204 262
21 49 234
90 150 188
19 118 143
79 168 195
58 110 220
26 67 144
37 248 272
11 167 216
56 77 157
149 286 299
1 164 192
17 38 173
136 195 230
10 57 61
11 167 274
10 61 240
9 83 116
9 116 258
36 90 266
173 259 288
66 75 221
103 126 206
3 49 238
19 31 279
100 249 260
5 101 189
14 143 202
40 73 108
36 150 266
19 31 275
5 32 296
40 108 202
141 263 276
3 142 238
32 294 296
30 33 236
6 26 228
22 255 293
11 60 274
19 87 143
75 146 221
8 137 180
55 110 169
15 48 208
125 184 241
38 173 288
20 204 262
159 221 252
36 90 196
46 102 237
12 131 151
81 133 219
90 188 237
55 110 226
50 192 271
50 164 192
76 147 224
10 215 261
90 150 266
51 81 205
16 227 246
14 40 202
20 41 204
15 24 48
37 224 272
15 105 228
11 179 216
16 99 246
52 62 262
53 92 242
21 49 166
139 209 287
16 99 161
209 285 287
25 175 216
28 179 190
21 76 166
22 43 285
203 285 287
65 201 211
61 111 191
22 247 293
18 111 238
9 68 176
136 168 195
25 174 216
11 60 170
81 219 290
56 126 148
26 67 187
61 69 132
61 69 194
51 204 205
61 111 132
160 209 225
20 41 239
62 262 298
79 125 195
64 80 260
64 184 281
108 177 275
64 100 184
5 32 114
67 235 294
121 229 257
69 132 180
15 105 208
70 152 237
184 241 281
70 199 237
72 114 165
28 29 179
72 96 178
146 221 252
129 212 233
33 53 242
72 96 245
16 161 227
101 189 201
21 76 273
159 253 254
13 133 274
78 129 212
81 197 205
76 93 273
107 259 280
173 251 259
134 139 177
30 128 236
27 82 281
74 94 141
95 113 148
95 113 278
96 102 199
95 162 220
95 156 162
107 193 259
123 215 265
42 124 185
64 100 260
72 165 178
102 199 237
13 115 133
103 126 239
46 196 237
123 135 216
12 13 151
73 92 108
78 212 277
124 185 295
53 108 236
108 177 236
11 170 190
31 45 283
25 175 261
47 117 214
126 148 156
117 152 214
26 145 228
34 76 224
8 29 137
121 172 229
129 247 293
78 129 293
23 130 170
130 142 170
68 264 291
134 177 236
139 209 269
143 202 275
87 143 275
67 144 258
147 154 250
147 154 272
51 52 204
