66 163 198
99 140 246
77 94 211
79 125 168
90 196 266
200 249 284
79 223 246
3 49 63
96 199 245
30 79 140
107 280 295
101 124 182
21 234 282
1 192 271
36 104 196
82 136 230
197 205 229
26 145 163
24 160 210
103 121 217
123 175 265
29 137 179
103 231 292
79 140 246
88 116 119
33 92 242
16 161 246
105 127 228
19 87 118
8 18 170
14 118 143
160 210 225
22 88 119
160 209 287
22 88 225
30 33 128
188 200 284
71 125 249
64 100 281
47 152 214
71 188 267
36 104 155
17 158 193
71 188 284
96 102 237
149 153 259
74 101 201
42 124 295
39 213 295
35 212 277
116 210 258
6 26 145
97 127 145
66 221 243
59 201 222
147 250 254
2 171 172
56 126 156
65 94 211
62 120 226
95 148 156
42 192 263
173 193 251
44 50 110
52 81 120
52 62 298
54 157 206
56 113 148
93 253 254
154 171 231
3 49 142
154 248 272
76 93 147
34 147 207
66 146 252
97 145 163
18 111 282
6 145 228
11 60 167
19 118 279
23 60 170
29 179 190
3 122 131
13 130 274
84 218 242
0 98 218
73 98 218
92 218 242
99 161 246
33 99 161
33 53 92
14 40 143
139 177 269
73 92 218
87 143 202
14 40 73
40 73 92
0 84 218
0 84 223
14 73 98
14 98 118
23 167 274
19 275 279
40 143 202
31 275 279
174 179 216
10 48 215
45 91 279
91 216 279
123 135 283
108 202 275
123 215 283
215 283 297
31 269 275
31 45 279
87 202 275
209 269 297
87 118 143
19 87 275
22 43 255
22 43 225
134 136 203
43 136 203
43 225 285
48 160 209
10 208 289
209 215 297
24 48 160
48 209 215
123 135 175
67 210 258
26 144 187
6 144 210
88 210 225
83 116 119
88 116 210
129 233 277
119 129 233
119 129 247
247 255 293
82 255 293
139 203 287
78 129 277
27 82 293
125 168 195
128 136 168
134 139 203
128 134 236
53 177 236
128 134 136
30 128 168
30 79 168
71 79 125
35 80 281
195 230 241
27 184 241
27 82 230
27 230 241
27 281 293
35 277 281
80 260 281
35 70 212
35 80 117
212 233 277
35 70 117
4 70 199
4 70 212
64 260 281
188 214 237
32 114 291
152 214 237
47 80 260
150 188 237
47 214 260
71 249 284
36 89 267
150 188 267
150 237 266
17 104 155
17 89 158
36 89 155
17 89 155
102 109 213
153 288 299
173 251 288
17 173 288
251 259 288
50 110 164
38 46 109
38 288 299
46 102 109
38 109 299
90 237 266
36 196 266
109 149 299
96 102 178
102 178 268
67 187 235
102 213 268
149 153 299
153 259 288
193 251 259
17 173 193
109 213 286
39 213 268
109 149 286
149 280 286
39 182 295
39 165 232
96 165 178
39 182 232
114 165 232
67 294 296
189 201 222
32 68 291
72 114 291
9 83 258
72 96 291
68 245 264
83 119 233
212 233 270
83 116 258
176 264 270
9 83 176
9 258 294
67 258 294
26 163 187
67 235 296
6 26 144
183 187 244
187 235 244
222 235 244
183 222 244
159 181 292
7 77 86
86 221 243
7 54 221
7 86 221
41 204 262
56 148 156
77 86 211
59 65 211
59 65 201
189 222 235
65 74 201
42 124 263
124 182 295
65 74 94
42 185 271
42 185 295
50 193 271
107 185 193
42 192 271
185 193 271
107 185 295
62 162 220
1 58 164
95 156 220
113 148 278
113 141 278
141 276 278
74 141 263
56 126 157
56 113 141
51 52 81
20 162 262
162 262 298
20 126 156
52 262 298
62 162 298
156 162 220
20 156 162
58 164 220
62 220 226
44 169 219
44 133 219
44 110 169
110 169 226
55 169 226
55 120 226
51 52 262
52 62 120
20 41 262
121 171 172
51 205 257
121 171 231
51 204 257
51 204 262
204 217 257
126 157 206
54 206 292
103 217 239
54 159 292
103 206 292
103 121 231
121 172 257
121 217 257
2 115 248
2 172 229
147 207 224
154 231 250
13 115 274
81 115 197
147 224 272
37 207 224
12 122 131
34 76 147
12 13 115
12 37 115
34 122 207
34 63 122
34 76 166
34 63 166
181 250 254
159 181 254
66 221 252
66 97 163
66 75 146
66 75 97
75 146 253
127 145 228
97 127 186
105 208 228
85 112 186
15 208 228
67 144 187
67 144 210
105 127 186
85 256 289
15 24 208
85 208 289
93 147 254
111 132 191
18 132 180
57 138 191
57 61 191
61 132 191
57 61 240
10 57 289
25 194 240
25 261 265
25 240 261
25 175 265
106 174 179
69 180 194
61 194 240
69 137 180
69 106 137
106 137 179
18 238 282
8 28 170
18 111 132
8 18 180
11 179 190
8 28 29
111 138 191
111 138 282
234 238 282
49 234 238
49 142 238
28 29 190
3 142 151
3 63 122
142 170 238
18 170 238
28 170 190
23 60 167
23 130 274
213 286 295
280 286 295
256 273 289
21 273 289
31 269 283
269 283 297
192 263 276
231 250 292
181 250 292
223 227 246
215 261 265
204 217 239
149 259 280
199 245 264
199 212 270
66 198 243
183 198 243
90 196 237
189 235 296
163 187 198
183 187 198
105 186 208
85 186 208
177 269 275
25 174 194
172 205 229
2 171 248
55 169 290
167 216 279
39 165 268
165 178 268
164 220 226
161 227 242
160 225 285
160 285 287
59 183 222
59 86 211
56 94 141
58 192 276
58 95 220
57 240 261
55 81 120
6 15 24
43 203 285
33 53 128
54 159 221
224 248 272
45 135 283
45 91 175
43 82 136
40 92 108
3 131 151
38 46 196
37 115 248
37 122 207
125 195 241
5 182 232
36 150 267
188 200 260
32 232 296
59 86 243
20 126 239
12 37 122
81 115 133
56 77 94
172 205 257
30 33 99
9 32 294
68 176 264
69 174 194
146 159 253
13 130 142
32 114 232
115 133 274
13 142 151
11 167 216
200 249 260
56 77 157
10 24 48
136 195 230
1 50 271
30 99 140
72 96 165
1 50 164
103 126 206
68 96 291
100 249 260
37 224 248
154 171 248
5 101 189
36 150 266
10 57 261
40 108 202
141 263 276
43 82 255
148 276 278
32 294 296
6 24 210
8 137 180
5 101 182
6 15 228
92 108 177
27 100 184
125 184 241
7 77 157
33 161 242
100 125 184
159 221 252
55 81 290
46 102 237
45 135 175
12 131 151
81 133 219
5 232 296
38 104 196
10 215 261
51 81 205
16 227 246
1 58 192
61 132 180
277 281 293
41 204 239
49 63 234
11 179 216
27 100 281
119 247 255
7 54 157
139 209 287
21 112 273
10 24 208
25 175 216
21 63 234
21 76 166
203 285 287
9 68 176
136 168 195
25 174 216
93 97 112
11 60 170
81 219 290
71 158 267
22 119 255
20 41 239
199 264 270
61 180 194
188 214 260
108 177 275
69 106 174
5 189 296
101 124 263
169 219 290
68 96 245
53 92 177
4 199 212
138 282 289
72 114 165
75 93 97
16 161 227
101 189 201
9 32 68
75 93 253
159 253 254
47 80 152
81 197 205
83 233 270
83 176 270
84 223 227
21 282 289
107 259 280
85 112 256
134 139 177
21 76 93
91 175 216
74 94 141
80 117 152
115 197 229
96 152 199
107 193 259
96 152 237
84 227 242
97 112 186
123 215 265
100 125 249
64 100 260
74 101 263
58 95 276
103 126 239
46 196 237
12 13 151
21 93 112
17 104 288
38 104 288
11 170 190
112 256 273
2 115 229
31 45 283
110 164 226
21 63 166
70 117 199
117 152 199
8 29 137
129 247 293
59 183 243
78 129 293
53 128 236
23 130 170
89 158 267
130 142 170
118 167 279
134 177 236
78 277 293
57 138 289
139 209 269
95 148 276
146 159 252
147 154 250
147 154 272
