66 163 198
99 140 246
90 196 266
200 249 284
79 223 246
3 49 63
96 199 245
184 195 241
101 124 182
21 234 282
1 192 271
36 104 196
82 136 230
197 205 229
54 77 157
26 145 163
24 160 210
103 121 217
123 175 265
29 137 179
21 93 166
103 231 292
79 140 246
88 116 119
105 127 228
53 92 108
19 87 118
14 118 143
11 167 179
160 210 225
85 105 208
22 88 119
33 53 236
108 177 269
22 88 225
22 247 255
188 200 284
27 184 281
71 89 267
36 104 155
17 158 193
96 102 237
149 153 259
107 193 280
96 245 291
35 212 277
116 210 258
83 176 233
78 129 247
6 26 145
66 221 243
59 201 222
147 250 254
17 38 104
95 148 156
42 192 263
1 164 271
44 50 110
52 62 298
41 126 239
56 113 148
2 154 248
2 154 171
154 171 231
21 256 273
12 13 131
115 248 272
3 49 142
154 248 272
76 93 147
66 146 252
147 250 272
163 183 198
6 145 228
45 91 135
29 137 180
11 60 167
19 118 279
8 29 180
3 122 131
167 179 216
13 130 274
84 218 242
84 223 242
73 98 218
92 218 242
16 33 161
223 227 242
33 227 242
16 33 227
33 99 161
14 40 143
139 177 269
73 92 218
92 108 202
40 92 202
14 40 73
40 73 92
0 84 223
14 73 98
14 98 118
40 143 202
174 179 216
10 48 215
45 91 279
91 135 216
91 216 279
123 135 283
123 215 283
215 283 297
108 269 275
31 269 275
31 45 279
209 269 297
87 118 143
22 43 255
134 136 203
43 136 203
48 160 209
10 48 208
15 24 210
24 48 160
6 144 210
88 210 225
88 116 210
22 119 247
119 129 233
78 247 293
119 129 247
247 255 293
82 255 293
139 203 287
128 136 168
134 139 203
134 139 236
128 134 236
139 177 236
128 134 136
30 128 168
71 79 125
125 184 195
35 80 281
195 230 241
27 184 241
27 82 230
27 230 241
35 277 281
80 260 281
47 117 152
96 199 237
4 212 270
4 70 199
4 70 212
64 260 281
188 214 237
152 199 237
46 102 196
47 80 260
47 214 260
71 89 158
17 104 155
17 89 158
17 89 155
102 109 213
153 288 299
251 259 288
50 110 164
38 46 109
38 288 299
46 102 109
38 109 299
90 237 266
36 196 266
96 102 178
102 178 268
67 187 235
102 213 268
39 178 268
149 153 299
153 259 288
50 164 271
193 251 259
17 173 193
109 213 286
149 280 286
213 280 286
39 165 178
39 182 295
96 165 178
39 182 232
32 114 296
67 294 296
5 101 201
32 68 291
96 114 165
4 199 270
72 96 114
72 96 291
199 245 270
245 264 270
212 233 270
176 233 270
83 116 258
9 68 264
9 83 176
67 258 294
26 163 187
67 235 296
6 26 144
5 235 296
163 183 187
183 187 244
187 235 244
222 235 244
183 222 244
59 211 243
5 189 235
7 77 86
7 54 221
7 86 221
7 54 77
56 148 156
77 86 211
5 189 201
124 182 295
42 185 271
42 185 295
50 193 271
107 185 193
42 192 271
185 193 271
107 185 295
62 162 220
1 192 276
1 58 164
1 58 276
113 148 278
113 141 278
141 276 278
74 141 263
56 126 157
56 113 141
52 262 298
62 162 298
20 156 162
58 164 220
110 164 220
62 220 226
110 220 226
133 219 290
44 110 169
81 133 290
55 120 226
51 52 262
51 205 257
51 204 257
51 204 262
126 157 206
20 41 126
41 217 239
103 217 239
54 221 252
181 231 250
181 231 292
103 206 292
121 217 257
2 115 248
2 197 229
2 172 229
115 224 272
154 231 250
154 250 272
147 224 272
37 115 224
37 207 224
12 13 115
12 37 115
76 93 166
34 122 207
34 63 122
34 76 166
34 63 166
93 97 186
66 221 252
54 159 252
66 97 163
66 75 146
66 75 97
146 253 254
127 145 228
97 127 186
105 208 228
85 112 186
6 210 228
15 208 228
105 127 186
93 112 186
85 256 289
85 105 186
15 210 228
85 256 273
85 112 273
21 256 289
93 97 253
21 57 289
21 166 234
18 132 180
21 57 138
57 138 191
57 61 191
10 57 289
25 194 240
25 240 261
10 240 261
106 174 179
61 194 240
69 137 180
8 28 170
18 111 132
8 18 180
8 28 29
111 138 191
21 138 282
111 138 282
234 238 282
28 29 190
3 13 131
3 13 151
3 142 151
3 63 122
142 170 238
11 60 190
28 170 190
60 170 190
23 130 274
23 130 142
31 269 283
269 283 297
71 267 284
192 263 276
114 232 296
223 227 246
215 261 265
211 221 243
160 209 285
149 259 280
189 201 235
59 201 211
245 264 291
66 198 243
213 268 295
183 198 243
90 196 237
193 251 288
188 237 266
150 188 266
175 261 265
25 174 194
55 169 290
167 216 279
160 225 285
124 263 295
157 206 292
23 60 274
59 183 222
41 217 257
146 159 254
58 95 220
55 81 120
54 181 292
123 175 216
43 203 285
52 120 226
52 62 226
51 81 120
51 52 120
48 209 297
48 215 297
9 294 296
45 135 283
89 155 267
111 238 282
43 82 136
39 114 165
38 46 196
22 225 285
79 140 168
37 122 207
5 182 232
36 150 267
34 207 224
193 259 280
188 200 260
23 60 142
11 29 190
82 281 293
144 210 258
37 122 131
103 171 231
31 87 275
81 115 133
31 87 279
56 77 94
30 33 99
83 258 294
201 222 235
69 106 179
69 174 194
10 85 289
13 130 142
2 121 172
79 168 195
20 162 298
26 67 144
13 142 151
200 249 260
11 29 179
56 77 157
32 72 291
149 286 299
17 38 173
136 195 230
10 57 61
56 65 141
30 99 140
10 61 240
8 18 238
103 126 206
9 176 270
100 249 260
10 85 208
47 152 237
36 150 266
141 263 276
43 82 255
148 276 278
30 33 236
0 84 98
55 110 169
5 101 182
2 81 197
15 48 208
60 142 170
20 56 156
39 268 295
30 140 168
100 125 184
38 173 288
108 143 275
20 204 262
2 121 171
107 213 295
56 65 94
55 81 290
47 214 237
20 262 298
93 147 253
35 47 117
55 110 226
5 232 296
76 147 224
42 263 295
38 104 196
10 215 261
9 264 270
51 81 205
16 227 246
20 41 204
61 132 180
15 24 48
102 196 237
277 281 293
49 63 234
60 167 274
16 99 246
54 157 292
53 92 242
12 37 131
139 209 287
16 99 161
8 170 238
35 47 80
21 112 273
209 285 287
25 175 216
22 43 285
203 285 287
65 201 211
61 111 191
18 111 238
136 168 195
25 174 216
54 159 181
20 56 126
26 67 187
86 211 221
61 69 180
61 69 194
61 111 132
159 181 250
63 166 234
188 214 260
79 125 195
64 184 281
69 137 179
64 100 184
65 77 94
65 77 211
65 101 201
65 74 101
65 74 141
69 106 174
101 124 263
169 219 290
78 212 233
33 53 242
9 32 68
13 133 274
78 129 233
2 81 115
159 250 254
44 133 169
81 197 205
9 83 294
84 98 218
19 87 279
71 125 284
9 32 296
30 128 236
27 82 281
95 162 220
95 156 162
123 215 265
75 97 146
97 146 253
100 125 249
64 100 260
74 101 263
58 95 276
13 115 133
103 126 239
123 135 216
21 93 112
150 188 284
107 213 280
78 212 277
108 143 202
53 108 236
108 177 236
116 119 233
31 45 283
83 116 233
70 117 199
70 117 212
25 175 261
103 121 171
35 117 212
39 114 232
41 204 257
117 152 199
121 205 257
32 72 114
34 76 224
121 205 229
121 172 229
127 145 163
97 127 163
59 183 243
109 286 299
68 264 291
173 193 288
118 167 279
133 169 219
78 277 293
36 155 267
125 249 284
139 209 269
142 234 238
147 253 254
49 142 234
87 143 275
67 144 258
95 148 276
146 159 252
150 267 284
