66 163 198
99 140 246
79 125 168
200 249 284
225 285 287
79 223 246
3 49 63
96 199 245
30 79 140
107 280 295
21 234 282
82 136 230
197 205 229
56 94 157
77 94 157
26 145 163
86 211 243
24 160 210
103 121 217
103 231 292
79 140 246
33 99 140
53 108 177
88 116 119
16 161 246
53 92 108
14 118 143
11 167 179
32 68 296
85 105 208
183 222 243
22 88 119
160 225 287
160 209 287
33 53 236
22 88 225
22 247 255
188 200 284
71 125 249
36 104 155
17 158 193
149 153 259
74 101 201
68 245 291
107 193 280
35 212 277
116 210 258
78 129 247
6 26 145
97 127 145
66 221 243
5 101 232
66 183 243
59 201 222
147 250 254
56 126 156
65 94 211
17 38 104
95 148 156
42 192 263
173 193 251
58 220 276
44 50 110
52 62 298
41 126 239
103 206 239
56 113 148
205 229 257
154 171 231
12 13 131
3 49 142
154 248 272
76 93 147
34 147 207
163 183 198
97 145 163
6 145 228
45 91 135
29 137 180
19 118 279
8 29 180
29 179 190
3 122 131
167 179 216
13 130 274
23 142 170
84 218 242
0 98 218
73 98 218
16 223 246
16 223 227
99 161 246
33 99 161
14 40 143
139 177 269
92 108 202
40 92 202
14 40 73
40 73 92
0 84 218
0 84 223
14 73 98
14 98 118
40 143 202
31 283 297
174 179 216
10 48 215
45 91 279
91 135 216
91 216 279
135 175 216
123 135 283
123 215 283
215 283 297
31 269 275
31 45 279
31 269 297
209 269 297
19 87 275
22 43 255
134 136 203
43 136 203
48 160 209
10 208 289
209 215 297
15 24 210
24 48 160
48 209 215
67 210 258
6 144 210
83 116 119
88 116 210
22 119 247
119 129 233
78 247 293
119 129 247
247 255 293
82 255 293
139 203 287
27 82 293
125 168 195
128 136 168
134 139 203
128 134 236
53 177 236
128 134 136
30 33 140
30 128 168
30 79 168
71 79 125
35 80 281
195 230 241
27 82 230
27 230 241
27 281 293
35 277 281
35 70 212
47 117 152
4 212 270
35 70 117
4 70 199
4 70 212
70 117 152
188 214 237
47 80 260
214 249 260
47 214 260
71 249 284
150 266 267
17 104 155
17 89 158
36 89 155
17 89 155
153 288 299
50 110 164
38 288 299
46 102 109
38 109 299
90 237 266
109 149 299
102 178 268
67 187 235
102 213 268
39 178 268
149 153 299
153 259 288
193 251 259
17 173 193
109 149 286
149 280 286
114 165 232
67 294 296
189 201 222
5 101 201
32 68 291
4 199 270
68 245 264
9 68 294
83 119 233
212 233 270
83 116 258
9 176 264
176 264 270
9 68 264
68 294 296
9 258 294
67 258 294
67 235 296
6 26 144
5 235 296
183 187 244
187 235 244
59 222 243
222 235 244
66 183 198
183 222 244
5 189 235
7 77 86
86 221 243
7 54 221
7 86 221
56 148 156
59 65 201
189 222 235
5 189 201
65 74 201
42 124 263
74 124 263
56 74 141
42 185 271
50 193 271
107 185 193
42 192 271
185 193 271
107 185 295
95 276 278
1 192 276
1 58 164
1 58 276
95 156 220
113 141 278
141 276 278
74 141 263
56 126 157
56 113 141
20 126 156
52 262 298
62 162 298
156 162 220
20 156 162
55 169 219
110 220 226
95 220 276
44 169 219
44 133 219
44 110 169
110 169 226
55 169 226
55 219 290
55 120 226
121 171 231
204 217 257
126 206 239
126 157 206
41 204 217
20 41 126
41 217 239
103 217 239
54 221 252
181 231 250
181 231 292
103 206 292
103 121 231
121 172 257
121 217 257
2 115 248
2 197 229
2 172 229
172 229 257
147 207 224
154 231 250
147 224 272
37 115 224
37 207 224
34 76 147
12 13 115
12 37 115
34 122 207
34 63 122
34 76 166
34 63 166
93 112 273
146 252 254
54 159 252
159 252 254
66 97 163
66 75 97
146 253 254
75 146 253
97 127 186
85 112 186
6 210 228
67 144 210
105 127 186
85 256 289
85 105 186
15 210 228
15 24 208
85 208 289
21 57 289
21 166 234
21 57 138
57 138 191
57 61 191
57 61 240
10 57 289
25 194 240
10 123 265
10 123 215
174 175 216
25 240 261
10 261 265
106 174 179
25 174 175
61 194 240
69 137 180
69 106 137
18 238 282
8 28 170
8 18 180
11 179 190
8 28 29
111 138 191
21 138 282
49 166 234
234 238 282
49 63 166
49 234 238
49 142 238
28 29 190
3 13 131
3 13 151
3 142 151
3 63 122
142 170 238
11 60 190
28 170 190
23 130 274
23 130 142
213 286 295
280 286 295
256 273 289
21 273 289
71 267 284
192 263 276
27 241 281
115 224 248
204 205 257
149 259 280
199 245 264
213 268 295
90 196 237
188 237 266
150 188 266
165 178 232
39 178 232
177 269 275
175 261 265
25 174 194
2 171 248
167 216 279
162 220 226
161 227 242
157 206 292
23 60 274
57 240 261
56 65 74
55 81 120
54 181 292
43 203 285
52 120 226
52 62 226
51 81 120
51 52 120
64 80 281
224 248 272
45 135 283
72 245 291
43 82 136
22 225 285
37 122 207
125 195 241
193 259 280
58 110 164
37 122 131
83 176 258
39 124 182
81 115 133
29 106 137
29 106 179
52 204 262
69 174 194
19 118 143
96 102 165
13 130 142
2 121 172
32 114 232
20 162 298
58 110 220
26 67 144
13 142 151
32 72 291
10 24 48
1 164 192
17 38 173
136 195 230
11 167 274
72 96 165
8 18 238
9 176 258
36 90 266
173 259 288
66 75 221
89 266 267
19 31 279
100 249 260
154 171 248
47 152 237
19 31 275
10 57 261
5 32 296
188 200 214
18 111 180
141 263 276
43 82 255
30 33 236
5 32 232
11 60 274
19 87 143
75 146 221
2 81 197
39 124 295
125 184 241
39 268 295
7 77 157
33 161 242
100 125 184
38 173 288
108 143 275
20 204 262
2 121 171
56 65 94
55 81 290
36 89 266
47 214 237
20 262 298
46 102 237
93 147 253
18 111 138
81 133 219
35 47 117
62 162 226
50 192 271
50 164 192
46 109 196
38 104 196
51 81 205
20 41 204
277 281 293
38 109 196
15 105 228
23 170 190
54 157 292
53 92 242
7 54 157
12 37 131
139 209 287
8 170 238
73 92 242
35 47 80
18 138 282
10 24 208
21 76 166
22 43 285
203 285 287
61 111 191
111 132 180
136 168 195
54 159 181
93 97 112
102 165 178
23 60 190
81 219 290
71 158 267
26 67 187
61 69 132
61 69 194
51 204 205
61 111 132
102 109 286
199 264 270
159 181 250
64 80 260
108 177 275
39 101 182
64 100 184
64 241 281
64 184 241
105 127 145
69 106 174
65 211 243
200 214 249
69 132 180
15 105 208
70 152 237
70 199 237
78 212 233
72 114 165
75 93 97
146 221 252
33 53 242
72 96 245
16 161 227
73 218 242
74 101 182
74 124 182
75 93 253
21 76 273
13 133 274
78 129 233
2 81 115
159 250 254
81 197 205
76 93 273
83 233 270
83 176 270
84 223 227
86 94 211
77 86 94
85 112 256
88 160 210
88 160 225
173 251 259
59 65 243
134 139 177
90 104 196
30 128 236
95 113 148
95 113 278
96 102 199
84 227 242
97 112 186
42 124 185
100 125 249
64 100 260
102 199 237
13 115 133
102 213 286
46 196 237
105 145 228
150 188 284
78 212 277
108 143 202
124 185 295
112 256 273
31 45 283
25 175 261
39 101 232
26 183 187
32 72 114
26 163 183
89 158 267
118 167 279
134 177 236
78 277 293
123 135 265
135 175 265
139 209 269
36 90 104
147 253 254
87 143 275
147 154 250
147 154 272
150 267 284
51 52 204
