-599.041 383.9
1789.65 -774.245
-261.506 1643.41
-673.109 1963.27
1434.66 -186.842
280.057 -1457.12
-1538.16 -1964.9
-1312.56 160.126
1953.44 -389.016
973.51 1212.9
-600.022 -900.556
1354.7 1058.24
-1655.79 888.95
-1395.11 -148.526
-266.135 1109.26
-885.51 1134.82
-506.835 -1095.86
-1639.42 1231.66
-1452.44 -312.53
1194.93 1982.22
1500.63 -525.01
-1474.9 1962.47
-489.914 -787.461
122.593 -536.475
823.523 -903.897
-1323.57 -1776.5
195.547 -1968.87
1281.74 539.753
920.083 1886.63
-1608.77 -1346.05
995.895 -494.283
1788.77 -1510.94
409.86 -1850.65
1720.72 957.417
-163.179 915.652
939.633 -662.551
-1609.36 1464.73
-700.084 -99.2718
-1322.73 1422.51
1364.25 1500.8
-1481.39 -1959.32
1724.3 714.159
-1928.19 1006.04
-746.088 991.896
892.667 -354.862
1645.84 -111.438
1150.86 1434.61
377.622 -439.285
1583.97 98.3405
-1481.87 -579.214
-986.007 1457.77
758.235 -595.364
922.499 -1941.85
1305.36 1599.77
1480.66 669.617
1100.57 1999.27
710.297 824.862
713.43 782.11
-169.101 1967.34
-225.995 -1276.43
-387.52 -580.151
612.129 -1236.66
-1145.54 -1010.25
324.051 -1561.57
1088.09 842.183
-140.785 -1897.92
299.949 -1382.55
-493.281 -777.553
-1324.4 -1187.92
-1177.78 -1843.74
1481.7 1922.78
-1844.47 191.997
747.646 868.963
-1025.89 -1421.45
836.305 748.111
-697.888 -1551.21
-1832.04 1914.24
-787.879 -977.577
-1096.01 1536.17
-539.148 1992.08
378.355 1320.07
-1905.83 -1321.7
1937.52 -399.115
-99.2492 -1386.88
412.968 722.969
-1230.62 -105.332
645.753 -1075.09
-1913.34 -606.601
1793.88 -939.229
-28.0555 630.181
1808.88 1274.06
1078.97 1976.84
1188.3 -1708.91
-1000.73 -1907.71
1827.26 460.118
-1915.63 205.613
-219.815 -1821.47
883.916 -282.298
-220.58 -1215.33
330.821 -1807.61
1507.64 1100.2
87.0567 153.389
-1974.89 173.722
1546.79 1818.99
1234.49 -481.267
449.168 1043.38
-1207.21 -471.866
1020.22 1981.09
-180.779 -1980.52
-1926.63 -353.521
479.603 -1842.26
1852.09 -1740.21
-1663.72 736.009
-22.5097 115.697
1520.68 -1691.69
308.086 1028.31
1408.51 -1604.86
-818.298 1433.62
568.864 -1271.51
1252.61 -196.643
247.224 -298.223
-1153.27 1040.01
1229.91 1866.95
1021.1 -950.867
1886.44 1094.47
695.612 366.038
1252.21 547.705
625.826 1588.49
-716.286 -1396.68
-295.81 -1195.61
-1088.37 -1987.72
1832.7 -1679.86
-1592.58 -985.596
1753.76 976.282
-257.106 1006.37
-1220.36 1990.12
-1291.85 -373.628
1030.13 1938.06
-506.677 51.2302
-1012.81 -620.241
-854.297 1682.8
1745.8 -1602.08
230.507 371.622
1986.41 1514.22
974.939 -309.401
-1681.39 1886.57
-297.125 -1848.69
-1793.3 110.293
-834.283 1960.46
-913.425 908.611
966.832 -133.786
898.729 1674.98
1492.59 -71.1395
1613.04 -1014.09
1980.09 -1399.77
365.668 -874.207
-1716.97 111.465
-476.289 513.538
-1516.91 -489.88
27.7591 1458.03
1200.72 346.37
1344.59 -1096.41
497.683 1551.29
1013.89 1663.4
1511.76 -1899.54
572.011 478.59
-33.3247 -529.26
153.569 -540.738
1399.6 -233.393
445.171 1379.69
366.835 -1189.16
-1494.52 649.865
922.304 29.1951
-836.596 1405.39
1539.32 1191.16
863.417 740.034
-462.468 208.009
1643.63 -1964.79
-240.696 657.515
1698.61 -728.938
757.976 270.625
1749.65 -1275.35
1741.36 -96.7783
183.913 1140.97
1669.83 -1370.92
520.657 36.6631
-560.077 1026.14
-1313.47 -1637.77
-944.664 -150.068
1767.62 -1405.35
-958.905 631.036
1334.69 578.627
-1160.95 978.314
613.842 598.349
-364.171 312.456
1869.41 -1606.2
-1416.92 1619.06
-881.545 -1675.55
-477.715 1302.37
1465.41 -807.887
1931.45 -13.9319
1228.78 -628.625
-987.791 1915.3
-266.398 67.5452
-234.763 -498.779
662.197 806.332
-1867.74 -3.11766
-615.041 -1028.7
-1024.8 1998.8
1569.65 611.025
311.258 1439.06
1004.83 894.339
1058.13 -1876.72
1218.79 -1419.59
1425.65 684.197
-227.476 1357.1
-1329.74 -998.699
-1271.52 -317.526
-1083.39 462.08
1750.02 681.843
1963.3 412.216
-511.826 -1904.44
-1590.9 873.133
-933.139 -615.706
871.935 -1363.49
1995.32 -816.808
-1924.43 1000.15
-1922.47 1133.7
1123.43 1296.32
1714.11 549.085
-19.4872 -513.364
-93.8116 650.777
487.936 634.666
-1666.75 1404.54
-903.253 -1916.73
86.3842 -939.952
495.486 1574.56
-844.394 904.584
447.692 222.467
-1711.12 -680.373
858.979 -1715.8
502.819 934.554
1284.35 580.35
68.2548 407.779
-123.334 -217.634
-1043.14 1857.18
1269 863.053
507.956 -243.062
-502.281 841.208
-838.521 594.466
924.478 1247.86
1654.51 -580.036
822.422 -1189.88
-1675.45 -729.886
1032.59 -1386.57
589.741 -108.435
-1102.38 -907.44
-1173.88 -1818.03
1672.91 894.374
589.75 -450.424
-1323.26 1546.61
-593.245 1945.74
409.667 1914.71
-297.32 1907.39
755.919 864.159
501.852 -319.603
112.023 156.366
1100.36 -1065.56
966.485 1424.91
204.559 -0.929314
-1961.66 -1205.7
1890.64 -1064.04
-113.14 -1283.25
-882.069 -440.23
1611.13 1707.68
1109.35 -1712.13
1254.3 -1483.9
-1766.39 -336.037
-1569.19 -63.7104
-428.65 1186.73
-1199.55 -1926.8
-1132.87 912.471
229.568 1967.49
1846.92 -803.947
1392.4 51.475
1195.12 1430.74
845.775 1085.76
-1633.3 -1267.37
1802.51 -515.372
292.404 1413.64
-807.691 -598.25
1701.51 -1553.39
-82.1499 1935.12
110.568 348.662
-128.59 1681.92
-464.607 671.858
1755.12 402.521
-415.67 -15.3109
370.011 -568.754
1180.74 -237.59
