71 245 289
88 274 341
1 148 158
9 111 246
17 22 218
54 71 344
17 167 218
52 169 263
28 142 246
13 64 114
94 151 160
58 67 231
17 22 241
23 179 219
98 221 248
123 191 305
70 87 126
141 272 278
82 210 229
11 29 206
131 266 341
51 105 319
55 84 267
239 270 297
198 199 276
159 331 343
71 223 344
98 221 344
136 140 152
169 270 297
28 111 246
106 261 312
138 239 247
45 152 274
31 166 178
57 74 273
235 256 302
136 140 289
159 283 343
99 104 216
18 236 324
46 63 157
174 231 336
101 224 325
81 191 251
33 69 179
56 231 237
149 154 290
103 194 222
69 103 334
33 219 259
141 176 278
23 39 179
46 135 303
235 255 304
145 243 273
141 164 291
29 32 308
153 175 204
102 168 249
44 160 323
7 65 201
1 122 327
7 65 327
1 122 222
35 204 284
132 147 271
35 175 204
35 175 273
6 243 265
175 243 273
6 265 339
6 53 243
14 202 309
34 183 205
79 183 207
133 183 205
79 129 240
47 206 250
14 133 207
16 209 302
120 220 314
161 187 253
47 250 318
124 165 244
36 294 326
97 171 264
4 107 311
105 184 240
105 139 180
34 139 180
4 105 180
107 205 311
121 198 199
0 73 218
0 121 218
121 159 199
22 121 218
22 121 241
159 199 331
54 86 333
190 331 343
199 276 331
49 276 331
49 61 226
61 196 288
55 130 169
239 247 297
55 169 270
73 97 196
24 138 337
24 138 193
50 182 217
24 193 338
106 130 169
55 270 337
106 130 277
52 266 312
190 226 228
169 263 297
52 228 263
142 166 178
142 166 246
77 111 130
84 212 267
125 188 307
42 285 326
9 246 316
100 203 210
166 188 307
31 166 188
140 152 287
131 178 274
13 31 45
88 245 333
140 245 289
45 136 152
131 274 341
86 321 333
266 313 341
321 329 341
313 329 341
48 98 283
98 248 283
283 321 329
181 295 344
48 98 181
98 181 344
54 295 344
221 223 324
221 223 344
10 223 324
10 236 324
10 216 223
104 189 214
90 174 211
25 177 211
99 104 214
18 25 177
18 177 262
56 231 336
167 221 324
58 174 211
78 108 197
78 90 197
108 197 336
56 78 108
56 108 336
56 128 237
281 300 301
40 128 167
281 301 334
43 281 334
43 281 315
85 300 301
95 163 191
58 174 231
81 113 191
58 67 163
58 95 163
63 81 113
149 251 299
58 80 95
80 157 211
58 80 211
123 163 191
301 305 334
38 305 334
38 87 334
38 115 126
70 126 149
38 87 126
69 70 334
70 87 334
39 179 306
101 224 345
23 39 94
135 224 303
135 224 325
39 185 224
185 224 345
101 213 242
41 213 242
101 242 325
101 213 345
21 37 91
46 135 325
46 91 157
64 156 279
21 156 200
99 156 214
104 144 189
21 91 156
156 189 214
144 156 189
156 200 279
64 114 279
37 242 325
21 37 200
41 255 304
41 213 255
235 256 304
82 203 210
210 256 304
96 141 291
7 168 257
3 96 291
209 235 302
3 96 235
74 173 273
57 74 215
120 176 215
2 66 164
57 145 273
74 278 346
176 278 346
117 150 282
232 272 278
2 272 282
2 66 282
227 272 282
117 185 345
227 232 272
39 94 150
94 150 151
59 150 151
150 227 282
23 94 160
33 179 219
26 44 259
33 69 103
103 222 334
19 257 348
65 201 222
7 19 257
7 72 168
26 60 103
19 60 348
60 257 348
119 151 323
59 119 151
60 257 323
151 160 323
59 119 227
59 150 227
168 249 257
119 173 249
92 102 273
35 260 273
35 116 260
7 72 327
72 92 93
72 93 148
7 194 201
60 103 194
194 201 222
89 225 292
1 158 222
148 225 271
89 225 271
89 132 271
153 175 243
204 243 265
195 204 284
35 116 284
133 134 322
162 195 322
109 155 265
155 204 265
153 204 243
6 293 339
14 133 339
53 145 243
120 220 286
293 309 339
6 53 293
12 234 293
57 145 286
234 286 293
220 234 286
12 30 252
202 298 309
109 133 339
14 309 339
109 265 339
79 202 207
14 202 207
79 183 184
79 202 298
27 79 298
29 32 129
27 79 129
8 32 129
8 32 308
79 184 240
133 183 207
105 183 184
34 105 139
34 105 183
11 206 250
68 171 317
20 143 340
29 129 240
8 29 308
11 20 347
8 20 75
27 252 298
252 298 309
12 234 253
20 143 192
20 161 192
20 280 340
5 143 340
16 125 307
16 269 307
42 307 316
42 186 269
42 269 307
238 296 330
36 326 330
42 326 330
42 186 285
36 110 294
230 254 275
170 244 347
244 318 347
170 244 268
170 268 280
118 217 335
182 267 338
110 118 335
36 238 330
118 212 238
212 238 296
97 138 196
15 76 97
15 76 310
15 97 138
50 127 217
50 182 328
50 127 332
127 332 342
62 342 349
68 112 137
4 107 180
110 254 335
165 254 275
83 268 294
83 165 254
146 317 320
172 317 320
47 51 124
4 51 105
4 51 124
4 172 311
68 137 146
4 172 320
4 124 320
68 146 317
68 112 349
171 264 317
172 311 317
205 264 317
205 311 317
310 328 332
15 310 328
283 313 329
66 282 345
280 285 340
280 285 326
83 254 294
110 254 294
166 246 307
88 245 287
140 245 287
50 328 332
127 230 349
210 229 304
190 226 331
49 226 331
187 220 253
220 234 253
127 217 230
217 230 254
74 215 346
120 215 286
57 215 286
118 212 217
100 210 302
210 256 302
208 220 314
105 240 319
206 240 319
29 206 240
132 205 322
41 200 242
41 200 229
268 294 326
196 198 276
73 196 198
11 250 347
182 212 217
182 193 338
182 193 328
174 197 336
90 174 197
68 171 349
62 171 349
106 169 312
52 169 312
17 167 248
167 221 248
162 195 204
176 215 346
44 160 259
148 158 225
158 225 292
154 224 303
39 154 224
115 191 299
268 280 326
116 147 260
93 147 148
5 143 208
28 142 277
96 141 208
141 208 314
138 247 288
138 270 337
138 239 270
99 136 216
136 216 289
134 162 322
134 162 233
109 133 233
283 313 343
119 173 232
26 33 103
15 138 328
80 95 191
46 81 303
83 244 268
44 60 323
26 44 60
5 96 235
66 164 291
13 64 136
40 167 324
18 40 324
31 45 274
40 90 211
40 78 90
40 56 78
0 73 121
39 154 290
82 229 279
100 125 302
39 117 185
39 117 150
12 30 75
133 134 233
138 196 288
40 177 211
34 107 180
24 55 337
34 107 205
62 310 332
47 51 206
74 173 232
28 111 130
85 123 163
155 162 204
26 33 259
28 130 277
36 110 118
52 190 343
25 144 157
25 104 144
62 76 97
116 195 284
72 102 168
115 126 299
25 236 258
17 159 283
77 84 130
39 290 306
8 30 252
182 212 267
2 141 164
80 113 191
8 11 29
9 111 296
54 71 245
261 266 312
38 191 305
9 42 316
8 11 20
61 228 247
217 254 335
112 275 349
72 92 102
1 72 327
48 86 321
20 170 280
2 141 272
36 118 238
66 235 255
47 124 244
133 205 322
40 56 128
49 61 196
5 186 285
48 283 321
143 161 187
51 206 319
9 42 296
106 142 277
55 84 130
132 195 322
250 318 347
8 30 75
65 222 327
10 104 216
47 244 318
12 293 309
25 157 211
23 160 259
137 165 275
52 190 228
23 219 259
67 231 237
127 342 349
5 285 340
138 193 328
123 301 305
12 75 253
66 213 345
131 142 178
5 209 235
20 75 253
17 248 283
49 196 276
100 188 203
40 177 262
8 27 252
124 146 320
10 104 258
62 97 171
116 147 195
24 55 338
37 91 325
67 281 315
88 321 333
17 121 159
16 186 209
13 188 203
13 31 188
228 247 263
52 266 313
31 178 274
120 141 176
66 213 255
46 63 81
16 125 302
143 187 208
17 121 241
16 186 269
54 245 333
53 145 286
77 84 212
246 307 316
187 208 220
191 251 299
13 45 136
64 136 156
42 296 330
19 60 194
7 19 194
20 170 347
147 148 271
88 152 287
71 216 223
126 149 299
18 40 262
41 229 304
5 96 208
20 161 253
122 222 327
173 249 273
54 181 295
52 313 343
54 86 181
43 128 315
55 267 338
124 137 146
88 152 274
61 226 228
200 229 279
61 247 288
62 76 310
62 332 342
25 104 258
8 27 129
63 80 157
63 80 113
18 25 236
1 72 148
247 263 297
3 66 235
3 66 291
91 144 157
37 200 242
112 137 275
67 281 300
67 85 300
128 237 315
69 179 306
69 70 306
100 125 188
143 161 192
70 290 306
48 86 181
46 91 325
70 149 290
71 216 289
73 121 198
74 232 278
92 93 273
131 261 266
81 149 154
12 252 309
81 154 303
10 236 258
82 114 279
102 249 273
119 257 323
83 165 244
88 321 341
81 149 251
67 85 163
91 144 156
99 136 156
117 282 345
53 286 293
93 260 273
67 237 315
38 115 191
131 142 261
106 142 261
93 147 260
109 155 162
109 162 233
77 111 296
82 114 203
13 114 203
77 212 296
119 227 232
120 141 314
119 249 257
230 275 349
85 123 301
124 137 165
5 186 209
132 147 195
