71 245 289
88 274 341
1 148 158
13 45 64
9 111 246
17 22 218
54 71 333
17 167 218
228 263 297
42 316 330
52 169 263
41 229 279
13 64 114
94 151 160
17 22 241
23 179 219
98 221 248
116 147 284
123 191 305
16 209 269
82 210 229
11 29 206
131 266 341
51 105 319
239 270 297
198 199 276
98 221 344
266 313 343
136 140 152
228 247 288
169 270 297
283 329 343
106 261 312
138 239 247
11 250 318
45 152 274
31 166 178
96 209 235
57 74 273
235 256 302
88 140 245
88 274 287
88 140 287
88 333 341
136 140 289
71 245 333
99 104 216
18 236 324
46 63 157
174 231 336
80 113 157
81 191 251
154 290 306
33 69 179
56 231 237
70 179 306
149 154 290
103 194 222
33 103 259
69 103 334
33 219 259
23 39 179
69 70 179
46 135 303
66 117 345
3 66 164
3 164 291
20 75 161
141 164 291
102 168 249
44 160 323
1 122 327
7 65 327
1 122 222
72 148 327
147 195 284
93 116 260
1 148 327
132 147 271
35 175 273
6 53 243
34 183 205
79 183 207
133 183 205
79 129 240
47 206 250
14 133 207
53 145 293
30 75 252
5 187 208
120 220 314
161 187 253
47 250 318
112 165 275
11 318 347
124 165 244
36 294 326
97 171 264
4 107 311
105 139 180
34 139 180
107 180 205
4 105 180
121 198 199
0 73 218
0 121 218
121 159 199
22 121 218
22 121 241
159 199 331
228 247 297
52 266 343
54 86 333
61 226 288
49 61 226
61 196 288
196 247 288
9 77 111
24 337 338
239 247 297
138 196 247
73 97 196
24 138 337
24 138 193
50 182 217
106 130 169
55 270 337
296 316 330
106 130 277
52 106 169
52 266 312
190 226 228
169 263 297
52 228 263
226 228 288
52 106 312
142 166 178
31 188 203
142 166 246
84 212 267
125 188 307
9 246 316
77 84 296
13 31 203
100 203 210
166 188 307
100 125 203
125 188 203
31 45 178
31 166 188
140 152 287
131 178 274
13 31 45
88 245 333
140 245 289
152 274 287
45 178 274
131 274 341
86 321 333
266 313 341
321 329 341
48 86 295
313 329 341
313 329 343
54 86 295
48 98 283
98 248 283
321 333 341
48 181 295
48 86 283
48 98 181
216 223 289
71 223 289
221 223 324
40 211 262
63 113 157
18 167 324
10 18 236
10 216 258
10 216 223
104 216 258
104 189 214
90 174 211
25 177 211
99 104 214
177 211 262
56 231 336
167 221 324
58 174 211
78 90 197
56 108 336
281 300 301
40 128 167
281 301 334
43 281 334
85 300 301
95 163 191
115 251 299
58 174 231
81 113 191
63 81 113
149 251 299
58 80 95
115 191 305
123 163 191
38 115 305
115 191 251
301 305 334
38 305 334
115 149 299
38 87 334
70 126 149
101 224 345
117 150 185
23 39 94
39 154 303
135 224 325
173 227 232
185 224 345
101 213 242
41 213 242
101 213 345
21 37 91
46 135 325
46 91 157
64 156 279
21 156 200
99 156 214
104 144 189
21 91 156
156 189 214
144 156 189
156 200 279
37 242 325
21 37 200
41 200 279
235 256 304
82 203 210
210 256 304
96 141 291
3 96 291
3 66 255
3 96 235
74 173 273
187 208 314
96 208 209
57 120 215
57 74 215
2 66 164
57 145 273
74 278 346
176 278 346
117 150 282
232 272 278
2 272 282
2 66 282
117 185 345
227 232 272
66 117 282
39 94 150
23 94 160
33 179 219
26 44 259
33 69 103
103 222 334
44 219 259
26 103 259
65 201 222
7 72 168
26 60 103
119 151 323
59 119 151
151 160 323
59 119 227
59 150 227
102 173 249
119 173 227
168 249 257
119 173 249
35 260 273
35 116 260
92 93 260
92 260 273
7 72 327
72 92 93
72 93 148
60 103 194
194 201 222
89 225 292
1 158 222
89 132 271
132 133 205
153 175 243
147 195 322
35 116 284
93 116 147
133 134 322
162 195 322
132 133 322
132 147 322
109 155 265
155 162 195
155 204 265
155 162 233
153 204 243
53 145 243
120 220 286
293 309 339
6 53 293
145 286 293
187 220 314
220 234 286
12 30 252
202 298 309
109 155 233
14 309 339
109 265 339
79 202 207
79 183 184
79 202 298
27 79 298
27 79 129
8 32 129
8 32 308
79 184 240
133 183 207
34 105 139
29 105 240
34 180 205
11 206 250
170 280 347
20 143 340
8 29 308
11 20 347
30 75 253
8 20 75
12 30 253
8 75 252
27 252 298
252 298 309
75 161 253
12 234 253
20 143 192
20 161 192
20 280 340
5 143 340
5 208 209
285 326 340
16 269 307
42 186 269
9 296 316
238 296 330
9 77 296
36 326 330
42 326 330
36 110 294
230 254 275
20 280 347
280 326 340
170 244 347
244 318 347
170 244 268
170 268 280
112 137 165
118 217 335
182 267 338
110 118 335
36 238 330
84 212 296
118 212 238
212 238 296
182 217 267
15 76 97
182 328 338
15 76 310
50 182 328
62 68 349
310 332 342
127 275 342
68 112 137
4 107 180
127 230 275
110 254 335
83 268 294
124 244 318
47 124 318
146 317 320
172 317 320
4 51 105
4 172 311
68 137 146
4 172 320
4 124 320
68 112 349
172 311 317
205 264 317
257 323 348
16 302 307
159 283 331
42 269 316
83 254 294
110 254 294
166 246 307
29 240 308
43 237 281
50 328 332
210 229 304
190 226 331
49 226 331
101 224 242
223 236 324
187 220 253
220 234 253
127 217 342
50 217 332
217 332 342
127 217 230
74 215 346
213 255 304
212 217 267
118 212 217
100 210 302
210 256 302
14 207 309
202 207 309
41 200 242
268 294 326
196 198 276
73 196 198
190 283 331
42 186 326
186 285 326
186 209 269
141 176 272
35 175 284
19 168 348
168 257 348
17 167 248
167 221 248
148 158 225
158 225 292
39 154 179
154 179 306
153 204 284
150 272 282
150 227 272
39 150 224
268 280 326
150 185 224
93 147 148
68 146 264
137 146 165
145 175 243
145 175 273
28 142 277
96 141 208
141 208 314
138 270 337
138 239 270
99 136 216
136 216 289
134 162 322
134 162 233
109 133 233
14 109 133
224 242 325
190 283 343
146 264 317
7 65 194
15 138 328
80 95 191
46 81 303
83 244 268
44 60 323
7 194 348
26 44 60
40 90 211
40 78 90
40 56 78
0 73 121
124 146 165
230 254 335
24 193 328
82 229 279
100 125 302
10 223 236
23 44 160
133 134 233
34 105 240
49 199 331
47 51 206
74 173 232
28 111 130
85 123 163
98 181 295
120 145 286
6 204 243
28 130 277
36 110 118
59 94 151
18 25 262
52 190 343
25 144 157
25 104 144
62 76 97
275 342 349
72 102 168
17 159 283
24 328 338
57 120 145
34 184 240
2 141 164
80 113 191
8 11 29
38 70 126
89 148 225
69 87 334
129 240 308
39 135 224
261 266 312
39 135 303
8 11 20
3 235 304
112 275 349
72 92 102
38 115 149
60 323 348
4 47 124
2 141 272
36 118 238
15 310 332
67 95 231
120 176 346
25 177 262
65 194 201
83 254 275
40 56 128
49 61 196
5 186 285
38 126 149
51 206 319
106 142 277
12 286 293
58 157 211
65 222 327
4 47 51
310 342 349
89 148 271
12 293 309
25 157 211
52 190 228
45 64 152
60 194 348
153 175 284
67 231 237
92 102 173
5 285 340
138 193 328
123 301 305
56 108 197
66 213 345
7 19 348
131 142 178
16 209 235
17 248 283
3 255 304
5 161 187
49 196 276
23 44 219
8 27 252
124 146 320
62 97 171
54 71 295
92 173 273
38 70 87
155 204 284
15 328 332
37 91 325
67 281 315
12 234 286
18 25 258
18 40 167
17 121 159
64 82 114
15 97 196
120 141 176
15 138 196
66 213 255
46 63 81
62 310 349
16 235 302
17 121 241
43 56 128
125 302 307
246 307 316
64 136 156
10 18 258
237 281 315
217 230 335
147 148 271
105 206 319
18 40 262
41 229 304
86 321 329
14 109 339
122 222 327
130 169 270
58 80 157
55 111 130
58 95 231
55 77 111
55 267 338
56 78 197
5 143 161
59 94 150
41 213 304
62 68 171
62 76 310
34 183 184
25 104 258
8 27 129
64 82 279
64 136 152
67 95 163
71 221 344
91 144 157
6 265 293
37 200 242
265 293 339
67 281 300
67 85 300
68 171 264
69 70 87
143 161 192
43 56 237
70 290 306
46 91 325
70 149 290
71 221 223
71 295 344
73 121 198
74 232 278
77 84 267
131 261 266
55 77 267
7 19 168
28 111 142
81 149 154
12 252 309
81 154 303
119 257 323
83 165 244
81 149 251
67 85 163
155 195 284
91 144 156
99 136 156
86 283 329
49 199 276
107 205 317
90 108 197
90 108 174
269 307 316
67 237 315
98 295 344
6 204 265
55 337 338
131 142 261
29 105 206
106 142 261
107 311 317
108 174 336
111 142 246
82 114 203
13 114 203
83 165 275
120 141 314
119 249 257
120 215 346
176 272 278
85 123 301
5 186 209
32 129 308
55 130 270
