71 245 289
88 274 341
13 45 64
9 111 246
17 22 218
54 71 344
54 71 333
17 167 218
52 169 263
28 142 246
13 64 114
94 151 160
58 67 231
41 210 304
17 22 241
23 179 219
98 221 248
37 41 242
116 147 284
123 191 305
67 231 315
141 272 278
16 209 269
82 210 229
11 29 206
131 266 341
51 105 319
55 84 267
11 20 29
239 270 297
198 199 276
71 223 344
98 221 344
28 111 246
106 261 312
11 250 318
45 152 274
31 166 178
100 210 256
57 74 273
235 256 302
136 140 289
71 245 333
39 154 306
91 156 157
99 104 216
18 236 324
46 63 157
174 231 336
101 224 325
81 191 251
154 290 306
149 154 290
103 194 222
69 103 334
7 19 60
141 176 278
23 39 179
46 135 303
3 66 164
57 120 286
3 164 291
145 243 273
96 208 314
141 164 291
153 175 204
102 168 249
1 122 327
1 122 222
72 148 327
1 148 327
35 204 284
35 175 204
35 175 273
175 243 273
6 265 339
6 53 243
14 202 309
34 183 205
79 183 207
133 183 205
79 129 240
53 145 293
30 75 252
5 187 208
120 220 314
161 187 192
161 187 253
8 20 29
112 165 275
97 171 264
47 51 319
4 107 311
105 184 240
105 139 180
34 139 180
107 180 205
4 105 180
107 205 311
73 198 276
73 196 276
0 73 218
0 121 218
121 159 199
22 121 218
121 159 241
17 159 248
49 61 276
22 121 241
17 159 241
159 199 331
54 86 333
190 331 343
199 276 331
49 190 331
61 196 276
49 190 226
49 276 331
49 61 226
61 196 288
68 97 171
196 247 288
9 77 111
55 130 169
239 247 297
73 97 196
50 182 217
15 193 328
55 270 337
190 228 343
52 266 312
190 226 228
169 263 297
106 261 277
142 166 178
142 166 246
77 111 130
84 212 267
125 188 307
9 246 316
13 31 203
100 203 210
100 125 203
100 256 302
13 82 203
125 188 203
13 82 114
131 178 274
13 31 45
88 245 333
140 245 289
64 99 136
131 274 341
86 321 333
266 313 341
283 321 329
159 248 283
181 295 344
48 98 181
98 181 344
71 223 289
54 295 344
221 223 324
221 223 344
10 223 324
40 211 262
10 236 324
10 18 236
10 25 258
99 136 289
99 216 289
104 189 214
144 156 157
90 174 211
25 144 211
25 177 211
10 18 25
99 104 214
144 157 211
177 211 262
167 221 324
58 174 211
67 85 315
78 108 197
78 90 197
108 197 336
56 78 108
56 108 336
281 300 301
40 128 167
281 300 315
85 123 305
43 237 315
281 301 334
43 281 334
43 281 315
95 163 191
115 251 299
231 237 315
85 300 315
58 174 231
63 81 113
149 251 299
81 251 303
58 80 95
80 157 211
80 95 113
58 80 211
115 191 305
123 163 191
38 115 305
115 191 251
301 305 334
38 305 334
115 149 299
38 87 334
38 87 126
69 70 334
149 154 251
154 251 303
39 179 306
101 224 345
117 150 185
23 39 94
39 154 303
135 224 325
173 227 232
185 224 345
101 213 242
41 213 242
101 242 325
101 213 345
21 37 91
41 210 229
46 135 325
37 46 91
46 91 157
64 156 279
37 41 200
21 156 200
104 144 189
37 46 325
21 91 156
156 189 214
144 156 189
156 200 279
37 242 325
21 37 200
41 255 304
41 213 255
235 256 304
82 203 210
210 256 304
96 141 291
3 96 291
3 66 255
3 96 235
96 141 314
74 173 273
187 208 314
141 176 314
57 120 215
120 176 314
57 74 215
2 66 164
57 145 273
74 278 346
176 278 346
117 150 282
232 272 278
2 272 282
2 66 282
117 185 345
227 232 272
249 257 323
59 150 151
23 94 160
119 249 323
26 44 259
33 69 103
103 222 334
44 219 259
26 103 259
65 201 222
26 60 103
19 60 348
60 257 348
119 151 323
60 257 323
151 160 323
59 150 227
168 249 257
92 102 273
35 260 273
92 93 260
92 260 273
72 92 93
72 93 148
7 60 194
65 122 222
65 122 327
60 103 194
194 201 222
89 225 292
1 158 222
153 175 243
195 204 284
35 116 284
93 116 147
133 134 322
162 195 322
134 233 322
162 233 322
155 204 265
155 162 233
153 204 243
53 145 243
120 220 286
6 53 293
57 145 286
145 286 293
187 220 314
220 234 286
12 30 252
202 298 309
109 133 339
14 309 339
109 265 339
79 202 207
14 202 207
79 183 184
79 202 298
27 79 298
27 79 129
8 32 129
8 32 308
79 184 240
29 206 319
133 183 207
34 105 139
29 105 240
34 180 205
11 206 250
29 105 319
20 143 340
83 165 268
8 29 308
11 20 347
30 75 253
8 20 75
12 30 253
8 75 252
27 252 298
252 298 309
5 143 187
143 187 192
75 161 253
12 234 253
20 143 192
20 280 340
5 143 340
16 269 307
42 307 316
5 186 340
42 186 269
42 269 307
9 296 316
238 296 330
9 77 296
42 326 330
186 285 340
36 110 294
170 244 347
170 244 268
170 268 280
110 118 238
112 137 165
127 230 254
62 310 342
118 217 335
182 267 338
36 110 238
127 217 335
110 118 335
118 212 238
212 238 296
15 76 97
182 328 338
15 138 193
15 76 310
50 127 217
50 182 328
50 127 332
62 68 349
62 68 97
310 332 342
127 332 342
165 244 268
62 342 349
68 112 137
4 107 180
127 254 335
127 230 275
110 254 335
83 268 294
83 165 254
172 317 320
4 51 105
4 172 311
68 137 146
4 172 320
4 124 320
137 146 320
68 112 349
172 311 317
205 264 317
205 311 317
310 328 332
313 321 329
15 310 328
16 302 307
300 301 305
159 283 331
283 313 329
66 282 345
280 285 340
280 285 326
228 263 343
18 262 324
83 254 294
110 254 294
88 245 287
140 245 287
29 240 308
238 326 330
56 237 336
231 237 336
155 233 265
109 233 265
50 328 332
119 227 249
47 250 319
226 228 247
187 220 253
220 234 253
74 215 346
118 212 217
14 207 339
132 205 322
41 200 229
196 239 247
24 193 337
166 188 246
42 186 326
186 285 326
186 209 269
182 212 217
174 197 336
90 174 197
106 169 312
52 169 312
106 169 277
19 168 348
168 257 348
17 167 248
167 221 248
166 188 203
124 165 318
165 244 318
162 195 204
158 225 292
119 151 227
150 272 282
150 227 272
39 150 224
150 185 224
93 147 148
142 261 277
173 227 249
28 142 277
85 300 305
138 270 337
138 239 270
206 250 319
109 133 233
132 147 284
132 195 284
283 313 343
39 94 151
7 65 194
46 81 303
26 44 60
5 96 235
138 193 337
42 296 316
39 150 151
40 167 324
59 151 227
31 45 274
40 90 211
40 78 90
40 56 78
24 193 328
82 229 279
100 125 302
23 44 160
133 134 233
1 148 225
34 105 184
165 230 254
24 55 337
74 173 232
28 111 130
48 98 248
85 123 163
6 204 243
155 162 204
31 166 203
28 130 277
18 25 262
48 248 283
36 268 280
25 104 144
62 76 97
72 102 168
188 246 307
77 84 130
24 328 338
182 212 267
2 141 164
6 293 309
89 147 271
36 238 326
6 309 339
89 148 225
103 219 259
129 240 308
39 135 224
261 266 312
39 135 303
3 235 304
112 275 349
72 92 102
138 196 239
40 262 324
38 115 149
48 86 321
20 170 280
4 47 124
2 141 272
120 176 346
25 177 262
65 194 201
133 205 322
133 207 339
40 56 128
283 331 343
48 283 321
38 126 149
1 158 225
165 230 275
12 286 293
55 84 130
132 195 322
4 47 51
44 60 160
126 149 290
47 124 250
64 99 214
35 93 260
10 104 216
10 223 289
89 148 271
12 293 309
45 64 152
127 342 349
66 213 345
131 142 178
5 209 235
16 209 235
55 169 297
3 255 304
136 152 287
23 44 219
81 95 191
8 27 252
10 104 258
10 216 289
24 55 338
11 244 318
11 244 347
12 234 286
88 321 333
64 82 114
228 247 263
52 266 313
15 97 196
31 178 274
15 138 196
66 213 255
46 63 81
16 235 302
81 95 113
43 56 128
77 84 212
125 302 307
246 307 316
7 65 168
42 296 330
65 168 327
36 280 326
68 317 320
20 170 347
147 148 271
88 152 287
35 93 116
36 268 294
5 96 208
87 126 334
33 103 219
173 249 273
54 181 295
52 313 343
54 86 181
0 121 199
55 267 338
55 270 297
73 198 199
88 152 274
60 160 323
72 168 327
61 226 247
200 229 279
61 247 288
58 67 95
62 76 310
34 183 184
20 75 192
124 250 318
25 104 258
8 27 129
63 80 157
63 80 113
64 82 279
64 136 152
67 95 163
313 321 341
64 156 214
247 263 297
136 140 287
68 264 317
68 171 264
68 146 320
69 179 219
69 179 306
69 70 306
43 56 237
48 86 181
130 169 277
0 73 199
74 232 278
131 261 266
127 275 349
7 19 168
52 263 343
12 252 309
102 249 273
124 137 320
88 321 341
75 161 192
67 85 163
89 132 147
117 282 345
6 204 265
33 69 219
131 142 261
77 212 296
120 215 346
124 137 165
126 290 306
5 186 209
70 126 306
70 126 334
32 129 308
