1565.19 -806.932
-175.117 -164.183
1676.03 -614.753
1146.68 -1731.91
-977.058 1815.38
27.1513 1312.12
-1917.73 -666.275
1677.38 -689.795
1033.78 -676.722
-693.717 -1498.99
313.138 -1631.4
-1165.29 1142
-1409.94 -1909.99
75.3583 450
1580.06 723.689
-216.217 1145.24
1916.76 1608.67
-1018.94 1592.79
-1006.09 -1872.26
1860.88 16.8544
1943.12 -111.97
-671.022 -1974.62
1221.75 -993.642
-664.411 255.538
329.636 641.872
756.551 -1357.23
1010.47 1591.26
1784.77 1600.54
1681.27 -139.87
50.5364 1261.33
-1416.18 1834.32
406.574 -1499.42
1442.98 1387.64
-1906.63 -1563.1
1515.37 1954.25
453.751 1458.49
-157.722 1782.73
1483.87 -935.968
-1210.91 -1180.54
1319.57 1118.72
1461.34 76.1216
1761.5 471.809
-332.617 1546.27
72.346 -651.344
-593.603 -1877.12
-1390.01 -9.78323
1957.2 1016.56
490.794 1400.19
404.196 584.163
1837.08 -80.4322
538.411 290.833
-621.941 -1619.31
73.562 -1138.07
-555.28 862.649
-318.603 -1235.71
-18.6283 -857.267
840.412 -257.132
1614.54 -1492.21
-710.865 -313.112
-143.55 695.533
-190.229 466.436
-1314.25 -233.028
-517.003 1176.54
-832.842 1887.19
-239.294 -995.76
-193.24 -1700.88
1295.07 1184.82
-1320.2 -631.365
-1953.25 124.525
-1768.72 -271.85
888.815 212.655
870.883 -270.773
1955.52 485.425
237.022 -755.342
-1827.69 -1906.53
1940.19 -17.9155
559.908 -1374.06
1749.06 -1957.09
1802.48 -1083.79
1930.1 -436.811
-79.5456 -263.142
-137.695 -784.473
-1078.32 542.11
584.162 -1031.57
-1333.37 815.445
696.578 1555.45
-971.899 -432.539
-715.323 -1016.38
-1947.11 1521.7
228.282 -1774.8
1615.17 168.472
207.285 175.079
794.412 -43.6587
217.984 596.895
872.556 148.081
-1839.92 -1206.99
1884.94 22.389
8.53735 -1193.38
-1435.5 -1407.3
-224.956 -768.867
1408.14 -1528.38
-1213.42 -1563.75
39.0838 71.2597
-580.131 91.9702
-407.042 1648.15
317.17 -791.871
-183.377 -1475.55
1383.21 -1388.96
480.796 -398.808
1207.93 -646.648
1749.27 1368.01
146.362 1634.21
-609.597 -1845.1
-1559.17 -45.0979
-1252.4 215.872
1186.04 -1844.26
687.494 1972.62
-1408.01 -1273.42
43.8779 11.8581
818.548 1636.84
-339.991 -864.282
-1155.03 1476.63
-339.827 -1771.83
-1912.33 -1859.03
-170.635 1295.6
-505.679 -421.362
663.613 1640.68
-787.15 -1945.98
1795.58 -346.323
8.9186 -1456.82
1869.55 -805.046
-1301.07 557.043
-832.428 -709.086
1283.62 1211.45
1302.77 102.169
848.286 -1037.22
1237.89 1693.25
-1560.59 -1101.94
1921.42 -1472.92
-960.97 -249.211
1822.68 533.352
1329.43 486.294
174.035 -1457.72
540.31 -30.3815
195.953 -1450.77
512.8 65.5023
-255.817 1211.73
-1377.45 911.755
-1497.36 1906.17
123.205 1805.41
8.3359 -1028.51
-1231.81 -753.776
-1335.26 -792.393
144.285 -1413.83
-265.311 1183.31
336.955 -442.63
-283.333 -333.619
-1956.34 1890.7
208.658 583.974
-139.679 -1595.39
1133.2 -1626.88
470.113 -1122.61
1584.85 1092.66
1789.14 -1912.51
998.825 -87.6538
1892.9 -992.839
883.838 -1338.91
253.385 1548.58
-131.304 -1602.33
-1865.25 1603.38
1580.98 471.702
-839.246 -702.349
-1861.92 -795.582
-811.647 346.741
1788.39 1048.67
751.352 921.595
1421.79 -778.535
1798.98 1006.64
-1685.88 1588.12
1094.13 1312.95
-499.532 987.023
-1679.89 -1615.69
1648.11 573.495
1932.89 -483.191
971.164 -1932.37
-879.806 552.148
539.335 280.948
1849.8 677.418
1485.37 -961.848
-975.841 1273.76
-1913.17 1775.51
195.353 1508.62
-1003.02 -5.66591
515.262 -688.901
-417.544 -390.612
-1375.95 1082.92
-1403.59 -1055.84
1467.23 -1755.48
1517.65 1400.12
-238.667 488.817
1467.75 881.527
-959.035 7.08295
-837.525 -1109.24
-1315.5 -1352.16
-71.0831 -291.34
1921.6 15.7431
-515.829 116.953
-475.636 481.147
-1888.71 -1960.37
1792.25 -306.257
-350.987 -1583.71
-1223.33 245.424
-639.548 -1756.1
489.948 -1121.89
1644.01 -1748.72
1366.92 1111.76
1132.81 -1592.11
-881.156 -1704.72
-701.348 -196.655
-1056.88 1227.57
1512.01 -1135.28
-756.688 -1003.82
981.678 767.675
1477.32 1092.97
807.301 1269.57
-1213.29 -1543.69
1685.86 -436.624
701.738 -953.685
-192.726 -808.314
-75.5793 -548.713
-557.033 -708.657
-1436.95 -1424.23
-300.77 -318.108
-1128.94 997.882
1485.24 -185.817
225.45 997.243
678.908 1468.76
1993.42 -339.414
236.437 1470.74
-1246.45 -956.262
740.31 -459.74
-499.949 426.173
1103.64 -1798.21
1472.49 -1089.09
-606.524 -603.091
362.196 836.443
688.252 925.245
1412.22 -1612.52
-1392.86 -1716.72
1385.36 -1907.63
