13 116 287
88 107 235
81 166 169
7 33 72
78 125 138
162 175 214
77 137 145
143 168 284
70 160 289
141 173 269
10 49 116
112 143 291
112 139 291
35 124 257
162 175 292
117 277 296
27 44 273
15 82 208
15 73 208
16 80 276
44 82 208
44 208 299
256 273 277
51 166 244
67 101 163
100 131 150
17 67 225
17 88 225
70 163 253
12 165 170
29 109 186
132 183 289
45 158 190
9 33 187
6 132 235
14 41 199
167 215 237
30 137 237
96 149 258
104 141 173
63 127 196
174 217 247
33 72 187
71 196 217
7 59 198
38 104 207
23 62 143
38 76 207
8 205 242
37 142 249
39 123 272
2 69 249
18 139 259
76 156 207
16 265 284
120 233 279
40 92 129
36 65 83
64 102 250
8 171 205
31 75 98
31 74 286
57 81 169
1 51 135
35 271 274
246 257 268
124 257 268
35 124 271
25 110 126
15 73 292
25 120 233
175 271 292
20 233 279
103 179 248
15 82 124
15 124 271
15 271 292
162 239 292
178 296 299
178 179 248
144 167 215
89 219 246
89 184 203
11 82 124
125 184 203
89 122 203
43 122 263
131 185 200
26 57 169
57 81 185
26 169 182
101 200 212
159 182 212
50 67 225
88 225 235
6 132 183
50 132 225
160 183 289
14 41 109
157 192 266
159 163 253
157 253 266
26 182 212
45 182 251
45 118 182
113 157 192
87 108 186
45 118 177
3 118 177
12 128 165
12 108 128
29 109 148
14 109 224
29 113 181
14 199 258
149 199 258
10 116 287
218 227 258
10 79 287
79 140 264
9 96 258
13 116 187
41 60 183
107 206 281
132 225 235
107 235 281
6 235 281
202 206 281
30 206 237
30 193 231
189 216 254
30 137 145
22 243 254
22 54 145
22 30 145
30 206 231
23 143 168
76 156 164
5 42 76
5 38 76
42 76 164
5 23 62
59 93 141
191 213 243
141 213 241
189 193 254
28 33 197
154 174 269
13 72 140
59 93 198
7 34 72
7 34 59
13 72 187
72 140 172
128 223 264
52 115 293
52 128 223
115 217 293
52 115 196
52 172 223
52 63 128
115 196 217
52 63 196
217 247 293
59 247 269
154 180 269
104 173 207
59 141 269
93 141 241
66 154 174
66 71 127
71 127 196
63 99 127
174 247 269
99 194 295
63 99 295
21 194 211
146 195 240
68 84 204
0 154 180
47 151 164
130 153 260
84 153 204
68 204 240
42 164 270
146 156 236
47 146 240
47 204 240
47 151 204
18 37 249
37 155 272
130 142 260
37 130 142
39 155 272
31 39 75
31 147 250
31 39 102
75 98 155
133 262 291
31 102 250
55 262 298
39 75 155
32 64 188
32 64 102
133 139 285
139 255 259
112 139 255
2 259 270
143 265 284
53 144 176
134 144 176
16 53 176
16 265 276
80 276 297
91 294 297
55 265 298
40 262 298
133 188 262
55 262 291
133 139 291
85 129 232
85 91 232
4 94 229
114 120 290
25 110 120
36 106 275
56 228 290
110 114 120
56 120 290
106 228 245
31 98 130
106 245 275
64 188 226
106 171 238
106 228 238
74 205 286
8 114 242
74 205 242
239 280 292
273 277 296
121 272 285
123 272 285
55 265 291
261 294 297
103 261 297
241 243 254
213 241 243
105 239 248
239 248 280
173 236 269
91 232 297
110 230 274
265 276 297
24 222 229
222 229 283
58 220 261
97 216 288
117 215 277
73 208 248
178 208 248
156 207 236
173 207 236
147 205 250
201 219 246
20 220 279
128 221 264
193 206 231
232 297 298
157 190 234
123 188 285
133 188 285
116 187 258
57 185 212
45 190 251
60 183 202
178 208 299
134 176 297
140 172 264
171 228 238
46 171 228
170 186 227
168 278 284
166 244 263
43 166 263
161 230 274
159 163 212
162 220 239
159 234 251
273 296 299
159 182 251
3 158 181
188 262 275
113 157 181
157 181 190
157 159 253
21 154 194
152 215 237
86 152 237
193 202 288
131 150 200
149 202 288
148 160 266
62 143 255
18 139 282
101 163 212
134 144 215
117 134 215
100 131 138
40 129 298
66 127 194
99 127 194
126 210 274
125 138 201
122 246 257
89 122 246
29 181 186
121 139 285
119 241 254
3 118 186
87 118 186
117 178 179
49 116 227
116 227 258
114 228 290
111 151 164
111 153 260
111 153 252
151 204 252
109 186 218
41 109 183
109 148 160
109 160 183
22 193 254
59 247 293
28 33 96
152 256 277
111 164 270
37 121 282
119 216 254
190 234 251
37 98 130
35 122 257
78 81 122
7 33 198
96 149 288
33 93 197
111 151 252
46 114 228
32 123 188
22 30 193
141 191 213
54 77 145
0 68 195
143 265 291
49 136 221
27 256 273
31 147 205
27 44 209
31 205 286
6 183 202
92 245 275
106 171 205
158 181 190
21 84 153
24 58 261
1 35 161
66 154 194
22 23 54
5 23 38
5 42 270
165 170 227
162 214 220
22 191 243
12 108 186
21 153 211
16 53 77
19 88 107
110 126 274
1 161 230
50 70 132
35 161 274
37 121 272
16 77 278
78 125 203
103 134 297
25 175 274
51 135 263
41 60 149
4 58 220
27 48 201
17 48 256
1 35 263
0 180 269
44 273 299
11 44 82
2 69 260
90 103 220
4 24 58
112 143 255
20 25 233
11 124 268
119 197 216
41 149 199
125 201 219
16 80 297
1 51 230
18 37 282
92 262 275
193 202 206
52 72 293
54 168 278
104 141 191
24 61 261
0 195 269
22 104 191
20 214 220
6 202 281
17 67 150
2 18 259
40 92 262
8 46 114
61 85 95
131 138 185
2 111 260
22 38 104
60 149 202
17 19 88
103 117 179
17 100 150
3 45 177
11 201 246
66 71 217
61 85 261
85 91 261
136 221 264
3 45 158
22 23 38
34 72 293
189 216 288
94 120 279
4 24 229
2 111 270
265 297 298
85 95 129
4 94 220
94 220 279
146 236 269
121 139 282
54 77 278
48 138 201
90 105 220
175 271 274
83 205 250
2 18 249
27 48 256
35 122 263
19 86 256
188 226 275
27 201 209
14 218 258
11 201 209
11 246 268
103 220 261
1 135 263
39 102 123
92 95 245
49 79 264
14 218 224
25 210 274
157 159 234
109 218 224
33 93 198
86 206 237
17 19 256
153 204 252
69 142 249
23 54 168
47 156 164
47 146 156
19 86 107
17 48 100
10 49 79
49 136 264
95 245 283
51 169 267
51 166 169
51 230 267
51 244 263
52 72 172
148 192 266
70 253 266
20 25 214
53 144 167
53 77 167
90 105 248
56 120 229
62 255 259
56 245 283
56 228 245
16 278 284
37 98 155
26 57 212
172 223 264
79 140 287
78 81 138
34 59 293
61 95 222
3 181 186
24 61 222
186 218 227
62 259 270
86 152 256
64 83 250
64 83 226
5 62 270
9 33 96
73 248 280
36 65 106
29 148 192
67 70 163
77 137 237
50 67 70
73 280 292
185 200 212
67 150 200
67 101 200
29 113 192
68 195 240
69 142 260
16 176 297
56 229 283
21 84 154
70 132 289
117 178 296
0 84 154
70 160 266
13 140 287
146 195 269
11 44 209
28 97 216
12 170 186
9 187 258
77 167 237
78 122 203
93 119 197
25 126 210
8 46 171
25 175 214
93 119 241
48 100 138
43 81 122
152 215 277
81 138 185
43 81 166
65 83 205
36 83 275
0 68 84
83 226 275
86 107 206
28 197 216
89 125 184
95 222 283
89 125 219
90 103 248
65 106 205
129 232 298
94 120 229
92 95 129
189 193 288
28 96 97
96 97 288
49 221 227
165 221 227
66 174 217
32 102 123
91 261 294
103 117 134
128 165 221
105 220 239
