13 116 287
88 107 235
81 166 169
11 209 246
78 125 138
110 126 210
162 175 214
67 100 150
44 273 277
141 173 269
10 49 116
22 23 168
47 146 164
77 145 278
112 143 291
20 94 220
117 277 296
27 44 273
105 239 280
110 161 230
16 80 276
103 179 297
256 273 277
19 48 88
51 166 244
100 138 185
159 234 253
70 163 253
113 157 190
12 165 170
9 33 187
6 132 235
167 215 237
54 145 278
22 54 168
104 141 173
63 127 196
3 158 190
174 217 247
33 72 187
3 87 118
22 30 254
7 197 198
146 156 164
18 121 282
37 142 249
39 123 272
2 69 249
117 179 296
54 168 284
120 233 279
36 65 171
40 92 129
25 175 271
36 65 83
64 102 250
8 171 205
31 75 98
31 74 286
65 147 205
65 171 205
161 230 267
57 81 169
1 51 135
210 271 274
110 161 274
110 210 274
25 110 126
15 73 292
90 220 239
24 58 229
120 229 279
20 162 214
20 233 279
103 179 248
90 105 239
90 103 105
178 179 296
44 82 209
44 277 299
277 296 299
178 179 248
16 134 176
77 144 167
53 77 144
117 152 215
86 215 237
16 80 134
86 152 215
117 152 277
86 88 107
19 86 88
17 48 88
19 48 256
125 138 219
201 209 219
138 201 219
89 184 203
11 82 209
125 184 203
51 166 267
122 257 263
43 122 263
78 81 166
26 57 169
57 81 185
166 169 267
26 169 182
45 157 234
159 182 212
101 159 163
50 67 225
67 101 150
160 183 289
14 41 109
159 163 253
157 234 253
26 182 212
45 182 251
45 118 182
45 234 251
113 157 192
3 181 190
87 108 186
45 118 177
3 87 186
12 128 165
12 108 128
3 29 181
29 109 148
3 29 186
113 148 192
113 181 190
10 116 287
10 79 287
136 221 227
13 79 287
140 172 223
9 28 33
13 116 187
97 189 216
28 97 288
60 149 199
60 202 281
41 60 183
107 206 281
107 235 281
6 235 281
202 206 281
30 193 231
189 216 254
22 243 254
216 243 254
22 54 145
22 30 145
30 206 231
5 23 62
59 93 141
191 213 243
104 191 213
189 193 254
30 193 254
28 119 197
28 33 197
119 197 241
154 174 269
104 141 213
59 93 198
34 59 247
7 34 72
72 140 172
52 128 223
52 172 223
52 63 128
52 63 196
154 180 269
104 173 207
59 141 269
21 84 211
180 195 269
0 180 195
63 99 127
99 194 295
63 99 295
21 194 211
0 21 154
68 84 204
0 21 68
0 154 180
151 153 204
21 68 84
47 151 164
130 153 260
84 153 211
84 153 204
68 204 240
47 146 240
47 204 240
2 111 252
47 151 204
151 164 270
2 69 111
2 151 252
69 111 249
37 155 272
111 142 249
39 155 272
37 130 155
98 130 155
31 39 75
31 39 102
75 98 155
121 123 272
133 262 291
55 262 298
39 75 155
32 64 102
40 92 275
64 226 250
123 133 285
121 123 285
133 139 285
2 249 259
18 249 259
53 144 176
16 53 176
53 77 278
54 278 284
80 134 297
40 129 232
91 294 297
24 85 222
133 188 262
55 262 291
123 133 188
85 91 232
58 103 261
4 58 229
4 58 94
114 120 290
25 110 120
36 106 275
56 228 283
56 228 290
110 114 120
46 114 290
56 120 290
222 245 283
92 95 222
95 222 245
36 226 275
31 98 130
106 245 275
36 83 226
83 226 250
31 147 286
106 228 238
253 266 289
160 266 289
55 265 291
261 294 297
103 261 297
213 241 243
173 236 269
232 276 298
40 232 262
70 253 289
79 227 264
24 222 229
222 229 283
124 208 268
173 207 236
89 203 257
202 206 231
14 199 224
199 218 258
52 196 293
115 196 293
97 193 288
193 202 231
157 192 253
192 253 266
116 187 258
165 186 227
16 276 284
168 276 284
166 244 263
43 166 263
162 280 292
162 271 292
20 162 220
162 220 239
159 234 251
159 182 251
159 200 212
45 157 177
157 158 190
157 158 177
232 262 298
101 150 200
193 202 288
131 150 200
100 150 185
149 202 288
147 242 286
62 143 255
13 140 187
72 140 187
18 139 282
30 137 206
146 156 207
117 134 179
128 136 227
128 136 221
128 140 264
15 124 292
124 271 274
121 139 285
120 175 233
25 120 175
131 150 185
119 216 243
119 241 243
3 118 158
117 134 176
117 144 176
117 144 167
116 218 258
115 247 293
115 217 247
112 255 259
112 133 139
111 142 260
122 203 257
111 153 260
111 153 252
101 159 200
109 148 266
41 109 266
30 77 137
152 256 277
59 174 269
42 259 270
42 76 156
89 246 268
41 160 183
38 76 156
38 156 207
162 239 280
6 60 183
58 61 85
43 78 166
48 67 138
5 38 42
162 175 271
44 82 299
36 171 238
2 151 259
35 124 268
7 34 198
34 247 293
37 142 260
66 71 99
165 170 186
96 149 288
146 207 236
32 188 262
35 257 268
93 141 213
32 123 188
113 148 181
58 103 220
128 227 264
1 35 257
0 68 195
143 265 291
128 140 223
27 256 273
27 44 209
118 158 177
23 62 168
92 245 275
25 210 271
50 70 101
17 67 88
1 35 161
50 88 225
7 72 197
35 124 274
29 218 224
46 114 242
5 23 38
93 197 241
9 199 258
55 265 276
22 191 243
40 226 262
12 108 186
21 154 174
30 77 145
21 99 194
20 175 214
68 146 240
22 38 207
18 112 259
29 186 218
50 70 132
8 147 242
35 161 274
21 66 174
37 121 272
82 208 299
92 129 222
13 140 264
51 135 263
9 96 149
37 121 249
27 48 201
112 133 291
1 51 161
4 229 279
13 79 264
74 242 286
20 175 233
22 104 207
88 132 235
151 259 270
93 197 198
1 135 257
85 222 232
90 103 220
112 143 255
143 168 265
4 20 279
129 222 232
58 94 220
9 28 288
8 46 238
6 183 289
122 125 203
21 66 99
6 60 281
80 91 297
28 119 216
52 72 293
14 41 60
16 53 278
65 83 102
78 122 125
9 149 199
22 104 191
156 164 270
6 132 289
29 148 181
37 130 260
65 102 147
60 149 202
8 171 238
50 67 101
40 226 275
168 265 276
5 62 259
34 59 198
33 72 197
22 23 38
83 102 250
124 271 292
41 160 266
34 72 293
4 20 94
57 131 200
89 209 246
57 200 212
146 236 269
121 139 282
8 147 205
48 138 201
71 99 127
42 156 270
27 48 256
228 238 290
14 29 224
19 86 256
27 201 209
11 246 268
39 102 123
92 95 245
14 29 109
115 127 196
135 257 263
80 91 276
32 64 262
97 189 193
15 73 299
15 208 299
9 96 288
117 167 215
14 60 199
86 206 237
71 115 127
106 245 283
5 42 259
66 115 217
10 49 79
49 218 227
73 178 296
49 79 227
61 85 294
50 88 132
46 238 290
51 244 263
52 72 172
148 192 266
58 61 294
55 276 298
18 121 249
56 120 229
62 255 259
16 278 284
57 131 185
151 153 252
26 57 212
58 261 294
8 46 242
36 106 238
78 81 138
134 179 297
24 58 85
62 143 168
186 218 227
86 152 256
59 174 247
64 226 262
73 248 280
49 116 218
66 71 115
51 161 267
89 209 219
77 137 237
73 280 292
67 88 225
18 112 139
67 100 138
56 229 283
70 101 163
70 132 289
106 228 283
146 195 269
73 178 248
28 97 216
73 296 299
12 170 186
9 187 258
91 232 276
77 167 237
43 78 122
25 126 210
82 208 268
81 138 185
137 206 237
11 82 268
86 107 206
199 218 224
89 125 184
89 125 219
89 257 268
85 91 294
93 213 241
38 42 76
165 221 227
68 146 195
66 174 217
32 102 123
31 102 147
17 48 67
103 105 280
103 248 280
128 165 221
15 124 208
