13 116 287
88 107 235
81 166 169
78 125 138
162 175 214
86 152 277
57 185 200
143 168 284
141 173 269
93 198 241
22 23 168
47 146 164
11 124 246
1 35 274
162 175 292
15 82 208
256 273 277
100 131 185
43 122 203
51 166 244
78 138 185
100 138 185
218 224 258
70 163 253
10 49 227
12 165 170
160 192 266
9 33 187
6 132 235
167 215 237
54 145 278
22 38 243
22 54 168
28 97 119
9 116 258
3 158 190
3 87 118
38 104 207
23 62 143
146 156 164
18 121 282
37 142 249
39 123 272
2 69 249
117 179 296
54 168 284
120 233 279
36 65 171
25 175 271
36 65 83
64 102 250
31 75 98
31 74 286
1 161 274
89 122 257
57 81 169
51 135 244
1 35 135
124 246 268
210 271 274
126 210 271
25 126 271
25 110 126
15 73 292
24 58 229
120 229 279
94 229 279
20 233 279
90 94 220
103 179 248
178 179 296
178 248 280
44 82 209
48 256 273
178 296 299
277 296 299
178 179 248
86 215 237
144 167 215
86 152 215
117 144 215
19 86 277
19 256 277
27 48 273
125 138 219
138 201 219
89 219 246
89 184 203
11 82 209
125 184 203
43 166 244
122 257 263
89 122 203
43 122 263
78 81 166
78 125 166
131 185 200
26 57 169
26 169 182
50 67 225
88 225 235
50 70 289
50 70 163
50 132 225
160 183 289
159 163 253
26 182 212
45 182 251
182 234 251
45 118 182
45 234 251
3 181 190
45 158 177
45 118 177
12 128 165
12 108 128
29 109 148
41 109 148
29 113 181
14 199 258
149 199 258
14 224 258
10 79 287
13 79 287
9 116 187
97 189 216
202 206 288
60 149 199
6 183 281
60 202 281
41 60 199
132 225 235
6 235 281
202 206 281
30 193 231
22 243 254
23 143 168
5 22 23
5 42 62
42 62 270
5 38 76
5 22 38
5 23 62
38 191 243
38 104 191
191 213 243
104 191 213
141 213 241
189 193 254
30 193 254
28 119 197
28 33 197
13 72 140
34 59 247
7 34 72
34 72 247
128 223 264
52 128 223
115 217 293
115 196 217
217 247 293
59 247 269
104 173 207
93 141 241
0 180 195
66 71 127
63 99 295
21 194 211
0 154 180
47 151 164
130 153 260
42 164 270
47 146 240
47 151 204
130 142 260
37 130 142
39 155 272
31 39 75
31 39 102
121 123 272
133 262 291
55 262 298
39 75 155
32 64 188
32 64 102
123 133 285
121 123 285
133 139 285
18 121 272
121 282 285
2 259 270
143 265 284
55 143 265
16 53 176
53 77 278
54 278 284
80 134 297
40 129 232
80 276 297
133 188 262
55 262 291
123 133 188
46 228 238
103 294 297
91 232 298
103 261 294
58 103 261
4 58 229
4 58 94
4 94 229
114 120 290
25 110 120
36 106 275
228 245 283
46 171 238
56 228 283
110 114 120
46 114 290
56 120 290
106 228 245
40 262 275
31 98 130
106 245 275
64 188 226
31 147 286
106 228 238
8 114 242
294 297 298
73 280 299
253 266 289
160 266 289
18 259 282
116 258 287
18 249 272
20 239 279
105 239 248
239 248 280
173 236 269
40 232 262
70 253 289
79 227 264
265 276 297
24 222 229
222 229 283
20 214 239
162 214 239
173 207 236
139 259 285
206 235 281
107 206 235
204 252 260
27 201 273
52 196 293
115 196 293
193 206 231
192 253 266
157 190 234
97 189 288
189 213 216
33 187 198
186 218 221
160 183 192
180 247 269
66 174 194
104 173 213
140 172 264
136 227 264
43 166 203
101 163 200
162 280 292
178 280 299
159 200 212
180 195 236
158 190 234
188 262 275
113 157 181
157 181 190
157 159 253
37 155 249
155 249 272
21 154 194
232 262 298
154 180 247
96 149 202
62 143 255
72 140 247
140 247 293
53 137 176
128 136 264
136 218 227
146 156 207
51 135 230
92 129 275
40 129 275
128 136 221
52 128 196
127 196 217
66 127 194
52 223 293
126 210 274
126 161 274
15 124 292
124 271 274
7 187 198
124 175 271
29 181 186
120 175 233
25 120 175
119 198 241
3 118 158
117 134 176
117 144 176
112 139 259
112 255 259
112 133 139
111 252 270
151 204 252
1 110 135
125 166 203
41 109 199
80 276 284
136 218 221
43 135 244
43 135 263
28 33 96
30 77 137
30 167 237
34 93 198
89 246 268
61 85 222
38 76 156
38 156 207
162 239 280
265 276 284
154 174 247
140 172 293
44 82 299
259 282 285
37 98 130
36 171 238
35 124 268
7 34 198
165 170 186
117 215 296
165 186 221
146 207 236
35 257 268
41 148 192
32 123 188
91 294 298
0 68 195
30 77 278
30 145 278
97 213 216
118 158 177
215 277 296
46 56 228
100 131 200
92 245 275
22 54 254
72 116 187
21 84 153
17 67 88
24 58 261
44 209 219
35 124 274
29 218 224
164 252 270
12 108 186
21 153 211
127 194 295
55 297 298
20 175 214
68 146 240
19 88 107
29 186 218
44 201 219
16 80 176
10 49 258
103 134 297
82 208 299
13 72 116
37 75 155
7 72 187
13 140 264
8 65 205
9 96 149
182 212 234
11 219 246
41 183 281
27 48 201
55 112 143
112 133 291
46 56 290
13 79 264
85 91 129
20 175 233
2 69 142
159 212 234
17 48 256
44 273 299
5 42 156
141 173 213
112 143 255
154 174 194
99 127 295
6 50 132
159 163 200
1 110 161
6 183 289
57 78 185
16 53 278
24 61 261
119 213 241
41 183 192
17 67 150
2 18 259
8 46 114
6 50 289
2 111 260
60 149 202
17 19 88
103 117 179
50 67 101
17 100 150
66 71 217
61 85 261
3 87 108
45 158 234
189 213 243
85 91 261
110 135 230
3 108 186
83 102 250
11 15 82
8 65 171
42 156 164
2 111 270
68 195 236
63 128 196
220 239 279
85 95 129
57 200 212
94 220 279
8 74 242
68 146 236
8 147 205
10 258 287
99 127 196
48 138 201
90 105 220
11 15 124
54 145 254
34 59 93
2 18 249
14 29 224
188 226 275
11 209 219
2 142 260
30 137 167
5 76 156
39 102 123
92 95 245
14 29 109
206 231 237
113 157 253
135 257 263
85 95 222
157 159 234
15 73 299
44 201 273
15 208 299
83 102 205
86 206 237
17 19 256
69 142 249
47 68 240
47 68 204
19 86 107
17 48 100
49 218 258
49 218 227
37 75 98
95 245 283
33 197 198
51 169 267
51 166 169
51 230 267
80 134 176
30 145 254
53 77 137
110 126 161
8 74 147
9 149 258
90 105 248
55 265 297
56 120 229
62 255 259
153 204 260
16 278 284
57 78 81
26 57 212
172 223 264
36 106 238
3 181 186
111 252 260
24 61 222
119 197 198
91 129 232
113 192 253
62 259 270
93 141 269
64 83 250
64 83 226
9 33 96
29 148 192
66 174 247
66 217 247
137 167 176
73 280 292
67 88 225
67 150 200
67 101 200
68 84 153
68 153 204
0 68 154
193 206 288
68 84 154
29 113 192
56 229 283
21 84 154
30 231 237
50 101 163
12 170 186
14 109 199
74 147 286
189 243 254
63 99 196
10 79 227
8 46 171
48 100 138
152 215 277
65 83 205
36 83 275
83 226 275
86 107 206
41 60 281
89 125 184
95 222 283
89 125 219
89 257 268
35 135 257
90 103 248
55 112 291
144 167 176
124 175 292
59 93 269
90 94 103
58 94 103
92 95 129
189 193 288
28 96 97
96 97 288
96 202 288
172 223 293
97 119 213
273 277 299
151 164 252
100 150 200
32 102 123
31 102 147
180 236 269
102 147 205
91 261 294
103 117 134
128 165 221
105 220 239
16 80 284
71 127 217
