81 166 169
110 126 210
162 175 214
67 100 150
105 248 280
77 137 145
86 152 277
57 185 200
160 253 266
70 160 289
10 49 116
29 113 148
47 146 164
77 145 278
20 94 220
112 139 291
162 175 292
117 277 296
103 179 297
44 208 299
17 48 138
256 273 277
77 137 167
43 122 203
51 166 244
17 67 100
218 224 258
159 234 253
12 165 170
132 183 289
9 33 187
53 278 284
54 145 278
9 116 258
174 217 247
7 59 198
7 197 198
156 173 236
38 104 207
38 76 207
62 112 255
83 147 250
32 39 102
18 139 259
76 156 207
16 53 284
54 168 284
120 233 279
24 222 283
36 65 83
31 75 98
31 74 286
57 81 169
43 125 166
1 35 135
35 135 263
246 257 268
110 210 274
25 110 126
15 73 292
25 120 233
90 94 220
90 103 105
178 179 296
73 239 292
162 239 292
48 256 273
178 296 299
73 178 299
77 144 167
53 77 144
117 152 215
144 167 215
117 134 144
117 144 215
19 86 277
117 152 277
86 88 107
19 256 277
19 86 88
17 100 138
125 138 219
44 201 209
27 138 201
138 201 219
11 82 209
43 125 203
125 184 203
51 166 267
43 244 263
43 166 244
43 122 263
78 81 166
78 125 166
131 185 200
166 169 267
26 169 182
159 182 212
50 70 163
160 183 289
14 41 109
157 234 253
26 182 212
45 182 251
159 182 234
182 234 251
45 118 182
45 234 251
113 157 192
87 108 186
45 118 177
3 118 177
12 128 165
12 108 128
170 186 218
3 29 181
3 29 186
113 148 192
14 109 224
29 113 181
149 199 258
10 116 287
10 79 287
140 172 223
7 33 197
9 116 187
97 189 216
60 202 281
41 60 183
107 206 281
132 225 235
107 235 281
6 235 281
189 216 254
30 137 145
137 167 237
22 243 254
216 243 254
23 143 168
5 42 62
5 42 76
5 38 76
5 23 62
59 93 141
156 173 207
191 213 243
104 191 213
189 193 254
119 216 241
154 174 269
13 72 140
104 141 213
59 93 198
34 59 247
7 34 72
7 34 59
72 172 293
13 72 187
34 72 247
72 140 172
128 223 264
52 115 293
52 128 223
52 115 196
72 247 293
154 180 269
104 173 207
59 141 269
173 195 269
173 195 236
66 154 174
71 127 196
63 99 295
21 194 211
0 154 180
47 151 164
130 153 260
68 204 240
47 146 240
47 204 240
47 151 204
151 164 270
2 69 111
69 111 249
18 37 249
37 155 272
130 142 260
37 130 142
37 130 155
98 130 155
31 39 75
31 147 250
31 39 102
75 98 155
133 262 291
31 102 250
39 75 155
39 123 188
64 226 250
32 39 188
123 133 285
133 139 285
2 259 270
55 143 265
53 144 176
134 144 176
16 53 176
53 77 278
54 278 284
117 134 297
40 129 232
80 276 297
91 294 297
55 265 298
188 226 262
133 188 262
55 262 291
123 133 188
133 139 291
40 232 298
91 232 298
58 90 103
24 58 61
120 229 283
24 61 85
58 103 261
4 94 229
114 120 290
25 110 120
24 229 283
36 106 275
56 120 283
46 171 238
56 228 290
110 114 120
56 120 290
92 95 222
92 95 275
85 92 129
31 98 130
83 226 250
31 147 286
8 114 242
273 277 296
121 272 285
123 272 285
261 294 297
103 261 297
213 241 243
110 230 274
162 214 239
214 220 239
204 252 260
27 201 273
199 224 258
14 199 224
60 199 202
128 221 264
193 206 231
157 192 253
192 253 266
97 189 288
132 183 235
6 183 235
134 176 297
57 169 200
26 169 200
168 265 284
161 230 274
146 164 236
156 164 236
159 163 212
273 296 299
159 160 253
3 158 181
113 157 181
157 181 190
157 158 190
76 156 270
21 154 194
86 152 237
152 167 215
152 167 237
96 149 202
148 160 266
109 148 218
13 187 287
148 186 218
18 139 282
48 138 273
30 137 231
137 206 231
82 208 209
101 163 212
170 218 227
51 135 230
100 131 138
92 129 275
52 128 196
52 223 293
15 124 292
124 210 274
39 123 155
123 155 272
40 129 226
122 246 257
89 122 246
89 122 184
122 184 203
121 139 285
3 118 186
87 118 186
49 116 227
116 218 227
116 218 258
115 247 293
115 217 247
206 281 288
114 228 290
112 139 259
112 255 259
111 252 270
157 158 234
151 204 252
109 148 160
41 109 160
22 193 254
80 276 284
26 101 200
189 206 288
28 33 96
59 174 269
42 259 270
42 255 259
125 138 185
91 276 297
41 160 183
40 55 262
22 38 54
23 38 54
6 60 183
265 276 284
37 121 282
37 142 252
116 187 287
37 111 249
23 112 143
35 124 268
35 122 257
33 197 216
82 246 268
73 179 248
44 208 209
35 257 268
32 102 250
32 64 226
93 141 213
46 114 228
73 105 239
49 136 221
7 33 187
32 188 226
26 101 212
100 131 200
25 175 292
29 148 186
158 181 190
25 271 292
25 210 271
21 84 153
17 67 88
1 35 161
66 154 194
35 124 274
5 23 38
165 170 227
22 193 231
22 191 243
40 226 262
12 108 186
21 153 211
20 175 214
68 146 240
20 25 175
24 85 92
1 161 230
50 70 132
35 161 274
37 121 272
104 173 269
40 55 298
7 72 187
51 135 263
8 65 205
9 96 149
55 112 143
46 228 245
74 242 286
85 91 129
17 48 256
0 180 269
44 273 299
4 90 94
4 24 58
143 168 265
20 25 233
99 127 295
119 197 216
216 241 243
16 80 297
18 37 282
23 62 112
6 60 281
0 146 236
124 210 271
14 41 60
57 78 185
4 58 90
20 94 233
0 195 236
22 54 231
0 195 269
142 252 260
22 104 191
20 214 220
156 164 270
8 46 114
131 138 185
22 38 104
94 233 279
17 19 88
50 67 101
3 45 177
36 65 238
70 160 163
45 158 234
78 125 185
8 147 286
136 221 264
117 296 297
3 45 158
37 111 252
8 65 171
124 271 292
94 120 279
4 24 229
2 111 270
63 128 196
42 62 255
121 139 282
8 147 205
106 238 245
8 242 286
99 127 196
151 252 270
32 64 250
90 105 220
11 89 219
83 147 205
35 122 263
11 201 209
79 140 223
11 89 246
46 238 245
15 73 299
44 201 273
15 208 299
109 218 224
14 60 199
24 92 222
86 206 237
17 19 256
18 69 249
66 71 194
23 54 168
66 115 217
30 145 231
49 79 136
10 49 79
1 135 230
28 33 216
61 85 294
95 245 283
51 230 267
51 244 263
11 201 219
149 199 202
91 265 298
148 192 266
58 61 294
54 145 231
50 67 132
9 149 258
73 178 179
153 204 260
56 245 283
56 228 245
57 78 81
189 193 206
129 226 275
107 225 235
58 261 294
79 140 287
36 106 238
119 197 198
91 129 232
91 265 276
59 174 247
18 69 259
202 281 288
82 124 268
9 33 96
73 248 280
65 171 238
66 71 115
67 88 225
67 132 225
67 150 200
67 101 200
0 68 146
68 84 153
68 153 204
0 68 154
68 84 154
2 69 259
79 136 264
16 176 297
21 84 154
70 132 289
71 115 196
71 127 295
13 140 287
73 105 280
82 124 208
50 101 163
28 97 216
12 170 186
42 76 270
63 99 196
79 223 264
27 138 273
25 126 210
8 46 171
93 119 241
105 179 248
137 206 237
11 82 246
65 83 205
36 83 275
83 226 275
86 107 206
71 194 295
89 125 184
95 222 283
89 125 219
55 112 291
93 119 198
95 106 275
179 296 297
159 160 163
94 120 229
85 91 294
95 106 245
28 96 97
96 97 288
49 221 227
96 202 288
172 223 293
93 213 241
165 221 227
100 150 200
66 174 217
104 141 269
128 165 221
103 105 179
105 220 239
16 80 284
88 107 225
15 124 208
