26 81 194
13 26 194
13 26 37
22 79 97
14 114 160
33 53 183
57 70 131
136 142 164
20 64 78
89 127 181
114 160 171
99 139 181
22 79 147
91 119 164
23 141 180
9 45 86
147 153 183
41 61 87
125 129 152
7 44 150
62 88 157
32 146 159
22 95 97
50 169 196
77 82 94
4 125 153
48 130 190
40 48 190
54 104 189
84 88 154
36 75 106
34 54 118
67 75 106
72 92 195
62 107 161
62 116 161
67 100 131
4 39 192
5 156 172
6 57 70
6 57 121
121 161 188
103 156 172
11 165 174
11 66 173
21 26 37
37 55 102
21 37 102
126 142 164
3 24 124
55 60 102
13 64 194
20 35 78
5 135 172
3 51 115
71 72 105
24 128 166
3 24 128
3 51 124
0 38 142
22 99 139
99 114 171
14 59 160
69 138 160
33 127 181
25 96 119
23 89 127
14 59 89
0 60 80
38 59 155
0 38 60
136 164 180
10 76 159
25 119 141
43 82 146
41 61 91
61 76 87
28 61 76
8 32 101
32 101 150
8 101 117
10 28 76
18 132 152
77 82 133
7 77 133
43 82 110
50 82 94
140 169 187
140 158 187
47 74 140
18 129 152
18 176 184
158 167 176
158 167 187
53 152 183
30 53 186
53 132 152
79 147 153
40 125 129
40 129 184
27 120 177
4 79 153
120 177 193
27 48 120
63 177 193
34 42 54
27 177 182
40 48 120
27 48 118
48 118 148
47 130 190
18 129 184
40 184 190
19 44 93
12 83 199
19 90 93
12 90 93
2 68 191
54 83 199
31 47 83
31 47 130
27 34 46
54 83 148
48 130 148
54 118 148
12 68 199
2 68 199
54 104 199
2 104 199
84 154 168
88 154 163
63 75 111
27 34 118
27 46 182
34 36 46
67 100 116
63 177 182
67 75 111
63 111 170
62 106 116
36 65 106
62 88 143
107 121 161
15 165 175
107 108 121
15 108 143
15 108 121
29 92 195
70 131 188
16 73 170
67 106 116
100 116 161
73 131 170
39 52 97
95 134 144
73 92 131
16 52 73
5 156 195
128 149 185
56 71 137
1 149 185
5 56 149
49 71 137
1 135 179
98 135 172
98 135 179
29 57 123
35 58 173
103 123 197
29 195 197
29 123 197
11 66 174
11 15 165
57 123 175
58 66 174
58 66 173
98 172 198
104 168 189
167 169 187
110 167 169
154 163 191
154 168 191
112 149 166
112 137 149
56 137 149
18 132 176
132 167 176
131 161 188
100 131 161
74 140 176
25 127 141
125 152 183
58 123 174
123 165 175
57 121 175
15 121 175
119 141 180
4 39 79
140 158 176
14 99 114
111 131 170
22 147 183
38 136 155
38 55 162
37 124 151
37 55 138
73 92 105
33 86 96
151 160 171
11 15 143
43 110 167
30 45 85
35 103 198
30 33 86
20 98 198
38 136 142
29 57 92
26 80 126
26 60 80
69 160 162
17 99 171
67 111 131
23 136 180
46 63 182
23 136 155
30 122 186
42 54 157
17 109 171
76 85 122
21 60 102
30 33 53
38 59 160
37 51 124
62 107 108
22 139 183
8 10 159
32 82 150
103 156 195
16 52 170
20 35 198
30 45 86
2 168 191
9 86 178
35 103 123
55 69 138
5 72 195
0 80 126
8 32 159
4 192 193
1 5 135
5 56 71
33 139 183
46 63 75
12 44 93
64 78 81
44 77 94
7 44 77
70 121 188
1 115 185
3 115 128
1 115 179
7 82 150
31 83 148
12 44 68
24 49 166
84 168 189
39 79 97
12 90 196
35 58 123
138 151 160
5 71 72
57 92 131
21 26 60
73 105 134
86 96 119
50 90 196
55 69 162
31 130 148
4 40 125
39 63 170
37 138 151
47 176 184
123 165 174
30 85 122
19 90 94
101 117 150
22 95 99
8 61 117
19 44 94
49 112 137
25 96 127
4 120 193
1 5 149
34 36 65
125 153 183
63 192 193
71 105 144
8 10 61
47 140 169
12 83 196
42 65 157
51 64 115
49 109 144
13 37 51
76 122 159
39 52 170
78 81 145
41 91 119
39 63 192
23 59 89
7 82 133
43 53 132
43 53 122
43 122 159
88 157 189
43 132 167
45 76 85
9 45 178
36 46 75
47 184 190
4 40 120
47 169 196
17 99 144
47 74 176
0 126 142
64 81 194
49 112 166
24 49 124
49 124 151
128 149 166
52 73 134
49 151 171
89 99 181
32 82 146
52 95 134
20 98 115
52 95 97
53 122 186
103 172 198
54 157 189
33 139 181
119 164 180
49 109 171
61 113 117
33 96 127
62 108 143
20 64 115
41 119 178
6 70 121
38 55 60
2 104 168
10 28 61
34 42 65
23 59 155
43 146 159
38 160 162
115 128 185
26 81 126
17 109 144
50 82 169
82 110 169
47 83 196
23 127 141
86 119 178
84 88 189
14 89 99
50 90 94
81 126 145
72 92 105
95 99 144
98 115 179
45 87 178
103 195 197
105 134 144
65 106 157
62 106 157
49 71 144
41 87 178
13 51 64
45 76 87
11 88 143
113 117 150
