110 167 187
57 70 131
3 115 185
20 64 78
99 139 181
139 147 183
22 139 147
91 119 164
23 141 180
147 153 183
41 61 87
7 44 150
42 54 189
77 82 94
4 125 153
39 192 193
4 79 97
48 130 190
40 48 190
15 57 121
100 131 188
34 54 118
67 75 106
72 92 195
67 100 131
4 39 192
1 135 149
5 156 172
6 57 70
72 73 105
6 57 121
121 161 188
11 165 174
15 88 143
11 66 173
21 37 102
21 26 126
80 126 142
55 138 151
55 60 102
20 115 179
5 135 172
71 72 105
3 24 128
138 160 171
38 59 162
138 151 171
95 97 134
69 138 160
23 155 180
33 127 181
59 69 162
14 59 89
0 60 80
0 80 142
0 38 60
91 119 178
41 91 178
45 85 86
30 85 86
9 96 178
41 61 91
61 76 87
28 61 76
32 101 150
101 113 150
122 146 159
18 132 152
32 146 150
50 82 110
50 110 169
140 169 196
19 90 196
50 82 94
110 169 187
110 132 167
140 169 187
158 167 176
74 158 176
158 167 187
53 152 183
53 132 152
152 153 183
79 147 153
40 129 184
27 120 177
4 79 153
120 177 193
27 48 120
34 42 54
27 177 182
40 48 120
47 130 190
40 184 190
19 44 93
19 90 93
12 68 93
12 90 93
44 68 93
2 68 191
31 47 130
31 83 130
48 130 148
54 118 148
12 68 199
2 68 199
84 104 168
84 157 189
42 157 189
88 154 163
27 34 118
34 36 46
67 100 116
67 75 111
63 111 170
62 88 143
11 15 88
107 108 143
15 165 175
15 108 143
29 92 195
15 57 175
6 121 188
70 131 188
6 70 188
39 52 63
16 73 170
39 63 193
4 39 97
39 52 97
52 97 134
95 134 144
72 73 92
73 92 131
16 52 73
5 156 195
56 71 137
112 128 149
1 149 185
5 56 149
49 71 137
112 137 166
5 135 149
1 135 179
98 135 172
98 135 179
35 98 198
35 58 173
156 195 197
11 66 174
165 174 175
11 15 165
35 58 103
58 173 174
103 172 197
156 172 197
155 164 180
154 163 191
154 168 191
112 137 149
56 137 149
18 132 176
132 167 176
125 129 193
40 129 193
129 152 153
125 129 153
29 123 195
123 195 197
58 123 174
123 174 175
119 141 180
14 99 114
38 55 162
27 34 182
15 107 108
36 65 75
29 123 175
14 69 160
10 28 159
28 122 159
27 118 148
29 57 92
25 119 178
75 111 182
25 89 127
24 112 128
30 122 186
23 38 59
17 109 171
76 85 122
21 81 194
15 121 161
21 60 102
126 136 142
23 38 155
19 44 133
8 10 159
8 146 159
16 52 170
17 114 171
18 152 184
37 102 124
32 113 117
17 99 114
22 95 147
2 54 199
14 114 171
10 61 113
19 50 94
2 168 191
12 31 83
29 57 175
62 84 88
55 69 138
28 76 122
5 72 195
25 96 178
4 192 193
5 56 71
33 139 183
88 154 168
63 111 193
19 169 196
40 120 193
7 133 146
54 84 104
1 115 185
13 21 37
21 60 80
136 155 164
47 176 190
13 78 194
1 115 179
3 24 51
109 151 171
24 49 166
58 103 197
10 113 117
12 90 196
0 136 155
5 71 72
3 51 64
57 92 131
21 26 81
73 105 134
58 123 197
13 51 124
32 101 113
2 54 104
55 69 162
24 112 166
74 158 187
109 124 151
0 38 155
30 85 122
3 128 149
54 84 189
107 116 161
19 77 133
19 50 169
3 149 185
116 161 188
12 54 83
18 176 190
23 25 119
8 32 146
25 96 127
7 146 150
34 36 65
53 96 186
82 110 132
12 54 199
19 77 94
66 173 174
71 105 144
24 51 124
15 107 161
4 125 193
31 47 196
42 65 157
74 140 187
49 109 144
12 31 196
14 127 181
22 95 139
18 184 190
13 37 124
13 21 194
3 20 64
14 59 69
14 89 127
14 160 171
8 10 117
14 99 181
41 45 87
78 81 145
23 59 89
43 53 132
43 53 122
7 44 133
45 76 85
45 86 96
9 45 96
9 45 178
36 46 75
17 99 144
47 74 176
79 95 147
24 49 124
49 109 124
129 152 184
8 32 117
52 73 134
54 83 130
49 137 166
52 63 170
53 122 186
54 130 148
33 139 181
53 96 183
119 164 180
33 96 127
62 67 116
62 67 106
62 84 157
65 75 106
55 102 151
67 73 131
67 73 111
46 75 182
38 55 60
2 104 168
0 136 142
73 111 170
10 28 61
21 80 126
34 42 65
74 140 196
95 99 139
47 74 196
3 20 115
77 82 146
77 133 146
27 48 148
34 46 182
78 81 194
78 98 179
13 64 78
78 98 198
20 78 179
43 82 132
35 78 198
79 95 97
26 81 126
17 109 144
111 177 182
43 82 122
82 122 146
30 86 186
86 96 186
84 88 168
23 25 89
81 126 145
23 119 141
95 99 144
33 96 183
98 103 172
35 98 103
107 116 143
102 124 151
105 134 144
65 106 157
62 106 157
49 71 144
126 136 164
13 51 64
111 177 193
41 45 178
45 76 87
62 116 143
100 116 188
