55 60 162
14 114 160
64 78 145
20 64 78
114 160 171
22 79 147
59 89 155
141 164 180
91 119 164
23 141 180
9 45 86
147 153 183
41 61 87
7 44 150
47 90 196
62 88 157
19 50 196
50 169 196
77 82 94
4 125 153
40 48 190
54 104 189
42 62 157
36 75 106
34 54 118
72 92 195
4 39 192
1 135 149
5 156 172
6 57 70
103 156 172
11 66 173
21 37 102
80 102 126
69 138 162
64 145 194
81 145 194
13 64 194
3 51 115
56 112 149
99 109 171
71 72 105
17 99 109
3 24 128
138 160 171
38 59 162
138 151 171
56 112 137
17 49 109
99 114 171
23 25 141
14 59 160
69 138 160
33 127 181
14 89 181
14 59 89
0 60 80
38 60 162
38 59 155
0 38 60
136 164 180
23 25 127
119 141 164
136 155 180
91 119 178
41 91 178
25 33 127
25 119 141
45 85 86
43 82 146
30 85 86
9 41 178
9 45 87
9 41 87
41 61 91
28 61 113
8 32 101
101 113 117
32 101 150
101 113 150
8 101 117
85 122 159
122 146 159
43 122 146
7 133 150
7 77 133
43 82 110
19 90 196
110 132 167
18 129 152
43 110 132
158 167 176
74 158 176
18 167 176
158 167 187
53 152 183
30 53 86
30 53 186
79 147 153
40 125 129
40 129 184
4 79 153
120 177 193
63 177 193
40 48 120
48 118 148
74 176 190
18 129 184
40 184 190
12 83 199
19 90 93
44 50 94
19 44 50
2 68 191
54 83 199
31 47 83
31 47 130
27 34 46
54 118 148
12 68 199
2 68 199
54 104 199
84 154 168
84 104 168
84 104 189
27 46 182
34 36 46
67 75 111
36 65 106
62 88 143
107 121 161
15 108 143
6 70 188
39 52 63
16 73 170
16 52 63
73 131 170
16 63 170
95 134 144
52 105 134
73 92 131
16 52 73
5 156 195
56 71 137
1 149 185
49 71 137
115 179 185
1 179 185
1 135 179
98 135 179
29 57 123
35 58 173
29 195 197
29 123 197
11 15 165
35 58 103
169 187 196
173 174 175
58 173 175
98 172 198
2 168 199
167 169 187
110 167 169
154 163 191
132 152 186
18 152 167
55 151 162
130 148 190
48 148 190
22 139 144
29 131 195
32 150 159
129 153 183
125 129 153
112 128 137
154 157 163
57 121 175
104 168 199
121 174 175
15 121 174
4 39 79
14 99 114
22 147 183
38 136 155
33 86 96
15 107 108
11 15 143
146 150 159
33 96 119
35 103 198
29 70 131
20 98 198
26 102 126
69 160 162
75 111 182
129 152 183
23 89 181
21 26 102
29 57 70
30 122 186
0 38 136
21 81 194
11 66 165
126 136 142
37 51 124
10 85 159
62 107 108
22 139 183
8 10 159
103 156 195
19 68 93
19 44 68
17 99 139
40 192 193
37 102 124
57 121 161
28 61 87
63 67 100
52 92 105
9 86 178
71 72 195
5 98 172
0 80 126
39 95 97
28 76 85
8 32 159
5 56 71
33 139 183
6 57 161
20 78 198
44 77 94
7 44 77
79 95 144
12 47 83
40 120 193
2 154 191
34 48 118
13 21 37
74 130 190
3 115 128
140 187 196
3 24 51
42 65 116
58 103 197
14 99 139
10 113 117
14 139 181
39 79 97
17 139 144
5 56 135
21 26 81
86 96 119
58 123 197
34 54 189
55 80 102
34 42 189
31 130 148
56 135 149
4 40 125
31 54 83
5 98 135
74 158 187
30 85 122
138 151 162
48 120 177
107 116 161
27 34 48
2 154 168
116 161 188
18 176 190
24 49 128
34 36 65
53 152 186
5 71 195
57 58 123
63 192 193
66 173 174
71 105 144
10 28 85
68 90 93
12 47 90
24 51 124
39 52 95
31 54 148
10 28 113
23 127 181
84 154 157
51 64 115
74 140 187
13 37 51
75 100 106
18 184 190
13 21 194
67 75 100
8 10 117
15 107 121
70 100 131
22 79 144
4 40 192
39 63 192
42 84 189
47 74 130
42 62 116
43 132 186
100 106 116
43 122 186
45 76 85
36 46 75
33 86 183
63 111 177
63 100 170
133 146 150
0 126 142
92 131 195
27 48 182
24 49 124
49 124 151
49 128 166
17 49 144
49 151 171
49 137 166
128 137 166
52 73 92
52 95 134
20 98 115
59 160 162
103 172 198
55 60 80
33 139 181
15 165 174
57 58 175
49 109 171
48 177 182
28 76 87
62 108 143
63 67 111
20 64 115
55 102 151
65 106 116
66 165 174
12 68 90
70 100 188
46 75 182
88 157 163
0 136 142
42 84 157
34 42 65
74 140 196
47 74 196
25 33 119
77 82 146
77 133 146
35 78 198
79 95 97
115 128 185
26 81 126
111 177 182
86 119 178
53 86 183
132 152 167
89 155 180
23 89 180
81 126 145
72 92 105
82 94 110
50 94 169
94 110 169
98 115 179
100 131 170
102 124 151
6 161 188
103 195 197
105 134 144
49 71 144
62 107 116
126 136 164
13 51 64
45 76 87
11 88 143
112 149 185
112 128 185
100 116 188
