55 60 162
26 81 194
59 69 160
99 114 181
33 53 183
110 167 187
56 71 72
64 78 145
26 126 145
20 64 78
22 79 147
141 164 180
23 141 180
9 45 86
147 153 183
41 61 87
7 44 150
47 90 196
82 146 150
19 50 196
50 169 196
36 46 182
4 125 153
4 79 97
48 130 190
40 48 190
84 88 154
42 62 157
36 75 106
34 54 118
72 92 195
62 107 143
62 107 161
62 116 161
6 57 70
72 73 105
11 165 174
11 66 173
37 55 102
21 37 102
80 126 142
3 24 124
55 60 102
64 145 194
81 145 194
13 64 194
26 81 145
24 124 151
71 72 105
3 24 128
3 51 124
38 59 162
56 112 137
14 114 181
69 138 160
23 155 180
33 127 181
14 89 181
59 69 162
14 59 89
0 80 142
91 119 178
10 76 159
41 91 178
96 119 178
25 33 127
25 119 141
33 181 183
45 85 86
33 53 96
43 82 146
30 85 86
9 45 87
45 85 87
41 61 91
61 76 87
76 85 87
28 61 76
8 32 101
101 113 117
32 101 150
101 113 150
8 101 117
10 28 76
122 146 159
18 132 152
32 146 150
43 122 146
43 82 110
140 169 196
19 90 196
18 132 167
110 169 187
110 132 167
140 169 187
43 110 132
18 176 184
74 158 176
158 167 187
43 122 132
40 129 184
120 192 193
120 177 193
63 177 193
40 48 120
27 48 118
48 118 148
19 44 93
19 90 93
2 68 191
83 130 148
31 47 130
31 83 130
27 34 46
54 83 148
48 130 148
54 118 148
54 104 199
2 104 199
84 88 157
84 154 168
42 62 65
88 154 163
27 34 118
27 46 182
34 36 46
67 111 170
36 75 182
67 75 111
63 111 170
36 65 106
107 108 143
15 108 143
70 131 188
6 70 188
39 52 63
100 116 161
5 56 195
71 105 134
72 73 92
73 92 131
5 156 195
56 71 137
49 71 137
112 137 166
1 135 179
98 135 172
98 135 179
35 98 198
29 57 123
35 58 173
56 72 195
156 195 197
11 66 174
35 58 103
173 174 175
58 173 175
103 172 197
156 172 197
104 168 189
155 164 180
154 163 191
15 143 165
88 143 157
5 135 156
132 152 183
29 131 195
131 161 188
100 131 161
129 153 183
125 129 153
128 135 149
25 127 141
4 125 192
120 125 192
29 123 195
123 195 197
57 121 175
15 121 175
120 177 182
40 120 129
22 147 183
37 124 151
37 55 138
34 104 189
15 107 108
151 160 171
33 96 119
21 26 80
29 70 131
20 98 198
26 80 126
17 99 171
75 111 182
129 152 183
24 112 128
23 89 181
29 57 70
30 122 186
23 38 59
17 109 171
76 85 122
7 19 44
15 121 161
53 132 183
126 136 142
37 51 124
23 38 155
22 139 183
19 94 133
8 10 159
8 146 159
16 52 170
17 99 139
18 152 184
57 121 161
16 131 170
39 97 192
19 50 94
16 73 134
9 86 178
31 83 90
4 147 153
55 69 138
39 95 97
15 174 175
0 60 162
16 52 134
6 57 161
20 78 198
12 44 93
1 128 135
2 154 191
74 176 184
34 54 104
2 12 199
1 115 185
13 21 37
74 130 190
3 115 128
136 155 164
1 115 179
7 82 150
12 44 68
24 49 166
58 103 197
84 168 189
17 139 144
0 136 155
138 151 160
0 21 102
62 143 157
48 120 182
7 19 133
3 51 64
5 56 135
0 60 102
73 105 134
58 123 197
12 83 93
55 69 162
34 42 189
10 28 117
56 135 149
24 112 166
74 158 187
37 138 151
0 38 155
30 85 122
18 158 176
2 12 68
2 154 168
12 54 83
1 128 185
8 32 146
11 88 165
34 36 65
53 96 186
0 38 162
77 94 133
12 54 199
57 58 123
63 192 193
18 158 167
0 21 80
66 173 174
71 95 144
24 49 151
120 125 129
23 127 181
15 107 161
16 73 131
74 140 187
49 109 144
22 95 139
13 37 51
13 21 194
76 122 159
3 20 64
67 75 100
8 10 117
39 95 134
39 52 134
40 74 184
40 74 190
39 63 192
42 84 189
23 59 89
47 74 130
7 82 133
99 114 160
91 119 141
63 111 177
77 110 133
92 131 195
27 48 182
129 152 184
4 79 147
49 151 171
49 137 166
20 98 115
52 63 170
53 122 186
53 122 132
99 160 171
56 128 149
15 165 174
56 112 128
57 58 175
49 109 171
14 59 114
21 26 194
61 113 117
28 61 117
62 65 116
88 143 165
65 106 116
2 104 168
71 95 134
0 136 142
31 47 90
42 84 157
34 42 65
74 140 196
47 74 196
75 100 116
75 106 116
25 33 119
77 94 110
3 20 115
135 156 172
35 78 198
79 95 97
22 79 95
115 128 185
17 109 144
111 177 182
83 90 93
23 127 141
67 100 170
30 86 186
86 96 186
9 87 178
86 96 178
91 141 164
50 94 169
94 110 169
59 114 160
95 139 144
4 97 192
98 103 172
35 98 103
98 115 179
99 181 183
99 139 183
100 131 170
6 161 188
49 71 144
126 136 164
41 87 178
82 110 133
13 51 64
