71 90 124
17 57 103
13 19 45
88 105 115
80 88 135
10 72 91
39 52 113
12 52 113
35 138 140
53 72 91
7 61 96
16 55 147
26 118 145
52 61 66
63 112 113
12 35 50
39 52 80
39 112 113
115 135 149
20 63 110
27 104 129
27 83 116
3 14 130
114 137 146
19 20 22
40 89 103
36 77 143
14 108 136
62 77 85
64 67 131
4 89 130
38 85 131
24 139 144
37 58 139
33 43 144
53 91 101
48 67 131
79 137 146
50 90 140
12 52 96
71 90 142
30 78 101
7 90 124
7 12 96
35 50 140
35 53 138
53 101 142
10 72 107
29 30 86
29 30 101
71 78 142
78 101 142
30 86 124
10 29 41
26 41 98
33 125 144
37 92 139
33 98 125
92 139 144
24 125 144
58 116 139
27 83 104
24 116 139
81 123 133
60 121 123
60 123 145
7 86 124
81 121 123
61 66 81
52 61 96
52 66 80
39 80 135
69 115 149
88 115 135
80 88 133
2 69 70
110 112 149
18 70 99
63 110 112
99 110 149
13 19 20
18 75 94
6 8 84
9 25 147
18 75 99
28 45 99
9 16 122
5 22 36
19 22 102
9 31 122
17 47 119
9 31 127
47 119 147
74 94 122
9 16 147
6 55 74
28 75 99
118 129 133
6 55 106
11 55 147
11 55 106
4 128 130
4 11 106
3 89 130
40 57 103
25 44 47
9 25 127
11 87 103
34 51 148
25 47 147
51 120 134
44 47 120
5 44 120
5 22 102
47 51 120
51 97 148
17 23 97
46 49 62
34 51 134
34 42 143
42 93 143
23 56 97
62 77 143
21 49 93
62 93 143
23 42 56
46 62 93
49 62 85
46 49 93
21 57 93
17 23 57
23 42 93
21 40 57
23 57 93
3 40 89
21 49 85
3 21 40
14 76 108
85 95 132
3 76 132
38 85 95
1 38 131
59 131 136
3 14 76
14 128 130
24 27 116
37 43 92
43 92 144
79 109 146
100 109 146
79 82 137
65 68 111
82 111 137
33 43 111
33 65 111
0 33 65
59 100 109
32 54 73
64 117 141
54 73 79
32 54 126
54 79 109
54 109 126
48 59 131
32 64 73
48 67 126
32 67 126
64 85 131
32 64 67
138 140 142
90 140 142
15 128 136
14 128 136
118 125 129
118 123 133
15 114 128
34 134 143
4 106 128
8 104 105
88 105 129
8 84 105
87 103 119
88 129 133
27 125 129
118 123 145
6 74 84
58 114 128
69 105 115
2 69 105
69 70 99
69 99 149
68 82 111
68 73 79
66 80 133
53 138 142
0 65 117
26 98 125
0 72 107
13 20 45
17 47 97
24 27 125
26 41 60
11 87 119
3 21 132
41 98 107
64 65 141
66 81 133
7 81 121
4 11 89
15 59 100
26 118 125
36 134 143
26 60 145
17 103 119
1 76 132
43 111 137
30 71 124
7 61 81
0 72 117
1 38 132
7 50 90
2 18 70
39 112 149
6 8 83
1 108 131
44 102 127
15 100 114
7 86 121
41 60 121
2 18 84
6 106 116
100 114 146
74 84 94
65 68 73
7 12 50
8 83 104
31 75 94
11 89 103
30 71 78
21 85 132
38 95 132
45 102 127
11 119 147
10 29 101
29 86 121
55 74 122
10 91 101
25 44 127
68 79 82
15 59 136
28 45 127
28 31 127
106 116 128
34 97 148
47 51 97
64 65 73
28 31 75
31 94 122
108 131 136
0 33 98
36 120 134
5 36 120
6 83 116
20 45 110
39 135 149
65 117 141
37 58 137
34 42 97
10 41 107
29 41 121
1 76 108
104 105 129
42 56 97
2 84 105
58 116 128
37 43 137
19 45 102
45 99 110
5 44 102
48 109 126
48 59 109
16 55 122
18 84 94
0 98 107
58 114 137
