39 112 135
71 90 124
17 57 103
13 19 45
88 105 115
6 83 106
10 72 91
39 52 113
12 52 113
71 78 124
35 138 140
98 118 125
53 72 91
7 61 96
16 55 147
60 86 121
26 118 145
63 112 113
12 35 50
39 112 113
20 99 110
115 135 149
20 63 110
11 87 147
3 14 130
28 31 45
6 74 94
19 20 22
40 89 103
36 77 143
14 108 136
62 77 85
64 67 131
4 89 130
4 58 116
37 58 114
37 58 139
33 43 144
53 91 101
65 68 141
48 67 131
50 90 140
12 52 96
30 78 101
7 90 124
30 78 124
7 12 96
90 138 140
35 50 140
35 53 138
53 101 142
10 72 107
10 98 107
72 107 117
71 78 142
78 101 142
30 86 124
29 41 60
10 29 41
26 98 118
24 125 144
58 116 139
81 123 133
26 41 145
41 60 145
7 86 124
81 121 123
61 66 81
52 66 80
69 115 149
80 88 133
2 69 70
110 112 149
112 135 149
69 70 149
63 110 112
13 19 20
18 75 94
28 45 99
9 16 122
31 45 127
5 22 36
9 31 122
17 47 119
9 31 127
74 94 122
6 55 74
28 75 99
27 118 129
6 83 104
118 129 133
6 55 106
11 55 147
4 106 116
11 55 106
4 128 130
4 11 106
3 89 130
4 58 128
40 57 103
25 44 47
9 25 127
87 119 147
11 87 103
34 51 148
51 120 134
44 47 120
5 36 134
47 51 120
17 23 97
46 49 62
34 51 134
34 42 143
34 36 134
34 36 143
23 56 97
62 77 143
46 62 93
49 62 85
46 49 93
17 23 57
23 57 93
3 40 89
21 49 85
14 76 108
85 95 132
3 76 132
38 85 95
76 95 132
1 38 131
38 76 95
59 131 136
3 14 76
1 38 76
15 114 146
14 128 130
37 114 137
43 92 144
79 109 146
15 100 146
100 109 146
82 111 137
0 107 117
0 33 65
59 100 109
68 73 141
64 117 141
32 54 126
54 79 109
48 59 131
64 73 141
48 67 126
32 67 126
15 128 136
14 128 136
121 123 145
118 123 133
15 114 128
8 104 105
33 98 144
98 125 144
88 105 129
8 84 105
87 103 119
6 84 104
83 104 129
88 129 133
27 83 129
79 82 114
80 88 115
79 114 146
118 123 145
71 90 138
70 110 149
60 121 145
18 70 75
70 75 99
58 114 128
69 105 115
2 69 105
68 73 79
68 79 111
32 67 73
64 67 73
66 80 133
61 66 96
0 65 117
27 116 139
27 118 125
9 16 25
27 106 116
13 20 45
25 47 119
17 47 97
70 99 110
24 27 125
38 64 131
32 54 79
6 84 94
3 21 132
3 40 57
66 81 133
16 25 147
7 81 121
5 22 127
4 11 89
27 83 106
75 94 122
5 44 127
3 21 57
29 30 60
15 59 100
10 29 30
17 103 119
47 97 148
24 92 139
43 111 137
19 22 45
7 61 81
33 43 68
52 80 135
7 50 90
2 18 70
1 108 131
42 97 148
7 86 121
79 82 111
2 18 84
80 115 135
24 27 139
7 12 50
22 102 127
11 89 103
25 119 147
21 85 132
45 102 127
52 66 96
10 26 41
10 30 101
10 26 98
24 92 144
55 74 122
10 91 101
25 44 127
33 65 68
53 71 138
15 59 136
39 52 135
47 51 148
30 60 86
31 75 122
28 31 75
32 73 79
108 131 136
0 33 98
34 42 148
38 64 85
20 45 99
65 117 141
42 62 143
1 76 108
42 62 93
104 105 129
42 56 97
43 68 111
2 84 105
48 54 109
43 92 139
37 43 137
82 114 137
37 43 139
5 44 134
44 120 134
48 54 126
22 45 102
48 59 109
8 84 104
21 49 57
49 57 93
53 71 142
16 55 122
18 84 94
42 56 93
23 56 93
0 98 107
