71 90 124
13 19 45
88 105 115
17 51 97
10 72 91
68 73 111
39 52 113
12 52 113
71 78 124
35 138 140
53 72 91
6 18 84
7 61 96
16 55 147
52 61 66
63 112 113
12 35 50
39 112 113
20 99 110
115 135 149
16 55 74
20 63 110
27 104 129
27 83 116
11 87 147
114 137 146
19 20 22
36 77 143
14 108 136
62 77 85
64 67 131
38 85 131
37 58 114
37 58 139
33 43 144
53 91 101
65 68 141
48 67 131
79 137 146
50 90 140
12 52 96
30 78 101
7 90 124
90 138 140
35 50 140
35 53 138
53 101 142
10 72 107
10 98 107
72 107 117
29 30 86
10 41 98
71 78 142
78 101 142
10 29 41
26 41 98
33 125 144
33 98 125
24 125 144
58 116 139
27 83 104
24 116 139
81 123 133
41 60 145
7 86 124
61 66 81
52 61 96
52 66 80
69 115 149
66 80 81
105 129 133
88 105 133
2 69 70
110 112 149
63 110 112
99 110 149
5 25 127
13 19 20
18 75 94
6 8 84
18 70 84
2 70 84
28 45 99
19 45 127
5 22 36
19 102 127
19 22 102
17 47 119
9 31 127
47 119 147
74 94 122
16 74 122
28 75 94
28 75 99
27 118 129
118 129 133
6 55 106
11 55 147
4 106 116
4 128 130
3 89 130
9 25 127
87 119 147
11 87 103
34 51 148
25 47 147
51 120 134
5 25 44
5 44 120
5 36 134
5 120 134
51 97 148
56 97 148
17 23 97
34 51 134
34 42 143
42 93 143
23 56 97
62 77 143
62 93 143
23 42 56
46 62 93
17 23 57
23 42 93
21 40 57
23 57 93
3 40 89
21 49 85
3 21 40
14 76 108
85 95 132
3 76 132
38 85 95
1 38 131
59 131 136
0 65 141
15 114 146
14 128 130
24 27 116
37 114 137
37 43 111
43 92 144
79 109 146
15 100 146
100 109 146
79 82 137
0 33 65
59 100 109
68 73 141
32 54 73
64 117 141
54 73 79
32 54 126
54 79 109
48 59 131
32 64 73
64 73 141
48 67 126
32 67 126
64 85 131
32 64 67
15 128 136
14 128 136
118 123 133
4 116 128
15 114 128
76 108 131
0 107 141
34 134 143
8 104 105
8 84 105
87 103 119
81 123 145
80 88 115
73 79 111
30 78 86
78 86 124
1 76 131
118 123 145
3 76 130
81 121 145
71 90 138
71 138 142
60 121 145
18 70 75
70 75 99
58 114 128
69 105 115
2 69 105
69 70 99
69 99 149
53 138 142
27 118 125
9 16 25
26 98 125
25 47 120
13 20 45
17 40 57
107 117 141
24 27 125
3 21 132
17 47 120
17 89 103
16 25 147
7 81 121
5 22 127
4 11 130
12 50 96
4 11 55
18 74 94
17 40 89
28 31 94
15 59 100
11 89 130
10 29 30
26 118 125
36 134 143
17 103 119
4 55 106
24 92 139
42 56 148
1 76 132
14 76 130
7 61 81
33 43 68
17 51 120
46 49 57
1 38 132
52 80 135
7 50 90
39 112 149
6 8 83
7 86 121
41 60 121
79 82 111
6 18 55
80 115 135
6 106 116
46 62 85
22 102 127
8 83 104
11 89 103
21 85 132
38 95 132
18 55 74
10 30 101
24 92 144
29 86 121
10 91 101
33 65 68
15 59 136
39 52 135
28 45 127
28 31 127
31 94 122
81 88 133
108 131 136
0 33 98
46 49 85
37 82 137
34 42 148
6 83 116
37 82 111
20 45 99
39 135 149
41 118 145
26 41 118
29 41 121
16 31 122
104 105 129
43 68 111
2 84 105
48 54 109
58 116 128
80 81 88
43 92 139
37 43 139
46 57 93
48 54 126
48 59 109
21 49 57
25 44 120
7 50 96
9 16 31
0 98 107
