13 29 94
96 264 289
34 137 320
15 148 162
8 240 289
26 180 251
0 29 111
74 160 239
207 263 274
0 13 263
72 130 298
110 112 229
194 250 347
129 266 291
53 68 125
85 124 298
46 165 237
175 258 289
63 209 305
15 33 148
78 174 273
20 100 327
33 148 211
149 162 179
46 149 179
51 121 217
51 158 184
27 121 339
135 217 225
51 59 158
51 59 225
121 217 337
215 253 310
8 175 289
181 222 299
50 196 212
58 64 299
174 187 273
20 100 220
14 81 343
14 190 343
14 81 273
74 133 231
38 299 333
74 139 160
79 222 281
26 281 338
24 43 297
297 299 333
95 136 164
16 94 263
0 192 207
16 53 125
19 194 246
25 169 254
19 99 290
99 194 309
56 238 307
157 254 262
73 243 312
22 133 288
25 234 282
120 224 320
137 251 320
64 302 349
107 131 334
66 218 283
124 244 348
60 108 303
131 233 334
1 75 132
60 108 137
10 66 191
41 198 322
143 171 344
99 129 309
97 198 326
91 223 328
41 230 322
127 230 271
104 123 219
36 117 182
17 193 259
12 140 306
200 252 260
12 35 140
199 306 329
4 47 319
138 209 306
88 199 301
267 287 310
6 101 159
6 69 144
17 114 284
37 69 144
103 314 335
175 253 310
40 241 319
17 54 101
88 145 329
84 117 118
2 39 44
88 199 329
2 145 329
31 193 210
15 257 327
148 156 162
15 162 257
20 81 343
20 37 327
20 37 343
220 273 323
78 273 323
20 81 220
122 197 214
78 211 323
78 151 211
172 186 197
151 186 211
172 179 197
162 172 179
37 69 149
69 149 276
46 116 149
116 165 227
116 227 308
49 59 308
158 268 275
49 59 158
49 158 275
49 276 308
158 184 268
51 121 339
51 184 339
121 163 287
184 201 339
184 268 314
204 214 336
51 217 225
46 116 165
135 165 237
64 167 205
204 213 318
71 96 212
217 336 337
71 213 337
71 163 267
71 212 213
163 267 287
96 258 289
71 121 163
71 121 337
108 264 286
240 264 289
60 65 345
34 60 137
50 137 286
128 302 349
50 128 180
196 318 349
128 196 349
50 128 196
64 167 349
79 222 297
26 222 281
58 64 302
26 181 222
281 315 338
139 160 315
24 297 333
58 181 299
58 128 302
64 205 299
222 297 299
174 205 299
174 205 214
78 174 214
24 38 333
24 38 187
81 220 273
79 166 297
43 55 280
14 24 190
24 43 190
55 166 315
87 280 332
3 43 190
9 87 160
3 190 332
11 232 332
11 190 332
87 232 332
87 160 280
74 139 231
139 256 315
256 315 338
152 256 325
120 133 288
95 136 234
120 224 288
74 76 133
45 76 98
74 76 239
9 87 232
32 247 340
11 232 247
9 160 239
9 232 247
45 76 164
11 247 340
45 73 98
11 18 105
11 29 105
7 18 98
0 207 263
0 13 29
13 94 263
16 53 177
53 177 192
177 192 274
192 207 274
73 195 312
98 111 195
161 195 312
18 98 111
73 98 195
7 76 98
102 164 188
45 73 102
45 102 164
57 89 112
136 234 249
82 266 291
82 248 269
23 238 307
82 238 266
56 68 161
56 161 307
89 112 229
89 125 229
56 68 89
68 89 125
99 129 291
223 250 309
129 229 309
57 110 112
57 110 266
57 238 266
23 82 238
99 290 291
194 250 309
82 269 291
19 246 277
269 290 291
95 164 224
77 136 249
25 254 282
82 115 169
25 115 169
25 115 234
115 234 249
77 136 243
120 251 320
137 180 251
22 164 224
22 224 288
95 224 320
34 65 282
34 95 320
50 137 180
108 137 286
119 141 262
34 60 65
21 119 141
60 80 303
141 262 345
21 141 202
119 157 342
60 80 202
21 202 348
5 183 278
202 244 348
5 124 244
131 183 233
28 67 146
10 66 283
48 85 183
107 191 334
119 157 262
72 298 342
21 119 348
119 124 348
130 248 269
19 269 290
19 130 269
10 155 331
155 277 298
10 155 283
155 171 331
171 331 344
19 99 194
194 246 347
206 265 271
91 250 347
223 242 265
91 223 250
223 229 309
127 206 271
230 242 316
93 127 206
206 223 265
93 206 341
328 331 344
206 328 341
206 223 328
48 85 218
48 66 218
328 331 341
198 322 326
83 134 176
92 97 272
92 208 255
92 97 208
92 93 255
41 208 230
208 230 255
219 242 296
93 127 255
127 230 255
168 230 316
242 296 316
168 230 322
104 236 300
200 260 324
97 154 272
104 123 134
35 140 200
97 154 313
83 176 295
61 83 295
183 233 278
233 278 293
61 233 295
146 228 293
61 233 293
109 146 293
61 83 228
61 228 293
1 147 178
70 106 123
70 200 324
70 123 219
63 200 305
147 260 324
1 147 260
52 150 252
132 182 252
70 200 219
138 199 301
138 209 305
138 301 305
138 199 306
88 270 301
42 47 118
109 285 294
84 301 305
52 189 305
84 270 301
90 279 284
4 84 270
241 279 317
84 189 305
52 150 189
84 117 189
67 75 132
150 182 252
226 235 245
28 109 146
28 36 245
80 261 303
173 244 285
80 173 261
108 240 303
8 126 175
126 142 175
258 267 310
175 258 310
108 240 264
8 240 303
62 261 294
113 226 235
42 118 235
126 142 321
40 47 319
114 241 284
142 253 321
215 287 310
114 241 253
142 175 253
27 185 201
185 215 287
27 201 339
201 314 335
6 216 335
184 201 314
6 103 335
31 54 144
6 144 159
54 144 159
6 101 216
153 216 335
54 101 159
17 101 216
44 210 259
17 170 193
17 54 170
193 210 259
30 44 259
88 145 317
39 90 259
90 145 317
241 317 319
4 317 319
90 279 317
241 279 284
2 44 304
39 90 145
2 39 145
140 306 329
30 39 44
30 39 259
2 329 346
86 140 330
86 140 329
2 304 346
86 329 346
31 292 304
292 330 346
292 304 346
4 270 317
261 285 294
173 261 285
254 262 345
40 241 321
241 253 321
236 300 326
168 236 322
236 296 316
9 239 247
230 265 271
77 221 243
69 276 314
135 214 237
204 213 336
300 313 326
31 210 304
204 318 349
167 204 349
141 202 345
60 202 345
41 198 208
185 201 335
117 182 189
150 182 189
46 179 237
179 197 237
134 176 313
176 233 295
143 171 246
169 203 248
82 169 248
167 205 214
165 225 227
135 165 225
162 257 327
149 162 327
157 169 203
156 186 211
156 162 186
155 171 246
154 176 334
161 307 312
236 322 326
148 156 211
110 129 229
59 227 308
1 132 252
62 109 311
4 47 84
33 100 327
136 164 188
40 126 321
36 235 245
111 192 195
50 96 264
50 96 212
221 307 312
23 115 249
196 212 318
17 114 153
48 131 183
48 107 131
47 84 118
26 256 338
43 166 297
40 42 126
268 276 314
55 160 315
32 239 247
18 105 111
92 272 334
10 92 93
88 270 317
154 176 313
34 95 234
1 252 260
59 225 227
33 100 220
23 77 307
104 219 296
106 147 178
42 113 126
31 54 170
151 186 197
10 331 341
3 43 332
72 130 342
104 134 300
78 122 151
185 215 335
5 85 183
49 268 276
62 226 245
97 198 208
43 280 332
67 83 146
26 128 181
66 107 191
12 35 200
1 83 178
154 272 334
135 217 336
6 103 314
15 33 327
76 133 164
116 276 308
27 121 185
221 243 312
167 204 214
7 11 18
155 246 277
71 96 258
23 77 249
33 220 323
28 245 311
62 109 294
1 75 83
62 113 226
12 63 200
40 42 47
52 200 252
130 157 203
36 67 132
5 109 244
73 188 243
230 242 265
8 113 303
6 69 314
114 153 335
17 153 216
91 143 328
143 328 344
197 214 237
38 174 299
36 132 182
17 90 284
5 85 124
17 90 259
19 130 298
44 210 304
79 166 315
162 172 186
16 263 274
19 277 298
161 192 195
26 152 256
52 200 305
85 155 283
32 76 239
14 24 273
49 268 275
139 231 325
55 160 280
36 117 235
213 336 337
24 187 273
26 128 180
28 36 67
50 264 286
92 191 334
176 233 334
23 82 115
62 113 261
28 109 311
10 92 191
31 170 193
12 63 306
63 209 306
130 157 342
7 11 340
65 254 282
48 66 107
67 75 83
68 161 192
157 169 254
58 128 181
133 231 325
53 68 192
71 258 267
86 330 346
16 177 274
70 147 324
70 106 147
135 214 336
73 102 188
212 213 318
43 55 166
79 281 315
56 89 238
130 203 248
7 76 340
26 152 251
85 218 283
77 221 307
38 174 187
78 122 214
80 202 244
80 173 244
120 152 325
116 149 276
83 123 134
104 236 296
37 149 327
83 123 178
83 146 228
42 113 235
34 234 282
85 155 298
10 93 341
57 89 238
124 298 342
65 254 345
22 133 164
168 236 316
29 105 111
109 244 285
106 123 178
5 109 278
113 261 303
109 278 293
91 143 347
110 129 266
143 246 347
8 113 126
114 215 253
97 313 326
114 215 335
32 76 340
117 118 235
62 245 311
120 152 251
121 185 287
119 124 342
122 151 197
120 133 325
33 211 323
134 300 313
136 188 243
139 256 325
0 111 192
