22 76 133
96 258 267
13 29 94
106 123 147
135 214 217
34 137 320
8 240 289
26 180 251
74 160 239
207 263 274
0 13 263
110 112 229
194 250 347
129 266 291
53 68 125
155 171 277
85 124 298
119 298 342
46 165 237
15 33 148
20 100 327
149 162 257
15 100 327
149 162 179
71 96 267
46 149 179
51 158 184
27 121 339
135 217 225
51 59 158
51 59 225
181 222 299
50 196 212
20 100 220
14 81 343
14 190 343
74 133 231
38 187 299
38 299 333
74 139 160
79 222 281
26 281 338
24 43 297
16 94 263
19 194 246
25 169 254
19 99 290
99 194 309
56 238 307
157 254 262
77 243 312
22 133 288
25 234 282
120 224 320
137 251 320
107 131 334
124 244 348
131 233 334
19 130 277
1 75 132
60 108 137
10 66 191
85 218 298
143 171 277
143 171 344
97 198 326
48 66 191
41 97 198
97 300 326
28 36 182
36 117 182
28 67 132
17 193 259
200 252 260
12 35 140
199 306 329
12 63 209
12 209 306
200 252 305
8 42 235
267 287 310
6 69 144
17 114 284
37 69 144
103 314 335
40 241 319
17 54 101
88 145 329
88 199 329
17 259 284
292 304 330
31 193 210
15 257 327
37 257 327
148 156 162
15 33 100
225 227 308
20 81 343
220 273 323
20 81 220
122 197 214
148 156 186
78 151 214
211 220 323
78 211 323
122 151 214
78 151 211
156 172 186
37 149 257
37 69 149
69 149 276
59 225 308
69 268 276
46 116 149
116 149 308
116 165 227
116 227 308
158 268 275
49 158 275
49 276 308
149 276 308
158 184 268
51 121 339
51 184 339
121 163 287
184 201 339
204 214 336
51 217 225
214 217 336
46 116 165
135 165 237
64 167 205
71 96 212
217 336 337
163 267 287
71 121 337
108 264 286
60 65 345
50 137 286
128 302 349
196 318 349
128 196 349
79 222 297
281 315 338
139 160 315
24 297 333
58 181 299
58 128 302
64 205 299
174 205 299
174 205 214
78 174 214
24 38 333
24 38 187
81 220 273
79 166 297
14 24 187
43 55 280
14 24 190
24 43 190
160 280 315
55 166 315
3 280 332
3 43 280
87 280 332
3 43 190
9 87 160
3 190 332
11 190 332
55 280 315
87 160 280
74 139 231
139 256 315
256 315 338
120 133 288
152 251 325
120 251 325
95 136 234
22 76 164
120 224 288
74 76 133
45 76 98
74 76 239
7 18 340
7 76 239
9 87 232
32 247 340
11 232 247
9 160 239
9 232 247
11 18 340
45 76 164
11 247 340
11 18 105
11 29 105
0 111 195
7 18 98
0 207 263
0 13 29
13 94 263
53 177 192
56 57 238
53 161 192
177 192 274
192 207 274
73 195 312
161 195 312
7 76 98
102 164 188
45 102 164
77 221 312
82 266 291
23 238 307
82 238 266
56 161 307
89 112 229
89 125 229
56 68 89
68 89 125
223 250 309
129 229 309
57 110 112
57 110 266
57 238 266
23 82 238
99 290 291
194 250 309
82 269 291
19 246 277
269 290 291
23 82 249
95 164 224
157 203 248
25 254 282
82 115 169
25 115 169
82 115 249
25 115 234
77 136 243
164 188 243
102 188 243
120 251 320
137 180 251
22 164 224
22 224 288
95 224 320
34 65 282
34 95 320
50 137 180
108 137 286
65 282 345
60 80 303
141 262 345
21 141 202
119 157 342
60 141 345
21 202 348
202 244 348
5 124 244
48 107 183
107 131 183
131 183 233
28 67 146
48 85 183
119 157 262
119 124 298
72 298 342
21 119 348
119 124 348
19 269 290
19 130 269
10 155 331
155 277 298
10 155 283
143 246 277
155 171 331
171 331 344
19 99 194
194 246 347
91 143 344
206 265 271
223 242 265
223 229 309
127 206 271
93 127 206
93 206 341
328 331 344
206 328 341
48 85 218
48 66 218
328 331 341
41 97 208
10 93 191
198 322 326
92 93 191
92 97 272
92 208 255
92 97 208
92 93 255
41 208 230
208 230 255
219 242 296
93 127 255
127 230 255
219 236 296
242 265 271
242 296 316
168 236 300
104 300 313
97 300 313
104 236 300
200 260 324
97 154 272
104 134 313
104 123 134
35 140 200
97 154 313
83 176 295
61 83 295
183 233 278
61 233 295
5 109 293
67 75 228
5 278 293
146 228 293
67 146 228
109 146 293
61 83 228
61 228 293
1 75 178
75 83 228
75 83 178
1 147 178
106 147 324
70 106 123
70 200 324
70 123 219
70 106 324
1 132 260
63 200 305
147 260 324
1 147 260
70 200 219
138 199 301
138 301 305
36 117 118
109 285 294
52 189 305
84 270 301
241 279 317
52 150 189
132 252 260
67 75 132
28 132 182
226 235 245
28 109 146
28 36 245
80 261 303
173 244 285
80 173 261
8 113 261
8 126 175
126 142 175
258 267 310
175 258 310
8 42 126
62 261 294
113 226 235
8 113 235
42 118 235
42 47 126
126 142 321
40 47 319
40 253 321
114 241 284
142 253 321
215 287 310
114 241 253
27 185 201
185 215 287
27 201 339
201 314 335
6 216 335
184 201 314
6 103 335
31 54 144
6 144 159
54 144 159
153 216 335
114 153 253
54 101 159
31 44 210
44 210 259
17 170 193
17 54 170
193 210 259
30 44 259
88 145 317
90 145 317
241 317 319
90 279 317
241 279 284
40 241 253
2 44 304
2 39 145
30 39 259
86 140 330
31 44 304
31 292 304
20 327 343
213 318 336
230 316 322
218 283 298
187 273 299
4 270 317
223 265 328
261 285 294
173 261 285
259 279 284
258 264 289
254 282 345
254 262 345
215 253 335
153 253 335
152 251 256
236 296 316
9 239 247
204 318 336
91 223 347
223 328 344
222 297 333
222 299 333
135 214 237
212 213 337
71 212 337
240 261 303
204 318 349
167 204 349
199 270 301
138 199 209
198 230 322
189 301 305
185 201 335
117 182 189
150 182 189
26 181 281
181 222 281
128 180 196
46 179 237
179 197 237
172 179 186
134 176 313
176 233 295
83 176 178
129 291 309
134 176 178
174 273 323
169 248 269
82 169 269
84 189 301
169 203 248
167 302 349
167 205 214
165 225 227
135 165 225
6 159 216
157 169 203
156 162 179
156 172 179
154 176 334
91 223 344
64 167 302
161 307 312
150 252 305
148 162 257
148 211 220
96 258 264
63 138 209
8 258 289
60 108 240
110 129 229
26 180 181
63 138 305
7 239 340
62 109 311
11 87 232
77 115 249
168 300 326
40 126 321
36 235 245
21 141 262
4 47 317
58 299 302
50 96 264
12 306 329
0 195 207
148 151 186
53 56 161
50 96 212
221 307 312
48 107 334
196 212 318
168 316 322
192 195 207
10 218 283
51 121 337
26 256 338
45 98 195
16 125 177
43 166 297
48 191 334
53 56 68
71 121 267
36 118 235
17 101 114
32 239 247
92 272 334
223 250 347
64 299 302
88 270 317
40 47 126
154 176 313
18 98 195
34 95 234
33 100 220
155 283 298
31 54 170
123 219 236
11 87 332
151 186 197
10 331 341
72 130 342
10 66 218
185 215 335
61 233 278
139 152 325
99 291 309
49 268 276
62 226 245
26 251 256
142 175 215
2 30 44
12 35 200
69 184 314
0 18 105
154 272 334
6 103 314
45 102 195
69 184 268
37 327 343
0 18 111
27 121 185
53 125 177
167 204 214
12 140 329
4 42 47
101 114 153
108 240 289
56 89 112
134 147 178
23 77 249
51 217 337
28 245 311
62 109 294
62 113 226
2 30 39
12 63 200
157 248 269
5 109 244
4 42 118
6 69 314
197 214 237
0 29 105
242 271 316
14 81 187
88 199 270
52 150 305
2 304 330
59 158 308
5 85 124
90 259 279
8 240 261
47 317 319
18 111 195
95 164 243
15 148 257
79 166 315
60 80 141
123 134 147
16 263 274
78 174 323
86 140 346
161 192 195
8 175 258
199 209 306
60 240 303
49 268 275
139 231 325
23 221 307
213 336 337
41 198 230
50 264 286
84 118 270
33 148 220
92 191 334
176 233 334
62 113 261
206 265 328
28 109 311
31 170 193
32 239 340
132 150 182
130 157 342
174 273 299
132 150 252
50 180 196
157 169 254
58 128 181
133 231 325
86 330 346
16 177 274
4 118 270
61 278 293
72 130 277
34 65 137
72 277 298
168 322 326
212 213 318
43 55 166
79 281 315
2 330 346
148 151 211
80 141 202
80 202 244
80 173 244
81 187 273
60 65 137
104 123 236
127 230 316
34 234 282
5 85 278
10 93 341
145 329 346
95 136 243
73 102 195
85 183 278
77 136 234
101 153 216
21 119 262
73 102 312
139 152 256
168 236 316
102 243 312
109 244 285
108 264 289
179 186 197
91 143 347
110 129 266
143 246 347
77 115 234
2 145 346
101 159 216
142 215 253
62 245 311
117 118 189
84 118 189
130 157 269
23 77 221
121 185 287
121 163 267
56 57 112
127 271 316
122 151 197
128 180 181
39 145 259
120 133 325
175 215 310
49 158 308
140 329 346
90 145 259
