21 48 116
0 154 181
5 34 124
17 102 159
50 56 177
28 170 197
57 153 163
126 139 188
50 156 179
126 173 188
22 142 192
121 156 167
12 88 142
65 108 172
26 110 157
76 81 197
15 95 111
30 150 164
30 94 164
3 19 38
34 127 136
6 90 112
53 91 159
34 61 124
21 47 174
154 165 178
98 99 151
96 149 178
107 129 137
16 167 175
92 113 134
129 131 137
170 173 188
10 81 197
71 97 190
65 108 139
60 76 197
170 173 186
28 170 186
28 117 186
40 87 106
50 56 156
56 121 156
29 126 173
56 126 177
56 121 172
4 90 118
4 32 110
4 90 112
4 32 112
57 72 153
135 153 163
57 163 182
10 135 194
10 190 194
10 97 190
71 97 109
9 109 171
9 71 109
10 86 97
38 44 195
67 145 157
68 86 97
24 70 94
30 70 94
30 59 70
43 133 150
21 41 48
116 133 150
18 36 47
21 164 174
18 47 111
18 36 174
36 47 174
21 41 47
124 146 198
5 124 168
33 124 146
5 114 168
61 124 198
5 114 152
91 152 159
17 125 127
160 166 187
17 127 136
8 125 127
75 80 95
34 61 93
8 34 127
20 61 93
34 80 93
20 80 93
46 75 95
15 20 80
74 95 111
15 80 95
46 75 176
23 49 74
1 166 187
1 46 49
8 75 176
31 89 99
31 99 151
51 62 101
23 98 101
7 51 147
23 74 101
31 89 151
98 147 151
37 89 100
73 144 160
73 160 187
130 165 178
130 178 189
149 154 178
45 130 165
37 130 189
45 184 191
45 130 191
45 115 184
27 115 184
14 184 191
55 128 138
0 141 181
63 107 128
120 149 199
63 64 199
64 181 199
16 39 137
16 54 137
66 106 169
54 131 169
105 131 169
54 131 137
63 64 128
40 105 106
105 106 169
50 177 179
25 132 162
85 123 134
85 123 140
83 104 185
122 129 158
119 129 138
2 14 82
85 104 140
96 183 189
160 183 189
13 161 170
144 160 183
53 159 199
120 159 199
113 158 193
158 193 196
110 157 195
38 157 195
154 181 199
72 153 161
83 148 193
148 158 196
62 143 191
44 168 195
84 140 185
104 140 185
108 139 172
85 134 193
113 134 193
87 132 179
132 177 179
128 141 181
107 128 129
29 126 162
126 162 177
102 120 183
29 117 173
117 173 186
48 116 146
45 115 165
100 143 191
15 111 155
9 110 192
32 110 192
26 110 171
9 110 171
4 110 118
110 118 195
66 106 179
38 67 69
38 67 157
37 89 99
35 117 140
13 60 153
19 43 133
33 38 44
33 124 168
119 129 148
139 161 188
26 145 171
33 116 146
25 77 134
25 132 134
3 33 116
148 193 196
25 29 77
40 92 122
27 115 154
23 99 166
22 121 172
33 44 168
22 32 112
74 94 101
21 116 150
15 20 155
99 160 166
65 139 161
37 99 189
17 136 152
17 152 159
6 121 167
1 46 187
16 66 175
83 85 104
0 27 141
115 154 165
8 125 183
8 73 144
12 88 194
11 19 103
7 100 143
41 47 111
18 164 174
7 51 62
29 77 117
2 83 185
5 136 152
39 63 199
13 153 161
5 34 136
6 91 180
96 120 183
39 53 180
90 118 168
9 12 142
21 150 164
14 62 191
23 98 99
132 162 177
122 129 131
57 72 161
64 128 181
9 142 192
41 48 79
22 172 182
102 125 183
54 66 169
68 97 171
22 32 192
6 22 112
48 79 146
6 58 180
16 54 66
2 14 42
3 33 38
6 58 167
2 42 148
24 59 86
3 116 133
2 83 148
102 120 159
8 144 183
63 107 137
14 62 82
2 82 84
8 176 187
18 94 164
6 22 121
11 67 68
37 100 130
35 123 140
14 27 42
25 29 162
7 100 147
42 119 148
9 12 71
11 38 69
52 59 86
10 76 78
66 156 179
20 79 155
10 76 81
56 126 139
11 67 69
79 146 198
8 34 75
11 68 86
40 105 131
11 19 38
8 73 187
6 91 152
129 148 158
22 88 142
27 42 141
22 88 163
46 74 95
22 163 182
14 27 184
67 68 145
149 154 199
20 79 198
13 60 170
7 62 143
52 86 103
16 39 167
39 58 167
56 139 172
39 58 180
39 53 199
100 130 191
88 135 194
40 122 131
40 92 132
40 87 132
42 119 138
41 79 155
42 55 128
42 128 141
42 55 138
43 52 59
77 123 134
51 98 101
26 145 157
46 49 74
46 176 187
92 113 158
2 84 185
23 49 166
90 114 152
53 91 180
51 98 147
19 43 103
57 65 161
57 172 182
57 65 172
20 61 198
83 85 193
30 59 150
43 59 150
60 76 78
60 78 153
96 120 149
60 170 197
39 63 137
118 168 195
1 49 166
66 156 167
66 167 175
68 145 171
12 71 194
24 59 70
43 52 103
3 19 133
71 190 194
161 170 188
128 129 138
74 94 111
6 90 152
92 122 158
0 27 154
35 77 117
35 77 123
10 78 135
78 135 153
34 75 80
87 106 179
11 86 103
90 114 168
88 135 163
92 132 134
41 111 155
18 94 111
96 178 189
97 109 171
99 160 189
100 147 151
89 100 151
17 102 125
