35 123 132
13 60 161
21 48 116
96 144 183
4 118 195
18 94 101
50 56 177
28 170 197
22 142 192
121 156 167
65 72 161
22 65 182
67 69 157
9 71 192
26 110 157
38 110 157
15 95 111
15 79 155
3 19 38
53 91 159
16 39 58
16 58 167
154 165 178
16 167 175
119 129 196
10 81 197
12 163 194
60 76 161
56 108 172
65 108 139
170 173 186
28 170 186
87 162 177
35 117 123
28 117 186
87 177 179
40 87 106
50 56 156
56 108 126
108 126 139
6 22 172
156 167 175
6 167 180
136 152 159
4 90 118
4 32 110
4 32 112
9 32 110
57 65 182
57 72 153
57 65 72
10 135 194
135 163 194
10 190 194
71 97 109
9 32 192
26 157 171
109 145 171
9 109 171
9 71 109
10 86 97
145 157 171
38 110 195
48 146 198
38 44 195
3 33 146
67 145 157
97 109 145
68 86 97
24 70 94
30 70 94
30 59 70
30 43 59
52 59 70
11 52 103
11 69 103
43 103 133
21 41 48
21 164 174
94 164 174
18 36 174
18 94 174
36 47 174
124 146 198
61 79 198
48 79 198
33 124 146
3 48 146
4 110 195
5 114 168
17 136 159
91 152 159
8 75 80
17 127 136
8 125 127
34 61 93
20 61 93
34 80 93
8 144 176
15 47 111
46 75 176
23 49 74
1 166 187
1 46 49
8 75 176
31 89 99
31 99 151
51 62 101
23 98 166
51 101 147
37 89 100
89 100 143
73 144 160
149 154 178
37 130 189
45 184 191
0 115 154
45 115 184
27 42 119
27 115 184
14 184 191
42 55 119
55 119 138
0 141 181
42 55 141
53 102 120
63 64 199
53 120 199
39 53 58
58 167 180
40 105 122
54 131 137
40 105 106
50 177 179
66 87 179
92 123 134
85 123 134
85 113 134
83 104 185
119 148 196
119 129 138
2 14 184
83 148 185
2 14 82
2 82 185
2 148 185
82 84 185
85 104 140
45 165 191
162 173 177
29 162 173
160 165 178
160 165 189
158 193 196
56 156 172
130 165 189
57 153 182
99 151 166
149 160 178
96 149 160
83 148 193
2 148 184
27 148 184
142 192 194
62 143 191
44 168 195
84 140 185
104 140 185
126 139 173
129 137 138
55 128 181
122 129 196
122 129 137
122 131 137
102 120 183
29 117 173
117 173 186
45 115 165
0 115 141
27 115 141
114 136 152
5 114 136
100 143 191
32 112 192
26 110 171
9 110 171
39 63 64
55 137 138
37 89 99
100 130 165
18 36 111
34 124 168
5 34 168
121 156 172
33 38 44
33 124 168
34 61 198
73 176 187
7 31 51
31 89 143
22 65 108
43 94 133
80 93 95
12 88 153
12 142 194
10 71 97
17 53 159
25 35 77
148 193 196
25 35 132
25 29 77
40 92 122
33 44 168
22 88 182
21 116 150
34 124 198
19 38 157
11 24 70
37 99 189
19 48 116
25 87 162
6 121 167
1 46 187
96 120 199
16 66 175
83 85 104
74 98 101
115 154 165
8 125 183
76 78 153
73 99 166
25 87 132
105 106 131
7 51 62
29 77 117
55 107 128
101 147 151
39 63 199
6 91 180
17 102 127
96 120 183
39 64 128
5 34 127
7 31 143
51 147 151
90 118 168
100 165 191
21 150 164
14 62 191
11 68 145
46 80 95
0 149 154
73 99 160
15 20 95
78 153 163
64 128 181
41 48 79
102 125 183
54 66 169
69 103 133
6 22 112
17 53 102
102 125 127
16 54 66
5 127 136
10 71 190
19 69 157
3 33 38
19 133 150
11 52 70
8 144 183
20 61 79
14 62 82
13 65 188
22 112 192
50 156 175
4 6 112
37 100 130
105 122 131
98 101 151
22 108 172
25 29 162
64 149 181
10 76 78
27 119 148
31 51 151
10 76 81
3 19 48
11 67 69
41 47 155
11 68 86
13 65 161
12 22 88
11 67 145
78 135 163
13 173 188
6 91 152
13 170 173
12 153 163
6 121 172
19 116 150
27 42 141
13 81 170
13 60 81
16 39 54
15 20 79
34 80 127
39 107 128
7 62 143
39 53 199
40 92 123
56 126 173
40 123 132
88 153 182
60 76 81
40 87 132
4 6 90
41 79 155
98 151 166
21 41 174
41 47 174
113 134 158
74 101 111
43 52 59
11 24 86
30 43 94
8 80 127
66 87 169
92 134 158
94 133 150
46 49 74
46 75 80
46 74 111
46 95 111
65 173 188
46 176 187
15 47 155
23 49 166
90 114 152
50 66 175
50 66 179
53 58 180
53 91 180
94 150 164
54 106 131
54 106 169
54 107 137
55 107 137
36 47 111
55 141 181
0 149 181
83 85 193
68 97 145
64 149 199
118 168 195
65 139 173
1 49 166
19 69 133
20 93 95
71 192 194
73 166 187
43 52 103
71 190 194
72 76 161
73 144 176
6 90 152
23 74 98
92 122 158
72 76 153
39 54 107
35 77 117
10 78 135
81 170 197
85 117 140
85 117 123
85 113 158
85 158 193
90 114 168
87 106 169
96 149 199
12 22 142
122 158 196
96 144 160
99 160 189
18 101 111
56 173 177
