35 123 132
13 60 161
5 34 124
125 144 183
17 102 159
50 56 177
25 77 162
28 170 197
39 53 63
22 142 192
91 152 180
121 156 167
9 26 171
65 108 172
67 69 157
9 71 192
3 19 38
48 79 155
6 90 112
6 32 112
96 149 178
92 113 134
105 122 129
40 122 158
85 193 196
10 81 197
12 163 194
10 78 81
76 78 81
35 117 123
28 117 186
40 87 106
29 77 162
29 126 173
56 126 177
6 22 172
136 152 159
6 114 152
6 90 114
4 90 118
4 32 110
4 90 112
4 32 112
12 88 163
71 142 192
57 72 153
57 163 182
135 163 194
10 190 194
71 142 190
71 97 109
38 110 195
19 69 103
48 146 198
38 44 195
3 33 146
67 145 157
19 103 133
24 70 94
24 52 70
30 70 94
30 59 70
30 43 59
52 59 70
52 59 103
43 133 150
43 59 103
11 69 103
43 103 133
116 133 150
21 164 174
94 164 174
18 36 174
18 94 174
15 41 155
21 41 47
15 41 47
124 146 198
48 79 198
33 124 146
3 48 116
3 38 44
3 48 146
33 44 124
3 33 44
44 124 168
61 124 198
91 152 159
17 125 127
8 75 80
160 166 187
8 125 144
8 125 127
75 80 95
20 61 93
20 80 93
8 144 176
144 176 187
1 166 187
1 46 49
8 75 176
1 176 187
1 46 176
31 89 99
7 147 151
51 62 101
51 62 143
98 147 151
37 89 100
89 100 143
37 89 189
73 144 160
73 160 187
73 144 187
130 165 178
149 154 178
45 130 165
37 130 189
45 184 191
45 130 191
0 115 154
45 115 184
27 42 119
0 27 115
27 115 184
14 184 191
149 181 199
63 64 199
64 181 199
53 63 199
53 120 199
39 53 58
58 167 180
66 106 169
40 105 122
54 131 137
63 64 128
40 105 106
87 132 162
66 87 106
50 177 179
66 87 179
25 132 162
113 158 196
83 193 196
83 148 196
119 129 138
2 14 184
2 14 82
87 162 179
144 160 183
56 156 172
72 153 161
6 152 167
152 167 180
2 148 184
27 148 184
62 143 191
44 168 195
51 143 147
142 190 194
126 139 173
107 137 138
113 134 196
123 132 134
131 137 138
130 160 178
129 148 196
128 141 181
17 127 159
29 126 162
126 162 177
85 123 196
123 134 196
122 129 196
102 120 183
29 117 173
117 173 186
48 116 155
21 116 155
45 115 165
114 136 152
5 114 136
100 143 191
32 110 192
4 110 118
110 118 195
18 36 111
36 95 111
71 109 171
121 156 172
119 129 148
31 89 143
60 78 161
52 97 103
26 110 192
12 142 194
26 145 171
25 35 77
2 84 104
25 35 132
49 74 101
24 52 97
23 98 151
23 99 166
23 31 99
23 31 151
6 22 32
74 94 101
26 38 157
21 41 155
21 116 150
65 126 139
15 20 155
20 80 95
55 107 138
65 139 161
19 38 157
17 102 183
16 156 175
57 135 153
6 121 167
96 120 199
36 47 95
61 93 124
16 66 175
68 109 171
10 86 190
16 39 107
21 36 174
27 141 181
105 106 131
9 71 171
29 77 117
55 107 128
2 83 185
0 27 181
7 143 147
96 120 183
26 38 110
5 34 127
130 160 189
96 160 183
90 118 168
40 92 158
21 150 164
14 62 191
28 173 186
28 170 173
84 85 140
7 143 151
115 154 178
11 68 145
0 149 154
115 165 178
15 20 95
57 72 161
64 128 181
22 172 182
22 32 192
5 114 124
16 54 107
2 104 185
5 127 136
19 69 157
3 116 133
2 83 148
102 120 159
14 62 82
2 82 84
68 97 109
16 54 169
37 100 130
16 66 169
83 85 185
20 79 155
27 119 148
9 26 192
11 67 69
65 108 126
17 125 183
24 86 97
12 22 88
105 131 138
11 67 145
13 173 188
60 76 170
13 170 173
6 121 172
27 42 141
22 88 163
13 139 188
22 163 182
108 126 172
49 98 101
20 79 198
105 129 138
127 136 159
39 63 128
39 107 128
13 60 170
57 135 163
16 39 167
39 58 167
100 130 191
40 92 132
40 87 132
42 119 138
15 47 95
42 55 128
42 128 141
71 86 190
42 55 138
21 36 47
30 43 94
8 80 127
43 94 150
51 98 101
26 145 157
46 95 111
46 49 111
53 91 120
56 156 175
92 113 158
23 49 98
49 74 111
23 49 166
50 66 175
50 66 179
139 173 188
53 58 180
53 91 180
94 150 164
54 106 131
54 106 169
54 107 137
51 98 147
0 149 181
13 139 161
50 56 175
57 65 161
57 172 182
57 65 172
20 61 198
83 85 193
60 76 78
34 93 124
118 168 195
1 49 166
68 145 171
16 156 167
71 86 97
3 19 133
114 124 168
162 177 179
74 94 111
76 81 170
84 85 104
11 68 97
35 77 117
78 135 153
78 135 194
81 170 197
31 143 151
78 153 161
85 117 140
85 117 123
80 93 127
85 104 185
89 99 166
90 114 168
34 93 127
89 160 189
89 160 166
92 132 134
10 78 194
96 149 199
12 22 142
18 94 111
46 95 176
122 158 196
75 95 176
56 126 172
11 97 103
96 160 178
91 120 159
