13 60 161
21 48 116
96 144 183
0 154 181
18 94 101
17 102 159
50 56 177
107 128 138
2 119 148
40 92 113
12 190 194
39 53 63
22 142 192
91 152 180
121 156 167
12 88 142
6 32 192
9 71 192
76 81 197
15 95 111
15 79 155
3 19 38
48 79 155
53 91 159
98 101 147
7 51 143
96 149 178
96 125 183
102 120 149
39 107 137
92 113 134
85 104 193
10 81 197
10 78 153
71 97 190
56 108 172
65 108 139
170 173 186
28 170 186
35 117 123
28 117 186
29 173 186
40 87 106
29 162 177
50 56 156
56 121 156
29 126 173
56 121 172
6 22 192
121 167 172
6 114 152
6 90 114
4 32 112
71 142 192
57 65 182
57 72 153
57 65 72
10 135 194
12 142 190
10 190 194
71 142 190
71 97 109
9 109 171
9 71 109
38 110 195
19 69 103
3 33 146
19 38 69
67 145 157
19 103 133
24 70 94
30 70 94
30 59 70
30 43 59
52 59 70
43 59 103
43 103 133
116 133 150
94 164 174
36 47 174
21 41 47
61 79 198
44 118 168
33 44 124
4 110 195
44 124 168
17 136 159
17 125 127
8 75 80
17 127 136
8 125 127
75 80 95
34 80 93
20 80 93
46 49 95
23 49 74
1 166 187
1 46 49
160 166 189
8 75 176
1 176 187
1 46 176
31 89 99
31 99 151
23 98 101
51 101 147
23 74 101
31 89 151
98 147 151
37 89 100
73 144 160
130 165 178
130 178 189
37 130 189
45 184 191
0 115 154
45 115 184
27 42 119
14 184 191
42 55 119
55 119 138
42 55 141
120 149 199
63 64 199
53 63 199
53 120 199
16 39 137
58 167 180
16 54 175
16 54 137
54 131 169
40 105 122
54 131 137
40 105 106
107 129 138
87 132 162
50 177 179
25 132 162
117 123 140
85 123 134
113 158 196
83 104 193
85 123 140
83 193 196
83 104 185
2 27 119
119 129 138
82 84 185
85 104 140
45 165 191
57 153 182
6 152 167
152 167 180
149 154 165
149 165 178
62 143 191
84 140 185
104 140 185
126 139 173
113 134 196
85 134 193
134 193 196
129 148 196
102 125 149
96 125 149
122 129 196
130 165 191
53 120 159
3 116 146
48 116 146
45 115 165
114 136 152
5 114 136
113 122 158
4 112 118
15 111 155
22 108 182
65 108 182
107 131 137
39 63 64
38 67 69
38 67 157
64 154 199
37 89 99
47 164 174
18 36 111
5 90 114
34 124 168
67 69 103
5 34 168
33 146 198
33 61 124
33 61 198
119 129 148
32 90 112
73 176 187
30 43 133
30 133 150
29 56 177
28 60 76
12 88 153
80 127 136
27 42 181
24 70 97
25 132 134
6 32 90
25 29 77
23 98 151
23 99 166
22 88 182
26 38 157
21 41 155
6 22 167
21 116 150
90 112 118
20 80 95
18 36 94
16 156 175
28 76 197
56 108 139
61 93 124
13 28 60
33 44 195
66 162 179
23 99 151
5 90 118
115 154 165
8 125 183
8 73 144
76 78 153
10 86 190
7 100 191
7 143 191
41 47 111
105 106 131
2 83 185
29 56 126
0 27 181
5 34 136
39 64 128
26 38 110
11 68 70
5 118 168
4 44 195
39 53 180
51 147 151
4 26 32
21 150 164
14 62 191
30 94 150
4 26 110
37 99 166
122 129 131
22 167 172
15 20 95
64 128 138
39 156 167
2 148 196
54 66 169
68 97 171
8 73 176
7 89 100
0 115 184
48 79 146
34 80 136
77 117 186
3 33 38
11 52 70
3 116 133
0 27 184
102 120 159
8 144 183
10 135 163
2 83 196
14 62 82
36 94 174
11 67 68
37 100 130
91 136 152
9 145 171
105 122 131
9 26 145
37 166 189
22 108 172
25 29 162
10 76 78
33 38 195
21 48 155
49 95 111
10 76 81
9 26 192
10 153 163
56 126 139
79 146 198
11 52 59
11 59 103
13 28 170
12 135 194
24 86 97
13 173 188
73 160 166
13 170 173
22 88 142
12 153 163
14 82 185
64 154 181
2 14 27
13 139 188
14 27 184
15 20 79
2 14 185
67 68 145
149 154 199
39 107 128
39 58 167
39 58 180
100 130 191
12 135 163
88 153 182
40 92 132
40 87 132
106 131 169
74 101 111
25 123 134
42 141 181
8 80 127
66 87 169
26 145 157
40 113 122
21 47 164
49 74 111
23 49 166
29 77 186
50 66 156
50 66 179
139 173 188
51 89 151
66 156 175
53 91 180
54 66 175
94 150 164
36 47 111
55 64 181
55 141 181
13 139 161
60 72 76
60 72 161
55 64 138
34 93 124
1 49 166
66 87 162
11 67 103
25 77 123
68 145 171
68 70 97
73 166 187
4 44 118
3 19 133
91 136 159
65 72 139
72 139 161
162 177 179
86 97 190
72 76 153
35 77 117
35 77 123
107 129 131
20 79 93
61 79 93
16 39 156
87 106 169
92 132 134
41 111 155
46 95 176
122 158 196
75 95 176
26 32 192
96 144 160
7 51 89
96 178 189
97 109 171
18 101 111
62 101 143
51 101 143
96 160 189
17 102 125
