4 80 94
6 13 136
131 139 180
16 54 58
58 59 167
65 72 177
13 26 125
65 74 177
65 74 113
26 41 72
7 40 131
60 66 115
6 63 136
138 139 150
32 179 199
50 121 183
10 106 190
1 51 81
25 62 85
81 111 170
77 88 149
4 14 42
53 96 114
105 151 184
11 28 165
11 47 165
84 116 164
156 186 189
46 157 163
76 146 177
26 41 128
19 74 94
4 14 94
14 126 146
11 47 99
76 90 108
14 146 177
76 108 146
47 90 99
39 76 90
39 155 156
11 42 99
4 42 166
28 103 174
33 88 133
28 49 174
103 133 174
33 61 88
22 140 197
22 140 147
122 161 197
9 44 135
30 114 199
69 98 160
9 98 127
19 94 127
9 80 127
80 94 127
21 69 98
19 21 127
21 98 127
41 113 128
20 70 137
20 110 175
20 70 110
30 135 160
36 79 175
20 137 175
62 85 118
38 57 118
25 60 66
25 112 162
79 82 132
82 132 136
50 52 55
52 139 180
7 63 83
5 162 167
25 60 162
16 58 167
5 55 115
50 55 183
50 52 121
52 117 121
117 124 141
8 35 142
3 32 179
45 96 185
96 114 199
30 110 179
30 179 199
8 45 185
8 35 89
89 172 196
29 34 124
73 181 191
17 169 191
16 152 159
124 176 192
34 73 124
159 176 192
16 183 192
16 159 192
54 58 59
5 55 167
10 91 168
12 16 54
130 152 188
59 194 198
18 162 198
18 195 198
93 104 190
78 106 190
102 120 145
48 130 152
123 169 191
51 67 102
102 123 169
51 81 169
67 102 120
37 51 67
10 93 190
0 91 168
56 100 151
105 164 170
64 170 171
0 111 168
0 1 91
51 102 169
100 171 181
73 181 196
73 124 176
73 172 196
34 73 172
34 89 172
56 95 100
75 134 161
75 77 140
105 170 171
56 134 161
64 171 181
68 88 149
149 154 173
134 149 173
39 156 189
68 149 154
68 154 193
151 184 193
39 119 189
86 182 184
109 116 164
84 105 164
15 86 182
68 186 193
81 169 170
59 167 198
111 164 168
163 186 193
68 155 186
61 155 165
39 155 165
151 154 173
130 145 188
79 132 175
131 138 139
83 131 138
77 129 140
129 140 147
129 133 147
2 119 157
17 169 170
55 66 115
32 96 199
8 52 142
107 112 153
61 88 155
52 117 142
44 53 114
42 99 126
70 125 137
19 69 74
39 47 165
9 98 135
23 38 153
37 67 120
36 40 131
36 40 82
35 141 142
12 31 148
78 120 158
28 33 165
33 61 165
31 48 130
2 15 86
32 45 180
3 32 131
45 52 180
31 130 158
116 143 144
73 176 188
46 182 184
36 110 175
30 70 110
26 97 125
30 44 114
29 124 141
22 53 197
29 35 89
29 34 89
28 49 166
49 80 174
100 105 151
73 123 188
11 28 42
27 137 175
123 145 188
12 148 178
159 176 188
0 81 111
46 163 184
10 143 168
30 92 101
8 89 122
10 143 144
96 185 197
13 62 118
14 74 94
30 92 160
6 66 150
162 167 198
37 43 120
60 115 162
9 44 147
13 23 38
71 132 175
19 21 69
14 42 126
84 105 184
28 103 133
1 51 91
27 71 175
63 82 136
133 147 174
2 24 86
2 15 157
6 63 150
8 122 185
78 158 190
56 134 151
63 83 150
30 44 135
4 49 80
10 37 91
16 48 152
155 156 186
152 159 188
16 55 183
39 47 90
37 78 106
56 122 161
75 140 197
23 26 153
13 27 136
30 70 101
13 38 118
13 23 26
122 185 197
14 74 177
84 86 184
15 46 157
13 27 125
151 154 193
4 49 166
12 16 48
16 55 167
32 131 180
117 141 142
27 125 137
37 43 78
32 45 96
17 64 170
12 31 48
77 129 133
148 178 198
31 104 195
26 92 187
9 147 174
17 64 191
89 95 196
5 115 162
44 53 147
3 36 179
87 194 198
7 40 63
40 63 82
37 51 91
69 92 160
52 55 66
52 139 150
59 87 194
22 53 147
53 96 197
0 1 81
28 42 166
54 87 178
12 54 178
41 72 113
90 126 146
8 45 52
100 105 171
9 80 174
56 95 122
57 85 118
54 59 87
15 46 182
25 62 66
64 181 191
70 92 101
69 92 187
38 57 153
26 128 187
163 184 193
75 161 197
36 110 179
69 74 113
109 143 168
70 92 97
84 86 116
27 71 136
7 83 131
71 132 136
73 123 191
3 36 131
75 134 149
75 77 149
77 88 133
10 37 106
43 78 120
57 107 153
52 66 150
29 35 141
83 138 150
36 79 82
85 107 112
25 85 112
86 116 144
24 86 144
28 33 133
87 178 198
68 88 155
6 13 62
90 99 126
90 108 146
89 95 122
26 92 97
31 148 198
109 164 168
134 151 173
93 104 195
18 93 195
95 181 196
95 100 181
117 121 124
70 97 125
98 135 160
65 72 113
124 183 192
57 85 107
104 158 190
31 104 158
120 130 145
31 195 198
111 164 170
113 128 187
69 113 187
109 116 143
119 163 186
119 157 163
119 186 189
120 130 158
102 123 145
121 124 183
6 62 66
