26 70 137
13 23 118
6 13 136
131 139 180
16 54 58
58 59 167
17 181 191
152 176 188
65 72 177
89 122 185
109 164 170
14 99 126
26 125 137
71 79 175
21 69 113
65 74 113
7 40 136
62 63 150
6 62 63
25 107 112
25 85 107
25 66 150
63 138 150
3 36 175
29 35 142
52 55 139
123 176 191
52 142 180
50 121 183
123 176 188
10 106 190
81 111 170
77 88 149
32 45 199
105 151 184
9 44 174
84 116 164
156 186 189
14 94 177
76 146 177
19 74 94
11 28 49
49 80 166
14 126 146
11 47 99
76 90 108
14 146 177
76 108 146
39 76 90
47 90 165
28 33 103
11 49 166
22 44 53
4 42 166
28 103 174
28 49 174
103 133 174
129 133 174
22 140 197
77 129 147
122 161 197
22 53 96
22 44 147
9 44 135
30 114 199
9 49 174
9 49 80
9 80 127
21 69 98
21 98 127
41 113 128
69 113 128
92 128 187
69 128 187
26 92 101
26 70 97
26 97 101
20 70 137
20 70 110
36 131 180
36 79 131
36 79 175
23 38 57
23 38 118
71 79 132
25 112 162
40 82 136
27 71 132
27 71 125
50 52 55
52 139 180
63 83 138
7 63 83
25 60 162
5 55 115
50 55 183
52 141 142
50 52 121
52 117 121
52 117 141
3 32 179
45 96 185
8 45 180
3 32 45
30 110 179
8 45 185
140 161 197
89 172 196
100 181 196
29 34 124
16 152 159
34 73 124
159 176 192
152 159 176
16 183 192
16 159 192
54 87 194
54 58 59
59 162 198
5 55 167
54 59 194
12 16 54
31 78 158
31 148 195
148 195 198
59 194 198
18 162 198
31 190 195
18 195 198
93 104 190
104 190 195
31 78 190
10 91 106
78 106 190
102 120 145
51 67 102
51 81 169
10 93 190
0 91 168
143 144 168
64 81 170
105 164 170
64 170 171
0 111 168
51 102 169
73 176 191
17 64 181
100 171 181
56 95 100
75 140 161
75 77 140
95 100 196
105 170 171
64 171 181
46 163 182
56 134 173
151 173 193
61 68 155
151 184 193
68 163 186
39 119 189
46 157 182
163 182 184
109 116 164
15 86 182
24 116 144
15 157 182
172 181 191
172 181 196
111 168 170
143 168 170
39 165 189
156 165 189
68 155 186
68 154 163
154 163 193
109 143 170
137 175 179
134 173 193
134 149 154
131 138 139
83 131 138
9 127 135
47 126 146
105 182 184
47 99 126
55 66 115
11 28 47
47 90 108
47 108 146
40 79 132
107 112 153
44 53 114
73 89 172
41 92 128
11 99 166
43 67 102
55 58 167
92 98 160
34 73 89
3 36 45
36 45 180
8 35 180
40 82 132
12 31 148
78 120 158
22 77 140
28 33 165
31 48 130
2 15 86
78 91 106
25 66 115
31 130 158
116 143 144
61 156 165
30 101 110
30 32 179
86 105 182
8 29 185
86 105 164
29 117 141
29 89 185
29 34 89
28 47 165
100 105 151
73 172 191
55 66 150
45 53 96
37 43 91
1 37 81
12 148 178
30 32 199
33 88 165
26 72 92
0 81 111
5 59 162
23 57 107
44 129 147
8 29 35
13 62 118
37 43 51
29 141 142
7 79 131
6 7 136
60 115 162
3 175 179
44 129 174
7 40 79
88 103 133
0 37 91
62 85 150
45 114 199
19 21 113
4 127 166
2 157 186
2 24 86
2 15 157
6 7 63
4 21 127
46 163 186
2 119 186
16 48 152
155 156 186
27 82 136
43 78 91
25 60 115
4 42 99
4 19 94
56 122 161
65 74 94
29 117 124
23 26 153
41 72 92
0 1 37
4 19 21
43 51 67
13 27 136
5 59 167
24 86 116
122 185 197
44 114 135
13 27 125
27 82 132
22 185 197
45 53 114
17 102 169
12 16 48
38 62 118
56 75 161
38 57 62
17 81 169
17 64 81
127 135 160
17 123 191
84 86 164
12 31 48
35 142 180
77 129 133
148 178 198
19 74 113
17 102 123
89 95 196
5 115 162
23 107 153
73 124 192
61 88 149
57 62 85
23 26 125
98 127 160
37 51 81
48 130 188
48 152 188
87 194 198
61 155 156
25 85 150
0 1 81
123 130 145
54 87 178
12 54 178
55 138 139
41 72 113
55 138 150
56 75 134
100 105 171
56 95 122
125 137 175
39 90 165
16 58 183
61 149 154
61 68 154
22 96 185
65 94 177
56 100 173
110 137 179
163 184 193
84 86 116
7 83 131
134 154 193
73 176 192
75 134 149
75 77 149
77 88 133
43 78 102
78 102 120
13 23 125
33 88 103
123 130 188
10 91 144
80 127 166
92 101 160
87 178 198
61 88 165
6 13 62
89 95 122
91 144 168
93 104 195
18 93 195
4 94 99
14 94 99
117 121 124
70 97 110
97 101 110
46 157 186
69 98 187
55 58 183
65 72 113
42 99 166
100 151 173
30 101 160
124 183 192
57 85 107
120 130 145
22 77 147
92 98 187
20 110 137
114 135 160
30 114 160
109 116 143
119 186 189
120 130 158
102 123 145
121 124 183
71 125 175
