6 62 118
6 13 136
29 124 142
131 139 180
58 59 167
41 65 113
22 96 197
19 21 74
65 72 177
14 99 126
13 26 125
71 79 175
65 74 177
65 74 113
26 41 72
7 40 136
6 62 63
25 107 112
25 85 107
6 63 136
25 66 150
32 179 199
52 55 139
8 142 180
52 142 180
123 176 188
1 51 81
81 111 170
56 95 161
99 108 126
32 45 199
21 74 113
53 96 114
11 28 165
11 47 165
156 186 189
46 157 163
41 65 72
19 74 94
4 14 94
11 47 99
76 108 146
11 42 166
68 156 186
90 99 108
47 90 99
33 103 133
47 90 165
28 61 165
28 33 103
22 44 53
11 42 99
4 42 166
77 88 129
22 140 147
122 161 197
22 53 96
22 44 147
9 44 135
30 114 199
9 49 174
69 98 160
9 98 127
9 135 160
9 49 80
9 98 160
19 94 127
9 80 127
19 21 127
21 98 127
69 160 187
92 128 187
69 128 187
26 92 101
26 97 101
20 70 137
70 97 101
20 70 110
36 131 180
36 79 131
36 79 175
40 79 82
23 38 57
6 13 118
13 125 136
71 79 132
25 112 162
79 82 132
40 82 136
27 71 132
50 52 55
52 139 180
63 83 138
66 115 150
5 60 162
5 162 167
25 60 162
5 60 115
5 55 115
50 55 183
117 121 192
8 35 142
3 32 179
45 96 185
8 45 180
45 96 199
3 32 45
96 114 199
30 110 179
30 179 199
96 122 185
8 45 185
96 122 197
124 141 142
89 172 196
100 181 196
29 34 124
73 181 191
16 152 159
48 130 158
124 176 192
159 176 192
152 159 176
16 183 192
16 159 192
54 87 194
12 87 178
31 148 158
54 59 194
12 54 87
12 16 54
48 148 158
37 91 106
59 194 198
18 162 198
18 93 104
93 104 190
43 78 106
10 91 106
102 120 145
102 123 188
102 123 169
51 81 169
43 67 120
10 93 190
109 143 144
143 144 168
10 144 168
64 81 170
105 164 170
64 170 171
0 111 168
0 1 91
1 37 91
51 102 169
73 124 176
34 89 172
75 134 161
75 140 161
95 100 196
56 134 161
100 151 171
68 163 184
151 173 193
39 156 189
61 68 155
68 155 156
68 154 193
68 184 193
68 163 186
39 119 189
46 157 182
109 116 144
24 116 144
2 15 24
172 181 196
73 172 181
59 167 198
111 164 168
163 186 189
39 156 165
130 145 188
124 141 192
117 141 192
137 175 179
134 173 193
134 149 154
131 138 139
83 131 138
129 133 147
2 119 157
105 182 184
44 53 114
74 76 146
70 125 137
41 92 128
26 41 92
41 69 113
89 122 196
39 76 108
10 78 190
38 57 107
38 62 85
0 10 168
3 36 45
36 45 180
78 120 158
33 88 129
36 175 179
33 129 133
17 123 169
34 35 142
25 66 115
61 156 165
46 182 184
30 70 110
26 97 125
86 105 182
86 105 164
23 112 153
14 108 146
28 33 88
1 51 67
16 58 59
12 148 178
4 80 127
12 48 148
44 114 160
0 81 111
46 163 184
23 57 107
22 140 161
30 92 101
8 89 122
8 34 35
151 170 171
50 183 192
14 74 94
7 79 131
30 92 160
162 167 198
29 34 142
9 44 147
13 23 38
7 40 79
51 102 120
27 71 175
133 147 174
2 15 157
105 151 170
8 122 185
78 158 190
85 138 150
5 55 183
56 134 151
63 83 136
28 61 88
4 49 80
56 95 151
16 48 152
25 60 115
1 37 67
4 42 99
75 129 147
39 90 108
64 100 171
74 76 177
23 26 153
8 34 89
10 78 106
84 109 116
61 77 149
95 100 151
30 70 101
13 38 118
13 23 26
16 54 59
14 74 146
14 108 126
7 83 136
27 82 132
23 107 112
4 49 166
12 16 48
38 62 118
117 141 142
44 135 160
17 81 169
17 64 81
17 123 191
84 86 164
82 125 136
0 10 91
38 85 107
148 178 198
31 104 195
9 147 174
17 64 191
22 161 197
102 145 188
3 36 179
48 176 188
18 104 198
48 152 176
48 130 188
87 194 198
61 155 156
50 121 142
50 52 142
95 122 196
51 67 120
25 85 150
37 67 106
0 1 81
4 94 127
61 77 88
41 69 128
55 138 139
55 138 150
55 115 150
125 137 175
39 90 165
49 103 133
16 58 183
58 167 183
34 124 172
61 149 154
61 68 154
4 14 99
75 140 147
62 63 85
64 181 191
15 24 116
49 133 174
110 137 179
27 125 175
109 143 168
84 86 116
7 83 131
134 154 193
73 123 176
43 67 106
73 123 191
75 77 129
75 134 149
75 77 149
43 78 120
119 163 189
27 82 125
84 109 164
15 86 157
11 28 103
87 178 198
86 157 182
50 121 192
31 148 198
109 164 168
134 151 173
92 160 187
95 122 161
63 85 138
70 97 125
21 98 113
69 98 113
49 103 166
104 158 190
31 104 158
104 195 198
120 130 145
5 167 183
105 184 193
105 151 193
20 110 137
31 195 198
64 100 181
111 164 170
30 114 160
15 86 116
11 103 166
119 157 163
120 130 158
117 121 142
73 124 172
