71 137 175
13 23 118
4 80 94
6 13 136
131 139 180
57 107 112
7 131 139
58 59 167
57 112 153
3 110 179
41 65 113
152 176 188
22 96 197
65 72 177
89 122 185
14 99 126
13 26 125
65 74 177
65 74 113
7 40 131
6 62 63
60 66 115
25 107 112
25 85 107
25 66 150
138 139 150
7 83 139
32 179 199
123 176 191
83 138 139
50 121 183
123 176 188
87 178 194
56 95 161
111 143 168
32 45 199
53 96 114
157 186 189
84 116 164
156 186 189
46 157 163
41 65 72
19 74 94
4 14 94
14 126 146
11 47 99
76 90 108
76 108 146
68 156 186
39 76 90
47 90 165
4 42 166
33 88 133
103 133 174
129 133 174
22 140 147
122 161 197
30 114 199
69 98 160
19 94 127
80 94 127
21 69 98
19 21 127
21 98 127
41 113 128
69 113 128
92 128 187
69 128 187
70 101 110
26 70 97
20 70 137
70 97 101
20 110 175
20 70 110
36 79 175
27 125 136
20 137 175
23 38 57
23 38 118
23 57 153
13 125 136
25 60 66
25 112 162
79 82 132
40 82 136
27 71 132
52 139 180
7 63 83
5 60 162
5 162 167
25 60 162
5 60 115
5 55 115
50 52 121
8 35 142
3 32 179
8 45 180
30 110 179
30 179 199
96 122 185
8 45 185
96 122 197
89 172 196
100 181 196
29 34 124
37 43 106
16 152 159
48 130 158
12 48 178
124 176 192
159 176 192
152 159 176
16 183 192
16 159 192
54 87 194
5 55 167
148 194 198
10 91 168
12 16 54
130 152 188
102 130 145
48 148 178
31 78 158
37 91 106
148 178 194
59 194 198
18 104 195
18 162 198
18 93 104
18 195 198
93 104 190
104 190 195
43 78 106
10 91 106
102 120 145
102 123 188
48 130 152
102 130 188
51 67 102
10 93 190
0 91 168
1 81 111
109 143 144
24 84 116
64 81 170
105 164 170
64 170 171
0 111 168
0 1 111
51 102 169
100 171 181
73 181 196
73 172 196
56 95 100
75 134 161
75 140 161
95 100 196
100 151 171
134 149 173
61 68 155
68 155 156
68 154 193
68 184 193
157 163 186
39 119 189
46 157 182
109 116 164
15 86 182
15 157 182
2 15 119
2 15 24
163 184 186
73 176 181
176 181 191
17 171 191
59 167 198
39 165 189
134 161 173
56 161 173
149 154 193
149 151 193
149 151 173
143 164 170
109 143 164
9 135 174
44 135 174
79 132 175
129 140 147
105 182 184
47 99 126
55 66 115
11 28 47
81 143 170
8 52 142
44 96 147
74 76 146
73 89 172
70 125 137
19 69 74
10 78 190
9 98 135
38 107 118
38 57 107
37 51 169
43 67 102
36 40 131
55 58 167
6 7 40
34 73 89
36 40 82
34 89 185
34 124 176
78 120 158
72 92 128
32 45 180
41 72 128
34 35 142
3 32 131
61 156 189
31 48 158
30 101 110
46 182 184
36 110 175
86 105 182
30 44 160
30 44 53
86 105 164
29 117 141
28 33 88
49 80 174
28 47 165
52 55 183
34 73 176
24 109 144
44 53 96
47 90 126
26 72 92
46 163 184
30 53 114
10 143 168
11 49 103
22 140 161
10 143 144
8 34 35
44 129 147
151 170 171
62 107 118
13 62 118
37 43 51
29 141 142
27 71 137
14 74 94
162 167 198
29 34 142
15 119 189
71 132 175
19 21 69
44 129 174
0 37 91
28 103 133
45 114 199
8 52 180
17 64 171
105 151 170
9 80 98
31 78 195
6 7 63
15 24 84
63 83 150
45 114 185
4 49 80
16 48 152
6 40 136
27 82 136
16 55 183
43 102 120
31 48 148
4 42 99
15 84 86
29 117 124
74 76 177
23 26 153
0 1 37
43 51 67
10 78 106
61 77 149
16 54 194
13 23 26
3 36 110
14 74 146
1 37 169
8 34 185
171 181 191
27 82 132
4 49 166
17 102 169
15 157 189
12 16 48
16 55 58
32 131 180
117 141 142
1 81 169
44 135 160
17 81 169
27 125 137
17 64 81
17 123 191
84 86 164
24 109 116
77 129 133
50 52 183
17 102 123
89 95 196
22 161 197
26 70 125
11 49 99
49 103 174
61 155 156
69 92 160
25 85 150
52 55 66
52 139 150
61 77 88
54 87 178
12 54 178
90 126 146
9 80 174
39 90 165
61 149 154
61 68 154
61 165 189
4 14 99
62 85 107
62 63 85
63 85 150
56 100 173
69 92 187
80 98 127
78 190 195
69 74 113
58 59 194
68 184 186
3 36 131
75 77 129
75 134 149
75 77 149
77 88 133
43 78 120
81 111 143
75 129 140
52 66 150
83 138 150
36 79 82
28 33 133
92 101 160
11 28 103
92 97 101
61 88 165
6 13 62
28 88 165
90 108 146
89 95 122
26 92 97
31 148 198
16 58 194
95 122 161
22 96 147
117 121 124
98 135 160
49 99 166
42 99 166
100 151 173
30 101 160
124 183 192
120 130 145
105 184 193
105 151 193
31 195 198
96 114 185
120 130 158
117 121 142
52 121 142
121 124 183
