112 191 318
179 265 363
111 115 142
65 277 373
225 281 359
260 273 379
156 289 357
65 254 373
93 133 323
144 212 282
191 334 352
1 309 336
97 131 160
259 289 329
52 224 313
198 351 391
15 30 214
140 260 273
124 229 236
31 77 161
92 147 296
11 173 395
125 297 312
194 231 306
60 199 358
13 278 302
173 207 249
29 168 307
51 250 330
87 158 250
57 310 342
47 168 307
57 230 385
133 166 373
166 277 373
63 82 93
14 34 177
222 233 360
128 188 288
156 209 289
14 34 323
46 59 89
80 188 263
80 172 273
19 99 156
0 95 392
81 196 258
57 87 310
130 155 388
55 90 362
47 155 168
141 251 334
112 191 359
76 127 301
67 276 362
50 225 359
115 142 327
115 225 327
16 25 100
10 21 132
31 161 291
97 114 304
2 16 88
184 229 368
174 246 336
171 318 352
127 329 384
119 204 320
107 171 352
229 236 300
86 127 208
83 333 375
28 53 256
28 184 256
15 30 163
206 280 283
16 97 131
5 41 349
30 135 370
43 53 261
53 256 261
37 38 297
92 296 335
101 185 331
101 147 247
262 350 381
33 240 369
69 91 245
164 245 284
164 284 306
149 181 227
28 124 184
164 194 306
350 387 395
181 205 303
243 348 375
181 243 275
83 198 333
239 243 275
8 152 376
195 259 271
198 333 391
61 351 391
205 303 391
63 93 323
211 358 390
49 358 390
166 169 277
36 277 354
36 219 341
3 201 302
36 169 219
3 298 308
277 311 354
57 87 196
57 65 342
158 250 330
51 79 250
29 79 168
81 87 250
87 158 310
81 87 196
78 244 360
95 148 340
47 155 244
9 230 233
78 222 360
57 170 385
65 170 254
57 65 170
9 203 230
230 233 258
203 230 385
170 254 385
203 254 385
9 203 254
9 128 234
234 372 373
14 152 257
7 45 136
14 152 177
186 264 389
4 34 323
152 177 186
93 288 372
4 63 323
4 34 186
264 351 389
34 177 186
152 186 376
4 186 389
172 253 273
63 82 172
80 82 172
82 93 288
128 188 263
128 222 263
121 198 215
259 329 384
148 209 260
140 271 273
80 273 379
253 271 273
83 89 121
46 361 375
83 121 198
83 89 375
89 121 215
89 195 215
195 259 384
46 89 375
28 124 315
139 229 300
46 59 378
220 232 378
117 127 384
107 153 301
76 127 329
99 216 279
0 55 90
112 143 279
191 318 352
148 209 340
78 222 263
95 155 244
19 99 216
19 216 392
155 168 388
0 95 155
51 79 269
268 269 276
130 269 388
55 276 362
143 150 374
39 137 319
67 276 285
192 268 324
67 143 285
39 285 319
50 225 327
107 162 242
50 191 359
174 267 336
50 129 191
56 129 191
56 141 246
10 56 246
129 142 327
134 324 396
50 129 327
192 274 324
115 137 225
145 151 324
111 115 332
151 274 324
151 274 332
21 151 332
192 274 332
21 111 332
10 21 142
272 345 396
100 248 345
324 345 396
272 322 345
272 322 386
134 145 324
110 272 346
187 266 346
6 100 131
187 221 266
126 187 346
105 126 187
21 110 132
126 267 336
21 111 142
10 132 267
132 235 267
17 88 280
280 283 309
97 114 160
17 105 280
105 126 280
6 100 221
6 131 160
25 100 103
16 100 131
25 103 353
16 97 304
114 187 221
27 98 328
25 70 353
27 98 102
2 98 102
2 88 299
183 217 218
98 299 328
20 62 206
2 98 299
88 299 328
88 206 280
1 204 320
20 54 62
113 135 163
175 189 383
119 180 214
119 214 383
54 62 180
180 214 365
20 54 223
54 223 339
1 204 356
119 226 320
54 226 339
162 175 383
162 204 242
204 242 356
76 107 301
139 214 383
86 153 301
86 127 301
153 208 383
153 189 383
86 153 208
229 270 368
256 261 265
15 139 214
146 315 361
124 184 229
184 256 368
28 53 315
179 261 265
75 377 393
43 200 261
75 261 377
71 297 312
37 343 377
37 38 377
125 179 343
30 365 370
125 179 363
125 224 363
30 135 163
30 214 365
52 120 135
72 197 349
120 135 370
41 44 109
52 135 224
41 44 120
27 328 349
31 103 353
197 217 218
72 197 291
197 217 349
44 109 183
109 183 217
183 193 218
197 218 291
31 72 291
31 72 353
161 371 380
161 291 380
101 237 331
218 291 380
237 371 380
193 218 380
190 296 326
52 120 193
125 224 313
52 237 313
22 101 247
22 237 313
22 101 237
22 247 312
71 247 312
71 147 247
123 190 326
58 331 371
185 326 331
237 331 371
31 77 103
103 165 367
123 326 331
77 123 159
123 159 190
35 103 290
154 165 367
35 103 367
154 165 382
35 154 367
138 165 382
3 138 262
116 154 382
68 122 190
108 296 317
108 210 317
228 262 369
68 122 228
38 92 147
101 147 296
38 71 297
38 71 147
92 335 393
240 335 393
228 240 335
296 317 335
75 200 261
43 200 207
75 200 207
11 33 173
69 84 157
40 173 249
40 207 249
40 91 387
69 84 91
228 240 369
84 157 286
94 157 286
84 91 387
262 286 381
84 286 381
26 201 241
3 12 262
3 12 201
118 212 347
118 213 293
23 241 337
23 26 241
212 282 347
149 181 348
74 118 293
118 144 321
74 118 347
144 231 321
118 144 212
118 213 321
18 213 321
18 284 306
181 243 348
104 194 398
85 315 338
194 207 398
73 182 398
43 53 73
96 239 333
239 243 375
239 333 375
96 239 275
124 146 315
85 315 348
96 275 303
181 275 303
96 303 333
303 333 391
181 205 227
104 144 167
60 176 199
144 167 282
106 176 399
85 149 348
104 144 231
104 194 231
104 167 398
106 355 364
106 176 355
176 199 295
176 238 399
61 205 227
106 202 399
45 202 238
61 205 391
198 351 389
202 238 399
176 238 295
7 211 376
186 255 264
7 45 255
8 48 152
8 252 257
8 48 252
8 211 376
8 211 390
32 211 358
7 32 211
7 32 136
32 199 358
60 176 355
49 316 390
42 178 287
219 287 341
8 316 390
60 66 355
24 42 178
24 314 394
24 66 178
42 64 287
13 341 344
74 293 314
74 314 394
293 314 344
13 278 344
278 293 344
3 298 302
13 298 302
325 341 344
287 325 341
64 287 325
166 169 219
36 169 277
298 308 397
350 381 387
84 381 387
232 378 384
59 378 384
150 374 392
216 374 392
262 350 369
341 354 397
95 340 392
315 361 375
64 314 325
314 325 344
22 312 313
19 340 392
125 312 313
146 361 378
308 311 397
158 310 330
1 309 339
18 306 321
178 287 366
287 294 366
282 355 364
280 309 336
276 285 319
268 276 319
265 270 368
262 286 337
261 343 377
179 261 343
140 260 289
209 260 289
251 292 356
251 334 352
248 322 345
10 246 267
49 316 366
128 234 288
47 233 307
233 258 307
117 232 384
248 322 386
223 283 309
100 221 248
220 236 300
208 220 300
198 215 389
62 206 328
310 330 342
88 206 328
106 202 364
12 201 337
46 361 378
195 253 271
192 268 319
137 192 319
116 190 382
68 190 210
159 190 290
101 185 296
185 296 326
246 336 356
311 354 397
149 167 364
166 316 366
166 219 287
298 341 397
164 207 245
163 265 270
141 251 356
162 175 189
6 160 221
94 157 284
99 156 171
114 187 304
35 154 290
152 252 257
48 152 252
149 167 398
282 355 394
85 149 398
228 317 335
149 227 305
149 305 364
167 282 364
210 228 317
143 216 279
56 141 191
141 191 334
138 190 382
115 137 332
137 192 332
12 262 337
135 224 363
60 358 366
156 209 340
126 235 346
126 235 267
124 220 236
233 244 360
119 162 204
19 156 340
315 348 375
52 237 380
42 64 314
20 206 283
24 42 314
201 241 337
41 120 370
40 173 395
77 161 371
73 207 398
37 125 297
67 90 143
75 173 207
40 207 245
122 228 262
73 182 315
117 127 208
55 130 269
15 139 229
18 26 213
29 258 307
23 94 337
29 79 250
110 235 346
45 136 295
256 265 368
112 171 279
112 143 285
122 138 262
5 41 370
110 132 235
45 61 255
26 213 293
85 182 338
44 120 183
195 215 253
9 222 233
8 166 316
29 81 250
18 23 26
14 133 323
33 240 393
117 220 232
156 171 357
79 168 388
234 288 372
4 253 389
113 135 363
9 254 373
139 300 383
36 341 354
33 75 393
221 248 266
136 199 295
5 365 370
2 70 353
77 103 290
99 171 279
20 223 283
0 90 150
164 194 207
27 72 102
37 125 343
55 269 276
51 330 342
231 306 321
58 77 371
0 130 155
117 208 220
1 336 356
7 186 255
140 271 289
79 269 388
350 369 395
78 148 260
166 287 294
11 33 395
9 128 222
27 72 349
78 80 263
45 238 295
62 180 365
9 234 373
40 91 245
39 137 225
62 328 349
18 94 284
39 225 281
223 309 339
10 129 142
126 280 336
90 143 150
7 186 376
33 369 395
57 196 258
14 133 257
32 136 199
58 77 331
2 16 70
124 146 378
39 281 359
1 226 320
45 61 227
18 23 94
41 109 349
114 160 221
68 210 228
49 358 366
15 163 270
52 193 380
174 246 267
202 305 364
69 245 284
116 154 290
39 285 359
26 201 293
16 88 304
0 150 392
80 188 288
69 157 284
93 372 373
54 119 226
21 110 151
116 190 290
120 183 193
66 355 394
57 230 258
182 315 338
38 377 393
119 162 383
60 66 178
143 216 374
60 178 366
61 255 264
61 264 351
8 133 166
78 95 148
141 246 356
5 62 349
63 172 253
4 63 253
166 294 366
5 62 365
24 66 394
78 95 244
259 271 289
67 90 362
201 278 293
107 171 357
72 102 353
1 226 339
122 138 190
105 187 304
43 73 207
53 73 315
45 227 305
74 282 394
112 171 318
74 282 347
13 298 341
2 102 353
248 272 386
38 92 393
33 75 173
76 289 329
76 289 357
77 159 290
47 233 244
77 123 331
215 253 389
78 80 379
107 292 352
78 260 379
85 182 398
266 272 346
80 82 288
124 220 378
248 266 272
17 105 304
8 133 257
54 119 180
17 88 304
29 81 258
16 25 70
89 195 384
59 89 384
45 202 305
251 292 352
51 65 342
15 229 270
93 133 373
94 286 337
201 278 302
108 190 296
40 387 395
10 56 129
107 162 189
109 217 349
107 153 189
208 300 383
107 292 356
107 242 356
76 107 357
108 190 210
110 134 145
110 134 396
110 145 151
110 272 396
112 285 359
0 55 130
113 265 363
113 163 265
