112 191 318
179 265 363
111 115 142
99 156 357
44 183 193
24 66 355
65 277 373
225 281 359
148 260 379
260 273 379
156 289 357
144 212 282
191 334 352
19 209 340
1 309 336
97 131 160
259 289 329
52 224 313
107 251 334
15 30 214
140 260 273
44 120 193
124 229 236
31 77 161
125 297 343
92 147 296
11 173 395
125 297 312
113 224 363
13 278 302
173 207 249
29 168 307
51 250 330
87 158 250
47 168 307
19 156 209
140 209 289
133 166 373
166 277 373
14 257 323
14 34 177
128 188 288
156 209 289
4 63 172
46 59 89
80 172 273
19 99 156
0 95 392
99 171 318
216 279 374
81 196 258
78 263 379
168 269 388
55 90 362
47 155 168
76 127 301
67 276 362
50 225 359
115 142 327
115 225 327
16 25 100
56 191 334
141 251 292
126 280 309
31 161 291
97 114 304
1 141 356
184 229 368
174 246 336
107 334 352
119 204 320
348 361 375
229 236 300
83 333 375
139 229 270
28 184 256
15 30 163
15 139 270
16 97 131
30 135 370
92 296 335
101 185 331
101 147 247
11 369 395
33 240 369
69 91 245
23 94 286
164 194 245
164 245 284
164 284 306
18 23 284
149 181 227
28 124 184
18 231 321
350 387 395
181 205 303
243 348 375
239 243 275
8 152 376
195 259 271
133 257 323
166 257 316
211 358 390
49 358 390
166 169 277
8 257 316
49 60 366
36 219 341
3 201 302
36 169 219
3 298 308
57 87 196
57 65 342
158 250 330
51 79 250
81 87 250
47 244 360
87 158 310
81 87 196
78 244 360
95 148 340
47 233 360
47 155 244
9 230 233
78 222 360
57 65 170
9 203 230
230 233 258
203 230 385
9 128 233
170 254 385
203 254 385
234 254 373
9 128 234
234 372 373
133 166 257
14 152 257
48 152 257
14 152 177
186 264 389
152 177 186
93 288 372
4 63 323
4 34 186
264 351 389
34 177 186
45 61 351
4 186 389
172 253 273
63 82 172
80 263 379
80 82 172
128 188 263
82 188 288
78 148 379
128 222 263
121 198 215
259 329 384
140 209 260
148 209 260
140 271 273
80 273 379
253 271 273
83 89 121
46 361 375
83 121 198
83 89 375
59 89 195
89 121 215
89 195 215
195 259 384
59 195 384
46 89 375
28 124 315
46 146 361
139 229 300
59 232 378
46 59 378
220 232 378
76 329 357
289 329 357
99 216 279
99 112 279
191 318 352
99 112 318
99 171 357
19 95 392
148 209 340
78 222 263
19 95 340
95 155 244
19 99 216
19 216 392
155 168 388
0 90 392
0 95 155
51 79 269
268 269 276
130 269 388
90 150 392
67 143 150
55 276 362
143 150 374
39 281 285
137 268 319
67 276 285
192 268 324
67 143 285
39 285 319
281 285 359
143 285 359
50 225 327
141 292 356
50 191 359
50 129 191
56 129 191
10 174 246
10 56 142
56 141 246
10 56 246
129 142 327
134 324 396
50 129 327
56 129 142
137 192 268
192 274 324
115 137 192
115 137 225
145 151 324
111 115 332
151 274 324
248 345 386
151 274 332
10 21 142
105 114 187
100 248 345
324 345 396
322 345 386
110 145 272
272 322 386
134 145 324
110 272 346
248 266 346
187 266 346
187 221 266
226 320 339
132 235 346
126 267 336
21 110 145
21 111 142
132 235 267
17 88 280
126 309 336
280 283 309
97 114 160
17 105 280
105 126 280
6 131 160
25 100 103
16 100 131
25 103 353
16 97 304
114 187 221
25 70 353
98 299 328
20 62 206
88 299 328
1 204 320
206 223 283
54 180 226
175 189 383
119 180 214
119 214 383
180 214 365
20 206 223
1 204 356
1 320 339
242 292 356
162 204 242
204 242 356
107 251 292
76 107 301
139 214 383
86 153 301
86 127 301
153 208 383
119 204 383
153 189 383
139 208 383
86 153 208
139 208 300
229 270 368
256 261 265
15 139 214
15 265 270
124 184 229
184 256 368
256 270 368
179 261 377
28 53 315
33 75 207
179 261 265
75 261 377
15 163 265
256 265 270
37 297 343
71 297 312
37 343 377
37 38 377
179 343 377
30 365 370
113 135 224
163 265 363
125 224 363
113 163 363
30 214 365
52 120 135
5 41 120
52 193 237
120 135 370
41 44 109
52 135 224
41 44 120
27 328 349
31 103 353
41 109 217
197 217 349
44 109 183
109 183 217
183 193 218
31 72 291
31 72 353
218 291 380
237 371 380
193 218 380
190 296 326
52 120 193
193 237 380
125 224 313
52 237 313
22 101 247
22 237 313
22 247 312
71 247 312
71 147 247
68 190 296
101 185 326
31 77 103
103 165 367
77 103 159
77 123 159
103 159 290
35 103 290
154 165 367
35 103 367
154 165 382
35 154 367
138 165 382
3 138 262
116 154 382
68 122 190
75 240 393
108 296 317
108 210 317
210 317 335
228 262 369
68 122 228
38 92 147
38 71 147
38 92 377
92 335 393
240 335 393
228 240 335
296 317 335
75 200 261
33 75 240
43 200 207
75 200 207
194 207 245
40 173 249
40 207 249
173 387 395
69 84 91
11 33 369
228 240 369
94 157 286
84 286 381
23 94 284
23 286 337
26 201 241
3 12 262
3 12 201
23 241 337
23 26 241
149 181 348
74 118 347
144 231 321
118 213 321
18 213 321
18 284 306
18 231 306
43 207 398
182 338 398
194 207 398
73 182 398
85 338 398
43 73 398
43 53 73
46 146 378
239 243 375
239 333 375
96 239 275
124 146 315
96 275 303
181 275 303
181 205 227
104 144 167
106 176 399
149 282 364
85 149 348
104 144 231
104 194 231
106 355 364
106 176 355
176 199 295
106 305 364
176 238 399
66 178 366
106 202 305
61 205 227
106 202 399
202 227 305
45 202 238
198 351 389
255 264 351
45 255 351
202 238 399
176 238 295
186 255 264
48 252 257
8 48 152
8 252 257
8 48 252
7 255 376
8 211 390
32 211 358
7 32 211
32 199 358
60 66 366
49 316 390
42 178 287
282 364 394
49 294 316
8 316 390
49 294 366
166 294 316
24 314 394
74 347 394
42 64 287
13 341 344
74 293 314
74 314 394
13 278 344
278 293 344
3 298 302
13 298 302
325 341 344
166 169 219
298 308 397
350 381 387
150 374 392
216 374 392
262 350 369
125 343 363
341 354 397
322 345 396
272 322 396
118 321 347
64 314 325
22 312 313
125 312 313
308 311 397
158 310 330
1 309 339
293 314 325
291 371 380
178 287 366
287 294 366
262 286 350
276 285 319
268 276 319
262 286 337
128 234 288
47 233 307
233 258 307
117 232 384
59 232 384
137 225 319
223 283 309
100 221 248
220 236 300
208 220 300
219 325 341
239 303 333
198 215 389
212 347 394
212 321 347
210 228 335
62 206 328
310 330 342
88 206 328
61 205 351
205 303 333
12 201 337
212 282 394
293 325 344
195 253 271
159 190 290
286 350 381
183 197 218
119 180 320
162 175 204
311 354 397
170 254 373
170 230 385
169 277 311
104 167 194
166 219 287
298 341 397
107 162 301
153 162 301
107 162 292
162 175 189
6 160 221
159 190 326
94 157 284
205 333 391
35 154 290
96 239 303
149 167 398
85 149 398
149 227 305
149 305 364
147 296 326
101 147 326
146 348 361
146 315 348
145 151 332
144 149 167
144 149 282
112 143 191
143 191 359
164 231 306
1 141 336
57 170 230
12 262 337
45 136 255
134 145 272
134 272 396
100 131 221
6 131 221
179 343 363
126 235 346
126 235 267
124 220 236
123 185 326
49 199 358
85 338 348
21 132 346
9 203 234
21 132 267
128 233 360
42 64 314
24 42 314
201 241 337
24 42 66
77 161 371
49 60 199
40 207 245
122 228 262
7 32 255
248 272 346
73 182 315
30 113 163
30 113 135
55 130 269
88 206 283
29 79 269
37 38 71
18 26 213
29 258 307
55 130 388
29 79 250
5 217 349
28 53 200
45 136 295
28 200 256
122 138 262
27 197 349
27 72 197
32 136 255
26 213 293
20 223 339
21 111 145
111 145 332
24 355 364
195 215 253
10 21 267
29 81 250
24 364 394
18 23 26
2 27 328
75 92 393
164 194 231
117 220 232
181 275 348
45 202 227
69 84 286
234 288 372
4 253 389
243 275 348
20 226 339
5 120 370
175 204 383
105 187 346
36 341 354
221 248 266
203 234 254
136 199 295
87 310 342
2 70 353
27 72 102
91 173 387
55 269 276
51 330 342
58 77 371
152 255 376
116 138 382
2 27 102
167 194 398
72 197 218
40 91 173
140 271 289
350 369 395
166 287 294
117 127 220
4 14 323
315 338 348
62 365 370
112 143 374
2 98 328
45 238 295
62 180 365
200 256 261
40 91 245
86 208 220
62 328 349
29 168 269
88 280 283
36 311 354
223 309 339
58 237 331
5 62 370
4 14 34
37 71 297
115 192 274
4 172 253
10 174 336
11 33 207
57 196 258
2 16 98
22 101 331
5 41 217
32 136 199
58 77 331
2 16 70
124 146 378
64 219 325
16 98 299
76 117 384
20 54 226
45 61 227
114 160 221
68 210 228
69 245 284
84 91 381
116 154 290
22 237 331
26 201 293
16 88 299
20 54 180
16 88 304
20 62 180
69 157 284
43 53 200
80 82 263
123 159 326
93 372 373
162 242 292
68 108 210
57 87 342
56 141 251
116 190 290
56 251 334
123 185 331
57 230 258
182 315 338
105 126 346
144 212 321
66 176 199
82 188 263
7 8 211
78 95 148
5 62 349
63 133 323
63 93 133
7 8 376
63 93 288
152 186 255
63 82 288
64 219 287
10 267 336
66 176 355
60 66 199
55 90 155
67 90 150
78 95 244
259 271 289
86 127 220
67 90 362
201 278 293
68 108 296
107 171 357
69 157 286
72 102 353
122 138 190
72 218 291
53 73 315
74 118 213
55 155 388
74 213 293
141 246 336
13 298 341
2 102 353
75 92 377
248 272 386
91 381 387
76 117 127
107 318 352
39 281 319
77 123 331
215 253 389
36 169 311
124 220 378
116 138 190
83 198 351
180 226 320
21 110 346
83 333 391
11 173 207
17 105 304
17 88 304
29 81 258
16 25 70
0 90 155
161 291 371
51 65 342
93 133 373
201 278 302
58 237 371
42 66 178
76 329 384
65 170 373
128 222 360
105 114 304
107 171 318
205 351 391
115 274 332
76 107 357
225 281 319
83 351 391
183 197 217
153 162 189
112 279 374
