112 191 318
111 115 142
24 66 355
65 277 373
225 281 359
260 273 379
156 289 357
144 212 282
191 334 352
1 309 336
97 131 160
259 289 329
52 224 313
107 251 334
15 30 214
140 260 273
124 229 236
92 147 296
11 173 395
69 157 245
113 224 363
60 199 358
32 199 295
85 167 398
13 278 302
23 26 213
173 207 249
29 168 307
51 250 330
57 310 342
198 215 253
14 34 177
222 233 360
133 372 373
128 188 288
156 209 289
14 34 323
46 59 89
80 188 263
80 172 273
19 99 156
216 279 374
168 269 388
57 87 310
130 155 388
95 148 244
55 90 362
141 251 334
112 191 359
76 127 301
67 276 362
50 225 359
115 142 327
115 225 327
10 21 132
17 114 304
100 221 266
2 25 70
31 161 291
97 114 304
1 141 356
184 229 368
174 246 336
107 334 352
119 204 320
229 236 300
33 173 207
83 333 375
28 184 256
15 30 163
206 280 283
16 97 131
5 41 349
30 135 370
92 377 393
37 38 297
68 210 335
101 147 247
11 369 395
262 350 381
33 240 369
23 94 286
164 194 245
262 350 395
164 245 284
18 23 213
164 284 306
149 181 227
18 231 321
350 387 395
13 341 397
181 205 303
243 348 375
195 259 271
205 303 391
49 60 358
219 287 294
166 257 316
32 136 295
211 358 390
49 358 390
166 169 277
8 257 316
49 60 366
36 219 341
3 201 302
308 354 397
36 169 219
36 341 397
3 298 308
277 311 354
57 87 196
57 65 342
158 310 342
158 330 342
51 79 250
29 79 81
47 258 307
87 158 310
81 87 196
29 81 307
78 244 360
95 148 340
47 155 244
9 230 233
78 222 360
196 230 258
57 170 385
57 196 230
47 233 258
57 65 170
9 203 230
230 233 258
170 254 385
203 254 385
234 254 373
9 128 234
234 372 373
128 288 372
133 166 257
14 152 177
4 34 323
152 177 186
93 288 372
93 133 372
4 63 323
4 34 186
264 351 389
34 177 186
198 253 389
63 82 172
80 82 172
128 234 372
121 198 215
259 329 384
140 271 273
80 273 379
83 89 121
83 121 198
83 89 375
59 89 195
89 121 215
89 195 215
195 259 384
59 195 384
46 146 361
139 229 300
46 59 378
220 236 378
220 232 378
208 236 300
117 127 232
0 55 90
112 143 279
191 318 352
78 148 244
78 222 263
95 155 244
19 216 392
155 168 388
0 95 155
51 79 269
268 269 276
55 130 276
130 269 388
90 150 362
130 269 276
55 276 362
143 150 374
143 279 374
39 281 285
268 276 285
67 276 285
192 268 324
67 143 285
39 285 319
268 285 319
281 285 359
137 225 281
50 225 327
1 246 336
50 191 359
174 267 336
1 141 246
56 141 246
129 142 327
50 129 327
192 274 324
115 137 225
111 115 332
151 274 324
151 274 332
21 151 332
192 274 332
21 111 332
10 21 142
100 248 345
324 345 396
272 322 386
134 145 396
110 272 346
126 267 346
187 266 346
6 100 131
187 221 266
132 235 346
21 110 132
126 267 336
110 132 346
21 111 142
235 267 346
10 132 267
132 235 267
17 88 280
280 283 309
97 114 160
16 17 88
17 105 280
105 126 280
6 100 221
6 131 160
100 248 266
25 100 103
25 103 353
16 97 304
16 17 304
2 16 25
25 70 353
98 299 328
88 206 280
1 204 320
20 54 62
113 135 163
54 180 226
175 189 383
119 180 214
54 62 180
180 365 370
180 214 365
20 54 223
54 223 339
1 204 356
119 180 226
119 226 320
54 226 339
162 175 383
242 292 356
162 204 242
204 242 356
107 251 292
76 107 301
86 153 301
86 127 301
153 208 383
153 189 383
139 208 383
86 153 208
208 220 236
139 208 300
229 270 368
256 261 265
15 139 214
15 265 270
146 315 361
124 184 229
184 256 368
256 270 368
28 53 315
33 75 207
179 261 265
75 377 393
15 163 265
256 265 270
37 297 343
71 297 312
37 343 377
37 38 377
30 365 370
125 179 363
113 135 224
125 224 363
113 163 363
30 135 163
30 214 365
62 120 370
5 41 120
62 180 370
72 197 349
120 135 370
41 44 109
41 44 120
5 62 120
41 217 349
27 328 349
31 103 353
197 217 218
41 109 217
197 217 349
44 109 183
183 193 218
31 72 291
31 72 353
58 161 371
161 291 380
218 291 380
52 120 193
125 224 313
22 125 313
22 101 247
22 237 313
22 247 312
71 247 312
101 185 326
58 123 331
103 165 367
58 77 123
77 123 159
103 159 290
35 103 290
154 165 367
154 165 382
138 165 382
3 138 262
116 154 382
116 159 290
116 159 190
68 122 190
122 138 228
122 138 382
108 296 317
101 296 326
108 210 317
108 210 296
210 317 335
68 122 228
101 147 296
38 71 297
38 92 377
92 335 393
68 228 335
240 335 393
228 240 335
43 200 207
75 200 207
194 207 245
11 33 173
69 84 157
40 173 249
40 207 249
40 91 387
40 91 207
11 33 369
228 240 369
138 228 262
84 157 286
94 157 286
84 350 387
84 91 387
84 350 381
262 286 381
84 286 381
12 241 337
23 286 337
26 201 241
3 12 262
118 212 347
23 241 337
23 26 241
149 181 348
24 64 314
74 118 347
144 231 321
85 149 167
118 213 321
18 213 321
18 284 306
18 231 306
91 207 245
104 194 398
85 315 338
194 207 398
73 182 398
43 53 73
46 146 378
239 243 375
239 333 375
124 146 315
85 315 348
96 275 303
181 275 303
303 333 391
45 61 202
181 205 227
104 144 167
61 202 227
60 176 199
144 167 282
106 176 399
85 149 348
104 144 231
104 194 231
104 167 398
106 355 364
106 176 355
176 199 295
106 305 364
176 238 399
66 178 366
106 202 305
61 205 227
106 202 399
202 227 305
198 351 389
255 264 351
45 136 238
176 238 295
186 255 264
8 252 257
8 48 252
7 255 376
8 211 390
32 211 358
136 238 295
7 32 136
32 199 358
60 66 366
49 316 390
42 178 287
282 364 394
8 316 390
166 219 294
166 294 316
24 42 178
24 314 394
74 347 394
24 66 178
24 42 64
42 64 287
13 341 344
74 293 314
74 314 394
64 314 344
13 278 344
36 354 397
3 298 302
13 298 302
325 341 344
64 325 344
166 169 219
308 311 354
298 308 397
13 298 397
232 378 384
59 378 384
150 374 392
216 374 392
322 345 396
272 322 396
315 361 375
19 340 392
178 287 366
287 294 366
137 281 319
280 309 336
262 286 337
261 343 377
179 261 343
140 260 289
209 260 289
251 292 356
248 322 345
10 246 267
49 316 366
117 232 384
248 322 386
228 262 395
223 283 309
219 325 341
193 218 237
239 303 333
218 237 380
212 347 394
118 212 321
61 205 351
75 200 377
200 261 377
196 258 307
212 282 394
81 196 307
195 253 271
52 193 313
193 237 313
192 268 319
137 192 319
116 190 382
68 190 210
188 222 263
124 184 315
28 184 315
125 179 297
170 254 373
169 277 354
149 167 364
163 179 363
141 251 356
107 162 301
153 162 301
107 162 292
162 175 189
161 237 371
6 160 221
159 190 326
94 157 284
99 156 171
155 168 307
47 155 307
35 154 290
48 152 252
134 151 396
96 239 303
149 227 305
149 305 364
167 282 364
67 143 362
164 231 306
56 141 191
148 260 340
141 191 334
36 169 354
115 137 332
137 192 332
12 262 337
45 136 255
7 136 255
156 209 340
133 277 373
56 129 246
122 190 382
124 236 378
233 244 360
123 185 326
120 135 224
52 120 224
119 162 204
19 156 340
53 73 182
50 56 129
50 56 191
210 296 326
315 348 375
9 203 234
20 206 283
40 173 395
73 207 398
20 62 88
31 77 159
31 58 161
60 66 176
29 79 269
15 139 229
28 53 200
112 171 279
28 200 256
112 143 285
45 61 255
26 213 293
16 25 131
85 182 338
24 355 364
22 125 297
44 120 183
22 297 312
195 215 253
9 222 233
17 114 221
8 48 376
10 129 246
0 340 392
14 152 252
61 255 351
24 364 394
133 166 277
14 133 323
2 27 328
20 88 206
33 240 393
164 194 231
156 171 357
181 275 348
92 317 335
31 103 159
45 238 399
7 8 32
4 253 389
243 275 348
4 186 264
105 187 346
33 75 393
203 234 254
2 70 353
99 171 279
20 223 283
0 90 150
179 297 343
38 92 247
27 72 102
31 58 77
17 105 221
51 330 342
1 223 309
152 255 376
48 152 376
0 130 155
2 27 102
72 197 218
140 271 289
157 245 284
3 12 241
0 95 340
78 148 260
1 223 339
25 100 131
9 128 222
27 72 349
151 324 396
78 80 263
2 98 328
200 256 261
86 208 220
143 150 362
3 201 241
22 185 331
62 328 349
29 168 269
161 237 380
18 94 284
58 237 331
10 129 142
126 280 336
19 99 279
2 16 98
134 145 151
87 250 330
46 89 361
14 133 257
14 252 257
228 369 395
209 260 340
57 203 385
124 146 378
64 219 325
16 98 299
1 226 320
18 23 94
103 154 367
114 160 221
45 202 399
174 246 267
116 154 290
278 314 344
22 237 331
26 201 293
16 88 299
38 71 247
0 150 392
80 188 288
43 53 200
123 159 326
162 242 292
21 110 151
120 183 193
57 203 230
123 185 331
190 210 326
182 315 338
105 126 346
119 162 383
144 212 321
53 182 315
278 293 314
128 188 222
79 81 87
62 299 328
5 62 349
63 133 323
63 93 133
7 8 376
63 172 253
62 88 299
4 63 253
63 93 288
152 186 255
63 82 288
64 219 287
66 176 355
8 32 211
259 271 289
201 278 293
107 171 357
96 243 275
72 102 353
117 329 384
163 179 265
1 226 339
72 218 291
43 73 207
172 271 273
74 118 213
74 213 293
172 253 271
112 171 318
2 102 353
248 272 386
76 117 127
107 318 352
76 117 329
39 281 319
76 289 329
76 289 357
47 233 244
110 145 396
78 80 379
78 260 379
85 182 398
266 272 346
79 87 250
80 82 288
83 198 351
248 266 272
83 333 391
69 84 245
84 91 245
86 220 232
92 296 317
86 127 232
87 158 330
89 361 375
51 65 342
22 101 185
92 147 247
15 229 270
109 183 218
19 216 279
201 278 302
58 237 371
96 239 243
40 387 395
35 103 154
65 170 373
105 187 221
294 316 366
107 171 318
109 217 218
205 351 391
76 107 357
83 351 391
4 264 389
110 145 151
153 162 189
110 272 396
112 285 359
0 55 130
119 139 214
119 139 383
