8 19 94
15 43 54
14 38 61
13 18 76
44 47 54
35 43 60
4 7 10
17 18 76
13 18 63
11 69 76
25 45 83
33 65 82
51 70 87
4 39 90
11 51 69
48 79 90
26 44 54
39 79 90
20 39 79
5 6 53
5 6 12
3 40 77
36 48 91
7 20 23
35 60 74
4 9 66
30 41 96
17 18 64
16 17 76
13 37 76
21 35 43
31 60 75
21 43 54
10 26 62
55 62 67
62 66 67
19 52 59
45 52 59
25 45 59
19 59 94
81 82 87
45 52 88
19 33 52
8 19 73
2 29 94
2 61 98
2 29 98
22 61 98
8 29 94
28 65 80
5 81 82
22 28 98
22 61 99
5 81 90
12 80 89
33 65 73
19 33 73
9 66 70
51 69 88
9 81 87
51 66 70
9 70 87
36 48 53
4 20 39
4 7 20
5 82 89
6 14 99
5 12 89
12 22 99
14 61 99
6 12 99
6 27 53
36 91 92
27 36 53
27 38 57
38 57 61
1 91 92
1 3 42
1 3 92
3 40 42
40 42 77
56 95 97
68 77 95
41 77 95
30 50 96
49 71 84
32 44 46
23 86 96
10 26 44
7 10 32
0 74 78
10 32 44
49 56 97
30 50 56
21 47 54
24 74 85
0 74 85
0 71 84
0 84 85
0 46 71
50 56 71
46 50 71
49 56 71
24 49 58
68 95 97
69 83 88
45 83 88
65 80 89
57 61 92
58 68 75
54 55 62
11 51 93
3 61 92
51 82 87
33 51 82
51 67 93
51 66 67
49 58 68
44 47 78
44 46 78
42 72 91
41 72 86
41 86 96
41 42 77
37 43 63
33 51 52
55 67 93
35 74 78
34 35 47
12 22 28
16 69 76
5 48 53
51 52 88
13 37 63
72 86 91
11 15 55
23 46 50
24 58 75
34 47 78
11 15 43
11 37 76
4 9 81
11 37 43
41 42 72
26 54 62
30 56 95
27 57 92
4 81 90
12 28 80
65 82 89
18 31 63
4 10 66
24 49 84
1 42 91
43 60 63
6 14 38
24 60 75
23 50 96
5 48 90
8 65 73
16 69 83
6 27 38
0 46 78
49 68 97
48 86 91
7 32 46
31 60 63
20 23 86
17 25 64
8 28 65
16 17 83
18 31 64
20 48 79
20 48 86
21 35 47
31 64 75
17 25 83
34 35 78
27 36 92
11 55 93
10 62 66
7 23 46
15 54 55
24 60 74
24 84 85
25 64 94
25 59 94
30 41 95
8 28 29
28 29 98
