8 19 94
15 43 54
14 38 61
13 18 76
44 47 54
13 43 63
35 43 60
4 7 10
17 18 76
13 18 63
11 69 76
25 45 83
33 65 82
4 9 90
4 62 66
11 51 69
48 79 90
26 44 54
39 79 90
20 39 79
5 6 53
27 36 57
3 40 77
36 48 91
7 20 23
35 60 74
4 9 66
30 41 96
18 63 64
17 18 64
16 17 76
13 37 76
63 64 75
31 43 63
31 63 75
21 35 43
31 43 60
31 60 75
21 43 54
13 37 43
10 26 62
15 67 93
26 55 62
15 37 43
15 26 55
55 62 67
62 66 67
11 15 93
66 67 93
15 26 54
15 55 67
19 52 59
33 52 88
25 45 59
19 59 94
81 82 87
19 33 52
22 28 80
8 19 73
2 29 94
2 61 98
2 29 98
22 61 98
8 29 94
28 65 80
5 81 82
9 81 90
22 28 98
22 61 99
12 22 80
5 81 90
12 80 89
33 65 73
19 33 73
33 51 88
51 69 88
9 81 87
51 66 70
33 82 87
36 48 53
4 10 62
7 23 32
4 7 20
48 53 90
5 82 89
6 14 99
5 12 89
12 22 99
14 61 99
6 27 53
5 53 90
36 91 92
27 36 53
27 38 57
38 57 61
1 91 92
3 57 61
36 57 92
1 3 42
48 72 86
1 72 91
72 86 96
1 42 72
48 72 91
3 40 42
40 42 77
56 95 97
41 72 96
68 77 95
41 77 95
30 50 96
49 71 84
23 86 96
10 26 44
7 10 32
0 74 78
10 32 44
49 56 97
30 50 56
21 47 54
24 74 85
0 74 85
0 71 84
0 84 85
24 49 58
68 95 97
69 83 88
45 83 88
9 66 87
65 80 89
52 59 88
58 68 75
66 70 87
11 51 93
49 58 68
44 47 78
44 46 78
41 42 77
35 74 78
33 51 70
34 35 47
16 69 76
45 59 88
23 46 50
24 58 75
51 66 93
11 15 37
34 47 78
11 37 76
41 42 72
1 3 57
30 56 95
0 50 71
0 46 50
65 82 89
24 49 84
6 14 38
24 60 75
23 50 96
8 65 73
5 12 99
49 50 56
16 69 83
6 27 38
20 39 90
0 46 78
49 68 97
5 6 99
23 44 46
20 23 86
17 25 64
16 17 83
20 48 79
20 48 86
21 35 47
17 25 83
34 35 78
4 20 90
23 32 44
1 57 92
24 60 74
24 84 85
25 64 94
25 59 94
30 41 95
49 50 71
28 29 65
28 29 98
8 29 65
33 70 87
