8 19 94
14 38 61
44 47 54
13 43 63
35 43 60
4 7 10
11 15 76
13 18 63
69 76 83
16 25 83
11 69 76
33 65 82
16 25 64
4 9 90
11 51 69
16 76 83
48 79 90
26 44 54
39 79 90
20 39 79
3 40 77
36 48 91
41 72 77
35 60 74
4 9 66
24 68 75
23 32 46
24 58 68
30 41 96
16 17 64
17 18 64
16 17 76
21 35 43
31 60 75
21 43 54
13 37 43
55 62 67
62 66 67
11 15 93
66 67 93
11 66 93
19 52 59
25 59 64
11 51 66
45 69 83
45 69 88
45 52 59
33 52 88
81 82 87
45 52 88
19 33 52
8 19 73
2 29 94
2 61 98
2 29 98
22 61 98
8 29 94
8 29 98
28 65 80
5 81 82
8 28 98
9 81 90
22 28 98
22 61 99
5 81 90
12 80 89
33 65 73
19 33 73
9 66 70
33 51 88
51 69 88
9 81 87
51 66 70
33 82 87
9 70 87
4 7 20
5 82 89
5 12 89
12 22 99
14 61 99
5 53 90
36 91 92
27 38 57
14 27 38
38 57 61
1 91 92
36 57 92
1 3 92
72 86 96
56 95 97
41 72 96
68 77 95
41 77 95
46 50 96
30 50 96
49 71 84
32 44 46
23 86 96
7 10 32
0 74 78
23 46 96
30 50 56
21 47 54
24 74 85
0 71 84
24 49 85
50 56 71
49 84 85
24 49 58
68 95 97
74 84 85
49 71 97
56 71 97
65 80 89
57 61 92
25 59 83
26 54 55
36 53 57
27 53 57
3 61 92
49 58 68
44 47 78
44 46 78
42 72 91
40 42 72
40 72 77
37 43 54
36 48 90
55 67 93
35 74 78
33 51 70
34 35 47
12 22 28
5 6 27
18 64 75
72 86 91
13 17 76
13 17 18
1 40 42
45 59 83
15 55 93
34 47 78
13 15 37
36 53 90
15 37 54
30 56 95
6 27 99
1 3 40
0 50 71
10 26 55
0 46 50
12 28 80
65 82 89
18 31 63
10 26 32
4 10 66
1 42 91
5 27 53
43 60 63
24 60 75
8 65 73
5 12 99
20 39 90
0 46 78
49 68 97
5 6 99
48 86 91
31 60 63
20 23 86
8 28 65
18 31 75
19 59 64
20 48 79
19 64 94
20 48 86
20 23 32
21 35 47
34 35 78
4 20 90
10 62 66
15 54 55
13 15 76
10 55 62
24 60 74
0 74 84
26 32 44
30 41 95
7 20 32
14 27 99
33 70 87
