8 19 94
14 38 61
44 47 54
13 43 63
35 43 60
21 34 35
4 7 10
13 18 63
69 76 83
11 69 76
51 70 87
33 51 87
4 62 66
4 39 90
11 51 69
16 76 83
48 79 90
26 44 54
39 79 90
20 39 79
5 6 12
3 40 77
36 48 91
7 20 23
35 60 74
4 9 66
30 41 96
18 63 64
17 18 64
24 74 75
16 17 76
13 37 76
60 74 75
31 43 63
21 34 47
21 35 43
31 43 60
31 60 75
21 43 54
13 37 43
15 67 93
15 26 55
55 62 67
62 66 67
11 15 93
15 26 54
15 55 67
19 52 59
25 59 64
45 52 59
33 52 88
59 64 94
19 59 94
81 82 87
45 52 88
19 33 52
22 28 80
8 19 73
2 29 94
2 61 98
2 29 98
22 61 98
8 29 94
8 29 98
28 65 80
5 81 82
8 28 98
22 28 98
22 61 99
12 22 80
5 81 90
12 80 89
65 80 82
80 82 89
33 65 73
19 33 73
33 51 88
51 69 88
9 81 87
51 66 70
4 10 62
4 20 39
4 7 20
5 82 89
5 12 89
12 22 99
14 61 99
6 12 99
5 53 90
36 91 92
27 38 57
14 27 38
1 91 92
36 57 92
48 72 86
1 72 91
72 86 96
1 42 72
48 72 91
40 42 77
56 95 97
41 72 96
68 77 95
41 77 95
30 50 96
49 71 84
32 44 46
23 86 96
7 10 32
0 74 78
30 50 56
21 47 54
24 74 85
0 74 85
0 84 85
49 58 97
50 56 71
46 50 71
24 49 58
69 83 88
45 83 88
49 71 97
56 71 97
9 66 87
65 82 87
25 59 83
58 68 75
36 53 57
66 70 87
33 65 87
27 53 57
11 51 93
51 67 93
51 66 67
44 47 78
0 46 84
46 71 84
44 46 78
41 42 77
37 43 54
36 48 90
35 74 78
5 6 27
13 17 76
13 17 18
1 40 42
45 59 83
23 46 50
20 23 48
24 58 75
11 15 37
34 47 78
11 37 76
36 53 90
4 9 81
31 63 64
15 37 54
41 42 72
1 3 57
3 38 57
30 56 95
4 81 90
6 27 99
1 3 40
10 26 55
10 26 32
24 49 84
5 27 53
23 50 96
3 38 61
8 65 73
0 46 78
7 32 46
17 25 64
8 28 65
16 17 83
20 48 79
31 64 75
17 25 83
34 35 78
1 57 92
7 23 46
23 48 86
58 95 97
10 55 62
24 84 85
26 32 44
30 41 95
58 68 95
14 27 99
