1360.75 -422.468
1132.4 1193.76
1646.59 -1209.79
-659.109 1072.92
-888.901 215.88
-90.4118 515.484
-540.862 53.6036
1808.92 1664.78
542.847 869.188
-1433.59 427.876
-1934.8 -1028.45
-1451.07 1216.71
-1373.28 -396.222
-1480.84 -1564.76
1995.7 -1126.97
51.7296 1356.45
450.559 -815.874
550.209 97.1488
-25.6681 1891.1
-829.933 1085.43
106.98 1079.66
-399.086 1566.12
-866.741 -590.167
1230.9 1676.11
-1720.98 1797.31
103.981 -1655.78
-1231.14 652.908
1560.93 -604.428
-1743.31 -1919.91
-169.193 -1747.62
