11 34 59
10 39 44
41 50 80
71 82 86
6 24 55
58 85 93
58 85 96
56 82 90
20 38 98
22 67 93
0 20 73
4 40 57
5 34 59
24 33 55
6 19 35
21 77 92
42 71 75
17 58 93
56 71 82
56 75 90
41 83 86
56 71 75
41 50 83
29 82 86
10 40 57
41 44 80
12 29 53
53 65 86
29 53 86
12 29 43
12 28 43
22 85 93
8 16 67
8 16 62
66 87 91
16 17 47
17 46 99
20 47 99
17 47 99
20 36 99
11 34 78
36 40 49
37 49 74
36 49 84
4 36 40
4 55 57
15 33 60
0 63 73
51 63 72
2 87 98
62 87 98
2 31 87
2 38 98
18 30 61
27 38 94
2 31 64
31 76 81
54 76 81
15 63 72
11 60 78
19 35 68
6 19 24
4 33 55
6 45 55
32 95 97
42 75 95
21 52 92
25 68 92
25 35 68
25 77 92
3 89 97
32 89 97
60 72 78
42 71 83
71 83 86
70 79 88
62 69 87
69 87 91
22 67 69
66 69 91
62 67 69
8 62 67
15 60 72
54 70 88
32 52 95
5 19 59
9 18 51
4 33 63
19 68 81
37 40 49
29 43 96
16 20 47
18 54 70
1 14 96
14 49 74
16 67 93
7 14 46
10 39 55
10 55 57
30 48 64
61 63 73
16 62 98
27 73 94
21 32 89
7 17 46
21 32 52
14 49 84
50 80 97
3 25 77
18 61 63
7 17 58
3 21 77
11 19 24
7 14 58
5 54 81
37 53 65
1 14 74
13 23 45
1 28 74
18 51 63
48 61 73
9 18 70
9 26 79
3 21 89
14 58 96
3 13 35
5 34 54
3 13 23
3 23 97
3 25 35
2 38 64
14 46 84
0 4 20
0 4 63
16 20 98
37 53 74
27 48 73
29 85 96
27 38 64
12 28 53
9 51 72
18 30 54
11 19 59
30 54 76
5 19 81
24 33 60
34 54 78
11 24 60
26 78 79
26 72 78
9 26 72
52 75 95
28 53 74
28 43 96
29 82 90
29 85 90
30 31 64
30 31 76
30 48 61
13 35 45
22 66 69
54 78 88
16 17 93
15 33 63
39 44 97
6 35 45
36 46 84
36 46 99
4 20 36
1 28 96
10 37 40
39 45 55
10 37 44
37 44 65
41 65 86
27 48 64
38 73 94
20 38 73
39 45 97
41 44 65
42 50 83
78 79 88
42 50 95
44 80 97
23 45 97
9 70 79
50 95 97
