0 15 63
7 46 84
41 50 80
9 51 61
56 82 90
22 66 91
20 47 62
27 48 94
48 63 73
4 40 57
5 34 59
42 71 75
17 58 93
56 75 90
56 71 75
6 13 45
46 84 99
41 44 80
37 65 74
12 29 53
7 58 96
12 29 43
29 43 85
12 28 43
43 85 96
1 43 96
22 85 93
16 47 62
22 69 91
8 16 67
8 16 62
66 87 91
16 17 47
20 47 99
20 36 99
36 40 49
36 84 99
36 49 84
15 33 60
0 4 15
0 63 73
9 26 51
2 27 38
20 62 98
2 87 98
62 87 98
2 31 87
2 38 98
2 27 48
48 73 94
27 38 94
2 48 64
2 31 64
31 76 81
54 76 81
30 70 76
34 78 88
19 35 68
60 78 88
4 15 33
6 45 55
42 75 95
3 32 89
25 68 92
25 77 92
21 77 89
70 76 79
20 73 98
42 71 83
71 83 86
58 93 96
67 69 93
62 69 87
69 87 91
25 68 77
62 67 69
8 62 67
60 79 88
15 60 79
11 59 60
37 57 74
32 52 95
35 68 89
5 81 88
51 72 79
6 11 24
5 19 59
18 30 70
3 23 95
18 30 64
46 47 99
18 48 64
19 68 81
15 72 79
0 36 73
15 51 72
1 14 96
16 67 93
10 44 57
6 33 55
13 19 35
12 28 65
21 32 89
7 14 96
3 35 89
49 57 74
17 46 47
7 17 46
21 32 52
14 49 84
50 80 97
34 59 60
1 28 43
1 14 28
7 17 58
4 39 57
5 34 88
85 93 96
52 77 92
9 48 61
6 11 59
13 23 45
9 18 70
9 26 79
3 13 35
6 24 33
15 51 63
0 4 40
22 69 93
39 44 57
48 51 63
3 13 23
6 13 19
3 32 95
6 19 59
7 14 84
79 81 88
23 95 97
29 56 71
41 50 86
5 19 81
12 53 65
24 33 60
0 36 40
11 24 60
52 75 95
28 49 74
14 28 49
28 65 74
68 77 89
29 82 90
50 83 86
29 56 82
29 53 65
29 71 86
29 85 90
30 31 64
30 31 76
54 76 79
21 52 77
9 18 48
16 17 93
4 33 39
54 79 81
48 51 61
34 60 78
39 44 97
38 73 98
20 36 73
33 39 55
39 45 55
10 37 44
37 44 65
41 65 86
10 37 57
38 73 94
39 45 97
41 44 65
42 50 83
42 50 95
29 65 86
44 80 97
23 45 97
9 70 79
40 49 57
50 95 97
26 51 79
