10 37 65
7 46 84
11 34 59
10 39 44
3 23 45
41 50 80
39 44 80
10 44 65
9 51 61
58 85 93
58 85 96
56 82 90
16 17 67
10 39 57
0 20 73
62 87 91
72 79 88
5 34 59
3 13 89
42 71 75
82 85 90
56 75 90
56 71 75
41 50 83
50 83 95
10 40 57
41 44 80
37 65 74
10 37 49
12 29 53
7 58 96
29 82 85
12 29 43
12 28 43
1 7 96
1 43 96
22 85 93
8 16 67
8 16 62
62 69 91
66 87 91
16 17 47
20 47 99
17 47 99
20 36 99
36 40 49
37 49 74
36 49 84
10 40 49
15 33 60
0 4 15
51 61 63
51 63 72
9 26 51
2 87 98
62 87 98
2 31 87
9 18 30
31 76 81
54 76 81
11 33 60
54 79 88
19 35 68
4 15 33
6 19 24
11 24 33
23 45 55
42 83 95
23 55 97
3 32 89
5 68 81
25 68 92
21 77 89
70 76 79
60 72 78
63 72 73
42 71 83
71 83 86
67 69 93
25 68 77
66 69 91
65 83 86
63 73 94
62 67 69
8 62 67
48 61 94
61 63 94
15 60 72
39 55 80
32 52 95
35 68 89
51 72 79
5 19 59
0 72 73
27 38 98
29 43 96
16 20 47
3 6 45
18 30 48
16 20 62
17 46 84
7 17 67
13 19 35
30 48 64
21 32 89
17 36 84
5 19 68
7 17 46
21 32 52
14 49 84
72 78 88
50 80 97
1 28 43
1 14 28
20 36 57
11 19 24
4 39 57
7 67 93
0 15 72
3 95 97
5 54 81
9 48 61
36 40 57
9 26 79
3 6 13
9 70 76
5 54 88
6 24 33
22 69 93
4 20 57
55 80 97
3 23 97
0 4 20
5 34 78
9 30 76
6 13 19
3 32 95
29 85 96
5 78 88
25 52 92
27 38 48
7 14 84
12 28 53
11 19 59
29 56 71
7 58 93
25 52 77
13 35 89
28 49 74
14 28 49
28 53 74
11 34 60
68 77 89
29 56 82
29 71 86
29 53 74
30 31 64
30 31 76
31 48 64
2 31 48
22 66 69
54 76 79
38 48 94
21 52 77
9 18 48
4 33 39
6 33 45
33 45 55
1 7 14
34 60 78
42 52 75
33 39 55
20 38 62
38 62 98
38 73 94
20 38 73
29 65 74
41 65 83
41 44 65
42 52 95
29 65 86
17 36 99
9 70 79
27 48 98
2 48 98
50 95 97
26 51 79
