-815.001 644.408
296.086 -1024.4
749.824 954.371
-1249.71 -1369.65
-1853.19 1390.53
1866.48 746.121
213.093 -361.162
1880.01 79.7566
197.628 -1755.29
458.714 1572.52
-114.358 611.235
-519.083 -761.366
993.058 974.616
1939.49 585.704
1718.28 -145.231
1576.51 -1096.72
-1500.82 -127.4
-121.115 1249
-1173.03 629.172
1879.35 -1026.22
19.7061 1745.83
1719.9 -1767.2
-615.334 1599.91
312.556 1582.29
1844.62 -1228.73
1154.81 -269.74
1382.51 -1364.27
968.894 375.563
1610.35 908.384
-1038.73 1328.63
-1236.85 -1462.22
-1768.09 -737.67
410.382 110.793
-1488.67 1237.35
-1260.03 -1609.32
-1788.87 759.672
-1863.49 1931.03
992.471 -478.825
1530.94 -694.973
-896.532 1375.56
76.2973 -1741.72
-894.181 -541.197
-1105.99 -1925.29
1834.37 -1495.64
983.097 -1204.37
1832.99 1746.25
-666.585 -1935.1
-991.42 1743.8
175.69 -480.089
981.151 915.656
-89.4076 1192.28
-324.672 47.1013
1123.31 -1332.2
1568.28 654.254
-27.173 -1328.26
29.813 -1950.88
-1069.97 1135.63
-492.073 -175.96
1210.34 -657.707
328.4 193.442
137.926 161.389
-60.3087 1471.34
226.286 948.271
1215.14 -1598.02
-1531.82 196.29
1317.63 378.775
-611.427 -1007.04
-1574.12 -1488.11
-339.24 1994.15
1166.14 1633.59
-1334.1 -804.046
1682.71 -404.078
-1668.41 -809.361
1419.96 1541.93
532.932 -251.637
-264.627 -1329.14
1909.75 1675.06
-1857.8 136.037
623.335 1357.34
538.013 1091.52
-446.371 -144.355
-529.708 942.201
848.606 -103.832
1454.09 -1490.63
-109.68 620.23
-1857.05 556.216
1816.18 1825.67
-1847.86 -1852.23
-983.696 1572.1
1689.7 1549.24
-679.536 -574.926
-1779.91 -769.785
-899.862 -1637.71
1366.25 1723.47
1719.63 -95.7348
814.991 -726.738
1759.91 -1714.72
-1784.54 608.517
181.452 1669.55
1117.88 -1928.23
289.782 1260.84
627.988 105.966
1086.5 780.127
253.736 -1897.19
352.228 -56.563
1652.04 1672.69
1368.51 1872.14
-1097.09 -1531.35
-1765.57 -1730.84
-1807.88 1954.07
173.425 1007.11
-772.672 -66.6649
1292.4 -557.209
-1458.15 -526.152
-887.656 1659.73
-454.38 1402.13
920.572 -1826.39
-491.909 7.0749
953.735 1761.83
109.882 -694.037
-294.736 -238.075
-1021.34 -926.225
-365.937 -118.438
-457.576 -131.505
150.722 -265.453
-177.44 -1675.85
-1258.34 1049.89
257.481 -1965.94
-1507.32 799.333
-492.096 -394.977
459.068 1053.52
-992.852 -620.36
1227.13 515.24
1386.72 180.866
277.067 -503.403
1486.83 1982.33
1258.52 -1534.52
-943.894 -1107.41
347.047 598.53
761.08 -1502.23
-1666.92 -1416.36
-1178.08 -925.263
1633.53 1079.4
-891.207 -1873.79
-121.27 616.697
-268.77 -1662.2
-329.779 738.378
-282.562 -1102.65
-746.382 -895.847
1078.22 1530.68
600.75 565.048
1513.02 -140.727
1030.53 -1430.88
751.858 -622.421
1167.65 -487.061
-124.652 1500.73
96.579 697.263
-1424.53 -269.893
-223.34 -315.741
-143.686 1655.39
-1699.04 1587.54
1993.19 -28.8235
325.922 -289.375
868.528 1579.54
814.778 -53.2532
1110.23 -584.471
-1488.21 623.241
1274.8 1542.33
1192.36 26.6601
-1080.09 360.014
1539.6 795.254
-139.257 -363.822
-507.483 436.209
1366.28 1269.18
-1879.53 -777.401
924.566 -1578.58
-1189.86 917.753
392.6 1136.07
-1371.62 -738.871
715.606 1443.16
1207.88 -174.169
-1141.31 1719.67
-1550.93 -1866.51
1262 1641.43
160.147 -1818.1
1.44865 -300.254
977.157 1862.19
1335.92 -1530.33
298.401 702.208
1738.85 418.869
1924.81 663.417
840.292 -1265.05
-418.83 -767.108
1871.02 209.548
494.021 586.621
-347.295 -298.104
-1587.55 511.39
-578.434 -1138.48
644.877 -1316.44
-1497.04 -1194.98
-1134.53 504.406
504.769 1842.62
366.598 -159.307
-1687.7 -1335
-1457.1 -1948.85
1083.87 -1532.29
714.565 -75.8401
-797.342 -1704.27
1157.05 -926.327
505.283 -348.927
1660.29 -1842.01
1352.97 -1927.26
669.378 -1225.46
-1065.73 -685.746
-541.901 -562.774
119.278 323.564
1941.63 -1375.95
166.187 308.231
464.74 478.484
973.23 1007.64
529.632 57.0974
1475.35 -755.803
1981.26 -1321.99
-460.068 1138.31
-248.321 -1954.78
-1210.62 -588.028
-1796.8 -1857.65
-515.283 872.581
-1083.11 418.985
-1813.16 374.986
1856.21 306.113
-1301.45 1797.84
930.16 864.738
106.074 -605.1
-656.778 -920.696
-1597.46 1872.85
1136.4 1877.89
-882.949 1117.66
-1444.1 656.983
255.968 307.574
702.198 1045.35
1719.55 905.401
1187.7 -795.738
-222.018 -1895.41
1623.25 -35.1828
479.577 1479.46
-1729.07 1178.13
1277.3 1201.09
42.865 -616.624
-1404.01 1386.09
462.68 -1001.47
1258.94 -400.918
-1123.58 -1624.01
-1283.26 -567.684
1032.98 972.709
1739.89 -264.826
18.0602 1459.44
-1359.43 -794.237
-1336.3 418.557
-689.646 -1713.05
-1616.63 1789.93
1766.4 -1345.7
968.058 1043.71
1855.4 -989.077
-1572.92 -1548.61
-1602.99 889.762
-550.082 1655.95
-1511.16 326.339
-1968.06 -794.415
1758.66 1064.92
-1821.71 1498.55
-1199.91 196.355
957.981 -559.333
1402.12 1621.68
1859.22 -1287.53
1908.62 -1757.4
-1497.6 1675.03
-1103.1 1470.46
718.733 -1247.7
-1518.62 1145.81
-796.316 -1121.61
35.5771 653.602
-1465.66 524.421
-1020.06 -1433.71
1730.01 -1261.4
1631.2 1908.3
-1762.86 -1568.7
104.655 1195.12
-128.037 -493.227
816.801 -268.813
219.245 725.425
-26.215 721.647
400.452 870.687
192.107 -880.816
1622.98 673.489
-1735 -1173.33
1551.88 300.576
1480.27 -1913.78
-1175 -1539.79
-1347.49 -1445
-801.192 -1716.29
-1536.7 -564.05
-1284.99 567.96
-1368.93 586.975
-1925.27 1447.87
-1681.84 293.978
173.298 291.947
-984.375 -1426.25
-837.366 1207.73
-307.066 -1214.38
-118.779 -42.067
-387.712 -566.898
-1741.49 -907.441
-480.673 -916.494
-447.229 171.837
-361.49 751.579
455.552 101.815
-1812.47 1170.56
-1330.22 -1181.4
-242.462 -1255.49
-1733.52 75.7001
1038.49 439.773
-1632.35 -1945.89
1013.52 -469.719
1261.84 -1293.54
315.901 -856.934
664.39 1928.19
576.168 922.899
-979.253 -1904.5
-1993.59 573.518
267.332 -355.084
-674.903 -1277.12
1746.73 -487.374
1893.45 -1583.49
331.227 -349.014
-838.985 597.702
1726.69 -1800.5
-962.525 -1905.67
-1746.38 -1949
-375.386 1515.46
-1242.55 1940.51
-1341.47 1421.84
1868.7 1234.69
344.743 -1110.55
1330.19 351.149
1462.97 -402.478
1996.06 -1211.94
320.406 1742.79
300.69 213.853
-1840.7 -1368.08
1864.84 -679.683
1229.62 1591.52
-480.18 -1732.91
1685.86 -226.564
-1681.91 -689.529
-711.104 -924.453
-749.014 -52.5778
-1502.61 -880.311
-817.883 842.135
9.13914 -1487.69
-806.716 -527.893
109.828 -810.652
260.172 -1569.77
-1067.86 -1439.14
644.087 -908.556
-807.221 508.926
411.761 -1577.6
100.45 1931.58
-1310.51 -213.693
-294.984 -992.416
1096.78 993.912
83.1311 -1652.24
-1058.67 580.523
-532.546 123.451
-577.342 1476.59
635.757 615.941
-1051.3 -1254.42
1805.29 1208.87
-824.182 -1262.57
1769.73 1819.91
-171.124 -1037.49
328.831 -1759.36
-615.09 -1570.72
-1827.78 74.402
215.588 -122.766
1081.99 -687.633
-1128.85 -834.883
-339.868 -187.519
1745.64 1127.59
1935.93 -831.702
604.178 571.689
1784.24 1552.88
1317.27 1589.53
761.75 -1506.91
-1673.04 531.483
-1687 155.836
1494 641.829
396.474 -1121.09
1071.11 568.692
953.307 -713.302
-1554.07 35.2933
599.065 -682.927
1200.41 -1740.8
1129.55 946.05
1386.78 1065.49
-1885.65 -9.03906
-362.824 1898.59
-456.161 -1045.55
1488.12 -1694.41
-552.457 1815.08
837.072 -239.46
-29.088 331.067
-1597.63 -1632.61
1209.97 1473.48
936.077 163.28
-1239.82 1382
-1801.43 1359.24
-1300.92 1398.98
1618.44 1828.63
345.034 1005.22
894.116 459.382
-1003.82 -1468.71
357.969 540.021
-514.258 -153.916
845.61 933.284
-338.84 -317.318
-1306.18 1632.07
-1986.25 -903.806
1999.46 1223.72
-1430.33 935.535
-612.998 -670.151
317.539 -414.425
-1310.91 1016.61
-1015.44 -1692.47
845.245 1329.59
1312.75 -260.639
-211.026 -1691.07
270.653 -1853.06
848.954 1756.4
-6.97201 -305.436
689.679 1654.19
1377.25 1383.5
1286.26 1391
-1520.3 1285.72
614.719 -950.629
221.253 -1998.28
379.22 -1461.21
-412.704 1068.31
1555.41 571.854
1375.84 400.652
