-1655.33 -946.2
-103.994 -1628.27
876.935 1943.26
-596.111 -1478.09
99.7358 242.414
154.937 -1349.74
1326.67 -533.778
-592.005 1970.52
-1756.81 1746.44
-1651.1 640.109
-1593.94 1521.16
1982.86 -1424.73
266.63 1675.69
-1328.66 -1746.85
-1128.25 -485.755
1872.14 -783.582
568.044 -231.851
-411.851 -555.021
-288.595 992.038
-33.1126 1811.14
-765.548 -1878.18
-1538.6 -1438.88
-411.953 -130.609
-1468.36 -168.759
-384.167 -1119.46
-1528.65 21.8906
-1598.3 -1545.79
597.156 668.33
-1870.1 1268.5
921.484 -998.352
-1217.26 793.627
218.065 1350.79
-1438.22 1806.21
-1204.23 273.181
798.252 762.653
84.3212 -1967.3
884.478 545.717
-1406.18 -1527.47
-1584.89 -874.536
303.766 30.9416
5.99936 775.115
-1947.17 407.7
1229.32 649.988
-923.97 1359.22
-81.5137 1997.51
-1639.13 701.229
791.142 578.936
52.0159 1352.92
385.15 847.782
-373.902 -816.597
-389.565 1710.42
-783.893 -1505.09
256.137 -190.069
-1032.56 671.245
935.395 1271.2
-1297.81 -1058.61
46.3197 -1244.98
1349.09 -724.358
1405.01 -1574.88
-1365.13 -676.507
-1577.36 -1004.26
-1975.28 1213.78
1574.67 76.7379
566.697 -40.1773
-1075.48 -1807.2
1143.23 534.954
1903.21 -1640.67
1029.87 159.351
169.263 1997.31
-1169.4 -895.342
1268.51 -467.218
46.0519 -685.17
287.801 -604.854
590.472 -307.192
-179.731 1225.34
1016.3 242.907
-1778.93 1041.02
-543.314 1795.75
-882.239 -1976.62
-244.432 42.2802
-1783.82 -1101.21
-1422.77 -1880.61
-741.874 1607.1
278.744 1427.39
1604.41 1109.34
-1467.95 872.918
-1357.88 578.098
-1812.25 929.924
1973.24 778.22
-1377.27 -206.487
3.55669 1639.03
-1963.58 224.63
680.055 -506.894
20.3757 1797.82
-483.51 1775.94
-159.904 -267.332
-1325.26 417.331
-147.939 -67.1364
24.4329 -1869.19
-639.748 -371.159
1240.15 -107.701
-1498.24 1882.27
-1529.6 -1310.49
812.192 -1556.36
1467.73 1434.92
237.155 -528.717
1073.96 273.575
1695.91 -245.988
1766.68 -283.711
-448.172 -716.829
-507.767 1391.92
1015.84 166.971
-190.745 -1132.1
-1900.17 1833.69
-1001.3 -539.913
-537.472 -1761.15
1352.39 -35.7126
-1878.88 1822.78
653.794 933.311
-1733.58 121.521
368.235 503.579
1592.8 -557.808
-1222.85 1288.72
1196.2 -1456.17
-994.994 -1251.97
-172.994 497.24
-1860.04 -1157.16
-1335.79 -50.7896
-289.256 -1235.95
-217.102 709.448
224.133 1245.43
948.298 -423.482
-790.286 1069.42
-600.698 1863.51
2.72807 -334.274
-14.9711 -1629.04
-1830.7 -422.167
-186.845 -1053.54
-1133.45 -990.641
-509.706 -128.443
-242.609 1317.3
-1631.2 -102.653
-1839.86 -966.993
1846.56 -129.113
-202.947 -370.545
-1419.66 -1978.81
-1125.12 1528.63
-402.296 84.5951
598.051 997.005
-51.8969 -1399.22
-1337.27 1933.13
-1028.26 -1167.96
-489.035 784.897
-221.505 377.516
1794.26 1268.79
-1750.93 -448.352
586.088 -1382.13
1448.99 746.231
-349.124 1295.55
-1382.88 1447.93
-1074.99 -802.547
1469.11 -200.111
-1273.91 -933.182
1884.48 1324.14
-1936.18 -167.413
1924.92 -1273.45
-234.281 -1103.34
-441.409 1276.68
1681.56 1337.09
-345.8 1475.81
605.874 -96.7278
-972.54 -808.038
521.141 -1523.55
1938.19 -1827.98
1772.01 -1444.69
1619.95 -1302.99
-247.236 1089.06
496.903 478.851
-1844.12 381.387
-197.011 -1780.3
-1786.03 -272.095
-1053.74 -20.3062
624.563 504.848
-743.622 306.119
-158.067 910.578
-218.069 -1552.19
-1186.15 809.391
-360.231 1334.99
1285.85 -422.038
1507.01 1057.85
133.273 1126.95
1754.87 1886.04
216.015 251.771
364.888 371.894
-1366.84 -1832.12
591.596 -1152.87
-104.217 1537.85
826.827 -1479.65
42.7004 -1916.79
826.465 1884.63
