5 26 44
13 38 48
16 29 40
14 27 45
10 20 32
16 29 31
8 17 42
3 17 36
15 24 32
8 24 35
1 8 35
5 39 44
0 30 38
4 12 39
12 39 44
26 38 44
13 26 38
0 38 48
30 38 44
0 14 30
12 30 44
12 30 47
4 5 39
28 31 34
4 5 9
6 28 31
6 9 28
23 29 40
2 22 49
18 25 46
23 29 31
23 40 45
7 23 45
7 23 33
16 31 34
17 25 41
16 21 34
2 41 49
11 21 34
10 11 34
10 11 20
2 32 43
16 21 49
2 15 41
2 15 43
21 22 49
15 32 43
19 24 36
15 19 37
3 19 37
16 41 49
3 17 41
16 25 41
18 45 46
40 45 46
18 27 45
17 18 25
0 14 48
17 18 27
13 42 48
14 27 48
17 27 42
27 42 48
3 19 36
15 19 24
3 37 41
33 45 47
7 33 45
23 31 33
20 22 32
8 13 42
1 8 13
6 31 33
12 33 47
14 30 47
8 24 36
11 21 22
16 25 46
4 12 33
16 40 46
15 37 41
6 9 33
4 9 33
14 45 47
11 20 22
8 17 36
2 22 32
