5 26 44
13 38 48
4 6 9
16 29 40
10 20 32
16 29 31
8 17 42
3 15 37
15 24 32
8 24 35
17 24 36
1 8 35
0 30 38
4 12 39
26 38 44
13 26 38
0 38 48
30 38 44
0 14 30
4 12 47
4 5 39
4 33 47
4 6 33
28 31 34
4 5 9
6 28 31
6 9 28
23 29 40
2 22 49
18 25 46
3 15 41
23 29 31
7 23 33
16 31 34
17 25 41
16 21 34
2 41 49
11 21 34
10 11 34
10 11 20
2 20 22
16 21 49
2 15 41
2 15 43
21 22 49
16 25 40
15 32 43
19 24 36
15 19 37
3 19 37
16 41 49
3 17 41
16 25 41
18 45 46
25 40 46
17 18 25
0 14 48
17 18 27
13 42 48
17 27 42
8 17 24
15 19 24
30 44 47
12 44 47
33 45 47
7 33 45
23 31 33
2 20 43
17 19 36
8 13 42
7 45 46
1 8 13
20 32 43
7 23 46
6 31 33
14 30 47
11 21 22
3 17 19
5 12 39
5 12 44
14 27 42
14 45 47
11 20 22
23 40 46
14 18 45
14 18 27
14 42 48
