379 438 468
308 312 320
161 438 471
289 438 468
66 196 373
61 214 403
214 337 498
166 240 459
308 320 393
169 285 447
119 170 330
187 266 476
17 69 384
29 133 352
15 265 411
151 264 365
2 32 436
336 441 484
58 390 463
260 408 458
160 320 393
33 435 472
201 347 385
126 281 350
93 150 201
237 382 482
86 382 412
86 225 382
225 237 382
220 351 467
10 381 453
188 307 476
152 235 432
10 224 457
229 476 497
188 299 307
63 108 371
56 444 489
67 87 222
81 209 373
273 297 443
289 438 454
43 87 372
244 291 434
22 162 317
310 379 468
167 309 379
97 159 172
20 210 242
162 171 317
199 331 452
22 317 376
17 259 294
181 243 490
99 210 242
127 309 358
64 181 490
146 181 243
69 213 360
69 213 384
287 437 473
109 451 478
32 116 436
87 222 420
2 190 287
53 254 378
151 365 437
27 99 242
230 304 318
124 178 247
8 367 394
208 230 304
57 179 318
271 383 439
20 64 490
157 248 455
195 414 455
147 173 250
23 439 440
216 286 401
23 134 475
83 106 424
55 367 407
9 11 458
147 271 383
33 369 472
75 128 189
257 435 472
34 163 345
110 464 487
14 163 408
163 336 345
214 354 498
88 105 158
135 182 422
45 136 486
101 336 484
138 143 246
105 158 486
98 350 467
65 175 295
252 280 342
206 207 481
322 336 345
49 261 423
460 466 477
51 166 255
140 359 404
86 150 225
93 218 442
404 442 470
161 218 442
28 438 454
359 404 442
267 382 412
86 140 359
86 150 359
80 91 267
86 140 412
267 292 412
188 299 492
80 91 212
80 267 382
91 212 467
80 212 382
212 351 467
220 351 469
225 237 385
237 385 482
98 126 350
79 268 375
60 281 428
79 126 268
25 51 79
126 268 363
126 281 363
281 363 428
268 363 428
82 268 428
82 364 457
246 268 453
138 278 426
72 88 361
48 224 461
107 224 457
60 281 350
60 82 428
60 174 350
91 235 467
31 152 235
100 235 432
432 492 497
187 229 476
148 266 313
36 182 429
187 364 457
107 180 266
138 143 461
138 228 461
88 105 361
48 107 224
72 92 361
118 144 499
36 182 422
92 144 422
92 135 361
92 135 422
47 282 325
15 118 154
125 282 389
15 68 164
15 38 164
15 36 265
73 148 307
38 164 444
56 170 244
177 273 443
21 196 299
226 444 489
73 148 416
73 185 396
35 188 476
35 188 492
299 483 492
297 323 443
196 299 483
21 196 373
21 373 479
28 66 332
18 66 196
18 66 332
28 438 471
21 273 479
177 200 454
63 184 200
200 289 454
67 289 468
67 289 306
67 87 468
32 116 244
56 263 489
40 56 244
87 291 372
87 291 420
74 211 348
74 283 417
275 410 452
199 331 456
275 331 452
434 436 491
434 456 491
310 468 496
43 310 496
241 321 430
12 317 376
167 376 430
241 321 452
39 97 223
74 399 410
167 321 430
22 376 430
167 321 379
127 162 193
70 104 245
70 127 162
70 104 127
104 127 358
77 97 159
39 300 417
1 77 97
90 223 405
74 399 405
74 211 283
17 46 259
102 109 294
384 451 478
172 203 243
300 335 417
146 203 243
99 210 247
64 181 377
213 384 451
133 360 419
20 64 113
20 358 490
179 210 356
29 194 398
53 378 473
29 133 419
213 360 419
29 249 419
53 120 254
53 451 473
53 249 419
378 437 473
53 120 249
2 436 446
102 355 485
102 109 355
192 366 446
2 190 305
2 32 170
2 305 330
2 170 330
32 170 244
118 154 316
47 68 233
119 233 330
47 154 316
47 68 154
15 68 154
190 305 389
47 316 325
94 111 337
117 282 325
117 325 343
16 262 450
94 202 337
13 214 403
227 319 326
44 111 314
123 191 198
169 314 357
156 169 285
169 198 357
61 214 285
8 106 475
30 215 219
24 191 219
264 327 415
151 264 415
125 264 365
85 215 378
85 215 219
24 30 219
120 232 254
112 338 391
130 269 315
179 210 247
124 179 247
210 356 418
210 418 474
124 179 318
124 284 341
124 304 318
153 333 367
124 304 341
153 272 333
153 367 394
83 106 134
58 448 463
57 448 463
8 394 475
106 134 475
157 248 474
20 210 474
279 303 425
131 195 234
157 425 474
131 251 440
103 406 414
103 129 406
129 383 439
3 128 362
76 189 487
217 256 409
83 134 250
9 11 13
7 61 403
256 401 409
7 183 217
83 256 401
83 217 256
7 61 183
155 253 380
227 319 465
75 128 362
3 286 401
76 344 487
33 369 464
110 253 369
110 189 487
110 369 464
277 344 386
386 466 477
329 340 431
49 460 466
329 460 477
186 329 340
257 349 472
329 435 460
49 290 466
322 336 445
261 312 320
121 322 345
34 345 349
163 260 408
110 155 253
110 189 380
110 155 380
326 408 458
319 326 458
11 260 458
202 337 498
101 202 484
42 101 445
94 202 402
37 59 262
37 165 298
16 132 144
37 132 165
72 88 158
71 158 165
48 105 461
48 135 361
48 105 361
78 308 368
308 312 322
71 158 486
42 238 488
101 336 445
42 238 445
121 322 423
0 50 374
149 258 374
5 84 96
45 122 136
278 324 426
138 228 426
138 246 278
52 205 246
122 324 426
52 205 255
52 246 278
51 79 375
25 51 276
137 175 295
166 353 459
0 258 374
137 240 459
65 295 421
0 137 459
0 50 137
26 41 115
160 280 393
139 252 280
160 280 342
252 301 342
115 339 495
301 339 495
115 339 462
62 386 462
6 114 239
145 296 494
141 484 498
202 484 498
319 458 465
366 446 491
100 432 483
33 431 464
213 419 451
418 425 474
156 407 413
251 406 440
90 405 452
399 405 452
238 400 445
212 382 433
81 373 454
199 372 456
263 371 489
367 407 413
176 366 427
3 362 401
362 401 409
279 356 425
212 351 433
349 397 408
349 369 472
349 369 397
168 348 485
74 348 410
347 385 482
117 343 450
186 340 386
277 340 386
277 340 344
339 386 462
339 386 466
30 338 367
111 337 447
284 333 391
333 338 391
284 333 341
331 366 491
168 331 348
275 331 348
329 386 477
186 329 386
297 323 396
57 318 463
148 313 416
399 410 452
171 311 317
43 310 452
310 379 452
12 309 317
309 311 317
308 322 445
149 308 374
291 372 456
290 301 339
289 306 371
288 316 325
287 451 473
287 427 451
190 287 389
287 365 437
156 285 413
285 337 447
130 284 315
284 315 391
259 283 294
328 333 341
228 302 461
274 464 487
274 340 431
209 273 373
272 390 475
272 390 463
82 268 457
274 431 464
266 313 429
266 307 476
265 313 429
265 411 416
125 264 282
230 318 463
261 322 423
4 261 290
49 261 290
141 260 498
141 260 484
260 441 484
11 260 354
260 336 441
163 260 336
0 258 459
84 258 353
258 353 459
121 257 423
255 353 387
255 324 387
255 278 324
52 255 278
253 380 465
227 253 465
173 250 293
248 414 455
248 346 414
178 247 269
246 268 375
172 243 480
243 358 490
243 358 480
382 433 482
236 239 494
235 350 467
195 234 425
234 303 425
233 282 330
215 232 378
231 388 493
76 231 344
208 230 272
230 272 463
227 326 408
227 253 408
347 433 482
292 412 483
10 224 381
232 254 378
74 223 417
39 223 417
6 221 481
206 221 481
65 221 392
221 276 392
221 276 296
221 239 296
120 232 249
85 219 378
217 362 409
216 250 395
216 231 388
216 231 395
30 215 338
252 301 481
112 215 338
143 246 381
102 211 294
211 283 294
109 355 451
89 231 344
46 69 142
76 128 189
288 325 343
176 366 485
93 218 347
15 411 416
72 92 144
304 328 341
25 220 467
324 353 387
34 163 349
25 220 469
69 360 377
28 66 454
65 206 221
40 291 420
117 264 327
70 245 480
33 329 435
139 207 370
89 293 383
71 238 400
70 159 172
123 151 357
23 134 439
31 60 152
214 285 337
23 131 440
73 185 416
41 115 481
145 236 494
56 119 444
351 433 469
55 169 198
55 156 169
55 156 407
51 205 375
105 136 302
20 27 113
25 98 126
195 406 414
51 276 392
75 189 380
50 204 421
50 204 374
49 435 460
125 287 365
54 123 151
48 180 429
204 308 374
82 152 364
46 142 335
57 234 303
134 147 271
62 344 386
129 439 440
46 335 417
84 96 353
38 226 444
46 259 283
167 309 376
17 46 69
44 59 357
43 199 452
51 392 449
58 234 448
191 219 378
51 166 449
72 132 158
134 271 439
16 343 450
40 222 420
40 222 334
102 348 485
148 266 307
272 394 475
71 78 400
43 87 496
71 368 486
321 379 452
257 345 349
122 324 353
83 250 401
57 234 448
37 44 298
37 44 59
36 118 422
15 36 118
157 195 425
61 183 424
67 222 334
10 268 453
73 299 307
19 113 377
73 297 396
49 257 423
1 70 77
134 147 250
123 198 357
62 145 462
162 193 311
57 279 303
42 202 488
89 129 383
69 181 377
22 162 430
7 9 13
15 226 416
305 330 389
8 106 413
260 354 498
262 357 450
121 257 345
204 308 393
53 419 451
29 269 352
20 27 242
216 250 401
7 13 403
63 289 371
63 200 289
117 327 415
45 368 486
17 109 384
17 109 294
29 194 269
15 38 226
122 136 426
87 468 496
27 99 269
26 41 114
39 97 172
51 205 255
16 144 499
96 122 353
275 348 410
231 250 395
1 95 162
119 164 444
150 201 385
70 77 159
175 240 449
28 470 471
1 90 95
54 123 378
25 433 469
23 58 390
44 298 402
331 456 491
107 187 266
16 288 343
280 370 393
69 142 181
25 98 467
108 396 489
54 378 437
168 331 366
28 332 470
2 192 446
5 96 122
11 13 214
273 373 479
116 434 436
73 297 299
47 233 282
36 265 429
5 308 368
5 84 149
48 135 429
4 160 320
18 140 470
7 9 197
46 283 417
29 232 398
153 272 394
192 366 427
108 323 396
202 298 402
78 400 445
206 207 421
2 287 427
56 119 170
18 412 483
48 107 180
18 196 483
90 97 223
40 244 291
107 187 457
65 175 449
1 70 162
54 151 437
263 306 371
5 149 308
263 306 334
112 269 315
70 172 480
274 344 487
18 332 470
125 287 389
27 133 352
146 181 335
4 301 342
99 247 269
71 78 368
33 329 431
194 232 398
81 209 454
4 261 320
43 199 372
25 79 126
9 197 458
23 58 234
23 131 234
273 297 299
108 371 489
44 111 402
66 373 454
23 390 475
59 262 357
75 197 217
355 427 451
128 388 493
57 279 356
24 55 198
24 191 198
29 232 249
24 55 367
74 223 405
89 145 344
61 413 424
26 114 270
25 347 433
147 293 383
142 181 335
432 483 492
172 203 300
2 192 427
27 269 352
19 133 360
4 290 301
290 339 466
31 60 174
205 246 375
72 132 144
4 160 342
62 145 344
253 369 397
132 158 165
10 268 457
261 312 322
60 82 152
90 241 430
117 415 450
274 340 344
83 183 217
83 183 424
84 149 258
112 194 215
162 171 311
56 263 334
21 273 299
114 236 239
45 122 368
177 209 454
89 103 129
89 231 250
89 250 293
75 380 465
50 137 421
476 492 497
95 162 430
65 392 449
1 90 97
42 101 202
90 95 430
90 241 452
91 100 235
152 432 497
253 397 408
91 267 292
291 434 456
6 221 239
112 315 391
76 231 493
93 201 347
176 355 427
161 218 347
75 217 362
143 224 381
31 174 235
61 285 413
14 349 408
114 236 270
93 150 442
146 203 335
104 358 480
76 128 493
104 245 480
105 136 486
184 200 323
106 413 424
111 169 447
108 184 323
63 108 184
139 252 481
118 144 422
109 384 478
8 367 413
111 169 314
94 111 402
112 194 269
27 113 133
19 113 133
64 113 377
118 288 316
6 114 481
41 114 481
115 236 462
115 481 495
116 244 434
152 187 229
57 179 356
26 115 236
202 298 488
105 302 461
117 264 282
246 381 453
118 288 499
265 313 416
239 296 494
37 132 262
5 122 368
124 130 284
124 130 178
91 100 292
100 292 483
127 193 311
127 309 311
128 216 286
26 236 270
3 128 286
333 338 367
177 323 443
129 406 440
208 304 328
161 442 470
16 132 262
197 458 465
135 182 429
136 228 426
136 228 302
166 255 353
49 257 435
139 280 370
139 207 481
140 404 470
89 103 145
143 224 461
11 214 354
145 236 462
147 173 293
282 330 389
150 225 385
150 359 442
301 481 495
68 164 233
151 357 450
151 415 450
152 187 364
152 229 497
185 226 489
157 195 455
19 360 377
356 418 425
207 370 421
174 235 350
161 470 471
14 163 349
119 164 233
78 308 445
165 298 488
71 165 488
166 240 449
168 366 485
39 172 300
180 266 429
137 175 240
208 328 333
176 355 485
177 209 273
177 200 323
71 238 488
130 178 269
185 226 416
185 396 489
123 191 378
128 216 388
40 56 334
102 211 348
44 314 357
35 476 492
436 446 491
194 215 232
131 195 251
195 251 406
7 197 217
75 197 465
18 140 412
12 309 376
203 300 335
67 306 334
204 370 393
16 288 499
204 370 421
65 206 421
208 272 333
137 295 421
24 30 367
