308 312 320
161 438 471
61 214 403
284 338 391
349 397 472
327 415 450
139 207 421
0 84 258
119 170 330
294 384 478
17 69 384
17 69 142
57 303 448
15 265 411
11 13 354
336 441 484
54 123 198
58 390 463
33 274 464
163 260 441
26 115 462
139 280 421
65 175 392
339 462 466
201 347 385
100 432 492
237 382 482
86 382 412
225 237 382
220 351 467
60 152 364
229 476 497
188 299 307
63 108 371
44 94 402
107 135 180
73 226 416
56 444 489
63 200 371
81 209 373
442 470 471
28 66 373
28 81 454
289 438 454
102 259 283
244 291 420
125 365 437
310 379 468
39 203 300
97 159 172
22 317 376
259 283 417
69 142 335
17 294 384
99 210 242
172 243 490
127 309 358
69 213 360
69 213 384
287 437 473
109 451 478
32 116 436
39 223 405
87 222 420
214 285 447
53 254 378
125 264 327
8 156 413
230 304 318
124 178 247
195 234 303
57 179 318
346 414 455
23 439 440
58 390 475
83 106 424
55 367 407
8 106 424
147 271 383
369 397 472
75 128 189
135 182 422
45 136 486
42 101 488
14 34 349
48 107 135
98 350 467
206 207 481
322 336 345
26 270 462
186 329 477
161 201 347
93 218 442
404 442 470
161 218 442
93 359 442
28 438 454
332 404 470
93 150 359
359 404 442
267 382 412
86 140 359
86 150 359
86 140 412
267 292 412
100 483 492
100 235 292
220 351 469
201 225 385
212 433 482
225 237 385
237 385 482
79 268 375
205 268 375
126 281 363
281 363 428
268 363 428
138 278 426
48 224 461
31 174 350
100 235 432
432 492 497
187 229 476
36 182 429
180 313 429
180 266 313
187 364 457
107 180 266
143 381 461
88 105 361
48 107 224
36 313 429
36 182 422
92 144 422
36 144 422
92 135 422
125 282 389
15 36 144
15 68 164
15 38 164
15 36 265
73 148 307
297 323 489
222 306 334
177 273 443
81 273 454
73 185 226
226 444 489
73 148 416
73 185 396
35 188 492
196 299 483
28 66 332
161 442 471
332 470 471
28 81 373
81 209 273
184 323 443
21 273 479
209 273 479
177 273 454
184 200 443
63 184 200
67 222 306
67 289 468
67 289 306
40 244 420
306 334 371
32 116 244
56 263 489
40 56 263
87 291 372
87 291 420
199 434 456
74 283 417
275 331 452
1 77 95
434 436 491
434 456 491
310 468 496
43 310 496
241 321 430
241 321 452
39 97 223
95 241 430
74 399 410
167 321 379
22 95 430
162 171 193
70 104 245
171 193 311
104 127 358
159 172 480
77 159 480
77 97 159
39 300 417
1 95 241
1 77 97
1 90 241
90 223 405
90 399 405
74 211 283
69 181 360
384 451 478
102 211 283
172 203 243
146 203 243
69 146 335
27 99 352
20 358 490
179 210 356
20 113 242
29 194 398
19 27 352
19 133 352
181 360 377
19 133 377
133 360 377
29 194 352
29 249 398
120 249 398
29 249 419
53 451 473
109 294 478
102 355 485
355 485 491
168 485 491
355 366 491
366 436 491
176 355 366
192 366 446
119 233 330
47 233 330
16 117 343
288 343 499
288 316 343
16 117 450
316 325 343
117 327 450
94 111 337
117 282 325
117 325 343
59 262 450
16 37 262
16 262 450
44 94 111
111 214 337
94 202 337
227 319 326
44 111 314
169 314 447
123 191 198
169 314 357
169 198 357
61 214 285
24 55 191
54 85 378
24 191 219
123 191 219
264 327 415
125 264 365
215 232 398
30 112 338
30 333 338
194 215 398
99 269 352
112 338 391
194 269 352
130 178 391
30 112 194
99 178 247
124 179 247
210 356 418
210 418 474
124 179 318
124 284 341
124 304 318
208 328 341
208 272 390
124 304 341
30 333 367
208 272 328
8 413 424
23 271 439
58 448 463
57 448 463
106 134 475
179 303 356
157 248 474
57 179 303
279 303 425
279 303 356
131 195 234
234 303 448
195 303 425
131 251 414
131 251 440
103 406 414
251 406 414
103 129 406
173 250 395
274 277 344
89 231 293
3 128 362
76 189 487
9 75 197
183 217 424
183 413 424
83 217 424
7 61 403
7 183 217
83 256 401
83 217 256
3 362 409
7 61 183
7 197 403
9 75 465
75 189 465
227 319 465
75 128 362
3 286 401
344 464 487
110 253 369
274 344 464
274 277 340
186 277 386
186 277 340
186 386 477
329 460 477
186 329 340
257 349 472
14 349 397
49 290 466
322 336 445
261 312 320
121 322 345
14 397 408
110 155 253
110 155 380
319 326 458
141 202 498
202 337 498
141 441 484
163 336 441
101 202 484
42 101 445
141 202 484
94 202 402
37 59 262
37 165 298
37 298 402
92 132 144
16 37 132
72 92 132
16 132 144
72 88 158
48 105 461
48 105 361
78 308 368
71 158 486
149 204 374
238 400 488
42 238 488
42 238 445
121 322 423
149 204 308
204 370 374
0 50 374
0 353 459
149 258 374
5 84 368
5 84 96
122 228 426
105 228 302
278 324 426
138 228 426
52 205 246
122 324 426
205 255 375
96 353 387
52 205 255
52 246 278
52 166 255
25 51 276
175 392 449
137 175 295
51 276 449
0 258 374
370 374 421
50 374 421
137 175 449
0 50 137
65 206 207
276 392 449
207 252 481
26 41 115
139 207 252
160 280 393
139 252 280
252 301 342
4 290 342
290 301 342
115 339 495
301 339 495
252 301 495
115 339 462
236 270 462
26 41 270
62 462 494
62 386 462
6 114 239
236 239 296
145 296 494
62 145 494
172 480 490
358 480 490
33 464 472
462 466 477
319 458 465
266 457 476
187 457 476
336 445 484
101 445 484
82 428 453
251 406 440
399 405 417
189 380 487
43 372 496
87 372 468
263 371 489
369 464 487
78 368 400
176 366 427
264 365 415
151 365 415
279 356 474
13 354 403
133 352 419
281 350 428
347 385 482
214 337 354
28 332 438
140 332 359
272 328 367
78 322 400
57 318 463
399 410 452
171 311 317
43 310 452
310 379 452
386 462 477
298 400 488
296 462 494
102 294 355
109 294 355
49 290 423
290 301 339
177 289 443
289 379 468
289 379 438
200 289 371
289 306 371
287 451 473
287 427 451
190 287 389
190 287 305
156 285 413
328 333 341
129 383 406
143 278 381
33 274 431
337 354 498
274 329 340
273 297 323
272 390 475
153 272 367
271 406 439
282 305 325
112 269 391
80 267 482
265 411 416
230 318 463
261 322 423
259 300 417
121 257 423
51 255 449
240 255 449
232 254 398
120 254 384
253 326 458
253 408 458
157 248 425
181 243 377
210 242 474
166 240 387
240 353 459
372 468 496
166 240 255
238 322 445
131 234 440
230 304 341
208 230 341
284 338 341
347 433 482
292 412 483
10 224 381
232 254 378
67 222 468
6 221 481
206 221 481
65 221 392
221 276 392
221 276 296
221 239 296
216 250 395
83 216 250
216 231 388
216 231 395
214 314 447
111 214 314
213 249 419
211 275 348
80 212 482
80 91 467
273 323 443
79 268 363
79 126 363
79 255 375
47 154 325
226 411 416
76 216 286
76 128 189
168 348 491
328 333 367
75 362 409
267 382 482
119 154 233
25 220 467
25 220 469
31 152 229
208 230 463
69 146 243
369 464 472
65 206 221
63 184 489
148 265 416
63 108 489
47 305 330
21 299 373
15 68 118
10 60 457
70 245 480
266 313 476
31 60 152
78 312 322
37 72 165
61 183 413
160 308 393
60 364 457
2 192 287
71 72 158
58 134 475
41 115 481
351 433 469
102 168 485
54 151 365
105 136 302
53 437 473
53 378 437
25 98 126
54 85 219
49 460 477
49 435 460
39 405 417
56 68 170
48 92 361
83 286 401
47 305 325
84 96 353
38 226 444
195 248 346
45 136 228
45 122 228
83 106 250
190 282 389
78 308 312
58 234 448
84 149 308
122 324 387
128 286 493
156 169 447
40 222 420
40 222 334
31 235 497
272 394 475
71 368 486
321 379 452
23 58 134
105 138 228
85 194 215
12 309 311
333 338 341
37 44 59
36 148 313
40 56 170
12 311 317
12 309 379
73 299 307
27 64 377
153 367 407
68 119 170
73 297 396
48 92 135
49 466 477
49 257 423
74 211 275
4 261 423
150 161 201
178 269 315
3 256 401
14 34 345
34 257 349
332 359 404
56 68 164
157 279 474
53 384 451
37 44 402
32 40 244
29 352 419
167 317 376
130 315 391
46 142 300
14 163 458
46 259 300
32 170 330
22 162 171
15 118 499
11 141 441
24 194 219
11 260 441
18 196 412
195 248 425
204 308 393
332 438 471
13 197 403
80 212 467
2 32 305
45 368 486
11 163 260
11 163 458
8 106 394
15 38 226
11 13 458
297 396 489
39 97 172
35 148 307
9 13 197
16 144 499
115 252 495
54 123 219
14 408 458
15 226 411
4 290 423
5 45 368
74 410 452
173 231 293
20 113 490
106 134 250
54 151 198
76 89 388
3 256 409
32 305 330
116 244 291
280 370 393
110 380 487
25 98 467
23 250 271
166 278 324
54 378 437
38 56 164
76 286 493
98 281 350
2 192 446
68 118 154
5 96 122
0 137 449
76 216 388
73 297 299
85 194 219
31 229 497
240 353 387
69 181 243
2 32 446
4 160 320
160 252 280
11 141 498
212 433 467
33 257 472
153 272 394
192 366 427
207 295 421
15 144 499
66 140 332
109 427 451
23 134 250
80 91 292
20 242 474
18 196 373
74 275 452
31 235 350
19 27 377
199 291 372
90 97 223
157 279 425
166 324 387
35 313 476
68 119 154
11 354 498
10 224 266
22 70 162
22 77 95
125 287 389
199 348 456
7 217 256
246 278 381
22 171 317
22 321 430
33 329 431
88 105 136
22 321 376
0 240 459
40 334 371
2 287 305
4 261 320
43 199 372
25 79 126
106 394 475
23 58 234
32 40 170
23 234 440
273 297 299
131 195 455
108 371 489
190 282 305
142 203 335
21 209 373
36 148 265
24 30 194
44 357 450
10 266 457
71 368 400
24 55 367
0 240 449
5 45 122
25 79 255
89 145 344
25 51 255
39 172 203
195 346 455
25 347 469
80 267 292
107 224 266
27 64 113
40 263 371
290 339 466
62 277 344
18 66 373
31 60 174
21 209 479
4 160 342
105 143 461
214 354 403
62 145 344
253 369 397
142 203 300
153 156 394
189 227 465
33 329 460
70 104 162
33 435 460
261 312 322
10 60 82
199 275 348
43 199 331
47 154 233
155 227 380
115 252 481
104 162 193
10 82 381
91 235 292
82 381 453
83 216 286
84 149 258
35 188 307
84 308 368
85 232 378
85 215 232
135 180 429
53 254 384
88 92 361
72 88 92
21 273 299
64 377 490
88 136 158
114 236 239
89 129 293
89 103 129
89 231 388
89 344 487
76 89 487
32 366 446
50 137 421
476 492 497
1 90 97
90 399 452
90 241 452
96 122 387
253 397 408
91 235 350
91 350 467
6 221 239
9 13 458
176 355 427
37 72 132
7 256 409
61 285 413
98 126 281
27 99 113
280 370 421
62 277 386
99 113 242
99 179 210
99 179 247
274 329 431
101 298 488
101 298 402
101 202 402
102 142 259
102 142 294
32 366 436
102 168 348
114 236 270
146 203 335
104 358 480
76 128 493
104 245 480
167 321 376
44 59 450
14 336 345
105 138 143
133 213 360
199 291 434
160 252 342
109 355 427
54 365 437
112 194 269
41 114 270
60 82 174
118 288 316
6 114 481
41 114 481
65 175 207
116 291 436
152 187 229
117 125 327
117 125 282
356 418 474
246 381 453
169 191 407
118 288 499
118 154 325
118 316 325
46 142 259
120 213 249
120 213 384
124 284 391
124 178 391
100 292 483
38 56 444
43 331 452
127 193 311
127 309 311
192 287 427
3 128 286
243 377 490
129 147 173
74 399 417
129 147 383
129 173 293
131 414 455
18 66 140
16 343 499
34 121 257
22 70 77
70 77 480
110 369 487
235 432 497
133 213 419
189 227 380
201 225 382
135 182 429
136 158 486
136 228 302
49 257 435
169 191 198
238 322 400
17 142 294
200 289 443
89 103 145
138 143 278
224 381 461
155 227 326
150 161 218
175 207 295
33 257 435
35 148 313
348 456 491
151 198 357
151 357 450
151 415 450
152 187 364
99 178 269
55 191 407
185 226 489
153 156 407
155 253 326
269 315 391
8 156 394
156 285 447
271 383 406
9 458 465
160 308 320
173 231 395
93 150 218
165 298 400
291 434 436
14 163 336
71 165 400
147 173 271
64 113 490
196 299 373
52 166 278
86 150 382
12 167 317
173 250 271
156 169 407
177 289 454
130 178 315
104 127 193
351 433 467
0 84 353
82 174 350
184 323 489
185 396 489
87 222 468
34 121 345
188 483 492
188 299 483
102 211 348
44 314 357
35 476 492
125 287 437
196 412 483
120 254 398
7 197 409
406 439 440
18 140 412
199 275 331
12 167 379
150 201 382
236 296 462
204 370 393
268 428 453
75 197 409
205 268 453
205 246 453
71 72 165
82 350 428
347 433 469
137 295 421
208 390 463
24 30 367
