379 438 468
161 438 471
289 438 468
147 250 271
284 338 391
349 397 472
327 415 450
0 84 258
312 322 423
119 170 330
187 266 476
17 69 384
57 303 448
151 264 365
336 441 484
54 123 198
141 354 498
206 221 276
26 115 462
41 252 481
6 276 296
160 320 393
201 347 385
126 281 350
237 382 482
86 382 412
225 237 382
220 351 467
98 220 467
60 152 364
10 224 457
229 476 497
188 299 307
71 165 298
125 389 437
107 135 180
176 192 427
56 444 489
273 297 443
185 226 396
28 66 373
297 307 396
289 438 454
102 259 283
244 291 420
125 365 437
199 372 452
310 379 468
167 309 379
12 167 309
199 331 452
69 142 335
127 309 358
69 213 360
69 213 384
287 437 473
109 451 478
190 389 437
39 223 405
168 211 485
87 222 420
68 119 164
288 316 499
357 415 450
125 264 327
190 287 437
151 365 437
230 304 318
124 178 247
99 130 269
195 234 303
57 179 318
271 383 439
346 414 455
147 173 250
23 439 440
23 134 475
390 394 475
83 106 424
8 106 424
147 271 383
369 397 472
231 388 395
75 128 189
14 163 408
44 59 314
88 105 158
101 336 484
42 101 488
14 34 349
149 258 368
204 308 370
138 143 246
48 107 135
98 350 467
206 207 481
460 466 477
236 239 270
41 114 239
212 382 482
161 201 347
93 201 218
93 218 442
161 201 218
404 442 470
161 218 442
18 140 332
93 359 442
93 150 359
359 404 442
267 382 412
86 140 359
86 150 359
86 140 412
267 292 412
100 412 483
100 292 412
80 91 212
80 267 382
91 212 467
80 212 382
220 351 469
212 433 482
237 385 482
385 433 482
25 98 220
98 126 350
79 268 375
50 137 295
25 51 79
126 281 363
281 363 428
268 363 428
246 268 453
72 88 361
143 246 453
143 381 453
107 224 457
10 82 457
31 174 350
60 174 350
100 235 432
432 492 497
187 229 476
180 313 429
10 224 461
107 266 457
180 266 313
187 266 457
107 180 266
135 180 182
180 182 429
36 182 422
92 144 422
36 144 422
15 118 154
125 282 389
15 68 164
38 164 444
108 323 489
63 108 323
63 184 323
21 196 299
73 307 396
226 444 489
73 185 396
35 188 492
297 323 443
196 299 483
297 299 307
21 297 299
21 373 479
21 273 297
28 66 332
18 66 332
18 140 196
28 438 471
184 323 443
21 273 479
209 273 479
209 373 479
200 289 454
67 289 468
67 289 306
40 244 420
306 334 371
108 263 489
108 263 371
40 56 244
87 291 372
168 275 348
87 291 420
74 211 348
291 372 434
74 283 417
43 310 379
275 331 456
199 331 456
434 436 491
43 372 452
310 468 496
43 310 496
241 321 452
39 97 223
74 399 410
22 376 430
167 321 379
12 167 376
22 95 430
127 162 193
70 127 162
70 104 127
104 127 358
159 172 480
39 300 417
90 223 405
90 399 405
74 211 283
168 211 348
69 181 360
384 451 478
46 142 417
102 211 283
142 335 417
172 203 243
300 335 417
146 203 243
99 210 247
213 384 451
69 146 335
133 360 419
20 358 490
19 27 352
19 133 352
181 360 377
213 360 419
53 120 254
53 451 473
53 120 249
85 123 219
24 30 55
68 119 233
192 427 446
102 211 485
168 485 491
366 436 491
176 355 366
2 32 170
119 164 170
118 154 316
119 233 330
118 316 499
47 154 316
16 117 343
15 68 154
282 305 330
47 316 325
288 316 343
16 117 450
117 327 450
94 111 337
59 262 450
16 262 450
71 298 488
111 214 337
13 214 403
227 319 326
169 314 447
123 191 198
7 197 362
8 106 475
208 230 390
24 55 191
54 85 123
54 85 378
24 191 219
123 191 219
264 327 415
125 282 327
151 264 415
125 264 365
85 215 378
30 112 338
24 30 219
120 232 254
215 232 254
194 269 315
99 269 352
112 338 391
130 269 315
194 269 352
99 130 178
112 130 315
112 194 315
99 178 247
210 356 418
210 418 474
124 284 341
124 304 318
208 328 341
230 390 463
124 304 341
208 272 328
8 413 424
23 271 439
83 106 134
57 448 463
8 394 475
106 134 475
157 248 474
279 418 474
131 195 234
234 303 448
195 303 425
195 425 455
248 346 455
131 251 440
103 406 414
251 406 414
103 129 406
173 293 383
147 173 383
89 231 293
3 128 362
76 189 487
217 256 409
9 75 197
216 388 395
83 134 250
183 413 424
256 401 409
7 183 217
83 256 401
83 217 256
7 217 409
9 319 465
9 75 465
75 197 362
227 253 380
75 189 465
155 253 380
75 128 362
3 286 401
3 401 409
128 189 493
189 380 465
76 189 493
344 464 487
110 253 369
110 189 487
274 344 464
33 431 435
186 277 386
277 344 386
186 277 340
386 466 477
145 344 386
186 386 477
329 431 435
257 349 472
14 349 397
121 322 345
49 121 423
14 397 408
110 155 253
326 408 458
11 260 458
141 441 484
141 260 441
71 400 486
42 101 445
141 202 484
94 202 402
37 165 298
37 298 402
92 132 144
16 37 132
72 92 132
71 158 165
48 135 361
308 312 322
78 368 486
71 158 486
78 400 486
101 336 445
42 238 445
121 322 423
78 308 322
308 370 393
0 50 374
84 258 368
0 353 459
5 84 368
0 96 353
5 84 96
122 228 426
105 228 302
278 324 426
138 228 426
52 205 246
122 324 426
52 278 324
50 295 421
52 205 255
52 324 387
52 246 278
51 79 375
25 51 276
175 392 449
137 175 295
51 240 449
51 276 449
0 84 96
65 276 392
276 392 449
6 221 276
207 252 481
139 207 252
160 280 393
160 280 342
252 301 342
4 261 342
4 290 342
290 301 342
6 41 481
41 239 270
115 339 462
62 145 386
62 386 462
6 41 114
6 114 239
6 239 296
145 296 494
62 145 494
202 484 488
101 484 488
464 472 487
369 472 487
351 467 469
433 467 469
100 432 483
82 428 453
251 406 440
214 403 447
249 398 419
383 406 439
43 379 452
43 372 496
87 372 496
372 456 491
199 372 456
355 366 485
82 364 428
133 352 419
194 352 398
281 350 428
74 348 410
347 385 433
336 345 445
322 345 445
277 340 344
339 386 462
339 386 466
30 338 367
214 337 354
140 332 359
331 410 452
272 328 367
117 325 327
282 325 327
297 323 396
226 323 396
78 322 400
312 320 423
227 319 380
319 380 465
57 318 463
59 314 450
399 410 452
171 311 317
12 309 317
309 311 317
149 308 374
148 307 416
73 307 416
287 305 427
2 305 427
303 356 418
290 301 495
49 290 460
49 290 423
290 339 495
289 306 371
287 451 473
287 427 451
190 287 305
156 285 413
328 333 341
129 383 406
168 275 491
274 464 472
33 274 431
337 354 498
274 340 431
153 272 367
265 411 416
59 262 402
230 318 463
4 261 290
11 260 354
141 260 354
260 336 441
52 255 387
251 414 455
83 250 286
213 249 451
53 249 451
275 331 410
157 248 425
179 247 356
210 247 356
124 247 318
179 247 318
138 246 426
246 268 375
172 243 480
181 243 377
243 358 490
243 358 480
210 242 474
166 240 387
240 353 459
166 240 255
236 239 494
238 322 445
47 233 325
233 282 330
232 249 398
231 388 493
173 231 250
230 304 341
208 230 341
284 338 341
227 326 408
227 253 408
226 411 444
226 323 489
67 222 468
6 221 481
206 221 481
120 232 249
216 286 493
216 388 493
216 250 395
214 314 447
111 214 314
213 249 419
27 210 352
99 210 352
160 261 320
81 177 443
81 438 454
109 355 451
49 257 349
79 268 363
79 126 363
60 350 428
46 69 142
78 149 308
53 215 378
226 411 416
328 333 367
156 367 413
44 59 94
72 182 422
72 135 361
324 353 387
2 32 116
25 220 469
31 152 229
69 146 243
148 265 416
131 251 455
63 177 443
89 293 383
71 238 400
62 236 494
61 285 447
266 313 476
31 60 152
37 72 165
61 183 413
81 209 443
23 131 440
73 185 416
32 56 116
55 156 407
51 205 375
93 225 237
72 92 422
53 437 473
55 156 191
20 27 113
53 378 437
25 98 126
89 231 493
77 97 245
0 50 459
50 137 459
50 204 421
207 280 393
50 204 374
49 435 460
204 308 374
48 228 461
48 88 105
83 286 401
46 259 283
246 278 426
45 136 228
45 122 228
17 69 259
190 282 389
16 262 402
58 234 448
390 448 463
42 71 488
42 71 238
128 286 493
41 339 495
41 301 495
156 169 447
105 158 302
40 222 420
40 222 334
39 399 405
10 143 381
169 198 314
321 379 452
122 324 353
333 338 341
186 460 477
36 118 499
15 36 411
36 148 313
15 36 118
17 294 478
67 222 334
198 314 357
30 85 219
29 352 398
61 403 447
261 290 423
136 368 486
132 144 288
162 193 311
89 129 383
31 432 497
14 34 345
38 411 444
88 158 165
29 398 419
332 359 404
138 143 228
7 9 13
157 279 474
17 102 294
29 352 419
14 163 345
12 22 376
65 207 276
186 329 431
53 215 254
39 399 417
9 326 458
22 162 171
175 295 392
16 37 402
8 153 367
366 485 491
20 27 242
7 13 403
63 184 443
116 366 436
36 144 499
63 200 289
308 312 393
46 69 259
70 77 104
56 164 170
144 288 499
12 22 317
11 13 458
216 250 286
87 468 496
63 108 289
35 148 307
51 205 255
96 122 353
275 348 410
0 149 258
231 250 395
40 56 489
28 81 209
28 81 438
18 21 196
156 367 407
1 95 97
51 240 255
173 231 293
175 240 449
28 470 471
1 90 95
81 200 454
20 113 490
25 433 469
54 151 198
23 58 390
93 237 385
78 149 368
116 244 291
8 153 394
23 250 271
72 88 165
17 384 478
31 235 432
54 378 437
275 456 491
0 149 374
5 96 122
108 289 371
209 273 443
11 13 214
107 224 461
116 434 436
31 229 497
240 353 387
69 181 243
143 228 461
7 9 197
176 366 446
49 121 349
26 236 462
72 135 182
212 433 467
109 355 485
46 283 417
36 265 411
33 257 472
207 295 421
112 130 178
9 319 326
202 298 402
23 134 250
56 164 444
157 303 425
10 143 461
312 320 393
80 91 292
20 242 474
31 235 350
19 27 377
3 7 409
60 364 428
90 97 223
30 367 407
54 151 437
30 85 112
35 313 476
159 203 300
22 70 162
22 77 95
62 236 462
22 171 317
194 232 398
40 334 371
116 291 434
25 79 126
34 121 349
56 116 244
112 124 391
23 58 234
23 131 234
65 207 295
131 195 455
2 427 446
190 282 305
23 390 475
110 155 189
355 427 451
36 148 265
40 263 489
166 255 387
89 145 344
198 357 415
65 295 392
80 267 292
25 347 433
432 483 492
41 115 339
40 263 371
27 210 242
19 133 360
28 209 373
94 141 337
290 339 466
18 66 373
31 60 174
205 246 375
28 404 470
81 177 200
32 56 170
68 154 233
253 369 397
112 124 178
27 113 377
47 154 233
82 187 364
82 187 457
10 82 381
3 7 362
274 340 344
82 381 453
83 183 217
83 183 424
35 188 307
112 194 215
85 112 215
150 225 382
162 171 311
57 303 356
63 177 200
64 377 490
45 122 368
89 103 129
207 370 393
89 344 487
76 89 487
33 274 472
76 89 493
90 95 241
476 492 497
1 90 97
26 115 270
90 399 452
90 241 452
91 100 235
163 260 345
253 397 408
186 340 431
91 235 350
91 350 467
48 105 228
93 150 225
102 294 478
9 13 458
93 201 385
94 141 202
44 94 314
176 355 427
94 111 314
233 282 325
95 241 321
95 321 430
37 72 132
2 170 305
61 285 413
97 159 245
39 97 300
163 408 458
38 164 411
159 172 203
261 320 423
102 109 478
146 203 335
104 358 480
104 245 480
167 321 376
206 207 276
48 107 461
48 88 361
41 252 301
8 367 413
208 390 394
102 109 485
28 332 404
64 113 377
116 366 446
2 116 446
152 187 229
57 179 356
202 298 488
117 316 343
117 316 325
16 132 343
176 192 446
140 196 412
239 296 494
5 122 368
260 336 345
124 284 391
91 100 292
127 193 311
127 309 311
279 303 418
26 236 270
3 128 286
333 338 367
243 377 490
74 399 417
41 115 270
18 21 373
22 70 77
161 442 470
132 288 343
186 435 460
110 369 487
136 158 302
136 158 486
136 228 302
45 136 368
49 257 435
139 280 342
169 191 198
139 252 342
238 322 400
141 337 498
89 103 145
59 94 402
11 214 354
33 257 435
35 148 313
139 207 280
152 187 364
153 208 272
153 208 394
155 189 380
151 198 415
156 169 191
156 285 447
157 279 303
19 360 377
159 245 480
314 357 450
77 95 97
97 159 300
248 425 455
160 261 342
207 370 421
161 470 471
163 260 458
15 164 411
290 460 466
30 55 407
64 113 490
86 150 382
170 305 330
175 240 459
137 175 459
58 390 448
182 313 429
36 182 313
61 183 403
185 226 416
87 222 468
77 104 245
34 121 345
186 329 435
188 483 492
188 299 483
35 476 492
194 215 232
196 412 483
406 439 440
203 300 335
7 183 403
67 306 334
204 370 421
268 428 453
17 102 259
372 434 491
321 376 430
