226 304 336
66 175 312
249 275 317
161 287 328
41 47 229
38 110 228
48 79 290
13 60 332
18 111 229
73 160 341
39 247 345
58 180 283
105 131 169
87 303 329
76 78 81
65 243 287
108 172 308
57 182 287
91 180 283
222 301 336
22 182 243
6 222 336
182 243 287
222 280 294
88 221 245
142 297 317
67 69 157
67 145 157
174 284 342
30 94 164
3 146 213
111 229 256
94 164 342
15 229 233
124 168 252
21 41 47
38 110 344
110 265 306
6 222 293
136 152 302
6 90 293
152 257 302
5 34 333
149 253 259
46 230 244
20 80 93
14 184 191
183 241 310
96 144 183
96 144 237
63 64 199
54 131 137
130 165 346
149 241 273
185 209 324
64 199 289
17 159 205
39 63 345
53 199 278
91 180 257
53 202 283
156 175 312
10 242 313
85 104 193
197 242 285
28 197 242
10 78 81
135 163 194
13 170 332
188 287 332
65 108 217
287 328 332
117 186 242
186 238 347
29 117 186
50 179 210
29 117 276
35 77 276
66 106 303
25 132 162
25 77 162
56 266 308
50 179 204
50 56 210
162 177 224
177 179 204
56 323 337
56 210 323
57 182 327
221 223 245
226 301 336
156 167 175
121 156 167
222 280 301
235 304 336
167 235 304
90 118 269
192 249 294
192 280 294
12 88 221
221 223 280
192 249 297
142 192 297
249 297 317
275 279 317
182 245 327
153 320 330
72 153 330
71 190 275
135 163 320
135 194 313
194 313 340
86 281 313
313 340 343
190 275 279
200 249 275
71 311 343
281 313 343
109 171 200
9 171 200
9 218 240
32 222 294
4 112 293
69 157 215
44 227 236
110 228 265
118 195 265
11 52 103
109 200 311
86 242 313
68 97 314
24 70 94
24 86 314
52 59 103
30 70 94
43 255 338
43 59 255
133 150 338
38 195 228
38 195 227
116 133 203
48 146 213
48 116 213
116 203 212
133 150 203
260 284 342
111 256 319
18 36 47
41 155 229
18 47 229
79 155 290
15 155 229
33 236 252
44 168 252
3 33 146
3 19 213
3 33 236
44 236 252
44 195 227
195 228 265
5 114 152
5 114 269
8 234 270
5 269 333
5 34 152
8 80 270
127 136 270
127 136 206
125 183 310
96 183 241
241 309 310
1 166 341
73 220 298
176 230 298
20 233 282
8 75 263
216 230 244
127 234 270
216 282 315
95 244 288
95 229 233
75 176 216
46 244 246
95 216 244
74 260 319
49 246 305
176 216 230
144 176 349
1 264 348
144 176 298
144 220 298
89 258 292
89 99 292
101 296 316
62 101 291
7 147 151
31 89 151
147 151 316
31 89 99
62 100 191
37 100 258
189 250 268
250 268 325
96 237 259
259 262 325
253 259 262
45 130 165
178 262 325
45 253 262
165 178 346
165 178 262
45 130 191
45 165 262
0 115 321
154 253 274
63 64 345
55 138 211
42 141 211
55 128 138
119 211 299
55 141 211
149 253 274
17 102 159
102 120 273
58 202 283
120 199 278
91 159 201
159 201 205
54 131 169
58 202 235
58 180 235
39 53 202
16 175 202
39 53 63
53 63 199
107 128 345
64 128 345
105 129 131
92 329 335
179 312 339
35 225 272
117 225 232
117 140 232
129 158 196
40 92 329
85 214 232
83 104 334
83 104 193
119 148 196
40 122 158
113 158 196
119 138 211
122 129 158
2 14 82
185 324 334
82 209 324
83 193 307
83 185 334
104 331 334
140 232 331
82 84 324
130 322 346
10 313 320
135 313 320
156 312 323
110 306 344
49 305 326
87 303 339
66 303 312
32 294 306
288 305 326
97 281 314
86 281 314
190 279 340
194 279 340
181 274 277
87 271 329
187 264 341
1 264 341
184 261 295
260 296 300
101 260 296
258 292 322
149 273 274
88 194 279
88 163 194
87 224 271
107 137 247
260 284 319
26 157 215
133 207 215
2 82 251
132 329 335
45 154 253
22 223 245
59 103 207
45 154 295
162 177 204
303 312 339
173 186 347
72 153 327
18 36 174
21 155 290
7 89 151
72 328 330
141 181 277
73 187 341
71 340 343
88 163 320
24 59 314
57 72 327
65 188 287
65 172 243
2 148 248
65 139 188
95 256 319
4 265 306
61 79 318
132 162 224
0 154 274
60 208 285
80 263 315
60 197 285
78 328 332
214 225 272
23 98 166
51 143 147
57 72 161
50 56 204
43 59 207
53 159 278
53 91 159
102 241 273
66 105 169
51 101 291
21 116 290
126 266 308
31 98 316
10 78 320
30 70 255
78 320 330
223 280 301
2 14 184
71 190 340
11 207 215
121 167 337
172 226 243
51 101 147
12 88 279
6 114 152
68 97 219
12 221 279
76 78 332
42 141 181
21 36 47
113 134 158
123 134 214
26 38 215
82 209 251
60 76 81
6 257 336
89 143 258
43 207 338
170 197 238
16 137 247
48 79 146
65 108 172
21 41 155
8 80 263
72 161 328
10 242 285
179 312 323
162 173 266
13 60 170
105 106 129
6 152 257
27 115 321
18 284 319
192 221 280
10 208 285
102 120 159
28 197 238
254 260 300
175 202 235
2 184 261
16 202 247
166 267 348
60 170 197
24 59 70
17 205 286
26 38 344
0 115 295
187 230 348
20 93 318
122 303 329
18 111 319
87 224 339
2 119 148
6 114 269
21 36 174
128 141 277
9 200 218
21 150 212
73 160 220
52 59 314
168 195 269
14 62 191
21 150 164
30 164 255
46 246 348
115 261 295
11 103 207
57 161 287
22 182 245
273 274 289
33 124 198
9 171 219
2 261 299
75 176 349
54 66 169
34 93 333
136 206 302
2 119 299
21 164 342
10 81 208
167 304 337
65 139 217
80 93 270
11 68 314
109 311 343
79 146 198
27 115 261
66 105 106
31 98 99
74 288 319
125 127 234
11 67 69
187 230 298
178 268 346
20 80 315
73 187 298
172 308 337
29 173 186
11 69 215
56 204 266
98 254 300
0 181 274
53 91 283
59 70 255
98 300 316
9 219 240
42 181 321
18 174 284
237 250 325
79 155 318
8 75 349
3 19 236
144 160 220
16 54 137
20 282 315
4 90 293
21 116 212
129 138 196
185 209 251
21 174 342
64 274 277
0 154 295
37 258 322
16 66 175
23 166 267
23 267 326
23 254 326
26 218 240
214 225 232
26 306 344
150 255 338
26 218 306
74 254 260
178 268 325
211 261 299
67 68 145
95 229 256
17 286 309
22 243 301
244 288 305
2 248 251
31 151 316
124 198 333
46 230 348
200 218 249
14 62 82
205 206 286
248 251 307
33 146 198
35 77 272
56 308 337
71 200 275
60 76 332
44 168 195
51 62 143
4 90 265
91 201 302
92 123 335
40 92 158
34 93 270
77 123 272
61 93 318
92 123 134
61 93 333
107 128 138
75 216 263
140 331 334
95 288 319
113 134 193
19 227 236
97 109 239
61 79 198
97 109 281
145 219 240
97 219 239
98 99 166
23 98 254
99 166 341
100 130 191
100 143 258
15 155 318
124 269 333
101 147 316
17 102 309
83 185 307
104 232 331
85 104 232
29 162 276
60 81 208
177 224 339
106 122 129
142 192 221
107 129 138
107 129 231
96 241 259
107 137 231
107 247 345
150 164 255
109 171 219
109 281 343
218 249 294
118 195 269
19 215 227
32 112 222
32 112 306
25 123 132
4 112 306
162 204 266
113 196 307
113 193 307
116 133 215
126 139 308
48 116 290
55 128 141
189 237 250
120 159 278
132 271 329
106 122 303
16 54 66
40 122 329
123 132 335
11 67 68
29 162 173
124 168 269
179 210 323
125 127 206
125 144 349
125 144 183
125 206 286
125 309 310
125 286 309
160 189 322
71 200 311
126 173 266
120 199 273
34 152 270
64 128 277
37 130 322
131 137 231
129 131 231
132 224 271
134 193 214
49 246 267
173 188 332
7 89 143
126 139 173
64 274 289
140 324 334
108 217 308
84 140 324
28 238 242
7 143 147
92 134 158
244 246 305
145 157 240
1 166 348
22 223 301
148 196 307
102 241 309
296 300 316
150 203 212
136 152 270
153 245 320
153 245 327
90 118 265
121 156 337
99 160 341
88 245 320
26 157 240
160 292 322
77 162 276
167 175 235
139 173 188
62 100 143
112 222 293
144 160 237
25 77 123
170 173 238
185 251 307
172 304 337
173 238 347
142 221 317
170 173 332
51 62 291
11 52 314
177 179 339
37 100 130
180 235 336
180 257 336
0 181 321
68 145 219
187 264 348
160 189 237
6 90 269
99 160 292
189 322 346
189 268 346
184 191 295
139 217 308
45 191 295
39 202 247
33 124 252
85 193 214
61 198 333
199 273 289
119 138 196
148 248 307
201 205 302
205 206 302
133 207 338
27 211 261
42 211 321
27 211 321
237 259 325
19 213 215
116 213 215
123 214 272
38 215 227
216 233 282
95 216 233
216 263 315
91 257 302
218 294 306
221 279 317
117 225 276
35 225 276
226 243 301
156 323 337
20 233 318
15 233 318
8 234 349
254 288 326
125 234 349
186 238 242
172 226 304
149 241 259
246 267 348
49 267 326
109 219 239
78 328 330
74 254 288
