129 131 137
14 82 191
66 175 312
249 275 317
65 108 243
161 287 328
102 120 278
12 88 163
48 79 290
13 60 332
137 231 247
87 303 329
224 271 339
28 197 285
57 72 287
153 320 327
28 170 238
35 117 225
65 243 287
76 328 330
108 172 308
91 180 283
222 301 336
108 126 139
6 222 336
163 245 320
109 239 281
142 297 317
67 69 157
69 103 207
67 145 157
174 284 342
3 146 213
94 164 342
150 164 203
124 168 252
21 41 47
6 222 293
6 90 293
5 34 333
17 205 206
144 220 237
46 230 246
23 98 300
288 305 319
254 267 326
14 184 191
1 166 267
1 187 264
96 144 183
181 277 289
96 144 237
63 64 199
149 241 273
206 286 309
91 180 257
167 202 235
156 175 312
148 248 251
28 186 238
14 261 299
14 184 261
209 248 251
10 242 313
85 104 193
28 197 242
81 208 285
60 328 332
60 76 328
10 78 81
72 161 330
135 163 194
13 170 332
65 108 217
161 328 330
108 139 217
56 172 308
35 117 276
28 186 242
117 186 242
29 186 347
29 173 347
29 117 186
29 117 276
35 77 276
25 77 162
56 266 308
177 179 224
50 56 210
173 266 308
56 323 337
126 173 308
108 126 308
108 172 243
56 210 323
226 301 336
172 226 337
56 172 337
156 210 323
222 280 301
167 235 304
90 118 269
22 280 301
4 32 112
12 88 221
221 223 280
192 249 297
142 192 297
249 297 317
275 279 317
182 223 245
153 320 330
72 161 287
71 190 275
135 163 320
135 194 313
194 313 340
86 281 313
190 194 340
9 200 249
200 249 275
71 311 343
110 218 240
71 275 311
145 171 219
9 171 200
200 275 311
26 240 344
69 157 215
110 240 344
44 227 236
67 68 97
145 219 239
86 242 313
86 97 281
24 52 70
52 59 70
24 70 94
24 52 314
24 86 314
30 70 94
69 207 215
19 38 227
19 38 215
48 146 213
19 116 213
48 79 198
48 116 213
133 150 203
260 284 342
36 174 284
111 256 319
21 48 290
79 155 290
79 198 318
15 20 318
61 198 318
44 168 252
48 146 198
3 33 146
3 19 213
44 236 252
44 195 227
195 228 265
8 234 270
180 235 257
235 257 336
136 205 206
125 234 286
127 234 286
8 80 270
136 201 302
127 136 270
127 136 206
127 206 286
17 206 309
125 286 310
286 309 310
96 183 241
230 298 348
73 220 298
176 230 298
8 176 349
20 233 282
8 75 263
127 234 270
95 229 233
75 263 315
15 20 233
49 74 326
74 260 319
49 246 305
1 267 348
23 254 267
230 267 348
8 75 176
144 176 349
1 264 348
144 176 298
144 220 298
89 258 292
99 166 292
89 99 292
23 254 300
98 151 316
62 82 191
101 296 316
62 101 291
7 147 151
147 151 316
31 89 99
250 259 325
62 100 191
37 100 191
160 189 250
37 130 191
166 292 341
189 250 268
259 262 325
130 268 346
178 262 325
45 253 262
165 178 262
45 165 262
0 154 181
154 253 295
0 115 321
154 253 274
45 253 295
115 154 295
0 115 154
0 181 277
0 141 277
129 138 231
27 42 321
27 42 211
149 253 274
102 120 273
102 159 278
159 201 205
136 201 205
58 202 235
58 180 235
39 53 202
107 128 345
16 54 247
129 137 231
40 303 329
179 224 339
179 312 339
123 214 232
87 271 339
35 225 272
117 225 232
117 140 232
92 113 134
148 196 248
185 209 248
196 248 307
83 104 193
40 122 158
113 158 196
2 209 251
2 14 299
82 209 324
83 193 307
85 104 331
104 331 334
140 232 331
82 84 324
324 331 334
292 322 341
189 322 341
10 313 320
135 313 320
66 303 312
87 303 312
32 294 306
281 313 340
281 340 343
87 271 329
189 268 322
184 261 295
74 260 326
260 296 300
101 260 296
220 237 250
149 273 274
5 152 302
33 198 252
46 75 176
85 113 134
26 157 215
229 256 319
132 329 335
76 81 330
162 177 204
110 227 228
9 240 249
21 155 290
75 216 244
73 187 341
71 340 343
105 106 131
116 164 203
87 312 339
68 86 97
67 69 103
226 235 304
65 139 287
55 64 141
64 141 277
39 63 247
16 66 169
61 198 252
4 265 306
80 263 315
43 59 338
182 320 327
130 268 322
57 327 330
57 72 330
51 143 147
192 218 249
50 56 204
140 324 331
53 159 278
40 105 303
185 248 307
53 91 159
25 123 272
102 241 273
51 101 291
63 128 345
50 177 204
54 106 131
49 74 319
53 180 202
10 78 320
30 70 255
78 320 330
18 47 284
71 190 340
18 47 256
46 75 244
55 64 138
94 164 255
43 133 150
43 52 59
51 101 147
4 32 306
46 244 305
12 221 279
21 36 47
42 55 138
9 171 240
42 55 141
18 111 256
110 215 344
123 134 214
14 82 209
40 92 335
60 76 81
20 93 282
40 122 131
6 257 336
40 105 131
152 201 302
16 167 202
4 195 265
21 41 155
2 14 209
209 324 334
57 243 287
8 80 263
75 282 315
95 229 319
15 41 155
162 173 266
63 247 345
43 52 103
49 305 319
156 167 304
27 115 321
109 171 311
12 163 194
164 212 342
11 68 86
170 186 347
40 329 335
254 260 300
31 98 151
16 202 247
187 298 348
75 216 282
4 118 195
25 35 77
15 41 47
4 90 118
3 33 252
10 197 242
130 178 346
92 113 158
36 47 284
16 54 169
53 120 278
28 208 285
20 93 318
172 182 243
46 176 230
18 111 319
102 309 310
12 194 279
6 114 257
6 114 269
21 36 174
61 124 333
11 67 103
15 47 233
16 156 167
142 279 317
168 195 269
115 261 295
67 97 281
273 274 289
26 215 344
26 145 157
34 93 333
49 230 246
23 99 166
216 244 305
5 136 270
2 211 251
16 156 175
5 34 270
64 128 138
65 139 217
5 136 302
80 93 270
3 236 252
109 311 343
27 115 261
5 114 257
195 227 228
31 151 258
73 187 298
43 150 338
56 204 266
23 31 98
53 91 283
59 70 255
98 300 316
142 221 294
13 28 60
116 203 207
18 260 284
18 260 319
79 155 318
31 89 258
3 19 236
67 239 281
103 133 207
194 275 279
21 48 116
21 116 212
122 129 131
21 174 342
16 66 175
23 166 267
42 138 211
5 152 257
26 145 171
159 201 257
106 169 303
150 255 338
49 230 326
2 211 299
85 134 214
25 162 271
85 214 331
211 261 299
96 250 259
107 138 231
10 197 285
28 60 208
61 124 252
37 130 292
53 180 283
50 177 179
91 159 257
32 280 294
25 35 272
142 192 294
33 146 198
11 86 314
116 207 215
39 53 199
44 168 195
51 62 143
90 112 293
154 181 289
4 90 112
131 137 247
149 253 262
102 241 310
230 267 326
92 123 335
40 92 158
34 93 270
93 282 315
80 93 315
61 93 318
92 123 134
61 93 333
50 179 312
107 128 138
30 94 255
95 288 319
96 237 250
19 227 236
100 143 258
37 100 292
100 258 292
15 155 318
124 269 333
101 147 316
102 159 205
17 102 205
22 172 301
112 222 280
166 187 341
78 81 330
7 143 151
17 102 309
22 172 182
83 185 307
11 103 314
52 103 314
83 104 185
104 185 334
29 162 276
105 106 303
60 81 208
154 274 289
96 241 259
107 231 247
50 210 312
107 247 345
177 224 271
150 164 255
109 171 219
109 281 343
118 195 269
38 110 215
38 110 227
53 120 199
32 112 280
162 177 271
25 123 132
162 204 266
85 113 193
123 225 272
113 196 307
113 193 307
114 269 333
5 114 333
47 229 256
116 164 212
13 28 170
192 218 306
119 148 251
132 271 329
122 129 196
122 158 196
26 171 240
123 132 335
11 67 68
29 162 173
124 168 269
125 144 349
125 144 183
125 241 310
120 199 273
119 129 148
129 138 211
119 129 211
130 165 178
130 292 322
54 131 247
59 255 338
190 194 275
125 183 241
129 148 196
173 188 332
126 139 173
182 223 280
84 140 324
0 141 321
42 141 321
7 143 147
143 151 258
54 106 169
192 294 306
160 189 341
178 250 325
149 259 262
221 280 294
43 103 133
296 300 316
152 201 257
139 188 287
121 156 304
121 156 337
182 245 320
156 210 312
130 165 191
67 145 239
77 162 276
88 163 221
163 221 223
163 223 245
21 212 342
139 173 188
62 100 143
153 327 330
1 166 187
112 222 293
66 169 303
170 173 347
121 226 304
170 186 238
188 287 328
110 218 228
170 173 332
63 64 128
51 62 291
178 250 346
58 180 202
47 229 233
22 182 280
214 232 331
187 264 348
188 328 332
6 90 269
184 191 295
45 191 295
133 203 207
39 63 199
39 202 247
23 31 99
199 273 289
19 116 215
199 277 289
64 199 277
123 225 232
119 211 251
185 209 334
27 211 261
216 233 282
95 216 233
46 246 305
95 216 288
216 288 305
160 250 341
218 228 306
45 165 191
73 220 250
142 221 279
57 243 327
226 235 336
228 265 306
156 323 337
8 234 349
125 234 349
121 226 337
218 240 249
149 241 259
182 243 327
10 81 285
73 250 341
172 226 301
250 268 346
109 219 239
254 260 326
171 200 311
25 132 271
