13 116 287
88 107 235
81 166 169
110 126 210
162 175 214
67 100 150
105 248 280
57 185 200
141 173 269
146 195 236
29 113 148
93 198 241
22 23 168
28 96 288
47 146 164
77 145 278
112 143 291
20 94 220
95 245 275
35 124 257
1 35 274
117 277 296
27 44 273
15 82 208
105 239 280
110 161 230
15 73 208
16 80 276
103 179 297
73 208 299
44 82 208
44 208 299
256 273 277
43 122 203
100 138 185
67 101 163
101 131 150
17 67 225
17 67 100
17 88 225
159 234 253
70 163 253
3 158 177
10 49 227
12 165 170
29 109 186
132 183 289
160 192 266
45 158 190
9 33 187
6 132 235
14 41 199
167 215 237
53 278 284
54 145 278
22 38 243
22 54 168
28 97 119
104 141 173
9 116 258
13 79 140
52 172 293
174 217 247
33 72 187
3 87 118
22 30 254
7 197 198
38 104 207
38 76 207
62 112 255
18 121 282
8 205 242
37 142 249
83 147 250
2 69 249
32 39 102
18 139 259
76 156 207
16 265 284
16 53 284
175 214 233
120 233 279
25 175 233
36 65 171
40 92 129
25 175 271
36 65 83
8 171 205
31 75 98
31 74 286
65 171 205
1 161 274
89 122 257
57 81 169
51 135 244
1 51 135
1 35 135
89 246 257
246 257 268
124 257 268
210 271 274
126 210 271
110 161 274
25 126 271
110 210 274
25 110 126
15 73 292
25 120 233
20 214 233
20 162 239
90 220 239
20 220 239
24 58 229
120 229 279
20 162 214
103 105 248
103 179 248
90 105 239
90 103 105
178 248 280
15 82 124
162 239 292
73 178 280
178 296 299
117 179 297
277 296 299
73 178 299
178 179 248
53 77 144
144 167 215
86 88 107
19 86 88
19 48 256
125 138 219
27 48 138
27 138 201
201 209 219
138 201 219
89 219 246
89 184 203
125 184 203
43 166 244
122 257 263
89 122 203
43 122 263
78 81 166
78 125 166
131 185 200
78 81 185
57 81 185
166 169 267
26 169 182
101 200 212
159 182 212
26 200 212
101 131 200
67 101 150
6 132 183
50 70 163
50 132 225
160 183 289
148 160 192
60 183 281
14 41 109
157 192 266
159 163 253
157 253 266
157 234 253
26 182 212
45 182 251
159 182 234
182 234 251
186 218 224
165 218 221
45 118 182
45 234 251
113 157 192
108 170 186
45 158 177
87 108 186
45 118 177
3 118 177
3 87 186
128 136 165
12 128 165
12 108 128
170 186 218
12 108 170
3 29 181
29 109 148
3 29 186
113 148 192
41 109 148
14 109 224
29 113 181
218 221 227
10 116 287
109 186 224
218 227 258
10 79 287
79 140 264
165 170 218
136 165 221
10 79 136
13 79 287
140 223 264
140 172 223
49 227 258
13 116 187
9 116 187
97 119 216
97 189 216
28 97 288
60 149 199
6 183 281
60 202 281
41 60 183
41 60 199
107 206 281
86 107 237
107 206 237
22 243 254
22 54 145
22 30 145
23 143 168
5 22 23
5 42 62
5 42 76
42 62 270
5 38 76
5 22 38
5 23 62
38 191 243
59 93 141
38 104 191
191 213 243
189 193 254
28 119 197
119 216 241
28 33 197
154 174 269
13 72 140
59 93 198
34 59 247
7 34 72
13 72 187
34 72 247
52 115 293
52 115 196
52 172 223
72 247 293
154 180 269
104 173 207
59 141 269
21 84 211
173 195 236
21 66 154
66 154 174
0 180 195
66 71 127
71 127 196
99 194 295
63 99 295
21 66 194
21 194 211
68 84 204
0 154 180
47 151 164
130 153 260
84 153 211
84 153 204
62 255 270
0 68 240
47 146 240
47 151 204
142 151 252
2 69 111
69 111 249
111 142 252
18 37 249
142 151 260
130 142 260
111 142 249
37 130 142
98 130 155
31 39 75
31 39 102
75 98 155
121 123 272
40 92 275
121 123 285
133 139 285
18 37 272
2 249 259
18 121 272
139 255 259
121 282 285
112 139 255
255 259 270
18 249 259
2 259 270
276 297 298
53 144 176
134 144 176
16 53 176
16 265 276
53 77 278
117 134 297
80 134 297
40 129 232
80 276 297
265 276 298
91 294 297
55 265 298
188 226 262
24 85 222
133 188 262
40 232 298
91 297 298
85 129 232
46 228 238
85 92 222
103 294 297
85 91 232
91 232 298
58 61 261
61 85 91
103 261 294
58 90 103
24 58 61
120 229 283
24 61 85
58 103 261
4 58 229
4 58 94
114 120 290
25 110 120
36 106 275
46 228 290
228 245 283
56 120 283
46 171 238
56 228 283
56 228 290
110 114 120
46 114 290
56 120 290
106 228 245
222 245 283
92 95 222
95 222 245
92 95 275
85 92 129
31 98 130
106 245 275
31 147 286
106 228 238
206 281 288
73 280 292
273 277 299
55 265 291
143 265 291
74 242 286
216 241 243
213 241 243
30 231 254
193 231 254
30 231 237
152 215 277
117 215 277
173 207 236
151 204 260
153 204 260
199 218 258
199 218 224
193 231 288
189 216 243
202 281 288
173 180 195
26 169 200
168 278 284
43 166 203
125 166 203
146 164 236
50 163 225
44 273 299
101 163 212
162 271 292
45 190 234
162 175 271
158 181 190
206 231 237
3 158 181
113 157 181
156 164 270
6 107 235
59 174 247
58 94 220
54 168 278
52 128 264
51 230 267
76 156 270
1 51 230
47 68 240
14 199 224
112 133 139
206 231 288
64 83 226
11 246 268
9 199 258
10 116 258
7 72 197
39 75 123
141 191 213
46 114 242
41 160 183
4 229 279
40 226 262
40 55 298
23 112 143
36 171 238
160 266 289
64 83 250
70 132 289
51 244 267
43 135 244
48 100 138
94 233 279
168 265 284
9 33 96
32 64 250
11 44 209
97 193 288
83 226 275
143 168 265
24 222 229
32 102 250
10 221 227
9 96 149
6 107 281
130 155 272
8 46 242
41 148 160
222 229 283
63 128 196
11 44 82
36 83 275
77 137 144
2 164 270
17 19 88
10 136 221
157 190 234
9 149 199
27 48 256
152 256 277
47 68 204
152 215 237
52 223 264
96 202 288
0 146 195
156 207 236
30 137 167
0 68 84
4 94 279
59 174 269
27 201 209
128 136 264
1 161 230
21 84 154
131 150 185
32 188 226
55 133 262
239 280 292
7 34 198
17 19 48
30 167 237
88 132 225
19 86 152
55 133 291
58 90 220
123 188 285
11 219 246
40 55 262
32 123 188
83 147 205
134 144 215
8 46 171
66 71 217
137 144 167
30 77 145
57 169 200
0 146 240
43 135 263
28 33 96
30 77 137
40 226 275
189 243 254
27 256 273
111 151 252
125 138 185
156 164 236
50 70 132
71 115 196
70 253 266
70 266 289
71 115 217
80 134 176
63 99 196
33 72 197
112 133 291
16 80 176
133 188 285
42 76 270
18 139 282
75 123 155
72 140 293
65 83 205
89 125 184
139 282 285
11 209 219
23 62 112
82 124 268
11 82 268
0 84 154
35 124 274
88 132 235
147 205 242
89 125 219
61 91 261
91 261 294
32 64 226
102 147 250
93 141 213
93 213 241
173 180 269
20 94 233
27 44 209
52 128 196
97 189 193
60 149 202
99 127 196
31 102 147
32 39 123
2 111 164
111 151 164
37 130 272
115 217 247
115 247 293
67 163 225
166 244 267
117 178 179
117 178 296
119 197 198
119 198 241
34 59 198
124 271 292
10 49 258
17 48 100
123 155 272
66 127 194
36 106 238
79 136 264
124 271 274
15 124 292
66 174 217
78 125 185
99 127 194
159 163 212
117 134 215
147 242 286
135 257 263
35 135 257
140 172 293
104 141 191
157 181 190
96 149 202
100 150 185
86 152 237
19 152 256
