13 116 287
88 107 235
81 166 169
7 33 72
110 126 210
162 175 214
67 100 150
105 248 280
44 273 277
57 185 200
160 253 266
143 168 284
70 160 289
141 173 269
10 49 116
146 195 236
93 198 241
22 23 168
28 96 288
47 146 164
77 145 278
112 143 291
20 94 220
117 277 296
27 44 273
15 82 208
110 161 230
15 73 208
16 80 276
103 179 297
73 208 299
44 208 299
256 273 277
77 137 167
43 122 203
67 101 163
26 57 200
100 131 150
101 131 150
17 67 225
17 67 100
17 88 225
159 234 253
3 158 177
10 49 227
12 165 170
132 183 289
45 158 190
9 33 187
6 132 235
14 41 199
167 215 237
54 145 278
22 54 168
104 141 173
63 127 196
52 172 293
33 72 187
3 87 118
7 197 198
38 104 207
38 76 207
146 156 164
62 112 255
18 121 282
8 205 242
37 142 249
2 69 249
32 39 102
76 156 207
16 265 284
16 53 284
54 168 284
61 261 294
175 214 233
120 233 279
25 175 233
36 65 171
24 222 283
25 175 271
36 65 83
64 102 250
8 171 205
31 75 98
31 74 286
65 171 205
161 230 267
1 161 274
89 122 257
57 81 169
51 135 244
43 125 166
1 51 135
135 244 263
35 135 263
35 257 263
124 246 268
35 271 274
35 124 271
210 271 274
25 110 126
15 73 292
25 120 233
20 214 233
20 162 239
20 220 239
24 58 229
120 229 279
94 229 279
20 162 214
103 105 248
103 179 248
90 103 105
162 239 292
89 184 219
178 296 299
44 277 299
117 179 297
277 296 299
73 178 299
178 179 248
16 134 176
77 144 167
53 77 144
117 152 215
86 215 237
16 80 134
144 167 215
86 152 215
117 152 277
86 88 107
19 86 88
19 48 256
125 184 219
27 48 138
27 138 201
201 209 219
89 184 203
11 82 209
43 125 203
125 184 203
122 257 263
89 122 203
43 122 263
78 81 166
78 125 166
131 185 200
78 81 185
26 57 169
57 81 185
166 169 267
26 169 182
101 200 212
159 182 212
26 200 212
101 131 200
50 67 225
67 101 150
88 225 235
6 132 183
50 132 225
160 183 289
14 41 109
159 163 253
157 234 253
26 182 212
45 182 251
159 182 234
182 234 251
186 218 224
165 218 221
45 118 182
45 234 251
108 170 186
45 158 177
45 118 177
3 118 177
12 128 165
12 108 128
170 186 218
12 108 170
3 29 181
29 109 148
3 29 186
113 148 192
41 109 148
14 109 224
218 221 227
10 116 287
10 79 287
79 140 264
165 170 218
136 221 227
140 223 264
140 172 223
49 116 258
9 28 33
7 33 197
13 116 187
9 28 96
97 189 216
202 206 288
28 97 288
6 183 281
60 202 288
41 60 183
41 60 199
107 206 281
132 225 235
107 235 281
6 235 281
202 206 281
30 193 231
189 216 254
137 167 237
22 243 254
216 243 254
22 54 145
30 206 231
23 143 168
5 42 62
42 62 270
5 23 62
59 93 141
38 104 191
191 213 243
104 191 213
189 193 254
154 174 269
13 72 140
104 141 213
34 59 247
7 34 72
72 172 293
13 72 187
72 140 172
128 223 264
52 115 293
52 128 223
115 217 293
52 115 196
52 172 223
52 63 128
115 196 217
52 63 196
59 247 269
154 180 269
104 173 207
59 141 269
21 84 211
21 66 154
66 154 174
0 180 195
66 99 194
63 99 127
174 247 269
99 194 295
63 99 295
21 66 194
21 194 211
0 21 154
68 84 204
0 21 68
0 154 180
21 68 84
47 151 164
130 153 260
84 153 211
84 153 204
146 156 236
0 68 240
47 146 240
2 111 252
47 151 204
142 151 252
2 69 111
2 151 252
69 111 249
111 142 252
18 37 249
142 151 260
37 155 272
130 142 260
111 142 249
37 130 142
37 130 155
98 130 155
31 39 75
18 139 285
31 39 102
75 98 155
121 123 272
133 262 291
31 102 250
55 262 298
32 64 102
64 226 250
123 133 285
133 139 285
2 249 259
18 282 285
18 249 259
2 259 270
143 265 284
276 297 298
53 144 176
134 144 176
16 53 176
16 265 276
54 278 284
117 134 297
80 134 297
80 276 297
265 276 298
91 294 297
55 265 298
40 262 298
188 226 262
24 85 222
133 188 262
55 262 291
123 133 188
91 297 298
85 129 232
46 228 238
85 91 232
91 232 298
58 90 103
24 61 85
58 103 261
4 58 229
4 58 94
4 94 229
114 120 290
25 110 120
36 106 275
56 120 283
46 171 238
56 228 290
110 114 120
56 120 290
106 228 245
222 245 283
95 222 245
85 92 129
36 226 275
31 98 130
147 205 286
36 106 171
106 245 275
36 83 226
83 226 250
31 147 286
106 171 238
106 228 238
55 265 291
143 265 291
261 294 297
74 242 286
205 242 286
213 241 243
44 208 209
82 208 209
173 207 236
151 204 260
153 204 260
149 199 288
199 218 258
119 197 216
193 231 288
116 187 258
183 202 281
173 180 236
180 195 236
174 217 293
174 247 293
166 244 263
43 166 263
101 163 212
162 271 292
45 190 234
162 175 271
160 163 253
70 160 163
158 181 190
3 158 181
113 157 181
156 164 270
62 255 259
58 94 220
119 241 243
49 218 258
42 76 156
47 68 240
112 133 139
206 231 288
9 199 258
127 196 217
53 77 284
39 75 123
46 114 242
66 71 99
41 160 183
40 226 262
38 42 76
23 112 143
35 124 268
70 132 289
51 244 267
161 210 274
34 247 293
34 59 93
48 100 138
33 97 216
18 112 259
94 233 279
113 148 181
37 121 272
11 15 246
22 145 254
97 193 288
22 191 243
62 259 270
11 15 82
9 96 149
49 218 227
8 46 242
90 105 220
41 148 160
9 187 258
61 85 294
2 164 270
17 19 88
129 232 298
125 201 219
157 190 234
25 210 271
9 149 199
29 186 224
27 48 256
56 228 245
152 256 277
114 228 290
110 161 210
5 23 38
42 156 270
47 68 204
11 89 246
31 83 147
0 146 195
34 72 293
2 151 164
156 207 236
85 92 95
86 206 237
27 201 209
56 245 283
128 136 264
13 140 287
1 51 161
14 218 224
3 87 108
73 248 280
32 188 226
7 34 198
17 19 48
19 86 152
29 109 224
22 38 191
25 126 210
5 38 42
131 138 185
58 90 220
18 37 121
22 23 38
79 136 227
32 123 188
11 89 219
83 147 205
134 144 215
24 58 261
8 46 171
66 71 217
30 77 145
92 245 275
0 146 240
33 197 216
30 77 137
30 145 193
40 226 275
27 256 273
31 83 250
50 67 70
125 138 185
192 253 266
137 206 237
50 70 132
24 120 283
71 99 127
51 161 267
18 112 139
40 129 298
113 157 253
3 108 186
112 133 291
73 105 280
73 178 248
24 61 261
75 123 155
77 278 284
65 83 205
11 209 219
10 79 227
23 62 112
28 33 97
145 193 254
85 91 294
86 107 206
89 257 268
67 70 163
34 93 198
89 246 268
92 95 245
32 64 226
93 141 213
93 213 241
173 180 269
20 94 233
60 199 288
27 44 209
85 95 222
97 189 193
113 192 253
32 39 123
96 149 288
15 124 246
105 220 239
105 239 292
73 105 292
100 131 138
24 120 229
35 257 268
46 114 228
14 199 218
103 261 297
166 244 267
117 178 179
117 178 296
119 197 198
112 255 259
119 198 241
123 282 285
60 183 202
124 271 292
119 216 243
17 48 100
123 155 272
79 136 264
121 123 282
15 124 292
66 174 217
78 125 185
125 138 201
71 127 217
128 136 221
128 165 221
159 163 212
40 129 275
92 129 275
117 134 215
1 135 274
35 135 274
30 137 206
79 140 287
157 181 190
29 148 181
148 160 266
148 192 266
19 152 256
