13 116 287
81 166 169
78 125 138
110 126 210
162 175 214
105 248 280
44 273 277
77 137 145
27 44 201
70 160 289
141 173 269
10 49 116
146 195 236
29 113 148
93 198 241
22 23 168
28 96 288
47 146 164
77 145 278
112 143 291
20 94 220
112 139 291
1 35 274
117 277 296
27 44 273
15 82 208
105 239 280
110 161 230
16 80 276
103 179 297
44 82 208
44 208 299
256 273 277
50 132 289
43 122 203
78 138 185
100 138 185
67 101 163
17 67 225
17 88 225
159 234 253
70 163 253
3 158 177
113 157 190
79 128 264
12 165 170
132 183 289
45 158 190
9 33 187
6 132 235
14 41 199
30 137 237
53 278 284
54 145 278
22 54 168
63 127 196
13 79 140
52 172 293
174 217 247
33 72 187
3 87 118
71 196 217
7 59 198
7 197 198
156 173 236
38 104 207
23 62 143
18 121 282
8 205 242
37 142 249
83 147 250
32 39 102
18 139 259
16 53 284
54 168 284
120 233 279
24 222 283
40 92 129
36 65 83
64 102 250
31 75 98
31 74 286
65 147 205
1 161 274
57 81 169
51 135 244
43 125 166
1 35 135
135 244 263
35 271 274
35 124 271
210 271 274
110 161 274
110 210 274
25 110 126
15 73 292
25 120 233
20 162 239
20 220 239
120 229 279
94 229 279
90 94 220
90 103 105
73 239 280
73 239 292
178 248 280
15 82 124
15 124 271
15 271 292
162 239 292
73 178 280
178 296 299
44 277 299
277 296 299
73 178 299
178 179 248
16 134 176
77 144 167
53 77 144
117 152 215
16 80 134
144 167 215
117 152 277
19 256 277
19 48 256
125 138 219
27 48 138
44 201 209
27 138 201
201 209 219
138 201 219
89 184 203
11 82 124
43 125 203
125 184 203
43 166 244
122 257 263
78 81 166
78 125 166
78 81 185
57 81 185
166 169 267
26 169 182
45 157 234
159 182 212
26 200 212
101 159 163
50 67 225
67 101 150
6 132 183
50 70 289
50 132 225
160 183 289
14 41 109
159 163 253
157 234 253
26 182 212
45 182 251
159 182 234
45 157 190
182 234 251
186 218 224
165 218 221
45 118 182
45 234 251
113 157 192
45 158 177
87 108 186
45 118 177
3 118 177
3 87 186
12 128 165
12 108 128
170 186 218
29 109 148
113 148 192
41 109 148
14 109 224
29 113 181
113 181 190
14 199 258
218 221 227
10 116 287
218 227 258
10 79 287
165 170 218
136 165 221
10 79 136
13 79 287
140 172 223
49 227 258
49 116 258
13 116 187
97 189 216
213 216 243
202 206 288
28 97 288
60 149 199
60 96 149
6 183 281
60 202 281
41 60 199
107 206 281
86 107 237
132 225 235
107 235 281
6 235 281
202 206 281
107 206 237
30 193 231
189 216 254
30 137 145
22 243 254
216 243 254
22 54 145
23 143 168
5 42 62
5 42 76
42 62 270
5 38 76
5 23 62
59 93 141
38 104 191
156 173 207
191 213 243
141 213 241
189 193 254
28 33 197
154 174 269
13 72 140
59 93 198
34 59 247
7 34 72
7 34 59
72 172 293
13 72 187
34 72 247
72 140 172
128 223 264
52 115 293
52 128 223
52 115 196
52 172 223
52 63 128
115 196 217
52 63 196
72 247 293
59 247 269
154 180 269
59 141 269
93 141 241
21 84 211
21 66 154
66 154 174
71 127 196
66 99 194
63 99 127
174 247 269
99 194 295
63 99 295
21 66 194
21 194 211
0 21 154
68 84 204
0 21 68
151 153 204
21 68 84
47 151 164
130 153 260
84 153 211
84 153 204
68 204 240
62 255 270
42 164 270
47 146 240
47 204 240
2 111 252
47 151 204
151 164 270
2 69 111
18 37 249
37 155 272
130 142 260
37 130 142
31 39 75
18 139 285
31 147 250
31 39 102
75 98 155
121 123 272
133 262 291
31 102 250
39 75 155
39 123 188
32 64 102
64 226 250
32 39 188
123 133 285
121 123 285
133 139 285
18 282 285
121 282 285
255 259 270
2 259 270
53 144 176
134 144 176
16 53 176
53 77 278
54 278 284
80 134 297
40 129 232
80 276 297
91 294 297
55 265 298
133 188 262
55 262 291
123 133 188
133 139 291
40 232 298
91 297 298
46 228 238
103 294 297
91 232 298
58 61 261
61 85 91
103 261 294
58 90 103
24 58 61
120 229 283
58 103 261
4 94 229
114 120 290
25 110 120
24 229 283
36 106 275
228 245 283
56 120 283
46 171 238
56 228 283
56 228 290
110 114 120
56 120 290
92 95 222
31 98 130
36 106 171
65 83 147
83 226 250
31 147 286
106 171 238
265 276 297
55 265 291
143 265 291
151 252 270
74 242 286
228 238 245
30 231 237
97 197 216
119 197 216
193 231 288
157 192 253
188 262 275
116 187 258
3 181 186
173 180 236
180 195 236
25 175 210
26 169 200
146 164 236
89 203 257
162 271 292
162 175 271
162 214 233
20 162 233
159 200 212
101 159 200
158 181 190
206 231 237
3 158 181
154 180 195
0 154 195
153 252 260
105 179 248
92 95 106
12 108 186
51 230 267
49 136 221
49 221 227
188 226 275
38 156 207
42 76 156
24 61 222
206 231 288
11 246 268
9 199 258
122 203 257
41 183 281
7 72 197
41 60 281
41 148 266
141 191 213
46 114 242
66 71 99
41 160 183
40 55 298
35 124 268
4 24 229
85 91 129
51 244 267
48 100 138
94 233 279
168 265 284
37 121 272
9 33 96
22 145 254
19 86 107
11 44 209
97 193 288
83 226 275
143 168 265
22 191 243
9 96 149
17 100 150
8 46 242
90 105 220
16 276 284
11 44 82
36 83 275
8 36 171
42 156 164
9 187 258
8 36 65
112 139 259
17 19 88
265 297 298
141 173 207
38 76 156
9 149 199
29 186 224
27 48 256
114 228 290
5 23 38
57 131 200
11 89 246
96 202 288
17 67 150
8 65 205
95 245 283
15 208 299
40 92 262
25 175 214
4 90 94
88 107 225
1 161 230
15 73 299
14 218 224
11 124 268
12 170 186
131 150 185
32 188 226
14 218 258
17 19 48
101 150 200
4 24 58
2 252 270
19 88 107
19 86 152
29 109 224
22 38 191
112 143 255
25 126 210
2 69 259
18 37 121
22 23 38
19 152 277
91 129 232
61 85 222
40 55 262
11 89 219
134 144 215
8 46 171
66 71 217
79 128 165
152 167 215
57 169 200
28 33 96
30 145 193
27 256 273
50 67 70
265 276 284
77 167 237
156 164 236
68 146 240
192 253 266
68 146 195
0 68 195
69 111 142
70 253 266
70 160 266
71 99 127
92 262 275
33 72 197
77 137 237
18 69 249
79 136 165
79 223 264
95 222 283
89 125 184
11 209 219
79 140 223
145 193 254
111 252 260
86 152 167
10 49 136
89 257 268
147 205 242
89 125 219
67 70 163
41 160 266
89 246 268
61 91 261
91 261 294
92 106 275
32 64 226
175 210 271
18 69 259
173 180 269
4 58 90
20 94 233
95 106 245
60 96 202
97 189 193
111 142 260
85 129 222
28 97 197
103 105 179
151 153 252
105 220 239
57 131 185
107 225 235
35 257 268
46 114 228
131 150 200
37 98 155
115 217 247
115 247 293
166 244 267
117 178 179
117 178 296
119 197 198
112 255 259
119 198 241
119 213 241
119 213 216
122 244 263
43 122 244
17 48 100
123 155 272
39 123 155
106 238 245
66 174 217
29 181 186
62 143 255
37 98 130
92 129 222
117 134 179
117 134 215
1 135 230
51 135 230
86 167 237
147 242 286
135 257 263
35 135 257
134 179 297
104 141 191
104 141 207
25 214 233
148 192 266
100 150 185
69 142 249
