79 205 277
130 169 209
3 168 201
26 157 189
65 127 269
53 54 121
66 108 248
34 52 149
96 171 200
66 155 225
147 161 250
196 207 287
207 236 246
111 196 298
58 219 275
96 178 239
100 171 200
27 100 282
125 178 209
36 97 255
52 149 295
130 137 209
60 68 115
0 17 53
39 263 295
33 130 137
41 71 106
38 57 121
131 180 225
48 145 220
10 103 217
118 153 278
81 103 223
157 189 230
23 82 155
74 193 292
0 40 53
14 114 163
114 136 163
117 151 166
21 213 244
28 46 175
28 161 175
114 136 197
113 147 284
28 161 250
147 195 250
99 128 162
37 174 224
1 86 238
6 62 205
62 277 295
62 205 277
7 70 138
84 107 224
179 260 289
88 179 208
47 124 184
44 109 236
169 178 209
125 137 209
33 130 241
190 255 259
100 190 282
42 146 257
27 85 282
22 219 275
27 85 252
58 85 252
36 154 282
22 50 226
22 50 154
9 36 154
154 242 282
9 50 154
219 226 270
22 219 226
58 85 275
76 79 149
9 30 50
146 264 289
2 50 167
2 4 138
34 76 222
7 79 135
2 70 138
7 79 138
76 79 135
79 205 231
79 138 231
39 62 295
52 263 295
34 76 149
212 263 292
0 63 203
0 40 63
55 176 215
0 55 203
0 55 271
34 222 261
93 222 261
16 165 291
16 33 291
55 176 271
25 59 239
96 106 126
202 251 280
25 31 280
40 53 160
74 132 204
60 68 254
54 121 204
48 126 248
126 248 279
108 248 279
66 155 243
57 121 180
66 164 220
103 189 217
23 243 281
23 155 243
10 23 210
81 153 210
23 153 210
82 155 225
38 57 150
20 118 214
214 223 233
81 118 153
20 118 278
103 223 230
103 189 230
157 230 247
151 189 217
152 230 247
152 247 294
104 198 290
64 104 122
46 134 268
68 94 115
68 74 193
68 94 193
24 63 292
83 94 193
94 115 188
35 143 299
39 141 188
141 188 296
143 188 296
13 35 299
6 84 224
107 224 228
13 114 224
28 136 268
114 197 224
28 46 268
75 136 268
75 136 163
134 159 272
110 159 272
12 262 297
77 181 244
15 122 159
89 101 221
26 89 221
89 101 186
181 213 244
77 117 181
77 117 120
21 77 244
15 134 159
21 101 213
65 127 284
161 175 253
113 120 127
113 127 284
117 120 166
78 158 286
158 173 286
227 234 283
51 98 201
51 119 201
51 216 256
51 119 173
168 185 195
28 133 250
107 111 288
111 133 288
111 133 162
111 128 287
99 128 287
111 128 162
98 172 266
44 80 236
80 236 285
80 170 285
144 170 285
32 91 208
129 196 298
87 107 298
196 207 246
129 191 196
111 196 287
84 87 107
49 72 192
1 218 238
107 111 298
84 87 192
6 67 205
5 67 92
49 192 265
4 138 265
4 42 45
72 87 192
43 86 238
4 29 45
43 91 238
8 32 45
29 32 45
8 88 264
42 146 264
4 42 257
194 270 289
194 260 289
116 194 260
90 182 240
139 170 206
144 170 206
90 237 245
105 216 256
90 216 237
90 211 245
90 211 235
211 245 267
61 249 267
211 235 267
235 249 267
148 287 293
99 287 293
262 272 297
172 266 276
36 255 282
233 254 274
236 246 285
109 236 276
138 231 265
223 230 233
187 228 288
13 224 299
174 224 299
48 220 248
148 266 276
179 208 273
168 201 283
196 246 285
147 195 284
168 195 283
18 194 229
193 212 292
83 193 212
129 191 298
187 197 224
156 183 232
182 208 273
173 234 283
119 173 283
173 227 234
167 226 270
151 166 269
165 239 291
195 227 284
11 162 185
61 194 229
154 242 275
22 154 275
152 274 290
152 290 294
152 233 274
148 207 276
113 147 253
147 161 253
143 174 299
142 144 206
95 142 144
140 177 181
117 140 181
139 142 206
33 137 291
137 239 291
125 137 178
136 187 197
136 187 288
15 134 175
97 130 199
104 122 198
121 132 204
38 121 132
120 127 269
120 166 269
117 151 189
116 179 260
115 143 297
101 122 221
131 180 183
124 182 208
78 112 151
112 151 269
110 122 159
109 172 256
106 126 279
173 227 284
105 109 256
44 105 109
101 181 186
100 190 259
100 200 259
73 167 270
191 196 285
98 172 256
51 98 256
169 255 259
145 164 217
97 130 169
97 169 255
96 200 259
96 202 239
96 106 202
96 169 178
58 219 270
164 217 281
187 224 228
47 142 184
61 182 229
41 106 279
24 52 292
258 272 297
14 163 258
33 222 241
33 93 222
32 87 238
50 70 102
39 83 94
8 32 88
57 82 150
31 69 280
47 139 142
30 56 102
9 30 36
71 106 202
133 162 185
79 277 295
41 66 108
87 238 298
26 89 177
242 275 282
17 31 156
59 165 239
28 136 288
40 63 123
28 133 288
16 33 93
42 45 264
57 82 225
27 171 252
54 74 123
26 140 189
35 143 297
53 121 180
68 74 150
40 123 160
26 157 247
20 233 254
12 110 272
20 214 233
10 81 103
60 254 274
15 101 122
4 29 72
20 82 278
23 217 281
57 180 225
7 70 102
25 31 271
15 21 101
19 30 36
20 68 254
152 230 233
6 67 192
90 182 249
4 49 72
82 153 278
41 66 131
124 184 208
53 54 123
1 191 298
39 212 263
65 173 284
133 195 250
50 167 226
5 231 265
12 122 198
216 237 267
91 184 208
69 71 280
60 115 297
6 84 192
18 182 229
66 164 281
54 74 204
4 49 265
117 140 189
3 98 266
1 218 298
146 270 289
88 264 289
52 263 292
39 94 188
3 98 201
88 179 289
7 102 135
14 35 114
14 35 258
3 148 293
31 69 232
1 191 285
0 17 271
96 169 259
18 116 194
3 99 293
46 134 175
3 11 99
10 81 210
58 194 270
56 76 222
61 182 249
20 82 150
89 181 186
25 59 176
15 77 175
12 290 297
56 76 135
143 174 296
1 95 144
77 113 120
31 156 232
35 258 297
19 36 56
20 68 150
60 290 297
32 88 208
3 11 168
10 23 217
115 143 188
18 182 273
47 124 182
25 176 271
56 199 241
25 202 239
25 202 280
12 110 122
12 198 290
43 86 95
195 227 283
137 178 239
59 165 176
36 97 199
75 268 272
1 86 95
17 53 183
15 21 77
36 56 199
17 156 183
12 262 272
17 31 271
119 201 283
3 148 266
38 74 150
16 165 176
29 72 87
93 176 215
5 92 231
27 100 171
29 32 87
11 168 185
1 144 285
190 255 282
18 116 179
13 35 114
18 179 273
64 122 221
2 4 167
139 216 240
73 146 257
41 108 279
64 104 290
44 139 216
43 95 184
130 199 241
24 63 261
71 251 280
44 80 139
85 275 282
44 105 216
237 245 267
8 45 264
26 221 247
47 139 240
47 182 240
71 202 251
95 142 184
2 50 70
30 50 102
24 52 261
73 146 270
56 102 135
34 52 261
79 149 295
53 123 160
207 236 276
112 173 269
53 180 183
55 93 215
56 222 241
11 99 162
101 181 213
133 185 195
38 74 132
77 113 253
60 274 290
58 61 194
39 62 141
62 174 296
37 62 174
37 62 224
67 205 231
6 62 224
62 141 296
63 74 292
63 203 261
4 167 257
41 71 183
66 131 225
64 247 294
64 221 247
64 290 294
145 164 220
148 207 287
66 243 281
41 131 183
26 140 177
67 92 231
67 192 265
66 220 248
63 74 123
71 183 232
19 30 56
69 71 232
73 167 257
32 91 238
39 83 212
75 163 258
75 258 272
77 175 253
78 158 173
78 112 173
109 172 276
80 139 170
81 118 214
23 82 153
107 228 288
81 214 223
93 203 261
16 93 176
134 268 272
5 67 265
89 177 181
65 173 269
90 235 249
43 91 184
218 238 298
90 216 240
55 93 203
