13 14 114
143 188 297
69 156 232
130 169 209
3 168 201
26 157 189
65 127 269
53 54 121
17 53 156
33 137 239
34 52 149
96 171 200
64 101 122
65 112 158
164 243 281
65 227 284
207 236 246
111 196 298
96 178 200
100 171 200
100 171 252
36 97 255
19 56 199
79 149 277
52 149 295
0 17 53
39 263 295
0 31 271
41 71 106
48 145 220
118 153 278
81 103 223
53 121 183
74 193 292
12 115 297
0 40 53
148 266 293
157 221 247
110 159 198
117 151 166
117 140 151
145 217 220
119 168 283
133 136 288
185 195 250
133 185 250
148 172 276
136 197 288
13 174 224
5 92 138
179 260 289
124 179 273
47 124 184
105 139 216
109 256 276
44 80 105
27 100 252
130 169 259
33 239 291
56 199 222
130 255 259
19 30 102
97 130 255
190 255 259
42 146 257
85 242 282
27 85 252
85 242 275
58 85 252
22 50 226
9 36 154
9 30 50
146 264 289
2 70 102
19 97 199
19 56 102
19 36 97
199 222 241
93 215 261
149 277 295
7 70 135
76 79 135
8 88 208
24 263 292
37 39 62
52 263 295
212 263 292
24 34 52
24 52 263
24 34 261
55 203 261
0 17 31
16 33 291
16 93 215
165 176 271
59 165 271
25 59 239
31 59 271
17 31 232
25 31 59
96 106 126
17 156 232
40 63 160
121 180 183
38 132 204
60 68 254
57 82 278
53 156 183
48 126 248
57 121 180
164 217 220
81 103 210
81 153 210
23 153 210
23 153 278
81 118 153
20 118 278
81 118 223
103 223 230
118 214 223
103 189 230
140 151 189
151 189 217
152 223 230
26 157 221
104 198 290
64 104 122
64 221 294
83 94 188
46 134 268
68 94 115
214 233 254
20 150 254
68 94 193
83 94 193
83 212 263
37 39 174
141 188 296
143 188 296
13 174 299
174 296 299
13 114 224
114 197 224
28 133 136
197 224 228
187 197 228
12 110 262
187 197 288
75 163 272
75 136 163
15 46 175
110 262 272
134 159 272
110 159 272
12 262 297
12 110 198
77 181 244
15 122 159
26 89 221
89 101 186
89 177 186
89 140 177
181 213 244
77 117 181
77 117 120
177 181 186
21 101 213
15 21 175
21 175 253
161 175 253
117 120 166
78 112 158
78 158 286
65 112 269
78 112 269
78 151 269
65 173 234
172 256 276
119 168 201
51 119 201
51 216 256
51 119 173
51 98 172
28 133 250
3 11 185
111 133 288
111 133 162
111 128 162
99 148 293
51 172 256
1 86 285
109 207 276
182 235 249
80 105 170
44 80 236
105 139 170
80 236 285
95 144 206
80 170 285
95 142 206
32 91 208
191 236 246
129 196 298
191 236 285
87 107 298
191 196 246
129 191 196
1 218 285
67 84 192
5 138 265
92 138 231
5 67 92
49 72 265
4 29 265
49 192 265
4 138 265
29 72 265
87 218 238
4 29 45
43 91 238
8 32 208
8 32 45
42 146 264
4 42 257
73 270 289
73 146 289
194 260 289
182 229 273
116 194 260
58 116 194
47 124 240
18 229 273
124 182 273
139 170 206
144 170 206
105 216 256
90 139 240
216 237 245
216 245 267
211 245 267
61 249 267
211 235 267
235 249 267
111 288 298
23 278 281
243 278 281
262 272 297
176 261 271
113 253 284
242 255 282
205 231 277
187 228 288
219 226 289
226 270 289
22 226 275
155 225 243
152 223 294
164 220 243
214 223 294
211 237 245
0 203 271
55 203 271
202 232 280
202 232 251
169 200 209
168 195 283
193 212 292
83 193 212
129 191 298
157 189 247
69 183 251
178 202 239
46 175 268
28 175 250
173 234 283
119 173 283
151 166 269
165 239 291
21 213 253
147 161 284
54 160 204
11 162 185
155 180 225
154 242 275
22 154 275
161 253 284
152 221 294
152 221 247
152 189 230
20 150 278
57 150 278
148 207 276
147 195 227
147 227 284
39 141 263
107 288 298
140 177 181
117 140 181
90 139 237
139 216 237
4 138 257
219 226 275
130 137 241
33 137 241
125 137 178
132 160 204
97 130 199
152 189 247
111 128 196
99 128 148
125 200 209
125 130 209
125 130 137
74 123 132
104 122 198
38 121 150
77 244 253
120 127 269
120 166 269
118 214 254
87 191 298
69 232 251
16 176 291
116 179 260
131 180 183
108 126 248
106 126 279
105 109 207
105 109 256
104 274 290
122 159 198
2 102 167
70 102 135
101 181 186
100 190 259
100 169 200
98 148 266
38 68 193
164 217 281
65 173 286
47 142 184
65 113 284
61 182 229
41 106 279
34 93 222
258 272 297
34 76 79
6 37 67
33 222 241
33 93 222
34 93 261
32 49 72
30 50 167
43 95 142
39 205 277
9 30 36
71 106 202
133 162 185
41 66 108
128 148 287
59 165 239
16 33 93
147 161 195
57 155 180
57 121 150
26 140 189
25 31 232
3 168 195
35 143 297
44 105 207
18 58 229
176 215 261
84 107 228
24 74 292
39 141 296
36 154 242
25 232 280
66 108 220
10 23 103
36 242 255
35 143 296
15 101 122
23 217 281
14 35 299
2 146 167
15 21 101
19 30 36
27 100 190
9 22 50
20 118 254
86 95 285
87 107 192
6 37 174
41 66 131
124 184 208
1 43 218
38 54 121
2 138 257
14 163 272
90 182 237
1 43 86
165 176 291
64 89 221
196 246 287
116 179 273
12 60 198
96 106 178
3 51 201
73 226 270
43 184 208
6 174 224
2 146 257
3 98 266
88 264 289
2 7 138
39 277 295
32 45 72
88 179 289
14 258 272
14 35 258
106 178 202
24 63 74
3 266 293
87 218 285
4 8 42
64 274 294
211 235 237
7 138 231
10 189 217
3 99 293
3 11 99
39 174 296
161 195 250
65 227 283
38 74 193
58 61 229
61 182 249
11 99 128
34 56 222
10 103 189
94 188 297
40 54 160
26 89 140
35 258 297
11 128 162
18 116 273
10 23 217
9 22 154
25 202 239
12 68 115
14 136 197
25 202 280
16 176 215
37 62 67
125 178 200
34 79 149
233 274 294
7 135 231
40 53 54
43 86 95
195 227 283
13 14 299
137 178 239
75 268 272
12 60 68
14 136 163
3 51 98
14 114 197
84 224 228
108 126 279
77 120 127
2 7 70
42 88 264
6 67 224
18 58 116
190 255 282
55 261 271
98 148 172
41 108 279
47 139 206
46 134 159
8 42 88
130 199 241
24 63 261
43 142 184
43 91 208
38 54 204
35 296 299
207 246 287
161 175 250
44 207 236
79 135 231
50 146 167
29 45 72
66 220 243
63 123 160
90 124 240
0 40 203
15 46 159
48 108 220
56 76 102
47 139 240
71 202 251
66 225 243
49 87 192
213 244 253
40 63 203
49 87 238
49 91 238
28 75 268
50 73 146
32 49 91
38 68 150
84 107 192
65 113 127
47 142 206
3 185 195
95 170 285
57 82 155
101 181 213
58 219 289
58 194 289
71 183 251
28 75 136
43 218 238
38 74 132
60 198 290
60 233 254
77 113 253
30 102 167
60 233 274
60 274 290
62 67 205
67 205 231
63 203 261
64 89 101
41 71 183
64 104 274
88 124 208
148 207 287
95 144 170
65 234 283
48 108 248
65 158 286
94 115 297
66 180 225
66 131 180
41 131 183
67 84 224
82 155 243
67 92 231
67 192 265
68 150 254
69 156 183
128 196 287
90 124 182
63 74 123
100 169 259
87 191 285
50 73 226
4 8 45
39 62 205
123 132 160
79 231 277
107 228 288
82 243 278
83 141 188
28 175 268
77 113 127
27 85 190
23 103 210
134 268 272
85 190 282
85 219 275
58 85 219
182 235 237
76 102 135
214 233 294
5 67 265
34 56 76
88 124 179
83 141 263
