13 14 114
79 205 277
59 165 291
130 169 209
3 168 201
26 157 189
65 127 269
33 137 239
34 52 149
66 155 225
164 243 281
65 227 284
196 207 287
207 236 246
169 200 259
96 178 200
27 100 282
100 171 252
60 68 115
9 19 30
0 17 53
0 31 271
41 71 106
89 140 189
48 145 220
10 103 217
26 89 189
81 103 223
157 189 230
274 290 294
74 193 292
0 40 53
54 123 160
14 114 163
148 266 293
13 14 35
114 136 163
14 35 163
157 221 247
163 258 272
117 151 166
21 213 244
28 46 175
127 151 269
114 136 197
136 197 288
37 174 224
92 205 231
88 179 264
88 179 208
124 179 273
47 124 184
27 100 252
125 137 209
33 239 291
56 199 222
190 200 259
190 255 259
27 85 282
85 242 282
27 85 252
58 85 252
22 50 226
9 36 154
9 50 154
219 226 270
22 219 226
58 85 275
9 30 50
2 70 102
34 76 222
19 97 199
9 19 36
93 215 261
79 205 231
6 37 224
53 54 160
52 263 295
34 76 149
24 34 52
24 52 263
0 63 203
0 40 63
0 55 203
0 55 271
24 34 261
34 222 261
55 203 261
93 222 261
25 239 280
16 33 291
16 93 215
165 176 271
59 165 271
41 106 126
106 202 251
96 106 126
202 251 280
202 239 280
40 53 160
20 57 150
74 132 204
54 121 204
41 131 180
71 106 251
41 126 279
108 248 279
57 121 180
103 189 217
23 243 281
23 155 243
81 153 210
23 153 210
82 155 225
82 180 225
57 82 180
20 118 214
20 118 278
81 118 223
103 223 230
118 214 223
103 189 230
151 189 217
152 223 230
26 157 221
104 198 290
221 247 294
64 104 122
64 221 294
115 188 297
46 134 268
68 94 115
20 150 254
68 94 193
83 212 292
94 115 188
39 141 188
141 188 296
143 188 296
13 35 299
13 174 299
6 84 224
187 197 228
107 187 228
28 46 268
12 110 262
187 197 288
75 163 272
15 46 175
35 163 258
258 262 272
110 262 272
12 262 297
12 110 198
15 46 134
77 181 244
15 122 159
89 101 221
26 89 221
89 101 186
89 177 186
89 140 177
127 151 166
21 77 244
21 101 122
15 21 122
15 134 159
161 175 253
113 120 253
77 120 253
117 120 166
78 112 158
78 158 286
158 173 286
227 234 283
119 234 283
51 216 256
51 98 172
168 185 195
28 133 250
11 133 185
111 133 288
111 133 162
111 128 287
99 128 287
111 128 162
98 172 266
1 86 285
182 235 249
44 80 236
80 236 285
32 91 208
47 142 240
86 95 144
29 32 72
129 196 298
87 107 298
196 207 246
84 87 107
6 67 84
84 87 192
67 84 192
92 138 231
49 72 265
4 138 265
87 91 238
72 87 91
43 86 238
87 218 238
43 91 124
4 29 45
91 124 208
43 91 238
32 72 91
8 32 45
29 32 45
4 42 257
2 167 257
73 270 289
73 146 289
58 116 194
61 229 249
90 139 216
43 124 184
18 229 273
124 182 273
124 179 208
90 182 240
139 170 206
144 170 206
105 216 256
90 216 237
139 206 240
90 139 240
142 206 240
216 237 245
216 245 267
211 245 267
61 249 267
211 235 267
235 249 267
148 287 293
99 287 293
172 266 276
176 261 271
179 260 264
143 258 299
233 254 274
147 253 284
113 253 284
229 249 273
247 274 294
236 246 285
242 255 282
164 220 243
212 263 295
211 237 245
90 211 237
148 266 276
10 210 281
168 201 283
169 200 209
147 195 284
168 195 283
260 264 289
129 191 298
107 187 298
111 287 298
111 187 298
130 209 241
186 213 244
181 186 244
69 183 251
178 202 239
28 175 250
114 174 197
173 227 234
139 170 216
105 170 216
195 227 284
82 155 278
152 233 274
152 214 223
152 157 230
147 161 253
182 249 273
143 174 299
142 144 206
95 142 144
140 177 186
117 140 186
4 138 257
125 137 178
7 135 138
97 130 199
129 191 246
129 196 246
128 133 162
125 200 209
104 122 198
38 121 150
121 132 204
38 121 132
77 120 181
117 151 189
116 260 289
69 232 251
16 176 291
18 116 229
116 179 260
101 122 221
65 173 227
13 114 174
78 112 151
112 151 269
111 187 288
113 127 166
182 211 235
87 218 298
110 122 159
153 155 278
110 122 198
109 148 207
105 109 256
44 105 109
2 102 167
109 148 276
169 255 259
145 164 217
97 130 169
97 169 255
96 178 202
96 106 202
96 100 171
96 100 200
49 72 87
38 68 193
164 217 281
41 71 121
25 59 271
47 142 184
65 113 284
6 37 67
39 83 94
8 32 88
19 30 199
30 50 167
232 251 280
30 56 102
39 205 277
28 136 288
40 63 123
28 133 288
16 33 93
147 161 195
37 67 205
57 121 150
54 74 123
100 200 282
33 137 209
25 31 232
81 118 278
51 109 256
24 212 263
176 215 261
84 107 228
40 123 160
21 101 186
90 182 211
39 141 296
20 233 254
36 154 242
25 232 280
20 214 233
36 242 255
10 81 103
60 254 274
113 120 166
4 29 72
20 82 278
19 97 255
7 70 102
25 31 271
80 86 285
4 8 88
33 209 241
5 67 205
1 191 298
2 138 257
22 58 275
133 195 250
50 167 226
5 92 205
165 176 291
48 155 243
117 120 181
58 116 229
48 248 279
116 179 273
52 149 277
60 115 297
3 51 201
73 226 270
33 93 241
54 74 204
117 140 189
3 98 266
48 66 155
1 218 298
83 94 292
2 7 138
4 72 265
190 200 282
39 94 188
81 153 278
39 277 295
7 102 135
21 186 213
3 266 293
25 239 291
196 287 298
39 212 295
1 191 285
4 42 88
152 247 274
75 110 268
3 99 293
73 167 226
51 173 234
0 31 232
51 119 283
3 11 99
10 81 210
161 195 250
56 76 222
38 74 193
58 61 229
38 60 68
11 99 128
60 150 254
25 59 291
15 77 175
152 157 247
76 79 277
143 174 296
32 88 208
3 11 168
18 116 273
23 153 155
28 75 163
49 67 192
47 124 182
12 60 290
16 176 215
125 178 200
28 136 163
219 270 289
12 198 290
43 86 95
195 227 283
137 178 239
51 109 172
53 54 183
17 53 183
3 51 98
15 21 77
17 156 183
158 173 269
22 58 219
12 60 297
39 62 296
143 258 262
2 7 70
17 69 232
42 88 264
17 69 156
76 149 277
44 80 170
22 85 275
11 168 185
76 79 231
110 134 268
190 255 282
75 110 272
19 36 255
64 122 221
20 57 82
55 261 271
116 194 289
52 277 295
73 146 257
41 108 279
41 108 131
64 104 290
42 264 289
42 257 289
43 95 184
130 199 241
24 63 261
161 175 250
44 105 170
44 207 236
48 220 243
92 138 265
56 76 102
47 182 240
48 66 108
38 60 150
48 126 279
49 67 265
49 87 192
188 262 297
110 134 159
95 142 184
28 75 268
191 246 285
22 50 242
44 109 207
50 154 242
51 119 234
51 201 283
65 113 127
54 121 183
41 121 180
58 219 289
133 185 195
0 17 232
58 194 289
71 183 251
38 74 132
22 85 242
37 62 205
94 193 292
30 102 167
60 274 290
35 258 299
62 174 296
37 62 174
23 210 281
63 74 292
24 63 212
63 203 261
84 197 228
64 290 294
10 217 281
145 164 220
63 212 292
148 207 287
48 108 248
66 180 225
66 131 180
112 158 269
11 128 133
69 156 183
143 188 262
152 214 233
71 121 183
63 74 123
174 197 224
93 199 222
73 167 257
39 83 212
76 138 231
4 8 45
39 62 205
77 175 253
109 172 276
76 135 138
80 86 170
30 56 199
84 197 224
76 102 135
66 108 131
146 257 289
86 144 170
5 67 265
86 218 238
1 86 218
65 173 269
5 92 265
117 181 186
93 199 241
