12 81 96
30 105 117
100 161 168
40 136 168
13 21 80
26 133 176
46 166 187
69 112 130
26 57 104
75 91 119
31 86 176
34 45 99
12 81 181
22 95 184
96 132 139
114 138 193
45 163 185
31 119 176
7 164 188
4 13 164
73 160 188
93 143 170
22 35 179
0 142 179
0 42 151
22 95 194
11 22 194
0 35 128
94 110 124
10 40 168
3 29 110
94 100 168
100 110 161
94 100 110
7 152 164
161 168 180
20 47 169
61 122 156
33 109 122
71 77 192
23 126 196
133 140 148
69 130 131
17 89 173
5 31 111
48 114 115
66 101 138
51 67 111
66 91 104
37 54 57
6 54 60
139 158 178
81 167 181
12 62 96
12 62 144
12 144 181
30 105 167
30 167 181
105 137 167
30 117 144
30 144 181
16 50 178
19 99 158
96 139 178
34 139 158
45 99 163
16 158 178
34 99 158
102 144 160
19 102 158
19 21 102
19 21 99
117 144 160
21 80 99
4 13 80
4 80 99
4 51 154
7 90 152
41 90 107
9 52 87
9 52 173
32 172 183
25 155 172
25 93 170
73 117 137
73 117 160
105 117 137
73 137 143
81 143 170
125 142 184
36 81 170
22 125 184
36 81 184
42 151 183
38 42 183
0 42 142
35 64 128
125 142 179
0 35 179
22 125 179
81 95 184
95 157 194
1 157 194
20 27 47
27 145 157
74 124 199
27 145 162
20 29 169
1 145 199
1 145 157
11 74 199
3 161 180
29 124 199
3 110 161
29 110 124
3 29 83
29 83 169
118 171 191
2 88 151
47 83 169
94 171 191
14 23 79
82 174 197
78 118 197
82 118 197
2 53 88
53 94 171
82 88 151
53 82 88
28 151 183
7 28 183
9 43 121
9 85 121
9 41 43
103 108 147
9 85 108
9 108 173
17 55 89
59 89 147
55 89 113
61 106 156
23 79 126
14 59 141
14 23 135
103 135 147
23 189 196
47 136 177
63 131 198
61 189 196
61 106 189
78 189 197
15 175 198
109 120 198
33 109 192
33 146 192
49 129 186
49 120 186
49 77 192
15 129 186
49 77 129
71 77 129
44 70 129
92 127 190
149 175 198
113 130 165
79 126 134
112 130 165
17 31 195
44 92 190
69 127 140
44 70 190
26 116 133
116 123 148
70 148 190
116 133 148
56 70 123
70 123 148
97 133 176
26 75 104
97 133 140
17 31 86
17 173 195
51 84 154
87 152 164
58 65 87
4 51 58
48 154 163
51 58 111
51 67 84
31 111 195
5 67 111
5 67 98
5 8 98
101 114 138
48 84 154
48 163 185
18 115 193
37 57 187
114 115 193
18 39 166
18 39 132
24 37 187
24 39 132
46 66 104
46 153 187
75 91 104
46 104 153
6 54 56
56 123 182
57 123 182
6 56 60
11 194 199
32 183 188
138 166 193
18 166 193
38 155 183
150 155 170
25 155 170
102 144 158
136 168 180
126 134 196
63 131 134
130 131 134
47 136 180
0 128 151
127 140 148
72 122 146
85 121 174
82 121 174
82 121 151
107 121 151
49 120 192
109 120 192
10 168 191
16 144 158
28 107 151
8 98 101
97 112 165
14 135 141
76 97 165
92 149 198
92 131 198
32 172 188
89 108 147
89 108 173
52 87 195
87 90 152
86 113 165
85 103 174
3 83 180
47 83 180
81 137 143
15 186 198
78 118 191
78 106 189
10 78 106
76 97 176
74 94 124
73 93 188
72 122 156
69 97 112
69 92 127
69 92 131
68 146 177
68 136 177
64 128 151
2 64 151
7 28 90
20 27 29
38 150 159
36 142 159
76 86 176
25 172 188
29 145 199
24 60 132
13 21 164
21 164 188
21 160 188
21 102 160
46 66 166
59 135 141
18 115 139
94 168 191
23 135 197
2 11 64
127 148 190
45 139 185
59 113 130
99 154 163
24 39 166
2 11 74
5 31 119
15 44 129
48 115 139
85 103 108
5 91 101
61 63 122
11 22 64
73 93 143
26 75 119
50 62 178
57 153 187
10 68 72
4 87 164
27 29 162
69 97 140
81 137 167
66 138 166
40 68 136
38 42 159
29 145 162
2 74 94
18 132 139
155 172 183
5 8 101
2 53 94
62 96 178
23 189 197
14 130 134
103 174 197
22 35 64
41 87 90
17 55 86
28 90 107
5 91 119
48 139 185
63 134 196
24 166 187
14 59 130
15 44 175
25 93 188
10 72 106
33 122 146
7 183 188
66 91 101
48 98 101
36 142 184
26 119 176
61 63 196
36 150 159
36 150 170
37 54 60
24 37 60
34 45 139
47 146 192
103 135 197
4 99 154
53 82 118
38 150 155
68 72 146
26 57 116
9 41 87
120 186 198
41 107 121
41 43 121
42 142 159
44 92 149
44 149 175
4 58 87
10 40 68
47 146 177
72 106 156
48 67 84
48 67 98
48 101 114
10 78 191
50 62 144
16 50 144
63 109 198
65 87 195
14 79 134
52 173 195
53 118 171
1 194 199
54 56 182
54 57 182
55 86 113
59 135 147
57 116 123
76 86 165
57 104 153
58 111 195
58 65 195
59 89 113
63 109 122
