89 147 173
30 105 117
41 43 107
69 127 131
100 161 168
97 112 140
13 21 80
26 133 176
69 112 130
75 91 119
31 86 176
34 45 99
18 138 193
16 102 158
114 138 193
45 163 185
31 119 176
7 164 188
4 13 164
7 28 107
9 90 152
93 143 170
22 35 179
0 142 179
36 159 170
0 42 151
22 95 194
11 22 194
1 11 194
145 162 199
94 110 124
10 40 168
3 29 110
2 53 74
94 100 168
100 110 161
10 78 118
94 100 110
7 152 164
161 168 180
20 47 169
10 94 191
54 56 57
40 68 106
61 122 156
63 122 196
33 109 122
72 106 122
3 47 83
71 77 192
23 126 196
14 59 79
92 131 149
133 140 148
59 79 134
63 130 131
92 149 175
69 130 131
59 130 134
10 118 191
106 122 156
17 89 173
108 147 173
48 114 115
66 101 138
44 92 175
6 54 60
24 39 187
12 62 96
12 62 144
12 144 181
81 143 167
30 105 167
30 167 181
16 50 62
32 93 188
105 137 167
30 117 144
30 144 181
16 62 144
16 50 178
4 154 163
96 139 178
45 99 163
48 115 185
115 139 185
4 99 163
16 158 178
4 58 164
19 102 158
13 164 188
19 21 102
19 21 99
117 144 160
21 80 99
4 13 80
4 80 99
4 51 154
9 41 90
7 90 152
9 52 87
9 52 173
38 142 159
13 21 188
32 172 183
25 155 172
25 93 170
73 117 137
137 143 167
105 117 137
73 137 143
81 143 170
150 159 170
125 142 184
36 81 170
36 81 184
38 42 142
11 64 74
2 64 128
0 42 142
2 64 74
35 64 128
125 142 179
22 125 179
81 95 184
95 157 194
53 74 124
20 27 47
27 145 157
74 124 199
27 145 162
20 29 169
1 145 199
11 74 199
29 162 199
1 11 199
29 124 199
29 110 124
3 47 180
3 29 83
29 83 169
40 68 177
118 171 191
47 83 169
94 171 191
14 23 79
23 135 189
82 174 197
135 174 197
78 118 197
82 118 197
82 88 151
53 82 88
28 151 183
7 28 183
43 107 121
9 41 43
103 108 147
9 87 152
59 89 130
59 141 147
17 55 89
59 89 147
17 55 113
135 189 197
23 79 126
14 59 141
14 141 147
103 135 174
14 23 135
10 94 168
23 189 196
10 40 106
47 136 177
47 177 192
68 72 106
146 177 192
61 189 196
61 122 196
78 189 197
109 122 198
33 109 192
33 146 192
49 120 186
49 77 192
15 129 186
44 70 129
92 127 190
131 149 198
113 130 165
79 126 134
63 130 134
69 112 140
76 86 113
112 130 165
17 31 195
44 92 190
92 127 131
69 127 140
44 70 190
127 140 190
26 116 133
17 86 113
116 123 148
26 116 123
116 133 148
56 70 123
70 123 148
97 133 176
104 153 187
97 133 140
76 112 165
86 97 176
76 113 165
76 86 97
76 97 112
17 31 86
65 111 195
51 84 154
58 65 111
87 152 164
52 65 87
58 87 164
58 65 87
4 51 58
48 154 163
51 67 84
5 8 91
31 111 195
8 66 91
8 66 101
101 114 138
48 84 154
48 163 185
18 115 193
114 115 193
18 138 166
18 39 166
18 39 132
24 37 187
24 39 132
57 104 187
39 166 187
75 91 104
46 104 153
6 54 56
26 57 123
56 123 182
57 123 182
56 57 182
6 56 60
32 183 188
40 168 177
136 168 177
106 156 189
38 155 183
150 155 170
25 155 170
46 153 166
153 166 187
145 157 194
136 168 180
126 134 196
47 136 180
0 128 151
53 124 171
72 122 146
63 122 131
85 121 174
82 121 174
82 121 151
107 121 151
49 120 192
109 120 192
3 110 180
109 120 186
28 107 151
2 128 151
8 98 101
81 96 167
22 95 125
73 93 117
85 103 174
61 156 189
109 186 198
15 186 198
78 106 189
10 78 106
70 140 190
68 146 177
55 89 130
20 27 29
38 150 159
36 142 159
95 125 184
51 58 67
24 60 132
58 67 111
21 160 188
1 145 194
21 102 160
46 66 166
19 34 99
18 115 139
110 161 180
16 144 160
17 52 195
16 102 160
45 139 185
15 149 198
15 149 175
5 31 119
15 44 129
31 67 111
85 103 108
9 43 85
18 96 139
11 22 64
73 93 143
117 160 188
26 75 119
50 62 178
46 66 91
38 151 183
27 29 162
93 117 188
49 71 77
14 103 147
43 85 121
66 138 166
49 71 186
155 172 183
18 96 132
19 34 158
94 124 171
34 158 178
62 96 178
22 35 64
7 41 107
5 91 119
63 134 196
7 41 90
71 129 186
15 44 175
33 122 146
7 183 188
34 139 178
37 54 187
70 140 148
48 98 101
36 142 184
2 53 151
26 119 176
54 57 187
35 128 179
25 32 172
37 54 60
24 37 60
8 67 98
34 45 139
53 82 118
38 150 155
68 72 146
38 42 151
5 8 67
0 128 179
85 108 173
17 52 173
25 32 93
55 113 130
14 103 135
5 31 67
9 85 173
46 91 104
26 57 75
48 67 84
48 67 98
48 101 114
122 131 198
12 167 181
52 65 195
53 118 171
53 88 151
57 75 104
12 96 167
