18 64 66
1 17 79
6 29 51
42 58 99
16 21 96
15 65 68
9 59 65
2 3 39
2 73 74
63 66 77
0 24 54
5 30 71
40 52 61
42 58 85
1 23 79
0 32 33
40 52 94
11 76 84
48 52 61
47 82 97
20 22 97
5 32 67
5 32 88
33 51 60
6 29 85
29 85 95
58 83 95
58 85 95
6 51 85
1 42 64
21 23 89
16 69 96
21 49 96
16 21 89
7 69 96
17 59 65
9 49 59
9 15 65
7 41 78
15 41 53
7 41 53
10 26 81
15 41 68
8 26 37
46 65 91
10 41 68
8 28 37
3 19 93
4 42 87
4 13 63
24 38 54
43 73 92
34 73 74
2 3 43
2 43 73
3 43 63
34 73 92
34 35 74
2 62 74
2 14 62
14 31 36
14 36 62
31 35 36
31 35 56
48 54 90
52 55 94
35 52 55
30 40 57
48 52 90
54 56 90
5 30 57
24 45 71
30 40 61
24 30 71
4 13 72
42 85 98
4 72 80
4 42 64
1 42 99
12 80 87
4 80 87
32 67 76
33 47 60
33 88 98
32 33 88
5 67 71
11 45 86
0 76 84
0 32 76
11 84 86
0 84 86
70 91 93
40 72 94
67 71 76
11 71 76
27 70 93
66 70 77
3 63 93
27 63 93
22 51 60
18 70 91
25 69 89
38 54 61
1 17 64
25 83 99
50 65 68
3 44 75
20 22 83
12 57 88
52 56 90
17 65 91
11 45 71
3 19 50
23 49 79
12 42 98
10 50 68
13 72 94
12 88 98
36 62 74
16 69 89
13 63 92
25 89 99
58 83 99
34 35 92
3 50 75
55 92 94
17 18 91
3 39 44
0 45 86
2 28 37
9 49 53
29 83 95
20 25 97
1 89 99
1 23 89
2 28 44
47 60 97
63 64 66
46 91 93
28 44 50
33 51 85
9 15 53
18 66 70
25 82 97
13 92 94
33 85 98
48 54 61
46 50 93
0 24 45
24 30 61
24 38 61
20 25 83
25 69 82
10 26 41
26 37 41
8 26 50
26 50 81
49 59 79
8 28 50
35 55 92
22 29 83
17 59 79
10 50 81
2 39 44
35 36 74
37 41 78
40 57 72
21 23 49
12 57 80
44 50 75
43 63 92
35 52 56
49 53 96
22 29 51
46 50 65
22 60 97
19 50 93
7 53 96
57 72 80
5 57 88
12 42 87
4 63 64
63 70 77
27 63 70
17 18 64
