58 89 99
6 29 51
20 82 97
16 21 96
10 26 37
15 65 68
9 59 65
3 39 75
65 70 91
39 44 75
8 26 81
0 24 54
0 32 33
47 82 97
20 69 82
22 25 83
5 32 88
22 29 60
22 29 95
58 83 95
22 83 95
58 85 95
6 51 85
1 42 64
58 83 89
16 69 96
7 49 96
7 69 96
17 59 65
9 49 59
9 15 65
7 41 78
7 15 53
7 41 53
27 46 93
28 44 75
37 39 44
19 46 50
46 50 68
18 66 77
4 64 66
24 38 54
43 73 92
13 55 94
2 37 39
34 73 74
3 43 63
34 73 92
34 35 74
35 62 74
2 14 62
14 31 36
31 35 36
31 35 56
48 54 90
52 55 94
35 52 55
54 56 90
12 72 80
24 45 71
38 48 54
24 30 38
30 40 61
24 30 71
4 13 72
4 72 80
1 42 99
12 80 87
4 80 87
42 87 98
33 51 98
12 87 98
51 85 98
33 47 60
33 88 98
32 33 88
11 45 67
45 67 71
11 84 86
0 24 86
0 84 86
42 98 99
1 79 99
23 79 89
79 89 99
40 72 94
18 70 77
65 68 91
46 68 91
67 76 84
4 64 87
3 63 93
27 63 93
23 49 59
22 25 69
20 22 69
21 23 96
20 22 60
12 40 72
17 18 70
25 69 89
17 65 70
40 57 67
16 23 89
7 15 49
42 64 87
9 15 49
14 35 62
0 32 84
14 35 36
13 66 77
12 57 88
12 40 57
3 19 50
20 60 97
13 63 77
6 29 95
6 85 95
3 39 73
13 72 94
29 33 60
12 88 98
16 69 89
3 46 93
5 32 76
17 18 79
48 56 90
3 43 73
8 50 68
34 35 92
3 50 75
48 61 94
8 68 81
11 24 45
1 64 66
47 60 97
1 18 79
16 21 23
29 33 51
48 52 56
5 67 76
26 28 44
10 15 68
11 24 86
1 18 66
8 26 28
26 37 44
10 26 68
28 50 75
27 70 91
23 49 96
27 46 91
8 28 50
35 55 92
40 61 94
17 59 79
58 85 98
3 19 46
32 76 84
30 40 67
4 13 66
2 39 73
11 67 84
10 37 41
37 41 78
30 38 61
38 48 61
10 15 53
48 52 94
25 83 89
43 63 92
62 73 74
35 52 56
58 98 99
10 41 53
13 55 63
26 68 81
55 63 92
30 67 71
5 57 67
5 57 88
23 59 79
2 62 73
63 70 77
27 63 70
