20 22 25
13 40 94
22 47 97
1 17 79
21 49 59
17 23 59
21 23 59
16 21 96
1 17 18
9 59 65
65 70 91
39 44 75
2 73 74
63 66 77
0 24 54
40 52 61
34 55 92
1 23 79
0 32 33
11 76 84
48 52 61
20 22 97
22 47 60
5 32 88
33 51 60
6 29 85
29 85 95
58 83 95
58 85 95
1 42 64
17 23 79
21 23 89
16 69 96
21 49 96
16 21 89
7 69 96
9 49 59
7 41 78
46 65 68
15 41 53
7 41 53
10 41 78
15 41 68
8 26 37
46 65 91
10 41 68
8 28 37
19 46 50
18 66 77
4 42 87
4 64 66
13 57 72
24 38 54
34 73 74
2 43 73
3 43 63
34 73 92
2 62 74
35 62 74
2 14 62
14 31 36
31 35 36
31 35 56
48 54 90
30 40 57
54 56 90
13 40 57
30 40 61
4 13 72
42 85 98
4 42 64
12 57 72
4 80 87
42 87 98
12 57 98
33 47 60
32 33 88
45 67 71
0 84 86
12 80 98
27 77 93
18 70 77
27 70 77
69 89 99
80 87 98
22 51 60
2 39 43
57 88 98
55 73 92
38 54 61
25 83 99
3 19 39
14 35 62
0 32 84
25 69 97
14 35 36
9 15 68
33 51 88
35 48 56
6 22 29
3 77 93
16 69 89
4 12 80
3 46 93
4 12 72
5 32 76
48 56 90
13 63 94
6 22 51
58 83 99
1 58 99
10 26 78
0 45 86
1 58 85
25 29 83
2 28 37
9 49 53
3 63 77
19 39 75
29 83 95
20 25 97
1 42 85
1 89 99
1 23 89
11 45 76
2 28 44
1 64 66
22 25 29
6 88 98
46 91 93
9 15 53
9 65 68
5 67 76
35 48 52
8 44 75
48 54 61
13 63 66
0 24 45
6 85 98
17 18 59
8 28 44
24 30 61
24 38 61
1 18 66
25 69 99
6 51 88
8 26 50
26 50 81
10 26 68
40 55 94
26 37 78
43 63 94
3 39 43
27 70 91
43 73 94
45 84 86
24 30 45
30 45 71
46 50 81
2 39 44
3 19 46
45 67 76
19 50 75
32 76 84
4 13 66
34 55 74
11 45 84
27 91 93
46 68 81
47 69 82
47 69 97
49 53 96
8 50 75
52 55 74
59 65 70
35 52 74
7 53 96
26 68 81
55 73 94
57 67 71
5 57 67
30 57 71
5 57 88
40 52 55
18 59 70
