10 68 81
18 64 66
35 52 90
1 17 79
17 23 59
42 58 99
16 21 96
10 37 78
10 26 37
1 17 18
9 59 65
65 70 91
2 3 39
63 66 77
18 27 70
34 55 92
1 23 79
0 32 33
47 82 97
16 25 69
5 32 67
22 25 83
5 32 88
33 51 60
58 83 95
58 85 95
1 23 99
17 23 79
23 89 99
16 69 96
7 69 96
17 59 65
9 49 59
7 15 53
10 41 78
10 26 81
27 46 93
8 26 37
8 28 37
8 28 75
37 39 44
3 19 75
19 46 50
3 19 93
27 63 77
19 46 93
3 27 93
34 35 55
3 27 63
2 37 39
2 43 73
34 73 92
34 35 74
2 62 74
35 62 74
2 14 62
14 31 36
31 35 36
31 35 56
52 55 94
35 52 55
48 52 90
30 38 48
30 48 61
30 40 61
4 13 72
4 72 80
1 42 99
42 87 98
33 51 98
12 57 98
32 67 76
33 47 60
33 88 98
32 33 88
11 67 76
0 76 84
0 32 76
0 24 86
0 84 86
12 80 98
11 76 86
40 72 94
65 68 91
80 87 98
46 68 91
4 64 80
22 51 60
21 23 96
4 13 64
57 88 98
18 42 64
17 18 70
17 65 70
55 73 92
43 55 94
25 83 99
16 23 89
15 41 78
37 44 75
9 15 49
14 35 62
3 44 75
14 35 36
15 53 78
9 15 68
7 53 78
30 40 71
11 45 71
11 67 71
38 45 71
20 60 97
6 29 95
6 85 95
2 43 63
13 72 94
6 22 29
2 34 74
2 3 63
25 89 99
13 63 94
0 38 54
6 22 51
58 83 99
48 61 94
3 39 44
16 25 89
13 63 64
20 25 60
11 24 45
24 38 45
76 84 86
0 24 38
29 83 95
20 25 97
15 49 96
47 60 97
63 64 66
16 21 23
42 80 87
9 65 68
25 82 97
1 18 42
27 66 77
7 15 96
5 40 67
5 40 57
10 15 68
10 15 41
11 24 86
6 85 98
6 51 98
38 54 90
22 25 60
42 58 98
23 59 96
25 69 82
8 26 50
26 50 81
43 63 94
18 27 66
27 70 91
27 46 91
22 29 83
40 61 94
46 50 81
58 85 98
19 50 75
35 54 56
35 54 90
28 37 75
30 38 71
49 59 96
38 48 90
48 52 94
40 67 71
40 57 72
2 34 73
42 64 80
12 57 80
46 68 81
8 50 75
43 55 73
57 72 80
5 57 88
