128 208 293
128 208 378
59 116 210
43 183 212
56 207 231
171 196 295
25 140 200
48 290 336
29 291 398
96 201 340
7 117 279
97 175 193
69 83 236
8 293 337
178 248 371
59 181 349
19 62 73
113 300 347
148 165 276
38 242 334
179 274 310
106 271 331
4 197 272
71 184 244
206 264 276
228 255 262
7 124 272
18 290 339
75 302 375
46 48 107
22 107 135
7 48 232
164 228 255
107 135 209
244 257 330
57 71 302
11 143 375
71 172 302
77 240 375
39 88 182
140 146 308
25 74 351
25 94 146
13 22 135
74 94 256
13 67 95
191 224 377
13 67 362
84 359 362
84 322 359
359 362 386
8 31 139
49 55 315
203 277 289
130 175 193
195 277 289
97 180 193
69 83 370
180 236 297
87 312 382
128 170 307
203 243 277
195 248 283
168 243 305
53 63 190
170 174 278
14 55 230
31 88 323
106 140 331
8 139 145
25 74 94
31 323 325
31 88 182
39 139 182
247 308 384
23 132 372
38 112 181
23 132 166
65 157 162
55 152 230
134 220 296
73 134 381
116 210 365
44 324 328
152 230 286
113 300 395
80 156 300
62 73 102
9 258 320
38 177 242
41 91 216
335 350 385
59 219 221
32 108 284
218 219 329
108 388 396
21 348 352
60 242 334
163 179 310
163 179 235
165 189 264
163 284 310
72 266 374
108 334 388
45 273 369
115 189 345
24 212 352
172 184 330
21 348 388
184 244 330
56 172 358
114 213 369
56 172 231
50 267 288
198 245 341
169 199 330
1 141 254
47 133 354
16 32 284
90 133 380
47 246 310
72 295 374
22 238 327
18 46 290
33 255 357
164 202 228
228 262 355
119 164 202
52 58 291
52 119 291
138 205 322
255 262 357
52 205 270
12 119 202
12 202 228
33 125 357
22 238 285
125 343 357
22 107 327
292 362 386
84 205 270
262 355 376
136 161 360
238 285 339
18 238 339
136 232 261
46 107 327
46 48 290
48 232 336
48 107 209
290 336 360
161 290 360
161 171 274
7 232 272
136 336 360
136 161 251
136 232 336
136 251 392
7 48 209
124 197 272
4 261 272
57 75 302
143 160 279
7 124 279
94 256 346
160 197 279
124 197 279
67 256 346
7 117 209
6 67 256
117 135 209
13 95 135
95 117 135
67 117 346
67 95 117
13 84 362
6 67 362
6 292 362
137 150 259
6 74 256
6 233 292
233 303 351
29 237 317
140 200 331
6 74 233
94 100 346
100 143 346
11 100 143
143 160 375
77 302 375
94 146 318
146 240 318
140 247 308
106 140 247
271 331 332
51 222 259
74 233 351
25 140 146
25 200 338
259 303 338
96 137 149
51 259 338
79 259 303
150 222 259
17 155 186
191 321 377
96 137 150
84 205 322
224 269 377
79 137 259
109 154 317
52 138 205
29 317 398
29 58 291
109 138 154
154 237 317
138 154 237
119 180 398
119 291 398
109 269 317
17 223 321
127 223 321
17 211 223
127 211 223
127 211 398
17 186 211
226 229 389
87 229 389
153 211 226
153 186 211
201 241 340
17 155 340
155 241 337
155 241 340
155 186 337
293 337 382
31 208 325
174 227 253
68 83 131
68 142 312
180 297 367
226 367 389
211 226 367
66 123 282
93 281 314
282 370 393
130 193 281
159 193 281
68 83 236
68 131 312
159 281 314
159 180 193
93 130 281
93 129 130
81 129 130
66 130 175
168 203 243
20 81 129
66 81 203
203 260 307
66 81 130
66 203 260
66 123 175
260 307 393
260 282 393
66 260 282
128 131 312
203 289 307
34 88 227
170 289 307
5 63 190
5 178 195
170 283 289
147 168 305
78 192 368
78 147 277
78 195 277
195 283 289
178 195 248
5 63 178
190 342 368
192 368 379
78 342 368
53 62 217
53 62 111
5 78 195
49 313 315
111 361 387
53 63 111
55 152 315
111 315 387
152 315 387
126 299 399
44 89 151
14 49 55
14 34 49
170 253 378
49 174 313
128 170 378
170 174 253
253 323 378
8 31 208
8 208 293
51 139 145
31 139 182
39 51 139
200 331 332
372 390 399
144 252 309
105 144 252
120 132 372
120 372 399
70 92 183
42 299 383
10 24 207
24 43 207
21 24 82
70 183 304
38 181 348
210 328 365
42 328 365
42 44 328
42 151 299
299 383 390
299 390 399
42 44 151
89 126 230
126 151 299
44 89 286
152 157 286
89 230 286
89 126 151
2 73 102
62 102 217
78 147 192
2 28 366
19 85 225
2 73 381
2 28 215
27 220 397
215 220 397
134 215 220
19 85 296
27 220 296
65 324 356
19 225 265
36 324 356
44 65 324
36 113 356
26 103 258
113 347 356
156 300 347
80 103 258
28 215 397
54 185 333
9 185 258
185 258 333
41 64 91
9 28 320
40 176 335
26 103 216
37 326 366
176 335 350
41 64 326
26 41 216
40 91 391
40 64 326
40 64 91
250 350 385
40 335 391
187 188 385
188 250 385
187 188 329
36 113 210
59 219 394
113 394 395
177 218 221
188 218 329
30 59 349
30 59 116
181 212 352
181 348 352
38 76 334
38 76 348
38 112 177
218 219 221
112 177 221
176 177 242
40 176 326
176 179 274
35 176 179
35 60 235
148 276 288
108 235 284
114 388 396
267 288 396
163 235 284
35 179 235
16 284 310
47 246 373
16 246 310
61 206 373
32 276 288
148 165 189
165 264 276
86 273 345
50 148 288
86 273 301
199 330 364
114 267 396
45 213 369
50 114 267
114 213 239
50 114 369
10 110 239
21 24 352
21 82 388
110 213 239
10 82 239
24 43 212
10 24 82
10 56 207
23 92 214
106 263 271
166 214 384
104 214 384
23 166 214
23 92 372
104 214 231
71 172 184
169 257 330
104 172 231
104 172 302
75 160 375
75 160 306
57 71 75
0 71 244
0 169 257
169 275 341
298 330 364
172 330 358
110 213 298
298 330 358
199 301 364
86 199 301
295 316 374
86 173 275
234 295 316
268 319 341
249 268 275
0 118 169
198 319 341
0 244 257
232 261 272
15 287 363
4 160 197
287 363 392
251 287 392
261 344 392
136 261 392
15 171 287
1 99 254
15 254 363
344 363 392
1 141 319
121 141 254
121 141 319
268 275 341
173 249 275
249 268 319
15 171 204
171 204 295
173 234 249
171 194 196
3 90 353
171 194 274
90 133 266
115 173 316
173 234 316
86 115 345
86 115 173
101 115 189
148 189 345
98 189 264
98 101 189
167 194 196
266 354 374
133 266 354
61 246 373
47 133 380
274 310 380
47 310 380
3 90 266
3 167 353
122 167 353
122 167 194
122 194 274
98 354 373
339 355 376
280 339 355
339 343 376
311 365 383
11 318 375
142 312 389
79 303 386
142 297 389
292 303 386
122 274 353
45 273 364
273 301 364
120 271 399
105 271 399
138 269 322
334 348 388
285 339 343
108 235 334
229 294 382
87 229 382
181 212 304
183 212 304
87 312 389
47 354 373
121 204 254
15 204 254
294 337 382
187 335 391
180 211 367
178 313 371
63 178 313
176 250 350
228 280 355
161 171 251
170 248 278
169 245 341
72 167 295
72 167 266
162 225 361
158 192 379
2 158 366
208 323 378
158 192 366
157 361 387
153 229 294
150 201 222
50 148 369
177 218 250
91 329 391
8 145 337
145 241 337
181 304 349
144 271 332
105 144 271
39 144 200
137 224 322
188 218 250
132 166 384
83 131 370
20 129 168
128 131 393
127 269 377
127 321 377
127 317 398
127 269 317
126 230 252
174 278 371
68 142 236
39 51 200
85 156 347
12 228 280
27 156 296
273 345 369
99 198 245
18 46 238
45 213 298
104 302 384
26 41 258
70 383 390
59 113 210
45 298 364
146 240 308
37 41 326
14 34 309
167 196 295
34 49 174
147 243 277
33 52 270
33 52 255
27 80 156
43 92 183
262 343 357
16 32 206
51 201 222
30 349 383
30 311 365
304 349 383
34 174 227
36 324 328
65 85 225
28 37 320
69 97 175
28 37 366
101 115 374
27 54 185
233 292 303
30 311 383
86 169 199
225 265 361
176 177 250
147 243 305
25 303 351
254 344 363
153 186 294
103 329 395
14 230 252
11 94 318
9 185 397
54 258 333
121 249 319
17 149 191
82 114 239
17 96 149
27 54 80
170 248 283
70 304 383
96 150 201
25 303 338
46 238 327
43 92 207
109 138 269
10 56 358
144 200 332
2 134 215
11 94 100
60 235 334
174 313 371
37 41 320
4 245 344
19 62 111
13 22 84
1 99 198
2 102 379
27 185 397
248 278 371
10 110 298
4 261 344
51 201 241
118 169 245
2 158 379
41 258 320
22 125 343
17 191 321
0 71 75
90 353 380
9 28 397
187 335 385
16 61 206
0 4 118
0 75 306
171 251 287
14 252 309
77 302 384
131 370 393
4 160 306
93 129 168
208 323 325
102 217 368
33 84 270
137 149 191
240 318 375
99 254 344
4 118 245
16 61 246
1 198 319
17 96 340
132 263 271
34 88 309
121 234 249
2 134 381
35 60 176
76 334 348
3 167 266
219 394 395
137 191 224
80 103 300
180 211 398
19 134 296
152 157 387
22 285 343
297 367 389
77 240 308
51 200 338
52 119 255
51 145 241
53 190 368
53 217 368
54 80 258
30 116 365
93 168 314
105 126 399
227 253 323
81 168 203
58 138 237
98 206 264
79 322 386
19 111 265
52 58 138
103 216 329
29 58 237
128 293 312
59 113 394
60 176 242
92 214 231
63 111 315
19 73 134
63 313 315
88 227 323
33 84 125
65 162 225
92 207 231
274 353 380
44 65 286
32 206 276
105 126 252
0 4 306
69 123 175
69 180 236
69 97 180
69 123 282
77 308 384
32 108 288
69 282 370
36 210 328
79 137 322
224 269 322
262 343 376
85 156 296
10 298 358
78 190 342
42 365 383
5 78 190
121 204 295
20 81 168
153 226 229
187 329 391
82 114 388
219 329 395
117 143 346
65 85 356
86 169 275
112 181 221
88 144 309
128 307 393
59 181 221
39 88 144
142 236 297
91 216 329
92 372 390
70 92 390
121 234 295
115 316 374
103 300 395
65 157 286
102 368 379
98 206 373
98 354 374
132 263 384
98 101 374
99 245 344
293 312 382
186 294 337
85 347 356
108 288 396
106 263 384
106 247 384
22 84 125
148 345 369
120 132 271
111 265 361
117 143 279
322 359 386
157 162 361
119 164 255
