180 367 398
128 208 293
128 208 378
43 183 212
56 207 231
171 196 295
48 290 336
29 291 398
96 201 340
13 22 125
11 240 318
87 142 312
39 144 309
20 168 203
69 83 236
128 293 382
8 293 337
178 248 371
59 181 349
65 347 356
19 62 73
70 372 390
148 165 276
179 274 310
4 197 272
117 279 346
71 184 244
206 264 276
72 196 295
7 124 272
75 302 375
22 107 135
107 135 209
244 257 330
101 115 316
57 71 302
11 143 375
71 172 302
39 88 182
140 146 308
13 22 135
74 94 256
13 67 95
29 52 58
84 322 359
8 31 139
69 97 123
97 180 193
180 236 297
153 294 382
128 170 307
19 265 361
203 243 277
243 277 305
195 248 283
168 243 305
53 63 190
170 174 278
14 55 230
34 49 227
8 139 145
31 323 325
247 308 384
23 132 372
76 334 388
38 112 181
23 132 166
329 394 395
44 324 328
113 300 395
62 73 102
41 91 216
335 350 385
59 219 221
177 188 218
218 219 329
108 388 396
21 348 352
76 348 388
176 177 350
163 179 310
163 179 235
72 266 374
108 334 388
45 273 369
115 189 345
45 301 364
24 212 352
21 348 388
184 244 330
56 172 358
114 213 369
56 172 231
50 267 288
198 245 341
169 199 330
99 344 363
1 99 319
99 254 363
121 204 234
16 32 284
90 133 380
47 246 310
72 295 374
12 280 355
22 238 327
33 255 357
285 339 376
164 202 228
228 262 355
119 164 202
52 58 291
52 119 291
255 262 357
12 119 202
33 125 357
22 238 285
33 255 270
125 343 357
22 107 327
84 205 270
285 343 376
262 355 376
136 161 360
238 285 339
18 238 339
136 232 261
46 107 327
48 107 209
161 290 360
161 171 274
7 232 272
11 100 318
136 161 251
136 232 336
136 251 392
7 48 209
124 197 272
57 75 302
143 160 279
160 197 279
124 197 279
67 256 346
13 95 135
95 117 135
67 117 346
67 95 117
6 292 362
6 233 292
233 303 351
140 200 331
143 279 346
100 143 346
11 100 143
77 302 375
77 146 308
77 146 240
94 100 318
94 146 318
146 240 318
140 247 308
247 263 384
271 331 332
39 51 338
74 233 351
25 200 338
259 303 338
303 338 351
96 137 149
51 259 338
96 150 222
17 155 186
96 201 222
191 321 377
79 359 386
96 137 150
79 322 359
79 224 322
79 137 224
52 138 205
138 224 322
29 58 291
154 237 317
119 180 398
119 291 398
269 321 377
17 223 321
127 223 321
17 211 223
127 269 321
127 211 223
127 211 398
226 229 389
211 367 398
153 211 226
201 241 340
17 155 340
155 186 337
293 337 382
31 208 325
174 227 253
83 131 393
68 142 312
180 297 367
87 294 382
87 229 294
226 367 389
211 226 367
68 142 297
68 236 297
282 370 393
130 193 281
68 131 312
93 130 281
20 93 129
66 130 175
168 203 243
20 81 129
20 81 203
66 81 203
66 81 130
66 123 175
260 307 393
260 282 393
97 123 175
83 370 393
123 282 370
128 131 312
203 289 307
34 88 227
248 278 283
170 278 283
170 289 307
5 63 190
170 283 289
102 192 379
147 277 305
147 168 305
78 192 368
195 283 289
178 195 248
63 178 371
5 63 178
5 78 342
192 368 379
78 342 368
53 62 217
53 62 111
53 190 217
5 190 342
49 313 315
111 361 387
53 63 111
111 313 315
55 152 315
111 315 387
152 315 387
126 299 399
14 34 88
174 278 313
170 253 378
49 174 313
88 253 323
128 170 378
170 174 253
253 323 378
49 174 227
88 227 253
323 325 378
8 31 208
8 208 293
208 325 378
39 200 338
51 139 145
31 139 182
200 331 332
372 390 399
105 271 332
14 88 309
105 144 332
39 88 309
105 120 271
120 132 372
106 247 263
120 263 271
70 92 183
42 299 383
10 24 207
24 43 207
21 24 82
181 349 383
70 183 304
42 311 383
38 181 348
210 324 328
59 210 394
181 304 383
116 311 365
42 328 365
42 311 365
36 210 324
42 44 328
42 151 299
299 383 390
299 390 399
42 44 151
89 126 230
44 157 286
126 151 299
152 157 286
89 230 286
89 126 151
62 102 217
78 147 192
102 158 192
2 28 366
134 215 381
2 73 381
2 28 215
2 215 381
215 220 397
134 215 220
19 85 296
65 324 356
85 296 347
19 73 296
36 324 356
44 65 324
36 113 356
65 85 347
26 103 258
27 156 347
156 300 347
27 54 156
27 296 347
28 215 397
54 80 333
9 185 258
185 258 333
41 64 91
9 28 320
40 176 335
37 326 366
176 335 350
41 64 326
26 41 320
91 187 391
26 41 216
91 187 216
40 91 391
40 64 326
40 64 91
250 350 385
177 188 250
40 335 391
187 216 329
187 188 329
36 113 210
113 210 394
59 219 394
30 116 311
219 329 394
113 394 395
177 218 221
188 218 329
30 59 349
181 212 352
181 348 352
38 76 334
38 76 348
218 219 221
35 60 242
177 250 350
112 177 221
176 177 242
40 176 326
176 179 274
35 176 179
35 176 242
60 108 334
35 60 235
148 276 288
114 388 396
163 235 284
35 179 235
60 108 235
32 108 396
16 206 246
16 246 310
61 206 373
32 276 288
165 264 276
86 273 345
50 148 288
86 273 301
101 316 374
199 330 364
213 298 364
45 213 369
114 213 239
21 24 352
21 82 388
110 213 239
24 43 212
10 24 82
10 56 207
70 92 372
23 92 214
120 132 263
166 214 384
104 214 384
23 166 214
23 92 372
104 214 231
104 308 384
71 172 184
169 257 330
104 172 231
57 71 75
0 71 306
0 71 244
0 169 257
169 275 341
298 330 364
110 213 298
199 301 364
45 213 364
45 273 301
86 199 301
295 316 374
234 295 316
249 268 275
0 244 257
118 245 341
15 287 363
4 160 197
287 363 392
245 261 344
251 287 392
261 344 392
136 261 392
1 99 254
15 254 363
344 363 392
15 121 204
121 141 254
121 141 319
268 275 341
173 249 275
249 268 319
121 234 319
15 121 254
204 234 295
171 204 295
173 234 249
234 249 319
171 194 196
3 90 353
171 194 274
115 173 316
173 234 316
86 115 345
101 115 189
148 189 345
47 98 354
98 189 264
98 101 189
167 194 196
266 354 374
3 72 266
61 206 246
47 98 373
47 133 380
274 310 380
47 310 380
72 167 196
90 274 380
3 72 167
3 167 353
122 194 274
339 355 376
280 339 355
155 337 340
142 297 389
134 296 381
292 359 386
278 313 371
90 274 353
122 274 353
50 267 369
263 271 331
106 263 331
6 256 362
67 256 362
1 254 319
140 247 331
237 317 398
217 342 368
190 217 342
181 212 304
183 212 304
52 205 255
205 255 270
15 204 287
204 251 287
171 204 251
12 202 355
202 228 355
198 268 341
54 333 397
122 194 353
191 269 377
191 224 269
187 335 391
31 182 323
113 300 356
180 193 281
159 180 281
104 172 308
161 171 251
77 172 308
164 228 262
164 255 262
2 158 366
158 192 366
157 361 387
157 162 225
154 269 317
153 186 337
153 229 294
89 151 286
79 150 303
50 148 369
148 273 369
148 273 345
148 189 264
140 146 200
8 145 337
145 241 337
109 154 269
39 144 200
87 142 229
138 224 269
136 290 336
136 290 360
132 166 384
83 131 236
68 131 236
128 131 393
127 317 398
127 269 317
84 125 362
123 260 282
99 198 245
47 266 354
18 46 339
18 46 238
70 383 390
5 78 178
157 225 361
44 157 162
93 159 281
51 150 259
7 135 209
37 41 326
148 165 264
114 369 396
7 117 135
116 328 365
14 34 55
25 74 146
147 195 277
54 156 300
43 92 183
74 338 351
262 343 357
16 32 206
105 252 309
51 201 222
184 298 358
30 349 383
34 49 315
30 59 210
29 52 138
65 85 225
28 37 320
28 37 366
233 292 303
27 134 220
27 134 296
267 369 396
29 237 398
46 107 290
30 311 383
86 169 199
225 265 361
26 103 329
47 133 266
116 210 328
47 61 373
66 123 260
26 216 329
74 233 256
141 254 319
195 203 289
103 329 395
14 230 252
9 185 397
17 149 191
25 146 200
82 114 239
38 60 242
17 96 149
70 304 383
195 203 277
11 77 240
9 26 258
46 238 327
142 229 389
43 92 207
109 138 269
10 56 358
144 200 332
112 177 242
32 108 235
19 85 265
97 130 193
37 41 320
0 118 341
54 80 300
4 232 261
19 62 111
32 235 284
248 278 371
10 110 298
184 298 330
51 201 241
63 111 371
4 232 272
84 292 359
22 125 343
0 169 341
17 191 321
9 28 397
187 335 385
0 4 118
185 333 397
167 194 353
14 252 309
111 313 371
3 133 266
172 184 358
4 160 306
153 337 382
32 267 396
4 245 261
102 217 368
33 84 270
137 149 191
17 153 211
86 115 275
4 118 245
85 225 265
16 163 310
75 143 160
84 138 322
17 96 340
29 138 237
17 153 186
47 61 246
66 203 307
30 116 210
25 74 338
137 191 224
80 103 300
3 90 133
152 157 387
32 267 288
51 139 182
22 285 343
297 367 389
69 83 123
7 48 336
99 268 319
52 119 255
51 145 241
54 220 397
55 152 286
93 168 314
9 26 320
105 126 399
71 75 160
78 178 195
98 206 264
92 214 231
19 111 361
79 292 303
106 247 331
33 84 125
10 82 110
65 162 225
92 207 231
105 126 230
105 230 252
115 173 275
32 206 276
66 260 307
13 67 125
67 125 362
0 4 306
69 180 236
44 65 162
69 97 180
79 137 150
105 144 309
73 102 158
2 73 158
262 343 376
34 55 315
77 172 302
10 298 358
6 233 256
74 94 146
55 230 286
82 110 239
79 292 386
38 60 334
81 93 130
87 128 312
117 124 279
81 93 129
105 372 399
153 226 229
82 114 388
75 143 375
83 123 370
84 138 205
84 292 362
11 77 375
150 259 303
86 169 275
112 181 221
87 128 382
128 307 393
7 232 336
59 181 221
39 51 182
187 250 385
93 159 314
48 107 290
97 130 175
103 300 395
109 154 237
102 368 379
98 206 373
98 354 374
132 263 384
20 93 168
98 101 374
99 245 344
241 337 340
99 198 268
51 150 222
73 296 381
78 147 195
100 256 346
94 100 256
300 347 356
80 103 333
103 258 333
16 163 284
105 120 372
27 54 220
187 188 250
109 138 237
44 151 286
38 112 242
46 290 339
71 160 306
7 117 124
88 182 323
119 164 255
