70 304 390
128 208 378
43 183 212
171 196 295
25 140 200
48 290 336
29 291 398
96 201 340
13 22 125
17 149 340
87 142 312
20 168 203
69 83 236
8 293 337
59 181 349
19 62 73
70 372 390
113 300 347
179 274 310
106 271 331
4 197 272
92 207 214
117 279 346
71 184 244
52 164 255
280 339 376
18 290 339
75 302 375
99 198 344
7 48 232
107 135 209
244 257 330
101 115 316
57 71 302
11 143 375
71 172 302
77 240 375
140 146 308
13 22 135
13 67 95
191 224 377
29 52 58
84 359 362
149 191 321
84 322 359
17 149 321
359 362 386
8 31 139
195 277 289
97 180 193
87 312 382
153 294 382
128 170 307
19 265 361
195 248 283
168 243 305
53 63 190
170 174 278
14 55 230
106 140 331
128 312 382
8 139 145
31 323 325
247 308 384
23 132 372
38 112 181
77 104 308
23 132 166
207 214 231
65 157 162
55 152 230
73 134 381
44 324 328
152 230 286
113 300 395
80 156 300
9 258 320
41 91 216
59 219 221
59 112 181
177 188 218
218 219 329
108 388 396
163 179 310
165 189 264
163 284 310
72 266 374
108 334 388
45 273 369
32 288 396
24 212 352
184 244 330
56 172 358
56 172 231
98 101 354
50 267 288
198 245 341
198 245 344
99 344 363
121 204 234
1 141 254
50 148 345
47 133 354
16 32 284
90 133 380
72 295 374
12 280 355
22 238 327
18 46 290
33 255 357
164 202 228
228 262 355
119 164 202
52 58 291
255 262 357
12 119 202
33 125 357
22 238 285
33 255 270
125 343 357
292 362 386
84 205 270
262 357 376
262 355 376
343 357 376
280 355 376
136 161 360
136 232 261
18 46 327
18 238 327
46 107 327
48 232 336
48 107 209
161 290 360
161 171 274
7 232 272
11 100 318
136 161 251
136 232 336
136 251 392
7 48 209
57 75 302
143 160 279
160 197 279
124 197 279
7 117 209
13 95 135
67 117 346
67 95 117
6 292 362
137 150 259
6 74 256
6 233 292
233 303 351
233 292 386
29 237 317
140 200 331
6 74 233
143 279 346
100 143 346
11 100 143
143 160 375
77 302 375
77 146 308
77 146 240
94 100 318
94 146 318
146 240 318
140 247 308
106 140 247
247 263 384
39 144 332
271 331 332
39 51 338
74 233 351
25 140 146
25 200 338
259 303 338
303 338 351
96 137 149
51 259 338
96 149 340
17 155 186
191 321 377
79 359 386
96 137 150
79 322 359
224 269 377
79 224 322
79 137 224
52 138 205
138 224 322
29 317 398
29 58 291
154 237 317
119 180 398
119 291 398
17 223 321
127 223 321
17 211 223
127 211 223
127 211 398
226 229 389
87 229 389
153 211 226
153 186 382
201 241 340
17 155 340
8 241 337
201 222 241
8 145 241
186 337 382
155 241 337
155 241 340
155 186 337
293 337 382
31 208 325
83 131 393
68 142 312
87 142 389
180 297 367
142 297 367
142 367 389
69 97 236
66 123 282
93 281 314
282 370 393
130 193 281
159 193 281
68 131 312
159 281 314
159 180 193
93 130 281
93 129 130
20 93 129
168 203 243
20 81 203
66 81 203
203 260 307
66 203 260
260 307 393
260 282 393
66 260 282
83 370 393
123 282 370
128 131 312
128 131 307
203 289 307
131 307 393
248 278 283
170 278 283
170 289 307
63 313 371
5 63 190
170 283 289
147 168 305
78 192 368
195 283 289
63 178 371
5 63 178
190 342 368
192 368 379
78 342 368
53 62 217
53 62 111
49 313 315
248 313 371
111 361 387
53 63 111
55 152 315
111 315 387
152 315 387
126 299 399
44 89 151
170 253 378
128 170 378
253 323 378
8 31 208
8 208 293
39 200 338
51 139 145
31 139 182
39 200 332
230 252 309
200 331 332
372 390 399
14 230 309
144 252 309
105 144 252
304 383 390
120 132 372
106 247 263
120 372 399
120 263 271
42 299 383
43 183 207
10 24 207
21 24 82
59 112 221
70 183 304
42 311 383
210 324 328
42 328 365
42 311 365
36 210 324
42 44 328
299 383 390
299 390 399
89 126 230
44 89 286
152 157 286
89 230 286
85 162 225
78 147 192
2 192 366
2 28 366
2 158 192
2 73 381
2 28 215
215 220 397
134 215 220
19 225 265
65 85 162
162 225 265
36 324 356
44 65 324
36 113 356
103 216 395
26 103 258
113 347 356
156 300 347
27 54 156
54 80 156
28 215 397
28 185 397
9 185 258
185 258 333
9 28 185
9 28 320
40 176 335
37 320 326
26 103 216
37 326 366
41 320 326
176 335 350
41 64 326
91 187 391
26 41 216
91 187 216
40 64 326
177 188 250
40 335 391
187 188 385
188 250 385
187 216 329
187 188 329
216 329 395
36 113 210
113 210 394
59 219 394
113 394 395
188 218 329
30 59 349
30 59 116
181 212 352
181 348 352
38 76 334
35 60 242
177 250 350
112 177 221
40 176 326
176 179 274
35 176 179
35 176 242
35 60 235
114 388 396
267 288 396
35 179 235
32 108 396
16 206 246
16 284 310
16 246 310
61 206 373
32 276 288
148 165 189
16 206 276
165 264 276
16 32 276
50 148 288
110 298 358
50 273 345
114 267 396
45 213 369
50 114 267
50 273 369
50 114 369
114 239 388
21 24 352
10 56 110
10 24 82
56 110 358
70 92 372
23 92 214
120 132 263
106 263 271
166 214 384
104 214 384
23 166 214
23 92 372
104 214 231
104 308 384
71 172 184
169 257 330
104 172 231
75 160 375
75 160 306
0 71 306
0 169 257
169 275 341
298 330 364
110 213 298
199 301 364
169 199 275
86 173 275
268 319 341
0 118 169
198 319 341
4 160 197
245 261 344
251 287 392
261 344 392
136 261 392
1 99 254
344 363 392
1 141 319
121 141 254
121 141 319
173 249 275
249 268 319
121 234 319
204 234 295
171 204 295
173 234 249
234 249 319
171 194 196
3 90 353
171 194 274
90 133 266
115 173 316
86 115 173
101 115 189
148 189 345
98 264 373
98 189 264
98 101 189
167 194 196
3 72 266
133 266 354
61 206 246
47 133 380
274 310 380
90 274 380
3 90 266
90 122 353
3 72 167
90 122 274
3 167 353
122 167 353
122 167 194
122 194 274
98 354 373
348 352 388
256 346 362
339 343 376
11 318 375
79 303 386
264 276 373
45 273 364
273 301 364
120 271 399
105 271 399
334 348 388
6 256 362
285 339 343
249 275 341
249 268 341
246 310 380
243 277 289
108 235 334
229 294 382
87 229 382
250 335 385
181 212 304
183 212 304
211 367 389
128 208 382
24 207 212
19 225 296
52 205 255
205 255 270
47 354 373
15 204 287
121 204 254
15 204 254
204 251 287
171 204 251
12 202 355
202 228 355
178 195 371
54 333 397
187 335 391
31 182 323
180 211 367
163 179 284
173 234 295
173 295 316
161 171 251
170 227 253
170 174 227
169 199 364
169 330 364
169 245 341
72 167 295
165 276 288
119 164 291
233 303 386
164 228 262
164 255 262
179 235 284
158 192 379
208 323 378
157 361 387
154 269 317
86 301 345
153 229 294
150 201 222
85 225 296
181 304 349
144 271 332
105 144 271
109 154 269
88 144 182
138 224 269
137 259 303
136 290 336
136 290 360
107 135 327
132 166 384
83 131 236
114 239 369
68 131 236
127 269 377
127 321 377
127 317 398
127 269 317
84 125 362
273 301 345
68 142 236
199 275 301
85 156 347
27 156 296
81 130 175
45 213 298
26 41 258
44 151 299
42 44 299
5 78 178
177 218 219
40 41 391
49 248 313
51 150 259
45 298 364
43 207 212
34 227 323
14 34 309
167 196 295
34 49 174
116 328 365
14 34 55
73 102 217
25 74 146
147 195 277
147 243 277
41 91 391
74 338 351
40 41 64
184 298 358
30 349 383
30 311 365
304 349 383
34 174 227
34 49 315
29 52 138
34 88 323
28 37 320
69 97 175
28 37 366
211 226 389
27 134 220
27 134 296
162 265 361
46 107 290
30 311 383
116 210 394
116 210 328
47 61 373
15 363 392
147 243 305
21 352 388
148 165 288
10 56 231
177 242 350
10 207 231
38 60 242
96 150 201
21 82 239
208 293 382
109 138 269
2 134 215
112 177 242
32 108 235
70 183 207
85 324 356
60 235 334
97 130 193
4 232 261
19 62 111
1 99 198
15 287 392
32 235 284
184 298 330
118 169 245
4 232 272
101 266 354
41 258 320
22 125 343
101 295 316
7 124 197
187 335 385
0 4 118
185 333 397
7 197 272
172 184 358
4 160 306
4 245 261
208 323 325
102 217 368
33 84 270
18 285 339
65 85 324
137 149 191
20 129 130
15 99 363
240 318 375
17 153 211
4 118 245
1 198 319
21 239 388
22 135 327
84 138 322
34 88 309
29 138 237
17 153 186
2 134 381
76 334 348
18 238 285
47 61 246
219 394 395
20 81 130
25 74 338
137 191 224
80 103 300
180 211 398
19 134 296
152 157 387
195 248 371
51 139 182
22 285 343
69 83 123
66 81 123
51 222 241
51 145 241
53 190 368
53 217 368
54 103 333
54 220 397
30 116 365
93 168 314
105 126 399
57 71 306
227 253 323
57 75 306
78 178 195
49 174 278
63 111 315
19 73 134
63 313 315
19 111 361
67 346 362
33 84 125
10 82 110
105 126 230
49 248 278
105 230 252
44 65 286
86 115 189
13 67 125
67 125 362
0 4 306
69 123 175
70 92 207
71 244 257
102 158 379
73 102 158
2 73 158
203 243 289
62 73 217
74 94 100
74 100 256
95 135 209
34 55 315
85 156 296
176 242 350
76 181 348
0 71 257
38 76 181
77 172 302
101 266 374
78 190 342
5 78 190
74 94 146
82 110 239
52 164 291
38 60 334
117 124 279
77 104 172
81 123 175
153 226 229
219 329 395
83 123 370
97 180 297
84 138 205
86 189 345
206 276 373
79 137 303
88 144 309
39 51 182
89 151 299
142 236 297
89 126 299
250 335 350
95 117 209
48 107 290
97 130 175
103 300 395
65 157 286
109 154 237
102 368 379
132 263 384
20 93 168
47 246 380
51 150 222
78 147 195
54 80 103
100 256 346
86 275 301
59 116 394
39 144 182
177 219 221
103 258 333
85 347 356
15 99 254
27 54 220
101 295 374
109 138 237
110 239 369
110 213 369
97 236 297
38 112 242
7 117 124
88 182 323
157 162 361
