317 475 478
121 452 490
220 280 364
34 225 284
146 239 377
51 113 335
7 117 253
141 148 317
162 438 463
51 101 130
176 218 486
158 360 390
35 78 259
26 304 499
30 151 427
89 288 383
57 289 393
330 427 450
65 84 340
112 400 473
277 381 485
85 115 207
108 169 207
196 295 299
0 222 270
86 356 363
16 143 480
311 415 437
451 475 478
223 273 455
307 349 365
233 336 366
386 479 484
67 411 465
162 384 463
113 219 436
253 452 490
7 117 488
13 316 334
116 265 334
94 144 359
162 173 384
197 214 347
150 168 212
129 336 366
175 286 454
27 335 493
1 51 408
101 242 282
173 282 384
371 375 400
46 113 335
61 358 461
2 51 219
45 353 477
353 457 477
144 372 465
8 12 257
44 158 390
8 201 353
61 302 461
78 330 396
158 435 453
210 435 453
28 44 390
62 178 260
319 389 405
4 328 409
107 119 250
63 279 328
4 193 328
14 55 471
63 240 279
14 52 288
103 383 388
30 134 151
89 330 450
54 134 151
57 289 468
175 290 454
112 375 424
290 451 454
148 290 317
68 406 473
16 137 318
137 148 290
42 417 428
141 148 318
284 344 416
68 104 143
225 284 344
218 447 486
420 423 433
0 225 270
164 222 270
164 270 415
255 325 429
107 402 429
140 179 272
108 140 426
91 140 272
157 275 361
91 140 426
184 297 332
0 133 216
71 227 403
156 215 373
157 174 183
58 131 498
25 226 278
135 343 407
275 361 458
56 102 111
10 343 407
285 333 466
128 224 484
37 374 484
376 385 446
88 181 440
6 33 190
33 190 321
37 337 479
349 365 431
293 359 431
3 181 440
3 6 464
217 444 492
18 50 88
48 199 440
88 199 440
165 194 397
123 127 395
87 122 316
123 144 372
67 117 411
434 465 477
372 411 465
117 253 490
117 341 411
67 306 488
79 121 395
79 121 341
117 341 490
13 121 452
121 341 490
159 452 470
13 452 470
13 334 470
150 242 310
87 109 316
116 334 421
13 75 109
13 75 316
87 109 413
75 109 316
94 122 127
94 122 309
122 309 334
122 316 334
94 265 309
265 309 334
94 153 265
334 421 470
153 265 491
153 336 491
94 153 359
153 186 336
153 186 359
129 168 188
186 233 336
186 233 359
228 346 384
129 188 422
241 313 346
36 40 313
40 313 346
188 232 422
228 384 463
241 282 384
241 346 384
116 310 421
241 242 282
51 113 219
1 51 101
197 455 493
198 314 408
1 101 282
197 347 455
347 438 455
261 337 463
273 438 455
197 214 287
72 314 335
72 198 314
100 118 355
53 100 495
290 430 451
262 451 478
32 302 481
61 276 358
27 451 493
113 331 358
61 276 302
32 302 461
146 461 499
331 358 461
26 38 239
8 12 172
76 257 377
2 306 436
236 253 398
253 256 398
7 236 253
2 7 236
2 219 436
2 236 398
12 172 432
306 308 434
67 117 488
67 434 465
67 306 434
308 434 477
201 353 457
28 200 201
158 239 377
292 312 457
120 178 292
62 178 292
234 303 312
210 303 453
26 146 239
35 38 267
35 38 239
41 60 435
41 170 298
125 246 298
20 170 298
35 125 259
35 78 396
125 246 301
39 52 301
43 83 203
20 66 441
62 260 387
62 203 457
62 292 457
66 260 387
62 83 387
66 83 387
23 291 368
43 83 246
63 319 389
23 319 405
291 301 389
368 409 482
23 291 405
62 83 203
152 409 482
23 368 409
152 203 352
152 203 482
119 152 352
203 368 482
63 328 409
31 149 177
4 250 409
4 193 250
15 31 252
252 279 414
95 240 279
63 240 389
55 95 240
103 288 383
252 279 471
55 95 471
95 279 471
291 389 405
14 52 55
89 288 305
103 300 459
31 177 252
103 300 388
82 114 180
82 177 237
15 193 250
107 132 250
15 132 250
132 149 163
82 180 237
70 149 177
266 296 459
114 180 459
208 338 447
208 391 447
136 338 447
351 439 486
103 114 459
300 323 388
300 439 459
171 351 486
54 443 462
54 65 443
65 243 443
230 380 462
151 380 462
230 375 380
47 375 380
54 134 161
54 151 462
30 134 323
30 427 450
383 388 450
89 383 450
17 78 330
47 235 380
182 213 342
182 267 396
35 267 396
26 38 267
26 146 499
205 304 499
213 258 304
112 290 473
175 258 424
274 375 424
112 175 290
47 274 375
230 243 371
230 371 375
371 393 400
112 375 400
112 175 424
137 290 473
137 148 318
16 137 143
318 326 456
80 187 394
16 318 326
141 317 355
80 187 324
187 220 324
80 86 437
86 324 382
80 394 437
80 86 324
284 327 416
164 311 415
0 133 225
104 289 406
68 137 143
143 416 483
68 104 406
68 137 473
289 393 406
202 243 371
57 433 468
57 202 433
160 176 218
154 185 249
24 340 423
24 245 340
171 176 486
218 391 447
11 208 350
208 338 350
59 218 391
160 277 485
139 249 485
139 420 485
160 185 485
381 420 485
59 154 185
185 249 485
154 271 496
69 207 378
169 378 404
154 249 271
97 139 249
97 474 489
85 207 474
34 225 449
97 449 489
133 449 489
133 225 449
0 184 222
81 167 426
164 222 332
115 167 426
81 91 426
0 184 204
169 207 378
169 255 325
378 404 469
325 404 429
108 169 412
107 402 412
169 325 404
81 167 204
255 402 429
107 132 163
294 345 412
21 196 299
179 238 299
21 238 299
91 184 297
91 272 297
184 222 332
98 295 476
295 299 476
21 196 294
157 196 247
138 196 247
56 285 333
98 315 392
142 269 332
164 311 356
164 332 356
142 297 332
42 329 428
42 147 363
356 363 399
49 155 329
42 86 363
135 343 428
155 248 367
49 58 399
49 131 155
49 58 131
58 183 221
58 361 498
92 442 458
131 155 367
74 458 498
74 131 498
361 458 498
275 442 458
111 275 442
278 444 492
25 226 275
192 278 444
192 206 444
25 111 275
56 278 492
209 248 268
110 268 407
209 268 407
166 215 407
74 367 458
74 131 367
155 329 343
10 155 248
329 343 428
10 155 343
49 147 329
42 147 329
135 280 382
135 215 407
156 364 445
156 280 364
100 374 495
53 141 355
317 355 475
262 430 451
262 317 478
100 374 493
118 355 475
53 100 355
100 118 493
53 90 141
189 419 445
99 362 495
224 362 495
128 322 419
71 254 263
128 263 322
110 166 407
251 321 472
33 283 425
33 321 425
71 195 263
37 479 484
77 261 337
321 386 472
145 386 484
145 321 386
29 37 374
29 37 223
29 223 455
228 261 463
77 232 261
77 105 337
251 337 479
126 357 467
228 232 261
96 232 422
96 357 467
9 293 431
9 293 460
293 448 460
293 448 494
18 88 181
64 359 369
165 194 401
3 410 440
3 181 464
18 181 464
18 22 50
18 22 464
124 191 217
195 283 425
206 217 444
124 403 410
48 93 440
191 206 217
191 192 206
73 192 278
73 281 339
50 194 397
50 88 194
88 194 199
165 339 401
19 369 397
19 165 339
19 165 397
451 475 493
118 475 493
386 472 479
251 472 479
439 459 486
266 459 486
448 460 487
34 433 449
420 433 449
415 418 437
327 416 468
289 416 468
326 394 456
151 380 427
235 380 427
123 372 395
79 372 395
248 367 466
367 370 466
220 364 456
90 364 456
362 364 445
99 362 364
22 448 464
96 359 422
244 358 451
276 358 451
253 256 452
90 99 364
46 113 244
166 263 446
180 237 459
94 127 144
121 395 413
113 331 432
50 64 494
107 345 354
14 82 288
220 394 456
104 143 416
104 289 416
300 323 439
101 130 231
120 210 303
138 157 174
85 167 216
27 244 335
89 305 330
98 297 315
97 139 420
97 420 449
72 197 335
126 357 431
96 359 431
96 357 431
25 111 278
93 124 191
111 264 442
93 191 192
10 248 407
93 124 440
102 264 333
213 235 342
87 395 413
65 243 340
92 264 442
98 272 297
158 303 453
87 122 127
47 213 258
72 198 287
258 274 424
85 115 167
84 176 245
73 93 192
103 114 288
44 158 303
77 105 126
227 348 376
76 158 377
36 40 346
120 234 303
20 66 260
16 326 480
175 302 481
5 207 474
28 201 457
92 367 370
73 226 278
159 310 421
72 197 287
108 115 207
71 283 403
70 136 266
217 227 348
70 136 338
92 367 458
269 332 356
190 211 349
11 469 496
3 283 410
57 202 371
87 127 395
50 448 494
15 31 149
344 416 483
5 97 249
59 154 208
175 276 286
58 269 399
58 157 361
177 252 471
102 111 264
120 170 210
73 93 281
57 371 393
36 228 232
166 189 373
36 188 232
1 198 287
15 132 149
21 179 229
209 248 407
58 157 183
20 120 178
217 348 492
116 212 310
293 359 494
193 279 328
20 120 170
166 189 419
41 170 435
0 167 216
7 306 488
237 296 459
21 294 412
32 175 481
169 402 412
8 76 257
248 268 285
20 178 260
138 174 497
37 223 337
106 200 390
107 345 412
240 301 389
341 372 411
128 263 425
12 331 377
160 245 277
5 271 496
107 163 350
19 73 339
23 63 319
98 272 476
5 378 469
9 190 211
77 232 467
71 227 385
50 64 397
5 69 207
19 73 226
344 415 483
11 107 469
30 388 450
235 330 427
195 263 425
17 52 259
0 167 204
48 339 401
17 78 259
110 268 376
76 106 360
6 464 487
76 158 360
24 420 423
53 99 495
28 44 457
84 245 340
26 213 304
35 60 239
20 246 298
71 254 385
59 208 391
182 330 396
6 190 487
190 251 321
163 338 350
52 55 301
216 474 489
2 7 306
1 214 282
30 323 388
81 184 204
39 125 259
2 51 398
160 176 245
60 158 239
284 433 468
1 198 408
415 418 483
92 264 333
400 406 473
81 91 184
60 158 435
286 451 454
20 246 441
36 168 188
306 308 320
17 52 305
82 114 288
171 323 351
51 314 408
130 231 256
66 83 246
107 404 429
43 246 291
1 214 287
173 214 282
56 111 278
48 281 339
12 257 377
142 269 392
233 359 422
21 108 229
42 382 417
84 161 176
3 6 283
8 76 379
9 190 487
187 220 394
24 277 381
11 154 496
262 317 430
9 460 487
146 331 461
21 108 412
106 360 390
44 303 457
52 288 305
32 175 258
70 266 296
36 228 346
235 330 342
49 363 399
107 404 469
66 246 441
45 320 477
56 102 333
129 233 422
29 374 493
120 292 312
82 177 471
418 437 480
32 461 499
32 205 499
6 33 283
35 41 298
177 237 296
190 307 349
39 52 259
248 285 466
113 244 358
166 322 419
22 50 448
156 189 445
142 315 392
108 115 426
23 63 409
29 455 493
21 179 238
193 279 414
43 203 368
26 213 267
5 97 474
43 291 368
64 359 494
284 327 468
48 194 401
54 65 84
11 154 208
48 194 199
101 231 242
48 93 281
263 385 446
64 369 397
183 269 497
362 419 445
306 432 436
394 437 480
303 312 457
35 41 60
53 90 99
54 84 161
5 249 271
223 273 463
55 240 301
77 126 467
149 163 338
124 227 403
124 217 227
150 212 310
120 234 312
124 410 440
105 126 307
106 200 379
126 307 365
200 201 379
126 365 431
123 127 144
290 317 430
128 321 425
129 212 336
129 168 212
130 256 398
58 221 269
134 161 171
156 215 280
135 382 417
135 417 428
98 138 295
138 392 497
98 138 392
108 140 229
140 179 229
141 318 456
90 141 456
150 241 313
143 418 483
143 418 480
76 106 379
11 107 350
35 125 298
146 331 377
150 168 313
113 432 436
8 201 379
306 320 432
70 149 338
205 258 304
150 241 242
190 251 307
56 285 492
202 340 433
24 245 277
119 152 250
138 157 247
152 250 409
156 189 373
24 381 420
159 231 256
448 464 487
138 196 295
159 231 242
47 258 274
51 130 398
159 421 470
161 171 176
129 233 366
280 324 382
166 263 322
393 400 406
166 215 373
110 166 376
166 376 446
251 307 337
220 280 324
170 210 435
134 171 323
172 320 432
45 172 320
45 172 353
8 172 353
145 321 484
173 347 438
224 374 495
162 173 438
27 244 451
174 183 497
175 276 302
70 177 296
105 307 337
179 299 476
179 272 476
182 330 342
183 221 269
47 213 235
15 193 252
160 185 218
59 185 218
193 252 414
196 226 275
157 196 275
28 200 390
142 297 315
197 335 493
9 211 431
49 147 363
51 314 335
211 349 431
212 265 491
116 212 265
212 336 491
182 213 267
135 215 280
85 216 474
133 216 489
39 125 301
173 214 347
223 337 463
224 374 484
224 362 419
128 224 419
227 376 385
109 121 413
254 263 385
96 232 467
169 255 402
12 331 432
202 243 340
230 243 462
268 285 348
243 443 462
5 69 378
46 244 335
86 311 356
246 291 301
36 168 313
159 256 452
71 195 283
268 348 376
136 266 447
269 356 399
269 392 497
13 109 121
270 344 415
225 270 344
273 438 463
283 403 410
159 242 310
34 284 433
14 82 471
285 348 492
276 286 451
5 469 496
42 86 382
17 305 330
32 205 258
79 341 372
308 320 477
128 321 484
266 447 486
323 351 439
86 311 437
326 394 480
333 370 466
92 333 370
340 423 433
