146 377 461
306 320 436
159 253 452
121 452 490
160 176 277
220 280 364
146 239 377
65 202 340
51 113 335
32 205 461
7 117 253
289 327 416
141 148 317
330 342 427
176 218 486
63 319 409
158 360 390
35 78 259
193 328 414
11 107 163
82 252 471
65 84 161
57 289 393
330 427 450
65 84 340
179 272 299
154 208 496
5 69 474
85 115 207
11 271 469
179 229 238
196 295 299
0 222 270
189 373 445
86 356 363
16 143 480
311 415 437
451 475 478
386 479 484
135 382 428
113 219 436
253 452 490
7 117 488
87 121 413
79 372 411
116 265 334
94 144 359
281 339 401
162 173 384
197 214 347
150 168 212
129 336 366
175 286 454
8 257 379
27 335 493
1 51 408
173 282 384
418 480 483
262 290 430
46 113 335
8 106 201
8 106 379
320 432 436
61 358 461
2 51 219
45 353 477
45 306 308
45 308 477
353 457 477
144 372 465
8 12 257
8 201 353
61 302 461
175 205 481
78 330 396
158 435 453
210 435 453
62 178 260
125 259 301
319 389 405
107 119 250
4 193 328
14 55 471
14 288 471
103 383 388
89 330 450
54 134 151
134 323 351
151 235 380
57 289 468
34 420 449
230 243 443
32 205 481
112 375 424
290 451 454
137 148 290
42 417 428
141 148 318
187 220 456
16 394 480
284 344 416
59 160 185
218 447 486
11 271 496
97 249 474
420 423 433
164 222 270
164 270 415
107 402 429
255 402 412
140 179 272
108 140 426
108 179 229
157 275 361
0 133 216
156 215 373
58 221 399
285 348 376
157 174 183
58 131 498
25 226 278
275 361 458
227 348 492
56 102 111
56 348 492
285 333 466
128 224 362
189 322 419
128 145 321
128 224 484
37 374 484
376 385 446
88 181 440
6 33 190
33 190 321
37 337 479
349 365 431
3 181 440
217 444 492
48 199 440
88 199 440
96 233 359
87 121 395
87 122 395
87 122 316
122 127 395
123 144 372
67 117 411
79 123 372
372 411 465
117 253 490
117 341 411
67 306 488
79 121 395
79 341 411
117 341 490
159 452 470
168 241 313
159 253 256
159 242 256
150 242 310
87 109 316
116 334 421
13 75 109
87 109 413
75 109 316
94 265 309
265 309 334
94 153 265
168 241 242
116 265 491
116 212 491
153 265 491
153 336 491
94 153 359
153 186 336
153 186 359
129 168 188
96 233 422
186 233 359
228 346 384
129 188 422
36 188 313
168 188 313
188 232 422
241 282 384
162 347 438
214 282 287
150 168 242
241 346 384
51 335 408
116 310 421
241 242 282
231 242 256
1 282 287
51 113 219
1 51 101
314 335 408
197 455 493
198 314 408
162 173 347
197 347 455
197 214 287
72 314 335
72 198 314
27 244 276
53 100 495
290 430 451
175 286 481
244 276 358
27 276 451
32 302 481
61 276 358
27 451 493
113 331 358
46 244 358
61 276 302
32 302 461
146 461 499
331 358 461
26 38 239
158 360 377
106 360 379
8 12 172
76 257 377
76 257 379
331 377 461
46 113 358
113 331 436
2 130 398
236 253 398
253 256 398
7 236 253
2 7 236
2 236 398
12 172 432
8 45 353
8 45 172
45 306 320
306 308 434
67 117 488
67 306 434
201 353 457
106 200 201
28 200 201
76 360 379
76 360 377
28 360 390
44 158 453
44 303 453
292 312 457
120 178 292
62 178 292
234 292 312
120 234 292
234 303 312
210 303 453
60 239 435
26 146 239
35 38 267
41 60 435
41 60 239
20 298 441
41 125 298
35 125 259
35 41 125
17 52 78
125 246 301
39 52 301
43 83 203
83 246 441
20 66 441
20 170 178
66 83 441
62 260 387
62 203 457
62 292 457
66 260 387
62 83 387
66 83 387
43 203 291
43 83 246
23 319 405
291 301 389
368 409 482
62 83 203
23 368 409
152 203 352
119 152 352
119 250 409
23 319 409
203 291 368
31 149 177
4 250 409
4 193 250
15 31 252
252 279 414
55 95 240
252 279 471
55 95 471
95 279 471
291 389 405
39 259 301
39 78 259
14 52 55
39 52 78
17 288 305
180 237 296
82 288 471
82 114 180
82 177 237
31 132 149
15 31 132
15 193 250
107 132 250
15 132 250
132 149 163
82 180 237
70 149 177
266 296 459
114 180 459
70 338 350
70 296 338
11 163 350
136 447 486
266 439 486
136 338 447
351 439 486
180 296 459
136 266 486
103 114 459
300 323 388
171 351 486
54 443 462
230 380 462
230 443 462
151 380 462
230 375 380
47 375 380
54 134 161
54 151 462
30 427 450
383 388 450
89 383 450
17 78 330
330 342 396
182 342 396
235 342 427
47 235 380
47 213 274
182 213 342
182 267 396
182 267 304
26 38 267
26 146 499
205 461 499
182 213 304
205 304 499
213 258 304
112 290 473
274 375 424
47 274 375
230 243 371
230 371 375
112 375 400
137 290 473
318 326 456
141 317 355
90 220 456
187 220 324
86 324 382
80 394 437
80 86 324
284 327 416
143 480 483
164 311 415
139 420 449
289 327 468
104 289 406
143 416 483
68 137 473
289 393 406
57 433 468
160 176 218
202 340 423
154 185 249
171 176 486
59 160 218
11 208 350
208 338 350
160 277 485
139 249 485
139 420 485
160 185 485
59 154 185
185 249 485
11 208 496
154 271 496
69 207 378
5 249 474
154 249 271
97 139 249
69 207 474
97 474 489
85 207 474
34 420 433
97 139 449
34 225 449
97 449 489
133 449 489
133 225 449
0 184 222
164 222 332
115 167 426
108 140 179
81 91 204
0 184 204
91 184 204
378 404 469
325 404 429
107 402 412
169 325 404
169 255 412
255 402 429
107 132 163
21 108 294
179 238 299
272 299 476
184 222 332
98 295 476
295 299 476
21 196 294
157 196 247
138 196 247
138 183 497
138 174 183
142 269 332
164 311 356
311 356 437
221 269 497
142 297 332
42 329 428
269 332 399
42 147 363
356 363 399
147 363 399
382 417 428
49 155 329
42 86 363
155 248 367
49 131 155
157 183 361
49 58 131
221 269 399
58 183 221
183 221 497
92 442 458
74 458 498
74 131 498
361 458 498
248 370 466
92 370 466
92 333 466
25 56 111
102 264 442
275 442 458
111 275 442
278 444 492
25 226 275
192 278 444
217 227 492
102 111 442
25 111 275
209 248 268
10 209 248
268 285 466
110 268 407
56 102 264
56 285 348
263 322 446
209 268 407
166 189 322
10 209 407
248 268 466
74 367 458
248 367 370
10 155 248
135 280 382
135 215 407
135 156 215
156 373 445
156 364 445
99 364 445
156 280 364
135 156 280
100 374 495
53 90 495
53 141 355
262 430 451
118 355 475
100 118 493
53 90 141
189 419 445
128 362 445
99 362 445
99 362 495
90 99 495
374 484 495
224 362 495
224 484 495
128 419 445
128 145 484
166 322 446
128 322 419
71 254 263
128 263 322
110 376 446
110 166 446
71 227 254
227 254 385
251 321 472
33 283 425
33 321 425
71 195 263
37 479 484
145 386 484
29 37 374
29 37 223
37 223 463
105 126 467
228 261 463
37 337 463
77 105 337
251 337 479
126 357 467
77 105 467
228 232 261
96 232 422
190 211 307
9 293 431
9 293 460
6 190 464
190 464 487
293 448 460
293 448 494
18 88 181
50 64 369
64 359 369
165 194 401
3 410 440
3 181 464
18 181 464
18 22 50
18 22 464
195 283 425
206 217 444
124 191 410
191 410 440
124 403 410
48 93 440
93 191 440
73 192 278
73 281 339
50 369 397
88 194 199
165 339 401
19 369 397
19 165 339
19 165 397
451 475 493
118 475 493
386 472 479
251 472 479
448 460 487
415 418 437
344 415 418
411 434 465
326 394 456
300 388 459
103 388 459
158 377 435
375 393 400
291 368 405
22 448 464
357 359 467
317 355 478
355 475 478
344 418 483
167 204 426
90 99 364
28 44 158
112 400 406
112 175 258
94 127 144
77 337 463
50 64 494
107 345 354
68 104 473
57 202 243
104 143 416
104 289 416
68 104 137
103 288 305
23 368 405
75 316 334
300 323 439
101 130 231
79 127 395
120 210 303
138 157 174
100 455 493
85 167 216
27 244 335
89 305 330
77 261 463
98 297 315
72 197 335
240 319 389
126 357 431
93 191 192
213 235 342
92 264 442
91 297 332
13 421 470
98 272 297
89 103 383
72 198 287
258 274 424
85 115 167
84 176 245
112 406 473
73 93 192
81 91 140
108 345 412
103 114 288
227 348 376
42 49 147
309 316 334
79 341 490
36 40 346
120 234 303
20 66 260
79 123 127
28 201 457
74 131 155
211 349 365
92 367 370
31 82 177
73 226 278
159 310 421
72 197 287
112 175 454
108 115 207
71 283 403
92 367 458
63 279 414
191 206 444
0 133 270
3 283 410
63 328 414
134 171 351
63 95 279
50 448 494
331 432 436
344 416 483
59 154 208
119 409 482
70 149 350
137 143 148
21 229 238
49 58 147
36 241 313
58 147 399
120 170 210
57 423 433
73 93 281
108 207 412
57 371 393
25 278 492
36 228 232
166 189 373
36 188 232
1 198 287
116 212 310
293 359 494
78 267 396
41 170 435
0 167 216
7 306 488
164 356 399
20 178 260
29 273 438
112 290 454
35 38 41
71 124 403
104 406 473
107 345 412
240 301 389
80 324 394
12 331 377
20 41 298
18 50 194
19 73 339
48 281 401
98 272 476
5 378 469
9 190 211
20 41 170
19 73 226
11 107 469
13 121 470
318 326 394
30 388 450
195 263 425
0 167 204
28 200 360
110 268 376
24 420 423
28 44 457
84 245 340
29 223 438
59 208 391
190 251 321
52 55 301
145 386 472
2 7 306
164 332 399
89 103 305
30 323 388
14 17 288
18 88 194
104 137 143
91 184 332
74 155 367
13 334 421
10 135 343
1 198 408
106 200 360
5 271 469
67 411 434
92 264 333
110 166 215
2 51 101
14 17 52
186 336 366
286 451 454
42 49 329
152 203 368
1 242 282
82 114 288
371 375 393
2 101 130
130 231 256
107 404 429
43 246 291
1 101 242
173 214 282
12 257 377
142 269 392
81 140 426
80 86 356
273 347 438
21 108 229
79 121 490
42 382 417
169 255 429
84 161 176
9 190 487
24 277 381
94 127 309
9 460 487
50 165 397
57 202 423
10 155 329
44 303 457
24 245 423
36 228 346
10 329 343
162 228 463
50 165 194
107 404 469
152 368 482
29 100 455
129 233 422
29 100 374
30 151 235
30 235 427
418 437 480
112 258 424
120 170 178
28 158 390
34 225 344
277 381 420
211 307 365
6 33 283
232 261 467
35 78 267
177 237 296
110 215 407
26 267 499
268 285 376
38 41 239
96 359 467
98 138 315
65 161 443
125 246 441
59 391 447
22 50 448
142 315 392
108 115 426
91 140 297
36 40 241
64 359 494
10 135 407
77 261 467
59 218 447
48 194 401
4 63 328
48 194 199
101 231 242
48 93 281
263 385 446
308 434 465
53 118 355
264 285 333
394 437 480
57 243 371
303 312 457
5 249 271
13 75 334
55 240 301
121 452 470
124 206 217
175 205 258
124 191 206
63 95 240
286 302 481
140 272 297
150 212 310
105 126 307
126 307 365
126 365 431
123 127 144
122 127 309
129 212 336
129 168 212
130 256 398
169 325 429
133 225 270
277 420 485
133 474 489
133 216 474
31 82 252
134 161 171
135 329 428
135 329 343
98 138 295
187 394 456
138 315 497
141 318 456
90 220 364
90 141 456
143 148 318
213 258 274
145 321 472
148 262 317
148 262 290
219 306 436
205 258 304
149 163 350
71 217 227
190 251 307
24 245 277
30 151 323
134 151 323
186 233 366
138 157 247
53 100 118
24 381 420
448 464 487
138 196 295
187 324 394
159 421 470
161 171 176
81 204 426
54 161 443
162 223 438
129 233 366
162 228 384
280 324 382
284 327 433
393 400 406
166 215 373
251 307 337
220 280 324
170 210 435
29 273 455
172 320 432
45 172 320
70 177 296
105 307 337
58 183 498
47 213 235
15 193 252
239 377 435
191 192 444
162 223 463
193 252 414
196 238 299
21 196 238
196 226 275
157 196 275
34 284 344
202 243 443
65 202 443
207 378 404
142 297 315
197 335 493
9 211 431
169 207 412
211 349 431
212 336 491
80 356 437
85 216 474
2 219 306
173 214 347
227 376 385
183 361 498
109 121 413
40 241 346
254 263 385
262 317 451
96 232 467
12 331 432
63 240 319
119 152 482
245 340 423
176 245 277
5 69 378
46 244 335
128 263 321
246 291 301
71 195 283
4 63 409
263 321 425
56 264 285
266 300 439
266 300 459
266 296 338
136 266 338
25 56 492
125 298 441
267 304 499
269 392 497
13 109 121
270 344 415
225 270 344
273 347 455
283 403 410
338 391 447
159 242 310
3 283 464
6 283 464
34 284 433
276 286 302
276 286 451
42 86 382
208 338 391
71 124 217
293 357 359
293 357 431
17 305 330
308 465 477
122 309 316
169 207 404
315 392 497
317 451 478
16 318 394
16 143 318
323 351 439
327 433 468
108 294 345
