146 377 461
317 475 478
159 253 452
121 452 490
160 176 277
220 280 364
34 225 284
146 239 377
289 327 416
162 438 463
26 267 304
176 218 486
35 78 259
26 304 499
11 107 163
65 84 161
57 289 393
330 427 450
65 84 340
179 272 299
5 69 474
11 107 429
85 115 207
11 271 469
196 295 299
86 356 363
16 143 480
311 415 437
451 475 478
223 273 455
386 479 484
67 411 465
162 384 463
2 7 488
113 219 436
253 452 490
7 117 488
87 121 413
13 316 334
116 265 334
94 144 359
281 339 401
162 173 384
197 214 347
150 168 212
129 336 366
175 286 454
1 51 408
101 242 282
262 290 430
46 113 335
175 205 304
2 51 219
45 308 477
353 457 477
144 372 465
44 158 390
28 106 200
8 201 353
61 302 461
175 205 481
78 330 396
175 258 304
158 435 453
210 435 453
28 44 390
125 259 301
107 119 250
63 279 328
4 193 328
14 55 471
14 288 471
82 103 288
14 52 288
54 134 151
59 154 391
70 177 237
134 323 351
151 235 380
57 289 468
213 258 424
32 205 481
175 290 454
112 375 424
148 290 317
16 137 318
137 148 290
141 148 318
187 220 456
284 344 416
344 415 480
68 104 143
225 284 344
59 160 185
218 447 486
11 271 496
97 249 474
11 404 469
420 423 433
164 222 270
164 270 415
255 325 429
69 378 469
11 404 429
107 402 429
108 140 426
91 140 272
157 275 361
91 140 426
184 297 332
0 133 216
156 215 373
157 174 183
25 56 278
58 131 498
25 226 278
135 343 407
56 102 111
10 343 407
128 224 362
189 322 419
251 386 472
128 145 321
128 224 484
190 307 321
376 385 446
88 181 440
6 33 190
33 190 321
37 337 479
105 251 307
105 251 337
3 181 440
128 195 263
251 307 321
3 6 464
48 199 440
88 199 440
96 233 359
94 123 127
22 464 487
123 127 395
87 121 395
123 144 372
94 123 144
67 117 411
434 465 477
117 341 411
67 306 488
79 121 395
79 121 341
79 341 411
117 341 490
13 121 452
121 341 490
242 310 470
310 421 470
159 253 256
13 334 470
150 242 310
116 334 421
13 75 316
87 109 413
75 109 316
94 122 127
94 122 309
265 309 334
334 421 470
116 265 491
116 212 491
153 265 491
153 336 491
94 153 359
153 186 336
153 186 359
129 168 188
96 233 422
186 233 359
228 346 384
129 188 422
36 188 313
241 313 346
168 188 313
36 40 313
40 313 346
228 384 463
36 188 228
150 168 242
241 346 384
159 242 470
116 310 421
241 242 282
51 113 219
1 51 101
197 455 493
198 314 408
72 197 198
1 101 282
1 287 408
162 173 347
197 347 455
273 438 455
72 197 493
197 214 287
198 287 408
197 198 287
72 314 335
72 198 314
262 290 317
374 455 493
100 118 355
175 286 481
32 302 481
61 276 358
27 451 493
27 46 244
27 46 335
113 331 358
46 244 358
61 276 302
32 302 461
257 331 377
158 239 435
12 257 331
12 432 436
8 12 172
76 257 377
76 257 379
331 377 461
12 331 436
46 113 358
113 331 436
2 130 398
253 256 398
2 7 236
2 236 398
2 306 488
12 172 432
8 45 172
306 308 434
67 117 488
67 434 465
67 306 434
308 434 477
201 353 457
28 200 201
28 106 360
76 360 377
28 360 390
158 239 377
44 158 453
44 303 453
44 312 457
292 312 457
120 178 292
234 303 312
210 303 453
44 303 312
60 239 435
120 178 210
35 38 267
35 38 239
41 60 435
41 210 435
125 246 298
170 178 210
41 125 298
52 55 240
125 246 301
43 83 203
20 66 441
20 170 178
41 170 210
62 260 387
62 203 457
62 292 457
66 260 387
62 83 387
43 83 246
23 319 405
291 301 389
62 83 203
152 203 352
152 203 482
119 152 352
119 250 409
203 368 482
31 149 177
4 250 409
4 193 250
15 31 252
252 279 414
63 240 389
55 95 240
55 95 471
291 389 405
39 259 301
52 240 389
14 52 55
17 52 288
17 89 305
17 288 305
103 300 459
180 237 296
31 177 252
103 300 388
82 288 471
82 103 114
82 114 180
82 177 237
31 132 149
15 31 132
15 193 250
107 132 250
15 132 250
70 237 296
132 149 163
82 180 237
70 149 177
266 296 459
114 180 459
136 266 296
11 163 350
208 338 447
136 447 486
208 391 447
136 338 447
351 439 486
176 245 340
180 296 459
136 266 486
103 114 459
300 323 388
300 439 459
171 351 486
54 443 462
65 243 443
54 134 161
54 151 462
30 427 450
17 89 330
17 78 330
330 342 396
182 342 396
47 213 342
47 235 380
47 213 274
182 213 342
182 267 396
26 38 267
205 304 499
213 258 304
112 290 473
175 258 424
112 175 290
47 235 342
47 274 375
230 243 371
112 375 400
112 175 424
137 290 473
137 148 318
16 137 143
318 326 456
80 187 394
90 141 318
16 318 326
90 318 456
99 220 364
187 326 456
80 187 324
187 220 324
80 86 437
80 394 437
80 86 324
187 326 394
284 327 416
344 418 480
225 344 415
164 311 415
86 356 437
225 270 415
139 420 449
34 327 468
34 284 327
289 327 468
68 137 143
143 416 483
68 137 473
289 393 406
202 243 371
57 433 468
57 202 433
160 176 218
202 340 423
202 423 433
34 433 468
24 381 423
171 176 486
84 176 340
59 160 218
218 391 447
11 208 350
208 338 350
154 208 391
59 218 391
160 185 485
59 154 185
154 271 496
69 207 378
169 378 404
5 249 474
5 69 469
154 249 271
97 139 249
69 207 474
97 474 489
85 207 474
381 420 423
97 139 449
34 225 449
97 449 489
133 449 489
85 133 216
133 225 449
0 184 222
164 222 332
115 167 426
0 204 216
81 91 426
0 184 204
167 204 216
169 207 378
169 255 325
378 404 469
325 404 429
107 402 412
169 325 404
169 255 412
345 354 412
107 354 412
107 132 163
21 108 294
179 238 299
21 238 299
272 299 476
91 184 297
91 272 297
184 222 332
98 295 476
272 297 476
295 299 476
157 196 247
157 174 247
138 183 497
138 174 183
98 138 497
142 269 332
164 311 356
164 332 356
311 356 437
221 269 497
142 297 332
42 329 428
42 147 363
356 363 399
147 363 399
49 155 329
42 86 363
155 248 367
49 131 155
157 183 361
49 58 131
58 183 221
183 221 497
92 442 458
74 131 498
264 333 442
361 458 498
25 56 111
92 333 442
102 264 442
111 275 442
278 444 492
192 278 444
102 111 442
56 264 333
56 278 492
209 248 268
10 209 248
110 268 407
56 102 264
209 268 407
166 189 322
166 215 407
10 209 407
10 155 248
135 280 382
135 215 407
156 373 445
156 280 364
100 374 495
53 141 355
317 355 475
262 430 451
100 374 493
118 355 475
53 100 355
100 118 493
53 90 141
128 362 445
99 362 445
99 362 495
90 99 495
374 484 495
224 362 495
224 484 495
128 419 445
128 145 484
110 376 446
110 166 407
110 166 446
251 321 472
33 283 425
33 321 425
77 261 337
251 386 479
321 386 472
145 386 484
145 321 386
29 37 374
29 37 223
29 374 455
37 223 463
29 223 455
228 261 463
77 105 337
251 337 479
126 357 467
105 307 365
105 126 365
228 232 261
96 232 422
190 211 307
9 293 431
22 448 460
9 293 460
22 460 487
293 448 460
293 448 494
18 88 181
64 359 369
3 410 440
3 181 464
18 181 464
18 22 50
18 22 464
22 448 494
124 191 217
3 283 403
195 283 425
3 403 410
124 403 410
93 281 401
48 93 440
93 191 440
191 206 217
73 192 278
73 281 339
50 194 397
88 194 199
165 339 401
19 369 397
19 165 339
19 165 397
451 475 493
118 475 493
439 459 486
266 459 486
415 437 480
34 433 449
420 433 449
290 430 454
402 412 429
289 406 416
165 397 401
194 397 401
158 377 390
360 377 390
375 393 400
37 374 479
374 479 484
373 419 445
189 373 419
123 372 395
79 372 395
291 368 405
367 458 498
74 367 498
248 367 466
367 370 466
361 442 458
275 361 442
244 358 451
276 358 451
344 418 483
167 204 426
51 113 314
112 400 406
166 263 446
50 64 494
95 252 471
68 104 473
104 143 416
86 324 417
103 288 305
23 368 405
7 253 490
300 323 439
101 130 231
206 444 492
120 210 303
85 167 216
255 412 429
98 297 315
126 357 431
95 252 279
93 194 401
93 191 192
65 243 340
87 122 127
86 417 428
42 86 428
85 115 167
7 236 398
112 406 473
73 93 192
108 345 412
77 105 126
103 388 450
227 348 376
42 49 147
309 316 334
36 40 346
120 234 303
20 66 260
16 326 480
13 75 121
28 201 457
74 131 155
211 349 365
92 367 370
90 99 456
108 115 207
90 100 495
71 283 403
70 136 296
217 227 348
70 136 338
92 367 458
269 332 356
191 206 444
108 229 272
99 156 364
134 171 351
57 202 371
63 95 279
47 230 380
87 127 395
344 416 483
61 331 461
103 305 383
119 409 482
58 269 399
177 252 471
49 58 147
58 147 399
73 93 281
108 207 412
57 371 393
166 189 373
21 179 229
154 249 485
133 222 270
217 348 492
116 212 310
293 359 494
193 279 328
78 267 396
37 261 463
47 230 371
248 268 285
20 178 260
23 409 482
71 124 403
39 52 389
104 406 473
13 159 452
8 12 379
20 41 298
18 50 194
61 331 358
19 73 339
23 63 319
9 190 211
20 41 170
71 227 385
50 64 397
104 406 416
35 41 259
30 388 450
235 330 427
48 93 194
27 72 335
17 52 259
17 78 259
110 268 376
76 106 360
6 464 487
28 44 457
8 353 477
35 60 239
20 246 298
71 254 385
87 109 122
6 190 487
163 338 350
71 195 254
1 214 282
30 323 388
63 319 405
26 461 499
18 88 194
293 357 467
81 184 204
74 155 367
160 277 420
5 271 469
196 294 299
99 220 456
2 51 101
81 91 184
186 336 366
85 133 474
286 451 454
20 246 441
126 349 431
56 285 466
7 253 398
42 49 329
306 308 320
371 375 393
2 101 130
51 314 408
130 231 256
89 330 383
43 246 291
1 214 287
173 214 282
83 246 387
7 117 490
142 269 392
21 108 229
84 161 176
23 368 482
3 6 283
151 230 380
9 190 487
24 277 381
11 154 496
9 460 487
10 155 329
27 72 493
26 146 461
24 245 423
36 228 346
10 329 343
79 372 465
235 330 342
47 371 375
66 246 441
129 233 422
30 151 235
120 292 312
82 177 471
30 235 427
39 301 389
25 111 226
32 461 499
32 205 499
277 381 420
111 226 275
128 195 425
211 307 365
26 38 146
430 451 454
6 33 283
232 261 467
35 78 267
39 52 259
96 359 467
248 285 466
12 257 379
65 161 443
142 315 392
41 125 259
108 115 426
23 63 409
21 179 238
193 279 414
43 203 368
153 265 309
43 291 368
64 359 494
77 261 467
4 63 328
11 154 208
48 194 199
101 231 242
263 385 446
64 369 397
306 432 436
394 437 480
19 226 278
22 50 494
35 41 60
5 249 271
223 273 463
56 333 466
77 126 467
99 156 445
173 241 384
63 95 240
149 163 338
124 191 440
286 302 481
150 212 310
120 234 312
124 410 440
106 200 379
200 201 379
126 349 365
178 260 292
13 159 470
128 321 425
129 212 336
129 168 212
103 383 450
130 256 398
188 228 422
0 133 222
133 225 270
58 221 269
133 474 489
19 73 278
134 161 171
156 215 280
135 329 428
38 146 239
135 329 343
135 382 417
135 417 428
98 138 295
143 418 483
143 418 480
76 106 379
219 306 436
8 201 379
45 308 320
148 317 355
306 320 432
113 314 335
263 322 419
70 149 338
71 217 227
56 285 492
24 245 277
151 230 462
30 151 323
134 151 323
8 45 477
186 233 366
330 383 450
154 185 485
63 389 405
159 231 256
138 196 295
159 231 242
160 420 485
161 171 176
81 204 426
54 161 443
129 233 366
79 411 465
168 242 313
162 347 455
162 438 455
280 324 382
166 263 322
393 400 406
166 215 373
220 280 324
213 274 375
228 232 422
172 320 432
45 172 320
128 263 419
173 241 282
138 174 196
27 244 451
174 196 247
179 229 272
58 183 498
75 109 121
15 193 252
191 192 444
109 122 316
193 252 414
195 254 263
196 226 275
157 196 275
206 217 492
142 297 315
9 211 431
169 207 412
211 349 431
212 336 491
213 267 304
182 213 267
213 375 424
135 215 280
2 219 306
173 214 347
108 140 272
37 261 337
227 376 385
183 361 498
109 121 413
254 263 385
262 317 451
96 232 467
241 242 313
202 243 340
119 152 482
245 340 423
230 243 462
268 285 348
176 245 277
243 443 462
246 291 301
66 246 387
139 249 420
249 420 485
62 260 292
71 195 283
4 63 409
141 148 355
268 348 376
269 356 399
269 392 497
98 297 476
273 438 463
285 348 492
276 286 302
276 286 451
71 124 217
293 357 431
21 294 299
89 305 383
122 309 316
98 315 497
315 392 497
293 359 467
317 451 478
323 351 439
94 153 309
324 382 417
326 394 480
53 90 100
333 370 466
108 294 345
92 333 370
