1594.36 828.529
-1047.04 219.205
422.242 -1768.72
674.289 -1578.16
708.808 -1342.46
-1577.67 974.465
1599.06 -1975.28
-1160.94 -973.117
-503.656 372.01
1349.48 -1979.94
374.282 135.264
1938.47 492.975
-957.639 753.208
-1390.91 -1210.74
1155.37 1296.45
-23.5656 749.728
124.979 929.394
-1031.07 -1452.78
1160.67 1643.22
-1030.94 -130.521
-1699.23 -608.608
-1156.06 1899.82
-583.885 -316.998
-1073.29 912.459
-1944.99 -1723.81
932.519 429.293
411.45 870.986
-1077.73 1453.81
-375.806 -468.64
-1756.93 -1220.44
-1172.19 219.507
1529.29 952.79
-851.099 -1501.78
1500.01 -1690.43
-1858.55 -1530.93
179.052 -1557.79
-139.533 1023
-1657.97 1276.58
-1294 -731.261
189.041 -1238.99
-455.075 -878.44
1190.3 1956.37
1992.55 -1887.43
1410.19 -383.26
-356.07 1653.26
396.3 471.74
-127.235 -74.4109
-575.47 1021.67
423.812 -1075.46
1331.24 565.257
-606.384 -489.709
1007.47 1254.08
-1466.71 1349.5
530.664 -760.715
-1381.76 -1280.29
0.293502 163.167
-158.735 -809.405
119.542 -166.189
-696.835 -470.272
1450.55 947.095
-817.014 -153.148
-581.164 1055.75
1772.44 843.366
77.4181 196.252
1767.91 -591.343
-1238.49 -838.478
918.949 1768.98
-1584.4 1452.24
1118.48 946.269
-1308.48 1736.72
1665.97 691.814
-100.111 -492.76
1882.41 -1980.57
1341.05 -814.425
-450.842 791.602
-1867.33 732.144
-1361.55 -448.494
-212.105 -1589.11
-1605.13 1865.31
607.147 -1837.22
-726.029 1368.66
-675.699 -1807.08
1137.63 -260.094
1645.16 256.114
-1313.82 -1663.32
-7.16455 -1647.85
1028.49 1892.72
-140.61 910.901
1912.15 -799.559
-1903.52 -538.688
1992.04 -1770.85
-1806.54 -1369.5
-219.348 -18.6491
-958.608 175.524
-153.336 1648.54
338.303 1120.64
1017.19 1662.6
1313.55 154.828
-597.49 958.711
-1589.06 88.6857
1295.39 403.777
440.836 323.878
296.501 -1699.77
-765.221 208.655
-499.333 -668.746
1669.97 -507.29
-439.6 1863.42
123.208 1341.05
-155.226 1164.6
-483.425 1691.44
813.138 1854.88
812.073 -169.668
1517.48 125.628
1985.16 -1080.01
-915.661 -1603.9
1008.68 -1620.27
799.879 -550.487
703.604 -903.62
-250.261 1938.38
1305.04 1250.41
-730.363 975.003
-1256.88 830.037
838.426 866.324
171.088 -1316.8
30.9237 1687.66
-1625.36 -1155.94
1542.54 1186.71
674.393 1060.02
-687.66 659.554
1980.01 396.679
1055.66 988.691
776.405 -144.465
-1561.8 -519.99
951.915 187.944
-581.607 256.951
-561.65 688.03
-768.046 181.467
-481.934 -1929.62
-952.208 1689.15
-1246.42 1078.72
1376.82 -871.782
1922.78 919.359
-1685.07 597.17
-20.6183 -372.73
-743.276 -40.6042
-1976.05 -1687.62
-1051.91 800.354
167.914 -613.708
-1719.64 -880.17
1574.24 -301.244
1376.78 -987.414
-1613.21 -1391.26
1194.05 -95.1476
-1320.88 -1758.15
-405.993 -567.304
1320.56 -1029.17
560.914 1243.34
1890.18 875.844
-159.492 -130.434
-1496.89 1097.23
1828.96 -1472.94
1409.61 -1222.95
1327.42 -422.475
163.341 1607.78
697.355 -262.423
-693.464 74.136
750.163 -306.678
682.871 -55.7838
1598.17 1361.99
186.061 -807.819
-1205.32 -493.378
163.006 1355.6
-1250.04 53.1904
231.441 590.467
1922.76 734.554
-312.302 1751.72
1261.62 -902.691
-1471.23 589.033
674.835 692.108
196.812 -627.81
-1570.32 1503.35
1446.33 1179.85
-803.33 129.197
-875.937 -1205.16
-508.816 1310.12
-12.9744 285.866
-1183.25 -1849.97
-358.537 -433.295
203.222 1872.9
-1842.83 125.979
607.458 -155.13
-122.304 -130.926
942.179 406.463
-1541.89 -382.986
-901.429 654.92
989.204 -471.745
158.268 435.529
-1291.9 1354.94
-1435.27 -167.834
-1850.22 55.9099
-857.709 136.808
-1658.22 -40.9632
286.84 -16.761
1525.74 -1509.94
-143.857 1682.91
616.041 -1536.4
-472.216 -1506.26
332.675 -1530.04
900.201 790.782
86.9772 1998.77
-554.298 -923.819
-472.973 1603.97
1511.71 235.129
958.908 -1923.56
-1932.7 1108.69
132.346 -790.414
-754.501 474.122
1168.62 1532.34
-1542.64 694.365
-1977.6 313.504
377.279 638.441
777.104 1905.06
1132.18 -890.221
-1624.97 32.3791
1900.56 462.003
31.1507 -653.737
1538.18 1558.18
-1049.77 1049.89
-206.693 1909.14
1126.33 -139.398
1017.83 -741.323
1070.19 -1736.67
1732.8 238.811
1795.67 -1809.84
-1066.82 1818.07
503.665 1310.45
456.51 -719.231
1215.52 -411.311
390.548 1590.54
1621.07 291.109
52.5467 -347.782
1637.37 -409.269
-789.604 -1412.39
-1359.38 1003.7
-1503.25 1766.96
-1135.69 1514.58
-974.368 1934.49
1777.91 -1241.57
173.304 1573.57
-1051.41 1106.48
1391.64 1452.26
416.934 -151.846
-1266.97 -367.549
1436.84 1123.57
-777.006 1057.91
-585.316 1275.54
-1289.87 -947.944
-1133.73 -79.4754
-360.339 -493.104
-1075.77 136.407
-726.148 -211.467
-349.016 299.484
-276.974 -571.11
1057.92 1896.33
-997.535 -1993.49
1002.81 -1605.89
1458.77 -580.257
242.262 -1808.21
1052.19 -320.895
1315.37 -1724.81
-1262.99 -1269.95
1550.73 -552.857
-217.895 -1583
1367.67 1421.77
-76.1044 -1708.1
-441.827 1197.75
80.4282 1209.16
-502.768 1803.45
-1361.95 -1444.85
1699.78 -359.488
-1438.34 702.593
34.6208 -1979.58
-1877.66 -1723.12
-1787.79 1174.53
-44.0123 1527.58
1449.72 693.002
-1742.37 1000.44
-1859.85 39.7333
1417.44 1507.81
-538.501 -658.661
1799.71 1019.67
-1460.91 -119.863
228.828 36.3181
-316.409 866.875
591.466 -616.625
-1492.61 1153.12
-1914.03 542.008
1173.54 -1791.7
818.891 1385.76
1382.83 -1225.12
913.336 832.548
1467.88 1170.96
-167.008 1608.03
-789.302 -749.565
1115.84 672.197
591.774 915.55
-308.131 1130.86
-1204.31 1920.7
-832.822 479.278
787.573 1758.64
1862.65 1294.96
911.766 1948.62
-163.032 85.3104
-1843.07 -1344.14
-528.932 1539.76
-569.261 -1615.6
372.306 -1101.38
1555.37 -1794.7
-1493.35 -1233.93
-544.267 1622.49
1438.26 -1952.49
538.038 -869.868
1178.37 1333.72
-949.17 -1654.45
-186.997 1838.4
-1895.81 -324.344
1133.36 1015.96
-375.722 -1029.67
-898.733 -218.797
-373.809 572.335
-679.04 1056.93
956.738 1693.27
1955.55 512.106
1898.56 -1537.8
1278.17 -645.702
-1915.32 716.435
-598.195 622.722
1846.57 -1419.83
-43.5529 -1102.6
-1074.28 1769.45
-1264.2 -970.091
-554.894 1869.16
-1954.13 1069.38
-1160.51 -852.867
-1149.41 465.684
1719.47 171.547
-477.387 676.205
-135.187 -521.837
-811.688 -236.623
-59.6401 -1533.52
