7 24 26
1 20 26
8 18 19
4 24 49
23 27 45
3 46 47
12 17 37
5 6 16
18 19 40
1 7 26
7 18 40
23 40 45
8 17 19
22 35 36
20 24 26
24 35 49
4 14 49
9 38 43
9 28 38
4 14 43
14 38 43
9 21 46
10 27 45
22 27 36
10 33 42
10 33 41
9 21 28
21 34 46
11 13 42
11 13 44
11 33 42
10 25 41
13 44 46
11 33 44
33 41 44
44 46 47
15 44 47
2 15 30
1 12 16
1 12 32
2 30 31
2 5 16
13 42 46
34 42 46
14 38 49
31 41 44
30 31 44
35 38 49
25 29 40
27 36 48
2 5 6
7 23 40
1 7 32
25 31 41
7 23 48
0 10 42
7 18 32
19 29 40
0 22 35
0 34 42
0 21 38
2 12 37
3 6 47
1 16 20
7 36 48
6 39 47
17 19 37
12 17 18
23 27 48
2 15 47
2 29 37
0 35 38
2 29 31
7 24 35
2 39 47
10 22 27
2 12 16
10 25 40
10 40 45
7 35 36
12 18 32
6 16 20
0 21 34
8 17 18
19 29 37
2 6 39
0 10 22
21 28 38
25 29 31
15 30 44
