1 17 32
1 20 26
3 39 47
4 24 49
23 27 45
13 34 46
3 46 47
5 6 16
7 18 40
23 40 45
8 17 19
23 27 36
22 35 36
23 36 48
24 35 36
20 24 26
24 35 49
4 14 49
9 28 38
4 14 43
9 21 46
0 10 38
0 10 27
10 27 45
22 27 36
0 22 27
10 33 41
10 25 45
13 34 42
21 34 42
9 21 28
21 34 46
11 13 42
11 13 44
11 33 42
10 25 41
13 44 46
11 33 44
33 41 44
44 46 47
15 44 47
2 15 30
15 30 31
25 29 41
1 12 16
12 16 37
1 12 32
2 30 31
14 38 49
28 38 42
10 33 38
17 32 37
15 31 44
31 41 44
35 38 49
25 29 40
9 14 38
8 19 40
8 18 40
7 23 40
3 5 6
7 23 48
19 29 40
0 22 35
21 28 42
1 16 20
29 31 41
3 5 39
17 19 37
5 16 39
2 15 47
7 8 17
0 35 38
33 38 42
2 39 47
9 14 43
7 8 18
6 16 20
16 31 37
2 16 31
2 16 39
12 32 37
1 17 26
7 17 26
7 26 48
19 29 37
29 31 37
26 36 48
25 40 45
24 26 36
