7 24 26
1 6 20
1 20 26
8 18 19
3 39 47
7 24 48
4 24 49
23 27 45
13 34 46
3 46 47
5 6 16
1 6 16
1 7 26
7 18 40
23 40 45
22 35 36
23 36 48
24 35 36
24 36 48
20 24 26
24 35 49
4 14 49
4 14 43
14 38 43
9 21 46
0 10 38
0 14 22
0 14 38
0 22 27
10 25 45
21 34 42
9 21 28
21 34 46
11 13 44
11 33 42
13 44 46
15 41 44
44 46 47
15 44 47
2 15 30
25 29 41
1 12 16
12 16 37
1 12 32
2 30 31
2 5 16
28 38 42
10 33 38
17 32 37
15 30 41
28 38 43
7 17 18
8 17 37
7 23 40
1 7 32
19 25 29
0 10 45
8 19 37
3 5 6
25 33 41
7 23 48
0 27 45
21 28 42
11 41 44
29 31 41
2 3 39
9 28 43
2 15 47
2 3 5
18 19 25
33 38 42
2 39 47
11 34 42
7 17 32
11 13 34
11 33 41
16 31 37
2 16 31
12 32 37
8 17 18
22 23 36
18 25 45
18 40 45
19 29 37
30 31 41
29 31 37
22 23 27
22 35 49
14 22 49
10 25 33
