1 20 26
8 18 19
3 39 47
4 24 49
13 34 46
3 46 47
5 6 16
18 19 40
1 7 26
7 18 40
22 35 36
23 36 48
24 35 36
24 36 48
24 35 49
10 28 38
4 14 49
9 38 43
9 28 38
4 14 43
9 21 46
0 10 38
10 21 28
22 27 36
0 22 27
10 33 42
10 25 45
13 34 42
9 21 28
21 34 46
11 13 42
11 33 42
15 41 44
15 39 47
2 16 37
44 46 47
15 44 47
15 31 41
15 30 31
1 12 16
12 16 37
1 12 32
2 30 31
23 36 45
27 36 45
17 32 37
2 30 39
15 30 39
25 29 40
7 23 40
23 25 40
0 10 45
25 31 41
1 7 8
0 22 49
3 5 6
25 33 41
7 23 48
0 27 45
19 29 40
0 14 43
10 34 42
0 14 49
11 13 46
11 41 44
1 16 20
3 5 39
17 19 37
5 16 39
10 21 34
2 29 37
1 19 32
2 29 31
7 8 18
1 8 19
11 33 41
20 24 48
6 16 20
2 16 39
12 32 37
7 26 48
11 44 46
20 26 48
19 29 37
17 19 32
22 35 49
23 25 45
25 29 31
0 38 43
10 25 33
