146 289 361
26 62 238
53 218 341
18 160 305
52 312 381
210 290 335
52 312 450
114 362 495
194 215 445
32 156 163
194 284 357
29 322 451
26 378 396
24 428 483
66 228 439
336 371 444
161 420 488
74 324 469
121 162 360
104 323 340
10 302 355
163 280 467
0 143 339
251 399 460
122 317 422
251 398 399
129 172 355
8 295 395
13 52 381
33 82 495
176 181 329
198 319 407
68 300 470
33 159 495
146 386 453
57 297 434
65 174 359
141 271 303
41 115 429
273 411 450
57 429 434
99 216 446
24 281 403
167 413 434
5 141 303
52 149 202
104 219 323
351 386 472
267 326 384
68 319 470
43 300 455
62 233 238
62 171 233
101 433 464
1 2 6
36 225 498
62 84 308
62 417 439
40 185 287
49 334 384
123 192 222
123 415 462
287 336 348
258 415 462
27 192 383
59 165 240
74 354 410
54 177 468
17 31 229
77 163 280
77 156 350
7 59 240
34 241 402
34 402 420
332 477 487
23 144 304
32 332 487
32 163 467
208 377 438
332 373 467
74 225 324
54 225 324
292 356 451
219 229 323
42 67 206
372 391 425
90 262 275
120 207 242
18 207 242
95 122 230
180 332 494
11 103 250
23 180 440
161 325 387
7 235 309
11 249 250
182 184 375
230 435 493
239 347 389
38 243 491
131 299 388
88 293 375
11 249 317
72 299 388
0 38 491
70 398 399
128 250 399
131 388 421
149 256 463
45 169 327
254 431 449
14 142 339
0 38 316
21 79 203
80 188 220
178 275 390
379 414 427
64 148 379
94 130 409
64 105 409
58 157 492
58 149 463
64 310 382
83 191 463
64 307 382
181 392 394
56 190 270
113 191 318
5 175 303
174 190 264
46 56 175
148 414 426
197 201 404
55 97 376
22 291 466
294 349 426
76 89 138
148 379 414
253 276 466
105 353 409
96 255 400
89 138 248
231 362 495
170 198 210
137 231 362
231 267 495
137 231 478
231 455 478
43 455 478
39 384 455
39 236 300
39 300 455
159 198 407
114 362 485
159 407 485
68 319 407
68 343 407
30 167 196
3 428 483
198 210 335
198 319 335
114 159 485
343 407 485
114 159 495
33 159 198
82 86 486
170 227 333
170 210 456
170 333 456
63 279 297
279 333 474
86 412 474
86 117 136
82 86 474
303 380 459
93 412 429
57 93 429
216 434 446
16 297 434
41 237 429
46 190 264
41 109 459
109 265 459
216 237 475
24 30 428
16 167 434
281 346 403
37 108 196
108 118 428
167 281 413
212 365 403
212 365 453
20 147 212
24 403 483
346 365 403
87 413 446
413 434 446
273 411 418
281 346 413
244 261 346
146 289 357
71 213 272
17 229 430
71 272 418
17 155 430
272 361 430
215 289 357
146 357 386
20 44 212
20 44 472
3 345 448
183 337 351
51 223 396
351 433 472
51 223 436
101 260 433
51 101 269
260 345 448
101 260 447
260 433 448
69 236 479
3 282 345
3 282 499
282 331 345
98 246 331
246 331 345
98 246 447
69 479 482
282 331 482
69 252 482
252 441 482
51 101 447
132 259 369
49 200 221
334 358 369
98 342 447
98 342 369
259 342 369
132 358 369
49 132 221
49 326 384
223 306 436
91 306 436
51 221 436
26 223 396
337 416 464
223 238 306
26 223 238
171 233 328
233 238 306
233 306 328
91 124 306
84 308 468
62 171 417
54 127 324
54 308 468
4 66 121
112 127 489
314 320 415
66 228 368
4 125 439
4 66 439
121 326 405
116 121 405
121 162 314
192 320 393
47 185 287
40 123 462
258 314 415
100 258 458
258 458 462
100 258 326
40 458 462
40 123 287
123 192 415
123 222 287
165 240 424
336 348 371
7 240 371
383 424 444
74 383 410
27 192 222
192 320 415
192 383 393
112 311 360
127 177 489
54 127 177
112 127 469
50 74 469
74 225 283
127 324 469
36 373 467
36 225 283
74 280 354
77 156 163
77 280 354
74 280 283
165 285 410
165 410 424
245 350 488
7 59 309
235 309 364
166 187 480
383 410 424
285 354 410
156 402 487
156 402 420
161 245 488
144 199 304
199 241 497
23 180 477
477 487 497
32 156 487
32 332 467
28 158 179
332 373 494
31 42 229
180 332 477
208 373 494
330 356 451
67 406 438
36 373 498
263 330 451
17 31 263
263 330 438
373 377 498
29 292 451
330 377 438
330 356 377
208 373 377
17 445 451
17 263 451
288 292 498
54 225 498
288 308 378
29 274 385
288 378 385
1 274 322
1 274 396
1 2 396
2 337 416
269 416 464
101 269 464
194 215 357
6 194 284
155 215 289
155 215 445
322 445 451
6 194 445
29 274 322
17 155 445
213 272 430
189 213 430
153 189 211
71 189 213
42 219 229
31 42 67
78 169 341
28 179 224
73 104 219
18 78 169
154 352 390
45 169 341
169 301 327
18 169 301
73 298 341
18 242 305
239 277 389
239 242 437
70 367 399
239 347 437
347 437 493
95 195 286
209 286 338
28 158 437
134 158 179
67 206 406
179 209 406
208 406 438
208 338 494
180 338 494
95 286 440
23 95 122
134 195 286
23 95 440
199 304 497
23 85 187
23 85 144
75 81 85
140 387 496
161 245 387
245 309 387
75 325 387
75 81 325
81 85 144
122 397 422
23 187 397
140 317 422
75 166 480
140 268 422
249 250 399
249 317 375
11 122 230
11 122 317
23 122 397
95 195 230
152 435 437
103 347 493
435 437 493
251 460 491
72 388 421
72 460 491
128 168 226
19 70 367
249 375 399
293 375 399
88 182 375
60 184 496
184 317 375
88 293 374
293 374 421
72 293 421
139 193 302
131 139 299
131 374 421
164 432 452
164 432 442
172 193 302
15 72 299
139 193 299
172 302 355
0 143 316
10 355 442
0 254 339
142 143 339
143 316 355
14 344 355
143 344 355
19 119 465
70 119 398
128 367 399
119 398 465
19 35 254
19 70 119
35 120 277
226 347 389
19 35 367
35 120 207
35 207 254
254 339 431
18 207 301
178 327 449
301 327 449
80 188 366
21 102 205
102 205 490
14 150 339
150 339 431
14 142 344
142 143 344
111 173 232
21 111 232
21 111 203
14 79 355
14 21 79
79 481 484
79 355 423
79 423 484
48 135 423
135 266 423
48 253 395
257 353 471
257 296 471
25 379 419
25 105 379
25 133 257
105 257 353
64 105 379
25 105 257
353 409 471
154 275 390
130 204 220
94 130 204
107 154 275
151 178 372
78 298 341
73 104 218
53 341 391
151 372 425
13 340 381
71 189 411
13 202 218
73 218 341
153 323 340
153 211 340
153 229 323
71 411 418
5 83 473
145 273 450
211 312 450
13 52 202
52 145 450
61 145 273
265 443 457
61 443 473
141 443 473
5 175 318
83 256 473
83 256 463
149 202 454
58 151 425
90 157 262
408 461 463
113 191 463
55 318 376
46 56 190
55 113 318
5 141 473
41 115 264
46 264 380
175 278 303
46 175 278
174 359 370
110 190 370
174 190 370
115 174 264
65 174 217
115 174 217
86 117 486
117 359 486
126 359 486
110 126 392
9 329 376
181 270 329
176 181 394
9 176 329
138 294 476
89 96 255
197 201 255
89 96 248
89 201 404
89 201 255
76 89 404
9 176 394
9 12 76
97 321 349
12 97 321
64 148 310
310 382 408
138 248 313
253 419 466
22 427 466
25 133 419
48 135 296
96 276 295
276 295 395
253 276 395
8 48 395
186 355 423
8 186 295
96 276 291
276 291 466
22 291 313
186 315 400
197 255 400
186 295 315
177 468 489
0 465 491
3 428 499
118 428 499
22 427 476
414 426 476
379 419 427
419 427 466
382 408 492
398 465 491
251 398 491
112 393 469
126 392 486
352 390 449
387 452 496
387 432 452
252 384 441
334 384 441
88 374 452
240 371 424
50 393 469
100 364 458
118 363 499
363 470 479
137 362 478
272 361 418
360 368 489
112 360 489
352 431 449
80 352 366
131 374 452
285 350 354
346 365 453
247 343 362
336 383 444
290 335 470
319 335 470
98 331 441
331 441 482
45 327 372
178 327 372
162 314 360
156 350 420
258 314 326
22 313 476
116 125 171
42 73 219
37 108 363
81 144 214
212 403 483
107 130 409
107 130 154
60 88 184
103 128 168
146 361 418
19 254 465
102 150 490
99 216 475
99 457 475
99 401 443
173 205 220
125 171 439
98 334 369
96 291 313
61 92 443
337 351 464
91 200 221
99 443 457
88 182 184
181 190 392
87 99 401
265 303 459
86 136 429
246 260 345
103 168 226
130 154 220
96 248 313
35 277 367
87 92 261
80 154 352
23 304 477
75 166 268
75 187 480
75 140 387
59 245 309
108 118 363
261 346 413
50 74 393
351 433 464
6 183 351
126 359 370
82 333 474
68 247 343
31 67 263
241 402 497
268 397 422
37 63 363
121 314 326
86 412 429
284 357 386
56 175 376
62 84 228
45 372 391
61 273 418
58 461 463
83 191 318
157 275 307
57 93 279
4 116 121
5 83 318
87 99 446
55 113 463
41 380 459
53 202 454
51 342 447
21 173 232
21 102 150
18 78 298
371 424 444
94 266 484
91 124 234
2 183 337
208 209 406
392 394 486
103 128 250
87 261 413
189 229 430
59 245 350
9 97 376
280 283 467
82 198 227
66 121 368
212 386 453
12 138 321
58 461 492
16 167 196
77 350 354
61 145 256
246 260 447
84 368 489
290 363 470
8 48 186
2 6 183
41 109 475
13 104 218
51 221 342
10 139 302
34 214 420
34 199 241
55 349 426
28 224 305
53 58 454
414 427 476
29 292 385
57 279 297
60 88 452
13 104 340
9 12 97
294 426 476
1 322 445
15 72 491
48 257 296
145 149 256
84 228 368
62 228 439
56 329 376
10 164 442
28 242 437
58 149 454
38 316 355
350 420 488
244 346 453
120 242 277
37 63 297
4 116 125
63 279 456
34 199 214
21 173 205
171 417 439
81 214 325
30 108 428
40 364 458
234 326 405
216 237 429
402 487 497
15 243 491
43 247 362
203 220 481
210 290 456
55 97 349
53 202 218
26 62 308
103 226 347
87 92 401
236 300 479
56 270 329
91 221 436
179 224 406
18 160 298
63 363 456
2 51 396
10 106 139
27 222 336
48 186 423
15 38 172
10 106 164
75 85 187
80 154 220
288 292 385
157 382 492
343 362 485
103 230 493
44 433 448
14 21 150
128 226 389
46 303 380
9 394 404
6 284 351
54 308 498
288 308 498
98 334 441
153 189 229
378 385 396
128 367 389
36 283 467
48 133 257
155 289 361
67 263 438
3 44 483
12 76 138
26 308 378
64 307 409
1 6 445
94 409 471
82 227 333
150 366 490
55 408 426
28 242 305
2 51 416
300 470 479
16 37 196
293 399 460
147 386 472
157 307 382
30 108 196
151 178 275
39 236 252
41 237 475
58 391 425
16 37 297
115 136 429
38 129 172
94 266 471
166 187 268
9 76 404
173 203 220
33 82 198
40 185 364
224 298 305
39 252 384
24 30 167
41 264 380
61 256 473
110 126 370
43 362 478
44 433 472
91 200 234
204 481 484
52 145 149
42 73 206
74 383 393
47 235 287
84 468 489
121 360 368
124 234 328
124 306 328
408 461 492
134 152 437
15 38 243
132 334 358
49 132 334
133 253 419
235 348 371
134 179 209
134 158 437
135 296 471
135 266 471
115 136 217
138 313 476
117 136 217
140 184 317
138 321 349
38 129 355
138 294 349
106 139 452
140 184 496
72 293 460
312 340 381
311 314 320
141 271 443
92 261 418
148 408 426
146 244 418
171 328 405
20 147 472
51 269 416
65 217 359
148 310 408
150 366 431
151 157 262
58 151 157
109 265 475
151 262 275
116 171 405
134 152 195
155 361 430
27 336 383
90 157 275
75 140 268
106 164 452
178 390 449
216 429 434
292 356 377
165 285 350
172 193 299
59 165 350
279 412 474
60 452 496
111 173 203
282 479 499
45 341 391
175 318 376
93 279 412
180 286 440
180 286 338
181 190 270
44 212 483
208 209 338
134 209 286
15 172 299
24 167 281
68 247 300
185 235 364
47 185 235
92 401 443
11 103 230
187 268 397
231 267 384
189 211 450
197 404 486
189 411 450
274 385 396
363 479 499
352 366 431
110 190 392
195 230 435
152 195 435
146 244 453
170 198 227
144 199 214
200 234 326
49 200 326
311 314 360
79 203 481
107 307 409
94 204 484
188 205 220
188 205 366
205 366 490
206 224 298
234 328 405
46 278 303
394 404 486
147 212 386
73 206 298
131 139 452
222 287 336
161 214 325
161 214 420
244 261 418
117 217 359
204 220 481
292 377 498
55 408 463
221 259 342
132 221 259
96 295 400
311 320 393
107 275 307
206 224 406
48 133 253
231 384 455
235 287 348
7 235 371
69 236 252
239 242 277
43 247 300
254 301 449
207 254 301
53 58 391
0 254 465
265 271 303
61 92 418
265 457 475
266 423 484
265 271 443
277 367 389
279 333 456
3 44 448
282 479 482
284 351 386
290 363 456
295 315 400
160 298 305
304 477 497
112 311 393
211 312 340
