125 417 439
26 62 238
144 161 214
356 377 498
18 160 305
53 218 454
266 409 471
84 177 489
210 290 335
52 312 450
114 362 495
153 189 430
32 156 163
194 284 357
26 378 396
66 228 439
26 62 378
4 121 125
161 420 488
179 206 224
50 112 393
104 323 340
10 302 355
163 280 467
0 143 339
251 399 460
251 398 399
8 295 395
366 431 490
113 408 463
33 82 495
22 414 476
176 181 329
294 414 426
68 300 470
137 247 478
16 37 167
93 412 474
33 159 495
16 63 297
146 386 453
57 297 434
141 271 303
93 279 474
41 115 429
61 401 443
57 429 434
109 457 475
99 401 446
24 281 403
167 413 434
5 141 303
104 219 323
244 272 418
99 401 457
124 234 306
236 470 479
351 386 472
267 326 384
43 300 455
125 171 417
101 433 464
1 2 6
62 84 308
62 417 439
116 121 125
49 132 358
40 185 287
49 334 384
123 415 462
287 336 348
258 415 462
27 222 287
17 31 229
77 163 280
77 285 354
7 59 240
34 241 402
184 317 496
332 477 487
23 144 304
32 332 487
32 163 467
36 280 467
54 225 324
292 356 451
62 308 378
31 263 438
219 229 323
42 67 206
372 391 425
90 262 275
209 338 406
152 158 437
180 332 494
11 103 250
161 325 387
166 187 397
166 397 422
11 249 250
182 184 375
230 435 493
239 347 389
38 243 491
11 249 317
10 106 302
72 299 388
0 38 491
70 398 399
128 250 399
0 19 465
131 388 421
45 169 327
150 431 490
254 431 449
0 38 316
80 188 220
157 307 492
178 275 390
151 178 262
94 130 409
307 382 492
64 105 409
58 157 492
310 408 426
64 310 382
5 83 191
5 191 318
64 307 382
461 463 492
55 97 408
56 190 270
113 191 318
5 175 303
46 56 175
148 414 426
55 97 376
22 291 466
294 349 426
76 89 138
96 248 291
253 276 466
105 353 409
89 138 248
137 231 362
137 247 362
137 231 478
231 455 478
43 247 478
43 455 478
39 384 455
39 236 300
39 300 455
114 362 485
159 407 485
68 319 407
68 343 407
236 300 470
3 428 483
37 363 456
118 479 499
290 319 335
198 210 335
37 63 456
198 319 335
114 159 485
343 407 485
114 159 495
82 86 486
82 170 227
170 227 333
170 210 456
170 333 456
63 279 297
279 333 474
86 412 474
227 333 474
86 136 412
86 117 136
115 117 217
115 136 412
303 380 459
115 412 429
93 412 429
57 93 429
16 297 434
41 237 429
278 303 380
109 237 475
46 190 264
265 271 459
41 109 459
41 109 237
216 237 475
24 30 428
16 37 63
16 167 434
37 167 196
37 118 363
30 196 428
37 108 196
108 196 428
37 108 118
108 118 428
167 281 413
44 212 403
44 448 483
212 365 403
433 448 472
212 365 453
24 30 281
92 261 401
413 434 446
401 443 457
244 365 453
244 272 361
87 261 401
281 346 413
284 351 357
92 244 261
71 213 272
92 244 418
189 211 411
17 155 430
272 361 430
215 289 357
351 357 386
146 357 386
20 386 472
20 147 386
20 44 472
3 345 448
51 223 396
351 433 472
51 223 436
337 433 464
101 260 433
51 101 269
260 345 447
69 252 384
44 448 472
44 403 483
69 236 479
3 448 483
3 282 499
246 345 447
98 246 331
246 331 345
282 331 482
49 334 358
132 259 369
49 200 221
334 358 369
132 259 342
98 342 369
132 221 342
259 342 369
234 306 328
132 358 369
49 132 221
49 326 384
234 326 328
116 328 405
223 306 436
91 200 436
200 221 436
51 221 436
26 223 396
223 238 306
26 223 238
171 233 328
233 238 306
233 306 328
84 308 468
84 177 468
84 228 489
112 127 489
66 360 368
228 368 489
112 311 320
66 228 368
4 125 439
4 66 439
121 326 405
116 121 405
326 328 405
121 162 314
192 320 393
112 320 393
47 185 287
40 123 462
100 258 458
258 458 462
100 258 326
47 287 348
40 458 462
40 123 287
123 222 287
27 287 336
47 235 348
7 235 348
7 240 371
7 348 371
74 383 410
27 336 444
192 320 415
112 311 360
127 177 489
50 74 469
50 383 393
127 324 469
36 373 467
77 280 354
36 280 283
74 280 283
50 74 383
165 410 424
245 350 488
235 309 364
166 187 480
59 309 350
77 285 350
383 410 424
156 402 487
156 402 420
81 161 325
245 309 350
75 166 387
161 245 488
34 161 214
199 241 497
477 487 497
32 156 487
28 158 179
31 42 229
180 332 477
208 338 406
330 356 451
67 406 438
263 330 451
17 31 263
263 330 438
29 292 451
330 356 377
208 373 377
54 225 498
292 356 498
288 308 378
288 378 385
2 396 416
269 416 464
101 269 464
194 215 357
6 194 284
155 215 289
17 155 445
153 189 211
71 189 213
73 224 298
42 219 229
31 42 67
179 206 406
78 169 341
28 179 224
73 104 219
18 78 169
154 352 390
45 169 341
169 301 327
45 178 372
78 160 298
18 169 301
18 78 160
73 298 341
18 242 305
239 277 389
239 242 437
70 367 399
239 347 437
168 226 347
134 152 158
95 195 286
209 286 338
28 158 437
134 158 179
73 206 224
67 206 406
31 67 438
179 209 406
208 406 438
134 179 286
208 338 494
180 338 494
95 286 440
23 477 497
179 209 286
23 95 122
134 195 286
23 95 440
81 144 161
140 387 496
161 245 387
245 309 387
75 325 387
81 85 144
23 187 397
166 268 422
166 268 387
75 166 480
140 317 496
88 452 496
140 268 387
249 250 399
103 168 347
103 168 250
23 122 397
103 347 493
11 103 493
251 460 491
72 388 421
72 243 491
0 251 491
72 460 491
15 172 193
128 168 250
72 399 460
128 168 226
249 375 399
293 375 399
60 184 496
60 88 182
60 182 184
60 88 496
72 293 399
72 293 421
139 193 302
432 452 496
106 139 302
387 432 496
164 432 452
164 432 442
8 186 423
172 193 302
15 72 299
15 72 243
0 143 316
10 355 442
0 19 254
0 254 339
142 143 339
14 344 355
19 119 465
0 251 398
0 398 465
128 367 399
119 398 465
128 226 367
226 367 389
35 120 277
226 347 389
120 239 277
35 120 207
178 327 449
301 327 449
80 188 366
21 102 205
102 205 490
14 142 344
142 143 344
14 21 102
21 111 232
21 205 232
173 205 232
111 203 220
14 79 355
14 21 79
79 481 484
79 423 484
48 135 423
135 266 423
48 253 395
94 266 409
257 353 471
257 296 471
25 379 419
48 133 419
25 105 379
25 133 257
105 257 353
25 105 257
64 107 409
353 409 471
64 107 307
154 275 390
130 204 220
94 130 204
178 262 275
107 154 275
45 178 327
78 298 341
73 104 218
53 391 454
391 425 454
71 189 411
73 218 341
153 323 340
153 211 340
153 229 323
5 83 473
52 145 256
61 145 273
61 92 401
265 443 457
61 443 473
141 443 473
5 175 318
58 463 492
149 202 454
58 151 425
58 151 262
382 461 492
408 461 463
55 113 408
113 191 463
56 318 376
270 329 376
56 270 376
55 318 376
46 56 190
56 175 318
55 113 318
271 303 459
5 141 473
41 115 264
115 117 136
46 264 380
175 278 303
46 278 380
46 175 278
115 174 264
65 174 217
115 174 217
65 117 217
65 117 359
86 117 486
117 359 486
126 359 486
110 126 392
110 181 392
9 329 376
181 270 329
9 176 329
9 76 394
76 394 404
138 294 476
89 96 255
197 201 255
89 96 248
89 201 255
76 89 404
9 176 394
9 12 76
12 97 321
148 310 426
97 408 426
64 148 310
294 414 476
22 138 476
138 248 313
22 138 313
22 414 427
253 419 466
22 427 466
48 253 419
25 133 419
48 135 296
96 276 295
276 295 395
253 276 395
8 186 295
96 276 291
276 291 466
248 291 313
22 291 313
186 315 400
197 255 400
186 295 315
96 295 315
109 457 459
3 428 499
118 428 499
379 419 427
419 427 466
403 428 483
24 403 428
87 401 413
401 413 446
48 395 423
126 392 486
352 390 449
252 384 441
334 384 441
211 381 450
88 374 452
293 374 375
240 371 424
360 368 489
112 360 489
146 357 361
352 431 449
80 352 366
131 374 452
347 435 493
260 345 433
247 343 362
98 331 441
331 441 482
97 321 426
143 316 344
162 314 360
156 350 420
258 314 326
116 125 171
42 73 219
107 130 409
310 382 461
107 130 154
83 191 256
102 150 490
13 202 312
99 216 475
99 457 475
99 434 446
59 240 424
173 205 220
98 334 369
263 445 451
14 102 150
258 314 320
2 274 396
225 283 469
130 154 220
23 144 187
35 277 367
82 170 210
82 198 210
3 282 331
120 207 239
80 154 352
58 149 256
21 79 111
19 35 70
152 347 435
208 332 373
274 288 385
75 187 480
1 29 322
261 346 413
77 163 350
6 183 351
69 441 482
265 457 459
126 359 370
69 282 479
98 246 342
69 282 482
50 112 127
68 247 343
241 402 497
81 85 325
121 314 326
62 84 228
45 372 391
316 344 355
177 308 468
59 165 424
7 59 235
184 249 317
58 425 454
83 145 256
151 178 425
58 90 262
157 275 307
57 93 279
79 111 203
184 249 375
44 147 212
244 261 365
14 142 150
41 380 459
51 342 447
79 186 355
27 222 415
11 397 422
208 332 494
371 424 444
94 266 484
91 124 234
267 362 495
2 183 337
65 359 370
392 394 486
15 139 193
87 261 413
17 153 430
274 288 292
272 411 418
9 97 376
212 386 453
12 138 321
111 220 232
289 357 361
231 267 362
39 69 236
290 363 470
17 153 229
2 6 183
82 86 227
33 159 319
180 440 477
13 202 454
74 280 410
13 312 381
13 211 381
13 104 218
51 221 342
118 363 470
34 199 241
13 211 340
28 224 305
11 317 422
61 83 473
131 293 421
36 373 377
225 283 498
57 279 297
29 322 445
13 104 340
9 12 97
2 416 464
1 322 445
292 308 498
48 257 296
131 293 374
27 383 393
69 252 441
62 228 439
155 194 215
10 164 442
28 242 437
11 122 397
61 92 411
50 127 469
58 149 454
38 316 355
350 420 488
20 44 147
89 197 404
89 197 201
63 279 456
34 199 214
29 445 451
23 440 477
216 237 429
402 487 497
203 220 481
174 264 370
210 290 456
33 198 319
51 260 447
129 172 302
36 377 498
15 139 299
15 38 172
10 106 164
75 85 187
80 154 220
4 121 162
1 2 274
343 362 485
58 256 463
4 66 360
6 284 351
54 308 498
98 334 441
378 385 396
19 119 398
48 133 257
23 199 497
96 255 315
2 337 464
32 373 467
155 289 361
27 383 424
13 218 454
12 76 138
51 396 416
4 162 360
68 290 319
281 365 403
1 6 445
176 392 394
39 69 384
208 330 438
28 242 305
52 273 450
92 411 418
105 148 379
1 29 274
59 235 309
32 332 373
23 199 304
51 101 260
35 70 367
27 424 444
38 129 172
61 83 145
68 290 470
40 100 364
33 82 198
40 185 364
224 298 305
86 227 474
41 264 380
110 126 370
348 371 444
118 470 479
75 85 325
91 200 234
204 481 484
91 124 436
42 73 206
36 283 498
95 122 195
261 346 365
11 122 493
189 213 272
122 230 493
124 306 436
189 272 430
15 38 243
129 302 355
345 433 448
99 216 434
40 100 458
58 90 157
135 296 471
135 266 471
138 321 349
38 129 355
138 294 349
139 299 388
122 195 230
131 139 388
106 139 452
85 144 187
311 314 320
141 271 443
310 408 461
146 244 361
110 181 370
51 269 416
148 414 427
150 254 431
150 254 339
27 192 393
134 152 195
53 218 391
155 361 430
90 157 275
218 341 391
159 319 407
106 164 452
6 155 194
178 390 449
216 429 434
34 161 402
161 402 420
156 163 350
165 285 350
165 285 354
165 354 410
59 165 350
282 479 499
45 341 391
173 220 232
171 233 238
74 283 469
176 181 392
191 256 463
54 177 308
127 177 324
178 372 425
180 286 440
19 35 207
180 286 338
312 381 450
181 190 270
181 190 370
336 348 444
182 374 375
183 337 433
68 247 300
6 155 445
185 235 364
171 238 417
47 185 235
231 267 384
197 404 486
274 385 396
65 174 370
352 366 431
195 230 435
3 331 345
152 347 437
152 195 435
54 177 324
146 244 453
30 196 281
167 196 281
142 150 339
29 274 292
200 234 326
49 200 326
149 202 256
52 202 256
52 202 312
311 314 360
79 203 481
19 70 398
94 204 484
188 205 220
188 205 366
205 366 490
144 214 304
207 239 242
208 330 377
394 404 486
211 273 450
211 273 411
147 212 386
199 214 304
131 139 452
61 273 411
148 379 427
116 171 328
27 192 415
204 220 481
52 145 273
246 342 447
79 186 423
123 222 415
107 275 307
8 395 423
225 324 469
231 384 455
62 238 417
207 242 301
321 349 426
18 242 301
43 247 300
254 301 449
207 254 301
64 105 148
255 315 400
19 207 254
258 320 415
17 263 445
190 264 370
266 423 484
140 268 317
268 317 422
265 271 443
71 272 411
183 351 433
277 367 389
279 333 456
280 354 410
281 346 365
290 363 456
288 292 308
160 298 305
88 182 374
