65 81 93
32 89 107
5 60 68
39 41 48
14 94 97
45 56 139
12 76 128
11 61 87
0 3 136
6 42 125
111 127 132
21 88 98
3 14 94
21 96 98
75 100 132
65 88 98
3 14 65
66 135 137
39 72 82
66 137 146
10 41 131
79 80 94
0 81 114
45 121 139
9 80 112
15 45 56
37 53 67
15 18 56
15 112 141
54 64 130
26 63 139
53 121 139
11 143 148
11 78 105
28 102 148
13 58 147
29 36 37
2 110 133
19 106 125
8 61 87
6 138 140
4 74 127
51 71 124
111 127 140
31 123 124
7 106 125
6 127 140
4 7 127
74 127 132
70 111 140
16 89 114
51 74 75
4 74 123
74 75 132
74 123 124
100 111 132
65 96 100
43 96 100
14 65 88
65 96 98
65 68 100
5 68 93
68 75 100
65 68 93
60 68 75
51 74 124
30 66 91
51 71 109
51 109 116
30 71 109
60 91 116
66 91 135
81 86 107
5 32 135
32 135 137
33 62 129
104 142 146
81 107 114
89 107 114
16 104 129
49 62 129
33 40 129
40 104 129
16 49 129
39 82 95
33 95 119
33 82 95
16 49 114
49 62 114
34 122 145
10 131 145
34 84 149
41 119 131
10 41 48
10 84 149
10 145 149
34 145 149
23 52 84
15 64 141
23 52 85
114 122 136
122 131 145
46 122 131
0 65 81
3 79 136
0 114 136
3 79 94
0 3 65
34 52 79
34 52 84
21 36 101
53 101 121
14 88 97
45 80 112
15 18 130
15 45 112
45 80 121
23 85 126
9 112 141
23 92 126
17 44 64
54 77 99
9 73 141
15 64 130
44 64 141
56 99 118
18 77 130
54 77 130
24 54 117
20 54 99
1 20 105
78 102 143
1 22 118
22 56 118
102 143 148
28 102 115
26 78 102
1 78 105
11 78 143
61 83 148
11 61 148
8 57 83
35 57 108
27 35 148
27 35 47
37 59 67
53 67 115
97 101 121
25 59 103
120 138 140
6 42 138
13 76 147
42 128 138
13 50 76
25 76 147
19 50 113
2 69 113
13 50 133
58 90 147
47 58 90
8 61 83
69 87 134
69 113 134
19 125 128
42 125 128
120 128 138
12 120 128
53 115 139
30 91 109
89 137 146
32 89 137
87 108 110
34 79 122
51 75 116
40 72 104
59 67 103
27 67 103
33 62 119
35 57 148
21 88 97
27 28 67
17 55 92
80 97 121
17 44 92
41 95 119
46 114 122
17 54 64
80 94 97
17 24 54
46 62 119
27 47 90
25 29 76
22 26 139
5 91 135
1 20 118
12 36 120
21 120 140
46 119 131
21 97 101
13 110 133
10 48 55
9 85 126
5 60 91
9 73 92
5 81 86
21 43 96
35 108 110
4 7 31
4 31 123
60 75 116
6 7 125
13 58 110
5 81 93
57 83 148
7 31 38
20 54 105
2 50 113
2 87 110
20 99 118
36 53 101
8 57 87
7 106 144
2 50 133
30 38 144
17 39 55
33 72 82
21 43 70
31 38 124
5 32 107
26 102 115
35 47 110
9 80 85
9 92 126
16 89 146
29 37 59
2 69 87
18 56 77
47 58 110
79 122 136
21 70 140
1 22 78
22 26 78
23 55 84
63 115 139
19 50 76
25 90 103
25 90 147
5 86 107
26 63 115
6 7 127
27 28 148
27 90 103
73 92 141
25 29 59
72 104 142
12 29 76
30 38 71
43 70 111
30 66 144
44 92 141
7 38 144
36 37 53
43 100 111
12 29 36
33 40 72
52 79 80
57 87 108
23 55 92
38 71 124
21 36 120
39 48 55
39 41 95
46 62 114
28 67 115
22 56 139
16 104 146
52 80 85
91 109 116
54 105 117
19 76 128
10 55 84
56 77 99
