65 81 93
32 89 107
39 41 48
14 94 97
45 56 139
11 61 87
0 3 136
31 71 124
62 114 122
21 88 98
21 96 98
75 100 132
66 135 137
39 72 82
66 137 146
10 41 131
79 80 94
45 121 139
9 80 112
15 45 56
24 54 64
15 18 56
15 112 141
54 64 130
26 63 139
53 121 139
11 143 148
11 78 105
19 42 128
70 100 111
2 110 133
50 76 128
19 106 125
58 108 110
8 61 87
6 138 140
31 38 71
51 71 124
6 125 127
7 106 125
7 125 127
4 7 127
70 111 140
51 74 75
4 74 123
74 75 132
100 111 132
43 70 100
43 96 100
12 29 120
65 96 98
51 60 75
68 75 100
65 68 93
81 86 93
30 109 116
60 68 75
51 60 116
51 74 124
30 66 91
51 71 109
51 109 116
30 71 109
60 91 116
30 91 116
66 91 135
81 86 107
5 32 135
32 86 107
32 135 137
5 32 86
5 86 93
33 62 129
104 142 146
49 62 129
33 40 129
40 104 129
16 49 129
39 82 95
33 95 119
33 82 95
39 95 119
33 46 62
16 49 114
49 62 114
17 48 55
39 41 119
41 119 131
17 39 48
10 41 48
10 145 149
34 145 149
23 52 84
52 79 85
23 52 85
114 122 136
46 62 122
46 122 131
0 65 81
3 79 136
34 79 136
0 114 136
3 79 94
0 3 65
34 52 79
53 101 121
14 88 97
79 80 85
15 45 112
23 85 126
17 44 64
44 64 141
56 99 118
18 77 99
18 56 99
54 77 130
24 54 117
20 54 117
17 24 64
20 105 117
1 20 105
22 56 118
28 102 115
1 78 105
11 78 143
61 83 148
11 61 148
8 57 83
35 57 108
35 58 108
35 47 58
27 35 148
27 35 47
53 67 115
97 101 121
37 53 101
88 97 101
21 29 36
36 37 101
12 25 76
25 59 103
70 120 140
120 138 140
12 25 29
21 29 120
21 70 120
12 120 138
13 76 147
19 42 125
42 128 138
13 50 76
19 50 128
25 76 147
19 50 113
2 113 133
2 69 113
13 50 133
50 113 133
47 58 90
8 61 83
2 69 110
69 113 134
34 136 145
104 129 146
42 125 138
6 125 138
53 115 139
80 112 121
45 112 121
89 137 146
32 89 137
87 108 110
1 78 118
64 77 141
18 77 141
12 76 138
76 128 138
9 73 112
73 112 141
40 72 104
59 67 103
27 67 103
22 78 118
14 65 94
3 65 94
35 57 148
26 78 143
27 28 67
15 18 141
17 55 92
28 102 143
80 97 121
17 44 92
80 94 97
10 122 145
16 89 107
27 47 90
20 54 77
16 107 114
55 84 149
68 96 100
22 26 139
5 91 135
1 20 118
46 119 131
10 122 131
13 110 133
9 85 126
5 60 91
9 73 92
4 111 127
4 111 132
21 43 96
4 7 31
16 129 146
13 58 90
9 23 126
4 31 123
87 110 134
14 88 98
13 58 110
20 77 99
60 68 93
57 83 148
7 31 38
20 99 118
8 57 87
122 136 145
14 65 98
7 106 144
30 38 144
31 74 123
33 72 82
21 43 70
26 102 115
29 36 59
9 80 85
5 60 93
16 89 146
13 90 147
6 111 127
6 111 140
22 26 78
23 55 84
63 115 139
25 90 103
25 90 147
26 63 115
26 102 143
0 81 107
27 28 148
27 90 103
73 92 141
28 143 148
25 29 59
21 36 88
69 110 134
72 104 142
30 38 71
4 74 132
64 77 130
30 66 144
44 92 141
48 55 149
65 68 96
31 74 124
7 38 144
33 40 72
57 87 108
36 37 59
23 55 92
36 88 101
9 23 92
33 46 119
28 67 115
10 48 149
22 56 139
53 59 67
34 52 149
52 84 149
37 53 59
0 107 114
