1832.81 -927.696
1699.03 402.078
-451.44 928.682
821.507 1073.66
-1940.66 -834.286
1804.47 1908.31
1353.13 1038.56
-144.422 -1681.04
-1389.28 1594.25
-1418.12 -1622.38
-1199.95 499.756
-470.695 1416.88
799.938 576.209
-1952.71 648.761
-1324.25 672.384
223.138 -1491.44
1744.69 -77.8315
910.642 -706.752
-1149.15 -267.851
-1633.09 -1089.81
897.862 -1828.62
-1181.5 250.994
1209.94 674.077
569.959 1820.66
268.331 1151.84
-1801.72 1068.38
-348.408 -272.419
485.26 -1548.47
-1696.21 532.552
1100.29 -1020.46
-795.064 -676.571
-511.894 -1050.38
1245.6 -1601.25
242.872 -1903.55
130.896 609.782
-993.365 -971.241
781.159 -174.866
1279.75 -8.90095
-1500.79 -150.288
-188.241 767.542
-998.453 10.0358
-164.08 653.139
1737.62 -1678.82
1104.67 -1958.59
853.732 204.96
-979.05 -1941.33
1528.39 509.055
-991.707 773.988
907.803 1251.16
870.436 -961.301
-139.053 1877.07
67.4582 -1357.89
-297.795 -652.789
633.204 201.417
1196.92 -1555.04
-1031.04 -1801.53
454.999 804.879
851.609 192.616
1126.06 -43.7213
234.024 -20.2095
-1838.76 1254.97
38.459 1689.63
-235.971 1046.75
463.617 -1328.17
297.917 -665.947
-289.469 -1841.14
-788.876 1777.99
-1199.03 913.329
-874.799 1434.17
-885.254 -1677.88
1879.14 83.7045
-1479.41 334.136
-1111.42 1372.2
-1473.25 -1985.36
-671.519 760.776
-5.56786 -510.279
15.7493 -1967.11
-820.65 1779.78
1079.64 1642.97
-1548.39 -622.44
-1022.98 162.141
-463.577 188.143
-59.8695 337.392
-898.528 1065.33
-228.436 216.217
1387.45 -349.299
-1700.08 1908.05
1984.84 -811.495
1280.25 -1488.41
-796.853 -1391.27
1272.36 1197.58
98.4525 -711.886
1230.47 1277.8
-932.108 310.113
920.768 -480.499
1687.67 1897.79
1681.64 -775.905
85.9299 -378.227
1561.49 1187.4
-1312.9 -666.949
-596.381 -1925.44
983.752 -296.46
1982.61 968.589
892.045 1262.86
1480.18 -1904.81
1871.59 752.541
1292.77 -29.9589
-1959.35 523.24
-752.157 -891.453
-1166.65 -1831.39
628.048 -1478.97
-1933.6 309.69
-254.879 152.328
1931.46 -693.392
-660.27 -1381.43
639.66 743.348
-1306.87 -376.588
-1553.11 -1324.27
-1408 1338.93
1938.59 -1927.82
1434.13 1810.18
824.719 726.896
-219.782 865.373
-749.864 1028.06
1973.92 83.4897
1196.67 601.968
604.515 1263.07
-1088.34 -1650.36
-584.601 -1156.88
-343.755 755.129
-538.311 -1704.1
-501.522 154.814
-80.6836 -54.6336
830.546 511.317
-715.7 769.134
583.494 -1281.57
579.311 -591.787
1445.32 -1640.47
-1726.41 -1304.54
1387.59 -1752.49
778.948 584.263
849.474 -616.536
-152.666 1761.13
-266.9 1262.73
-1395.75 1389.35
17.8626 65.943
1685.25 1516.34
-1779.24 -395.434
-538.293 1051.3
-1884.12 746.007
