46 104 111
61 75 82
10 78 83
69 71 122
35 93 129
39 138 140
47 96 135
57 91 134
8 14 135
22 66 141
35 48 93
12 39 66
5 7 40
82 99 147
14 48 96
73 82 99
64 109 147
75 82 147
63 98 139
26 64 109
2 63 139
2 63 66
1 55 142
37 115 142
3 4 10
39 66 93
41 101 145
94 102 113
80 104 132
76 104 132
23 49 134
25 38 121
23 57 134
38 44 71
57 79 91
23 44 57
27 112 133
76 88 120
49 88 121
49 88 120
59 132 133
18 87 97
76 132 133
35 47 96
13 68 143
16 46 111
76 88 104
25 111 121
36 111 126
36 122 126
16 36 111
31 52 117
16 46 127
62 68 89
46 74 104
33 108 131
31 117 127
107 117 127
61 81 114
5 16 36
61 75 81
5 36 122
58 73 149
99 125 147
73 99 149
26 56 64
64 125 147
5 75 81
29 75 118
29 109 128
75 109 147
6 26 56
6 26 45
6 56 84
14 96 135
62 80 89
18 52 97
18 74 87
46 74 87
8 135 136
10 90 93
39 90 93
10 93 129
39 83 90
2 14 48
35 48 96
24 29 100
26 109 128
24 29 128
29 75 109
29 70 118
28 100 141
28 63 98
12 50 51
106 110 116
50 60 67
19 106 116
54 72 92
78 83 130
10 83 90
10 72 78
4 10 43
0 72 92
53 112 146
3 4 53
15 95 146
9 30 34
32 105 144
9 30 144
34 95 119
11 21 42
9 102 113
65 103 124
52 108 117
104 111 121
88 104 121
99 108 149
99 108 125
94 103 124
92 101 137
27 91 120
86 110 118
85 123 124
61 82 114
62 74 136
18 74 136
40 73 107
67 138 140
65 105 144
65 94 113
64 108 131
56 64 131
64 108 125
63 66 141
28 63 141
62 74 104
62 80 104
59 80 89
59 80 132
59 68 89
58 107 117
17 55 145
20 55 145
20 55 110
115 140 142
31 52 127
52 97 127
72 78 130
12 51 66
50 51 60
49 91 134
47 62 68
59 68 143
44 71 79
18 52 108
5 16 40
70 86 118
17 83 130
17 39 140
16 40 127
13 47 68
58 73 107
17 55 142
58 108 117
17 39 83
38 69 71
1 106 110
7 73 82
11 85 119
8 56 84
13 47 148
50 67 138
11 95 146
15 32 79
53 112 133
49 91 120
10 13 43
25 69 122
15 27 91
11 95 119
9 65 144
9 65 113
17 41 130
51 60 110
7 82 114
8 33 131
21 101 137
38 49 121
13 59 143
15 79 91
101 123 145
22 100 141
9 85 94
9 94 102
27 76 133
0 10 72
17 41 145
0 3 42
17 77 140
18 33 136
0 21 42
13 43 59
25 38 69
2 14 139
7 40 73
85 94 124
22 86 110
18 33 108
4 43 59
47 129 148
41 54 72
6 8 14
2 48 93
6 8 84
5 7 114
6 14 45
4 53 59
47 62 136
10 13 148
9 34 85
3 53 146
8 56 131
19 60 110
19 110 116
24 98 100
20 110 118
20 124 145
11 21 85
21 85 123
8 33 136
21 101 123
22 86 100
22 51 110
41 72 130
53 59 133
2 66 93
24 98 139
30 34 144
24 128 139
77 140 142
14 45 139
32 95 144
1 106 142
37 106 142
37 67 140
37 115 140
12 39 50
25 111 122
26 128 139
26 45 139
40 107 127
35 47 129
27 76 120
32 79 105
5 81 114
46 97 127
27 112 146
15 27 146
0 92 137
29 70 86
47 135 136
29 86 100
58 108 149
15 32 95
111 122 126
0 21 137
11 42 146
34 85 119
1 55 110
10 129 148
46 87 97
123 124 145
17 77 142
34 95 144
38 44 49
37 60 67
19 37 60
19 37 106
65 94 103
39 50 138
22 51 66
44 57 79
28 98 100
0 3 10
3 42 146
41 92 101
41 54 92
23 44 49
