46 104 111
61 75 82
10 78 83
69 71 122
35 93 129
37 115 138
47 96 135
44 57 71
8 14 135
88 104 111
58 107 108
5 16 127
82 99 147
75 82 147
63 98 139
60 110 116
1 55 142
37 115 142
17 20 77
77 115 142
17 77 130
65 103 113
3 4 10
41 54 78
30 95 144
21 123 137
41 101 145
94 102 113
85 94 123
25 38 71
80 104 132
7 40 114
25 38 121
57 71 79
38 44 71
57 79 91
23 44 57
27 112 133
27 120 134
76 88 120
49 120 134
59 132 133
68 89 143
35 47 96
13 68 143
88 111 121
31 52 97
76 88 104
25 111 121
69 111 126
69 122 126
36 111 126
36 122 126
56 108 131
87 97 127
46 74 104
52 107 108
33 108 131
40 58 107
107 117 127
5 16 36
5 36 122
5 7 81
58 125 149
40 58 73
58 73 149
73 99 149
58 108 125
33 52 108
5 75 81
29 75 118
6 56 84
14 96 135
62 80 89
8 14 84
46 74 87
62 135 136
8 135 136
43 129 148
10 93 129
98 128 139
12 39 138
12 22 66
35 48 96
26 109 128
29 75 109
29 70 118
86 100 141
28 100 141
12 50 51
70 86 110
22 86 141
70 110 118
20 55 106
1 37 142
1 55 106
106 110 116
12 22 51
50 60 67
101 124 145
17 124 145
101 123 137
94 113 123
41 78 130
54 72 92
13 43 148
13 43 143
4 43 53
15 95 144
53 112 146
3 4 53
15 95 146
9 30 34
32 105 144
9 30 144
34 95 119
30 34 95
21 92 137
11 21 42
17 20 124
101 123 124
11 21 123
103 113 123
49 120 121
9 102 144
102 113 144
97 117 127
92 101 137
39 90 140
68 89 135
62 89 135
83 90 93
10 83 93
78 130 140
62 74 136
61 73 114
40 73 114
25 71 111
67 106 116
66 90 93
65 113 144
65 105 144
65 103 123
64 125 149
64 108 125
64 99 147
64 75 109
62 74 104
64 75 147
77 115 130
62 80 104
59 80 89
59 80 132
56 64 109
55 77 142
65 123 124
53 89 143
53 59 89
50 51 60
12 50 138
23 49 57
49 57 134
48 63 66
14 45 96
45 48 96
19 67 106
61 73 99
21 72 92
16 46 87
43 53 143
2 45 48
11 85 119
3 11 42
8 56 84
13 47 135
13 68 135
13 47 148
50 67 138
12 66 90
12 39 90
3 95 146
11 85 123
10 54 72
10 54 78
53 112 133
11 95 119
17 41 130
60 67 116
51 60 110
7 40 127
20 55 77
8 33 131
38 49 121
2 45 63
7 75 81
78 83 140
16 87 127
9 85 94
9 94 102
27 76 133
0 10 72
17 41 145
0 42 72
64 99 149
8 18 33
0 3 42
5 7 127
4 10 129
19 37 138
35 66 93
39 115 140
22 86 110
45 63 139
3 11 95
47 129 148
4 43 129
21 42 72
6 45 139
6 56 109
7 61 75
6 14 45
7 61 114
9 34 85
1 37 106
6 14 84
74 97 136
3 53 146
8 56 131
6 26 109
61 82 99
74 87 97
19 67 138
20 106 110
20 110 118
18 33 97
35 48 66
2 48 63
22 28 141
22 28 98
27 57 134
8 18 136
22 51 110
27 57 91
53 59 133
88 120 121
31 97 117
69 71 111
24 29 109
26 128 139
22 63 98
40 107 127
35 47 129
27 76 120
32 79 91
32 79 105
18 97 136
15 27 144
27 112 146
76 104 133
22 63 66
15 27 146
24 28 29
28 98 128
24 28 128
28 29 100
29 70 86
29 86 100
24 109 128
31 107 117
115 130 140
56 64 108
31 52 107
27 32 91
34 85 119
33 52 97
6 26 139
104 132 133
27 32 144
39 115 138
16 36 46
36 46 111
38 44 49
19 37 106
0 3 10
83 90 140
41 92 101
41 54 92
23 44 49
