46 104 111
1 19 37
10 78 83
69 71 122
51 86 110
39 138 140
47 96 135
8 14 135
12 39 66
5 7 40
82 99 147
14 48 96
73 82 99
64 109 147
1 55 142
3 4 10
30 95 144
41 101 145
94 102 113
9 34 119
85 94 123
80 104 132
7 40 114
76 104 132
23 38 121
25 38 121
23 38 44
38 44 71
23 44 57
65 105 113
49 120 134
62 74 80
35 47 96
25 111 121
36 122 126
31 52 117
87 97 127
52 107 108
40 58 107
31 97 127
52 107 117
31 117 127
107 117 127
40 61 114
5 16 36
61 75 81
5 36 122
5 7 81
40 61 73
58 125 149
61 73 82
99 125 149
73 99 149
5 75 81
29 75 118
29 109 128
75 109 147
56 64 125
6 26 45
6 56 84
56 84 131
14 96 135
46 74 87
8 135 136
8 131 136
10 93 129
39 83 90
12 39 138
2 14 48
35 48 96
24 29 100
26 109 128
24 29 128
29 75 109
29 70 118
50 51 110
28 100 141
28 63 98
22 86 141
29 70 100
20 55 142
1 19 106
1 37 142
1 55 106
19 37 67
106 110 116
22 51 86
50 60 67
77 115 140
19 106 116
101 124 145
0 3 72
54 72 78
10 72 78
13 43 148
13 43 143
4 43 53
0 3 11
3 10 72
0 11 42
53 112 146
3 4 53
15 27 112
9 105 113
15 95 146
15 112 146
32 105 144
9 85 119
34 95 119
11 21 42
101 123 124
11 21 123
9 102 113
65 103 124
56 125 131
43 112 143
107 108 125
58 107 125
104 111 121
88 104 121
98 100 139
94 103 124
92 101 137
27 91 120
91 120 134
59 112 143
49 88 134
83 90 93
10 83 93
78 130 140
70 86 141
67 138 140
66 90 93
65 94 113
64 99 147
64 99 125
28 63 141
62 97 136
62 74 97
61 82 147
61 75 147
59 80 89
59 80 132
59 76 132
59 76 133
59 68 89
23 57 88
56 64 109
67 115 140
57 79 134
55 106 110
55 70 86
54 78 130
41 54 101
12 51 138
50 51 138
12 51 66
50 60 116
50 110 116
55 86 110
48 63 66
47 68 143
47 143 148
47 80 89
59 68 143
46 74 80
49 104 120
47 68 89
44 71 79
18 52 108
17 20 142
5 16 40
16 46 87
16 40 107
38 69 71
11 85 119
50 67 138
0 54 92
3 95 146
11 85 123
33 125 131
25 69 122
27 59 133
70 100 141
15 27 91
9 34 95
11 95 119
17 130 140
18 31 52
24 100 139
17 41 130
60 67 116
16 107 127
0 54 72
21 101 137
15 79 91
4 10 148
55 70 118
9 30 95
49 88 104
16 87 127
9 85 94
9 94 102
27 76 133
17 41 145
79 91 134
17 77 140
18 33 136
0 21 42
41 54 130
15 79 105
25 38 69
2 14 139
13 143 148
14 84 131
2 98 139
18 33 108
3 11 95
39 66 90
47 129 148
4 43 148
2 63 98
6 56 109
6 14 45
27 59 112
19 67 116
8 14 131
37 67 115
47 62 136
7 61 114
25 36 126
6 14 84
25 36 111
18 31 97
20 55 118
3 53 146
6 26 109
37 77 115
74 87 97
35 48 66
20 124 145
9 30 105
39 78 83
2 48 63
21 101 123
57 88 134
15 32 105
22 63 141
35 66 129
23 88 121
24 128 139
14 45 139
32 95 144
30 105 144
25 122 126
54 92 101
26 128 139
26 45 139
35 47 129
27 76 120
18 97 136
94 123 124
22 63 66
0 92 137
47 135 136
66 93 129
15 32 95
0 21 137
76 104 120
10 129 148
33 131 136
7 61 81
43 53 112
33 108 125
40 58 149
17 77 142
17 20 145
16 36 46
36 46 111
37 77 142
65 94 103
47 62 80
22 51 66
44 57 79
28 98 100
39 78 140
40 73 149
46 80 104
