46 104 111
61 75 82
1 19 37
69 71 122
35 93 129
51 86 110
39 83 140
39 138 140
35 48 93
12 39 66
5 7 40
14 48 96
64 109 147
75 82 147
26 45 128
2 48 66
2 63 66
37 115 142
77 115 142
35 47 148
65 103 113
3 4 10
21 123 137
41 101 145
9 34 119
80 104 132
7 40 114
76 104 132
25 38 121
23 38 44
23 44 57
27 112 133
49 88 121
49 88 120
59 89 132
80 89 132
16 46 111
25 111 121
16 36 111
31 52 117
16 46 127
46 87 127
62 68 89
87 97 127
46 74 104
40 58 107
31 117 127
107 117 127
40 61 114
5 7 81
40 58 73
58 73 149
99 125 147
99 125 149
73 99 149
33 52 108
64 125 147
5 75 81
29 75 118
75 109 147
6 26 56
56 64 125
45 128 139
6 26 45
6 56 84
62 80 89
46 74 87
8 135 136
48 66 93
39 83 90
98 128 139
12 39 138
2 14 48
35 48 96
35 129 148
26 109 128
24 98 128
29 75 109
29 70 118
86 100 141
28 100 141
12 50 51
22 86 141
70 110 118
1 37 142
19 37 67
106 110 116
12 67 138
22 51 86
12 22 51
12 50 67
37 67 138
50 60 67
19 60 67
77 115 140
17 124 145
101 123 137
0 3 72
41 101 137
13 43 148
3 10 72
53 112 146
3 4 53
15 27 112
53 95 146
15 32 144
15 112 146
9 30 34
32 105 144
9 85 119
9 85 102
34 95 119
21 92 137
11 21 42
21 42 92
17 20 124
9 102 113
95 144 146
47 136 148
56 125 131
108 125 149
52 108 117
104 111 121
88 104 121
27 91 120
85 94 113
85 94 103
85 103 123
83 90 93
78 130 140
62 74 136
73 99 147
73 82 147
28 66 98
66 90 93
65 103 123
62 68 148
62 136 148
62 74 104
68 143 148
62 80 104
59 76 132
59 76 133
59 68 89
58 107 117
10 78 129
26 56 109
56 64 109
57 79 134
54 78 130
65 123 124
31 52 127
52 97 127
50 51 116
50 60 116
49 91 134
23 49 57
49 57 134
59 68 143
44 71 79
38 44 69
85 102 113
16 40 107
58 108 117
15 27 105
1 106 110
3 53 95
11 85 119
3 11 42
8 56 84
17 20 55
25 38 126
10 54 72
33 125 131
10 54 78
53 112 133
49 91 120
11 95 119
17 130 140
9 65 113
17 41 130
16 107 127
8 96 135
1 17 55
0 54 72
8 33 131
38 49 121
88 104 120
13 59 143
0 42 54
101 123 145
4 10 148
7 75 81
55 110 118
78 83 140
23 38 49
1 17 77
27 76 133
17 41 145
8 18 33
79 91 134
0 3 42
17 77 140
8 14 96
15 144 146
41 54 130
13 43 59
2 14 139
13 143 148
2 98 139
1 106 116
3 11 95
36 69 126
39 66 90
4 43 59
4 43 148
94 103 113
2 63 98
6 8 14
6 8 84
6 14 45
7 75 114
1 77 142
4 53 59
12 22 28
25 36 126
25 36 111
20 55 118
74 97 136
8 56 131
12 28 66
74 87 97
63 66 98
36 69 122
24 98 100
18 33 97
11 21 85
21 85 123
22 28 141
15 32 105
42 54 92
8 18 136
53 59 133
9 30 65
83 93 129
1 19 60
35 47 135
30 34 144
14 45 139
24 29 70
30 105 144
37 115 140
24 29 109
1 60 116
61 75 114
27 76 120
27 79 105
18 97 136
27 79 91
47 135 136
30 65 105
24 109 128
58 108 149
51 110 116
1 55 110
76 104 120
33 52 97
10 129 148
24 70 100
33 108 125
86 100 110
123 124 145
34 95 144
35 96 135
16 36 40
70 100 110
5 40 122
37 138 140
38 69 126
78 83 129
44 57 79
28 98 100
40 61 82
40 73 82
36 40 122
41 92 137
44 69 71
41 54 92
