76 120 133
61 75 82
69 71 122
51 86 110
3 11 53
39 138 140
47 96 135
22 66 141
13 68 148
5 16 127
5 7 40
82 99 147
14 48 96
64 109 147
8 84 131
2 63 66
1 55 142
37 115 142
17 20 77
3 4 10
30 95 144
21 123 137
41 101 145
94 102 113
9 34 119
25 38 71
80 104 132
7 40 114
25 69 71
76 104 132
23 38 121
25 38 121
23 38 44
38 44 71
23 44 57
65 105 113
27 91 134
49 120 134
49 88 120
59 132 133
76 132 133
62 74 80
68 89 143
13 68 143
80 89 132
31 52 97
25 111 121
36 111 126
36 122 126
62 68 89
40 58 107
5 16 36
61 75 81
5 36 122
5 7 81
58 125 149
40 58 73
58 73 149
73 99 149
33 52 108
5 75 81
29 75 118
6 26 45
6 56 84
56 84 131
62 80 89
18 62 136
46 74 87
8 135 136
8 131 136
39 90 93
39 83 90
28 66 141
12 22 66
24 29 128
29 75 109
29 70 118
28 100 141
24 28 98
12 50 51
70 86 110
22 86 141
29 70 100
19 37 67
106 110 116
22 51 86
12 22 51
17 124 145
17 130 145
101 123 137
41 101 137
78 83 130
41 130 145
13 43 148
13 43 143
53 112 146
3 4 53
15 32 144
15 112 146
32 105 144
9 85 119
9 85 102
9 30 144
34 95 119
11 21 42
17 20 124
11 21 123
85 94 102
9 102 113
65 103 124
95 144 146
47 136 148
105 113 144
104 111 121
88 104 121
73 99 114
97 107 127
94 103 124
49 88 134
82 109 147
75 82 109
78 93 129
78 83 90
78 90 93
40 73 114
70 86 141
70 106 110
67 138 140
67 106 116
28 66 98
65 94 113
9 113 144
64 125 149
64 108 125
64 99 147
97 107 117
62 68 148
62 136 148
62 74 97
10 78 129
23 57 88
61 99 114
57 79 134
55 77 142
115 140 142
72 78 130
52 58 125
52 58 107
50 51 60
51 60 116
48 93 129
35 47 48
47 48 96
46 74 80
19 67 106
14 45 48
44 71 79
11 94 123
18 62 97
16 97 127
17 39 140
17 39 130
120 133 134
2 45 48
11 85 119
3 11 42
12 66 93
0 72 78
12 39 93
0 54 92
0 10 78
11 95 146
52 108 125
25 111 126
53 112 133
11 53 146
43 89 143
25 69 122
70 100 141
15 27 91
9 34 95
11 95 119
60 67 116
8 96 135
20 55 77
0 54 72
88 104 120
15 79 91
101 123 145
4 10 148
33 56 131
55 70 118
9 30 95
27 133 134
2 26 139
64 99 149
6 56 64
19 106 142
16 46 104
79 91 134
0 3 42
17 77 140
8 14 96
18 33 136
15 144 146
41 54 130
15 79 105
35 48 129
2 98 139
11 85 94
16 46 97
4 43 59
47 129 148
1 55 70
4 43 148
2 63 98
6 8 14
2 48 93
6 8 84
6 14 45
4 53 59
6 64 109
7 61 114
16 36 104
15 112 133
1 70 106
20 55 118
12 39 60
6 26 109
61 82 99
74 87 97
63 66 98
19 37 142
26 29 109
18 33 97
57 88 134
15 32 105
23 88 121
53 59 133
2 66 93
24 98 139
2 26 45
24 128 139
77 140 142
1 106 142
37 67 140
37 115 140
31 97 117
25 122 126
26 29 128
26 128 139
40 107 127
35 47 129
94 123 124
24 28 29
0 92 137
28 29 100
47 135 136
0 42 137
31 107 117
56 64 108
31 52 107
51 110 116
21 42 137
33 56 108
76 104 120
15 27 133
33 52 97
10 129 148
46 87 97
33 131 136
7 61 81
43 59 132
54 72 130
123 124 145
36 104 111
65 94 103
39 60 67
44 57 79
39 67 138
0 3 10
39 83 130
5 40 127
46 80 104
41 92 137
41 54 92
12 50 60
43 89 132
