-1949.82 400.901
1139.35 -1605.13
323.489 1215.05
-621.712 785.506
567.828 -630.763
433.419 -337.366
-1792.52 -1840.39
-1966.74 903.663
-719.039 -1869.08
-615.095 562.166
728.784 1262.35
-1085.06 -1988.19
-1679.94 -390.668
78.7611 1486.86
1137.01 782.648
-1550.14 1187.18
-816.451 1589.21
1582.06 1507.04
804.255 -1039.65
292.544 -627.917
329.584 -1274.04
1034.72 537.065
-1114.43 1067.98
-559.272 166.535
1198.9 825.633
-1271.3 -72.3156
87.9848 -356.358
-60.5081 408.05
1252.97 -1981.75
-105.095 389.979
800.9 344.767
-422.836 1984.45
-66.0254 -840.777
1491.49 -1261.77
119.569 -215.968
110.313 -1550.85
509.996 -854.97
986.218 1395.57
-1786.99 -1573.05
-437.895 1411.91
1252.58 290.807
-660.407 -659.437
1934.45 1279.08
1748.61 1187.42
1297.34 -356.483
-422.598 98.2379
1988.28 1154.57
82.6873 -77.741
-1686.21 -425.825
660.489 433.358
1358.21 -1229.2
882.511 -131.797
-84.168 -131.271
-736.227 128.84
295.675 825.878
-459.252 -451.747
-883.315 880.341
888.816 -948.867
159.425 637.429
-1761.44 -543.237
-1719.05 -184.042
1555 -1730.77
-1029.48 -362.312
191.49 -715.688
1211.86 -1148.02
1717.67 570.07
-377.22 600.181
-1561.73 1538.61
-1531.09 -297.954
-332.548 764.585
-1472.08 1208.2
-1687.16 -355.391
88.5409 1201.65
695.743 -1752.03
-160.917 934.299
-295.271 120.029
-1249.74 -740.271
389.26 -279.22
897.417 -1419.25
1005.09 109.28
-567.272 722.762
-1320.65 1055.51
-677.057 -882.377
594.119 -208.148
819.669 -1738.43
-1443.56 1347.59
1469.77 -1130.73
-1007.8 -441.688
-1929.07 1687.94
-193.722 -89.9885
622.243 1511.01
-1969.96 1372.5
-1229.26 419.3
-906.72 1668.15
1000.05 -1901.63
-222.566 -1567.22
821.134 456.784
1488.28 -1855.92
1574.41 82.4036
-64.0713 394.075
343.974 492.366
-258.332 -186.255
1361.64 733.87
1372.06 1432.57
421.815 -821.666
-657.419 -955.942
-1310.66 -627.378
-1583.44 -539.923
1791.92 -490.162
-871.769 791.972
-391.791 905.664
1224.75 -1570.66
-637.552 713.034
-1426.58 -1063.15
-1204.56 509.348
1330.93 1139.41
-998.286 -927.402
-1046.84 -1636.65
1806.47 -1674.79
1795.92 228.282
-496.452 -861.496
1272.34 192.889
511.126 1688.9
1652.97 303.048
-801.264 -1218.8
-904.98 806.945
1686.86 -1680.23
1236.29 -950.69
1032.8 1809.71
-13.8355 1828.24
319.055 -682.906
967.653 1320.77
389.692 1920.81
1684.12 196.16
-1753.98 1480.05
-1575.56 -250.428
-1381.45 1696.78
1942.46 1129.68
1385.68 1595.43
-567.275 -1415.58
-1623.38 527.745
1391.36 -1936.51
847.514 627.65
-887.203 -119.683
437.357 1098.96
-291.442 -1243.59
-1583.94 -1323.79
-1922.82 805.747
-1402.98 1761.3
-998.093 -1156.95
1241.35 -573.65
592.617 1859.9
-876.868 535.078
989.58 -1491.19
130.505 -1577.7
-906.77 507.13
950.049 -1515.41
570.616 -202.437
1112.24 1683.41
1677.88 -450.402
782.374 -613.561
306.01 1198.43
62.6503 383.191
4.17666 659.672
144.496 1006.08
1502.72 -614.153
-1567.57 95.3337
-754.25 -444.434
-1369.59 -1764.67
64.379 760.916
-1342.37 1157.61
-731.954 1607.68
1642.2 1838.66
-594.754 754.441
1522.08 -916.874
-1695.96 304.449
469.565 610.049
-497.121 -1467.78
-1006.76 1507.06
1191.89 1137.74
513.139 694.604
-1476.42 945.573
-1210.06 -230.667
-1498.86 -579.651
4.66181 565.518
-1818.73 662.295
-276.874 -550.689
269.978 -634.673
-712.026 1675.22
-1880.23 -1189.95
-1241.65 -1576.19
1114.5 1227.92
1033.86 -1382.62
1760.13 -1972.9
-1875.57 952.018
1164.83 637.572
-353.378 1688.42
-416.855 436.56
-542.251 84.2835
1856.91 1462.41
-1350.2 -1961.83
124.706 372.928
-512.514 -1605.32
1738.25 775.46
-1930.09 1858.02
1585.51 -1171.74
-1718.17 700.008
-1943.83 1315.68
1317.39 1816.3
1342.78 1441.82
768.322 507.614
79.3908 -1585.06
196.03 1662.54
851.505 1653.78
-253.181 708.414
1116.19 396.62
746.588 -759.105
-1230.45 -1765.93
-364.421 -1492.2
1009.53 -294.513
-1634.18 595.044
533.745 -1352.35
-704.948 589.919
1963.34 -1387.56
406.223 1306.12
-1945.74 -825.455
-186.268 133.647
-410.51 -1990.24
-203.817 -1559.01
1663.54 1543
1149.41 779.73
-60.3772 -104.004
-1979.38 709.171
130.071 -343.797
1216.97 -860.395
1361.69 1582.8
1734.65 -104.565
-1769.55 -970.299
-1514.65 -1806.21
-357.861 891.577
1499.91 -303.605
-1933.88 -686.363
1830.04 -344.388
-676.601 -373.775
96.6059 -1013.06
-830.772 -753.986
1766.67 1108.85
1142.01 1787.29
-181.979 -727.919
-556.503 -965.006
