35 123 132
76 78 161
72 78 161
13 60 161
21 48 116
96 144 183
0 154 181
4 118 195
18 94 101
5 34 124
125 144 183
17 102 159
50 56 177
107 128 138
2 119 148
156 175 179
40 92 113
57 153 163
29 126 177
50 156 179
22 142 192
121 156 167
12 88 142
72 78 153
67 69 157
26 110 157
76 81 197
38 110 157
15 95 111
30 150 164
15 79 155
30 94 164
3 19 38
6 90 112
53 91 159
34 61 124
21 47 174
98 101 147
144 160 178
7 51 143
154 165 178
62 100 143
96 149 178
39 63 107
87 92 123
40 87 92
54 169 175
92 113 134
66 175 179
85 113 196
40 122 158
85 193 196
29 35 77
119 129 196
170 173 188
10 81 197
10 78 81
60 76 161
76 78 81
65 108 139
60 76 197
170 173 186
28 170 186
29 35 117
28 117 186
29 173 186
29 117 186
40 87 106
29 162 177
50 56 156
56 121 156
108 126 139
29 126 173
56 126 177
56 121 172
121 167 172
136 152 159
6 114 152
6 90 114
4 90 118
90 114 118
9 26 110
4 32 110
4 90 112
4 32 112
9 32 110
88 163 182
57 65 182
57 72 153
135 153 163
57 163 182
10 135 194
10 190 194
71 142 190
71 97 109
9 32 192
109 145 171
38 110 195
30 43 150
48 146 198
3 33 146
38 69 157
19 38 69
67 145 157
11 68 69
97 109 145
67 68 69
68 86 97
24 70 94
24 52 70
30 70 94
30 59 70
30 43 59
52 59 70
11 52 103
52 59 103
43 133 150
43 59 103
11 69 103
43 103 133
21 41 48
116 150 164
21 116 164
116 133 150
18 36 47
21 164 174
18 47 111
94 164 174
18 36 174
18 94 174
36 47 174
21 41 47
124 146 198
5 124 168
48 79 198
33 124 146
44 118 168
33 44 124
4 110 195
44 118 195
3 33 44
44 124 168
61 124 198
5 114 152
91 152 159
17 125 127
53 102 159
17 96 102
160 178 189
8 75 80
8 125 127
75 80 95
34 61 93
20 61 93
20 80 93
46 75 95
15 20 80
15 47 111
15 80 95
46 75 176
23 49 74
1 46 49
8 75 176
1 176 187
1 46 176
31 89 99
31 99 151
7 147 151
51 62 101
23 98 101
23 98 166
51 101 147
7 51 147
23 74 101
51 62 143
31 89 151
98 147 151
37 89 100
89 100 143
62 100 191
37 100 191
37 89 189
96 144 178
73 144 160
73 160 187
45 154 165
149 154 178
45 115 154
37 130 191
45 130 165
37 130 189
45 184 191
45 130 191
45 115 184
27 42 119
27 115 184
14 184 191
63 107 128
120 149 199
53 102 120
63 64 199
64 181 199
53 120 199
39 53 58
16 54 175
16 54 137
54 131 169
105 131 169
54 131 137
63 64 128
40 105 106
105 106 169
40 113 158
66 87 106
50 177 179
66 87 179
87 123 132
25 132 162
92 123 134
85 123 134
85 113 134
113 158 196
85 123 140
84 104 185
83 104 185
2 27 119
119 148 196
119 129 138
83 148 185
2 148 185
82 84 185
85 104 140
84 104 140
162 177 179
161 170 188
154 181 199
99 151 166
7 143 151
89 143 151
142 190 194
139 173 188
139 161 188
107 137 138
108 126 172
122 158 196
122 129 131
148 193 196
3 116 146
65 108 182
66 106 175
22 108 182
87 132 179
34 93 127
80 93 127
12 88 194
88 135 194
88 135 163
10 86 190
83 85 104
74 101 111
8 80 127
126 139 173
73 176 187
9 71 171
71 86 190
19 69 133
69 103 133
68 97 145
64 128 138
55 64 138
25 35 132
25 29 77
96 102 120
71 86 97
6 22 167
6 22 112
22 32 112
23 49 166
0 27 181
22 88 142
20 79 198
20 61 198
57 72 161
10 78 135
132 162 179
8 125 176
17 125 183
16 156 167
1 49 166
25 29 162
16 156 175
131 137 138
16 107 137
16 39 107
2 14 27
15 20 79
89 160 189
9 145 171
2 14 185
42 138 141
14 62 191
122 129 196
5 136 152
46 95 111
27 115 154
17 96 183
53 91 180
5 118 168
22 32 192
17 127 159
16 39 167
22 88 182
83 85 193
3 19 133
78 135 153
14 62 82
25 35 77
6 91 152
67 68 145
13 28 170
11 24 52
9 71 142
127 136 159
71 109 171
39 53 199
129 131 138
14 82 185
39 58 167
3 44 195
6 58 180
1 160 187
6 58 167
106 169 175
9 142 192
35 123 140
83 148 193
57 65 161
6 91 180
55 64 181
5 127 136
18 101 111
22 167 172
13 161 170
5 114 118
22 108 172
9 145 157
28 60 197
9 26 157
98 151 166
11 24 68
5 34 127
89 99 166
3 116 133
41 47 155
0 27 154
27 42 181
13 28 60
56 126 172
15 47 155
12 142 194
40 105 131
149 154 199
55 138 141
3 38 195
35 117 140
89 160 166
42 141 181
14 27 184
165 178 189
125 144 176
39 63 199
46 49 74
40 122 131
24 68 86
41 79 155
41 48 79
130 165 189
96 120 149
42 119 138
53 58 180
46 74 111
65 139 161
73 144 176
48 116 146
1 160 166
55 141 181
