-442.897 56.3129
67.1497 -1204.05
1742.11 1043.76
-1691.69 1490.75
211.337 -883.379
-1523.72 582.106
1729.51 418.859
1642.88 -1055.86
-1896.11 -970.656
-367.206 -192.504
1187.53 -24.4844
1548.64 209.89
-730.296 1149.81
1995.85 -1818.08
-1515.33 -1477.25
950.052 41.7728
579.059 -982.798
837.727 321.174
-1939.03 1146.03
-188.077 272.303
-1737.35 288.199
-1145.59 1992.16
-1292.94 -1502.72
-1063.7 -1189.05
-473.372 569.095
618.444 -1285.84
-1455.39 167.084
924.047 -185.686
-683.102 919.897
-3.76561 -198.433
1442.64 -1053.71
1843.34 21.7029
-36.5113 681.067
-1657.12 24.4547
-172.901 154.8
-1703.24 89.752
-1557 -848.833
81.9119 -849.944
-351.55 1018.21
-38.9959 1175.08
-412.693 -1420.55
1889.24 131.917
746.532 813.283
1946.23 -1936.57
-266.82 -57.5343
-135.003 -824.177
888.752 -291.663
1197.53 -1147.76
-1610.6 1540.4
876.696 216.502
-304.797 1173.45
-1693.75 138.202
-1675.38 388.166
1288.26 -26.9292
-593.622 -750.738
-851.851 993.685
-171.29 -962.615
-874.398 -1424.76
1850.67 -928.167
-1361.33 -416.153
1014.3 503.669
759.67 -96.9485
-1787.99 -42.8034
755.293 -1398.59
-502.4 -368.011
817.912 1192.8
-1194.56 1124.17
-668.995 -869.937
-487.668 -1380.74
1103.13 918.711
-131.474 -1748.72
-87.6043 1697.24
-711.333 1038
-1727.52 -860.666
-1890.17 -1088.85
723.181 1124.13
1414.82 -517.148
-972.818 1626.83
1440.05 1782.47
-1771.77 -1062.35
-585.537 1046.15
-1869.55 219.905
170.313 -538.543
1349.97 1682.65
80.7199 453.102
601.356 1949.25
704.384 -1486.25
1646.48 1993.05
1551.75 1918.96
-867.614 1661.58
-1169.89 1855.57
785.711 -1755.07
-661.581 1812.89
1871.75 -1221.53
1595.37 -1900.01
-283.885 -990.169
1146.14 -153.434
1229.74 -683.552
1308.02 579.705
-1000.91 -611.257
-967.194 1600.45
-662.012 1737.19
-1885.8 -1015.53
1730.24 1665.95
-1096.57 -1137.37
1327.53 -266.463
-1281.81 113.242
-21.5344 56.6134
-73.8645 -149.781
835.08 -478.497
-49.7925 -1448.81
531.335 -903.657
397.761 -238.929
412.791 -294.216
-1659.22 1411.88
1094.53 -626.418
1012.33 -1567.49
-889.227 1126.53
-583.017 -1158.98
792.484 320.412
-296.357 120.015
-1946.05 421.838
-1766.74 32.4147
-1521.55 159.392
1882.63 1313.53
1680.9 -167.159
1864.73 212.23
929.184 262.487
1973.3 -658.026
1968.27 -1685.92
-1246.14 1062.8
-312.34 1766.19
1495.31 798.433
892.725 -1087.7
1639.45 -314.791
1232.71 -656.909
1805.22 1286.66
1764.93 -1961.52
-680.929 -1756.62
197.873 -798.296
1556.91 -121.232
1034.55 1421.64
-1909 -36.2706
-315.875 -1935.7
1305.7 -347.604
-1621.62 -1940.44
-1284.81 66.0377
1825.75 -1789.49
-1135.53 718.478
-877.199 -1496.08
-1596.31 -1644.49
-152.991 -1791.09
1642.16 -388.063
-1752.61 -1038.77
-144.683 445.263
162.939 -587.771
-1675.97 -802.516
-1166.13 -1584.97
1161.21 517.991
-1520.67 466.918
-1829.61 -1142.29
526.48 -1114.42
923.746 352.233
-903.914 1788.22
-929.288 218.887
-1707.87 -525.602
574.395 139.144
-316.691 216.558
1751.08 -69.301
1177.79 -393.602
-1624.04 -659.269
1018.63 -1300.01
538.215 1852.49
-884.976 -300.571
370.484 -405.646
-1833.65 540.871
452.063 692.826
1426.45 -624.19
-954.941 -1477.46
-835.974 115.771
741.425 -543.839
1590.17 -684.18
1595.3 -726.522
1532.38 1346.39
1204.18 710.17
-1047.22 1580.14
-1949.1 1971.41
-1719.87 589.116
1823.9 -604.844
-1711.45 194.386
989.511 -1545.11
-1264.74 -558.426
1147.72 -1838.29
817.384 -1807.22
-1315.75 1981.41
308.549 1425.67
-562.429 -101.282
-1258.51 -967.124
1172.2 -1726.13
-1620.74 376.373
984.042 -667.955
-43.4874 1034.94
-696.545 236.645
-375.941 -872.643
1631.8 -87.3954
1321.74 621.312
367.496 -1943
-1937.11 -484.786
-1781.29 880.269
-292.008 -1097.04
861.679 -1983.46
-1671.37 -1700.75
-84.7412 -929.874
-667.874 -912.545
-656.003 -288.613
1463.83 -1671.96
1043.43 -579.659
1362.98 -1653.11
1656.99 -1012.96
-525.757 1288.79
899.646 -1204.01
-89.9002 -732.858
-1147.01 -27.0142
782.357 -928.301
-1146.74 -1509.65
-25.3422 1714.93
-1493.11 303.29
-1985.82 422.148
1373.42 -653.689
1509.6 -1282.59
1057.7 973.432
-954.547 101.13
-1606.23 -1591.57
448.016 -1949.24
-604.524 1922.26
1339.55 -1704.88
-1281.75 -750.353
-437.736 -428.765
1222.63 -1655.38
642.934 -1924.11
-1165.03 -1382.41
1790.82 -658.142
920.882 1805.01
1764.01 294.298
-848.681 1273.61
1011.71 -1790.98
247.042 -1942.84
310.147 640.815
-1534.4 -1241.84
691.575 -138.925
-1319.58 31.1217
156.197 -601.33
1280.77 1718.46
969.904 503.401
-1936.92 -387.162
579.289 -1101.95
230.429 370.112
239.908 -848.689
175.119 3.91435
1445.61 1326.44
-722.476 457.321
1535.45 1524.57
514.486 -154.398
165.381 980.085
603.765 -1143.04
-1158.84 1284.19
888.078 997.356
-1317.14 168.846
715.816 1652.76
-1327.75 778.897
-734.4 1251.54
1676.95 1496.03
-378.351 -83.1461
-1352.66 1796.77
1920.77 -1907.05
1123.21 -801.707
550.27 658.662
-1277.14 -935.244
-1495.74 888.24
-1955.16 1108.03
1745.2 -1114
392.216 633.274
1883.36 1075.07
-1197.88 599.173
727.836 -525.632
-621.93 1993.44
-1274.09 -944.984
1489.47 347.554
971.87 -1863.19
144.323 892.638
-1770.24 -732.471
-1909.07 780.025
1926.19 -1186.21
1844.78 -1569.55
1702.03 1889.62
1538.48 1447.23
-1224.38 -69.3012
80.5003 -1341.02
-994.227 882.621
1258.15 1733.61
-1643.01 -1363.78
1727.04 -917.106
-308.763 1216.51
1430.45 -1336.89
1353.32 -425.229
1555.74 1583.07
842.301 1646.68
363.096 768.492
-1539.54 207.877
1198.95 -1837.51
97.4991 737.428
1609.72 873.121
-1331.87 -309.779
1532.1 -326.1
-1427.16 790.252
-592.492 -1070.17
1426.47 -865.447
12.725 -882.289
-1648.94 -556.826
-219.182 1704.38
1017.94 -663.437
1287.45 -139.755
-1016.76 -349.456
-1371.26 -556.297
1858.42 1827.68
-393.802 -44.0799
565.111 -784.081
-1170.96 1233.24
906.139 -1638.86
-1092.86 1478.98
1151.39 314.646
-1591.19 577.868
1449.2 421.537
1695.58 1800.26
1864.71 -523.603
1504.64 882.655
812.96 792.087
-1257.1 1796.2
-1557.37 -628.362
-760.098 -1698.95
-800.68 846.1
256.972 1764.43
-1937.98 1086.01
997.669 968.158
1447.16 1904.81
447.139 598.55
219.452 855.951
-823.582 -331.349
-722.512 -1128
-531.088 -857.802
348.395 -1026.45
-1975.15 -838.645
1765.64 -1232.25
-1042.45 -1791.73
139.391 197.456
-1490.68 1338.71
-956.444 766.293
1103.14 -894.426
-147.693 100.812
-1926.27 -700.537
5.61833 520.871
1898.01 -1774.93
-623.178 -925.569
-106.279 654.31
-53.5715 1362.63
1796.51 -1705.18
-1663.82 1821.36
-543.822 -1898.18
-1410.89 413.732
-1689.91 728.505
-1388.81 -1180.59
67.2167 -345.256
1585.71 -829.641
760.318 -561.987
1271.17 834.051
737.476 -723.21
-645.078 635.489
-498.14 731.744
1709.92 1395.58
-613.946 -343.651
758.215 -817.439
-48.8282 1094.4
-996.078 1407.35
1196.22 -406.964
-178.918 1506.31
-1678.46 432.27
-1674.27 388.758
-1912.99 1911.43
1559.12 847.332
-650.555 830.288
-318.617 -1913.08
-1892.92 1036.3
722.41 -391.062
-231.951 432.33
-995.48 1154.1
-1911.32 1762.73
-1663.34 39.8507
857.134 -659.414
-552.799 53.3556
933.621 1268.28
-440.331 1255.16
-299.447 -114.605
-356.08 -212.434
-203.173 -796.963
-1365.1 1146.27
-1966.67 316.281
1233.19 -1859.6
-647.414 -44.3976
-250.659 1120.63
-1612.07 753.861
274.738 -1523.39
516.595 611.402
516.462 -626.271
1951.99 1963.66
1427.08 885.609
1231.95 -1013.25
140.771 -1067.5
872.148 1784.69
720.064 -1331.03
-1012.27 1354.96
1815.25 -978.946
-328.756 1048.44
-838.543 1023.83
-995.959 910.798
144.465 -608.026
-335.342 -1580.8
-131.415 -1818.75
1030.6 -1614.95
-445.017 982.592
-1651.29 -1017.93
-131.8 1580.66
-31.1795 -1991.03
-1486.85 -1159.03
1793.66 1233.22
-490.057 -1218.61
588.18 -674.81
-197.556 -1740.58
-1626.37 963.901
1283.25 -622.33
-125.301 -572.28
769.643 1539.36
-153.077 -1361.77
1720.61 -1122.47
-976.724 -724.406
1860.12 -628.014
257.661 -271.68
-1047.36 -1773.52
-262.709 -534.206
-932.55 -469.046
-1300.99 577.393
312.344 1287.19
1902.58 -1885.21
1546.62 -1723.79
1078.69 829.871
-346.12 -1046.61
-1742.41 -1576.48
-1507.25 104.514
-938.248 -1786.64
982.042 85.0275
-511.049 842.161
1457.01 1746.61
-1429.52 -1590.35
1973.09 307.772
-124.552 -959.458
1838.73 574.46
1617.93 151.07
-138.348 1520.52
265.859 -591.732
1796.73 -655.451
-1761.86 -549.392
297.938 -1504.27
-125.868 790.684
600.245 935.884
1004.04 -417.713
-979.089 -1507.01
-1575.55 -1522.08
-1760.4 -1005.07
-1112.42 -1787.3
1302.7 763.027
-746.762 1141.43
-662.514 -1128.83
-707.504 1199.14
-1608.31 1558.35
-1392.59 -1811.58
-1097.1 -1154.45
-360.973 1200.84
-658.723 1513.16
-8.47549 1941.52
449.042 -1004.43
-476.191 1469.95
-511.442 -51.7421
1947.88 -271.839
943.187 -1164.54
-59.1429 245.888
1598.48 1194.09
-612.686 -1064.03
-1934.73 679.809
-1864.89 -1543.04
238.164 -1257.49
-1354.62 1141.07
